YYYY;MM;DD;DOY;2m_temp_max;2m_temp_mean;2m_temp_min;2m_dp_temp_max;2m_dp_temp_mean;2m_dp_temp_min;10m_wind_u;10m_wind_v;fcst_alb;lai_high_veg;lai_low_veg;swe;surf_net_solar_rad_max;surf_net_solar_rad_mean;surf_net_therm_rad_max;surf_net_therm_rad_mean;surf_press;total_et;prec;volsw_123;volsw_4
1981;1;1;1;5;-0.5;-6.4;-1.2;-4.8;-8.4;2.6;-0.8;0.3;1.3;2.6;17.05;149;29;79;43;96019;0.5;0.67;0.41;0.39
1981;1;2;2;1.9;-0.4;-2.2;-3;-5.1;-7.5;3.4;-1.7;0.29;1.3;2.6;16.31;203;41;89;73;96103;0.77;0.54;0.41;0.39
1981;1;3;3;5.5;2.2;-0.4;0.9;-1.4;-4.6;1.5;1.7;0.29;1.3;2.6;16.33;150;29;67;31;94864;0.39;2.62;0.41;0.39
1981;1;4;4;4.5;2.3;-0.4;0.7;-1.8;-3.3;2.7;-1.4;0.27;1.2;2.6;14.78;196;39;90;59;94547;0.56;0.46;0.41;0.39
1981;1;5;5;-0.7;-1.6;-3.5;-3.8;-6.4;-8.9;3.2;-4;0.27;1.2;2.6;14.47;122;26;91;65;94970;0.73;1.49;0.41;0.39
1981;1;6;6;-1.2;-3.2;-5.4;-5.5;-7.4;-9;1.2;-1.4;0.28;1.2;2.6;15.42;191;34;83;51;95626;0.37;1.39;0.4;0.39
1981;1;7;7;-4.8;-6.5;-8.6;-7.3;-10.3;-12.4;1.5;-3.7;0.32;1.2;2.5;17.34;177;38;81;55;96454;0.43;1.9;0.4;0.39
1981;1;8;8;-7.3;-9.1;-11.1;-12;-12.9;-14.2;1.1;-4.3;0.32;1.2;2.5;17.63;191;42;90;78;97816;0.4;0.18;0.4;0.39
1981;1;9;9;-5.6;-10.1;-13.8;-13.5;-16.1;-21.1;1.1;-1.4;0.32;1.2;2.5;17.4;225;49;114;84;97639;0.21;0;0.4;0.39
1981;1;10;10;-3.1;-9.1;-15.4;-11.5;-17.3;-22.6;0.6;1.2;0.32;1.2;2.5;17.17;221;48;109;62;96369;0.24;0;0.4;0.39
1981;1;11;11;-2.9;-6.5;-10.3;-7.2;-11.1;-15.4;0.6;-0.6;0.31;1.2;2.5;16.88;165;36;67;35;96799;0.19;0.25;0.4;0.39
1981;1;12;12;-1.7;-5.8;-9.9;-7;-9.6;-12.8;0.4;1.9;0.31;1.2;2.5;16.9;226;49;103;58;96275;0.27;0.1;0.4;0.39
1981;1;13;13;-1.7;-5.1;-10.7;-4.7;-8.5;-13.7;0.9;-0.9;0.32;1.2;2.5;17.25;85;18;52;31;95432;0.28;1.86;0.39;0.39
1981;1;14;14;-2.3;-5.2;-12;-5.1;-8.9;-14.8;1.3;-2.2;0.34;1.2;2.5;18.22;203;45;99;58;95566;0.36;0.08;0.39;0.39
1981;1;15;15;1.6;-3.1;-7;-2.5;-7.5;-11.3;1.9;1.2;0.34;1.2;2.5;18.48;109;21;82;37;93672;0.55;1.5;0.39;0.39
1981;1;16;16;-0.5;-3.8;-7.8;-6.6;-8;-11.3;2.6;-2;0.34;1.2;2.5;18.65;205;47;93;83;94932;0.46;0.04;0.39;0.39
1981;1;17;17;0.4;-4.5;-12.2;-4.8;-8.8;-15.2;1.5;2.3;0.34;1.2;2.5;18.7;215;45;90;45;95267;0.44;1.23;0.39;0.39
1981;1;18;18;2.4;-2.4;-6.2;-1.3;-4.4;-8.2;0.7;0.1;0.34;1.2;2.5;19.35;180;36;79;36;95660;0.12;1.59;0.39;0.39
1981;1;19;19;1.6;-2.7;-9.6;-2.2;-4.8;-10.9;1.1;1.5;0.34;1.2;2.5;19.42;222;44;98;43;95755;0.26;2.28;0.39;0.39
1981;1;20;20;1.3;-2.4;-5.9;-3.6;-5.2;-8.1;1.3;-1.3;0.36;1.2;2.5;20.9;215;48;98;64;95245;0.2;1.3;0.39;0.39
1981;1;21;21;-0.5;-2.3;-4.1;-4;-5.2;-6.9;1.6;-5.4;0.35;1.2;2.5;20.75;164;37;76;55;96636;0.51;0.6;0.39;0.39
1981;1;22;22;-2.1;-3.6;-5;-5.7;-7.1;-8.2;1;-4.8;0.35;1.1;2.5;20.69;192;43;70;58;97422;0.55;0.16;0.39;0.39
1981;1;23;23;0.2;-4.2;-8;-5.9;-8.3;-12.2;1;-2.8;0.35;1.1;2.5;20.3;238;54;99;73;97675;0.41;0;0.39;0.39
1981;1;24;24;0.7;-3.9;-8.1;-5.2;-8.8;-12.8;0.8;-1.4;0.34;1.1;2.5;19.83;186;37;56;30;97142;0.34;0.08;0.39;0.39
1981;1;25;25;1.2;-2.3;-5.9;-4;-6;-8.9;1.1;0.8;0.33;1.1;2.5;19.34;133;30;45;26;96751;0.28;0.14;0.39;0.39
1981;1;26;26;0.8;-1.9;-5.5;-2.3;-6.2;-10.6;2.3;-3.2;0.34;1.1;2.5;20.14;219;50;100;64;96976;0.72;2.09;0.39;0.39
1981;1;27;27;-3.4;-5.3;-6.6;-9.3;-9.7;-10.1;1.7;-4.4;0.34;1.1;2.5;20.25;246;56;96;79;98070;0.61;0;0.38;0.39
1981;1;28;28;-2.9;-5.8;-7.8;-9.3;-10.6;-12.5;1.2;-3.3;0.33;1.1;2.5;19.75;267;62;108;85;98360;0.46;0;0.38;0.39
1981;1;29;29;0.7;-4.9;-10.2;-7.8;-11.4;-15.1;1.4;-2.6;0.32;1.1;2.5;19.33;272;64;109;76;98086;0.52;0;0.38;0.39
1981;1;30;30;2.6;-3.9;-8;-2.9;-8.6;-12.6;0.9;-1.1;0.31;1.1;2.5;18.22;275;65;111;65;97959;0.2;0;0.38;0.39
1981;1;31;31;5.5;-1;-7.6;-2.3;-7.1;-12.9;1.9;-1.4;0.3;1.1;2.5;16.43;249;52;90;50;97899;0.3;0;0.38;0.39
1981;2;1;32;8.5;1.1;-3.8;0.3;-4;-7.2;2;-0.5;0.27;1.1;2.5;13.63;294;70;112;66;97872;0.12;0;0.38;0.39
1981;2;2;33;9.6;1.6;-3;-0.9;-3.3;-5.8;1.8;-0.1;0.24;1.1;2.5;10.55;308;73;109;64;97808;0.16;0;0.39;0.39
1981;2;3;34;10.3;2.4;-3.7;0.5;-2.4;-6.3;1.3;1.1;0.21;1.1;2.5;8.07;315;72;107;53;96191;0.14;0;0.39;0.39
1981;2;4;35;6.6;2.2;-0.6;1.3;-0.9;-2.1;1;0.9;0.19;1.1;2.5;6.61;143;27;49;19;94295;0.08;1.66;0.39;0.39
1981;2;5;36;3.1;0.6;-1.4;-1.3;-4.2;-6.1;2.2;-3.1;0.19;1.1;2.5;6.43;288;71;104;65;94841;0.65;0.14;0.39;0.39
1981;2;6;37;3;-0.4;-2.5;-4.7;-6;-7.5;1.5;-2.1;0.18;1.1;2.5;6.17;308;74;89;65;96297;0.32;0.33;0.39;0.39
1981;2;7;38;7.8;3.4;-0.3;2.7;0;-5;1.6;0;0.19;1.1;2.5;6.29;245;54;88;22;96768;0.32;1.55;0.39;0.39
1981;2;8;39;10;5.2;0.8;5.1;2.1;-0.1;2;-0.5;0.17;1.1;2.5;4.32;218;48;66;31;96806;0.18;0.05;0.39;0.39
1981;2;9;40;10;4.2;-1;3.6;1;-2;0.5;1.2;0.15;1.1;2.5;2.62;371;90;106;74;96501;0.31;0;0.39;0.39
1981;2;10;41;8.5;2.9;-2.7;3;-0.1;-3.8;1.2;0;0.14;1.1;2.5;1.82;269;61;73;40;96061;0.52;2.32;0.39;0.39
1981;2;11;42;4.2;1.4;-1.2;-4.5;-5.8;-8.1;1.7;-1.5;0.13;1.1;2.5;1.51;331;79;90;58;96578;0.63;0.13;0.39;0.39
1981;2;12;43;0.7;-1.6;-3.5;-5;-7.7;-9.4;1;-2.1;0.14;1.1;2.5;1.71;374;96;103;75;96184;0.34;0.47;0.39;0.39
1981;2;13;44;0.4;-2.1;-3.8;-7.7;-9.4;-10.8;1.8;-3.2;0.14;1.1;2.5;1.94;258;67;84;67;96395;0.15;0.31;0.39;0.39
1981;2;14;45;-1;-3;-4.2;-6.7;-9;-10.8;0.4;-3.8;0.15;1.1;2.5;2.65;354;82;100;71;96611;0.14;0.94;0.39;0.39
1981;2;15;46;0.6;-2.3;-4.5;-8.4;-9.1;-9.9;1.2;-2.2;0.16;1.1;2.5;2.96;264;70;76;60;96574;0.14;0.03;0.39;0.39
1981;2;16;47;1.8;-1.3;-3.7;-4.3;-6.3;-8.7;0.8;-2.1;0.16;1.1;2.5;2.89;329;79;86;63;96824;0.12;0.16;0.39;0.39
1981;2;17;48;0.7;-2.2;-4.5;-4.8;-6.5;-8.4;0.1;-3.2;0.16;1.1;2.5;3.18;226;65;91;64;96797;0.17;0.6;0.39;0.39
1981;2;18;49;-1.7;-3.7;-5.6;-7.4;-8.7;-10.3;0.6;-3.2;0.17;1.1;2.5;3.77;280;63;75;42;96181;0.13;1.14;0.39;0.39
1981;2;19;50;-1.1;-3.3;-5.5;-6.3;-7.8;-9.6;-0.2;-1.5;0.19;1.1;2.5;4.6;298;64;66;37;96001;0.13;1.07;0.38;0.39
1981;2;20;51;-0.5;-2.8;-4.6;-6.4;-7.2;-8.2;-0.5;0.7;0.21;1.1;2.5;5.81;185;45;61;34;96179;0.15;0.67;0.38;0.39
1981;2;21;52;0.7;-2.1;-5.1;-3.1;-5.8;-9;-0.4;2;0.21;1.1;2.5;6.01;208;48;74;35;96522;0.15;0.83;0.38;0.39
1981;2;22;53;0.4;-1.3;-2.3;-1;-2.2;-3;-0.7;0.2;0.29;1.1;2.5;10.27;144;30;28;12;96220;0.08;6.97;0.38;0.39
1981;2;23;54;2.6;0.4;-2.1;1.3;-0.4;-2.4;-0.7;0.6;0.36;1.1;2.5;14.27;94;24;25;6;96129;-0.05;2.77;0.38;0.39
1981;2;24;55;1.8;-0.3;-2.2;-0.8;-1.8;-2.9;-0.6;0.2;0.34;1.1;2.5;13.38;139;34;45;20;96530;0.19;0.79;0.38;0.39
1981;2;25;56;4;-0.2;-3.9;-0.9;-4.1;-7.8;0;-1.1;0.3;1.1;2.5;11.72;255;73;112;52;97138;0.36;0.01;0.38;0.39
1981;2;26;57;1.3;-2.1;-4.3;-6;-7.8;-9.4;-0.2;-1.3;0.27;1.2;2.5;9.97;411;111;125;78;97227;0.42;0;0.39;0.39
1981;2;27;58;-0.1;-3.3;-6.2;-6.1;-8.2;-10.6;-0.9;-0.3;0.26;1.2;2.5;9.42;389;92;110;63;97028;0.33;0.2;0.38;0.39
1981;2;28;59;-0.2;-3.1;-7.3;-5.7;-7.2;-10.4;-1.3;2.8;0.26;1.2;2.5;9.29;276;63;64;40;96888;0.37;0.41;0.38;0.39
1981;3;1;60;2.1;-0.7;-2.9;-2.8;-4.2;-6;-0.4;3.5;0.26;1.2;2.5;9.31;292;67;69;35;96515;0.39;0.89;0.38;0.39
1981;3;2;61;6.1;1;-3.7;0.8;-1.4;-4.9;-0.4;1.7;0.25;1.2;2.5;8.36;388;97;98;45;96023;0.13;0.05;0.38;0.39
1981;3;3;62;3.4;0.8;-1.1;0.5;-0.2;-1.3;-0.5;0.1;0.23;1.2;2.5;7.35;223;45;56;19;95136;0.19;2.37;0.39;0.39
1981;3;4;63;4.6;1.1;-1.4;0.2;-1.3;-2.9;0.8;-3;0.23;1.2;2.5;7.13;255;59;75;34;95144;0.44;0.84;0.39;0.39
1981;3;5;64;5.6;1.1;-2.3;-2.6;-4;-5.9;0.7;-0.4;0.22;1.2;2.5;6.02;295;81;87;63;96089;0.52;0.09;0.39;0.39
1981;3;6;65;9.2;3;-2.9;0.8;-2;-5.4;0.4;1.2;0.19;1.2;2.5;4.62;482;120;118;57;96270;0.55;0.01;0.39;0.39
1981;3;7;66;13.2;6;0.6;3.1;1;-0.6;0.9;1.2;0.16;1.2;2.5;2.86;483;116;106;53;96777;0.78;0.06;0.39;0.39
1981;3;8;67;14.1;7.5;1.9;5;2;-2;0.9;1.4;0.15;1.2;2.5;1.5;424;116;95;55;96504;0.88;2.26;0.39;0.39
1981;3;9;68;15.7;8.7;2.2;7.6;4.6;1.3;1.9;0.4;0.13;1.2;2.5;0.62;434;122;98;55;96594;1.07;0.19;0.39;0.39
1981;3;10;69;12;8.2;3.5;9.1;6.1;1.9;1.5;0.2;0.13;1.3;2.5;0.26;93;23;29;2;96395;0.26;1.57;0.39;0.39
1981;3;11;70;16.3;11.1;8.2;10.3;7.9;5.6;1.7;1.3;0.13;1.3;2.5;0.09;210;49;62;29;95521;0.65;1.85;0.39;0.39
1981;3;12;71;15.5;11.7;6.7;6.2;5.2;4.4;3.1;-1.6;0.13;1.3;2.5;0;463;140;102;68;94771;1.51;0.16;0.39;0.39
1981;3;13;72;10.3;7.5;5.4;5.3;3.9;2;2;-1.9;0.13;1.3;2.6;0;331;81;79;44;94822;1.06;1.21;0.39;0.39
1981;3;14;73;12.6;7.5;2.6;3.4;1.3;0.1;1.5;-0.5;0.13;1.3;2.6;0;470;141;106;76;95347;1.23;0.16;0.39;0.39
1981;3;15;74;10.7;6.3;1.6;4.4;2.1;-0.8;0.2;0.7;0.13;1.3;2.6;0;394;107;80;52;95748;0.92;0.66;0.38;0.39
1981;3;16;75;7;4.5;1.5;6.4;3.5;0.2;0.6;-1;0.13;1.3;2.6;0;176;47;71;30;95603;0.64;6.04;0.38;0.39
1981;3;17;76;10.5;4.8;-1.1;2.1;-0.4;-2.5;0.5;0.3;0.13;1.3;2.6;0;515;151;110;72;95581;1.46;1.24;0.39;0.39
1981;3;18;77;5;2.8;0.4;4.6;1.3;-2.5;0.5;-2;0.13;1.4;2.6;0.09;158;42;59;29;95205;1.22;7.7;0.39;0.39
1981;3;19;78;7.7;3.9;1.3;-2.1;-3.8;-6.3;2.5;-5.8;0.14;1.4;2.6;0.4;548;155;113;77;95296;1.36;0.01;0.39;0.39
1981;3;20;79;12.4;6.2;0.1;1.1;-1.3;-3;1;0;0.13;1.4;2.6;0.26;586;164;126;93;95694;1.43;0;0.39;0.39
1981;3;21;80;14.2;7.1;-0.3;3;0.4;-3.5;0.4;0.8;0.13;1.4;2.6;0.13;596;173;138;91;95942;1.5;0;0.39;0.39
1981;3;22;81;13.7;7.9;1.3;2.9;0.8;-1.4;0.4;2.8;0.13;1.4;2.6;0.04;582;167;119;87;95603;1.6;0;0.39;0.39
1981;3;23;82;14.8;9.4;3.9;7;3.4;-1.1;0.9;0;0.13;1.5;2.6;0;524;148;110;75;95861;1.55;0.53;0.38;0.39
1981;3;24;83;15.5;10.1;5.9;7.5;4.8;2.1;2;0.2;0.13;1.5;2.6;0;541;124;104;53;95654;1.6;3.78;0.38;0.39
1981;3;25;84;16.1;11;6.4;9.9;7.7;4;1.5;0.3;0.13;1.5;2.6;0;426;87;68;32;96194;1.04;1.86;0.38;0.39
1981;3;26;85;20;13.4;7.5;9.9;7.9;5.8;1.8;0.8;0.14;1.5;2.6;0;561;162;103;61;95799;2.12;0.42;0.38;0.39
1981;3;27;86;12.4;9.6;4.9;5.6;0.7;-2.5;2;-2.3;0.14;1.5;2.6;0;558;171;119;87;96283;1.98;0;0.38;0.39
1981;3;28;87;13.4;8.4;3.2;3.5;1.4;-1.6;-0.7;1.1;0.14;1.6;2.6;0;609;179;124;81;96264;1.7;0;0.38;0.39
1981;3;29;88;13.6;9.5;5;5.9;4.3;2.3;-1.3;3.6;0.14;1.6;2.6;0;584;174;105;72;96268;1.6;0;0.38;0.39
1981;3;30;89;14.8;10.7;6.6;9.4;7.6;5.4;-0.6;3.8;0.14;1.6;2.6;0;465;135;81;63;96306;1.31;0.5;0.37;0.39
1981;3;31;90;18.4;12.6;7.6;10.8;9.2;7.2;-0.5;2.9;0.14;1.6;2.6;0;586;172;107;73;96420;1.7;0;0.37;0.39
1981;4;1;91;17.7;12.1;6.6;10.7;8.7;6.1;-0.9;1.5;0.14;1.6;2.6;0;609;190;115;83;96177;1.83;0;0.37;0.39
1981;4;2;92;16;11.5;5.7;9.1;7.4;2.9;-0.6;0;0.14;1.7;2.6;0;484;136;87;51;96228;1.44;0.12;0.37;0.39
1981;4;3;93;9.8;6.5;3.1;0.1;-0.8;-2.9;-1.9;0.6;0.14;1.7;2.6;0;649;204;134;94;96881;1.88;0;0.37;0.39
1981;4;4;94;13.2;7.8;2.6;3.3;1.3;-1.7;0.2;2.6;0.14;1.7;2.6;0;628;191;122;81;96583;1.8;0;0.36;0.39
1981;4;5;95;12.5;8.4;4.6;7.1;5.3;2.4;0;-0.6;0.14;1.7;2.6;0;409;108;81;40;96250;1.45;3.43;0.36;0.39
1981;4;6;96;13.3;8.7;4.7;6.1;5.1;3.8;0.4;-0.7;0.14;1.7;2.6;0;454;98;80;40;96622;1.24;0.44;0.36;0.39
1981;4;7;97;15.9;9.8;2.6;6.3;4.3;1.2;0.4;-0.9;0.14;1.8;2.6;0;596;174;112;75;96888;1.84;0;0.36;0.39
1981;4;8;98;17.5;11.7;3.4;10.1;6.9;2.8;0.4;-0.1;0.14;1.8;2.6;0;624;186;118;70;96860;1.98;0.29;0.36;0.39
1981;4;9;99;16.4;11.8;7.6;11.3;8.9;5.6;0.9;-1.5;0.15;1.8;2.6;0;488;128;79;48;96937;1.87;7.78;0.36;0.39
1981;4;10;100;14.9;10.4;5.9;5.3;3.9;2.2;0;-2.4;0.15;1.8;2.6;0;645;195;119;77;97016;2.38;0;0.36;0.39
1981;4;11;101;13.1;9.4;5.6;4.6;2.5;1;-0.9;-0.9;0.15;1.8;2.6;0;637;210;129;84;96761;2.24;0;0.36;0.39
1981;4;12;102;16.6;11;4.2;5.4;3.3;0.6;0.6;3;0.15;1.9;2.6;0;674;219;126;92;96886;2.48;0;0.36;0.39
1981;4;13;103;20.7;14.2;7.6;9.3;5.7;3.9;0.7;1;0.15;1.9;2.6;0;679;223;143;102;96782;2.82;0;0.35;0.39
1981;4;14;104;15.7;12.1;8;9.1;2.9;-1.7;0.3;-3.2;0.15;1.9;2.6;0;657;204;129;85;96908;2.61;0;0.35;0.39
1981;4;15;105;16.3;10.6;4.7;4.2;-0.3;-1.7;0;-1.4;0.15;1.9;2.6;0;694;235;144;106;96719;2.72;0;0.35;0.39
1981;4;16;106;13.2;7.4;2.5;3.1;-1.3;-6.6;0.2;-3.6;0.15;2;2.6;0;568;189;109;79;96212;1.98;0.19;0.35;0.39
1981;4;17;107;6.3;2.8;-0.3;-3.7;-5.2;-6.3;-0.7;-2.7;0.15;2;2.6;0.06;416;154;93;77;96429;1.62;0.57;0.34;0.39
1981;4;18;108;6.4;2;-1.8;-2.4;-5.2;-6.5;0.5;-4.1;0.16;2;2.6;0.37;640;186;109;82;96164;1.63;0.95;0.34;0.39
1981;4;19;109;6.5;2.7;-0.6;-4.8;-6.1;-7.1;1;-3.3;0.16;2.1;2.7;0.51;545;188;105;80;96043;1.85;0.38;0.34;0.39
1981;4;20;110;8.8;4.4;-2.2;0;-2.9;-5.5;-0.5;-0.1;0.16;2.1;2.7;0.4;560;162;105;61;96564;1.58;0.34;0.34;0.39
1981;4;21;111;10;6;2.4;2.8;0.4;-1.5;0.5;-0.6;0.16;2.1;2.7;0.28;565;174;100;63;96529;1.99;1.5;0.34;0.39
1981;4;22;112;14;7.6;-0.3;0.6;-1.1;-2.9;1;-1.1;0.16;2.2;2.7;0.14;530;178;107;77;96114;2.14;0.07;0.34;0.39
1981;4;23;113;12.1;7.1;1.8;2.4;0.4;-2;-0.4;-1.5;0.16;2.2;2.7;0.04;632;166;109;58;95683;1.98;1.07;0.33;0.39
1981;4;24;114;6.5;4.6;3.1;2.8;1.7;0.5;-0.3;-1.1;0.16;2.2;2.7;0;241;75;40;26;95845;1.21;4.62;0.33;0.39
1981;4;25;115;9.9;6.7;3.4;5.5;3.9;2.5;-0.2;1.2;0.16;2.3;2.7;0.1;258;72;39;20;95748;1.14;3.21;0.34;0.39
1981;4;26;116;16.9;11;4.5;6;4.9;3.4;-0.1;1.6;0.16;2.3;2.7;0.02;517;162;94;62;95384;2.19;0.2;0.34;0.39
1981;4;27;117;14.8;9.7;3.9;10.9;6.6;2.2;-0.2;0.7;0.16;2.3;2.7;0;480;137;114;55;95061;2.36;9.01;0.34;0.39
1981;4;28;118;9.4;5.4;2;4.4;0.6;-2.1;2;-0.7;0.16;2.4;2.7;0;487;161;96;67;95785;2.43;2.92;0.34;0.39
1981;4;29;119;11;6.2;0;1.3;-0.8;-2.2;1.9;-0.5;0.16;2.4;2.7;0;473;164;100;65;96207;2.15;0.69;0.34;0.39
1981;4;30;120;14.2;9.4;4;6;3;0.6;1.9;0;0.16;2.4;2.7;0;424;113;61;32;95640;1.7;0.66;0.34;0.39
1981;5;1;121;13;10;7.4;9.8;7;5.4;1.2;-0.2;0.16;2.5;2.7;0;366;86;54;27;95037;1.67;4.76;0.34;0.39
1981;5;2;122;11;7.9;4.8;5.1;2.3;0;0.5;-2.2;0.16;2.5;2.7;0;360;121;73;44;95388;2.07;0.7;0.34;0.38
1981;5;3;123;8.7;6.3;3.1;1.5;0.6;-0.4;-0.2;0.2;0.16;2.6;2.7;0;367;112;67;42;95481;1.54;0.75;0.34;0.38
1981;5;4;124;6.9;5.1;1.3;5.7;3.3;0.5;-0.1;1.1;0.16;2.6;2.7;0;177;57;61;21;94667;1.15;10.77;0.34;0.38
1981;5;5;125;11.9;7.9;4.7;2.8;1.3;-0.1;3.1;-3.6;0.16;2.6;2.7;0;598;200;109;67;94569;3.05;0.46;0.35;0.38
1981;5;6;126;12.1;8.5;4.9;2.2;-0.1;-1.1;3;-4.2;0.16;2.7;2.7;0;514;187;102;78;95999;2.72;0;0.35;0.38
1981;5;7;127;14.8;10.3;5.6;5.6;4.4;3.1;0.7;-2.6;0.16;2.7;2.7;0;493;177;104;67;96498;2.55;0.11;0.34;0.38
1981;5;8;128;18.9;12.7;4.6;7.7;5.9;2.5;-0.2;1.5;0.16;2.7;2.7;0;706;243;122;85;96066;3.35;0;0.34;0.38
1981;5;9;129;19.8;14.5;7.9;10.8;8.1;5;-0.7;1.3;0.16;2.8;2.7;0;658;202;110;70;95994;2.98;0.04;0.34;0.38
1981;5;10;130;20.4;15.5;9;11.1;8.8;7.2;-1.5;2.7;0.16;2.8;2.7;0;573;195;88;65;95901;3.15;0.17;0.34;0.38
1981;5;11;131;20.6;15.2;9.3;11;8.8;7.1;-1.2;2.2;0.17;2.8;2.8;0;615;197;99;65;95367;3.18;4.87;0.33;0.38
1981;5;12;132;18;13.6;9;11.2;9.9;8.3;-2;0;0.17;2.9;2.8;0;449;164;75;50;95261;2.84;5.05;0.34;0.38
1981;5;13;133;16;12.1;8.3;8.6;7.7;6.7;-0.7;0.9;0.17;2.9;2.8;0;390;130;83;46;95523;2.17;0.41;0.34;0.38
1981;5;14;134;18.3;13.5;6.9;10.2;7.5;5.8;-0.2;0.6;0.17;2.9;2.8;0;517;194;99;68;96000;2.93;0.29;0.33;0.38
1981;5;15;135;18.9;14.5;10.7;11.3;10.1;8.4;-0.8;1.7;0.17;3;2.8;0;631;204;99;65;96401;3.11;3.59;0.33;0.38
1981;5;16;136;17.8;13.7;9.5;12.4;10.9;9.4;-0.3;2.2;0.17;3;2.8;0;499;170;76;52;96184;2.42;0.85;0.33;0.38
1981;5;17;137;20.1;13.7;8;11;9.5;7.2;0.7;1;0.17;3;2.8;0;648;213;107;59;96104;3.72;8.14;0.33;0.38
1981;5;18;138;19.7;14.3;10;8.4;5.8;3.4;0.3;-1.2;0.17;3;2.8;0;650;226;121;72;96801;4.06;0.03;0.33;0.38
1981;5;19;139;21.3;15.7;8;12;9;5.6;0.3;1.4;0.17;3;2.8;0;657;223;110;76;96993;3.48;0.24;0.33;0.38
1981;5;20;140;23.4;17.2;10.6;13.2;11.2;9.5;0;-0.8;0.17;3;2.8;0;677;215;102;65;96871;3.57;1.41;0.33;0.38
1981;5;21;141;21.4;16.5;10.9;12.5;10.5;8.3;-1.3;0.6;0.17;3;2.8;0;492;173;91;53;96827;3.07;0.12;0.33;0.38
1981;5;22;142;20.2;16.9;13.9;12.9;9.9;7.6;-0.3;2.1;0.17;3;2.8;0;462;135;63;35;96570;2.62;0.76;0.32;0.38
1981;5;23;143;15.2;13.2;9;12.5;10.6;8.7;0.8;-1.2;0.17;3;2.8;0;312;86;78;32;96582;1.91;13.36;0.33;0.38
1981;5;24;144;20.2;14.8;8;11;9.5;7.8;0.9;1.5;0.17;3;2.8;0;564;201;90;56;96268;3.36;0.41;0.33;0.38
1981;5;25;145;21.2;16.6;11;11.8;10.4;9;0.8;3.2;0.17;3;2.8;0;493;168;83;56;95995;3.14;0.03;0.33;0.38
1981;5;26;146;22.7;18.5;14;12.5;11.4;10.4;1;4.6;0.17;3;2.8;0;532;190;88;66;95625;3.7;0.12;0.33;0.38
1981;5;27;147;20.8;17.4;11.6;11.8;8.4;5.8;1.3;4.1;0.17;3;2.8;0;660;217;120;78;95642;4.04;0;0.32;0.38
1981;5;28;148;16.1;12.9;9.7;9.6;7.3;5.5;1.1;-1.6;0.17;3;2.8;0;369;118;72;49;96332;2.3;1.54;0.32;0.38
1981;5;29;149;20.6;15;7.7;10;7.4;5.5;1.2;0.2;0.17;3;2.8;0;614;207;104;75;96473;3.33;0.19;0.32;0.38
1981;5;30;150;22.7;17.3;9.6;11.7;10;8;0.6;1.4;0.17;3;2.8;0;594;223;104;76;96571;3.53;0.19;0.32;0.38
1981;5;31;151;25.1;19.4;12.5;13.1;11.4;9.8;0.3;1.8;0.17;3;2.8;0;700;247;112;80;96618;4.07;0.02;0.31;0.38
1981;6;1;152;26.7;21.1;13.8;13.4;11.8;10.6;0.3;2.6;0.17;3;2.8;0;710;253;113;81;96712;4.31;0;0.31;0.38
1981;6;2;153;27.7;22.2;16;15.5;12.9;11;0.5;2.7;0.17;3;2.8;0;705;252;108;79;96483;4.4;0.33;0.3;0.38
1981;6;3;154;28.7;23.2;15.7;16.4;14;13;0.1;2.5;0.17;3;2.8;0;648;237;99;76;96049;4.15;0;0.3;0.37
1981;6;4;155;27.9;20.7;14.6;16.2;12.9;8.1;1.7;-0.6;0.17;3;2.8;0;677;229;104;74;95777;4.48;6.27;0.3;0.37
1981;6;5;156;19.3;15.9;12.6;10.5;8.5;7.6;1.7;-4.1;0.17;3;2.8;0;415;137;59;34;96413;4.23;6.2;0.3;0.37
1981;6;6;157;18.6;15.5;13.7;13.6;11.7;9.3;1.4;-2.9;0.17;3;2.8;0;333;96;62;30;96370;3.01;9.43;0.31;0.37
1981;6;7;158;23.5;18.3;12.6;13.3;12.1;10.5;1.1;-1.7;0.17;3;2.8;0;642;210;91;59;96271;3.7;0.33;0.31;0.37
1981;6;8;159;25;20;12.9;16.2;13.4;11.1;0.3;0.6;0.17;3;2.8;0;592;209;92;60;96300;3.47;0.44;0.3;0.37
1981;6;9;160;26.4;21.4;17.6;17.4;15.8;14.6;0.4;2.4;0.17;3;2.8;0;665;180;89;51;96186;3.34;0.58;0.3;0.37
1981;6;10;161;20.5;18.1;15.2;16.8;14.7;11.3;1.2;-1.9;0.17;3;2.8;0;265;82;70;36;96550;2.34;5.05;0.3;0.37
1981;6;11;162;23.7;18.9;13.8;13;10.6;9.3;0.6;-1.7;0.17;3;2.8;0;686;262;121;90;96924;4.3;0;0.3;0.37
1981;6;12;163;28.1;21.5;12.6;13.9;11.4;9.9;1.2;-1;0.17;3;2.8;0;714;256;121;84;96652;4.41;0;0.3;0.37
1981;6;13;164;20;17.3;13.2;13.3;5.8;1.5;0.7;-4.2;0.17;3;2.8;0;739;258;132;85;97068;4.17;0.01;0.29;0.37
1981;6;14;165;24.6;18.5;10.8;10.4;7.1;4.7;1.4;-1;0.17;3;2.8;0;656;227;110;78;96849;3.82;0;0.29;0.37
1981;6;15;166;25.8;21.7;18.7;16.9;13.9;8.5;1.8;-2.1;0.17;3;2.8;0;596;172;75;49;96359;3.23;1.15;0.29;0.37
1981;6;16;167;27.2;20.9;15.9;17;14.1;10.6;1.2;-1;0.17;3;2.8;0;561;166;88;50;95892;3.24;2.71;0.29;0.37
1981;6;17;168;19.4;15.9;11.9;10.5;7.5;4.4;1.1;-1.8;0.17;3;2.8;0;476;169;91;54;96047;3.33;11.4;0.29;0.37
1981;6;18;169;11.6;10.3;9.6;8.9;7.6;6.8;1.5;-3.5;0.17;3;2.8;0;213;62;32;24;95932;3.63;13.48;0.3;0.37
1981;6;19;170;14.3;11.4;9.1;9.2;6.8;4;2.9;-3.6;0.17;3;2.8;0;580;191;90;56;96095;3.51;3.03;0.31;0.37
1981;6;20;171;15.8;12.2;7.1;8;5.6;3.6;0.8;0.3;0.17;3;2.8;0;494;163;96;61;96621;2.48;0.42;0.3;0.37
1981;6;21;172;18.1;13.4;9.4;11.4;9.1;7.7;0.5;0.1;0.17;3;2.8;0;650;205;108;58;96333;3.5;10.54;0.3;0.37
1981;6;22;173;16.4;13.1;10;9.9;8.8;8;1.5;-3.9;0.17;3;2.8;0;524;187;76;54;96297;3.15;1.97;0.31;0.37
1981;6;23;174;17.9;14.5;10.9;11.4;10.5;9.3;0.2;-3.8;0.17;3;2.8;0;438;145;59;34;96153;3.01;3.88;0.31;0.37
1981;6;24;175;14.4;12.9;11.8;12.7;11.1;9.8;1.3;-2.4;0.16;3;2.8;0;214;65;52;20;95851;1.86;14.71;0.32;0.37
1981;6;25;176;21.2;16.3;9.9;13.3;10.5;8.9;0.5;1.1;0.16;2.9;2.8;0;584;214;97;68;96045;3.53;0.46;0.32;0.37
1981;6;26;177;21.3;15.9;11.6;15.3;13.4;10.9;0;1.4;0.16;2.9;2.8;0;534;143;80;46;95824;2.26;11.05;0.32;0.37
1981;6;27;178;23.2;18.2;11.8;14.8;12.5;10.8;0.7;0.2;0.16;2.9;2.8;0;491;196;87;65;96157;3.58;0.1;0.33;0.37
1981;6;28;179;25.4;19.8;12.4;14.1;12.8;11.3;-0.1;3.6;0.16;2.9;2.8;0;724;266;112;87;96268;4.65;0;0.32;0.37
1981;6;29;180;27.6;21.5;15.6;14.7;11.6;4.6;1.4;1.3;0.16;2.9;2.8;0;692;252;108;77;96014;5.07;0.01;0.32;0.37
1981;6;30;181;18.6;15.6;13;6.6;5.5;3.9;1.9;-2.6;0.16;2.9;2.8;0;521;165;95;55;96401;3.41;0;0.32;0.37
1981;7;1;182;19.7;15.9;10.8;10.5;7.4;4.4;0.9;-0.4;0.16;2.9;2.8;0;467;160;95;69;96421;2.81;0.01;0.31;0.37
1981;7;2;183;24;18.7;11.8;11.8;10.8;9.6;0.4;3.4;0.16;2.9;2.8;0;710;259;110;85;96301;4.29;0;0.31;0.37
1981;7;3;184;29.9;22.3;16.8;15.1;13.5;11.3;1.1;3.1;0.16;2.9;2.8;0;710;229;106;74;95595;4.36;0.1;0.31;0.36
1981;7;4;185;20;16.8;14.2;14.8;8.8;6.3;3.1;-4;0.16;2.9;2.7;0;512;133;88;51;96365;3.26;1.56;0.3;0.36
1981;7;5;186;20.3;16.6;12.1;9.6;8.3;7.2;0.3;-2.1;0.16;2.9;2.7;0;529;192;88;73;96942;3.14;0.03;0.3;0.36
1981;7;6;187;21.5;17.2;10.6;10.3;8.9;7.9;0.4;-1.9;0.16;2.8;2.7;0;506;183;89;66;96879;2.98;0.01;0.3;0.36
1981;7;7;188;23.4;18.7;13.6;11.9;9.8;7.9;0.2;-2.5;0.16;2.8;2.7;0;629;211;95;70;96836;3.52;0.3;0.3;0.36
1981;7;8;189;24.4;19.5;13.8;12.5;11.7;10.5;-0.1;-2.2;0.16;2.8;2.7;0;637;220;96;67;96613;3.46;0.32;0.29;0.36
1981;7;9;190;25;20.1;15.1;13.3;11;7.6;-0.3;-1.8;0.16;2.8;2.7;0;618;222;104;72;96303;3.61;0.02;0.29;0.36
1981;7;10;191;26.9;21;14.5;14.6;12.6;10.3;0.2;-1.9;0.16;2.8;2.7;0;654;226;101;63;96142;3.61;0.27;0.29;0.36
1981;7;11;192;26.4;21.7;16.7;17.7;15.3;13.5;0.1;-0.3;0.16;2.8;2.7;0;560;192;88;57;96195;3.14;1.2;0.28;0.36
1981;7;12;193;26.1;21.7;16.5;17.2;15.8;14.2;0.5;-0.3;0.16;2.8;2.7;0;615;186;92;55;96293;3.24;3.41;0.28;0.36
1981;7;13;194;25.5;20.8;17.2;15.8;14.7;13.8;0.6;-1.8;0.16;2.8;2.7;0;617;184;88;51;96402;3.59;5.52;0.28;0.36
1981;7;14;195;20.4;18.1;16.5;15.5;13.7;10.8;1.4;-2.3;0.16;2.8;2.7;0;356;105;62;32;96484;2.69;4.18;0.29;0.36
1981;7;15;196;22.8;18.3;15;12;11.3;10.6;1.9;-2.2;0.16;2.8;2.7;0;592;190;84;67;96548;3.1;0.35;0.29;0.36
1981;7;16;197;20.9;17.6;13.6;14.2;12.1;10.7;0.7;0;0.16;2.8;2.7;0;374;130;82;56;96526;1.98;0.16;0.28;0.36
1981;7;17;198;25.9;21;14.6;15.8;14.5;13.5;0.7;2.4;0.16;2.8;2.7;0;643;207;97;64;96055;3.31;0.63;0.28;0.36
1981;7;18;199;26.5;21.2;15.9;15.9;13.9;10.8;0.6;2;0.16;2.8;2.7;0;681;211;95;63;95516;3.46;0.18;0.28;0.36
1981;7;19;200;15.5;13.7;10.9;12.6;9.5;5.6;2.4;-2.3;0.16;2.7;2.7;0;227;71;67;37;95172;2.38;13.38;0.29;0.36
1981;7;20;201;12.9;11.7;10.7;7.9;6.9;5.7;3.6;-3.1;0.16;2.7;2.7;0;327;92;49;33;95692;2.23;2.87;0.29;0.36
1981;7;21;202;18.8;14.7;11.1;11.6;10.2;7.5;2.2;-1.5;0.16;2.7;2.7;0;520;145;79;46;96014;2.87;3.15;0.29;0.36
1981;7;22;203;24.4;18.5;11.8;15.3;12.3;9.5;0.8;1.6;0.16;2.7;2.7;0;613;211;100;65;96093;3.43;0.26;0.29;0.36
1981;7;23;204;26.7;21;14.2;14.2;12;10.1;0.9;4.1;0.16;2.7;2.7;0;711;251;119;88;95929;4.13;0;0.29;0.36
1981;7;24;205;25.9;21.2;14.9;14.6;12.6;10.2;0.3;1.5;0.16;2.7;2.7;0;618;207;98;74;96124;3.47;0.6;0.28;0.36
1981;7;25;206;18.4;14.5;11.9;13;8.9;7.4;2;-2.5;0.16;2.7;2.7;0;439;99;91;46;96312;3.11;15.2;0.29;0.36
1981;7;26;207;17.6;14.5;10.4;7.8;7.1;6.3;1.7;-2.6;0.16;2.7;2.7;0;440;164;78;66;96766;2.69;0.23;0.29;0.36
1981;7;27;208;18.1;14.1;11.1;10.5;8.1;6.4;2.4;-2.4;0.16;2.7;2.7;0;492;152;79;58;96455;2.55;1.47;0.29;0.36
1981;7;28;209;17.4;14.3;11.4;10.2;9.3;8.7;2.6;-4.4;0.16;2.7;2.7;0;526;167;83;56;96258;2.87;0.98;0.29;0.36
1981;7;29;210;19.8;16.3;12.2;12.5;10.1;8.5;2.4;-2.9;0.16;2.7;2.7;0;470;168;72;59;96406;2.58;0.14;0.29;0.36
1981;7;30;211;23.6;18.9;14;13.9;12.8;11.7;1.2;-0.7;0.16;2.7;2.7;0;555;174;82;54;96562;2.91;0.94;0.29;0.36
1981;7;31;212;24.6;19.4;14.5;14.7;13.8;12.6;-0.4;-0.8;0.16;2.7;2.7;0;525;187;90;57;96510;2.78;0.01;0.29;0.36
1981;8;1;213;29.4;22.6;14.6;21.3;17.1;13.3;0.1;1.2;0.16;2.7;2.7;0;670;220;101;62;96272;3.33;0.38;0.28;0.36
1981;8;2;214;30.8;25.1;18.1;18.5;17.5;15.4;0.4;1.7;0.16;2.7;2.7;0;658;232;98;70;96679;3.81;0;0.28;0.36
1981;8;3;215;29.1;24.8;20.1;19;17.4;15.7;0.6;-1.9;0.16;2.7;2.7;0;629;198;87;63;97167;3.32;0.06;0.28;0.35
1981;8;4;216;26.1;21.9;18.7;17.3;14.9;12.5;0.2;-2.7;0.16;2.6;2.7;0;514;163;78;58;97418;2.76;0.14;0.27;0.35
1981;8;5;217;24.9;20.6;16.9;16;14.5;13.7;-0.4;-0.6;0.16;2.6;2.7;0;459;140;79;50;96997;2.26;0.1;0.27;0.35
1981;8;6;218;27;22;16.6;14.8;12.9;11.8;-1.2;0.8;0.16;2.6;2.7;0;666;232;116;79;96549;3.27;0;0.27;0.35
1981;8;7;219;27.7;22.9;18.3;15.7;14.4;12.8;-0.6;1.5;0.16;2.6;2.7;0;562;191;101;60;96443;2.87;0.06;0.27;0.35
1981;8;8;220;29;23.1;17;17.3;14.7;13.7;0.3;1.2;0.16;2.6;2.7;0;648;216;111;70;96315;3.14;0.22;0.26;0.35
1981;8;9;221;28.9;22.6;16.9;17.4;16.1;14.7;0.6;0;0.16;2.6;2.7;0;625;199;101;63;96007;3.14;2.66;0.26;0.35
1981;8;10;222;24.5;20.8;18.1;16.1;14.4;13.1;1.5;-1.4;0.16;2.6;2.7;0;555;158;93;51;96068;2.76;0.84;0.26;0.35
1981;8;11;223;24.8;20.5;16.3;12.9;11.5;10.2;0.8;-2.1;0.16;2.6;2.7;0;619;181;95;63;96101;2.71;0.05;0.26;0.35
1981;8;12;224;22.5;19.3;16.1;14.6;12.2;10.6;0.4;-3.4;0.16;2.6;2.7;0;506;157;82;64;96260;2.3;0.74;0.26;0.35
1981;8;13;225;23.8;19.4;14.5;12;9.6;7.1;0;-3.1;0.16;2.6;2.7;0;611;198;103;79;96481;2.6;0;0.26;0.35
1981;8;14;226;24.4;20.1;15.2;12.9;11.1;8.8;0;-1.5;0.16;2.6;2.7;0;537;178;103;69;96608;2.37;0.1;0.26;0.35
1981;8;15;227;25.9;21;15;14.9;12.1;10.3;0.4;-0.6;0.16;2.6;2.7;0;484;156;89;59;96575;2.09;0.01;0.25;0.35
1981;8;16;228;28.4;22.8;15.8;14.2;12.8;11.5;1.3;1.9;0.16;2.6;2.7;0;655;214;115;78;96136;2.7;0.39;0.25;0.35
1981;8;17;229;19.4;16.6;13.6;16.4;10.8;5;0.8;-3.2;0.15;2.6;2.7;0;285;67;81;43;96458;2.39;12.77;0.26;0.35
1981;8;18;230;19.3;15.2;11.2;7.8;6.1;5.4;0.2;-1.7;0.15;2.6;2.7;0;553;194;123;85;96951;2.51;0;0.26;0.35
1981;8;19;231;23.4;17.2;10;10.3;8.4;6.3;0.8;2;0.15;2.6;2.7;0;653;219;123;86;96445;2.78;0;0.26;0.35
1981;8;20;232;24.5;19.7;13.8;13.1;11.2;10.3;0.7;1.8;0.15;2.6;2.7;0;611;202;114;76;95631;2.77;0.16;0.26;0.35
1981;8;21;233;18;14.9;12.3;12.5;10.2;7;1.3;-1.8;0.15;2.6;2.7;0;153;35;83;38;95744;1.47;13.44;0.26;0.35
1981;8;22;234;19.1;15;10.9;9.3;6.8;5.2;1.4;-1.3;0.15;2.6;2.7;0;558;166;102;76;96338;2.35;0.05;0.27;0.35
1981;8;23;235;17.3;13.6;11.3;12.5;8.6;5.8;1.4;-0.5;0.15;2.5;2.7;0;480;92;93;50;96252;1.86;4.44;0.27;0.35
1981;8;24;236;16.1;13.2;10.6;9.3;7.9;5.8;2.9;-3.2;0.15;2.5;2.7;0;475;157;87;72;96590;1.99;0.53;0.27;0.35
1981;8;25;237;17.2;13.7;10.7;8.6;6;3.4;1.8;-3.7;0.15;2.5;2.7;0;559;162;95;72;97080;2.19;0;0.27;0.35
1981;8;26;238;18.1;15.1;11.6;9.1;8.3;6.9;2.2;-2.3;0.15;2.5;2.7;0;417;125;76;54;97021;1.79;0.19;0.26;0.35
1981;8;27;239;16.5;14.7;13.1;11.5;10.2;7.9;2.4;-2.2;0.15;2.5;2.7;0;238;73;61;45;96595;1.64;2.3;0.26;0.35
1981;8;28;240;16.6;13;9.7;9.8;6.7;3;1.6;-2.3;0.15;2.5;2.7;0;566;134;99;52;96271;2.7;7.86;0.27;0.35
1981;8;29;241;16.7;12.9;8.5;10.1;8.4;6.6;1.5;-0.1;0.15;2.5;2.7;0;335;83;76;47;96146;1.19;0.28;0.27;0.35
1981;8;30;242;17.6;14.2;10.6;11.1;9.5;8.2;0.2;-0.7;0.15;2.5;2.7;0;398;127;80;51;96355;1.69;0.61;0.27;0.35
1981;8;31;243;20.8;15.8;11.3;13.9;11.3;8.4;0.2;1.4;0.15;2.5;2.7;0;366;108;76;39;96363;1.49;0.17;0.27;0.35
1981;9;1;244;19.3;14.6;11.3;14.1;12.7;10.8;0.2;-1.9;0.15;2.5;2.7;0;485;116;77;38;96337;1.85;6.38;0.27;0.35
1981;9;2;245;18.5;14.1;10.5;11.5;8.6;6.6;0.2;-2.3;0.15;2.5;2.7;0;586;181;112;74;96845;2.47;0;0.27;0.35
1981;9;3;246;17.6;13.8;8.6;9.6;8.3;6.6;-0.2;-1.5;0.15;2.5;2.7;0;550;156;102;63;97109;1.93;0.39;0.27;0.35
1981;9;4;247;18.4;14.3;10.2;9.8;8.1;7.1;-0.4;-2.1;0.15;2.5;2.7;0;499;153;90;68;97268;1.94;0;0.27;0.35
1981;9;5;248;18.6;13.9;9.1;8.9;7.6;6.7;0.1;-2;0.15;2.5;2.7;0;574;176;113;78;97135;2.09;0;0.27;0.35
1981;9;6;249;20.1;14.7;9.4;11.4;8.8;6.8;0.1;-0.8;0.15;2.5;2.7;0;582;181;118;78;97158;2.11;0;0.27;0.35
1981;9;7;250;21.5;15.4;8.7;10.7;9.4;7.3;0.2;1.2;0.15;2.5;2.7;0;586;186;121;85;97129;2.17;0;0.26;0.34
1981;9;8;251;22.7;17.1;11.7;11.9;11.1;10;0.6;2.5;0.15;2.5;2.7;0;594;186;116;85;96987;2.23;0;0.26;0.34
1981;9;9;252;21;16.7;12.3;15.9;13.4;10.7;0.6;0.3;0.15;2.5;2.7;0;383;117;81;51;96829;1.59;7.27;0.26;0.34
1981;9;10;253;18.2;15.2;11.6;14.5;13.7;11.5;0.4;0.4;0.15;2.5;2.7;0;305;65;68;36;96504;1.14;6.65;0.27;0.34
1981;9;11;254;19;15.3;11.4;12.6;12;11.3;0.5;-0.8;0.15;2.5;2.7;0;349;99;66;32;96226;1.47;0.49;0.27;0.34
1981;9;12;255;19.7;16.3;12.8;12.7;11.4;10.6;0.4;-1.8;0.15;2.5;2.7;0;371;113;72;50;96435;1.63;0.29;0.27;0.34
1981;9;13;256;22.5;16.9;11;14.1;12.7;10.1;0;0.8;0.15;2.5;2.7;0;557;154;102;54;96461;2.09;11.22;0.27;0.34
1981;9;14;257;16.1;13.1;10.7;11.3;8.6;6.3;1.8;-2.8;0.15;2.5;2.7;0;438;91;94;45;96504;2.58;9.71;0.29;0.34
1981;9;15;258;14.9;12;9.7;7.5;6.8;6.2;2.5;-2.8;0.15;2.5;2.7;0;485;135;93;66;96549;2.01;0.89;0.29;0.34
1981;9;16;259;15.3;12.5;9.8;11.4;9.1;6.6;0.7;-1.3;0.15;2.4;2.7;0;328;59;62;35;96474;0.84;2.4;0.29;0.34
1981;9;17;260;13.7;11.8;10;11.3;9;7.4;-0.1;-1;0.15;2.4;2.7;0;286;68;68;22;96565;1.34;8.06;0.29;0.34
1981;9;18;261;16.2;13.1;9.9;11.6;10.2;8.2;-0.5;1.5;0.14;2.4;2.7;0;237;66;50;30;96362;0.85;0.13;0.29;0.34
1981;9;19;262;20.2;14.9;9.3;15.5;12.8;9;0.2;0.6;0.14;2.4;2.7;0;506;129;93;48;96122;1.59;5.72;0.29;0.34
1981;9;20;263;22.1;16.4;11.3;14.9;13.4;11.2;0.5;1.4;0.14;2.3;2.7;0;411;109;83;48;96134;1.62;0;0.3;0.34
1981;9;21;264;25.5;18.9;14;15.8;14.4;12.9;1.1;2.3;0.14;2.3;2.7;0;542;154;100;71;96132;2.21;0;0.3;0.34
1981;9;22;265;25.7;19.8;14.2;16.3;14.9;12.9;1.1;2.5;0.14;2.3;2.7;0;542;155;98;70;96288;2.29;0;0.29;0.34
1981;9;23;266;24.8;18.8;14.5;15.6;13.5;11.5;1.9;-0.2;0.14;2.3;2.7;0;496;126;93;57;96148;2.72;3.16;0.29;0.34
1981;9;24;267;18;15.4;13.5;13.2;11.2;10.1;-0.3;-0.3;0.14;2.2;2.7;0;393;115;92;43;96304;2.03;3.02;0.29;0.34
1981;9;25;268;20.3;15.5;10.7;14.4;12.9;10.4;0;1.4;0.14;2.2;2.7;0;424;100;90;40;95623;1.84;7.29;0.3;0.34
1981;9;26;269;21.4;15.4;8.6;13;11;8.2;0.4;3.4;0.14;2.2;2.7;0;471;127;92;67;95947;1.96;0;0.3;0.34
1981;9;27;270;22.2;17.4;13.4;13.2;12;10.8;0.5;3.9;0.14;2.1;2.7;0;507;144;100;76;95826;2.04;0;0.3;0.34
1981;9;28;271;21.5;17.1;13.1;16;13.9;11.3;-0.8;1.4;0.14;2.1;2.6;0;413;108;88;47;95550;1.64;10.28;0.3;0.34
1981;9;29;272;15.8;13.6;11.1;14.4;9.4;6.3;1.8;-2.4;0.14;2.1;2.6;0;335;75;64;35;95758;1.72;6.33;0.31;0.34
1981;9;30;273;12.9;11.5;10.6;9.6;8.5;6.4;3.1;-3.6;0.14;2.1;2.6;0;238;37;46;24;96242;1.56;5.52;0.31;0.34
1981;10;1;274;15.2;12.1;9.7;12.4;10.1;8.1;0.6;0.3;0.14;2;2.6;0;233;47;73;41;96059;0.88;2.9;0.32;0.34
1981;10;2;275;16.8;12.9;9.3;10.6;9.7;8.7;0.3;3.2;0.14;2;2.6;0;299;87;72;47;95178;1.26;0.39;0.31;0.34
1981;10;3;276;16.9;13.8;11.4;11.5;10.4;8.6;0.3;1.3;0.14;2;2.6;0;338;76;75;41;94938;1.33;2.52;0.32;0.34
1981;10;4;277;17.5;13.9;10.7;10.6;9.2;7.7;0.6;0.4;0.14;2;2.6;0;404;94;79;56;95594;1.25;0;0.32;0.34
1981;10;5;278;18.8;13.9;8.6;13.1;10.6;8.1;0.6;0.7;0.14;1.9;2.6;0;445;106;91;61;96155;1.19;0;0.31;0.34
1981;10;6;279;21.8;15.4;9.1;14.1;11.8;8.6;0.9;1.9;0.14;1.9;2.6;0;483;133;105;73;96260;1.52;0;0.31;0.34
1981;10;7;280;18.3;14.4;10.1;13.4;10.5;8.9;1.4;-0.6;0.14;1.9;2.6;0;174;46;63;40;96630;0.68;0.87;0.31;0.34
1981;10;8;281;16.6;12.2;7.7;10.2;8.8;6.4;0.6;0.5;0.14;1.9;2.6;0;378;99;93;69;97171;1.2;0.01;0.31;0.34
1981;10;9;282;18.5;13.2;7.9;10.9;9;7.3;0.8;2.1;0.14;1.8;2.6;0;470;128;113;83;96649;1.37;0;0.31;0.34
1981;10;10;283;15.3;12.1;9.6;10.7;8.6;6.7;0.5;0.6;0.14;1.8;2.6;0;162;35;73;35;96086;0.69;3.51;0.31;0.34
1981;10;11;284;18.6;11.4;7.5;11.4;5.5;-2.5;2.5;-0.4;0.14;1.8;2.6;0;406;77;105;49;95049;2.25;7.05;0.31;0.34
1981;10;12;285;11.2;7.6;3.3;2.1;0.3;-2.4;1.2;1.9;0.14;1.8;2.6;0;379;86;100;69;95353;1.11;0.54;0.32;0.34
1981;10;13;286;9.1;7.4;5.1;3.7;1.2;-1.9;2.5;-1.7;0.14;1.7;2.6;0;423;109;97;72;95392;1.42;0.69;0.32;0.34
1981;10;14;287;11.3;7.3;3.7;1.9;-0.3;-1.9;1.3;-0.4;0.14;1.7;2.6;0;379;100;109;72;96137;1.09;0.08;0.32;0.34
1981;10;15;288;12.1;8.9;5.5;7.9;5.5;1.1;0.5;0.8;0.14;1.7;2.6;0;273;50;59;27;95501;0.72;1.68;0.32;0.34
1981;10;16;289;11.6;9.3;5.7;7.8;4.2;1.9;0.9;-1.7;0.14;1.7;2.6;0;380;100;89;60;96532;1.14;2.26;0.32;0.34
1981;10;17;290;13.5;9.1;5.5;7.9;6;2.7;0.1;2.2;0.13;1.7;2.6;0;298;72;88;44;97035;0.96;1.41;0.32;0.34
1981;10;18;291;18.4;12;7.1;12.4;9.4;6.2;0.5;1;0.13;1.6;2.6;0;425;107;107;70;96552;0.88;0;0.32;0.34
1981;10;19;292;15.7;12.2;8.8;9.6;8.3;7.3;1.6;-1.3;0.13;1.6;2.6;0;397;96;89;53;96541;1.28;0.79;0.32;0.34
1981;10;20;293;16.1;12.5;9;10.3;9.4;7.7;0.8;3;0.13;1.6;2.6;0;384;84;92;54;96037;0.83;0;0.32;0.34
1981;10;21;294;17.1;12.7;7.9;11.3;9.5;7.3;0.8;3;0.13;1.6;2.6;0;317;78;83;58;95452;0.81;0.12;0.32;0.34
1981;10;22;295;11.5;7.5;4.2;9.4;5.7;0.4;1;-2.2;0.13;1.6;2.6;0;121;22;68;16;95354;1.46;24.11;0.33;0.34
1981;10;23;296;8.9;5.2;1.2;1.4;0.6;-0.7;0.4;-1.1;0.13;1.6;2.6;0;300;64;84;57;96135;0.74;0.18;0.34;0.34
1981;10;24;297;6.6;3.8;1.2;-0.3;-1.1;-2.3;1.4;-3.6;0.13;1.6;2.6;0;240;62;81;59;96336;0.65;0;0.34;0.34
1981;10;25;298;8.1;4.3;-0.8;0;-0.8;-2.3;0.6;1.9;0.13;1.6;2.6;0;396;87;112;74;96316;0.78;0;0.33;0.34
1981;10;26;299;10.6;6.8;3.2;4.5;2.5;-0.3;-0.4;3.4;0.13;1.6;2.6;0;320;80;81;60;96008;0.7;0.04;0.33;0.34
1981;10;27;300;7.1;6;4.4;6.6;4.8;3.3;-0.5;-0.6;0.13;1.6;2.6;0;88;21;50;19;95706;0.52;9.11;0.34;0.34
1981;10;28;301;9.4;5.1;1.9;3.2;0.8;-0.9;1.8;-0.3;0.13;1.5;2.6;0;340;84;100;67;96452;0.94;0.73;0.34;0.34
1981;10;29;302;11.4;5.9;1.2;4.1;1.8;-1.6;1.1;2.3;0.13;1.5;2.6;0;385;97;108;78;96886;0.76;0;0.34;0.34
1981;10;30;303;12.8;7.1;2.4;4.7;3.1;0.7;1.3;1.3;0.13;1.5;2.6;0;363;77;100;53;96251;0.69;0;0.34;0.34
1981;10;31;304;14.4;9.2;4.5;7.3;5.4;3.1;1.4;0.9;0.12;1.5;2.6;0;299;44;70;36;96266;0.45;0.02;0.34;0.34
1981;11;1;305;14.1;11.2;8.5;9.7;8.3;6.2;1.5;-0.5;0.12;1.5;2.6;0;176;32;58;23;97016;0.35;0.64;0.34;0.34
1981;11;2;306;18.5;13.4;9.3;10.8;8.7;7.5;2.2;-0.2;0.12;1.5;2.6;0;280;58;92;52;96834;0.74;0;0.34;0.34
1981;11;3;307;12.4;10.5;9.1;8.6;7;5.6;0.4;-1.2;0.12;1.5;2.6;0;93;19;42;15;97280;0.59;1.19;0.34;0.34
1981;11;4;308;13.6;9.3;6;8.2;6.7;5.4;0.2;1.2;0.12;1.5;2.6;0;277;61;76;46;97213;0.61;0.2;0.34;0.34
1981;11;5;309;12.6;8.5;4.8;8.4;6.2;2.7;1.3;-0.8;0.12;1.5;2.6;0;167;36;67;37;96770;0.4;0.24;0.34;0.34
1981;11;6;310;7.3;4.8;2;1.4;-0.8;-2.3;2.9;-2.8;0.12;1.4;2.6;0;333;71;97;79;96749;0.81;0.84;0.34;0.34
1981;11;7;311;2.7;0.7;-1.7;-0.3;-2.9;-6.5;1.6;-2.7;0.13;1.4;2.6;0.81;292;62;96;65;96802;1.03;3.83;0.34;0.34
1981;11;8;312;1.9;-0.6;-2.2;-5.1;-6.4;-7.4;2.2;-3.5;0.14;1.4;2.6;1.23;316;73;87;75;96939;0.62;0.11;0.34;0.34
1981;11;9;313;1.5;-0.6;-2.2;-4.1;-5;-5.5;1.6;-3.7;0.14;1.4;2.6;1.47;204;55;80;61;96780;0.44;0.56;0.34;0.34
1981;11;10;314;-0.1;-2.1;-3.5;-5.5;-7;-8;2.1;-4.8;0.15;1.4;2.6;1.81;254;61;84;72;97167;0.44;0.24;0.34;0.34
1981;11;11;315;4;-0.1;-3;-5;-7.1;-8.4;1.7;-1.4;0.15;1.4;2.6;1.87;345;78;110;71;96849;0.56;0.42;0.34;0.34
1981;11;12;316;5.9;2.8;-0.1;-0.2;-1.4;-4.6;1.6;-0.8;0.16;1.4;2.6;2.84;198;40;57;29;96401;0.33;1.16;0.34;0.34
1981;11;13;317;7.8;4.6;2.5;2.4;1.4;-0.2;1.8;-0.7;0.15;1.4;2.6;2.19;170;37;65;35;96742;0.27;1.11;0.34;0.34
1981;11;14;318;4.5;2.1;-0.1;1.4;-1.5;-3.7;2.5;-2.5;0.14;1.4;2.6;1.78;240;50;92;62;96436;0.78;0.97;0.34;0.34
1981;11;15;319;2.2;0.1;-1.3;-3.6;-4.2;-5.8;1.3;-5.1;0.14;1.3;2.6;1.93;265;59;84;65;96813;0.52;0.53;0.34;0.34
1981;11;16;320;2.1;0.5;-0.7;-2.7;-3.2;-3.8;1.8;-5;0.16;1.3;2.6;2.65;195;48;63;46;96977;0.46;0.84;0.34;0.34
1981;11;17;321;3.2;-0.4;-3;-1.9;-3.6;-4.5;0.5;-1.3;0.15;1.4;2.6;2.73;283;63;103;68;97202;0.35;0;0.34;0.34
1981;11;18;322;3.3;-0.2;-3.4;-0.2;-2.3;-5.5;0.9;1;0.15;1.4;2.6;2.56;106;19;60;27;97040;0.12;0.29;0.34;0.34
1981;11;19;323;6.6;3.2;-0.3;4.7;1.8;-1.5;1.5;0.9;0.15;1.4;2.6;2.14;68;15;56;20;96961;0.05;0.36;0.34;0.34
1981;11;20;324;11.6;5.9;2.1;7.8;4;1.5;1.3;1.3;0.13;1.4;2.6;1.28;226;50;80;47;97448;0.31;0.01;0.34;0.34
1981;11;21;325;14.7;7.7;3.3;7.5;4.1;1.1;1.6;0.8;0.12;1.4;2.6;0.66;270;60;95;52;97185;0.38;0;0.34;0.34
1981;11;22;326;13.9;9;3.4;7;4.9;2.8;1.9;-0.3;0.12;1.4;2.6;0.29;230;45;92;44;97145;0.34;0.01;0.34;0.34
1981;11;23;327;13.1;6;1.9;8;4.3;1.3;1;0.5;0.12;1.4;2.6;0.17;267;62;100;61;96820;0.24;0;0.34;0.34
1981;11;24;328;11.6;6.4;2.9;6.8;3.4;-1;1.1;-0.2;0.11;1.4;2.6;0.1;205;37;81;41;96291;0.28;0.37;0.34;0.34
1981;11;25;329;6.1;3.3;-0.1;-1.2;-4.7;-8.1;2.6;-1.4;0.11;1.4;2.6;0.04;283;52;115;67;96596;0.75;0.33;0.34;0.34
1981;11;26;330;3.6;1.2;-0.4;-1.2;-5.2;-7.4;2.7;-1.5;0.12;1.4;2.6;0.3;259;54;93;63;96918;0.6;3.16;0.34;0.34
1981;11;27;331;3.5;1.4;0.4;1.1;-0.8;-2.2;0.5;1.8;0.18;1.4;2.6;3.97;75;18;71;28;96531;0.45;2.96;0.34;0.34
1981;11;28;332;4.7;1.7;-0.2;2.5;0.1;-1.9;0.6;-0.3;0.2;1.4;2.6;5.23;128;24;41;24;95311;0.47;8.78;0.35;0.34
1981;11;29;333;1.7;0.8;-0.2;-0.4;-2.5;-4.8;2.5;-3.9;0.21;1.4;2.6;5.76;113;24;44;34;95086;0.81;1.18;0.35;0.34
1981;11;30;334;3.8;1.3;-0.6;-1.3;-2.8;-3.9;1.8;-0.3;0.21;1.4;2.6;6.26;235;45;93;45;95350;0.62;2.65;0.35;0.34
1981;12;1;335;3.2;1.5;-0.6;1.5;-1.3;-5.1;1.6;0.1;0.22;1.4;2.6;7.1;87;16;77;35;95099;0.76;5.77;0.35;0.34
1981;12;2;336;1.2;-0.3;-1.2;-3.8;-4.9;-6;2.3;-4;0.22;1.4;2.6;6.88;224;45;91;74;96373;0.61;0.27;0.35;0.34
1981;12;3;337;0.3;-1;-2.2;-3.5;-4.2;-5.2;1.4;-4.3;0.23;1.4;2.6;7.89;142;29;75;41;97057;0.5;1.84;0.35;0.34
1981;12;4;338;0.6;-1.6;-5.1;-2.3;-5.4;-8.6;1.1;1.6;0.26;1.4;2.6;9.41;97;15;72;24;95847;0.32;3.29;0.35;0.34
1981;12;5;339;1.9;-0.6;-4.5;-0.8;-4.3;-7.1;2.2;-1.3;0.29;1.4;2.6;11.49;200;42;85;55;95315;0.63;1.04;0.35;0.34
1981;12;6;340;2.6;-1.3;-5.8;-2.6;-5.3;-9.8;1.1;1.9;0.29;1.4;2.6;11.49;183;39;88;50;95243;0.41;0.21;0.35;0.34
1981;12;7;341;2.5;-0.8;-2.7;-1;-3;-4.3;1;1.2;0.27;1.4;2.6;10.68;105;24;75;47;94339;0.03;0.11;0.35;0.34
1981;12;8;342;5.1;1.8;-2.1;-0.3;-1.9;-4.5;1.7;2.7;0.26;1.4;2.6;9.73;187;38;85;53;93791;0.51;0.56;0.35;0.34
1981;12;9;343;4.4;2.4;-1;-0.3;-1.8;-2.9;1.3;0.2;0.23;1.4;2.6;8.14;163;30;69;41;94136;0.46;1.46;0.35;0.34
1981;12;10;344;4.3;0.1;-2.4;-0.4;-3.3;-6.1;1.3;0.9;0.24;1.4;2.6;8.65;178;31;99;48;95140;0.55;2.18;0.35;0.34
1981;12;11;345;0.9;-0.3;-2;-0.5;-2.1;-4.7;0.3;3.4;0.25;1.4;2.6;9.54;114;23;44;21;94951;0.31;0.68;0.35;0.34
1981;12;12;346;4.3;0.7;-2.3;2.6;-1.8;-6.3;1.7;-1.5;0.25;1.4;2.6;9.17;78;13;61;32;94115;0.5;3.66;0.36;0.34
1981;12;13;347;-2.5;-4.4;-9.9;-6.3;-10;-15.3;1;-3;0.24;1.4;2.6;9.04;149;31;99;60;95275;0.55;0.62;0.36;0.34
1981;12;14;348;-0.9;-4.1;-11.5;-5.5;-10.3;-17.1;0.9;3;0.25;1.4;2.6;9.14;136;28;69;41;94238;0.4;0.62;0.36;0.34
1981;12;15;349;2.2;-2;-5.3;-2.4;-5;-7.5;1.3;1.1;0.25;1.4;2.6;9.25;104;22;60;41;94231;0.19;0.87;0.36;0.34
1981;12;16;350;0.6;-1.8;-4.2;-0.8;-4;-6.8;0.6;-0.9;0.27;1.4;2.6;10.16;56;12;69;30;93881;0.25;1.85;0.36;0.34
1981;12;17;351;-3.5;-5.6;-8.3;-7.1;-9.7;-11.6;0.1;-2;0.28;1.4;2.6;11.1;206;43;96;64;95460;0.32;1.16;0.36;0.34
1981;12;18;352;-2.3;-3.6;-7.2;-3.2;-6.6;-10.6;-1.1;3.2;0.32;1.4;2.6;12.84;78;16;43;18;95149;0.25;6.69;0.36;0.34
1981;12;19;353;0;-3.4;-7.1;-1.8;-6.4;-11.8;2.4;-3.6;0.39;1.4;2.6;22;77;12;42;14;94599;0.59;7.85;0.36;0.34
1981;12;20;354;-7.2;-10.7;-19.6;-12.3;-14.9;-22.3;2.4;-2.9;0.4;1.3;2.6;24.22;176;37;98;77;96091;0.35;0;0.36;0.34
1981;12;21;355;-6.8;-12.9;-20.6;-10.7;-16.2;-23.2;0.7;2.2;0.39;1.3;2.6;24.04;174;35;79;51;95362;0.15;0;0.36;0.34
1981;12;22;356;-2;-4.9;-7.9;-6.1;-7.6;-10.4;-0.4;2;0.39;1.3;2.6;23.91;109;23;57;35;94767;0.13;0.32;0.36;0.34
1981;12;23;357;-2.2;-4.4;-10.1;-3.2;-5.7;-11.4;0.3;-0.6;0.4;1.3;2.6;27.18;32;8;48;16;94526;0.06;6.62;0.36;0.34
1981;12;24;358;-1.3;-5.9;-12.2;-2;-7;-13.3;0.6;1.7;0.4;1.3;2.6;30.76;147;29;83;30;94263;0.09;2.79;0.36;0.34
1981;12;25;359;1.1;-0.3;-1.5;-1.4;-2.8;-3.6;1.9;-3.1;0.4;1.3;2.6;36.55;68;13;49;21;94870;0.42;5.17;0.36;0.34
1981;12;26;360;-0.8;-2;-5.2;-3.7;-4.9;-7.3;2.1;-3.8;0.39;1.3;2.6;38.25;112;23;72;42;95862;0.44;0.64;0.36;0.34
1981;12;27;361;-3.2;-7.3;-11.9;-6.9;-9.5;-13.9;0.6;1.6;0.39;1.3;2.6;38.3;180;38;99;62;95924;-0.03;0;0.36;0.34
1981;12;28;362;-0.8;-4.4;-7.2;-3.2;-6.4;-8.8;0.4;2.8;0.39;1.3;2.6;38.26;177;36;92;59;95401;-0.02;0;0.36;0.34
1981;12;29;363;4.8;2.6;-1.7;3.1;1.5;-2.6;0.8;4.9;0.38;1.3;2.6;35.43;93;18;62;26;94494;-0.37;0.29;0.36;0.34
1981;12;30;364;4.5;1.6;-0.6;2.2;0.3;-1.9;0.8;1.7;0.37;1.3;2.6;28.65;180;37;95;54;94874;-0.12;0.01;0.36;0.34
1981;12;31;365;7.9;4.6;1.9;4;2.7;1.1;1.9;2.6;0.33;1.3;2.6;19.48;166;30;71;43;94739;-0.38;0;0.38;0.34
1982;1;1;1;6.1;3.2;1.5;3.2;2.2;0.8;0.4;-0.5;0.28;1.3;2.6;13.91;90;17;31;5;95246;-0.03;10.08;0.38;0.34
1982;1;2;2;4.3;2.7;-1.1;2.3;0.5;-3.2;2.2;-3.4;0.24;1.3;2.6;9.93;93;20;72;31;96209;0.45;4.95;0.4;0.34
1982;1;3;3;6.8;2;-2.1;1.4;-1.3;-4.7;1.2;1.2;0.21;1.3;2.6;8.15;154;27;70;31;96584;0.14;0;0.4;0.34
1982;1;4;4;8.9;3.2;-0.3;5.2;1.4;-1.4;1.1;0.7;0.19;1.2;2.6;6.78;189;37;65;40;95956;0.02;0;0.4;0.34
1982;1;5;5;9.9;3.6;0.3;3.6;1;-0.8;1.7;0.7;0.17;1.2;2.6;5.38;216;43;94;47;95783;0.19;0.16;0.4;0.34
1982;1;6;6;8.9;3.6;-3.3;3.3;-0.3;-10.3;1.3;-0.2;0.16;1.2;2.6;4.06;245;51;93;57;94861;0.66;2.6;0.4;0.34
1982;1;7;7;-4.4;-6.1;-8.1;-13.4;-17.6;-19.1;3;-4.9;0.15;1.2;2.5;3.46;267;56;109;101;96299;0.4;0.03;0.4;0.34
1982;1;8;8;-6.3;-7.9;-9.5;-15.7;-18;-18.8;0.4;-1.9;0.15;1.2;2.5;3.37;269;56;109;79;97005;0.11;0.48;0.4;0.34
1982;1;9;9;-6;-7.3;-8.3;-9;-12.5;-15.2;-0.7;2.6;0.19;1.2;2.5;5.4;118;19;29;18;96129;0.16;4.43;0.39;0.34
1982;1;10;10;-8.3;-10.5;-14.4;-10.1;-13.2;-16.6;-0.4;-0.9;0.31;1.2;2.5;10.62;102;17;52;24;96103;0.14;3.89;0.39;0.35
1982;1;11;11;-3.3;-7.3;-12;-7.3;-10.2;-14.3;-0.2;2.1;0.32;1.2;2.5;11.74;180;35;61;31;95382;0.21;0.24;0.39;0.35
1982;1;12;12;-3.7;-6.3;-9.2;-7.3;-8.6;-11.8;0.8;-2.7;0.32;1.2;2.5;12.46;159;30;87;44;96260;0.14;1.23;0.39;0.35
1982;1;13;13;-6.2;-11;-16.7;-11.1;-13.9;-17.6;0.4;-0.5;0.33;1.2;2.5;12.66;223;49;109;70;97966;0.18;0;0.39;0.35
1982;1;14;14;-4.2;-10.9;-17.4;-10.5;-14;-18.8;0;2.9;0.32;1.2;2.5;12.45;215;45;107;67;98122;0.24;0;0.39;0.35
1982;1;15;15;-3.4;-8.8;-11.4;-8.3;-12;-14.7;-0.2;2.2;0.32;1.2;2.5;12.27;203;45;98;69;97730;0.19;0;0.39;0.35
1982;1;16;16;-2.4;-8.9;-12.1;-6.7;-11.2;-13.9;-0.4;1.7;0.32;1.2;2.5;12.15;196;41;93;45;97542;0.17;0.01;0.39;0.35
1982;1;17;17;-1.8;-8.5;-12.6;-6.5;-11.2;-14.7;-0.3;1.7;0.31;1.2;2.5;11.99;226;47;94;54;97483;0.22;0;0.39;0.35
1982;1;18;18;-2.4;-7.5;-11.9;-6.3;-9.7;-12.9;-0.2;0.6;0.31;1.2;2.5;11.82;220;45;92;46;97571;0.16;0;0.38;0.35
1982;1;19;19;-3.7;-7.4;-9.2;-7.3;-9.6;-11.1;-0.4;0.5;0.3;1.2;2.5;11.5;224;48;86;48;97543;0.16;0;0.38;0.35
1982;1;20;20;-4.1;-8.3;-11.4;-8.1;-10.6;-13.1;-0.5;1.3;0.29;1.2;2.5;11.27;211;42;73;37;97456;0.16;0.01;0.38;0.35
1982;1;21;21;-2.9;-8.2;-11.9;-8;-11.1;-13.6;0.2;1.4;0.29;1.2;2.5;11.17;227;47;87;49;97330;0.18;0;0.38;0.35
1982;1;22;22;-1.1;-6.2;-12.8;-5.6;-9.5;-15.4;0.5;0.6;0.28;1.1;2.5;10.89;190;40;73;34;97020;0.14;0.08;0.38;0.35
1982;1;23;23;-0.2;-2.3;-3.6;-3.4;-4.6;-5.6;-0.2;0.3;0.28;1.1;2.5;10.73;129;27;63;16;96794;0.12;0.14;0.38;0.35
1982;1;24;24;-0.3;-2.6;-4.2;-3;-4.2;-5.3;-0.6;-0.5;0.28;1.1;2.5;10.67;166;30;41;20;96856;0.11;0.65;0.38;0.35
1982;1;25;25;-1.4;-3.9;-7.2;-4.8;-5.9;-8.3;-0.2;-0.7;0.29;1.1;2.5;11;141;32;86;31;96927;0.14;0.18;0.38;0.35
1982;1;26;26;-0.4;-4.9;-9;-6;-7.9;-10.3;0.6;2.6;0.28;1.1;2.5;10.85;235;54;105;57;96032;0.28;0.05;0.38;0.35
1982;1;27;27;1.3;-2;-4.7;-2.3;-4.6;-7.8;-0.3;0.4;0.29;1.1;2.5;11.35;193;36;53;18;95373;0.18;2.9;0.38;0.35
1982;1;28;28;2.7;-1.6;-5.3;-1;-3.5;-6.6;0.8;-1.3;0.31;1.1;2.5;12.08;241;51;84;44;96499;0.11;0.09;0.38;0.35
1982;1;29;29;3.5;-0.8;-4.2;-0.8;-3.2;-5.1;1.8;-0.1;0.3;1.1;2.5;11.68;170;31;80;42;95996;0.15;1.62;0.38;0.35
1982;1;30;30;6.1;1.9;-4;2.6;-0.4;-5.7;3.1;-0.8;0.32;1.1;2.5;13.06;49;11;59;16;95597;0.15;12.71;0.38;0.35
1982;1;31;31;5.7;2.8;-1.4;2.3;-1.9;-7.5;4.3;-4.3;0.24;1.1;2.5;7.98;161;40;95;56;95871;1.43;5.13;0.4;0.35
1982;2;1;32;-0.2;-2.1;-4.6;-7;-8.1;-9;2.1;-5.4;0.22;1.1;2.5;7.08;277;64;90;78;97088;0.42;0.16;0.4;0.35
1982;2;2;33;-1.9;-3.9;-5.9;-7.8;-8.7;-9.8;0.5;-3.4;0.22;1.1;2.5;6.99;209;46;86;55;97548;0.2;0.3;0.4;0.35
1982;2;3;34;-0.5;-3.9;-6.5;-7.3;-8.4;-10;-0.2;-0.5;0.22;1.1;2.5;6.99;295;68;93;64;97660;0.13;0;0.39;0.36
1982;2;4;35;-0.8;-3.9;-6.2;-6.6;-7.4;-8.6;-0.5;1.8;0.22;1.1;2.5;6.81;247;56;71;53;98025;0.14;0;0.39;0.36
1982;2;5;36;1.9;-3.1;-6;-5.5;-7.1;-8.5;0.2;2.1;0.21;1.1;2.5;6.62;338;77;110;73;98037;0.18;0;0.39;0.36
1982;2;6;37;4.9;-1.7;-6.3;-4.3;-6.7;-9.5;0.7;0.9;0.2;1.1;2.5;5.9;349;85;121;68;97295;0.11;0;0.39;0.36
1982;2;7;38;7.5;2.2;-2.2;4;-0.1;-5.6;0.8;0.6;0.18;1.1;2.5;4.64;243;56;68;24;96993;-0.01;0.37;0.39;0.36
1982;2;8;39;7.7;2.1;-2.5;2.7;-0.2;-4;1.1;0.6;0.16;1.1;2.5;3.37;224;56;75;36;96494;0.17;0.75;0.39;0.36
1982;2;9;40;4.6;1.9;-1.7;0.8;-2.5;-4.6;1.8;-3.4;0.15;1.1;2.5;2.51;337;81;93;71;97148;0.52;0.08;0.39;0.36
1982;2;10;41;5.8;0.8;-3.1;-1.2;-3;-5.5;0.1;1;0.14;1.1;2.5;2.09;380;94;114;77;97786;0.14;0;0.39;0.36
1982;2;11;42;3.6;0.6;-1.5;-1.1;-2;-3.3;0.3;3.6;0.14;1.1;2.5;1.78;296;74;91;63;97587;0.19;0;0.39;0.36
1982;2;12;43;5.3;0.2;-3.1;0.1;-2.5;-4.5;-0.1;0.6;0.14;1.1;2.5;1.5;358;90;101;71;97276;0.11;0;0.39;0.36
1982;2;13;44;3.7;-0.3;-3.1;-0.6;-2.3;-3.8;-0.7;1.6;0.13;1.1;2.5;1.22;336;82;79;47;96917;0.07;0.12;0.39;0.36
1982;2;14;45;1;-1.6;-2.9;-3.8;-4.6;-5.2;-0.6;2.9;0.13;1.1;2.5;1.3;261;66;55;36;96641;0.07;0.08;0.39;0.36
1982;2;15;46;1.5;-1.3;-3.2;-2.9;-4.3;-5.4;-0.7;2.5;0.13;1.1;2.5;1.29;301;69;66;39;96506;0.08;0;0.39;0.36
1982;2;16;47;5;0.3;-1.9;0;-2.2;-3.7;-0.3;2.6;0.13;1.1;2.5;1.13;382;91;106;57;96690;0.05;0;0.39;0.36
1982;2;17;48;5;1.2;-1.9;1.3;-0.4;-2.5;-0.6;2.7;0.13;1.1;2.5;0.92;246;60;67;36;96871;0.19;0;0.39;0.36
1982;2;18;49;3.3;0.2;-1.3;-1;-2;-2.9;-0.8;1;0.13;1.1;2.5;1.14;361;76;83;40;96871;0.37;2.68;0.38;0.36
1982;2;19;50;0.4;-1.9;-4.8;-2.3;-5.3;-9.8;-0.1;-2.2;0.17;1.1;2.5;3.22;191;44;74;30;97075;0.28;0.42;0.38;0.36
1982;2;20;51;-2;-4.1;-5.4;-10.1;-11.1;-12.4;-0.2;-3;0.17;1.1;2.5;3.27;369;92;95;64;97236;0.19;0.16;0.38;0.36
1982;2;21;52;-2.3;-4.6;-6.6;-9.8;-10.9;-12.3;-0.4;-1.5;0.17;1.1;2.5;3.22;363;87;99;70;97217;0.12;0;0.38;0.36
1982;2;22;53;-3.6;-5.2;-6.7;-5.9;-8.7;-10.8;-1.4;-0.7;0.21;1.1;2.5;5.69;197;49;65;32;96375;0.07;8.21;0.38;0.36
1982;2;23;54;-3.1;-6.4;-9.3;-6.3;-9;-10.8;-0.1;2.7;0.32;1.1;2.5;11.19;368;95;108;64;95838;0.23;0.03;0.38;0.36
1982;2;24;55;-0.5;-5.7;-14.5;-4.8;-8.8;-17.1;0.1;0.9;0.3;1.1;2.5;10.75;375;99;110;67;95665;0.28;0.03;0.38;0.36
1982;2;25;56;0.7;-2.2;-5.3;-1.1;-3.7;-7;0.3;-1.1;0.32;1.1;2.5;11.58;145;34;32;16;95237;0.13;3.52;0.38;0.36
1982;2;26;57;-0.2;-1.4;-3.1;-2.6;-3.6;-4.8;1.8;-3.6;0.37;1.2;2.5;15.5;179;43;61;32;95404;0.35;2.98;0.38;0.36
1982;2;27;58;1;-3;-8.9;-3.7;-6;-10.6;1.2;-2.2;0.38;1.2;2.5;16.19;332;81;91;63;96072;0.41;0;0.38;0.36
1982;2;28;59;4.7;-2.5;-13;-1.3;-6.5;-14.8;1.3;1.1;0.35;1.2;2.5;14.17;254;76;77;41;96349;0.36;0.42;0.38;0.36
1982;3;1;60;10.8;4.4;-0.4;4.2;1.3;-1.2;0.9;1;0.28;1.2;2.5;9.98;292;73;86;31;96072;0.06;0.17;0.38;0.36
1982;3;2;61;6.5;3.3;0.7;3.9;0.9;-2.5;2.1;-0.7;0.22;1.2;2.5;6.42;170;39;66;31;95689;0.54;2.81;0.39;0.36
1982;3;3;62;9.2;4.5;0.1;-1;-2.3;-3.8;1.7;1.1;0.18;1.2;2.5;4.33;461;128;118;83;96522;0.8;0;0.39;0.36
1982;3;4;63;11.6;6;0.5;3.3;-0.8;-4.4;0.8;0.5;0.16;1.2;2.5;2.7;459;124;115;61;96038;0.88;0.15;0.39;0.36
1982;3;5;64;6.3;4.1;1.8;0.7;-1.9;-6.1;1;-3.9;0.15;1.2;2.5;1.54;360;79;63;39;96876;0.85;0.32;0.39;0.36
1982;3;6;65;2.8;0.7;-1.4;-4.2;-5.9;-7.2;0;-4.7;0.14;1.2;2.5;1.35;310;81;74;47;97527;0.72;0.24;0.39;0.37
1982;3;7;66;5.3;1.3;-1.4;-0.6;-3.2;-6.8;-1.3;-1.1;0.15;1.2;2.5;1.87;349;74;60;24;97429;0.51;0.91;0.39;0.37
1982;3;8;67;5.8;2.3;-0.9;-0.9;-2.3;-4.9;-1;1.8;0.15;1.2;2.5;1.73;441;105;94;43;97142;0.67;0.05;0.39;0.37
1982;3;9;68;7.4;2.8;-1.2;-0.9;-1.8;-3;0;2.8;0.14;1.2;2.5;1.26;527;145;120;79;96642;0.88;0;0.39;0.37
1982;3;10;69;10.2;3.9;-2.7;1.3;-1.5;-4;0.9;2.7;0.14;1.3;2.5;0.82;527;148;117;82;95971;0.98;0;0.38;0.37
1982;3;11;70;7.2;4;1.3;3.4;-1.8;-5.9;2.8;-0.5;0.13;1.3;2.5;0.55;265;62;72;45;95013;1.14;2.92;0.38;0.37
1982;3;12;71;7.1;3.1;-0.2;-4.1;-5.6;-7.5;1.3;-1.2;0.13;1.3;2.5;0.42;502;132;102;76;96094;1.16;0.05;0.38;0.37
1982;3;13;72;5.3;3.1;0.8;-1;-3.2;-6.5;1.2;-1.4;0.13;1.3;2.6;0.5;247;70;69;45;95936;0.72;0.69;0.38;0.37
1982;3;14;73;5.6;2.3;0;-1.5;-3.7;-5.6;1.6;-3.7;0.13;1.3;2.6;0.47;538;143;111;83;96734;1.05;0.41;0.38;0.37
1982;3;15;74;7.2;2.3;-2.2;-3.1;-4.4;-6;-0.1;-0.2;0.13;1.3;2.6;0.36;517;148;121;88;97051;0.96;0;0.38;0.37
1982;3;16;75;7.9;3.2;-1.2;-2.3;-3.5;-5.6;0.1;3.4;0.13;1.3;2.6;0.26;580;170;124;91;96378;1.06;0;0.38;0.37
1982;3;17;76;10.4;4.5;-0.3;-0.2;-1.4;-2.7;0.3;3.2;0.13;1.3;2.6;0.18;571;163;116;82;95777;1.17;0;0.38;0.37
1982;3;18;77;6.3;4;1.8;4.2;2.5;-0.4;-0.1;0.3;0.13;1.4;2.6;0.19;224;56;34;19;95504;0.88;11.76;0.38;0.37
1982;3;19;78;6.2;3.1;-0.8;3.1;0.1;-2.2;1.3;-0.7;0.15;1.4;2.6;1.22;275;77;101;36;95407;1.05;9.03;0.39;0.37
1982;3;20;79;7.9;3;-2.4;0.2;-1.9;-4;-0.2;1.9;0.15;1.4;2.6;1.05;543;142;115;72;95792;1.02;0;0.39;0.37
1982;3;21;80;5.7;2.7;-0.7;0.7;-0.1;-1.4;-0.7;-0.1;0.14;1.4;2.6;0.71;363;115;75;45;96537;0.81;0.47;0.39;0.37
1982;3;22;81;4.3;1.7;-1.5;0;-2;-4.7;-1.2;-0.4;0.15;1.4;2.6;1.04;512;137;93;52;96925;1.3;3.07;0.39;0.37
1982;3;23;82;6.6;1.6;-3.4;-0.7;-3.5;-4.9;-0.5;-1.9;0.15;1.5;2.6;1.26;501;134;86;67;97208;1.31;0.57;0.39;0.37
1982;3;24;83;7.4;2.2;-2.4;-1.1;-3;-5;0.4;-1.8;0.15;1.5;2.6;0.91;586;164;117;77;97793;1.04;0;0.39;0.37
1982;3;25;84;8.7;3.1;-2;0.3;-2.8;-5.5;0.9;-1.6;0.14;1.5;2.6;0.62;486;153;110;75;97730;1.11;0;0.39;0.37
1982;3;26;85;13.2;6.1;-1.1;5.2;0.1;-3.9;1;-1.2;0.14;1.5;2.6;0.35;587;178;117;78;97324;1.44;0;0.39;0.37
1982;3;27;86;14.8;7.9;-0.7;6.1;2.7;-2.3;0.2;0.6;0.14;1.5;2.6;0.14;608;187;132;87;96821;1.56;0;0.38;0.37
1982;3;28;87;17.7;10.4;4.5;4.5;2.5;1.4;1.4;2.2;0.14;1.6;2.6;0.03;615;185;130;88;95803;2.07;0.05;0.38;0.37
1982;3;29;88;14.8;9.5;4.2;7.6;5.1;1.3;0.8;0.2;0.14;1.6;2.6;0;594;162;112;70;95486;1.9;4.76;0.38;0.37
1982;3;30;89;10.7;7;1.4;7.4;5.2;0.9;0;-0.7;0.14;1.6;2.6;0;330;96;68;41;94992;1.08;3.92;0.38;0.37
1982;3;31;90;9.3;7.3;5.5;6.3;4.6;1.7;0.4;-3;0.14;1.6;2.6;0;187;59;67;20;95634;1.2;2.65;0.38;0.37
1982;4;1;91;11.7;7.5;5;5.4;3.7;2;-0.5;1;0.14;1.6;2.6;0;517;106;107;40;96637;0.97;0;0.38;0.37
1982;4;2;92;12.6;8.4;3.2;6.6;4.8;2.3;-0.3;2.2;0.14;1.7;2.6;0;420;130;79;50;96432;1.38;0.73;0.38;0.37
1982;4;3;93;14.6;9.7;3.9;6.2;4.4;2.2;1.8;-1.7;0.14;1.7;2.6;0;542;162;100;71;96334;1.82;0.51;0.38;0.37
1982;4;4;94;12.1;8.2;3.4;3.8;2.1;0.3;1;-2.6;0.14;1.7;2.6;0;478;148;95;75;96631;1.57;0.04;0.38;0.37
1982;4;5;95;14.2;8.3;0.7;4.4;2.3;-1.3;-0.1;1.3;0.14;1.7;2.6;0;647;205;133;93;96850;2.03;0;0.38;0.37
1982;4;6;96;18.7;11.9;5.9;8.6;5.4;1.8;0.6;2.2;0.14;1.7;2.6;0;645;197;125;86;96493;2.24;0;0.37;0.37
1982;4;7;97;15.9;11.5;6.9;8.1;6.1;4.5;1.5;-1;0.14;1.8;2.6;0;468;129;68;49;96419;1.84;0.79;0.37;0.37
1982;4;8;98;18.4;12.1;5.8;9;6.7;4.8;1.2;0.8;0.14;1.8;2.6;0;621;177;108;60;95494;2.49;2.4;0.37;0.37
1982;4;9;99;9.1;5.1;2.2;5.2;-5;-9.6;2.7;-2.7;0.15;1.8;2.6;0;663;201;122;81;95935;2.56;0.83;0.37;0.37
1982;4;10;100;9.5;5.1;1.3;-1.3;-2.6;-4.5;1.3;0.2;0.15;1.8;2.6;0.06;484;155;110;70;95837;1.67;0.42;0.37;0.37
1982;4;11;101;10.6;5.6;0.2;0.9;-0.8;-2.9;1.4;0;0.15;1.8;2.6;0.03;540;167;100;64;95703;1.79;1.11;0.37;0.37
1982;4;12;102;8.7;4.9;1.9;1.5;-2.6;-5.2;1.5;-1.9;0.15;1.9;2.6;0.1;578;179;97;57;95654;1.95;2.27;0.37;0.37
1982;4;13;103;6.6;3.8;1;0.5;-0.7;-1.8;0.2;0.1;0.17;1.9;2.6;1.74;399;116;60;38;95899;1.65;3.41;0.37;0.37
1982;4;14;104;6.7;3.6;0.8;-1.8;-4.5;-7.5;-0.2;-4.2;0.17;1.9;2.6;1.63;330;103;63;42;96306;1.53;0.7;0.37;0.37
1982;4;15;105;8.1;4.2;0.9;-2;-4.3;-7.3;0.2;-2.4;0.17;1.9;2.6;1.26;618;179;100;64;96566;1.83;0;0.36;0.37
1982;4;16;106;11.3;5.8;-1.2;1.7;-0.6;-4;0;-1;0.16;2;2.6;0.73;665;200;120;80;96268;1.88;0;0.36;0.37
1982;4;17;107;11.6;6.6;-0.1;2.9;0.6;-1.7;1.1;-2.3;0.15;2;2.6;0.34;636;177;116;69;95879;1.89;0.16;0.36;0.37
1982;4;18;108;9.7;5.5;2.2;1.3;0.2;-1.6;1.6;-2.9;0.15;2;2.6;0.16;577;186;97;80;95986;1.97;0.91;0.36;0.37
1982;4;19;109;7.7;3.7;0.7;3.4;0.7;-1.9;1.1;-2.7;0.15;2.1;2.7;0.13;586;185;101;75;96263;2.01;2.8;0.36;0.37
1982;4;20;110;8.2;3.9;-1.5;2.4;-1.9;-5.1;1;-2.3;0.15;2.1;2.7;0.09;540;177;102;79;96287;2.05;1.85;0.36;0.37
1982;4;21;111;8.5;4.1;-1.4;-2.2;-4.4;-6.3;0.6;-2.9;0.15;2.1;2.7;0.04;500;159;106;74;96249;1.86;0.01;0.36;0.37
1982;4;22;112;7;3.8;0;2.5;-1.4;-4.5;0.1;-3.4;0.16;2.2;2.7;0.37;574;198;99;65;96309;2.16;2.5;0.36;0.37
1982;4;23;113;8.3;3.9;0;1.8;-1.8;-4.4;0.1;-2.7;0.17;2.2;2.7;1.24;644;196;112;69;96386;2.25;3.28;0.36;0.37
1982;4;24;114;10.6;5.5;-2.2;0.1;-3;-4.9;0.2;-0.6;0.16;2.2;2.7;0.82;633;208;121;83;96407;2.26;0.25;0.36;0.37
1982;4;25;115;11.4;7.5;2.4;2.2;-0.4;-2.7;1.2;-3.4;0.16;2.3;2.7;0.37;634;210;105;80;96850;2.37;0.19;0.35;0.37
1982;4;26;116;12;8.4;5.1;2.4;0.7;-1;2.8;-3.1;0.16;2.3;2.7;0.13;464;142;90;58;96426;2.11;0.49;0.35;0.37
1982;4;27;117;7.3;4.9;2.6;1.8;-1.8;-4.6;1.4;-5.3;0.16;2.3;2.7;0.18;662;173;103;59;96203;2.77;3.58;0.35;0.37
1982;4;28;118;9.8;6.3;2.4;2;-3;-4.7;1.5;-5.1;0.16;2.4;2.7;0.18;534;168;96;70;96130;2.27;0.5;0.35;0.37
1982;4;29;119;11.8;7.3;2.4;5;3.3;1.2;0.7;-2.3;0.16;2.4;2.7;0.18;634;196;99;65;95829;2.52;2.92;0.35;0.37
1982;4;30;120;9.5;5.6;1.4;2;-2.6;-6.5;2;-4;0.16;2.4;2.7;0.09;695;212;112;75;95890;2.49;0.32;0.35;0.37
1982;5;1;121;6.1;4.3;0.9;3.6;-0.4;-6.1;1.7;0.2;0.16;2.5;2.7;0.18;239;85;91;43;96268;1.62;6.75;0.35;0.37
1982;5;2;122;11.8;7;1.7;3.9;-0.2;-3.6;1.8;-1.3;0.16;2.5;2.7;0.2;640;205;104;69;96509;2.78;0.36;0.35;0.37
1982;5;3;123;17.1;10.5;3.3;4.3;2.2;0;1;3;0.16;2.6;2.7;0.09;709;241;123;84;96371;3.26;0.01;0.35;0.37
1982;5;4;124;19.3;12.9;4.1;6.4;4.4;1.8;0.9;3.4;0.16;2.6;2.7;0.01;714;248;128;99;96118;3.55;0;0.35;0.37
1982;5;5;125;18.8;13.8;8.7;6.6;5.3;3;1.7;4.7;0.16;2.6;2.7;0;700;224;111;85;95903;3.39;0.02;0.34;0.37
1982;5;6;126;18.2;13.6;7.5;9;8;6.2;0.2;1.9;0.16;2.7;2.7;0;422;137;79;56;96150;2.17;0.46;0.34;0.37
1982;5;7;127;13.3;11.4;8.4;7.9;3.2;-0.1;1.5;-1.2;0.16;2.7;2.7;0;502;164;84;56;96541;2.52;0.08;0.34;0.37
1982;5;8;128;9.5;8.2;5.8;7.5;4.1;0.9;0.1;0.4;0.16;2.7;2.7;0;168;57;66;27;96815;1;3.15;0.34;0.37
1982;5;9;129;16.5;12.1;7.7;10.3;8.6;6.6;0.8;3.1;0.16;2.8;2.7;0;477;144;60;37;96184;2.31;0.64;0.34;0.37
1982;5;10;130;14.6;11.8;8.4;12.3;10.2;8;0;0.3;0.16;2.8;2.7;0;185;58;43;19;96433;1.04;10.99;0.34;0.37
1982;5;11;131;15.2;10.4;6;10.6;5.1;1.6;2.2;-1.7;0.17;2.8;2.8;0;481;104;117;45;96607;2.8;9.45;0.35;0.37
1982;5;12;132;15.1;10.3;4;5.7;4.4;1.9;-0.2;-1.7;0.17;2.9;2.8;0;629;201;105;74;97492;2.71;0.01;0.35;0.37
1982;5;13;133;15;10.9;5.3;5.9;4.2;2.9;0.4;-2.2;0.17;2.9;2.8;0;588;179;103;68;97396;2.68;0;0.35;0.37
1982;5;14;134;17.5;12.6;7.4;7.1;5.4;3;0.3;-2.8;0.17;2.9;2.8;0;671;207;106;73;97068;3.18;0;0.35;0.37
1982;5;15;135;17.9;13;6.8;8.6;4.4;3.2;0.1;-1.4;0.17;3;2.8;0;714;252;126;92;96835;3.7;0;0.34;0.37
1982;5;16;136;20.7;14.6;6.2;10.4;7.9;4;0.4;1.5;0.17;3;2.8;0;701;239;119;81;96555;3.57;0.05;0.34;0.37
1982;5;17;137;22.7;16.8;9.6;11.4;10;7.8;0.4;2.2;0.17;3;2.8;0;677;236;110;76;96457;3.87;0.43;0.34;0.37
1982;5;18;138;23.1;17.4;11.5;12.2;10.7;9.4;0.9;1.6;0.17;3;2.8;0;614;211;98;71;96383;3.61;0.73;0.33;0.37
1982;5;19;139;22.4;17.1;10.9;14.5;11.8;9.9;1.4;-1.3;0.17;3;2.8;0;634;196;89;61;96558;3.31;2.92;0.33;0.37
1982;5;20;140;21.3;17;13.1;14.2;12.4;10.4;0.8;-1.3;0.17;3;2.8;0;581;190;90;62;96794;3.23;3.68;0.33;0.36
1982;5;21;141;20;16.2;10.9;13.8;12;9.4;0.9;-1.3;0.17;3;2.8;0;487;158;75;55;96772;2.78;4.99;0.33;0.36
1982;5;22;142;22.5;16.7;10.2;14.7;11.8;9.2;1.1;0.4;0.17;3;2.8;0;643;220;100;70;96472;3.63;1.66;0.33;0.36
1982;5;23;143;15.9;14.2;10.5;12.6;10.9;9.6;0.2;-0.6;0.17;3;2.8;0;271;91;53;34;95891;1.89;3.98;0.33;0.36
1982;5;24;144;13.7;11.2;9.7;11.9;8.6;5.4;2.4;-2.4;0.17;3;2.8;0;119;46;43;25;95699;2.43;14.74;0.34;0.36
1982;5;25;145;16.1;13.1;9.7;7;6.3;5.5;1.3;-4.3;0.17;3;2.8;0;415;155;82;59;96796;2.84;0.11;0.34;0.36
1982;5;26;146;20.2;15.2;9.3;12.6;9.3;7;0;-0.3;0.17;3;2.8;0;609;189;89;64;97156;2.96;0.05;0.34;0.36
1982;5;27;147;23.2;18.1;11.2;13.8;11.9;8.7;0.5;2.4;0.17;3;2.8;0;661;239;99;73;96849;3.88;0.01;0.34;0.36
1982;5;28;148;25.2;19.4;14;14.9;13.4;12.1;0.9;0.6;0.17;3;2.8;0;678;236;109;71;96680;4.24;2.29;0.33;0.36
1982;5;29;149;15.9;14.4;12.6;13.9;11;6.6;1.2;-4.3;0.17;3;2.8;0;518;124;83;40;97131;2.36;1.12;0.33;0.36
1982;5;30;150;18.8;14.8;11.4;8.4;7.6;6.1;0.1;-3;0.17;3;2.8;0;608;145;81;45;97375;2.76;0.04;0.33;0.36
1982;5;31;151;22.3;16.7;11.6;8.7;7.6;6.5;-0.9;0.8;0.17;3;2.8;0;717;262;129;92;97454;4.16;0;0.33;0.36
1982;6;1;152;24.5;18.2;10.3;12.8;10.3;7.6;0;1.7;0.17;3;2.8;0;718;262;122;89;97331;4.17;0;0.33;0.36
1982;6;2;153;25.8;20;12.4;13.1;11.3;9.5;0.2;1.8;0.17;3;2.8;0;712;259;117;84;97004;4.32;0;0.32;0.36
1982;6;3;154;26.4;21.1;13.8;14;11.6;10.3;0.1;1.6;0.17;3;2.8;0;639;236;107;75;96874;4.13;0.05;0.32;0.36
1982;6;4;155;26.6;21.4;14.4;14.2;12.4;11.3;0.4;1.6;0.17;3;2.8;0;626;227;107;74;96880;3.94;0.01;0.31;0.36
1982;6;5;156;27.6;21.6;14.2;13.6;11.6;9.7;0.7;1.5;0.17;3;2.8;0;704;254;122;83;96627;4.38;0.52;0.31;0.36
1982;6;6;157;28.3;22.2;14.7;13.5;11.1;9.3;1.1;1.1;0.17;3;2.8;0;693;250;127;87;96177;4.25;0;0.31;0.36
1982;6;7;158;23.1;19.7;15.9;15.2;13.3;10.6;1.8;-2.6;0.17;3;2.8;0;467;172;70;57;96277;3.27;2.71;0.3;0.36
1982;6;8;159;21.4;17.2;13.8;13.8;10.3;8.4;0;-1.7;0.17;3;2.8;0;509;172;77;57;96610;3.1;0.21;0.3;0.36
1982;6;9;160;24.7;19.7;12.5;13.6;11.4;9.8;0.5;-0.2;0.17;3;2.8;0;630;212;104;71;96321;3.35;0.06;0.3;0.36
1982;6;10;161;22.4;18.7;14.7;14.3;12.8;10.8;0.2;-2;0.17;3;2.8;0;506;184;85;55;96195;3.19;2.44;0.3;0.36
1982;6;11;162;24;18.7;13.8;16.2;12.9;10.3;0;1.9;0.17;3;2.8;0;545;191;89;54;95923;2.98;0.06;0.3;0.36
1982;6;12;163;22.4;17.7;13.6;16.4;13.4;7.3;1;1.1;0.17;3;2.8;0;401;104;54;34;95404;2.54;6.27;0.3;0.36
1982;6;13;164;17.2;14;11.5;11.3;8.6;7.1;1.4;-0.3;0.17;3;2.8;0;447;121;79;44;95184;2.76;3.65;0.3;0.36
1982;6;14;165;15.8;13.1;10.8;6.9;5.3;2.9;3.2;-3.9;0.17;3;2.8;0;563;202;94;70;95462;3.35;0.73;0.3;0.36
1982;6;15;166;16.9;13.3;9.4;5.1;3;1.8;2.6;-2.3;0.17;3;2.8;0;612;211;100;79;96076;3.22;0;0.3;0.36
1982;6;16;167;17.3;13.4;8.7;12.7;8.4;4.7;0.8;0.8;0.17;3;2.8;0;456;132;64;46;96223;2;2.98;0.29;0.36
1982;6;17;168;16.5;13.3;9.6;9.5;6.5;5.2;1.5;-2.8;0.17;3;2.8;0;450;170;99;66;96433;2.92;0.31;0.29;0.36
1982;6;18;169;22.4;15.6;8.3;13.1;9.4;5.9;0.3;1.6;0.17;3;2.8;0;664;187;98;52;96159;2.72;3.73;0.29;0.36
1982;6;19;170;20.6;16.7;12.7;12.8;9.8;7.4;1.4;-0.4;0.17;3;2.8;0;468;171;86;59;96181;3.05;0.11;0.29;0.36
1982;6;20;171;20.1;16.1;11.2;12.7;9.6;7.2;1.3;-0.2;0.17;3;2.8;0;506;168;91;62;96420;2.61;0.96;0.29;0.36
1982;6;21;172;24.1;17.6;10.3;16.1;12.9;9.2;0.4;0.4;0.17;3;2.8;0;642;216;105;66;96316;3.19;5.43;0.29;0.36
1982;6;22;173;23.3;19.4;13.4;15.2;13.6;12.2;0.8;0.5;0.17;3;2.8;0;528;192;78;58;96147;3.44;1.31;0.29;0.36
1982;6;23;174;25.2;20.2;16.3;16.9;15;10.5;0.9;-0.5;0.17;3;2.8;0;599;186;83;49;95743;3.9;7.16;0.29;0.36
1982;6;24;175;23.7;19;14.7;13.4;10.8;9.5;1.3;0.2;0.16;3;2.8;0;545;192;98;64;96180;3.47;0.1;0.29;0.36
1982;6;25;176;25.6;20.3;13.7;17.1;13.7;10.4;-0.1;1.1;0.16;2.9;2.8;0;691;213;101;63;96099;3.36;0;0.29;0.36
1982;6;26;177;26.7;21.8;17.5;18.8;17.4;16.9;0.8;-0.7;0.16;2.9;2.8;0;518;180;66;44;95538;3.19;8.15;0.29;0.36
1982;6;27;178;18.9;16.4;14.1;16.8;13.4;9.3;2.5;-2.9;0.16;2.9;2.8;0;206;58;47;24;95575;2.82;18.2;0.3;0.36
1982;6;28;179;20.2;16.4;12.3;12;9.6;8.1;2.7;-1.9;0.16;2.9;2.8;0;613;224;93;70;96044;3.97;0.63;0.31;0.35
1982;6;29;180;18.2;15.1;11.6;11.9;10.5;9.2;1.2;-0.2;0.16;2.9;2.8;0;352;121;69;51;96287;2.22;2.11;0.31;0.35
1982;6;30;181;18.7;14.9;9.9;9.4;7.2;5.5;2.6;-1.9;0.16;2.9;2.8;0;659;237;108;78;96728;3.77;0.46;0.3;0.35
1982;7;1;182;19.7;15.5;10.3;9.4;8;6.4;1.6;-1.8;0.16;2.9;2.8;0;669;234;109;75;96928;3.55;0.18;0.3;0.35
1982;7;2;183;22.7;17.5;11.1;12.6;10.4;8.2;-0.1;0.5;0.16;2.9;2.8;0;629;193;103;62;96608;3.12;0.03;0.3;0.35
1982;7;3;184;27.6;21.1;12.8;18.6;15.7;11.4;0.2;1.8;0.16;2.9;2.8;0;675;244;102;69;96117;3.86;0.36;0.3;0.35
1982;7;4;185;24.4;18.5;14.2;18.3;13.7;9;2;-1.9;0.16;2.9;2.7;0;418;126;94;51;96230;3.05;6.72;0.3;0.35
1982;7;5;186;23.5;18.2;11.2;12;9.7;7.1;1.3;-0.5;0.16;2.9;2.7;0;627;205;92;70;96809;3.48;0.23;0.3;0.35
1982;7;6;187;23.3;18.7;12.6;13.3;10.9;9.5;0.6;-0.6;0.16;2.8;2.7;0;567;186;87;63;96546;2.96;0.24;0.29;0.35
1982;7;7;188;20;17.2;14.2;12.6;10.1;8;1.3;-3.8;0.16;2.8;2.7;0;626;211;92;64;96446;3.58;1.53;0.29;0.35
1982;7;8;189;20.3;16.6;12.4;9.2;8.2;7;0.6;-3.3;0.16;2.8;2.7;0;540;180;84;68;96951;3;0.14;0.29;0.35
1982;7;9;190;21.9;17.4;11.3;10.2;9.1;8.3;0.2;-2;0.16;2.8;2.7;0;531;197;101;72;96849;3.09;0;0.29;0.35
1982;7;10;191;23.6;18.7;11.8;10.7;9.1;7.8;0.3;-3.1;0.16;2.8;2.7;0;696;250;110;82;96606;3.72;0;0.28;0.35
1982;7;11;192;24;18.9;14.9;15.2;12.9;11;1.1;-4.3;0.16;2.8;2.7;0;548;194;79;59;96368;3.24;4.41;0.28;0.35
1982;7;12;193;19.9;17.8;16.5;16.9;14.5;12.7;1.3;-3.2;0.16;2.8;2.7;0;451;120;77;35;95810;3.35;13;0.29;0.35
1982;7;13;194;22.7;19.2;15.7;15;13.6;12.6;0.6;-2.5;0.16;2.8;2.7;0;602;203;87;60;95994;3.27;0.26;0.29;0.35
1982;7;14;195;24;19.3;13.4;16.3;14.6;11.9;-0.2;0.6;0.16;2.8;2.7;0;596;213;90;65;96047;3.3;1.25;0.29;0.35
1982;7;15;196;25.2;20.6;15.3;18.8;17.1;14.5;-0.2;0.8;0.16;2.8;2.7;0;572;203;79;59;96216;3.14;1.22;0.29;0.35
1982;7;16;197;26.6;21.7;15.5;19.1;17.3;15.1;0;0.3;0.16;2.8;2.7;0;634;207;87;58;96553;3.44;1.44;0.29;0.35
1982;7;17;198;27;21.8;16.5;18.3;17.1;15.8;0.2;0.2;0.16;2.8;2.7;0;557;189;84;54;96584;3.35;5.73;0.29;0.35
1982;7;18;199;23.1;19.9;17.2;17.6;16.8;16.2;1;-2.5;0.16;2.8;2.7;0;454;137;63;38;96701;2.82;6.5;0.29;0.35
1982;7;19;200;25;20;16.4;18.1;16.9;15.8;0.2;-2;0.16;2.7;2.7;0;535;164;83;35;96890;3.37;9.9;0.3;0.35
1982;7;20;201;27.4;22.2;16.1;18.6;17.1;15.6;0.1;1;0.16;2.7;2.7;0;639;223;95;64;96928;3.95;0.19;0.3;0.35
1982;7;21;202;29.5;23.7;17.8;19.1;16.5;14.3;0.8;0.6;0.16;2.7;2.7;0;656;226;102;68;96594;4.02;0.45;0.29;0.35
1982;7;22;203;27.5;22.2;17.8;18.8;17.4;16.1;0.5;-1.1;0.16;2.7;2.7;0;606;188;88;57;96216;3.41;4.64;0.29;0.35
1982;7;23;204;24;20.6;18;17.1;16.4;15.8;0.9;-2.4;0.16;2.7;2.7;0;585;165;76;48;96178;3.33;4.38;0.29;0.35
1982;7;24;205;24.2;20;16;17.9;16.4;15.1;-0.4;0.2;0.16;2.7;2.7;0;457;167;69;48;96172;3.08;9.26;0.3;0.35
1982;7;25;206;22.1;18.9;15.8;16.6;15.2;13.4;0.8;-1.8;0.16;2.7;2.7;0;374;126;67;40;96143;2.42;1.13;0.3;0.35
1982;7;26;207;22.1;18.1;15.9;15.6;13.9;11.8;1.8;-3.8;0.16;2.7;2.7;0;394;107;62;34;95895;3.1;4.4;0.3;0.35
1982;7;27;208;17.9;15.8;14.5;12.7;11.6;10.9;1.4;-4.2;0.16;2.7;2.7;0;435;126;74;49;95998;2.37;1.32;0.3;0.35
1982;7;28;209;21.3;17.4;14.2;14.3;12.9;11;1.1;-2.4;0.16;2.7;2.7;0;476;146;80;46;96129;2.35;0.21;0.3;0.35
1982;7;29;210;23.4;19;14.5;14.4;12.9;11.6;0.4;-2.3;0.16;2.7;2.7;0;603;209;91;69;96467;3.41;0.2;0.3;0.35
1982;7;30;211;24.5;19.1;12.5;14.1;11.4;10.1;-0.2;0.3;0.16;2.7;2.7;0;681;230;117;81;96559;3.64;0;0.29;0.35
1982;7;31;212;25.1;20;16;17.6;15.5;13.4;-0.6;2.1;0.16;2.7;2.7;0;519;140;68;38;95876;2.48;10.73;0.29;0.35
1982;8;1;213;24.1;20;16;16.7;13.9;11.8;1.5;-2.9;0.16;2.7;2.7;0;656;225;107;61;95933;4.31;1.97;0.3;0.35
1982;8;2;214;23.7;19.7;15.4;13.8;12.5;10.4;-0.4;-0.6;0.16;2.7;2.7;0;617;216;103;72;96281;3.64;0;0.3;0.35
1982;8;3;215;25;20.8;16.9;14.4;13.8;12.8;-0.6;3;0.16;2.7;2.7;0;611;211;92;62;96301;3.72;0.34;0.3;0.35
1982;8;4;216;24.2;19.5;16.3;16.9;15.6;14.2;-0.1;1.2;0.16;2.6;2.7;0;563;167;88;52;96262;3.13;11.54;0.3;0.35
1982;8;5;217;22.8;18.8;16.2;17.5;16.1;14.9;0.4;-1.5;0.16;2.6;2.7;0;449;126;68;35;96100;2.7;5.85;0.3;0.35
1982;8;6;218;23.2;19.4;15.7;18.3;16.7;14.6;-0.5;0.4;0.16;2.6;2.7;0;547;164;72;48;95980;2.81;3.02;0.3;0.34
1982;8;7;219;22.2;18.2;14.8;17.4;16.4;14.7;-0.5;0.1;0.16;2.6;2.7;0;457;135;76;38;95906;2.55;11.94;0.31;0.34
1982;8;8;220;21.8;18.4;15.8;18.8;17;14.9;-0.2;-1;0.16;2.6;2.7;0;450;119;58;28;96255;2.27;6.86;0.32;0.34
1982;8;9;221;23.1;19;15.1;16.1;15.3;14.4;0.4;-1.1;0.16;2.6;2.7;0;586;153;84;46;96517;2.81;2.06;0.32;0.34
1982;8;10;222;23.7;20.1;16.6;15.4;14.5;13.4;1.3;-2.1;0.16;2.6;2.7;0;498;167;79;55;96650;3.1;0.17;0.32;0.34
1982;8;11;223;23.7;20.2;17.1;15.1;13.8;13;0.7;-2;0.16;2.6;2.7;0;547;174;85;61;96958;3.11;0.09;0.31;0.34
1982;8;12;224;26.5;21.5;15.8;16;14.9;13;0.3;1.9;0.16;2.6;2.7;0;646;207;99;68;96679;3.54;0;0.31;0.34
1982;8;13;225;29.4;23.2;16.8;18.3;16.6;15.1;0.9;1.6;0.16;2.6;2.7;0;633;204;105;72;96298;3.6;2.3;0.31;0.34
1982;8;14;226;26.2;21.9;17.6;17.3;16.1;14.8;1.2;-0.5;0.16;2.6;2.7;0;588;178;88;60;96270;3.39;2.39;0.31;0.34
1982;8;15;227;26.8;21.8;16.4;17.4;15.6;13.4;0.5;1.8;0.16;2.6;2.7;0;624;206;93;67;96494;3.52;0;0.31;0.34
1982;8;16;228;25.5;21.5;17.4;17.8;16.5;15.5;1.5;-1.1;0.16;2.6;2.7;0;580;159;75;50;96290;2.98;1.23;0.3;0.34
1982;8;17;229;23.8;19.1;16.3;18.3;16.1;12.8;0.9;-0.5;0.15;2.6;2.7;0;518;126;74;42;96109;2.91;23.54;0.31;0.34
1982;8;18;230;22.7;18.7;15.2;15.3;12.6;11.3;1.4;-1.2;0.15;2.6;2.7;0;454;163;84;68;96382;3.02;0.36;0.32;0.34
1982;8;19;231;26.4;20.2;14.1;17;14.8;12.3;0.7;0.4;0.15;2.6;2.7;0;637;200;110;70;96165;3.34;1.85;0.32;0.34
1982;8;20;232;24.9;19.8;13.3;16.3;14.3;8.4;0.9;1.7;0.15;2.6;2.7;0;624;176;95;58;95772;3.77;5.67;0.32;0.34
1982;8;21;233;18.4;14.9;11.4;9.5;6.8;3.7;1.4;-2.7;0.15;2.6;2.7;0;561;152;87;50;96257;3.63;4.84;0.32;0.34
1982;8;22;234;18.1;15.3;12.8;8;6.6;3.6;1.3;-3;0.15;2.6;2.7;0;557;138;87;62;96699;2.59;0.03;0.32;0.34
1982;8;23;235;20.4;16.2;11.3;10.3;8.7;8;0.4;-0.2;0.15;2.5;2.7;0;593;170;106;74;96677;2.75;0;0.32;0.34
1982;8;24;236;21.5;16.5;11.8;12.8;10.3;8;0.9;0.2;0.15;2.5;2.7;0;482;154;95;61;96151;2.58;1.91;0.31;0.34
1982;8;25;237;20.4;16.3;13;11.2;9.8;8;1.6;-1.9;0.15;2.5;2.7;0;561;164;92;66;96268;2.87;0.06;0.31;0.34
1982;8;26;238;23.5;18.1;11.9;14;12.3;9.7;0.4;2.1;0.15;2.5;2.7;0;616;197;104;71;96201;2.95;0.01;0.31;0.34
1982;8;27;239;24.8;19.8;14.8;16.6;14.5;11.5;0.4;1.1;0.15;2.5;2.7;0;593;181;94;67;96133;2.95;0.66;0.31;0.34
1982;8;28;240;18.3;16.1;14;15.6;13.7;12.5;1.3;-2.1;0.15;2.5;2.7;0;270;84;43;27;96549;2.29;11.1;0.31;0.34
1982;8;29;241;16;14.5;13.3;13.4;12.2;11.1;1;-3.1;0.15;2.5;2.7;0;226;67;57;21;96795;2.66;8.72;0.32;0.34
1982;8;30;242;18.3;14.7;11.6;12.8;11.1;10.2;0.4;-1.3;0.15;2.5;2.7;0;289;98;83;43;96557;1.91;1.24;0.32;0.34
1982;8;31;243;20.5;15.5;9.3;12;10.9;8.7;0.1;1.2;0.15;2.5;2.7;0;562;160;104;68;96147;2.3;0.05;0.32;0.34
1982;9;1;244;19.9;16.2;13.1;12.4;11.5;10.6;1;-1.1;0.15;2.5;2.7;0;358;110;74;42;96569;1.85;0.1;0.32;0.34
1982;9;2;245;20.9;16.7;11.5;13.3;11.4;9.9;0.9;-0.7;0.15;2.5;2.7;0;522;138;87;58;97001;2.14;0.25;0.32;0.34
1982;9;3;246;20.7;16.2;12.2;11.4;10.1;8.9;0.5;-1.3;0.15;2.5;2.7;0;495;159;113;72;97467;2.48;0.1;0.31;0.34
1982;9;4;247;23.1;17.3;10.9;13.7;12.2;9.7;0.8;2.2;0.15;2.5;2.7;0;590;187;110;77;97204;2.67;0;0.31;0.34
1982;9;5;248;26.1;20.1;13.5;17.4;15.5;12.5;0.1;1.7;0.15;2.5;2.7;0;568;181;100;75;96758;2.63;0;0.31;0.34
1982;9;6;249;27.8;22.2;17.2;16.3;15;13.3;1.8;3.6;0.15;2.5;2.7;0;589;178;97;74;96024;3.21;0;0.31;0.34
1982;9;7;250;25.1;20;15.4;16.1;15.1;13.8;0.7;-1.2;0.15;2.5;2.7;0;555;167;95;62;96182;2.87;1.82;0.3;0.34
1982;9;8;251;24.3;19.8;16.7;15.4;14.4;13.5;0.7;-3.2;0.15;2.5;2.7;0;508;131;83;48;96531;2.51;0.72;0.3;0.34
1982;9;9;252;23.6;18.8;15.5;15.7;13.9;11.6;0.6;-3.3;0.15;2.5;2.7;0;545;148;82;56;96737;2.56;1.14;0.3;0.34
1982;9;10;253;20.9;17.2;14.1;14.8;12.6;10.9;0.4;-1.7;0.15;2.5;2.7;0;331;94;61;37;97141;1.55;0.08;0.3;0.34
1982;9;11;254;23;18.2;13.6;15.5;14;12.2;0.3;-0.1;0.15;2.5;2.7;0;540;158;95;60;97137;2.14;0.87;0.3;0.34
1982;9;12;255;23.2;18.4;14;14.5;12.1;10.7;0.7;-1.9;0.15;2.5;2.7;0;565;173;107;74;97151;2.6;0;0.3;0.34
1982;9;13;256;23.3;17.9;12.8;12.2;11;9.9;0.8;-1.6;0.15;2.5;2.7;0;569;167;109;71;96962;2.4;0;0.3;0.34
1982;9;14;257;23.5;18.6;14;15.5;12.7;10.8;0.3;-0.5;0.15;2.5;2.7;0;543;152;96;63;96957;2.11;0;0.29;0.34
1982;9;15;258;24.1;18.4;12.5;14.1;12.8;11;0.6;1.8;0.15;2.5;2.7;0;566;173;116;81;97004;2.29;0;0.29;0.34
1982;9;16;259;24.4;18.5;12.9;14.5;13.4;12;0.6;1.4;0.15;2.4;2.7;0;563;174;116;85;97055;2.15;0;0.29;0.34
1982;9;17;260;23.7;17.8;12.1;15.1;13.2;11.2;0.3;1.1;0.15;2.4;2.7;0;555;164;111;78;96967;2.02;0;0.29;0.34
1982;9;18;261;23.2;17.8;12.4;14.1;12.7;11.4;0.4;2.1;0.14;2.4;2.7;0;538;159;114;77;96746;1.93;0;0.29;0.34
1982;9;19;262;23.6;18;12.6;13.9;12.8;11.5;0.6;1.5;0.14;2.4;2.7;0;546;163;113;84;96637;1.97;0;0.28;0.34
1982;9;20;263;23.6;17.8;11.6;14.6;13.2;10.5;0.3;1.9;0.14;2.3;2.7;0;546;169;113;83;96531;1.78;0;0.28;0.34
1982;9;21;264;23;17.7;12.7;15.3;14.1;12.5;0.2;1.2;0.14;2.3;2.7;0;474;127;94;59;96098;1.52;0;0.28;0.34
1982;9;22;265;23.2;17.9;14.6;15.1;13.9;12.4;1.2;0;0.14;2.3;2.7;0;464;114;92;54;95805;1.6;1.07;0.28;0.34
1982;9;23;266;18.6;15.6;13.1;14.5;12.9;9;0.9;-1;0.14;2.3;2.7;0;272;64;48;31;95720;1.73;9.04;0.28;0.34
1982;9;24;267;18;14.1;11.2;9.2;7.8;5.8;0.6;-0.8;0.14;2.2;2.7;0;499;119;90;46;96199;2.36;2.48;0.29;0.34
1982;9;25;268;17.4;14.2;11.6;13.1;10.6;8.2;-0.7;2.3;0.14;2.2;2.7;0;269;71;64;35;96544;0.91;0.06;0.29;0.34
1982;9;26;269;22.7;18;14;15;14;13.3;0.5;4;0.14;2.2;2.7;0;398;109;82;52;96265;1.45;0.03;0.29;0.34
1982;9;27;270;20.8;17.2;14.4;13.9;12.5;11.9;0.5;-1.4;0.14;2.1;2.7;0;482;119;88;54;96586;1.51;0.06;0.29;0.34
1982;9;28;271;19.2;16.2;13.6;12.7;12.1;11.5;0;-1.1;0.14;2.1;2.6;0;298;85;67;32;96768;1.18;0.33;0.28;0.34
1982;9;29;272;18.7;15.3;12;11.8;10.8;9.6;0.2;-0.9;0.14;2.1;2.6;0;426;104;91;56;96823;1.19;0.09;0.28;0.34
1982;9;30;273;19.7;15.2;10.5;12.5;10.9;8.8;-0.3;2.2;0.14;2.1;2.6;0;415;101;69;49;96427;1.19;0.09;0.28;0.34
1982;10;1;274;15.4;14.2;12.9;15.2;13.7;12.1;-0.9;-0.1;0.14;2;2.6;0;121;28;42;13;96351;0.51;23.48;0.29;0.34
1982;10;2;275;17.2;14.6;12.6;13.7;12.8;11.3;-0.5;-1.1;0.14;2;2.6;0;264;54;54;25;96559;1.02;5.1;0.31;0.34
1982;10;3;276;14.6;12;9.7;11.2;8.4;7.2;-0.4;-1.7;0.14;2;2.6;0;343;90;90;52;96635;1.1;0.01;0.31;0.34
1982;10;4;277;10.3;8.8;6.6;8.4;6.6;5.2;-0.9;-0.3;0.14;2;2.6;0;259;49;73;32;96504;0.66;6.05;0.31;0.34
1982;10;5;278;11.1;10.2;9.1;9.5;9;8.2;-1.6;2.5;0.14;1.9;2.6;0;139;25;16;7;95797;0.98;5.2;0.31;0.34
1982;10;6;279;14.7;11.3;9.4;10.8;9.6;8.9;-2.9;3.5;0.14;1.9;2.6;0;220;45;65;14;94910;1.81;13.24;0.32;0.34
1982;10;7;280;16;12.3;9.9;8.5;6.8;5.8;1.1;5;0.14;1.9;2.6;0;468;129;107;86;94833;1.82;0;0.33;0.34
1982;10;8;281;12.3;9.5;5.6;10;7.2;4.5;1.1;0.9;0.14;1.9;2.6;0;225;51;81;52;95176;1.12;7.49;0.33;0.34
1982;10;9;282;12;8.4;4.3;8.9;6.9;3.5;0.2;-0.2;0.14;1.8;2.6;0;274;66;67;40;95463;1;4.83;0.33;0.34
1982;10;10;283;14.1;10.2;6.9;7.5;6.6;5.8;0.8;0.2;0.14;1.8;2.6;0;393;104;101;58;96181;1.29;0.2;0.33;0.33
1982;10;11;284;14.6;9.5;5.3;7.2;6;4.4;0.2;0.7;0.14;1.8;2.6;0;391;102;94;68;96186;1.05;0.45;0.33;0.33
1982;10;12;285;10.9;8.1;4.8;7.7;6;4.1;0.8;-0.1;0.14;1.8;2.6;0;144;43;77;40;95630;0.65;0.91;0.33;0.33
1982;10;13;286;13.6;9.9;5;7.7;5.9;4.1;1.5;3.6;0.14;1.7;2.6;0;331;85;79;50;94732;1.16;0.47;0.33;0.33
1982;10;14;287;12.5;10.6;8;9.8;8.1;6.7;0.8;0.3;0.14;1.7;2.6;0;205;30;52;23;94533;0.92;18.18;0.34;0.33
1982;10;15;288;13.8;9.6;6.8;7.2;5.1;2.7;1.8;-0.9;0.14;1.7;2.6;0;305;70;92;56;95292;1.16;1.23;0.35;0.33
1982;10;16;289;10.8;7.5;3.6;2.7;2;1.1;1.7;-1.9;0.14;1.7;2.6;0;371;92;97;72;96167;1.02;0;0.35;0.33
1982;10;17;290;12.9;7.6;3.4;6.1;4;1.7;0.5;1.3;0.13;1.7;2.6;0;444;115;119;71;96038;0.95;0;0.35;0.33
1982;10;18;291;13.9;9.4;5.6;7.5;5.9;3.6;-0.1;0.8;0.13;1.6;2.6;0;435;114;114;70;96166;0.96;0;0.35;0.33
1982;10;19;292;13;9;4.9;9.5;7.6;4.3;0.2;-0.5;0.13;1.6;2.6;0;281;61;56;38;96638;0.48;1.66;0.34;0.33
1982;10;20;293;14.7;10.5;6.8;9.5;8.1;6;0.6;0;0.13;1.6;2.6;0;301;70;73;48;96945;0.73;0.18;0.35;0.33
1982;10;21;294;15.3;10.7;7.5;9.1;8.3;7.1;0.6;2.6;0.13;1.6;2.6;0;410;100;115;75;96487;0.81;0;0.34;0.33
1982;10;22;295;15.2;10.9;7.2;9.7;8.1;6.8;0.1;3.8;0.13;1.6;2.6;0;429;96;106;59;96025;0.95;0;0.34;0.33
1982;10;23;296;14.5;12.2;9.3;11.6;10.3;8.6;-0.3;3.3;0.13;1.6;2.6;0;315;67;66;48;95744;0.62;0.24;0.34;0.33
1982;10;24;297;17.7;13.1;9.6;11.9;10.4;8.1;0.7;1.6;0.13;1.6;2.6;0;308;84;91;61;96142;0.81;0.07;0.34;0.33
1982;10;25;298;12.1;10.7;9.8;10.5;9.1;7.8;1;-2.1;0.13;1.6;2.6;0;190;41;43;21;96725;0.96;11;0.35;0.33
1982;10;26;299;13.2;9.9;6.5;8.6;7.1;5.4;0.5;-2.1;0.13;1.6;2.6;0;264;64;79;47;96960;0.71;0.01;0.35;0.33
1982;10;27;300;13.3;8.7;3.8;7.9;6.2;3.4;0.4;-0.4;0.13;1.6;2.6;0;361;78;90;58;97414;0.66;0;0.35;0.33
1982;10;28;301;12.4;9.3;6.3;9.1;7.7;5.5;-0.3;0.5;0.13;1.5;2.6;0;228;52;52;29;97843;0.41;0.2;0.35;0.34
1982;10;29;302;12.5;9.8;8.1;8.7;8.2;7.8;-0.9;1.2;0.13;1.5;2.6;0;222;53;59;31;98102;0.48;0.06;0.35;0.34
1982;10;30;303;11.3;8.9;6.5;8.4;6;4.1;-0.6;2.9;0.13;1.5;2.6;0;368;83;107;56;98018;0.73;0.02;0.35;0.34
1982;10;31;304;11.8;7.1;3;6.2;4.8;2.6;0.1;2.1;0.12;1.5;2.6;0;361;84;111;74;97742;0.61;0;0.35;0.34
1982;11;1;305;13.2;6.3;1.2;7.6;4;0.5;0.6;0.6;0.12;1.5;2.6;0;376;90;116;74;97612;0.66;0;0.35;0.34
1982;11;2;306;12.8;5.8;1.3;6.3;2.9;0.1;0.5;1;0.12;1.5;2.6;0;377;90;119;78;97478;0.65;0;0.35;0.34
1982;11;3;307;8.8;4.5;0.8;4.4;2.7;0.4;-0.2;0.1;0.12;1.5;2.6;0;324;78;91;56;97324;0.47;0.02;0.35;0.34
1982;11;4;308;9.7;5.9;3.6;5.7;4.2;2.9;0;0;0.12;1.5;2.6;0;271;65;74;42;96964;0.44;0.05;0.34;0.34
1982;11;5;309;7.4;5;-0.4;6.8;2.4;-4.5;0.2;-2.2;0.12;1.5;2.6;0;78;18;90;29;96966;0.65;2.32;0.35;0.34
1982;11;6;310;2.5;-0.2;-2.7;-3.3;-5.7;-7.1;-1;1.1;0.12;1.4;2.6;0;368;88;120;83;97251;0.56;0;0.35;0.34
1982;11;7;311;1.6;-1;-3.1;-3.7;-5.4;-6.9;-0.4;4.1;0.12;1.4;2.6;0;256;62;94;72;97134;0.36;0;0.34;0.34
1982;11;8;312;6.8;2.9;-2.1;4.9;-0.7;-6.1;0.4;5.8;0.12;1.4;2.6;0;351;79;89;70;96495;0.42;0;0.34;0.34
1982;11;9;313;14.3;10;6.9;9.4;7.5;5.1;1.8;3.5;0.12;1.4;2.6;0;305;66;84;54;96163;0.47;0.14;0.34;0.34
1982;11;10;314;11.8;8.9;6.5;9.1;7.7;5.8;0;0.1;0.12;1.4;2.6;0;200;41;44;23;96842;0.4;3.19;0.34;0.34
1982;11;11;315;10.9;8.4;5.4;9.1;7.9;5.4;0.1;-0.1;0.12;1.4;2.6;0;86;19;60;16;97479;0.23;0.29;0.35;0.34
1982;11;12;316;11;7.5;4.7;7.1;4.9;3.3;0.1;2.5;0.12;1.4;2.6;0;328;72;104;57;97086;0.64;0;0.35;0.34
1982;11;13;317;12.5;8.9;4.6;9.8;6.9;3.5;1.1;3.4;0.12;1.4;2.6;0;208;45;69;42;95797;0.65;2.6;0.34;0.34
1982;11;14;318;10.4;4.8;2.1;8.9;3.5;0.1;1.4;-2.6;0.12;1.4;2.6;0.43;56;11;78;25;95304;1.03;28.64;0.36;0.34
1982;11;15;319;7.2;3;-1.9;2.3;0.5;-3.5;0.1;0.4;0.12;1.3;2.6;0.57;328;71;108;69;95577;0.48;0.13;0.37;0.34
1982;11;16;320;4.6;2.7;1.7;1.8;1.3;0.9;-0.5;-0.3;0.12;1.3;2.6;0.47;135;26;50;25;96135;0.23;0.35;0.37;0.34
1982;11;17;321;4.4;1.7;-1.5;0.7;-1.3;-3.6;1.8;-2.3;0.12;1.4;2.6;0.48;197;42;89;55;95464;0.46;0.38;0.37;0.34
1982;11;18;322;8;3.1;-2.4;0.5;-2.1;-5;1.2;1.1;0.12;1.4;2.6;0.43;311;69;100;58;95894;0.5;0;0.37;0.34
1982;11;19;323;11.5;6.5;4;7.4;3.8;-0.5;1;0.9;0.12;1.4;2.6;0.29;261;45;85;36;96484;0.41;0.68;0.37;0.34
1982;11;20;324;9.7;5.2;0.2;5.1;2.7;-1.1;1;0;0.12;1.4;2.6;0.2;221;45;74;49;97210;0.32;0.04;0.37;0.34
1982;11;21;325;8.5;3.1;-2.4;3.9;0.9;-3.7;0.5;1.7;0.12;1.4;2.6;0.16;287;66;103;70;97505;0.3;0;0.37;0.34
1982;11;22;326;7.6;3.4;-0.6;3.5;1.7;-1.4;0.4;1.5;0.11;1.4;2.6;0.06;230;44;90;51;97239;0.27;0;0.37;0.34
1982;11;23;327;6.4;2.6;-0.7;2.9;0.9;-1.7;0.2;0.6;0.11;1.4;2.6;0.05;238;54;79;54;97288;0.23;0;0.37;0.34
1982;11;24;328;8.1;2.3;-1.1;4;0.2;-2.3;1;0.7;0.11;1.4;2.6;0.05;260;58;84;58;96388;0.29;0;0.37;0.34
1982;11;25;329;8.6;4.7;-0.2;5.9;3.1;-1.5;0.9;1.6;0.11;1.4;2.6;0.02;223;48;85;41;96298;0.13;0.03;0.36;0.34
1982;11;26;330;10.4;6.2;2;7;5;1.8;1.2;2.5;0.11;1.4;2.6;0;167;38;68;39;95808;0.2;0;0.36;0.34
1982;11;27;331;9.5;7;4.8;7.2;6;3.8;-0.6;3.6;0.11;1.4;2.6;0;121;24;55;28;95697;0.23;0.04;0.36;0.34
1982;11;28;332;7.6;4.7;2.8;4.3;3.4;2.4;-0.7;1.2;0.11;1.4;2.6;0;227;49;81;47;95948;0.26;0;0.36;0.34
1982;11;29;333;6;4.7;3.3;4.8;3.7;2.4;-0.1;-1.6;0.11;1.4;2.6;0;88;18;41;15;96666;0.22;4.65;0.36;0.34
1982;11;30;334;4.9;3.6;1.3;4.6;3;0.7;0.6;-2.8;0.11;1.4;2.6;0.03;58;11;27;8;97376;0.62;4.58;0.37;0.34
1982;12;1;335;2.8;2.1;0.8;1.7;0.4;-0.2;-0.5;-1.2;0.12;1.4;2.6;0.58;167;28;41;16;97572;0.52;2.27;0.37;0.34
1982;12;2;336;5.6;3.2;0.1;3.6;2.3;-0.3;0.1;0.4;0.12;1.4;2.6;0.69;103;20;60;23;97498;0.29;0.06;0.37;0.34
1982;12;3;337;5.2;2.1;-2;4;1.7;-2.2;0.1;0.4;0.12;1.4;2.6;0.5;172;36;55;25;97606;0.17;0.07;0.37;0.34
1982;12;4;338;3.2;1.9;0.6;1.8;1;-0.3;-0.5;1.8;0.12;1.4;2.6;0.39;82;17;42;18;98212;0.32;0.7;0.37;0.34
1982;12;5;339;3.7;0.6;-2.4;-0.4;-1.3;-3.5;0.3;1.4;0.12;1.4;2.6;0.35;169;38;78;50;98211;0.24;0;0.37;0.34
1982;12;6;340;3.8;-0.4;-3.7;-0.8;-2.7;-5.1;0.3;1.5;0.12;1.4;2.6;0.28;244;51;96;60;97231;0.21;0;0.37;0.34
1982;12;7;341;3.8;1.2;-1.1;0.1;-1.4;-3.1;0;0.7;0.12;1.4;2.6;0.23;153;31;60;27;96630;0.17;0.08;0.37;0.34
1982;12;8;342;5.7;2.1;-1.2;4.9;0.3;-2.5;1.3;1.5;0.12;1.4;2.6;0.21;103;19;56;33;96076;0;0;0.37;0.34
1982;12;9;343;11.1;6.9;3.5;8.8;5.8;2.5;1.4;1.6;0.11;1.4;2.6;0.12;117;22;58;25;95587;0.15;5.21;0.37;0.34
1982;12;10;344;8.9;6.2;3.3;6.1;4.3;2.9;1.7;2.7;0.11;1.4;2.6;0.05;172;30;83;50;94973;0.31;4.96;0.37;0.34
1982;12;11;345;4.8;2.3;-1;2.4;-1.2;-4.2;1.9;-0.6;0.12;1.4;2.6;0.82;177;35;88;51;94426;0.9;6.96;0.38;0.34
1982;12;12;346;3.4;0.3;-1.7;-2.3;-4;-6.6;0.6;2.1;0.12;1.4;2.6;0.9;259;55;108;70;94794;0.27;0.04;0.38;0.34
1982;12;13;347;5.5;1;-1.2;0.3;-2.2;-4.8;0.5;0.8;0.12;1.4;2.6;0.83;243;51;99;64;94987;0.22;0.03;0.38;0.34
1982;12;14;348;3.4;0.7;-1.3;0.1;-0.8;-2;0.3;-0.8;0.12;1.4;2.6;0.73;114;22;57;27;96041;0.11;0;0.38;0.34
1982;12;15;349;2.6;0.6;-1.4;-1.6;-2.1;-2.9;1.3;2.7;0.12;1.4;2.6;0.7;226;46;85;43;95813;0.39;0.58;0.38;0.34
1982;12;16;350;5.3;3.3;1.7;3.6;0.9;-1.8;1.6;1.4;0.12;1.4;2.6;0.63;36;7;43;18;94740;0.18;0.15;0.38;0.34
1982;12;17;351;8.8;5.2;2.7;5.9;2.8;0.1;0.6;1.8;0.12;1.4;2.6;0.46;102;24;48;27;94194;0.3;0.32;0.38;0.34
1982;12;18;352;9.3;5.3;0.7;7.6;3.7;-0.9;1.4;-0.1;0.13;1.4;2.6;1.27;74;12;50;23;93961;0.73;18.11;0.38;0.34
1982;12;19;353;0.6;-0.4;-2.1;-1.2;-3.2;-5.7;2.2;-5.5;0.27;1.4;2.6;10.74;82;15;58;22;95137;0.83;9;0.39;0.34
1982;12;20;354;2.3;-2.3;-9.1;-3.6;-6.1;-11.4;1.1;2.2;0.3;1.3;2.6;12.79;133;31;71;50;94772;0.46;0;0.39;0.34
1982;12;21;355;1.4;-0.3;-3.8;0.4;-1.9;-5.1;1.3;0.6;0.3;1.3;2.6;13.06;24;5;72;26;94606;0.09;8.75;0.39;0.34
1982;12;22;356;1.6;-1.7;-6.2;0.3;-2.8;-8.3;0.6;0;0.32;1.3;2.6;14.69;81;15;51;19;95245;0.06;8.21;0.39;0.34
1982;12;23;357;2.1;0.7;-0.3;-0.7;-1.1;-1.9;1.2;-3.4;0.39;1.3;2.6;21.95;86;16;44;26;95625;0.3;3.95;0.39;0.34
1982;12;24;358;0.6;0.1;-0.4;-1.6;-2;-2.9;2.1;-5.4;0.39;1.3;2.6;26.05;87;14;20;12;96302;0.61;6.98;0.39;0.34
1982;12;25;359;0.6;-0.4;-1.6;-2.5;-4;-5.2;2.6;-4.8;0.39;1.3;2.6;28.06;150;29;72;47;96574;0.84;0.45;0.39;0.35
1982;12;26;360;1.2;0.2;-1.3;-1.3;-2.1;-3.3;1.7;-4.3;0.37;1.3;2.6;27.84;145;29;65;49;97116;0.47;0.21;0.39;0.35
1982;12;27;361;2.1;-0.7;-3.3;-0.4;-2.8;-5.5;1.4;0.1;0.37;1.3;2.6;26.8;88;21;69;37;97012;0.09;0.03;0.39;0.35
1982;12;28;362;3.8;1.5;0.3;0.2;-1.8;-3.8;3.1;-1.8;0.35;1.3;2.6;25.15;175;33;95;52;96470;0.6;1.37;0.39;0.35
1982;12;29;363;0.8;-0.1;-1.2;-2.6;-3.7;-5;3.1;-4.6;0.35;1.3;2.6;24.87;161;34;84;64;96922;0.86;1.55;0.39;0.35
1982;12;30;364;-0.5;-1.8;-4.4;-3.5;-5.4;-6.9;2;-4.8;0.35;1.3;2.6;25.3;189;37;98;72;97597;0.69;0.92;0.39;0.35
1982;12;31;365;1.1;-4.8;-9.2;-3;-7.7;-11.5;1.4;-0.5;0.34;1.3;2.6;24.94;185;39;96;63;97817;0.15;0;0.39;0.35
1983;1;1;1;2.2;-4.7;-10.3;-1.4;-7.5;-13.1;1.4;0.3;0.34;1.3;2.6;24;157;31;74;39;97231;0.15;0;0.39;0.35
1983;1;2;2;4.1;0.7;-4.4;-0.3;-2.3;-6.8;1.6;-0.9;0.33;1.3;2.6;22.6;161;26;63;20;97086;0.27;1.14;0.39;0.35
1983;1;3;3;1.9;0.9;-1.1;0.5;-0.4;-2.2;0.8;0.6;0.31;1.3;2.6;21.12;59;15;58;19;97349;0.05;5.29;0.39;0.35
1983;1;4;4;4.8;2.8;1.3;2.8;1.1;-0.5;1.6;0.9;0.29;1.2;2.6;17.63;57;12;51;18;96560;-0.04;0.68;0.4;0.35
1983;1;5;5;5.7;3.8;2;3.6;1.9;-0.3;1.5;-0.1;0.26;1.2;2.6;13.57;85;15;61;23;96650;0.09;6.69;0.4;0.35
1983;1;6;6;10.4;5.6;2.7;7.4;4.3;1.8;1.4;1.1;0.21;1.2;2.6;8.85;181;31;87;33;97121;-0.13;0.59;0.41;0.35
1983;1;7;7;7.9;3.6;-0.9;4.7;1.7;-1.9;1.1;-0.1;0.18;1.2;2.5;6.33;190;42;88;51;97140;0.22;0.02;0.41;0.35
1983;1;8;8;5;0.4;-3.4;-0.7;-3;-5.6;1.2;-0.1;0.17;1.2;2.5;5.24;255;55;107;73;97707;0.26;0;0.41;0.35
1983;1;9;9;4.5;0.3;-2.2;-0.9;-2.6;-4.8;1.4;-0.1;0.16;1.2;2.5;4.82;191;46;103;67;97937;0.15;0;0.41;0.36
1983;1;10;10;6.3;2.8;-1.2;0.4;-1.4;-5.3;1.9;-0.3;0.15;1.2;2.5;4.27;206;46;80;45;97881;0.21;0;0.41;0.36
1983;1;11;11;7.3;2.9;0.1;2.7;0.1;-1.4;1.6;0;0.15;1.2;2.5;3.56;105;20;49;26;98010;0.09;0;0.4;0.36
1983;1;12;12;6.7;1.9;-2.2;2.7;-0.8;-3.9;0.8;0.6;0.14;1.2;2.5;2.98;263;58;99;64;97921;0.17;0;0.4;0.36
1983;1;13;13;4.4;0;-3.8;0.2;-3.2;-5.3;0.6;0.6;0.13;1.2;2.5;2.57;268;58;106;70;97033;0.15;0;0.4;0.36
1983;1;14;14;2.4;-0.4;-3.9;-2.1;-3.7;-6.2;1.3;0.2;0.13;1.2;2.5;2.46;119;27;64;44;96004;0.11;0.11;0.4;0.36
1983;1;15;15;4.8;0.9;-1.3;-2.1;-2.7;-3.9;2.1;1.1;0.14;1.2;2.5;2.78;269;54;94;54;94727;0.29;1.51;0.4;0.36
1983;1;16;16;4.5;2;0.2;1.1;-0.9;-2.7;2.8;-2.4;0.16;1.2;2.5;4.17;234;46;81;47;94956;1.16;10.92;0.4;0.36
1983;1;17;17;8;5.3;2.4;2.7;1.4;-0.2;4;-2.6;0.16;1.2;2.5;4.18;89;19;80;29;95927;1.09;6.56;0.41;0.36
1983;1;18;18;11;5.2;-0.4;2.6;-0.8;-3.2;1.8;-0.2;0.14;1.2;2.5;2.48;290;64;117;76;95615;0.43;0;0.41;0.36
1983;1;19;19;3.8;1;-1.4;-2.1;-6.3;-8;3.6;-2.6;0.14;1.2;2.5;2.1;287;64;110;79;95746;0.67;0.23;0.41;0.36
1983;1;20;20;-0.5;-1.9;-3.6;-6.2;-8.8;-11;1.8;-4.7;0.14;1.2;2.5;2.35;264;60;99;86;96887;0.57;0.5;0.4;0.36
1983;1;21;21;2.4;-0.1;-3.5;-4.1;-6.1;-9.3;3.1;-2.1;0.14;1.2;2.5;2.6;180;35;89;50;97443;0.28;0.22;0.4;0.37
1983;1;22;22;5.6;3.5;2;-0.4;-1.7;-3.9;3.4;-3.2;0.14;1.1;2.5;2.43;235;44;62;41;97654;0.51;0.04;0.4;0.37
1983;1;23;23;5.6;1.7;-0.6;-0.8;-1.8;-3.1;1.2;-1.9;0.14;1.1;2.5;2.03;248;57;102;68;97906;0.3;0;0.4;0.37
1983;1;24;24;4.8;0.2;-3.8;-0.7;-3;-5;0.7;-1.3;0.13;1.1;2.5;1.76;290;66;100;72;98132;0.3;0;0.4;0.37
1983;1;25;25;5.8;-0.5;-4.4;-0.5;-3.7;-6.1;1;1.3;0.13;1.1;2.5;1.54;316;70;112;69;98141;0.16;0;0.4;0.37
1983;1;26;26;7.5;3.7;-0.2;3.8;0.4;-5.2;1.7;0;0.13;1.1;2.5;1.24;178;36;64;13;97873;0.34;1.29;0.39;0.37
1983;1;27;27;12.6;6.9;1.8;6.4;3.2;0.9;2.1;0.8;0.12;1.1;2.5;0.69;259;50;75;33;97167;0.54;0.17;0.39;0.37
1983;1;28;28;10.4;7;3.8;5.2;2.8;0.8;2.4;-0.5;0.12;1.1;2.5;0.31;215;51;87;48;96471;0.49;0.33;0.39;0.37
1983;1;29;29;11.8;6.4;2.4;3.5;2.1;0.2;1.8;0.4;0.11;1.1;2.5;0.18;251;53;76;45;96128;0.39;0;0.39;0.37
1983;1;30;30;7.3;4.4;2;4.6;2.6;1.1;0.8;0.9;0.11;1.1;2.5;0.15;128;31;79;33;95343;0.28;2;0.39;0.37
1983;1;31;31;3.9;1.7;-0.9;0.8;-5.6;-7.8;3.2;-3;0.12;1.1;2.5;0.2;256;58;96;68;95348;0.87;1.7;0.39;0.37
1983;2;1;32;7.4;2.4;-1.2;-1.8;-4.4;-7.7;1.4;2.6;0.12;1.1;2.5;0.74;336;60;91;47;95280;0.79;1.75;0.39;0.37
1983;2;2;33;4.3;2.3;-0.4;-2.6;-5.4;-7.9;3.4;-1.9;0.12;1.1;2.5;0.83;210;48;99;61;95800;0.59;0.26;0.39;0.37
1983;2;3;34;4.5;0.8;-2.4;-5.6;-7;-8.4;2;-0.4;0.13;1.1;2.5;0.86;340;76;109;80;96718;0.6;0.47;0.39;0.37
1983;2;4;35;1.2;-1.2;-2.5;-4.9;-7.8;-9.7;2.7;-3.5;0.14;1.1;2.5;1.5;339;80;100;79;96918;0.68;0.62;0.39;0.37
1983;2;5;36;1.1;-1.2;-4;-7.3;-9.2;-11.6;1.1;2.2;0.14;1.1;2.5;1.58;363;85;123;74;96211;0.46;0.58;0.39;0.37
1983;2;6;37;0.3;-1;-2.8;-2.6;-3.8;-6.9;0.2;3.1;0.19;1.1;2.5;4.91;103;25;38;20;94219;0.21;5.63;0.38;0.37
1983;2;7;38;2;-1.5;-3.6;-1.9;-3.4;-4.4;-0.1;-0.5;0.24;1.1;2.5;7.43;289;60;84;44;94134;0.31;0.26;0.38;0.37
1983;2;8;39;1.3;-1.8;-4.1;-3.1;-4.1;-5.2;-0.2;-0.1;0.24;1.1;2.5;7.35;248;56;69;40;95049;0.29;0.59;0.38;0.37
1983;2;9;40;-2.4;-3.3;-5;-3.7;-4.4;-5.8;-0.2;-0.5;0.3;1.1;2.5;10.49;67;18;50;16;95548;0.06;7.76;0.38;0.37
1983;2;10;41;1.7;-1.5;-4.1;-1.7;-3.1;-5.2;0.1;-0.4;0.39;1.1;2.5;17.31;230;55;88;36;95111;0.21;6.45;0.38;0.37
1983;2;11;42;-0.9;-2;-3.1;-2.6;-3.7;-5.6;1.7;-3.7;0.4;1.1;2.5;24.42;130;26;24;13;94505;0.4;16.71;0.38;0.37
1983;2;12;43;1;-2.9;-6.7;-3.8;-6.4;-8.5;0.8;-0.1;0.41;1.1;2.5;36.45;274;66;111;56;95095;0.46;0.39;0.38;0.37
1983;2;13;44;-1.1;-4.1;-7.7;-4.2;-6.1;-9.4;0.1;-0.2;0.4;1.1;2.5;36.45;144;35;49;26;96208;0.27;0.42;0.38;0.37
1983;2;14;45;-3.1;-4;-5.4;-4.4;-4.9;-6.2;-0.3;-0.9;0.4;1.1;2.5;38.32;99;22;16;7;96180;0.15;5.77;0.38;0.37
1983;2;15;46;-3.9;-6.9;-11.5;-4.6;-9.6;-14.1;1.1;-4.2;0.4;1.1;2.5;42.34;259;66;91;57;96809;0.43;0.47;0.38;0.37
1983;2;16;47;-7.2;-9.8;-13;-10.7;-13.6;-15.7;1.7;-3.7;0.4;1.1;2.5;42.26;295;74;95;69;97301;0.38;0.16;0.38;0.37
1983;2;17;48;-4.6;-6.1;-7.8;-9;-9.8;-10.7;1.4;-5.2;0.4;1.1;2.5;42.22;253;67;88;63;97490;0.5;0.21;0.38;0.37
1983;2;18;49;-0.7;-3.4;-6.7;-4.6;-7;-9.8;2;-4;0.4;1.1;2.5;41.89;252;60;74;51;97448;0.61;0.16;0.38;0.37
1983;2;19;50;-1.2;-4.1;-8;-5.9;-7.3;-10.2;0.9;-2.6;0.39;1.1;2.5;41.64;287;68;84;58;97127;0.53;0.07;0.38;0.37
1983;2;20;51;0.1;-4.7;-9.5;-4.8;-8.2;-11.7;1.6;-1.1;0.39;1.1;2.5;41.49;295;65;93;46;96782;0.43;0.11;0.38;0.37
1983;2;21;52;-0.4;-4.4;-7.1;-5.3;-8.2;-9.8;2.3;-2.7;0.39;1.1;2.5;41.42;285;72;97;58;96722;0.66;0.74;0.37;0.37
1983;2;22;53;-5.4;-7.7;-10.3;-10;-12.1;-13.8;1.3;-3.9;0.38;1.1;2.5;41.77;281;71;97;75;97724;0.56;0.76;0.37;0.37
1983;2;23;54;-2.3;-7.8;-13.8;-8;-12.3;-16.3;0.8;-1.4;0.38;1.1;2.5;41.78;330;87;110;71;98192;0.36;0;0.37;0.37
1983;2;24;55;1.1;-4.5;-9.2;-4.4;-8.9;-13.7;0.4;1;0.38;1.1;2.5;41.34;332;88;114;69;98219;0.39;0;0.37;0.37
1983;2;25;56;1.7;-4.2;-10.7;-4.8;-8.2;-13.1;0.5;3.1;0.38;1.1;2.5;40.77;339;90;109;78;97802;0.59;0;0.37;0.37
1983;2;26;57;4.5;-1.1;-7.1;-1.3;-4.7;-9.4;0.5;2.3;0.37;1.2;2.5;39.36;341;89;104;68;96714;0.45;2.15;0.37;0.37
1983;2;27;58;5;2;-1.9;2.7;0.4;-2.8;0.5;-0.2;0.36;1.2;2.5;36.28;173;34;37;7;96198;0.01;5.83;0.38;0.37
1983;2;28;59;6.3;3;-1.6;1.8;0.4;-2.5;0.9;0;0.36;1.2;2.5;29.44;342;84;101;46;96024;0.25;0.6;0.39;0.37
1983;3;1;60;5.1;0.1;-4.7;0;-2.7;-5.7;0.3;-1.2;0.35;1.2;2.5;23.01;308;83;105;53;96354;0.35;0;0.4;0.37
1983;3;2;61;3.8;0.4;-4.6;-0.2;-2.1;-5.9;0.9;-3.2;0.33;1.2;2.5;18.85;194;50;53;29;97042;0.55;0.35;0.4;0.37
1983;3;3;62;3.3;0.9;-0.8;-1.5;-2.2;-2.8;0.7;-3.9;0.3;1.2;2.5;16.46;284;74;64;44;97798;0.83;0.17;0.4;0.37
1983;3;4;63;2.6;-0.6;-3.5;-3.1;-4.5;-6.2;0.7;-2.7;0.29;1.2;2.5;15.28;261;76;80;57;97780;0.78;0.01;0.4;0.38
1983;3;5;64;7.5;0.8;-4.3;-1.3;-4.2;-7.1;1.5;-0.6;0.26;1.2;2.5;12.71;398;109;113;68;97431;0.63;0;0.4;0.38
1983;3;6;65;8;3.9;-3.6;-0.2;-1.9;-6.4;2.5;-0.7;0.22;1.2;2.5;9.39;266;65;64;33;96941;0.57;0;0.4;0.38
1983;3;7;66;9;6.7;5.2;2.5;0.6;-2;3.8;-2.5;0.18;1.2;2.5;5.6;325;79;70;42;96634;0.77;0.13;0.4;0.38
1983;3;8;67;10.9;6.8;2.5;3.5;2.4;0.7;2.6;-1.3;0.15;1.2;2.5;2.51;315;83;80;49;97073;0.62;0;0.4;0.38
1983;3;9;68;16.7;8.3;-0.7;4.4;1.4;-2;1.7;-0.5;0.14;1.2;2.5;1.3;500;141;129;82;96608;1.21;0;0.4;0.38
1983;3;10;69;14.3;8.8;3.2;4.8;3.1;1.5;1.7;-1;0.13;1.3;2.5;0.58;504;140;115;79;96559;1.14;0;0.4;0.38
1983;3;11;70;12.8;6.3;1;4.4;1.2;-4.1;2.3;-2;0.13;1.3;2.5;0.3;492;122;111;60;96208;1.45;2.22;0.4;0.38
1983;3;12;71;3.6;0.6;-1.5;-2.4;-5.7;-8.5;-0.4;-2.5;0.14;1.3;2.5;0.97;472;126;104;77;97593;0.97;1.23;0.4;0.38
1983;3;13;72;4.4;-0.1;-4;-5.6;-7.4;-10;-0.5;3.3;0.14;1.3;2.6;1.11;548;158;123;96;97617;0.82;0;0.4;0.38
1983;3;14;73;7.3;2.2;-2.4;-2.3;-4.8;-7.9;-0.1;3.5;0.14;1.3;2.6;0.9;538;152;111;88;96994;1.12;0;0.39;0.38
1983;3;15;74;11.4;5.7;0.2;3.3;0.1;-4.8;0.2;4.3;0.14;1.3;2.6;0.57;527;126;98;66;96072;1.03;0;0.39;0.38
1983;3;16;75;13.7;7.8;3.1;4;3;1.9;-0.4;2.4;0.13;1.3;2.6;0.2;526;149;112;75;96245;1.25;0.04;0.39;0.38
1983;3;17;76;11.9;6.7;1.1;3.7;2.1;-0.1;0.2;-1.1;0.13;1.3;2.6;0.08;555;161;126;82;96863;1.2;0;0.39;0.38
1983;3;18;77;13.3;8;2.7;6;3.6;1.5;1.3;-0.8;0.13;1.4;2.6;0.02;455;98;89;43;96912;0.86;0.42;0.39;0.38
1983;3;19;78;13.9;8.8;4;8.4;5.7;2.9;1;-0.3;0.13;1.4;2.6;0;415;120;84;49;96558;1.16;4.62;0.39;0.38
1983;3;20;79;12.2;8.6;4.3;6.1;4.9;3.1;1.8;-1.6;0.13;1.4;2.6;0;482;133;91;57;96403;1.44;0.94;0.39;0.38
1983;3;21;80;15.3;8.5;0.9;6.3;3.9;0.2;0.6;0.7;0.13;1.4;2.6;0;533;128;111;63;96023;1.23;0.03;0.39;0.38
1983;3;22;81;8.8;5.9;2.8;6.7;2.6;-2.2;1.2;0;0.13;1.4;2.6;0.01;139;34;50;30;95239;0.92;4.63;0.39;0.38
1983;3;23;82;10;5.3;2;0.6;-1.3;-5.2;1.7;1;0.13;1.5;2.6;0.05;538;155;113;70;95580;1.7;0.32;0.39;0.38
1983;3;24;83;14.3;7.8;1.7;3.8;1.3;-2.1;1.3;4.7;0.13;1.5;2.6;0.02;577;166;108;85;94957;1.62;0.24;0.39;0.38
1983;3;25;84;11.3;7.2;2.4;7.7;4.4;-0.9;1.1;0;0.13;1.5;2.6;0;202;52;52;27;94441;0.98;4.08;0.39;0.38
1983;3;26;85;4.8;2.7;1.2;-1.2;-2.6;-3.8;1.4;-3.7;0.15;1.5;2.6;0.86;221;58;51;35;94276;1.08;2.46;0.39;0.38
1983;3;27;86;6.1;2.6;-1.8;-3.2;-4.7;-6.2;1.7;-3.6;0.15;1.5;2.6;1.15;430;132;96;70;94765;1.28;0.05;0.39;0.38
1983;3;28;87;9.8;4;-2.2;-0.4;-2.7;-5.6;0.5;2.1;0.15;1.6;2.6;0.85;460;145;104;80;94932;1.24;0;0.38;0.38
1983;3;29;88;8.8;5.3;2.3;5.2;2.8;-0.9;0.6;0.9;0.14;1.6;2.6;0.5;364;70;74;36;95546;0.85;11.26;0.38;0.38
1983;3;30;89;9.7;5.7;2.5;3;1.9;0.7;0.7;0.3;0.14;1.6;2.6;0.25;362;107;88;46;95963;1.19;0.05;0.39;0.38
1983;3;31;90;12.6;7.8;-0.3;8.5;4.9;-1;0.1;0.4;0.14;1.6;2.6;0.12;417;112;89;45;95392;0.89;0.21;0.39;0.38
1983;4;1;91;10.1;7.8;5.9;8.2;7;5.4;0;0.7;0.14;1.6;2.6;0.02;125;29;66;22;94387;0.34;6.6;0.4;0.38
1983;4;2;92;12.9;8;4.2;7;4.4;1.5;0.8;3.4;0.14;1.7;2.6;0;562;152;97;68;94223;1.7;1.51;0.4;0.38
1983;4;3;93;9.9;6.2;3.5;5.2;3.3;2;0.3;0.6;0.14;1.7;2.6;0;443;116;80;52;94748;1.89;6.69;0.4;0.38
1983;4;4;94;9.9;5.9;3;6.2;3.7;1.5;-0.7;0.6;0.14;1.7;2.6;0;396;106;76;38;94999;1.38;4.39;0.4;0.38
1983;4;5;95;9.1;4.9;0;3.3;-0.2;-3.8;1.5;-1.8;0.14;1.7;2.6;0;430;139;86;64;95052;1.74;1.3;0.4;0.38
1983;4;6;96;12.1;6.3;-0.5;3;-0.5;-4.7;1.3;1.8;0.14;1.7;2.6;0;488;146;81;62;95100;1.6;0.54;0.4;0.38
1983;4;7;97;10.9;7.3;4.4;4.7;3.5;2.5;0.3;1;0.14;1.8;2.6;0;458;129;97;50;95539;1.88;3.13;0.4;0.38
1983;4;8;98;17.4;10.3;2.3;7.8;5;1.5;1.4;2.3;0.14;1.8;2.6;0;604;173;102;69;95812;2.07;0.26;0.4;0.38
1983;4;9;99;17.3;11.8;6.1;10.1;7.3;3.4;0.1;0.4;0.15;1.8;2.6;0;436;129;88;55;95982;1.53;0.23;0.39;0.38
1983;4;10;100;17.5;12;7.2;12;9.2;6.5;0.6;0.8;0.15;1.8;2.6;0;407;120;61;46;96235;1.32;3.14;0.39;0.38
1983;4;11;101;19.2;14;8.2;11.1;7.6;4.2;1.6;3.8;0.15;1.8;2.6;0;623;203;115;83;95599;2.73;0;0.39;0.38
1983;4;12;102;11.4;7.7;5.1;5.4;2.6;-0.6;1.7;-1.7;0.15;1.9;2.6;0.03;259;82;106;56;95520;1.81;7.2;0.39;0.38
1983;4;13;103;8.2;5.3;2.2;1.4;-0.8;-2.6;2.7;-5.1;0.15;1.9;2.6;0.02;541;168;92;74;96168;2.01;1.39;0.39;0.38
1983;4;14;104;7.1;4.3;1.1;-0.6;-2.4;-3.5;3;-2.9;0.15;1.9;2.6;0.06;508;171;88;75;96589;1.85;0.86;0.39;0.38
1983;4;15;105;7.7;5.3;3.4;2.6;1.3;-0.4;2.6;-2.4;0.15;1.9;2.6;0.18;482;143;73;47;96511;1.95;2.98;0.39;0.38
1983;4;16;106;9.9;6.4;2.5;5.3;3.4;1.6;0.9;-1.7;0.15;2;2.6;0.14;463;150;84;57;96667;1.91;1.9;0.39;0.38
1983;4;17;107;12.3;8;2.2;4.7;3.6;1.4;-0.3;3.1;0.15;2;2.6;0.04;492;139;86;61;96202;1.54;0.02;0.39;0.38
1983;4;18;108;16.5;10.3;4.1;7.4;5.1;2.8;-0.9;2.5;0.15;2;2.6;0;583;186;100;78;95500;2.1;0;0.39;0.38
1983;4;19;109;20.8;13.2;4.8;8.9;6.2;3.1;1.7;2.3;0.15;2.1;2.7;0;654;218;120;89;95162;2.9;0;0.38;0.38
1983;4;20;110;18.7;14;9;9.2;7.7;5.9;0.2;1.7;0.15;2.1;2.7;0;656;184;120;82;96361;2.58;0.18;0.38;0.38
1983;4;21;111;21;15.6;9.4;10.4;8.3;5.5;0.1;4.2;0.15;2.1;2.7;0;668;215;115;86;96216;3.16;0;0.38;0.38
1983;4;22;112;15.4;12.7;9.6;10.7;8.8;6.4;1.6;-0.1;0.15;2.2;2.7;0;413;88;59;33;95664;2.22;9.02;0.38;0.38
1983;4;23;113;17.4;12.4;6.4;10.3;8.4;5.7;0;1.6;0.15;2.2;2.7;0;390;141;83;56;95680;2.15;0.53;0.38;0.38
1983;4;24;114;19.8;13.2;5.5;10.5;7.4;4.6;0.5;1.4;0.16;2.2;2.7;0;629;206;109;83;95551;2.87;0.46;0.38;0.38
1983;4;25;115;18.9;13.4;6.5;9;6.1;3.8;0.4;1.5;0.16;2.3;2.7;0;628;220;123;91;95862;3.09;0.26;0.38;0.38
1983;4;26;116;20.3;14.6;6.5;9;6.5;3.6;0.5;2;0.16;2.3;2.7;0;677;223;126;85;95981;3.27;0;0.37;0.38
1983;4;27;117;20.6;16.3;12.3;9.2;6.2;3.9;1.7;2.9;0.16;2.3;2.7;0;658;218;113;88;95882;3.62;0.25;0.37;0.38
1983;4;28;118;19;14.8;11.1;8.3;7.1;4.4;0.4;0.7;0.16;2.4;2.7;0;508;174;94;70;96306;2.88;0.51;0.37;0.38
1983;4;29;119;21.3;15.4;9.8;10.2;7.9;6;0.9;0.2;0.16;2.4;2.7;0;603;205;111;76;96092;3.35;1.86;0.36;0.38
1983;4;30;120;18;14.1;10.9;9.4;8.6;8;-0.2;-0.3;0.16;2.4;2.7;0;550;165;82;57;96044;2.8;0.84;0.36;0.38
1983;5;1;121;22;16;9.4;10.3;8.9;6.9;2;3;0.16;2.5;2.7;0;675;222;110;75;95022;3.46;0.91;0.36;0.38
1983;5;2;122;15.9;11.9;8.1;6.5;3.7;1.9;3.3;-1.8;0.16;2.5;2.7;0;633;196;116;71;95267;3.9;4.56;0.36;0.38
1983;5;3;123;17.5;10.6;5.3;7;4.4;1.7;1.2;-0.3;0.16;2.6;2.7;0;673;201;127;82;95953;2.96;5.79;0.36;0.38
1983;5;4;124;17.4;11.5;5.3;10;6.6;3.6;1.2;0.9;0.16;2.6;2.7;0;635;192;110;64;96098;3.27;9.47;0.36;0.38
1983;5;5;125;14.9;10.7;6.8;7.8;5.7;3.8;1.6;-1.7;0.16;2.6;2.7;0;616;201;95;70;96454;2.98;1.87;0.36;0.38
1983;5;6;126;14.3;10.1;6.2;5.7;4;2.5;0.2;-2.1;0.16;2.7;2.7;0;492;162;85;61;96519;2.62;0.43;0.36;0.38
1983;5;7;127;15.3;10.6;4.1;5;4.1;3.3;-0.8;1.5;0.16;2.7;2.7;0;636;217;113;76;96400;3.01;0;0.36;0.38
1983;5;8;128;12.9;10.7;9.2;10.3;7.9;3.2;-0.9;1.4;0.16;2.7;2.7;0;292;76;45;20;95512;1.76;9.11;0.36;0.38
1983;5;9;129;10.6;9.3;7.5;9.4;7.9;4.9;0.9;-2;0.16;2.8;2.7;0;212;43;75;24;95184;1.23;17.53;0.38;0.38
1983;5;10;130;16.8;12;5.6;7.1;5.7;3.7;0.4;0.5;0.16;2.8;2.7;0;573;201;103;80;95191;3.03;0.18;0.38;0.38
1983;5;11;131;18.1;13.5;8.9;8.8;7.3;5.3;0.7;2.7;0.17;2.8;2.8;0;585;179;96;65;94999;3;0.37;0.38;0.38
1983;5;12;132;19.3;15;9.1;11.4;9.3;6.2;0.4;2.8;0.17;2.9;2.8;0;589;179;93;67;95556;2.94;0.18;0.37;0.38
1983;5;13;133;21.7;17;11.2;11.5;9.7;8.2;1.1;2.5;0.17;2.9;2.8;0;675;227;115;88;95740;4.03;0.25;0.37;0.38
1983;5;14;134;23.1;17.9;10.9;12.9;10.7;8.2;0.5;1.7;0.17;2.9;2.8;0;635;217;104;77;96004;3.87;0.29;0.37;0.38
1983;5;15;135;26.3;20.7;14.5;13.3;11.7;9.2;1.4;3.3;0.17;3;2.8;0;695;243;113;84;95938;4.85;0;0.36;0.38
1983;5;16;136;25.9;20.3;14.9;12.2;10.1;8.5;0.4;3.2;0.17;3;2.8;0;554;184;97;75;95827;4.07;0;0.36;0.38
1983;5;17;137;25;20.2;14.6;11.8;10.4;9;0.8;3.5;0.17;3;2.8;0;704;249;117;93;95960;4.79;0;0.35;0.38
1983;5;18;138;22.3;17.7;12.2;12;10.1;8.2;0;-0.8;0.17;3;2.8;0;705;245;119;93;96034;4.01;0;0.35;0.38
1983;5;19;139;23;16.6;10.8;12;8.4;5;1.6;-0.2;0.17;3;2.8;0;702;243;117;84;95857;4.1;0;0.34;0.38
1983;5;20;140;20.6;15.6;10.1;8.7;7.1;4.4;0.2;0.6;0.17;3;2.8;0;700;248;126;94;96198;3.9;0;0.34;0.38
1983;5;21;141;25.8;19.9;12.9;10;9;7.8;0.5;4.1;0.17;3;2.8;0;701;249;118;94;95576;4.68;0;0.34;0.38
1983;5;22;142;26.5;20.5;14.8;13.4;11.3;8.1;-0.1;1;0.17;3;2.8;0;678;222;116;73;95701;3.98;0;0.33;0.38
1983;5;23;143;20.1;17.9;14.9;16.2;14.1;10.9;-0.6;-0.1;0.17;3;2.8;0;456;128;65;39;95442;2.2;5.86;0.33;0.38
1983;5;24;144;16.7;13.7;10;13.5;10.1;7.3;0.8;-1.5;0.17;3;2.8;0;333;110;54;33;95098;2.4;5.51;0.33;0.38
1983;5;25;145;15.1;11.3;9.2;9.6;7.6;5.9;-0.2;-0.2;0.17;3;2.8;0;446;138;77;44;95605;2.55;7.3;0.33;0.38
1983;5;26;146;15.4;12;8.8;9.1;6.6;5.9;0.2;-0.9;0.17;3;2.8;0;436;146;93;53;95922;2.63;0.62;0.34;0.38
1983;5;27;147;13.1;10.4;8.6;7.4;6.4;5.2;1.3;-1.3;0.17;3;2.8;0;345;108;58;39;96135;1.93;2.16;0.34;0.38
1983;5;28;148;16.7;12.2;6.4;8.6;6.4;4.6;0.6;0.9;0.17;3;2.8;0;545;187;100;69;96167;2.88;0.51;0.34;0.38
1983;5;29;149;17.7;12.7;6.6;12;9.8;5.9;0;0.1;0.17;3;2.8;0;622;202;97;63;95912;3.17;16.18;0.34;0.38
1983;5;30;150;19;14.1;7.4;12;8.8;7;0.2;0;0.17;3;2.8;0;702;231;117;75;96128;3.73;0.13;0.34;0.38
1983;5;31;151;22.6;16.8;9;12.5;9.7;7.4;0.1;1.1;0.17;3;2.8;0;705;242;118;81;96560;3.94;0.09;0.34;0.38
1983;6;1;152;24.3;18.8;11.8;12.3;10.7;8.1;-0.2;2.5;0.17;3;2.8;0;711;255;115;85;96670;4.46;0;0.34;0.38
1983;6;2;153;25.9;19.7;14;15.2;12.7;10.4;0.7;1;0.17;3;2.8;0;683;231;105;71;96688;4.21;1.68;0.33;0.37
1983;6;3;154;23.3;19.4;15.3;14.5;12.6;10.8;0.6;-1.7;0.17;3;2.8;0;581;208;93;63;97007;4.01;1.69;0.33;0.37
1983;6;4;155;25.3;20;12.8;16.1;12;10.1;-0.1;-0.1;0.17;3;2.8;0;674;242;113;78;97113;4.13;0.02;0.33;0.37
1983;6;5;156;27.2;21.4;14.4;16.2;13.8;11.3;1.1;1;0.17;3;2.8;0;669;231;108;71;96633;4.15;0.11;0.33;0.37
1983;6;6;157;18.9;16.4;11.4;14.5;9.8;3.3;0;-3.8;0.17;3;2.8;0;432;157;90;58;96593;2.98;0.66;0.32;0.37
1983;6;7;158;16.6;12.6;9.1;5.6;3.6;0.8;-0.1;-3.4;0.17;3;2.8;0;692;228;125;87;97278;3.41;0;0.32;0.37
1983;6;8;159;21.3;15.7;8.1;8;5.3;1.2;0.2;2.6;0.17;3;2.8;0;727;268;129;98;97293;4.06;0;0.32;0.37
1983;6;9;160;27.2;19.6;12.1;17.1;11.8;5.1;1.2;0.9;0.17;3;2.8;0;717;241;123;80;96775;4.09;2.5;0.31;0.37
1983;6;10;161;24.2;20.1;16.3;16.4;13.8;10.8;1.6;-1.8;0.17;3;2.8;0;573;195;95;65;96427;3.47;0.08;0.31;0.37
1983;6;11;162;21.4;17.7;15.2;13.8;12.4;10.7;0.6;-2.7;0.17;3;2.8;0;512;178;81;56;96187;2.96;0.86;0.31;0.37
1983;6;12;163;21.8;17.5;12.6;10.7;8.9;6.3;0;-2.5;0.17;3;2.8;0;624;215;105;70;96297;3.56;0.03;0.31;0.37
1983;6;13;164;22.2;17.5;13.3;10.6;9.5;7.9;-0.2;-1.2;0.17;3;2.8;0;502;167;95;53;96121;2.91;0.82;0.3;0.37
1983;6;14;165;20.4;15.8;11.7;12.2;11.1;9.9;1.1;-2.1;0.17;3;2.8;0;603;181;88;62;96315;3.11;3.24;0.3;0.37
1983;6;15;166;18.5;14.4;10.1;10.8;7.9;3.3;2.6;-3.9;0.17;3;2.8;0;589;204;91;68;96530;3.07;0.4;0.3;0.37
1983;6;16;167;12.7;10.7;9.1;7;5.6;3.6;1.4;-5.4;0.17;3;2.8;0;519;172;81;52;96627;3.11;4.84;0.3;0.37
1983;6;17;168;15.2;11.6;8.4;6.9;5.2;3.5;0.9;-4.6;0.17;3;2.8;0;398;137;87;47;96664;2.82;0.8;0.3;0.37
1983;6;18;169;13.5;11.6;8.9;7.8;6;3.8;1.6;-3.9;0.17;3;2.8;0;360;118;73;49;96779;1.62;0.04;0.3;0.37
1983;6;19;170;14.3;12.4;11;11.1;9.7;7.9;2;-3.7;0.17;3;2.8;0;258;55;48;20;96381;1.77;11.86;0.3;0.37
1983;6;20;171;17.9;14.7;11.9;15.2;13.2;10.8;1.4;-2.3;0.17;3;2.8;0;345;98;41;16;96354;2.13;8.23;0.31;0.37
1983;6;21;172;21;17.3;12.7;15.2;13.9;12.4;-0.4;0.4;0.17;3;2.8;0;594;188;81;50;96506;3.26;1.96;0.31;0.37
1983;6;22;173;18.3;15.8;12.8;16.7;14.8;12.2;0;-1.3;0.17;3;2.8;0;179;80;53;34;96331;1.26;11.22;0.32;0.37
1983;6;23;174;20.7;16.2;12;12.7;11;9.9;-1;-0.3;0.17;3;2.8;0;677;239;121;79;96437;3.81;0.12;0.32;0.37
1983;6;24;175;22.8;17.8;11;12.9;11.2;9.7;0;2.3;0.16;3;2.8;0;696;255;111;86;96515;4.13;0;0.32;0.37
1983;6;25;176;24.8;19.6;13.6;15.8;13.5;10.5;0.5;1.9;0.16;2.9;2.8;0;676;242;101;78;96491;4.11;0.57;0.31;0.37
1983;6;26;177;24;19.4;14.5;17.7;16;13.4;0.9;0.2;0.16;2.9;2.8;0;585;179;86;59;96397;3.05;8.29;0.31;0.37
1983;6;27;178;24.6;20.1;14.2;16.9;15.5;13.6;0.5;0.8;0.16;2.9;2.8;0;608;200;92;60;95874;3.59;2.76;0.32;0.37
1983;6;28;179;18.9;16.7;13.6;15.2;13.9;10.7;1.2;-1.7;0.16;2.9;2.8;0;231;81;44;31;95786;2.44;15.46;0.33;0.37
1983;6;29;180;18;14.7;11.2;10.1;8.1;6.7;0.2;-2.5;0.16;2.9;2.8;0;465;187;90;66;96294;3.34;0.07;0.33;0.37
1983;6;30;181;21.5;16.5;9.4;11.8;9.3;7.9;-0.2;0.8;0.16;2.9;2.8;0;605;214;99;72;96182;3.54;0.01;0.33;0.37
1983;7;1;182;23.6;18.1;12.2;13.8;11.4;9.1;0.8;0.4;0.16;2.9;2.8;0;653;224;102;70;96196;4.19;1.75;0.32;0.37
1983;7;2;183;21.3;18;14.9;13.9;12.5;10;1.8;-3.8;0.16;2.9;2.8;0;558;196;83;58;96678;3.36;0.18;0.32;0.37
1983;7;3;184;23.1;19.1;15.1;12.9;12.3;11.8;0.3;-2.7;0.16;2.9;2.8;0;658;225;96;74;96741;3.92;0;0.32;0.37
1983;7;4;185;24.3;19.7;13.6;14.3;12.3;11.4;0.4;-1.6;0.16;2.9;2.7;0;640;232;100;69;96641;3.94;0;0.31;0.37
1983;7;5;186;26.2;21.3;14.8;15.3;13.5;11.7;-0.4;0.1;0.16;2.9;2.7;0;671;222;102;71;96759;3.78;0;0.31;0.36
1983;7;6;187;27.5;22.5;16.6;17.4;15.4;13.6;-0.3;1.9;0.16;2.8;2.7;0;594;219;93;64;96591;3.81;0.21;0.31;0.36
1983;7;7;188;27.9;22.5;17.4;19.1;16.9;15.1;0;1.2;0.16;2.8;2.7;0;665;234;96;63;96159;3.96;7.26;0.3;0.36
1983;7;8;189;26;21.5;16.6;17.7;16.8;15.7;0.7;-1.8;0.16;2.8;2.7;0;604;208;81;56;96059;4.06;4.52;0.31;0.36
1983;7;9;190;26.6;22;17.3;15.9;11.9;9.5;0.3;-2.7;0.16;2.8;2.7;0;716;261;121;91;96377;4.87;0;0.31;0.36
1983;7;10;191;26.9;22;15.7;14.2;12.5;11.4;0;-2;0.16;2.8;2.7;0;542;211;100;69;96581;3.93;0.17;0.3;0.36
1983;7;11;192;27.5;21.6;17.3;15.2;13.1;11.6;0.9;-2.3;0.16;2.8;2.7;0;687;221;105;69;96492;4.04;2.85;0.3;0.36
1983;7;12;193;24.5;20.9;17.4;15;13.7;12.1;2;-2.8;0.16;2.8;2.7;0;483;159;71;51;96227;3.68;3.45;0.3;0.36
1983;7;13;194;25.3;21.6;17.9;16.3;14.7;13.7;2.7;-2.5;0.16;2.8;2.7;0;592;205;89;64;95957;4.13;1.79;0.3;0.36
1983;7;14;195;22.4;19.6;17;13.6;12.2;11.4;1.9;-3.5;0.16;2.8;2.7;0;653;204;93;63;96126;3.51;0.44;0.3;0.36
1983;7;15;196;23.4;19.5;15.9;14.2;12.8;11.3;1;-2.5;0.16;2.8;2.7;0;563;195;90;62;96355;3.25;0.23;0.29;0.36
1983;7;16;197;26.2;21.3;14.8;16.2;12.7;10.5;0.8;-0.5;0.16;2.8;2.7;0;609;208;99;71;96378;3.42;0;0.29;0.36
1983;7;17;198;28;22.9;16.2;17.1;13.4;11.8;0.5;-0.9;0.16;2.8;2.7;0;642;222;105;73;96544;3.64;0.02;0.29;0.36
1983;7;18;199;30.2;24.5;16.4;15.9;14.1;13.1;0.8;2;0.16;2.8;2.7;0;669;234;108;77;96533;3.84;0;0.28;0.36
1983;7;19;200;30.8;25.4;19.1;19.2;16.4;13.9;1.4;-0.4;0.16;2.7;2.7;0;624;221;97;69;96552;3.76;0.69;0.28;0.36
1983;7;20;201;28.2;22.2;16.5;17.3;15.2;8.8;1.1;-1.9;0.16;2.7;2.7;0;593;167;89;60;96468;3.2;2.96;0.28;0.36
1983;7;21;202;20.3;16.7;12.6;8.5;5.5;3;0.8;-3.3;0.16;2.7;2.7;0;672;217;121;75;96693;3.52;0.73;0.28;0.36
1983;7;22;203;25.2;18.5;10.1;14.5;9.5;5.1;1.2;-0.7;0.16;2.7;2.7;0;679;243;116;86;96513;3.3;0;0.28;0.36
1983;7;23;204;28.4;22.3;15.2;15.5;12.6;10.7;1.2;-2.2;0.16;2.7;2.7;0;687;242;114;79;96004;3.51;0;0.27;0.36
1983;7;24;205;28.3;21.9;17.3;17.9;14;10.4;0.3;0;0.16;2.7;2.7;0;676;193;109;66;95830;2.92;3.23;0.27;0.36
1983;7;25;206;24.4;20.5;16.5;15.8;14.3;10.4;0.2;-2.2;0.16;2.7;2.7;0;621;194;89;60;96254;2.89;0.24;0.27;0.36
1983;7;26;207;28.3;22.8;16.2;12.9;11.4;8.7;-0.2;-0.1;0.16;2.7;2.7;0;660;239;120;84;96610;3.38;0;0.27;0.36
1983;7;27;208;34.2;26.5;16.6;20.8;16.5;13;0.7;0.7;0.16;2.7;2.7;0;681;237;124;77;96509;3.4;0.05;0.27;0.36
1983;7;28;209;33.5;27.5;21.3;19.5;16.6;14.6;1.1;-1.2;0.16;2.7;2.7;0;686;219;116;78;96336;3.47;1.52;0.26;0.36
1983;7;29;210;23.7;21.2;19.3;17.6;16.2;12.9;1.2;-2.5;0.16;2.7;2.7;0;397;106;62;44;96287;2.82;10.23;0.27;0.36
1983;7;30;211;25.8;22;19.1;15;13.8;12.7;2;-2.9;0.16;2.7;2.7;0;448;149;85;48;96434;2.84;0.1;0.27;0.36
1983;7;31;212;27.7;22.5;16.6;15.1;14.1;12.2;-0.7;0.4;0.16;2.7;2.7;0;673;233;111;79;96429;3.44;0;0.27;0.36
1983;8;1;213;31.7;25.4;18.8;16.1;14.9;13.6;-0.2;3.3;0.16;2.7;2.7;0;674;236;105;78;95814;3.76;0.01;0.26;0.36
1983;8;2;214;26;21.9;18.4;18.1;15.8;14;1.4;-1.3;0.16;2.7;2.7;0;534;148;78;47;95891;3.05;10.54;0.27;0.35
1983;8;3;215;18.1;15.8;12.2;17.2;10.9;7.9;2.6;-2.9;0.16;2.7;2.7;0;346;116;78;35;95876;2.91;6.3;0.27;0.35
1983;8;4;216;15.8;12.5;10.7;8.7;7.5;6.7;2.3;-3.4;0.16;2.6;2.7;0;418;121;82;42;96442;3.12;4.69;0.28;0.35
1983;8;5;217;18.5;14.2;11.2;10.5;8.7;6.6;1.9;-0.3;0.16;2.6;2.7;0;426;126;78;38;96220;2.58;3.58;0.28;0.35
1983;8;6;218;16.9;13.8;11.4;11.8;10.4;8.8;0.6;-0.3;0.16;2.6;2.7;0;369;101;71;40;96340;2.02;4.28;0.28;0.35
1983;8;7;219;18.7;14.8;10.9;12.6;11;8.5;1.1;-2.6;0.16;2.6;2.7;0;444;156;79;50;96502;2.47;3.45;0.28;0.35
1983;8;8;220;21.6;17.3;13.9;15.4;14;12.1;1.4;-3.3;0.16;2.6;2.7;0;386;136;82;36;96767;2.64;1.91;0.28;0.35
1983;8;9;221;24;19.6;15.7;14.9;13.9;12.6;0.9;-2.5;0.16;2.6;2.7;0;606;190;99;59;96842;3;0.15;0.28;0.35
1983;8;10;222;25.4;20.3;14.3;16.2;14.1;12.8;0.5;-1.2;0.16;2.6;2.7;0;598;197;99;68;96299;2.95;0.23;0.28;0.35
1983;8;11;223;25.3;20.5;15.3;13.1;11.8;10.5;0.6;-2.3;0.16;2.6;2.7;0;634;215;112;77;95755;3.35;0.01;0.27;0.35
1983;8;12;224;25.3;20.7;16.6;14.6;13.4;11.6;1.2;-2;0.16;2.6;2.7;0;624;186;94;63;95597;2.99;0.97;0.27;0.35
1983;8;13;225;21;18.1;14.2;14.3;10.6;5.8;2.1;-2.5;0.16;2.6;2.7;0;292;100;84;57;95641;1.84;0.16;0.27;0.35
1983;8;14;226;19.1;16;12.8;9.8;7.7;5.9;1.4;-2.8;0.16;2.6;2.7;0;407;143;79;61;96557;2.16;0.1;0.27;0.35
1983;8;15;227;22.9;17.7;12.5;9.5;8.7;7.9;0.1;1.5;0.16;2.6;2.7;0;620;204;113;81;96922;2.75;0;0.27;0.35
1983;8;16;228;24.9;19.8;14.5;10.6;9.6;8;0.3;3.3;0.16;2.6;2.7;0;653;221;117;91;96563;3.09;0;0.26;0.35
1983;8;17;229;24.2;19.5;14.4;15.2;13;10;0.8;-0.8;0.15;2.6;2.7;0;557;161;91;62;96199;2.37;0.81;0.26;0.35
1983;8;18;230;24.7;20.4;16.4;14.4;13.5;12.4;0.6;-2.2;0.15;2.6;2.7;0;558;182;85;63;96522;2.62;0.9;0.26;0.35
1983;8;19;231;25.6;20.7;15;15.2;13.4;11.8;-0.1;0.1;0.15;2.6;2.7;0;576;182;95;69;96693;2.5;0.09;0.26;0.35
1983;8;20;232;26.8;21.5;14.8;14.7;12.2;10.9;0.1;1.1;0.15;2.6;2.7;0;588;189;106;75;96624;2.58;0;0.26;0.35
1983;8;21;233;27.3;21.7;15.1;14.2;12.4;10.9;0.6;0.9;0.15;2.6;2.7;0;592;187;114;77;96503;2.52;0;0.26;0.35
1983;8;22;234;26.8;21.5;15.6;14.5;12.9;11.6;1;-0.4;0.15;2.6;2.7;0;545;168;106;68;96521;2.3;0.26;0.25;0.35
1983;8;23;235;27.1;21.6;16;15.3;13.7;12.1;0.5;0;0.15;2.5;2.7;0;612;190;114;73;96589;2.49;0.56;0.25;0.35
1983;8;24;236;27.3;21.9;15.7;15;13.4;12.5;-0.5;2;0.15;2.5;2.7;0;502;164;84;55;96362;2.43;0.57;0.25;0.35
1983;8;25;237;20.2;19;16.5;18.1;16.1;13.5;-0.8;0.1;0.15;2.5;2.7;0;272;77;51;31;96303;1.79;12.82;0.26;0.35
1983;8;26;238;24.2;19.8;14.2;16.9;15;13.4;0.1;-0.3;0.15;2.5;2.7;0;528;167;89;60;96471;2.52;0.46;0.26;0.35
1983;8;27;239;25.8;20.8;15.6;14.8;13.5;12.2;0.6;-1.4;0.15;2.5;2.7;0;544;177;94;68;96542;2.55;0;0.26;0.35
1983;8;28;240;25.7;21.2;15.5;16.1;13.2;11.5;-0.2;0.2;0.15;2.5;2.7;0;588;184;113;70;96542;2.46;0.11;0.26;0.35
1983;8;29;241;25.2;20.5;17;15.2;13.9;12.9;-0.6;-1.3;0.15;2.5;2.7;0;569;165;99;53;96361;2.47;3.79;0.26;0.35
1983;8;30;242;21.7;18.2;15.4;14.6;14.2;13.6;-0.2;-1.2;0.15;2.5;2.7;0;293;93;71;39;96587;1.78;1.77;0.26;0.35
1983;8;31;243;23;19.2;15.3;17;15.1;12.7;-0.6;1.1;0.15;2.5;2.7;0;511;146;74;54;96608;1.89;0.88;0.26;0.35
1983;9;1;244;24.1;19.8;15.2;13.9;12.1;9.4;-0.8;2.9;0.15;2.5;2.7;0;600;189;107;76;96435;2.63;0;0.26;0.35
1983;9;2;245;24;20.1;15.8;14.3;12.3;8.7;-0.5;3.2;0.15;2.5;2.7;0;542;146;80;58;96200;2.14;0.03;0.25;0.35
1983;9;3;246;24.8;18.5;11.3;16.9;13.5;7.6;0.6;0;0.15;2.5;2.7;0;411;134;76;45;96094;3.3;25.18;0.26;0.35
1983;9;4;247;17.1;14.4;12.3;7.8;6.3;4;2.6;-3.7;0.15;2.5;2.7;0;423;129;94;63;96590;2.52;0.25;0.27;0.35
1983;9;5;248;20.7;15.6;9.3;12.2;8.9;4;1.4;-0.7;0.15;2.5;2.7;0;489;142;96;69;96910;2.02;0.05;0.27;0.34
1983;9;6;249;21.3;16.9;13.5;12.7;11.1;8.2;1.3;-1.2;0.15;2.5;2.7;0;526;147;95;59;96725;2.08;0.19;0.27;0.34
1983;9;7;250;16.6;13.9;9.8;11.4;5.5;2.1;2.1;-2.1;0.15;2.5;2.7;0;611;160;122;72;96382;2.25;0.07;0.27;0.34
1983;9;8;251;19.5;13.8;8.2;7.3;4.7;2.9;1.2;0.9;0.15;2.5;2.7;0;534;162;114;83;96390;2.2;0;0.27;0.34
1983;9;9;252;23.8;17.1;10.6;13.8;10.2;6;1;2.5;0.15;2.5;2.7;0;561;174;109;82;95824;2.34;0;0.26;0.34
1983;9;10;253;25.9;20.2;14.6;15;12.6;11;1.8;3.6;0.15;2.5;2.7;0;576;179;105;82;95433;2.56;0;0.26;0.34
1983;9;11;254;19.9;15.8;12.8;15.5;12.5;10.2;0.3;-0.7;0.15;2.5;2.7;0;284;84;77;40;95429;1.92;9.3;0.26;0.34
1983;9;12;255;15.4;12.8;10.9;9.9;6.5;4.6;1.9;-2.7;0.15;2.5;2.7;0;228;68;82;34;95772;2.11;3.9;0.27;0.34
1983;9;13;256;17.4;12.8;9.1;8.9;6;4.5;1.4;-0.7;0.15;2.5;2.7;0;536;161;119;80;96560;2.15;0.6;0.27;0.34
1983;9;14;257;19.9;14.2;8;10.2;8.8;5.9;0.7;1.8;0.15;2.5;2.7;0;563;162;109;75;96792;2.05;0;0.27;0.34
1983;9;15;258;22.5;17.3;11.1;12.9;11.3;9.2;0.2;2.2;0.15;2.5;2.7;0;562;168;116;82;96143;2.2;0.02;0.27;0.34
1983;9;16;259;22.3;17.4;11.7;13;12;10.4;0.6;1.3;0.15;2.4;2.7;0;479;139;92;68;95320;2.01;3.63;0.27;0.34
1983;9;17;260;14.4;12;9.4;10.6;6.2;3.3;1.2;-2.7;0.15;2.4;2.7;0;223;62;75;43;95282;2.1;14.98;0.28;0.34
1983;9;18;261;15.5;12.9;10.7;6.8;5.9;4.6;2.5;-5;0.14;2.4;2.7;0;362;100;80;59;96088;1.67;0.02;0.28;0.34
1983;9;19;262;19.2;14.1;9.5;10.3;7.9;6;0.9;-2;0.14;2.4;2.7;0;556;167;114;87;96675;2.11;0;0.28;0.34
1983;9;20;263;22.6;15.3;8.7;12.1;10.1;7.5;1.5;-2.1;0.14;2.3;2.7;0;541;152;110;72;96843;2.09;0.05;0.28;0.34
1983;9;21;264;20.5;15.2;10.3;11.2;9.7;8.2;0.6;0.2;0.14;2.3;2.7;0;546;160;118;82;96760;1.97;0;0.27;0.34
1983;9;22;265;23;17.3;12.9;13.1;10.7;7.1;1.5;-0.9;0.14;2.3;2.7;0;435;116;93;62;96723;1.86;0.45;0.27;0.34
1983;9;23;266;17;13.2;9.7;8;7.2;6.2;0.2;-1.6;0.14;2.3;2.7;0;442;131;105;75;97518;1.53;0;0.27;0.34
1983;9;24;267;18.5;13.6;9.5;10.2;7.5;4.2;0.5;1.1;0.14;2.2;2.7;0;509;149;110;80;97393;1.6;0;0.27;0.34
1983;9;25;268;15.8;13.2;10.1;13.6;6.6;1.3;1.7;-3.6;0.14;2.2;2.7;0;533;107;107;65;97018;1.97;6.7;0.28;0.34
1983;9;26;269;16.1;11.7;7.6;6.1;4;2;0.5;-2.2;0.14;2.2;2.7;0;535;156;124;85;97678;1.84;0;0.27;0.34
1983;9;27;270;18.6;11.9;5.5;7.7;5.6;3.5;0.6;1.1;0.14;2.1;2.7;0;534;155;128;89;97436;1.71;0;0.27;0.34
1983;9;28;271;20;12.9;5.8;11;7.7;3.8;0.5;1;0.14;2.1;2.6;0;528;152;125;86;96963;1.6;0;0.27;0.34
1983;9;29;272;19.3;14.3;9.9;12.1;10.4;7.3;-0.2;1;0.14;2.1;2.6;0;500;144;112;79;96679;1.36;0;0.27;0.34
1983;9;30;273;21.8;16.3;10.8;12.8;11.6;10;0.7;0.1;0.14;2.1;2.6;0;495;133;105;67;96147;1.54;0.06;0.27;0.34
1983;10;1;274;14.4;10.2;4.9;11;2.2;-3.3;0.2;-4;0.14;2;2.6;0;457;123;125;78;97122;1.38;0.02;0.27;0.34
1983;10;2;275;13;8;2.4;3.2;1.2;-1.5;0.8;2.2;0.14;2;2.6;0;480;135;122;80;97459;1.17;0.05;0.27;0.34
1983;10;3;276;19.5;13.5;8.5;12.7;9.6;3.5;1.2;0.4;0.14;2;2.6;0;347;83;68;42;97104;1.01;1.04;0.27;0.34
1983;10;4;277;23.5;16.5;10.5;13.9;11.6;9.2;1.1;0.3;0.14;2;2.6;0;480;133;105;67;97007;1.45;0;0.27;0.34
1983;10;5;278;24;17.1;11.4;14.6;12.3;10;0.8;0.9;0.14;1.9;2.6;0;484;135;115;77;96887;1.38;0;0.26;0.34
1983;10;6;279;22.5;15.8;11.2;12.2;10.1;6.8;1.8;-1.1;0.14;1.9;2.6;0;395;111;92;66;96647;1.63;1.12;0.26;0.34
1983;10;7;280;17.6;13;9.8;7.8;6.3;5.1;1.3;-0.3;0.14;1.9;2.6;0;436;116;114;85;96895;1.23;0;0.26;0.34
1983;10;8;281;17.7;12.2;7.4;9.3;8.1;6.7;0.9;0.8;0.14;1.9;2.6;0;358;104;95;67;96396;0.98;0;0.26;0.34
1983;10;9;282;14;10.4;8;10.3;5.9;2;2;-1.2;0.14;1.8;2.6;0;303;53;99;51;95806;1.11;1.94;0.26;0.34
1983;10;10;283;15.9;10.7;7;9.5;7.1;3.2;0.7;1.5;0.14;1.8;2.6;0;223;47;76;38;96496;0.74;1.78;0.26;0.34
1983;10;11;284;13;10.5;8.2;11.7;9.4;5.7;0.7;-0.3;0.14;1.8;2.6;0;72;18;50;22;96372;0.62;26.45;0.27;0.34
1983;10;12;285;11.6;8.4;5;5.2;2.6;0.9;2.7;-2.6;0.14;1.8;2.6;0;431;106;102;70;96748;1.63;0.43;0.29;0.34
1983;10;13;286;15.1;9.2;3.3;4.3;3;1.1;0.6;2.1;0.14;1.7;2.6;0;457;123;116;83;96985;1.29;0;0.29;0.34
1983;10;14;287;16.4;10.9;7;8.5;6;2.8;0.1;2.5;0.14;1.7;2.6;0;447;120;111;84;96759;1.15;0;0.29;0.34
1983;10;15;288;18.9;11.9;6.9;10.6;7.8;5.6;0.5;1.8;0.14;1.7;2.6;0;442;117;104;74;96430;1.1;0;0.29;0.34
1983;10;16;289;18.8;13.5;8.4;10.6;8.4;6.5;1.9;3.9;0.14;1.7;2.6;0;436;110;108;74;95750;1.25;0;0.29;0.34
1983;10;17;290;10.7;7.7;5.6;7.7;5.5;4;1.3;-3.1;0.13;1.7;2.6;0.01;47;10;51;15;95933;1.72;27.46;0.3;0.34
1983;10;18;291;11.2;7.7;3.9;3.7;1.9;0.2;1.9;-3.3;0.13;1.6;2.6;0;314;87;97;64;96881;1.14;0.02;0.31;0.34
1983;10;19;292;15.5;9.5;3.6;7.1;4.3;0.6;1.2;1.2;0.13;1.6;2.6;0;418;105;108;58;97117;1.04;0;0.31;0.34
1983;10;20;293;14;10.8;8.3;9.6;8.3;6.3;0.9;-0.6;0.13;1.6;2.6;0;222;38;66;31;97058;0.43;0.91;0.31;0.34
1983;10;21;294;9.7;7.7;4.1;7.9;2.4;-2;0.5;-3.2;0.13;1.6;2.6;0;309;74;93;54;97286;1.14;0.4;0.31;0.34
1983;10;22;295;7.3;5;3.4;0.7;-0.3;-2;0.9;-3.1;0.13;1.6;2.6;0;235;61;88;55;98089;0.85;0.51;0.31;0.34
1983;10;23;296;8.3;4.4;0.5;1.5;0.4;-0.7;0.3;0.8;0.13;1.6;2.6;0;357;90;93;75;97961;0.63;0;0.31;0.34
1983;10;24;297;8.8;4;0.6;1.1;-0.2;-1.4;0.5;2.2;0.13;1.6;2.6;0;421;108;117;88;97231;0.74;0;0.31;0.34
1983;10;25;298;6.2;3;0.1;1.5;0.3;-1.7;1.1;-2.2;0.13;1.6;2.6;0;268;69;62;51;97405;0.47;0;0.31;0.34
1983;10;26;299;11.4;6.3;0.3;3;1.2;-1.3;1.2;0.4;0.13;1.6;2.6;0;311;72;98;43;97210;0.65;0;0.31;0.34
1983;10;27;300;15.3;9.2;3.7;5.9;3.5;0.7;0.7;1.1;0.13;1.6;2.6;0;398;100;116;74;96994;0.87;0;0.31;0.34
1983;10;28;301;15.4;8.5;3.3;8.4;5.2;2;0.8;0.5;0.13;1.5;2.6;0;393;98;116;76;96483;0.72;0;0.3;0.34
1983;10;29;302;9.6;7.3;5.3;5.4;3.8;1.3;0.8;-2.1;0.13;1.5;2.6;0;234;55;69;38;96702;0.46;0.07;0.3;0.34
1983;10;30;303;8.6;7.2;5.9;6.2;5.3;4.4;-0.1;0.5;0.13;1.5;2.6;0;74;19;20;12;96927;0.21;0.17;0.3;0.34
1983;10;31;304;11.3;7.7;5.1;6.3;3.7;0.4;1.6;-1.2;0.12;1.5;2.6;0;300;67;83;49;96616;0.6;0.13;0.3;0.34
1983;11;1;305;8.6;5.9;1.7;2.8;1.5;0.3;1.4;-2.8;0.12;1.5;2.6;0;231;58;72;59;97348;0.61;0.14;0.3;0.33
1983;11;2;306;11.6;5.1;0.2;2.9;1.1;-1.3;0.9;1.3;0.12;1.5;2.6;0;357;89;113;78;97668;0.65;0;0.3;0.33
1983;11;3;307;8.1;5.3;1;5.8;4;0.2;-0.1;2.9;0.12;1.5;2.6;0;175;46;59;37;97370;0.23;0.06;0.3;0.33
1983;11;4;308;11;7.3;4.3;6.6;5.7;4.1;0;1.7;0.12;1.5;2.6;0;245;57;67;42;96774;0.38;0.01;0.3;0.33
1983;11;5;309;10.5;6.3;2.9;6.2;4.6;2.8;0.5;-0.1;0.12;1.5;2.6;0;189;44;71;38;96756;0.32;0.12;0.3;0.33
1983;11;6;310;12.2;6.2;1.4;6.4;4.1;0.9;0.6;0.9;0.12;1.4;2.6;0;320;79;99;66;97093;0.41;0;0.3;0.33
1983;11;7;311;11.7;7.2;4.4;6.1;4.8;3.4;0.5;2.6;0.12;1.4;2.6;0;322;79;92;69;97282;0.47;0;0.3;0.33
1983;11;8;312;11.1;6.5;4.2;5.3;4.3;3.2;0.1;2.4;0.12;1.4;2.6;0;332;76;100;67;97260;0.43;0.03;0.3;0.33
1983;11;9;313;8.9;5.1;1.3;4.6;3.6;1.1;-0.1;1;0.12;1.4;2.6;0;251;52;87;47;97307;0.32;0.03;0.3;0.33
1983;11;10;314;7.9;3.5;0.4;4;2.2;0;0.1;0.8;0.12;1.4;2.6;0;199;48;72;45;97013;0.24;0;0.3;0.33
1983;11;11;315;10.9;4.8;0.7;3.6;1.7;-0.6;0.6;-2.3;0.12;1.4;2.6;0;321;64;99;44;96631;0.61;0.45;0.3;0.33
1983;11;12;316;1.7;-0.3;-2.6;-0.9;-5.1;-7.1;-0.2;-2.3;0.12;1.4;2.6;0.04;318;75;108;79;97202;0.47;0.03;0.3;0.33
1983;11;13;317;0.8;-2.4;-5;-6.5;-8.5;-12.1;0;-2.2;0.12;1.4;2.6;0.05;306;67;93;75;97114;0.26;0;0.3;0.33
1983;11;14;318;-1.9;-4.3;-5.7;-9.5;-10.6;-12.3;-0.6;-0.2;0.12;1.4;2.6;0.05;318;68;121;77;97281;0.07;0.02;0.3;0.33
1983;11;15;319;0.1;-3.8;-7.8;-10;-10.9;-11.6;0.8;1.7;0.12;1.3;2.6;0.05;340;73;110;74;96120;0;0;0.3;0.33
1983;11;16;320;5.1;0;-2.3;-2.4;-5.9;-9.9;1.2;0.4;0.12;1.3;2.6;0.05;262;58;87;49;95587;0.07;0;0.3;0.33
1983;11;17;321;3.8;-0.1;-3.2;-1.9;-3.5;-4.7;0.5;-0.8;0.12;1.4;2.6;0.11;282;54;85;55;96040;0.11;0.03;0.3;0.33
1983;11;18;322;1.4;-1;-3.2;-2.4;-3.8;-4.6;0.1;0.8;0.12;1.4;2.6;0.14;204;44;65;45;96527;0.07;0.05;0.3;0.33
1983;11;19;323;2;-1.9;-3.9;-3.2;-4.2;-5;0.6;0;0.12;1.4;2.6;0.15;231;47;86;56;96834;0.05;0.02;0.3;0.33
1983;11;20;324;2.6;-2.3;-4.7;-4.2;-5.3;-6.3;0.7;2.1;0.12;1.4;2.6;0.15;320;72;110;79;96250;0.08;0;0.3;0.33
1983;11;21;325;4.2;-1;-5;-2.9;-5.1;-6.9;1.3;-0.2;0.12;1.4;2.6;0.15;250;55;83;64;95806;0.04;0;0.3;0.33
1983;11;22;326;1.9;-1.3;-4;-4.7;-7;-9;1.8;-1.4;0.12;1.4;2.6;0.16;269;60;88;78;96602;0.06;0;0.3;0.33
1983;11;23;327;3.8;-1.5;-4.4;-4;-6.4;-7.3;0.9;0.6;0.12;1.4;2.6;0.16;306;68;114;79;96930;0.04;0;0.3;0.33
1983;11;24;328;3.2;-1.5;-4.2;-3.7;-5.5;-7.2;0.3;2.2;0.12;1.4;2.6;0.15;268;62;104;76;97397;0;0;0.3;0.33
1983;11;25;329;2.2;-0.9;-4.2;-0.7;-4.6;-6.7;0.6;1.8;0.12;1.4;2.6;0.15;127;32;79;36;96964;0.06;0.32;0.3;0.33
1983;11;26;330;4.1;2.2;0.9;2.1;0.2;-1.2;1.5;1.8;0.12;1.4;2.6;0.15;61;12;48;14;95734;0.29;1.68;0.3;0.33
1983;11;27;331;7.5;4.4;1.4;5.7;2.7;-0.3;1.6;2.5;0.11;1.4;2.6;0.09;153;24;39;17;93941;0.58;12.86;0.3;0.33
1983;11;28;332;8.4;5;1.4;4;2.3;0.3;2.4;-0.8;0.11;1.4;2.6;0.02;160;37;65;37;93985;0.58;1.49;0.31;0.33
1983;11;29;333;4.9;3.4;1.7;2.9;1.2;-1.2;1.8;-2.1;0.11;1.4;2.6;0;178;36;61;34;95454;0.83;1.96;0.31;0.33
1983;11;30;334;2.5;0.5;-2.7;-0.4;-3.9;-7;2.2;-2.6;0.12;1.4;2.6;0.4;256;53;94;65;96138;0.72;2.49;0.32;0.33
1983;12;1;335;-3.1;-4.3;-5.4;-7.7;-11;-13.2;1.1;-5.6;0.14;1.4;2.6;1.66;219;45;97;66;97416;0.35;0.42;0.31;0.33
1983;12;2;336;-4.1;-5.5;-8.3;-8.6;-11.1;-13.6;0.3;-4.2;0.14;1.4;2.6;1.85;241;50;106;76;98051;0.08;0.21;0.31;0.33
1983;12;3;337;-3.1;-6.1;-8.4;-12.1;-13.4;-15.2;0;-0.4;0.14;1.4;2.6;1.82;273;58;104;74;97983;0.03;0;0.31;0.33
1983;12;4;338;1.6;-3;-5.3;-4.9;-7.7;-11.9;0.4;1.4;0.14;1.4;2.6;1.76;258;53;97;62;97763;0.04;0;0.31;0.33
1983;12;5;339;2.5;-2.4;-5.3;-3.1;-5.2;-7.3;0.5;1.5;0.14;1.4;2.6;1.66;256;55;96;67;97437;0.03;0;0.31;0.33
1983;12;6;340;2;-1.5;-4.2;-2.3;-4.1;-5.4;0.8;0.4;0.14;1.4;2.6;1.58;222;46;92;54;96601;0.07;0.44;0.31;0.33
1983;12;7;341;0.9;-0.9;-2.5;-3.8;-5.4;-6.4;2.2;-3.9;0.14;1.4;2.6;2.03;228;48;97;65;96683;0.06;0.11;0.31;0.33
1983;12;8;342;-1.4;-2.6;-4.9;-6.1;-6.8;-9.2;1.8;-3.3;0.15;1.4;2.6;2.74;146;31;84;50;97086;0.07;1.13;0.31;0.33
1983;12;9;343;-0.2;-3.8;-6.5;-6.8;-8.8;-11.3;0.9;2.7;0.16;1.4;2.6;3.04;242;52;104;68;95992;0.06;0;0.31;0.33
1983;12;10;344;0.4;-2.1;-3.9;-2.8;-5.1;-6.8;0.6;1.8;0.16;1.4;2.6;3.02;152;35;59;34;94969;0.04;1.43;0.31;0.33
1983;12;11;345;0.3;-3.5;-7.7;-1;-7.6;-11.8;0.8;-1.4;0.17;1.4;2.6;3.57;215;45;93;57;96020;0.37;0.96;0.32;0.33
1983;12;12;346;-3.5;-6.1;-8.9;-7.6;-9.3;-12.1;0.3;-0.2;0.17;1.4;2.6;3.82;215;47;87;56;96799;0.06;0.27;0.32;0.33
1983;12;13;347;-3.4;-6.6;-9.4;-7.7;-9.4;-11.5;0.1;2.8;0.17;1.4;2.6;3.84;168;36;83;52;97294;0.06;0;0.32;0.33
1983;12;14;348;-3.9;-7.6;-10.5;-8.5;-10.3;-12.5;0;2;0.17;1.4;2.6;3.82;216;43;76;48;97355;0.06;0;0.32;0.33
1983;12;15;349;-3.5;-5.9;-8.5;-6.6;-8.5;-10.8;-0.2;2.6;0.17;1.4;2.6;3.88;192;36;59;36;96987;0.06;0.66;0.32;0.33
1983;12;16;350;-1.9;-3.5;-5.1;-3.5;-5.9;-7.8;-0.2;4.7;0.19;1.4;2.6;5.13;139;29;66;28;96005;0.08;0.91;0.32;0.33
1983;12;17;351;1.3;-0.4;-2;-0.1;-1.9;-3.3;-0.4;3.1;0.19;1.4;2.6;5.2;115;21;54;18;95530;0.06;0.19;0.32;0.33
1983;12;18;352;5;2.6;-0.9;4.1;1.4;-1.5;0.8;3.4;0.18;1.4;2.6;4.64;188;33;68;35;95088;-0.11;0.4;0.32;0.33
1983;12;19;353;8.9;6.8;4;6.8;4.9;3;1.8;5.2;0.14;1.4;2.6;1.95;204;42;76;46;94574;0.17;1.46;0.32;0.33
1983;12;20;354;6.8;3.2;-0.8;6.2;2.2;-1.7;1.1;-0.4;0.12;1.3;2.6;0.69;49;9;61;13;95083;0.14;12.65;0.33;0.33
1983;12;21;355;5.3;2.8;-0.3;4.2;2;-1.1;0.9;3;0.12;1.3;2.6;0.55;111;24;64;33;95064;0.02;0.09;0.33;0.33
1983;12;22;356;5.1;3.1;1.5;3.5;1.8;0.7;0.8;-0.9;0.12;1.3;2.6;0.37;163;31;49;25;95380;0.23;1.17;0.34;0.33
1983;12;23;357;7.3;2.6;-2;4.7;1.4;-3;1.1;0.7;0.11;1.3;2.6;0.28;206;39;91;39;95858;0.04;0.98;0.34;0.33
1983;12;24;358;8.2;5.4;3.3;6.6;4.2;2.2;1.5;0.6;0.11;1.3;2.6;0.18;100;20;61;17;96359;0.07;2.66;0.34;0.33
1983;12;25;359;10.8;5.3;2.8;6.1;1.8;-3;2.1;1.2;0.11;1.3;2.6;0.1;192;35;76;56;96344;0.31;0;0.34;0.33
1983;12;26;360;11.6;5.1;0.1;5.3;0.7;-4.8;2.1;-0.5;0.11;1.3;2.6;0.05;233;38;86;42;96120;0.53;2.63;0.34;0.33
1983;12;27;361;4.3;2.3;-0.9;-0.1;-3.3;-5.2;2.7;-4.1;0.11;1.3;2.6;0.05;208;43;102;69;97395;0.48;0.06;0.34;0.33
1983;12;28;362;10.8;4.1;1.1;5.4;0;-5.2;1.3;0.9;0.11;1.3;2.6;0.05;234;49;85;47;97524;0.32;0.3;0.34;0.33
1983;12;29;363;9.4;4.1;0.1;4.6;1.8;-1.2;1.6;-1.3;0.11;1.3;2.6;0.04;204;42;62;47;97802;0.2;0;0.34;0.33
1983;12;30;364;8.1;3.3;0.1;3.9;1;-0.8;1.4;1.3;0.11;1.3;2.6;0.02;253;53;101;58;97050;0.19;0.15;0.34;0.33
1983;12;31;365;5.6;3.4;-0.3;3;-0.5;-3.3;1.5;-1.8;0.11;1.3;2.6;0;202;40;93;51;96890;0.41;0.22;0.34;0.33
1984;1;1;1;10.4;3.8;0;4.7;0.1;-3.2;1.2;1;0.11;1.3;2.6;0;219;47;108;59;96425;0.21;0.03;0.34;0.33
1984;1;2;2;8;2.2;-1.9;4.3;-0.9;-4.3;1.2;0.7;0.11;1.3;2.6;0;188;42;87;55;96463;0.05;0;0.34;0.33
1984;1;3;3;8.2;3.9;0.7;2.1;0;-3.4;1.8;2.4;0.11;1.3;2.6;0;258;53;97;67;95366;0.34;0.6;0.34;0.33
1984;1;4;4;3.2;1.4;-2.5;1.6;-1.4;-5.5;1.3;0.1;0.11;1.2;2.6;0.32;99;22;75;36;95528;0.41;4.12;0.34;0.33
1984;1;5;5;1.7;-1.1;-2.8;-1.1;-4.1;-6.2;1.4;-1.8;0.12;1.2;2.6;0.81;106;25;86;61;96456;0.25;1.24;0.34;0.33
1984;1;6;6;1.7;-1.6;-4.2;-5.4;-6.5;-7.3;0.8;0.8;0.13;1.2;2.6;1.22;263;57;111;71;96558;0.11;0.01;0.34;0.33
1984;1;7;7;3.9;0.2;-1.6;-3.8;-5.1;-6.2;0.8;2.1;0.13;1.2;2.5;1.16;250;52;107;59;95693;0.13;0.25;0.34;0.33
1984;1;8;8;3.4;0.5;-1.8;-1;-2.3;-5.3;0.9;1.1;0.13;1.2;2.5;1.34;155;35;61;38;95302;0.11;0.88;0.34;0.33
1984;1;9;9;3.5;-0.2;-2.5;-1.3;-3.6;-5.9;1.4;-0.1;0.14;1.2;2.5;1.88;217;46;96;57;95843;0.32;0.54;0.34;0.33
1984;1;10;10;0.7;-1.4;-3.2;-4.7;-5.4;-6.5;1.6;-3.6;0.14;1.2;2.5;2.08;227;51;93;75;96786;0.15;0.39;0.34;0.33
1984;1;11;11;-0.9;-3.7;-6.7;-6.2;-7.3;-9.9;0.5;0.2;0.14;1.2;2.5;2.19;210;44;92;75;97020;0.05;0.01;0.34;0.33
1984;1;12;12;-3.8;-5.7;-7.1;-8.3;-9.4;-10.5;0.4;3;0.14;1.2;2.5;2.18;229;47;84;58;95991;0.05;0.09;0.34;0.33
1984;1;13;13;1.4;-1.7;-4.9;-4.2;-5.8;-8.9;0.5;1.6;0.14;1.2;2.5;2.4;256;54;107;47;96081;0.08;0.84;0.34;0.33
1984;1;14;14;3.1;0.8;-2.4;-2.1;-3.5;-5.7;1.3;2.7;0.15;1.2;2.5;2.69;121;17;63;33;95054;0.2;0.24;0.34;0.33
1984;1;15;15;4.3;1.3;-0.9;0.4;-1.4;-3.8;1.3;0.8;0.15;1.2;2.5;2.55;148;33;79;44;95405;0.17;1.25;0.34;0.33
1984;1;16;16;3.7;0.1;-2.3;-2.8;-5.2;-6.2;2.4;-0.1;0.15;1.2;2.5;2.4;268;58;97;73;96490;0.34;0.06;0.34;0.33
1984;1;17;17;3;1.1;-0.7;-0.3;-3.4;-6.2;1.4;2.3;0.15;1.2;2.5;2.66;76;11;52;17;95859;0.26;3.5;0.34;0.33
1984;1;18;18;4.3;0.3;-2.9;0.1;-3.9;-6.2;1.8;0;0.15;1.2;2.5;2.71;283;61;102;63;96316;0.46;0.6;0.35;0.33
1984;1;19;19;1.9;-1.3;-4.2;-2.9;-4.7;-6.9;0;2.8;0.15;1.2;2.5;2.49;277;62;104;68;96227;0.08;0;0.35;0.33
1984;1;20;20;0.7;-0.7;-1.9;-2.6;-3.5;-4.5;0.5;-1.1;0.15;1.2;2.5;2.7;91;21;75;38;95708;0.08;0.76;0.35;0.33
1984;1;21;21;0.2;-1.8;-3.9;-4.8;-5.6;-6.1;-0.4;-0.9;0.16;1.2;2.5;3.3;195;39;82;49;96505;0.07;1.43;0.35;0.33
1984;1;22;22;-1.3;-2.6;-3.8;-4.3;-5.1;-6;-1;1.8;0.2;1.1;2.5;5.43;111;24;26;18;95552;0.09;1.51;0.34;0.33
1984;1;23;23;3.7;-0.2;-2.2;-1.8;-3.4;-4.5;0.2;2.3;0.2;1.1;2.5;5.52;244;50;96;52;94581;0.1;0.13;0.35;0.33
1984;1;24;24;0.6;-0.3;-1.2;-0.6;-2.3;-4.6;0.9;-1.1;0.3;1.1;2.5;11.09;85;16;56;28;93652;0.27;9.75;0.35;0.33
1984;1;25;25;1.1;-0.3;-2.2;-3.4;-4.8;-6.8;3.8;-5.3;0.36;1.1;2.5;14.16;209;46;87;65;94975;0.9;0.12;0.35;0.33
1984;1;26;26;0.1;-2.4;-6;-5.6;-7;-8.6;1.7;-2.6;0.34;1.1;2.5;13.49;241;56;108;76;96435;0.49;0;0.34;0.33
1984;1;27;27;1.1;-3.5;-10;-3.9;-7.3;-12.2;0.4;3.2;0.34;1.1;2.5;13.12;243;55;90;63;96517;0.34;0;0.34;0.33
1984;1;28;28;2;-1.3;-5.1;-0.9;-3.6;-6.8;0;0.5;0.31;1.1;2.5;12.11;216;49;86;42;97062;0.11;0.2;0.35;0.33
1984;1;29;29;1.7;-1.2;-7.4;-0.4;-2.2;-8.3;0.5;-0.9;0.35;1.1;2.5;13.95;101;21;75;22;96966;0.07;4.15;0.35;0.33
1984;1;30;30;1.3;-2.9;-8.5;-0.8;-4.1;-9.3;0.2;1.4;0.35;1.1;2.5;13.89;150;35;44;27;96655;0.05;0;0.35;0.33
1984;1;31;31;1.2;-1.3;-3.1;-1.6;-3.1;-4.3;0.4;1.7;0.33;1.1;2.5;13.07;160;35;59;25;95722;0.27;0;0.35;0.33
1984;2;1;32;0.5;-0.6;-1.7;-0.6;-2.4;-4.9;-0.1;-0.1;0.35;1.1;2.5;14.97;113;24;53;20;95540;0.09;7.1;0.35;0.33
1984;2;2;33;3.2;0.3;-1.3;0.1;-0.8;-1.6;0.1;1.1;0.38;1.1;2.5;18.35;204;47;87;26;95538;0.05;0.92;0.35;0.33
1984;2;3;34;2.5;0.5;-0.9;1.1;-0.4;-1.8;0.6;1.3;0.36;1.1;2.5;16.72;114;30;73;28;96159;-0.08;0.83;0.35;0.33
1984;2;4;35;4.9;0.9;-5.2;0.3;-1.9;-7.1;1.8;-0.2;0.33;1.1;2.5;14.91;257;58;100;52;96211;0.28;1.55;0.36;0.33
1984;2;5;36;6;0.1;-6.3;0.6;-2.6;-8.5;1.4;1.2;0.3;1.1;2.5;12.63;210;39;82;30;96487;0.18;0.97;0.36;0.33
1984;2;6;37;5.4;2;0;0.6;-1;-3;1.5;1;0.27;1.1;2.5;10.87;281;54;107;40;96023;0.42;1.69;0.36;0.33
1984;2;7;38;7.3;2.6;-1.1;2;-1.8;-6.9;2.1;0.6;0.24;1.1;2.5;9.09;242;54;97;51;94318;0.91;1.84;0.36;0.33
1984;2;8;39;3.2;-0.6;-4.2;-3.7;-5.7;-8;1.2;2.3;0.22;1.1;2.5;7.72;289;59;98;54;94311;0.44;1.47;0.36;0.33
1984;2;9;40;2.9;0.5;-1.3;-1.9;-3.4;-4.1;1.4;-4.7;0.25;1.1;2.5;9.88;269;62;84;47;95134;0.84;2.75;0.36;0.33
1984;2;10;41;0;-1.3;-2.7;-4.2;-5.5;-7;1.9;-8;0.27;1.1;2.5;10.59;225;56;83;51;96808;0.85;1.17;0.36;0.33
1984;2;11;42;-1.5;-3;-4.8;-5.8;-7.6;-9.2;1;-6;0.27;1.1;2.5;10.71;276;67;78;63;97247;0.65;0.46;0.36;0.33
1984;2;12;43;-3.3;-4.6;-5.5;-9.2;-9.6;-10.1;0.9;-5.8;0.27;1.1;2.5;10.65;219;53;77;50;97800;0.55;0.39;0.36;0.33
1984;2;13;44;-2.8;-4.7;-6.7;-8.5;-9.6;-10.9;0.6;-4.8;0.27;1.1;2.5;10.93;271;60;61;40;97647;0.51;1.42;0.36;0.33
1984;2;14;45;-3.8;-4.9;-6;-8.4;-9.3;-10.4;0;-3;0.29;1.1;2.5;11.86;214;45;46;30;97751;0.38;1.27;0.36;0.33
1984;2;15;46;-3.8;-5.2;-6.6;-8.2;-9;-9.5;-0.1;-2.5;0.32;1.1;2.5;13;145;37;49;29;97775;0.36;1.41;0.36;0.33
1984;2;16;47;-3.6;-5.7;-9.4;-9.1;-10.1;-12.1;-0.2;-1.7;0.33;1.1;2.5;13.53;170;39;64;37;97582;0.28;0.35;0.36;0.33
1984;2;17;48;-3;-5.2;-9.4;-7.8;-9.3;-12.1;-0.4;-0.5;0.32;1.1;2.5;13.33;225;55;58;35;97583;0.28;0.1;0.36;0.34
1984;2;18;49;-1;-3.7;-6.6;-6;-7.4;-9.1;-0.5;-0.6;0.31;1.1;2.5;12.71;268;67;76;41;97459;0.28;0.4;0.36;0.34
1984;2;19;50;-0.7;-2.3;-4.3;-2.7;-4.2;-5.9;-1.2;0.3;0.34;1.1;2.5;14.19;155;31;31;13;96929;0.21;3.83;0.36;0.34
1984;2;20;51;0.1;-2.4;-5.6;-3.2;-5;-7.3;-0.8;1.9;0.37;1.1;2.5;16.42;165;39;50;31;96743;0.28;0.46;0.36;0.34
1984;2;21;52;0.8;-3;-6.8;-4.2;-5.8;-8.1;-0.3;2;0.36;1.1;2.5;16.19;174;43;67;34;96950;0.36;0.22;0.36;0.34
1984;2;22;53;0.4;-1.9;-3.6;-2.3;-3.9;-6.3;-0.2;3.2;0.36;1.1;2.5;15.93;138;36;62;31;96728;0.26;0.25;0.36;0.34
1984;2;23;54;0.4;-0.8;-2.1;-0.3;-1.4;-2.8;-1;0.4;0.37;1.1;2.5;19.45;77;21;36;11;96536;0.06;15.13;0.36;0.34
1984;2;24;55;2.6;-0.1;-2.2;-0.6;-1.5;-2.7;-0.2;0;0.4;1.1;2.5;32.16;301;75;94;40;96546;0.09;4.07;0.36;0.34
1984;2;25;56;2.2;0.9;-0.1;1.2;0.5;-0.2;-1;0.9;0.4;1.1;2.5;36.23;118;28;25;8;96608;-0.07;9.61;0.36;0.34
1984;2;26;57;5.2;1.9;0.1;2;0.5;-0.2;-2;2;0.39;1.2;2.5;34.53;207;50;72;20;96364;-0.06;7.01;0.37;0.34
1984;2;27;58;4.7;0.8;-3.3;0.4;-1;-4.6;-0.1;2.5;0.38;1.2;2.5;32.11;217;54;96;35;95983;0.09;0.33;0.38;0.34
1984;2;28;59;2.7;-1.5;-7.9;0.3;-2.8;-9.2;0.1;0.4;0.37;1.2;2.5;28.33;183;47;76;33;96119;0.03;0.14;0.38;0.34
1984;2;29;60;2.7;0.2;-2.9;0.3;-1.2;-3.3;-0.1;1.8;0.36;1.2;2.5;25.33;197;46;40;17;96186;0.11;0.21;0.38;0.34
1984;3;1;61;5;2.1;0.2;1.1;0.3;-0.8;-0.6;1.8;0.34;1.2;2.5;21.92;265;55;69;22;95703;0.07;0.31;0.39;0.34
1984;3;2;62;2.8;1.3;-2.4;0.7;-0.5;-3.9;1.1;-2;0.33;1.2;2.5;20.01;143;31;57;15;95055;0.28;6.84;0.39;0.34
1984;3;3;63;2.1;-0.4;-4.2;-0.3;-2.5;-5.5;1.4;-2.9;0.33;1.2;2.5;21.25;179;38;55;17;94792;0.49;10;0.39;0.34
1984;3;4;64;1.8;0.3;-0.9;-0.9;-2;-3.4;1.3;-5.9;0.38;1.2;2.5;32.09;250;62;61;26;95849;0.69;7.1;0.39;0.34
1984;3;5;65;1.8;-0.1;-1.7;-3.1;-4.4;-5.4;1.3;-5.1;0.37;1.2;2.5;33.06;248;62;87;48;96833;0.92;0.8;0.39;0.34
1984;3;6;66;3.6;1.6;0.1;-1.1;-2;-3.3;1.6;-5.3;0.36;1.2;2.5;32.03;261;70;85;48;97172;0.7;0.56;0.39;0.34
1984;3;7;67;5.4;2.7;0.5;0.2;-0.7;-1.9;1.9;-3.9;0.34;1.2;2.5;28.18;324;88;78;52;96880;0.45;0.32;0.4;0.34
1984;3;8;68;1.8;-0.3;-3.2;-1;-5.3;-7.6;0.6;-3.8;0.32;1.2;2.5;24.97;387;97;95;67;96953;0.99;0.18;0.4;0.34
1984;3;9;69;1.3;-1.9;-5;-5.6;-6.9;-7.9;0.5;-3.6;0.31;1.2;2.5;24.47;346;93;86;65;97238;0.78;0.48;0.4;0.34
1984;3;10;70;2.6;-1.2;-4.6;-5.4;-6.5;-7.3;1;-3.6;0.31;1.3;2.5;24.19;374;103;96;64;96972;0.85;0.12;0.39;0.34
1984;3;11;71;1.8;-0.3;-2.4;-2.8;-4.5;-6.6;1.5;-4.2;0.3;1.3;2.5;23.69;236;63;49;31;96683;0.71;1.15;0.39;0.34
1984;3;12;72;1.5;-0.5;-3.1;-2.7;-3.8;-5.3;0.3;-2.4;0.31;1.3;2.5;24.48;298;75;65;35;96637;0.52;0.77;0.39;0.34
1984;3;13;73;3.6;0.1;-4.3;-0.3;-2.7;-6.6;0.2;-1.2;0.3;1.3;2.6;22.79;260;67;56;31;96725;0.25;0.26;0.39;0.34
1984;3;14;74;5.9;1.9;-2.7;-0.6;-1.7;-3.3;0;-0.6;0.28;1.3;2.6;19.4;399;98;88;46;96677;0.48;0.42;0.4;0.34
1984;3;15;75;5.1;2.1;-0.8;-0.7;-2.2;-3.5;-0.6;1.9;0.26;1.3;2.6;16.26;329;83;63;42;96085;0.61;0.74;0.4;0.34
1984;3;16;76;5.3;1.3;-2.5;-1.3;-3;-4.2;-0.4;1.9;0.24;1.3;2.6;13.76;324;82;67;45;95761;0.59;0.3;0.4;0.35
1984;3;17;77;6.1;2.3;-1.8;0.3;-1.6;-4.2;-0.4;1.2;0.23;1.3;2.6;11.27;270;74;57;33;95871;0.45;0.61;0.4;0.35
1984;3;18;78;4;1.3;-2.3;-0.5;-2.9;-8.5;0.1;-2.4;0.21;1.4;2.6;9.24;295;86;79;48;96093;0.68;0.27;0.4;0.35
1984;3;19;79;0.2;-2.8;-5.1;-8.1;-9.5;-10.9;-0.6;-1.7;0.21;1.4;2.6;8.39;533;157;125;90;96602;0.77;0;0.4;0.35
1984;3;20;80;1.3;-2.1;-4.6;-9;-10.1;-12.3;-1.2;3.1;0.2;1.4;2.6;8.11;550;160;126;87;96480;0.68;0;0.4;0.35
1984;3;21;81;5.8;0.3;-4.3;-2.2;-4.9;-8.8;-0.6;2;0.2;1.4;2.6;7.26;535;158;110;85;95964;0.6;0;0.4;0.35
1984;3;22;82;5.2;1.1;-2.5;-1;-2.3;-3.6;-0.5;-0.2;0.18;1.4;2.6;5.89;521;121;104;53;95885;0.42;0.05;0.39;0.35
1984;3;23;83;6.4;1.8;-2.3;-0.2;-1.8;-3.5;0.1;-0.5;0.17;1.5;2.6;4.6;454;116;81;59;95805;0.53;0.07;0.39;0.35
1984;3;24;84;8.4;2.7;-3.1;-0.6;-2.4;-4.6;-0.2;0.6;0.16;1.5;2.6;3.39;562;158;115;77;95816;0.86;0;0.39;0.35
1984;3;25;85;12.4;6.4;-0.6;3.7;0.5;-3.1;0.7;3.9;0.15;1.5;2.6;2.21;581;149;106;61;95150;1.24;0.19;0.39;0.35
1984;3;26;86;12;6.7;1;4;2.4;0.3;0.4;1.3;0.14;1.5;2.6;1.06;544;153;113;62;95001;1.37;0.54;0.39;0.35
1984;3;27;87;13.1;7.4;2.1;3.3;0.7;-1.4;1.5;-0.2;0.14;1.5;2.6;0.57;581;173;118;76;95542;1.67;0.62;0.39;0.35
1984;3;28;88;15.3;9.1;1.9;3.8;2.3;0.1;1.4;3.1;0.14;1.6;2.6;0.29;583;177;120;86;95679;1.87;0;0.39;0.35
1984;3;29;89;15.7;10.1;5.9;4.4;3.3;2.5;2.1;3;0.14;1.6;2.6;0.09;596;177;107;81;95381;1.92;0.78;0.39;0.35
1984;3;30;90;6;3.6;2;3.2;1;-1.1;3.1;-3.9;0.15;1.6;2.6;0.95;200;47;33;14;95218;2.05;14.58;0.39;0.35
1984;3;31;91;8.3;3.9;-0.1;-0.4;-2.2;-3.3;2;-2.4;0.15;1.6;2.6;1.16;519;163;112;71;95739;1.83;1.1;0.39;0.35
1984;4;1;92;12;6.2;-1;0.6;-1.3;-3.9;1.3;4.4;0.15;1.6;2.6;0.74;616;162;102;68;95363;1.71;0;0.39;0.35
1984;4;2;93;8.8;7.2;5.7;7.2;4.8;0.9;-0.1;2.8;0.14;1.7;2.6;0.3;244;65;64;28;94865;0.82;15.05;0.39;0.35
1984;4;3;94;9.3;5.2;2.5;4.8;2.4;0.7;0.8;-2.4;0.15;1.7;2.6;0.64;459;120;76;25;95058;2.13;14.93;0.41;0.36
1984;4;4;95;8.1;4.2;1.6;0.3;-1;-2.3;1.2;-1.6;0.15;1.7;2.6;1.08;422;112;65;32;95451;1.6;0.86;0.41;0.36
1984;4;5;96;8.8;4.5;0.1;1.7;0.4;-1.4;-0.2;1.7;0.15;1.7;2.6;0.72;323;116;73;54;95976;1.01;0.18;0.41;0.36
1984;4;6;97;11.4;6.9;1.6;4.9;2.9;0.1;-0.3;-0.2;0.15;1.7;2.6;0.37;447;126;69;48;96186;1.19;0.34;0.41;0.36
1984;4;7;98;11.1;8.1;5.7;5.3;3.9;2.6;2;-3.3;0.15;1.8;2.6;0.15;496;148;81;53;96179;1.58;1.18;0.4;0.36
1984;4;8;99;11;7.8;5.4;5.3;4.2;3.4;2.4;-4.1;0.15;1.8;2.6;0.03;554;153;88;60;96043;2.1;2.17;0.4;0.36
1984;4;9;100;8.6;6.4;4.7;4.3;3.5;2.9;1.7;-4.6;0.15;1.8;2.6;0;328;104;50;34;96193;1.67;3.8;0.4;0.36
1984;4;10;101;11.1;7.2;3.8;5.5;4;2.5;0.6;-1.8;0.15;1.8;2.6;0;506;153;94;47;96027;1.9;1.6;0.4;0.36
1984;4;11;102;11.7;7.3;2.9;7;4.7;2.5;-0.3;1.4;0.15;1.8;2.6;0;465;145;83;52;95770;1.72;3.42;0.4;0.36
1984;4;12;103;12.3;7.7;2.5;5.9;3.9;1.6;1.1;-2.6;0.15;1.9;2.6;0;594;178;98;65;96015;1.95;0.99;0.4;0.36
1984;4;13;104;9.5;6.7;4.8;5.2;3.9;2;1;-4.4;0.15;1.9;2.6;0;276;70;71;35;96572;1.66;5.53;0.4;0.36
1984;4;14;105;13.9;8.7;3.9;6.5;3.6;1.2;0.2;-1.4;0.15;1.9;2.6;0;657;212;121;89;96797;2.12;0;0.4;0.36
1984;4;15;106;17.6;11.5;4.4;6.1;4.6;2.5;0.3;3;0.15;1.9;2.6;0;677;223;127;92;96375;2.67;0;0.39;0.36
1984;4;16;107;18.4;12.7;7.2;7.1;5;3.5;0.3;2.6;0.15;2;2.6;0;672;210;121;86;95874;2.75;0.01;0.39;0.36
1984;4;17;108;9.5;5.3;3.6;5;1;-0.1;2.9;-5.6;0.15;2;2.6;0.18;445;111;57;36;96485;2.07;3.26;0.39;0.37
1984;4;18;109;9.5;6.1;3.1;0.6;-2.3;-4.4;1;-5.7;0.15;2;2.6;0.2;599;194;107;81;97057;2.21;0.01;0.39;0.37
1984;4;19;110;9.3;5.8;2.2;-1.8;-3.5;-4.5;0.2;-4;0.15;2.1;2.7;0.11;653;197;111;91;97152;2.21;0;0.38;0.37
1984;4;20;111;11.4;6.3;0.4;2.3;-1.9;-4.1;0.3;-1.2;0.15;2.1;2.7;0.05;699;234;137;99;97186;2.44;0;0.38;0.37
1984;4;21;112;13.3;8.2;2.1;3.9;1.1;-1.4;0.5;-1.4;0.15;2.1;2.7;0.02;445;141;87;54;96777;1.82;0;0.38;0.37
1984;4;22;113;14.7;9.7;2.6;6.6;3.5;1.1;0.3;-0.7;0.15;2.2;2.7;0;577;191;103;66;96661;2.35;0.78;0.37;0.37
1984;4;23;114;17.5;11.9;5.6;8.9;6.5;3.1;1;-1.7;0.15;2.2;2.7;0;600;188;110;66;96432;2.67;1.68;0.37;0.37
1984;4;24;115;11.5;8.7;5.2;6.7;3.2;-0.9;0.5;-4.7;0.16;2.2;2.7;0;510;154;101;71;96778;2.23;1.36;0.37;0.37
1984;4;25;116;14;9.3;3.7;2.4;1.1;-0.5;0.5;-3.9;0.16;2.3;2.7;0;682;232;120;96;97081;2.82;0;0.37;0.37
1984;4;26;117;16.6;10.6;4.3;3.6;2.3;-0.4;1.7;-3.2;0.16;2.3;2.7;0;689;207;118;77;96308;3.06;0.77;0.37;0.37
1984;4;27;118;5.9;3.7;1.1;-1.8;-6;-7.6;1.3;-4.9;0.16;2.3;2.7;0.01;500;188;104;78;96375;2.24;0.26;0.36;0.37
1984;4;28;119;5.3;2.4;-0.5;0.9;-2.5;-7;0.5;-1.2;0.17;2.4;2.7;0.89;376;130;81;65;96332;1.51;4.1;0.36;0.37
1984;4;29;120;8.4;3.7;-2.1;-0.6;-2.2;-3.5;0.3;-1.2;0.17;2.4;2.7;1.22;557;180;94;71;96803;1.91;0;0.36;0.37
1984;4;30;121;10.4;6.3;-0.5;4;0.8;-5.4;-1;1.3;0.17;2.4;2.7;0.65;499;147;92;51;95993;1.79;1.89;0.36;0.37
1984;5;1;122;13.4;8.7;4.9;6.4;5.2;3.7;-0.4;2.2;0.16;2.5;2.7;0.26;393;122;89;40;95527;1.75;1.58;0.36;0.37
1984;5;2;123;18.8;12.6;5.7;8.3;6.8;5.1;0.5;3.1;0.16;2.5;2.7;0.05;690;223;113;83;95604;2.99;0;0.36;0.37
1984;5;3;124;20.7;14.3;6.4;9.4;7.6;4.9;1.1;2.6;0.16;2.6;2.7;0;696;219;122;83;95700;3.15;0;0.36;0.37
1984;5;4;125;23.6;17.3;9.9;10.8;9.3;7;0.3;1.8;0.16;2.6;2.7;0;687;237;119;82;95868;3.74;0.24;0.35;0.37
1984;5;5;126;23.1;17.4;10.8;12.9;10.3;7.5;-0.4;1.5;0.16;2.6;2.7;0;684;224;118;78;95596;3.46;0.07;0.35;0.37
1984;5;6;127;21.3;15.3;9.8;13.8;11.2;7.3;0.8;-0.4;0.16;2.7;2.7;0;663;193;104;66;95803;2.78;6.89;0.35;0.37
1984;5;7;128;19.9;14.6;8.7;13.6;11.5;7.8;0.5;-0.5;0.16;2.7;2.7;0;544;183;88;58;95525;3.31;9.33;0.35;0.37
1984;5;8;129;9.6;7.3;5.1;6.2;3.5;2.4;1.3;-3.5;0.16;2.7;2.7;0;464;129;60;41;95986;2.6;3.31;0.36;0.37
1984;5;9;130;10.1;7.1;3.3;2.1;1;0.3;0.6;-3.2;0.16;2.8;2.7;0;433;152;77;52;96225;2.31;0.04;0.36;0.37
1984;5;10;131;9;6.9;5.6;5.2;3.4;1.7;-0.8;-1.8;0.16;2.8;2.7;0;349;81;40;24;95831;1.93;6.27;0.36;0.37
1984;5;11;132;9.8;6.9;4.9;4.6;3.2;2.1;0.8;-3.5;0.17;2.8;2.8;0;370;117;46;23;95792;2.21;2.41;0.36;0.37
1984;5;12;133;9.7;7.3;5.3;7;5.6;4;1.3;-2.5;0.17;2.9;2.8;0;215;54;22;10;95999;1.02;0.27;0.36;0.37
1984;5;13;134;10.1;8.6;7;7.2;6.6;5.9;1.8;-2.8;0.17;2.9;2.8;0;229;58;25;13;95834;0.95;2.4;0.36;0.37
1984;5;14;135;15.2;10.8;6.8;9.5;7;5.6;0.2;-0.1;0.17;2.9;2.8;0;385;142;66;40;95563;2.28;7.92;0.36;0.37
1984;5;15;136;17.2;12;6.6;8.1;6.6;4.8;0.2;1.8;0.17;3;2.8;0;530;175;93;54;95422;3.1;1.59;0.37;0.37
1984;5;16;137;18.6;14.1;9.3;10.8;8.7;5.8;0;3.4;0.17;3;2.8;0;580;174;91;57;95021;2.85;0.03;0.36;0.36
1984;5;17;138;19.1;14;9.1;7.2;5.7;4.1;1.7;3.1;0.17;3;2.8;0;700;244;115;94;95315;4.1;0.08;0.36;0.36
1984;5;18;139;19.5;14.1;6.5;9.5;7.3;5.1;0;1.3;0.17;3;2.8;0;645;234;113;85;95951;3.64;0.3;0.36;0.36
1984;5;19;140;21.8;15.8;9.3;8.5;7.2;5.7;1.2;3.7;0.17;3;2.8;0;710;237;114;86;95443;4.23;0.08;0.35;0.36
1984;5;20;141;22.5;17.2;9.4;12.8;8.7;6;-1;1.9;0.17;3;2.8;0;666;244;117;86;95185;4.24;3.81;0.35;0.36
1984;5;21;142;17.5;15;10.9;13.4;11;7.6;0.5;3.1;0.17;3;2.8;0;546;160;76;44;94371;3.42;15.18;0.36;0.36
1984;5;22;143;17.7;13.3;8.7;10.9;8.4;5.6;0.3;1.7;0.17;3;2.8;0;637;194;102;66;95452;3.72;4.49;0.36;0.36
1984;5;23;144;14.8;11.9;8.8;9.4;7.6;5.7;1.1;3;0.17;3;2.8;0;384;151;75;58;95034;2.46;2.17;0.36;0.36
1984;5;24;145;16.2;12.3;9;10.1;8.2;6.9;1.5;-0.1;0.17;3;2.8;0;544;182;88;56;94944;3.19;8.22;0.36;0.36
1984;5;25;146;16.9;12.1;7.1;11.2;9.3;6.3;0.4;0.4;0.17;3;2.8;0;645;206;97;65;94972;3.49;11.63;0.37;0.36
1984;5;26;147;16.8;12.2;6.5;10.9;8.6;5.7;0.5;0.6;0.17;3;2.8;0;553;174;87;63;95411;2.88;5.97;0.37;0.36
1984;5;27;148;19.4;14.4;8.3;9.3;7.5;6.5;1.5;3.8;0.17;3;2.8;0;654;214;94;74;95402;3.88;0.15;0.37;0.36
1984;5;28;149;14.7;12.2;9.7;10.1;8.4;7;0.7;-0.2;0.17;3;2.8;0;419;98;63;33;95258;2.13;6.61;0.37;0.36
1984;5;29;150;15;10.8;8.1;8.4;6.8;5.7;0.6;-0.6;0.17;3;2.8;0;404;135;82;39;95455;2.65;6.06;0.38;0.36
1984;5;30;151;14.3;10.6;5.6;9.6;7.7;5.1;0.3;-0.5;0.17;3;2.8;0;577;170;78;56;95700;2.93;11.23;0.38;0.36
1984;5;31;152;18.3;12.4;3.9;9.4;7.1;3.3;0.2;1.7;0.17;3;2.8;0;668;221;108;73;95868;3.49;0.23;0.38;0.36
1984;6;1;153;19.2;14.2;7.3;11.9;9.1;5.8;0.7;-0.7;0.17;3;2.8;0;551;206;90;71;95816;3.21;0.6;0.38;0.36
1984;6;2;154;23.5;17.4;8.6;12.8;10.4;7.6;-0.1;1.3;0.17;3;2.8;0;715;253;116;82;96169;4.19;0;0.38;0.36
1984;6;3;155;23.8;18.6;11.5;11.9;10.8;8.8;-0.5;3;0.17;3;2.8;0;717;266;112;84;95928;4.65;0;0.37;0.36
1984;6;4;156;22;17.4;12.7;13.4;10.9;5.7;0.1;3.1;0.17;3;2.8;0;519;186;89;68;95229;3.62;0.88;0.37;0.36
1984;6;5;157;20.6;16.2;10.7;9.8;7.6;4.7;1.9;4;0.17;3;2.8;0;705;243;111;81;95359;4.46;0;0.36;0.36
1984;6;6;158;18.4;14.7;11.2;10.6;9.9;8.4;1.1;0.9;0.17;3;2.8;0;608;208;108;68;95716;3.83;8.67;0.36;0.36
1984;6;7;159;14.6;11.4;7.7;10.3;8.8;6.9;0.3;-0.5;0.17;3;2.8;0;401;119;74;50;95616;2.24;11.13;0.37;0.36
1984;6;8;160;16.9;12.5;7.1;8.4;6.9;5.5;2.4;-0.4;0.17;3;2.8;0;612;181;99;58;95244;3.68;3.65;0.37;0.36
1984;6;9;161;17.5;13.9;10.8;10;8.5;7.3;2.7;-2.2;0.17;3;2.8;0;548;201;86;63;95808;3.5;0.63;0.37;0.36
1984;6;10;162;18.9;14.6;10.8;9.3;6.6;5.2;2.2;-1.7;0.17;3;2.8;0;645;230;100;72;96594;4.02;0.04;0.37;0.36
1984;6;11;163;19.6;14.8;10;10.8;8.2;7;1.3;-1.9;0.17;3;2.8;0;593;218;102;69;96788;3.8;0.69;0.36;0.36
1984;6;12;164;15.5;11.8;8.3;6.3;4;2.2;0;-2.8;0.17;3;2.8;0;559;204;95;78;97233;3.45;0;0.36;0.36
1984;6;13;165;20.3;14.3;5.6;9.8;5.9;2.9;0.7;1.1;0.17;3;2.8;0;667;223;110;77;97151;3.64;0;0.36;0.36
1984;6;14;166;25.3;18.8;11.5;14.6;11.4;7.5;1.8;0.5;0.17;3;2.8;0;639;223;89;67;96610;4.12;1.12;0.35;0.36
1984;6;15;167;18.4;15.5;11.4;12.7;10.3;6.7;1.7;-2.2;0.17;3;2.8;0;520;166;86;54;96373;3.22;2.28;0.35;0.36
1984;6;16;168;17.1;13.6;10;6.7;5.9;5.3;1.7;-2.8;0.17;3;2.8;0;557;183;88;69;96542;3.29;0.25;0.35;0.36
1984;6;17;169;18.3;14.4;9.6;9.5;7.4;6.8;0.3;-1.6;0.17;3;2.8;0;510;192;92;69;96705;3.16;0.7;0.35;0.36
1984;6;18;170;20.6;15.7;9.6;11.4;9.1;7.1;0.4;-0.4;0.17;3;2.8;0;626;221;108;73;97072;3.49;0.64;0.34;0.36
1984;6;19;171;22.1;17.2;10.5;12.9;10.4;9.2;0.9;-0.8;0.17;3;2.8;0;631;205;102;66;97224;3.47;0.17;0.34;0.36
1984;6;20;172;25.5;19.6;11.7;14;11.6;9.6;0.6;0.5;0.17;3;2.8;0;652;221;107;72;96790;3.78;0;0.34;0.36
1984;6;21;173;26.9;20.8;13.8;17.3;14.8;11.9;1;0.5;0.17;3;2.8;0;639;207;98;63;95877;3.62;1.14;0.34;0.36
1984;6;22;174;22.8;19.3;16.5;14.6;14.1;13.3;1.8;-1.9;0.17;3;2.8;0;502;142;64;46;95779;2.77;0.71;0.33;0.36
1984;6;23;175;23.2;17.6;12.6;12.9;9.6;5.1;2.5;-1.7;0.17;3;2.8;0;585;187;91;66;95851;3.47;0.62;0.33;0.36
1984;6;24;176;16;12.9;10.2;7.5;6.5;5.3;1.6;-0.5;0.16;3;2.8;0;353;126;91;60;95965;2.58;2.65;0.33;0.36
1984;6;25;177;16.1;12.5;9;7.1;4.1;1.6;2.5;-1.6;0.16;2.9;2.8;0;517;179;86;60;96363;3.1;2.12;0.33;0.36
1984;6;26;178;16.5;13.6;10.7;9.3;7.4;5.2;2;-1.3;0.16;2.9;2.8;0;519;189;94;57;96456;3.34;1.37;0.33;0.36
1984;6;27;179;22.2;16.5;9.7;11.1;8.8;7.3;0.7;1.6;0.16;2.9;2.8;0;507;203;102;69;96649;3.33;0.18;0.33;0.36
1984;6;28;180;23.8;18.2;12.6;16.1;13.4;10.7;0.5;1.1;0.16;2.9;2.8;0;536;179;83;59;95909;3;5.17;0.32;0.36
1984;6;29;181;15.3;13.3;9.2;13.9;11.9;8.4;0.6;-1;0.16;2.9;2.8;0;190;51;66;32;95968;1.39;14.7;0.33;0.36
1984;6;30;182;16.8;13.1;7.9;10.9;8.6;6.5;0.8;0.9;0.16;2.9;2.8;0;394;142;75;56;96310;2.39;0.12;0.34;0.36
1984;7;1;183;21.1;16;9.8;12;8.6;6;0.8;0.7;0.16;2.9;2.8;0;552;214;102;73;96651;3.64;0.24;0.34;0.36
1984;7;2;184;19.8;16.4;12.7;15.1;12.8;10.9;1.1;0.7;0.16;2.9;2.8;0;443;124;63;52;96119;2.31;4.05;0.33;0.36
1984;7;3;185;17;13.8;10.4;10.7;6.9;3.6;2.7;-2.4;0.16;2.9;2.8;0;467;163;84;65;96187;2.98;0.06;0.33;0.36
1984;7;4;186;15.2;12.2;9.1;8;6.4;5;2.8;-2.8;0.16;2.9;2.7;0;636;213;96;75;96511;3.28;2.5;0.33;0.36
1984;7;5;187;17.1;13.5;9.9;7;6.3;5.8;2.5;-2.8;0.16;2.9;2.7;0;562;209;103;70;96667;3.29;0.14;0.33;0.36
1984;7;6;188;16.1;12.7;10.9;10.3;8.4;6.2;1.7;-1.2;0.16;2.8;2.7;0;323;103;82;42;96648;1.99;3.54;0.33;0.36
1984;7;7;189;16.8;13.3;9.7;9.6;7.5;4.9;0.4;-2.6;0.16;2.8;2.7;0;621;211;102;66;96845;3.31;0.88;0.33;0.36
1984;7;8;190;20.5;14.8;7.2;9.8;7.7;4.8;-0.1;0.7;0.16;2.8;2.7;0;720;263;128;94;96982;3.77;0;0.33;0.36
1984;7;9;191;23.5;17.8;11.2;12.4;10.2;7.2;0;2.3;0.16;2.8;2.7;0;718;264;122;93;96618;4.03;0;0.32;0.36
1984;7;10;192;28.4;21.1;11.9;16.2;13.5;10.8;0.3;0.6;0.16;2.8;2.7;0;713;259;124;84;96560;4.11;0;0.32;0.36
1984;7;11;193;30.9;24.4;16.2;18.9;17.3;14.9;0.2;2.3;0.16;2.8;2.7;0;700;255;110;78;96493;4.29;0;0.31;0.36
1984;7;12;194;31.9;25.8;18.4;19.8;18.3;17.3;0.3;0.6;0.16;2.8;2.7;0;690;248;99;78;96425;4.24;0;0.31;0.36
1984;7;13;195;30.3;24.3;18.9;17.9;15.8;14.5;0.9;-1.1;0.16;2.8;2.7;0;698;234;107;78;96405;4.29;0.21;0.31;0.36
1984;7;14;196;23.6;20;17.2;14.8;11.5;8.8;0.7;-1.7;0.16;2.8;2.7;0;529;180;79;60;96398;3.24;0.61;0.3;0.36
1984;7;15;197;23.7;18.1;13.5;16;12.9;9.9;1.2;0.4;0.16;2.8;2.7;0;381;121;68;39;95681;3.2;12.86;0.31;0.36
1984;7;16;198;18.9;15.3;12.4;10.6;8.1;5.9;2.4;-1.9;0.16;2.8;2.7;0;600;157;105;70;95803;2.94;0.09;0.31;0.36
1984;7;17;199;18.1;14.5;10.7;8.8;7.7;6.9;2.4;-2.7;0.16;2.8;2.7;0;609;211;95;76;96166;3.1;0.23;0.31;0.36
1984;7;18;200;18.4;14.9;12;8.4;7.8;7.3;2.5;-2.8;0.16;2.8;2.7;0;414;149;77;56;96504;2.5;0.04;0.31;0.36
1984;7;19;201;20.2;15.2;10.9;14;10.8;8.1;1.1;0.3;0.16;2.7;2.7;0;497;144;77;49;96518;2.43;5.08;0.31;0.36
1984;7;20;202;20.3;16.1;11.4;13.2;11;9.9;1.3;-1.3;0.16;2.7;2.7;0;546;184;92;57;96506;3.06;0.6;0.31;0.36
1984;7;21;203;21.8;17.3;12;12.9;11.1;9;1;-0.3;0.16;2.7;2.7;0;513;172;97;60;96531;2.73;0.51;0.3;0.35
1984;7;22;204;24.3;18.3;11.5;16.2;13.4;10.8;0.5;-0.5;0.16;2.7;2.7;0;678;214;107;69;96554;3.27;4.12;0.3;0.35
1984;7;23;205;23.8;18.5;12.9;16.3;13.5;11;0.6;-0.8;0.16;2.7;2.7;0;571;178;94;61;96627;3.01;3.91;0.3;0.35
1984;7;24;206;22;17.1;12.8;14.1;11.3;9.6;0.6;-1.2;0.16;2.7;2.7;0;582;194;91;70;96605;3.19;1.32;0.3;0.35
1984;7;25;207;22.4;17.8;13.4;15;11.7;9.5;0.3;0;0.16;2.7;2.7;0;574;178;91;62;96353;2.87;2.05;0.3;0.35
1984;7;26;208;19;16.4;14.1;14.2;12.6;10.2;0.9;-1.9;0.16;2.7;2.7;0;395;117;67;42;96114;2.65;6.21;0.31;0.35
1984;7;27;209;18.4;15.1;12.8;10.3;9.3;7.7;2.2;-3.2;0.16;2.7;2.7;0;583;192;93;66;96599;3.26;1.92;0.31;0.35
1984;7;28;210;16.1;14.3;12.4;11.1;10.1;8.2;2.3;-2.1;0.16;2.7;2.7;0;358;90;54;39;96617;1.92;2.1;0.31;0.35
1984;7;29;211;18.7;15.9;13.3;14.9;12.7;10.7;1.6;-0.5;0.16;2.7;2.7;0;225;82;60;35;96705;1.49;3.61;0.31;0.35
1984;7;30;212;25.9;20.1;12.5;15.4;13.8;11.6;0.4;1.3;0.16;2.7;2.7;0;559;207;102;69;96681;3.4;0.04;0.31;0.35
1984;7;31;213;27.9;22.5;16.6;16.9;15.3;12.8;-0.2;3;0.16;2.7;2.7;0;676;238;102;78;96489;3.97;0;0.3;0.35
1984;8;1;214;25.9;20.8;15;17.6;16;13.8;1.3;-1.4;0.16;2.7;2.7;0;506;160;79;53;96452;2.8;0.64;0.3;0.35
1984;8;2;215;22.7;19.1;15.1;13.3;11.4;10.2;2.1;-2.7;0.16;2.7;2.7;0;622;180;90;64;96685;3.11;0.02;0.3;0.35
1984;8;3;216;25.3;19.5;12.6;13;11.6;10.4;0.2;-0.5;0.16;2.7;2.7;0;671;235;120;83;96788;3.51;0;0.29;0.35
1984;8;4;217;27.6;21.7;14.5;14;12.7;12;0.4;2.5;0.16;2.6;2.7;0;688;241;122;86;96686;3.75;0;0.29;0.35
1984;8;5;218;28.1;22.9;16.8;16;14.1;12.6;0.5;1.9;0.16;2.6;2.7;0;675;234;112;76;96514;3.66;0.01;0.29;0.35
1984;8;6;219;22.3;19;16.8;15.2;14.1;13;1;-2.7;0.16;2.6;2.7;0;460;150;72;47;96630;2.87;5.09;0.29;0.35
1984;8;7;220;18.6;16.5;15.2;15.3;14.1;13.2;1.1;-2.1;0.16;2.6;2.7;0;235;59;50;26;96392;1.58;5.67;0.29;0.35
1984;8;8;221;20.8;17.4;14.2;14.8;13.7;13;-0.3;-1.2;0.16;2.6;2.7;0;347;128;71;45;96284;2.13;1.41;0.29;0.35
1984;8;9;222;21.9;17.9;14.2;17.3;15.7;13.8;-0.8;0.4;0.16;2.6;2.7;0;454;115;51;31;96272;2.02;10.19;0.29;0.35
1984;8;10;223;23.9;18.5;14.7;17.2;14.8;12;-0.2;1.4;0.16;2.6;2.7;0;631;168;93;54;96067;3.07;12.72;0.31;0.35
1984;8;11;224;22.4;17.8;13.9;14.2;12.4;11.5;0.9;0.9;0.16;2.6;2.7;0;560;182;97;66;95834;3.09;1.44;0.31;0.35
1984;8;12;225;20.8;17.2;15;14.2;13.3;12.1;2.2;-2.6;0.16;2.6;2.7;0;512;145;82;45;95981;2.37;0.72;0.31;0.35
1984;8;13;226;20.5;16.8;14.2;13.6;11.6;9.9;0.5;-2.8;0.16;2.6;2.7;0;457;151;80;50;96193;2.69;0.42;0.31;0.35
1984;8;14;227;20.6;16.6;11.5;12.1;10.2;8.8;0;-1.2;0.16;2.6;2.7;0;567;163;96;59;96163;2.54;0;0.3;0.35
1984;8;15;228;21.2;17.2;12.2;12;10.8;9.6;1;-1.6;0.16;2.6;2.7;0;535;171;102;66;96223;2.78;0.83;0.3;0.35
1984;8;16;229;19.9;16.2;13.1;13.3;12.1;10.4;0.9;-1.5;0.16;2.6;2.7;0;537;139;76;59;96363;2.13;1.69;0.3;0.35
1984;8;17;230;20.4;15.9;10.9;12.2;11.3;9.6;1.1;-1.8;0.15;2.6;2.7;0;620;182;95;68;96615;2.79;1.59;0.3;0.35
1984;8;18;231;20.9;17.1;11.5;11.9;10.3;9.2;1.1;-1.9;0.15;2.6;2.7;0;474;153;83;58;96863;2.58;0.41;0.3;0.35
1984;8;19;232;18.8;16;13;9.6;8.3;7.6;0.6;-3.1;0.15;2.6;2.7;0;467;154;84;61;97027;2.5;0.06;0.3;0.35
1984;8;20;233;19.9;15.4;9.6;9.4;7.3;4.6;0;-1.1;0.15;2.6;2.7;0;611;200;120;86;97022;2.75;0.01;0.29;0.35
1984;8;21;234;21.9;16;9;9.7;7.2;5.5;0.4;0.7;0.15;2.6;2.7;0;647;213;125;88;96802;2.93;0;0.29;0.35
1984;8;22;235;23;17.1;10.4;9.5;7.9;6.2;0.5;1.6;0.15;2.6;2.7;0;648;189;120;78;96488;2.76;0;0.29;0.35
1984;8;23;236;24;18.5;11.5;11;9.9;8;0;2.8;0.15;2.5;2.7;0;630;191;106;76;96320;2.76;0;0.29;0.35
1984;8;24;237;25.1;19.7;14.6;12.8;11.6;10.5;0.7;3.7;0.15;2.5;2.7;0;621;190;99;75;95807;2.86;0.14;0.28;0.35
1984;8;25;238;19.1;17.1;14.3;16.3;14.4;12.6;1.4;-0.9;0.15;2.5;2.7;0;319;97;50;36;95602;2.52;19.69;0.29;0.35
1984;8;26;239;20.3;17;14.6;14.8;13.7;12.7;2;-3.1;0.15;2.5;2.7;0;414;123;70;43;95652;2.32;1.79;0.3;0.35
1984;8;27;240;17.9;14.8;10.9;12.7;7.5;4.8;0;-3.1;0.15;2.5;2.7;0;524;162;99;73;96410;2.67;0;0.3;0.35
1984;8;28;241;19.4;14.2;8.6;7.7;6.9;5.7;0;0.7;0.15;2.5;2.7;0;628;191;120;86;96888;2.57;0;0.3;0.35
1984;8;29;242;22.1;16;9.3;10.1;8.6;6.7;0.6;1.4;0.15;2.5;2.7;0;619;192;114;83;96773;2.68;0;0.29;0.35
1984;8;30;243;22.6;17.5;11;14;10.9;8.9;1;0.4;0.15;2.5;2.7;0;496;142;91;58;96627;2.14;0.14;0.29;0.35
1984;8;31;244;23.3;18.4;13.8;13.4;11.8;10.3;1.6;-0.9;0.15;2.5;2.7;0;504;154;86;60;96568;2.32;0.1;0.29;0.35
1984;9;1;245;24;19.1;14.5;13.4;12.4;11;1.9;-0.9;0.15;2.5;2.7;0;518;159;90;61;96445;2.49;0.25;0.29;0.35
1984;9;2;246;24.3;19.6;13.9;15.8;12.7;11.4;1.3;-0.9;0.15;2.5;2.7;0;475;152;85;63;96559;2.27;0.35;0.29;0.35
1984;9;3;247;27.7;21;12.7;14.6;13;10.9;0.9;1.4;0.15;2.5;2.7;0;614;195;122;81;96462;2.8;0;0.28;0.34
1984;9;4;248;25.5;20.8;15.9;15;14.1;13.1;0.3;0.6;0.15;2.5;2.7;0;524;151;89;64;95999;2.28;0.23;0.28;0.34
1984;9;5;249;25.4;20.5;16.1;14.8;13.2;11.4;1.8;2.9;0.15;2.5;2.7;0;538;160;90;71;95323;2.47;0.05;0.28;0.34
1984;9;6;250;21.7;15.9;11.7;16;12.3;8.9;-0.3;-1.3;0.15;2.5;2.7;0;404;111;60;38;95796;2.4;15.16;0.28;0.34
1984;9;7;251;17.6;13.7;11.2;10.5;8.6;6.7;0.7;-1.2;0.15;2.5;2.7;0;423;112;70;34;96424;2.26;4.34;0.29;0.34
1984;9;8;252;16.9;13;9.4;8.9;7;5.4;0.6;-0.7;0.15;2.5;2.7;0;512;141;91;57;96460;2.4;1.59;0.29;0.34
1984;9;9;253;17.2;13;7.8;9.2;7.4;5.8;0.9;2;0.15;2.5;2.7;0;534;146;94;66;95971;2.19;0.38;0.29;0.34
1984;9;10;254;18.1;12.3;9.5;9.5;8.1;6.3;1.4;1.2;0.15;2.5;2.7;0;504;99;89;51;95375;1.58;3.35;0.29;0.34
1984;9;11;255;16.3;12.7;9.2;8.2;6.4;5.5;2.2;-0.7;0.15;2.5;2.7;0;466;143;88;63;96185;2.2;0.15;0.29;0.34
1984;9;12;256;17.9;13.5;10.2;11;8.6;5.9;0.9;0.4;0.15;2.5;2.7;0;257;52;53;27;96418;0.91;0.39;0.29;0.34
1984;9;13;257;19.5;15;10.8;12.3;10.8;9.2;1;-0.2;0.15;2.5;2.7;0;397;111;85;50;96596;1.53;0.07;0.29;0.34
1984;9;14;258;21.6;15.9;10.7;13.3;12.1;10.1;0;1.3;0.15;2.5;2.7;0;409;132;81;56;96216;1.67;0;0.29;0.34
1984;9;15;259;19.8;15.5;12;13.4;11.8;9.9;-0.3;1.4;0.15;2.5;2.7;0;285;97;71;52;95671;1.22;0.01;0.29;0.34
1984;9;16;260;15.4;13.8;11.9;14.9;12.9;10.6;-0.1;-0.1;0.15;2.4;2.7;0;139;32;34;19;95585;0.61;10.16;0.29;0.34
1984;9;17;261;16.6;12.9;11.1;13.4;11.3;10;0.3;-0.6;0.15;2.4;2.7;0;343;75;54;31;95707;1.61;7.34;0.3;0.34
1984;9;18;262;16.2;13.3;11.4;11.2;10.7;10.1;-0.7;0.1;0.14;2.4;2.7;0;277;67;42;25;95587;1.19;1.3;0.3;0.34
1984;9;19;263;20.3;14.3;8.8;12.6;10.9;8.7;0.6;0.9;0.14;2.4;2.7;0;443;130;83;54;95591;1.78;0.05;0.3;0.34
1984;9;20;264;19.3;14.9;10.4;11.4;10.2;8.9;0.1;-1.1;0.14;2.3;2.7;0;499;133;89;57;95853;1.8;0.95;0.3;0.34
1984;9;21;265;15.6;13.4;10.7;14;12.3;10.5;0.7;-0.6;0.14;2.3;2.7;0;169;36;47;23;95439;0.69;7.71;0.3;0.34
1984;9;22;266;12.4;10.9;7.5;11.5;8.2;5.6;2;-1.7;0.14;2.3;2.7;0;236;50;71;21;95142;1.81;3.48;0.31;0.34
1984;9;23;267;18;12.3;5.4;12;8;3.9;0.9;2.5;0.14;2.3;2.7;0;528;138;112;61;94790;1.82;11.64;0.31;0.34
1984;9;24;268;14.1;10.3;7.5;11.9;6.3;3.2;1.5;-0.6;0.14;2.2;2.7;0;367;82;108;43;94810;2.28;18.36;0.33;0.34
1984;9;25;269;10;8.6;7.1;7.3;6.3;5.3;1.3;-2.5;0.14;2.2;2.7;0;224;44;33;22;95369;2.05;9.46;0.34;0.34
1984;9;26;270;13.8;9.8;6;6.1;4.5;2.8;2;-0.6;0.14;2.2;2.7;0;400;112;91;65;95928;1.66;0.57;0.34;0.34
1984;9;27;271;14;9.8;5.9;6.3;4.8;4.1;1.8;-1;0.14;2.1;2.7;0;419;111;86;56;96259;1.63;1.27;0.34;0.34
1984;9;28;272;15.4;10.9;5.1;9.4;6.7;3.8;0.3;0.8;0.14;2.1;2.6;0;379;98;76;51;96394;1.17;0.01;0.34;0.34
1984;9;29;273;18.3;12.4;7;12.2;9.8;6.3;0.2;0.4;0.14;2.1;2.6;0;487;131;103;64;96154;1.44;0.35;0.34;0.34
1984;9;30;274;19.1;12.8;7.2;12.6;10.3;6.7;0.3;0.7;0.14;2.1;2.6;0;423;118;92;60;96165;1.32;0;0.33;0.34
1984;10;1;275;20.6;15;8.1;15.2;12.5;7.6;0.3;2.9;0.14;2;2.6;0;428;114;79;47;95801;1.42;0.54;0.33;0.34
1984;10;2;276;19.3;14.5;8.7;14;12;6.4;0.2;1.9;0.14;2;2.6;0;433;93;78;38;95231;2.03;30.66;0.34;0.34
1984;10;3;277;15.6;11.9;8;9.9;7.5;6.1;0.1;2.2;0.14;2;2.6;0;506;120;112;51;95660;1.89;6.53;0.36;0.34
1984;10;4;278;15.7;12.3;10.1;10.6;7.6;3.5;1;1.4;0.14;2;2.6;0;435;76;86;45;95344;1.57;2.13;0.36;0.34
1984;10;5;279;19.3;14.8;11.8;14.3;8.9;5.7;0.5;4.5;0.14;1.9;2.6;0;322;83;79;58;94861;1.29;0;0.36;0.34
1984;10;6;280;17.4;13.2;10;10.3;8.1;6.4;0.6;0.9;0.14;1.9;2.6;0;445;122;110;75;95702;1.52;0.02;0.36;0.34
1984;10;7;281;14.6;11.6;9.7;7.6;6.9;6.1;1.2;-3.4;0.14;1.9;2.6;0;371;86;71;46;96729;1.72;2.52;0.36;0.34
1984;10;8;282;13.3;9.8;6.3;6.5;4.6;3.2;1.8;-1.1;0.14;1.9;2.6;0;349;88;98;67;97119;1.29;0.09;0.36;0.34
1984;10;9;283;15;10.2;5.4;7.9;6;3.6;1.2;1.5;0.14;1.8;2.6;0;208;59;63;44;97419;0.79;0;0.36;0.34
1984;10;10;284;17.8;12.5;7.6;11.4;9.1;6.4;0.4;0.9;0.14;1.8;2.6;0;401;108;89;57;97463;1.15;0.04;0.36;0.34
1984;10;11;285;17.5;12.3;7.5;11.2;9.2;6.7;0.4;1.4;0.14;1.8;2.6;0;420;112;93;64;97027;1.15;0.03;0.35;0.34
1984;10;12;286;16.6;12.9;9.3;11.4;10.2;8.3;0.6;-1.6;0.14;1.8;2.6;0;317;74;61;40;96889;0.83;0.2;0.35;0.34
1984;10;13;287;13.3;11.2;9.4;9.1;7.7;6.6;0.4;-1.9;0.14;1.7;2.6;0;277;70;62;42;97324;0.89;0.47;0.35;0.34
1984;10;14;288;17.4;11;5.7;8.7;7.1;5;1.1;0;0.14;1.7;2.6;0;445;118;112;72;97277;1.25;0;0.35;0.34
1984;10;15;289;14.5;11.4;8.3;7.9;6.9;6;2.6;-2.4;0.14;1.7;2.6;0;311;80;80;45;96855;1.03;0.28;0.35;0.34
1984;10;16;290;11.2;8.8;6.1;5.6;3;1.4;1;-3.5;0.14;1.7;2.6;0;354;85;86;63;97166;1.07;0.01;0.35;0.34
1984;10;17;291;10.3;7;3.5;3.6;2.9;2.1;0.4;1.9;0.13;1.7;2.6;0;323;90;94;69;97043;0.79;0;0.35;0.34
1984;10;18;292;14.9;9.3;4.5;8.5;5.5;2.1;0.7;1.9;0.13;1.6;2.6;0;439;114;115;83;96205;0.96;0;0.35;0.34
1984;10;19;293;17.1;11.4;6;7.6;5.9;4;1.3;3;0.13;1.6;2.6;0;420;110;118;85;95979;1.23;0;0.35;0.34
1984;10;20;294;17.4;12.8;9.7;10.1;8.6;6.8;1.1;2.1;0.13;1.6;2.6;0;403;103;109;75;95966;1.06;0.07;0.34;0.34
1984;10;21;295;13.1;10.4;7.3;9.3;7.9;5.7;1;0.3;0.13;1.6;2.6;0;113;25;62;31;96656;0.28;0.24;0.34;0.34
1984;10;22;296;11.6;8.7;4.8;7.9;6.6;4.2;0.9;1.6;0.13;1.6;2.6;0;160;40;60;37;97000;0.36;0;0.34;0.34
1984;10;23;297;16;10.7;6;9.4;7.4;4.8;1;1.2;0.13;1.6;2.6;0;343;85;85;64;96537;0.77;0.16;0.34;0.34
1984;10;24;298;15.7;10.8;5.5;9.9;8;4.9;0.8;1.1;0.13;1.6;2.6;0;235;60;62;48;96687;0.55;0.01;0.34;0.34
1984;10;25;299;15.3;9.9;5.9;9;7.3;5.3;0.6;1.8;0.13;1.6;2.6;0;383;92;101;75;96361;0.71;0;0.34;0.34
1984;10;26;300;16.7;10.1;5.2;10.9;7.2;4.6;0.6;0.8;0.13;1.6;2.6;0;359;91;105;66;96064;0.78;0.31;0.34;0.34
1984;10;27;301;11.7;9.6;7.8;8.7;6.7;4.2;0.7;-2.1;0.13;1.6;2.6;0;197;41;87;30;96774;1.07;6.74;0.34;0.34
1984;10;28;302;8.1;6.9;4.9;5.3;4.1;2.6;0.8;-2.9;0.13;1.5;2.6;0;83;20;78;31;97456;0.95;2.06;0.35;0.34
1984;10;29;303;10.7;5.6;1.7;4.3;2.6;0.9;0.6;-0.6;0.13;1.5;2.6;0;387;98;119;86;97754;0.68;0;0.35;0.34
1984;10;30;304;11.6;5.5;0.8;6.8;3.6;-0.1;0.2;0.7;0.13;1.5;2.6;0;371;91;105;69;97655;0.6;0;0.34;0.34
1984;10;31;305;9.9;5.5;2.4;6.8;4.4;2.1;0;1.3;0.12;1.5;2.6;0;239;57;78;46;97496;0.3;0.01;0.34;0.34
1984;11;1;306;10.1;6.2;3.3;6;4.6;3;-0.1;1.8;0.12;1.5;2.6;0;223;55;74;40;97256;0.42;0.02;0.34;0.34
1984;11;2;307;9.5;6;3.9;4.1;3.5;2.4;-0.2;3.1;0.12;1.5;2.6;0;305;71;97;57;97025;0.53;0.02;0.34;0.34
1984;11;3;308;7.6;4.1;1.8;2.2;1.1;-0.4;-0.1;2.8;0.12;1.5;2.6;0;325;74;113;69;96762;0.51;0;0.34;0.34
1984;11;4;309;7.4;3.8;0.2;3.2;1.4;-1.4;0;2.2;0.12;1.5;2.6;0;223;54;63;41;96353;0.36;0.02;0.34;0.34
1984;11;5;310;6.2;3.5;2.1;2.2;1.5;0.8;-0.2;2.8;0.12;1.5;2.6;0;199;48;77;42;95909;0.28;0.03;0.34;0.34
1984;11;6;311;11.6;7.4;2.9;8.2;5.9;2.3;0.4;3.4;0.12;1.4;2.6;0;196;45;73;41;95801;0.25;0;0.34;0.34
1984;11;7;312;12.9;9.1;4.9;8.5;7.4;4.6;0.7;2.8;0.12;1.4;2.6;0;303;68;79;58;96006;0.37;0;0.34;0.34
1984;11;8;313;11.8;6.9;2.5;7.1;5;1.9;0.2;1.3;0.12;1.4;2.6;0;305;69;77;58;96192;0.43;0;0.34;0.34
1984;11;9;314;11.7;6.5;2.9;7;5;2.7;0.3;2.1;0.12;1.4;2.6;0;189;47;73;44;95972;0.31;0;0.34;0.34
1984;11;10;315;11.2;7.1;2.6;7.6;5.7;2.1;0.8;-1.5;0.12;1.4;2.6;0;155;39;54;31;96417;0.27;0.16;0.34;0.34
1984;11;11;316;7.9;6.2;4.6;6.6;3.7;2.1;-0.5;-0.5;0.12;1.4;2.6;0;278;64;89;45;97243;0.5;0.02;0.34;0.34
1984;11;12;317;5.4;2.8;0.2;1.5;0.4;-0.6;-0.8;2.5;0.12;1.4;2.6;0;230;53;106;67;97219;0.28;0;0.34;0.34
1984;11;13;318;2.8;0.3;-1.7;-0.9;-2.3;-3.2;-0.7;2.7;0.12;1.4;2.6;0;308;65;101;66;96983;0.31;0;0.34;0.34
1984;11;14;319;1.6;-0.1;-1;-2.3;-2.9;-3.3;-0.5;3.8;0.12;1.4;2.6;0;208;48;67;43;96327;0.22;0;0.34;0.34
1984;11;15;320;-0.8;-1.4;-1.9;-1.7;-4;-5.5;-1.4;2.7;0.12;1.3;2.6;0.44;110;22;35;13;95568;0.43;2;0.34;0.34
1984;11;16;321;0.5;-0.2;-1;-0.2;-1.1;-1.8;-1.4;2.7;0.14;1.3;2.6;1.32;66;11;15;7;95444;0.24;1.43;0.34;0.34
1984;11;17;322;2.4;1.3;0.2;2.2;1.1;-0.5;-0.6;0.9;0.15;1.4;2.6;1.95;52;9;5;2;95205;0.23;8.1;0.34;0.34
1984;11;18;323;4.6;1.5;-0.1;1.5;0.5;-0.3;0.3;-0.7;0.16;1.4;2.6;2.84;143;33;61;25;95272;0.46;2.05;0.35;0.34
1984;11;19;324;3.6;2.4;0.8;3.1;2.2;0.7;-0.7;0.5;0.15;1.4;2.6;2.33;79;17;12;4;95302;0.1;1.04;0.35;0.34
1984;11;20;325;5;3.3;2.5;2.4;1.7;0.4;1;-2.3;0.14;1.4;2.6;1.71;108;23;67;20;95515;0.56;3.36;0.35;0.34
1984;11;21;326;8.1;4.1;1.3;3.2;1.9;0.2;0.9;-0.6;0.13;1.4;2.6;1.16;251;51;85;44;95766;0.4;0.84;0.35;0.34
1984;11;22;327;9.2;4.8;-0.7;4.4;2.1;-1.7;1;1.5;0.13;1.4;2.6;0.8;284;61;97;53;95828;0.62;1.44;0.35;0.34
1984;11;23;328;14;8;5.1;6.2;3.8;2.4;1.9;1.7;0.12;1.4;2.6;0.3;289;55;96;48;95192;0.97;0.52;0.35;0.34
1984;11;24;329;14.9;9.2;6;6.5;2.7;0.6;2.4;0.6;0.12;1.4;2.6;0.1;268;57;100;63;95308;0.63;0;0.35;0.34
1984;11;25;330;13.4;7.4;3.5;7.3;3.2;0.2;1.4;0.6;0.11;1.4;2.6;0.04;256;54;104;61;96289;0.32;0;0.35;0.34
1984;11;26;331;9.7;6.1;3.3;5.8;3.8;1.4;0.5;-0.8;0.11;1.4;2.6;0.02;191;40;73;34;96349;0.24;3.35;0.35;0.34
1984;11;27;332;6.7;4.9;1.8;5.3;1.9;-1;1.1;-3.4;0.11;1.4;2.6;0;258;49;99;50;97215;0.81;3.03;0.36;0.34
1984;11;28;333;5.5;1.8;-0.9;0.3;-0.6;-2.2;0.7;2.4;0.11;1.4;2.6;0;272;58;104;72;97447;0.3;0;0.36;0.34
1984;11;29;334;4.3;1;-1.6;1.1;-0.4;-2.8;-0.2;2.4;0.11;1.4;2.6;0.02;259;55;99;58;97179;0.18;0.19;0.35;0.34
1984;11;30;335;3;0.8;-0.5;0.4;-0.5;-1.6;-0.5;3.2;0.12;1.4;2.6;0.15;162;35;60;27;96647;0.2;0.06;0.35;0.34
1984;12;1;336;5.3;2.7;0.6;3.7;1.6;-0.2;-0.4;3.6;0.12;1.4;2.6;0.15;161;34;39;21;96424;0.15;0;0.35;0.34
1984;12;2;337;4.9;3.1;1.9;2.6;1.6;1.1;-0.6;3.1;0.11;1.4;2.6;0.08;186;39;64;34;96591;0.2;0;0.35;0.34
1984;12;3;338;2.9;1.9;0.7;1.4;0.6;-0.4;-0.8;2.1;0.11;1.4;2.6;0.02;94;20;43;21;96929;0.09;0.08;0.35;0.34
1984;12;4;339;1.8;0.7;0;-0.3;-0.9;-1.4;-0.6;2.9;0.11;1.4;2.6;0.04;112;23;44;27;97384;0.14;0.03;0.35;0.34
1984;12;5;340;2.6;0.1;-2;-1.2;-1.6;-2.6;-0.3;2;0.11;1.4;2.6;0.13;135;29;66;39;97483;0.15;0.01;0.35;0.34
1984;12;6;341;3.3;-0.4;-2.8;0;-1.8;-3.4;0.1;0.9;0.11;1.4;2.6;0.12;205;43;74;53;97431;0.16;0.01;0.35;0.34
1984;12;7;342;4.5;0.6;-3.2;1.7;-1.1;-4.2;0.6;0.3;0.11;1.4;2.6;0.08;183;35;58;38;97801;0.07;0;0.35;0.34
1984;12;8;343;4.9;0.5;-2.3;1.6;-0.8;-2.9;0.2;1.2;0.11;1.4;2.6;0.04;189;39;73;47;97854;0.16;0;0.35;0.34
1984;12;9;344;4.9;0.8;-1.8;0.5;-1.2;-2.3;1;0.8;0.11;1.4;2.6;0.04;239;50;97;50;97378;0.19;0.04;0.35;0.34
1984;12;10;345;4;1.9;0.1;-0.3;-1.1;-2.1;1.8;-0.6;0.11;1.4;2.6;0.04;156;25;64;36;97212;0.21;0.29;0.35;0.34
1984;12;11;346;7.2;5.1;2;2.8;1.7;-0.9;3.2;-3.1;0.11;1.4;2.6;0.04;163;30;65;31;96694;0.9;1.71;0.35;0.34
1984;12;12;347;4.8;2.1;-1.3;2.5;0.3;-1.8;-0.2;-1.5;0.11;1.4;2.6;0.03;200;41;79;46;97093;0.44;0.7;0.35;0.34
1984;12;13;348;1.5;-0.9;-2.9;-0.8;-1.7;-3.5;-0.7;0.8;0.11;1.4;2.6;0.05;130;26;62;30;96473;0.13;0.06;0.35;0.34
1984;12;14;349;-0.2;-1.3;-1.9;-1.4;-2.5;-3;-1.2;0.5;0.13;1.4;2.6;1.22;105;18;23;11;96436;0.08;3.36;0.35;0.34
1984;12;15;350;1.2;-0.7;-1.5;-1.2;-2;-2.8;-0.5;1.3;0.2;1.4;2.6;5.24;83;17;57;17;96914;0.1;2.37;0.35;0.34
1984;12;16;351;-0.7;-1.1;-1.8;-1.1;-2.2;-3.1;-1;2.1;0.21;1.4;2.6;5.99;57;12;14;8;96684;0.1;0.57;0.35;0.34
1984;12;17;352;0.2;-1.3;-3;-1.2;-2.4;-4.1;0.1;0.4;0.23;1.4;2.6;7.1;55;13;47;21;96206;0.12;2.72;0.35;0.34
1984;12;18;353;4;2.3;0;3.7;1.6;-1.1;0.5;2.9;0.22;1.4;2.6;6.59;97;18;22;11;96362;0.05;0.23;0.35;0.34
1984;12;19;354;4.4;2.6;1.2;3.8;1.1;-0.4;0.7;-0.7;0.18;1.4;2.6;4.38;91;18;31;16;97056;0.2;0.64;0.35;0.34
1984;12;20;355;4.9;2;0.5;1.5;0.3;-0.6;0.3;0.5;0.17;1.3;2.6;3.55;158;33;68;31;97402;0.25;0.02;0.36;0.34
1984;12;21;356;3.3;1.6;0.6;2.4;0.7;-1.3;0.8;0.9;0.16;1.3;2.6;3;82;14;72;34;96683;0.03;1.28;0.36;0.34
1984;12;22;357;3.2;1.1;-0.1;-1.3;-2.9;-4.4;2;-3;0.15;1.3;2.6;2.69;225;45;86;68;97324;0.57;0;0.36;0.34
1984;12;23;358;2.9;0.3;-2.7;-1.2;-2.4;-3.8;0.6;-2.1;0.15;1.3;2.6;2.67;205;39;70;52;97372;0.21;0.8;0.36;0.34
1984;12;24;359;-0.3;-1.9;-3.8;-3.2;-3.6;-4.4;-0.5;-0.7;0.16;1.3;2.6;3.05;147;28;61;37;96892;0.21;0.35;0.36;0.34
1984;12;25;360;0.1;-2;-3.3;-3.6;-4.1;-4.5;-0.4;-0.9;0.16;1.3;2.6;3.47;203;38;80;43;96229;0.11;0.82;0.36;0.34
1984;12;26;361;-0.5;-1.6;-2.1;-2.1;-3.1;-4.3;0.3;-0.6;0.23;1.3;2.6;7.26;74;15;22;15;95874;0.05;7.04;0.36;0.34
1984;12;27;362;-1.2;-3.6;-5.9;-3;-4.7;-7.1;0.2;0.7;0.31;1.3;2.6;11.12;186;34;91;40;96150;0.12;0.19;0.36;0.34
1984;12;28;363;-1.8;-5.2;-7.4;-4.3;-6.5;-8.6;0.3;-1.1;0.3;1.3;2.6;11.04;185;38;88;41;97327;0.12;0;0.35;0.34
1984;12;29;364;-2.2;-4.6;-7.3;-4.3;-6.1;-8.6;0.5;-1.6;0.3;1.3;2.6;11.07;81;19;51;23;97807;0.12;0.33;0.35;0.34
1984;12;30;365;-2.7;-4.3;-5.5;-5.4;-6.4;-7.3;0.8;-3;0.34;1.3;2.6;13.04;101;20;32;20;97673;0.3;4.01;0.35;0.34
1984;12;31;366;-5;-7;-11.4;-7.4;-9.5;-13.6;1.2;-3.5;0.38;1.3;2.6;15.23;171;35;80;52;97334;0.21;0.45;0.35;0.34
1985;1;1;1;-4.5;-9.9;-15.9;-8;-12.7;-18.2;1.1;1;0.38;1.3;2.6;15.18;145;31;66;44;95976;0.14;0.14;0.35;0.34
1985;1;2;2;-2.1;-6.4;-11.3;-6;-8.9;-13.5;0.7;1.1;0.38;1.3;2.6;16.44;142;26;68;24;94757;0.2;2.86;0.35;0.34
1985;1;3;3;-4.8;-7.5;-10.8;-9.1;-11.1;-14.6;1.6;-1.9;0.39;1.3;2.6;17.89;154;32;80;52;94944;0.22;0.23;0.35;0.34
1985;1;4;4;-5.8;-10.2;-15.2;-10.2;-13.9;-19.2;0.5;-0.3;0.39;1.2;2.6;18.47;110;24;76;38;94808;0.12;1.07;0.35;0.34
1985;1;5;5;-10.2;-12;-15.6;-14.1;-15.8;-19.6;1.3;-3.7;0.39;1.2;2.6;19.17;100;20;74;34;94990;0.29;1.16;0.35;0.34
1985;1;6;6;-11.6;-15;-20.1;-16.3;-18.6;-22.9;0.8;-2.6;0.39;1.2;2.6;19.61;187;41;90;76;95506;0.13;0;0.35;0.34
1985;1;7;7;-12.8;-17.1;-20.8;-19.4;-22;-23.7;0.7;-1.5;0.39;1.2;2.5;19.48;202;44;109;64;95558;0.15;0;0.35;0.34
1985;1;8;8;-12.6;-15.2;-16.8;-18.8;-21.2;-23.6;-0.3;-0.3;0.39;1.2;2.5;19.34;200;43;106;49;95916;0.14;0.01;0.35;0.34
1985;1;9;9;-10;-13;-17.6;-16.6;-18.1;-21.8;1.3;-2.8;0.38;1.2;2.5;19.5;166;34;72;36;95927;0.38;0.58;0.35;0.34
1985;1;10;10;-7.8;-10.2;-11.5;-14.2;-16;-17.2;1.9;-3.6;0.38;1.2;2.5;19.23;181;37;85;62;96080;0.52;0.04;0.35;0.34
1985;1;11;11;-7.2;-10;-12.3;-13.4;-14.8;-16.6;1.5;-2.4;0.38;1.2;2.5;18.91;188;36;87;63;96757;0.32;0.11;0.35;0.34
1985;1;12;12;-4.6;-9.5;-15.1;-11.9;-14.7;-19.5;0.7;1.2;0.38;1.2;2.5;18.7;196;40;88;44;96630;0.31;0.41;0.35;0.34
1985;1;13;13;-8.5;-9.8;-11.1;-11.7;-12.4;-13.4;-1.4;-0.1;0.38;1.2;2.5;20.29;92;20;27;17;96651;0.13;3.59;0.35;0.34
1985;1;14;14;-9.5;-10.9;-12.5;-12.1;-13.6;-14.8;-1.1;1.1;0.39;1.2;2.5;22.6;177;36;73;28;96622;0.18;1.29;0.35;0.34
1985;1;15;15;-5.5;-7.2;-9.7;-7.1;-9.1;-12;-0.8;2;0.39;1.2;2.5;23.7;99;20;27;13;97202;0.16;0.59;0.35;0.34
1985;1;16;16;-3.7;-7.1;-12.1;-6.8;-8.7;-13.5;-0.3;1.4;0.39;1.2;2.5;23.89;160;34;80;37;97213;0.12;0.09;0.35;0.34
1985;1;17;17;-3.7;-9.7;-13.8;-10.3;-13.4;-15.6;0.6;2;0.39;1.2;2.5;23.76;196;43;91;49;96393;0.23;0;0.35;0.34
1985;1;18;18;-5.4;-9.1;-13.3;-9.9;-12.5;-15.2;-0.1;2.2;0.39;1.2;2.5;23.53;173;39;85;50;95234;0.19;0;0.35;0.34
1985;1;19;19;-5.2;-8.7;-12.7;-8.7;-11.4;-14.6;0.1;-0.3;0.39;1.2;2.5;23.35;199;44;85;39;95087;0.19;0;0.35;0.34
1985;1;20;20;-2.2;-6;-9.7;-5.7;-8.4;-12.2;-0.1;0.8;0.38;1.2;2.5;22.93;186;42;91;37;95518;0.19;0;0.35;0.34
1985;1;21;21;-0.9;-3.6;-5.3;-2.5;-5.1;-6.6;-0.5;2.3;0.38;1.2;2.5;22.56;159;31;81;27;95472;0.1;0.03;0.35;0.34
1985;1;22;22;6;2.3;-0.9;2.2;0.5;-1.4;1.7;2.6;0.36;1.1;2.5;19.84;185;39;74;40;94913;-0.17;0.04;0.35;0.34
1985;1;23;23;6.5;2.6;0.1;2.6;1.2;-0.4;1.3;1.1;0.32;1.1;2.5;14.94;202;38;67;35;94988;-0.21;0.02;0.36;0.34
1985;1;24;24;3.8;1;-3.1;3.2;-1.1;-7.4;1.8;-1.5;0.3;1.1;2.5;13.69;59;13;87;36;95198;0.22;6.68;0.36;0.34
1985;1;25;25;1.4;-3.7;-7.7;-4.6;-7.9;-11.1;1.3;1.9;0.32;1.1;2.5;15.14;180;41;75;54;95747;0.38;0;0.36;0.34
1985;1;26;26;4.1;-0.7;-7.9;0.7;-4.4;-11.8;1.7;3.1;0.31;1.1;2.5;14.54;226;42;87;49;94872;0.33;0;0.36;0.34
1985;1;27;27;6.5;1.7;-2.8;2;-0.9;-5.6;1.3;-1;0.28;1.1;2.5;12.62;147;35;83;49;95417;0.18;1;0.36;0.34
1985;1;28;28;-1;-3.9;-5.9;-6.3;-7.7;-9.3;-0.3;-0.6;0.26;1.1;2.5;11.47;268;62;102;73;96543;0.32;0;0.37;0.34
1985;1;29;29;1.2;-3.4;-8;-4.1;-6.5;-9.8;-0.2;1.6;0.25;1.1;2.5;11.11;294;67;114;69;97173;0.2;0;0.37;0.34
1985;1;30;30;3.4;-1.1;-8.1;1.2;-4;-9.9;1.2;0.9;0.25;1.1;2.5;10.59;260;48;83;45;96878;0.12;1.78;0.37;0.34
1985;1;31;31;6;2.1;-1;0.7;-0.5;-2.2;1.2;0.4;0.23;1.1;2.5;9.09;231;54;86;45;96659;0.21;1.63;0.37;0.34
1985;2;1;32;6.9;4.4;1.2;2.9;1.1;-1.1;2.7;-0.7;0.2;1.1;2.5;7.16;251;44;80;45;95982;0.48;2.27;0.37;0.34
1985;2;2;33;9.6;6.6;3.4;2.3;1.5;-0.4;4.3;-2.5;0.16;1.1;2.5;3.47;272;63;83;62;95656;0.76;0.68;0.38;0.35
1985;2;3;34;3.9;1;-3.1;-0.2;-6.4;-13.9;2.9;-4.6;0.14;1.1;2.5;2.55;324;71;102;77;96304;1.13;1.92;0.38;0.35
1985;2;4;35;1.1;-2.1;-4.1;-10.5;-13.7;-15.8;1.5;-3.3;0.14;1.1;2.5;2.5;375;90;123;95;97180;0.32;0;0.38;0.35
1985;2;5;36;6.6;0.3;-3;-1.6;-7.2;-11.3;0.6;0.9;0.14;1.1;2.5;2.26;336;80;98;63;96377;0.12;0;0.38;0.35
1985;2;6;37;6;2;-2.2;3.2;0;-5.8;1.1;0.1;0.14;1.1;2.5;1.91;115;29;51;18;95824;0.01;0.72;0.38;0.35
1985;2;7;38;2.1;0.2;-3.3;1.6;-3.9;-10.4;0.6;-3;0.15;1.1;2.5;2.69;259;48;87;38;95948;0.62;5.59;0.38;0.35
1985;2;8;39;-3;-4.3;-5.7;-8.1;-11.2;-14;-1;0.8;0.16;1.1;2.5;3.52;275;61;75;42;96175;0.28;1.93;0.38;0.35
1985;2;9;40;0.3;-2.3;-4.1;-2.8;-5;-7.9;-0.8;1.8;0.2;1.1;2.5;5.88;179;41;37;20;95036;0.2;2.16;0.38;0.35
1985;2;10;41;-4;-6.8;-11.8;-5.2;-10.9;-16.2;0.3;-4.1;0.26;1.1;2.5;8.49;307;67;84;30;94912;0.4;2.84;0.38;0.35
1985;2;11;42;-10.1;-12.9;-16.3;-16.5;-18.2;-20.6;1.2;-4.4;0.29;1.1;2.5;10.04;334;81;104;64;95422;0.38;0.87;0.38;0.35
1985;2;12;43;-10;-14;-17.8;-18.2;-20;-22.5;0.8;-3.4;0.28;1.1;2.5;9.79;344;87;108;87;95813;0.37;0;0.38;0.35
1985;2;13;44;-6.4;-11;-17.3;-14.8;-17.9;-21.7;-0.1;-1.2;0.28;1.1;2.5;9.51;349;88;114;81;95799;0.22;0;0.38;0.35
1985;2;14;45;-2.9;-7.7;-15.6;-11;-14.2;-19.4;0.4;3.1;0.27;1.1;2.5;9.4;328;76;91;55;95917;0.45;0.82;0.38;0.35
1985;2;15;46;-5.3;-7.1;-10.9;-8.5;-11.7;-16;0.4;-2.4;0.32;1.1;2.5;11.55;222;49;96;48;96136;0.37;2.58;0.37;0.35
1985;2;16;47;-3.8;-7.9;-14.3;-13.3;-16.6;-20.1;1.4;-1.2;0.32;1.1;2.5;11.84;345;88;121;76;97233;0.41;0;0.37;0.35
1985;2;17;48;0.6;-5.9;-11.1;-6.8;-12.8;-17.4;0.5;-1.5;0.31;1.1;2.5;11.18;352;83;125;67;96845;0.41;0.32;0.37;0.35
1985;2;18;49;-6.5;-8.8;-11;-14.1;-15.3;-16.4;2.1;-4.5;0.3;1.1;2.5;10.84;287;69;89;73;96919;0.57;0.34;0.37;0.35
1985;2;19;50;-6;-8.1;-10.6;-13.4;-14.5;-16.1;3;-4.6;0.29;1.1;2.5;10.49;337;89;93;78;97072;0.58;0.12;0.37;0.35
1985;2;20;51;-3.4;-6.4;-8.8;-12.4;-13.1;-13.9;1.5;-3.5;0.29;1.1;2.5;10.06;365;92;103;81;97576;0.44;0.01;0.37;0.35
1985;2;21;52;0.5;-3.7;-8.7;-8.7;-12;-14.8;0.7;-0.2;0.27;1.1;2.5;9.46;304;78;87;50;97316;0.27;0.4;0.37;0.35
1985;2;22;53;0.7;-2.8;-6.3;-4.7;-6.9;-8.6;0.8;-1.4;0.28;1.1;2.5;9.85;255;69;79;40;97371;0.3;1.84;0.37;0.35
1985;2;23;54;-0.7;-4.1;-7.3;-7.3;-9.2;-11.2;0.5;-2;0.3;1.1;2.5;10.73;357;96;100;64;97721;0.42;0.19;0.37;0.35
1985;2;24;55;1.6;-0.5;-4.9;0.3;-2.5;-9.4;1;-1.6;0.34;1.1;2.5;13.84;93;21;17;7;97244;0.09;10;0.37;0.35
1985;2;25;56;7.7;2.7;0;2;0.7;-0.4;0.4;-0.4;0.34;1.1;2.5;13.92;303;70;90;30;97531;0.01;0.62;0.38;0.35
1985;2;26;57;3.9;1.7;0.2;2;1.1;-0.2;-0.6;0.8;0.28;1.2;2.5;10.14;104;28;12;3;97512;-0.04;0.23;0.38;0.35
1985;2;27;58;2.8;0.5;-1.1;-0.3;-1.6;-3.2;-0.6;2.3;0.25;1.2;2.5;8.5;174;42;49;18;97470;0.3;0.14;0.38;0.35
1985;2;28;59;3.3;-0.5;-2.9;-1.7;-3.2;-4.3;-0.8;1.8;0.24;1.2;2.5;7.79;296;73;62;35;97195;0.2;0.7;0.38;0.35
1985;3;1;60;4.8;0.2;-3.1;0.6;-1.7;-4.4;-0.6;1.5;0.24;1.2;2.5;7.57;349;86;93;44;96925;0.02;1.02;0.38;0.35
1985;3;2;61;5.9;2.1;-0.8;3.5;0.9;-1.5;-0.3;2.6;0.21;1.2;2.5;5.92;169;38;23;10;96382;0.01;1.76;0.38;0.35
1985;3;3;62;3.2;1.2;-1.1;1.7;0.5;-1.3;-0.3;-0.8;0.2;1.2;2.5;5.14;135;35;32;11;96402;0.28;4.67;0.39;0.35
1985;3;4;63;5;1.6;-1.6;2.3;0.4;-1.8;-0.2;2;0.19;1.2;2.5;4.46;187;48;50;18;96497;0.11;0;0.39;0.35
1985;3;5;64;9.3;3.5;-0.3;4.1;1.9;-0.5;-0.4;1.7;0.17;1.2;2.5;2.99;230;61;77;34;96850;0.1;0;0.39;0.35
1985;3;6;65;12.5;5.7;0.7;4.6;2.8;0.2;0.3;1.7;0.15;1.2;2.5;1.62;411;104;82;57;97209;0.6;0.03;0.39;0.35
1985;3;7;66;8.8;3.8;0;5.1;2.7;-0.5;-0.2;0.1;0.14;1.2;2.5;0.83;280;70;50;24;97347;0.31;0.07;0.39;0.35
1985;3;8;67;5.8;3.2;1.3;2.2;1.3;0.4;0.1;-1.5;0.13;1.2;2.5;0.5;269;59;36;12;97600;0.41;0.25;0.39;0.35
1985;3;9;68;5;1.9;-1;0.4;-1.1;-2.7;0.5;-2.7;0.13;1.2;2.5;0.65;320;87;88;43;97654;0.92;1.54;0.39;0.35
1985;3;10;69;2.7;-0.2;-2.8;-3;-4.8;-5.9;0.2;-2.6;0.14;1.3;2.5;0.78;401;111;91;62;97560;0.57;0.42;0.39;0.35
1985;3;11;70;0.4;-1;-2.4;-1.1;-2.7;-4.9;-0.8;-2.1;0.2;1.3;2.5;4.9;157;40;70;18;97327;0.15;11.18;0.39;0.35
1985;3;12;71;2.5;0;-2;-0.1;-1.4;-2.8;0;-0.9;0.35;1.3;2.5;12.99;252;66;60;23;97454;0.25;2.32;0.39;0.35
1985;3;13;72;4.1;0.5;-2.7;-0.4;-1.7;-3.3;-0.1;2.2;0.3;1.3;2.6;10.75;339;91;81;39;96826;0.48;0;0.39;0.35
1985;3;14;73;4.1;0.9;-2.6;0.6;-1.1;-3.7;0.1;0.5;0.25;1.3;2.6;8.15;326;75;46;29;95867;0.35;0.35;0.39;0.35
1985;3;15;74;6.5;2;-1.8;1.9;-0.9;-3;0.9;-0.7;0.22;1.3;2.6;5.93;353;92;77;42;95399;0.74;2.13;0.39;0.36
1985;3;16;75;6.2;1.3;-4.9;-0.4;-3;-6.4;0;2.1;0.19;1.3;2.6;4.41;462;119;103;59;95140;0.96;0.11;0.39;0.36
1985;3;17;76;5.7;1.9;-0.1;2.8;0.6;-1.7;-0.4;1;0.21;1.3;2.6;6;260;69;41;19;94395;0.67;23.68;0.39;0.36
1985;3;18;77;3;0.1;-3.8;-2.2;-3.5;-5.6;0;-0.2;0.37;1.4;2.6;17.54;337;91;95;41;94395;0.83;1.62;0.4;0.36
1985;3;19;78;0.7;-0.3;-1.9;-0.9;-1.8;-3.8;1.6;-3.3;0.4;1.4;2.6;31.95;67;19;10;6;94824;0.31;26.63;0.4;0.36
1985;3;20;79;4.6;1.3;-1;0.5;-0.8;-3.2;0.3;1.3;0.4;1.4;2.6;43.73;245;63;93;37;95011;0.28;4.54;0.4;0.36
1985;3;21;80;6.5;2.5;-2;2.5;0.3;-3.4;-0.7;3;0.38;1.4;2.6;38.03;287;82;69;44;95079;0.12;2.6;0.4;0.36
1985;3;22;81;8.5;4.8;2.4;4.4;2.8;1.4;-1.2;2.9;0.35;1.4;2.6;25.22;381;108;86;32;94978;0.02;5.2;0.42;0.36
1985;3;23;82;4;2.5;1;2.3;1.6;0.4;-0.3;1.3;0.29;1.5;2.6;14.87;115;36;18;11;95061;0.17;1.65;0.43;0.36
1985;3;24;83;7.8;3.1;-0.4;3.1;1.1;-1.1;0.7;0.4;0.26;1.5;2.6;10.79;333;81;60;29;95472;0.61;3.23;0.43;0.36
1985;3;25;84;10.3;3.9;-4;2;-0.7;-5.5;0.7;1.3;0.21;1.5;2.6;6.83;554;163;125;78;95882;1.28;0.05;0.43;0.37
1985;3;26;85;13.3;6.1;0.2;2.9;0.9;-1.3;1.1;2;0.18;1.5;2.6;3.76;574;174;119;88;95666;1.39;0;0.42;0.37
1985;3;27;86;14.3;7.2;0.3;3.3;1;-2;1.5;1.7;0.16;1.5;2.6;1.87;579;162;122;72;94983;1.57;0.07;0.42;0.37
1985;3;28;87;5.1;2.9;-1.5;1.6;-3.3;-7.4;2.4;-2.7;0.15;1.6;2.6;1.08;377;118;108;58;95327;1.51;2.96;0.42;0.37
1985;3;29;88;8.7;2.3;-3.8;-3;-5.7;-7.4;2;0.5;0.15;1.6;2.6;0.89;561;169;111;81;96340;1.4;0;0.41;0.37
1985;3;30;89;14.3;6.6;-1;1.9;-2.3;-7.1;1.5;2.1;0.14;1.6;2.6;0.56;630;188;134;88;96190;1.84;0;0.41;0.38
1985;3;31;90;16;9.5;1.4;4.7;1.4;-2.8;0.9;0.7;0.14;1.6;2.6;0.27;593;169;122;68;95928;1.87;0.08;0.4;0.38
1985;4;1;91;15.4;10.6;6.4;5.7;3.5;1.5;1.7;-1.5;0.14;1.6;2.6;0.08;535;162;107;70;96479;1.86;0;0.4;0.38
1985;4;2;92;17.9;11.4;5.1;9;5.5;2.5;1.3;-0.3;0.14;1.7;2.6;0.02;621;167;128;62;96316;1.93;1.73;0.4;0.38
1985;4;3;93;13.1;9.6;5.8;6.2;4.5;3.3;1.6;-1.6;0.14;1.7;2.6;0;430;120;86;61;96766;1.43;0.24;0.4;0.38
1985;4;4;94;17.3;11;3.8;6.2;4.5;2.2;0.7;2.7;0.14;1.7;2.6;0;635;201;121;85;96212;2.24;0;0.39;0.38
1985;4;5;95;19.4;11.8;2.9;8.1;4.8;1.9;0.9;2.2;0.14;1.7;2.6;0;642;205;130;96;95286;2.39;0;0.39;0.38
1985;4;6;96;17.7;12.3;8.1;7.3;4.9;3.3;2.6;3.2;0.14;1.7;2.6;0;586;183;110;83;94999;2.51;0.95;0.39;0.38
1985;4;7;97;14.6;10.4;7.3;4.3;2.4;0.3;1.8;-0.4;0.14;1.8;2.6;0;479;139;118;65;95561;2.08;0.3;0.38;0.38
1985;4;8;98;15.4;10.4;5.9;8.4;5.4;2;0.6;0.3;0.14;1.8;2.6;0;535;131;95;63;95024;1.51;2.62;0.38;0.38
1985;4;9;99;16.9;11.1;3.7;9.3;6.7;3.1;1.3;1.8;0.15;1.8;2.6;0;394;139;91;60;94931;1.91;0.8;0.38;0.38
1985;4;10;100;10.8;8.8;6.5;7.4;6.2;4.5;0.9;-1.3;0.15;1.8;2.6;0;356;74;49;30;95322;1.88;10.92;0.38;0.38
1985;4;11;101;13.4;9;5.2;5.4;3.3;1.8;1.1;0.4;0.15;1.8;2.6;0;626;191;113;80;95857;2.59;2.31;0.39;0.38
1985;4;12;102;8.5;6.6;4.7;4.6;2;0.1;2;-1.3;0.15;1.9;2.6;0;419;108;83;50;95262;1.58;1.27;0.39;0.38
1985;4;13;103;12.5;7.6;3.8;3.8;-0.3;-2.5;2.1;-1.3;0.15;1.9;2.6;0;600;163;103;79;95400;1.94;0.04;0.39;0.38
1985;4;14;104;8.7;6;2.8;4.2;2.3;-0.1;0.6;1;0.15;1.9;2.6;0;280;82;59;41;95559;1.36;3.24;0.38;0.38
1985;4;15;105;11.4;6.7;1.8;2.4;0.9;-0.4;2;-1.5;0.15;1.9;2.6;0;610;182;111;77;96225;2.25;1.55;0.38;0.38
1985;4;16;106;10.5;6.8;3.5;2.7;0.6;-0.6;1.2;-3.4;0.15;2;2.6;0;448;151;103;65;96876;1.76;0.36;0.38;0.38
1985;4;17;107;8.7;6;3.3;2.8;1.8;1;0.2;-4.9;0.15;2;2.6;0;375;122;55;39;97148;1.71;1.37;0.38;0.38
1985;4;18;108;9.7;7;3.7;3.9;2.6;1.3;0.2;-3.1;0.15;2;2.6;0;352;96;55;30;97045;1.58;2.05;0.38;0.38
1985;4;19;109;13.4;9.2;5.2;4.6;2.6;1.2;0.3;-2.9;0.15;2.1;2.7;0;661;209;126;65;96685;2.65;0.1;0.38;0.38
1985;4;20;110;15;10.1;3.5;5.3;3.5;2;-0.1;2.4;0.15;2.1;2.7;0;688;229;127;92;96117;2.65;0;0.38;0.38
1985;4;21;111;16;10.9;5.3;5.2;4.3;3.4;-0.4;3.2;0.15;2.1;2.7;0;643;205;111;85;96242;2.57;0;0.37;0.38
1985;4;22;112;18.5;12.4;6.2;6.7;5.2;2.7;-0.1;2.9;0.15;2.2;2.7;0;689;224;118;90;96022;2.91;0;0.37;0.38
1985;4;23;113;17.6;11.5;4.3;10.3;7.3;3.2;0.8;-0.4;0.15;2.2;2.7;0;650;191;119;71;95213;2.52;3.75;0.37;0.38
1985;4;24;114;9.4;5.4;1.6;7.4;-0.8;-6.4;2.1;-4.3;0.16;2.2;2.7;0;416;104;94;49;95711;2.14;2.03;0.37;0.38
1985;4;25;115;13.1;6.6;0.3;0.8;-3.1;-6.2;1.8;0;0.16;2.3;2.7;0;658;224;128;95;95973;2.69;0;0.37;0.38
1985;4;26;116;8.8;5.2;0.5;1.8;0;-1.8;0.2;-2.5;0.16;2.3;2.7;0;544;185;91;63;95862;1.8;0.06;0.36;0.38
1985;4;27;117;9;5.9;2.4;1.5;0.2;-1.9;0.7;1.5;0.16;2.3;2.7;0;401;132;77;47;95553;1.52;0.17;0.36;0.38
1985;4;28;118;5.5;3.8;2.3;3.9;0.4;-3.7;1.4;-1.4;0.16;2.4;2.7;0.3;196;45;40;26;94979;1.74;11.72;0.37;0.38
1985;4;29;119;6.7;4.1;1.3;-1.5;-3.6;-5.2;3.7;-2.9;0.17;2.4;2.7;0.63;613;206;106;78;95244;2.43;0.71;0.37;0.38
1985;4;30;120;10.8;6.2;0.6;0.1;-2.1;-3.6;3.4;-0.8;0.16;2.4;2.7;0.47;633;214;115;88;95451;2.69;0.45;0.37;0.38
1985;5;1;121;13.8;9.1;2.7;5.6;3.2;-0.2;2.7;-0.4;0.16;2.5;2.7;0.23;483;149;96;57;95511;2.01;0.39;0.36;0.38
1985;5;2;122;7.3;6.2;4.1;6.2;5;3.5;-0.3;-0.2;0.16;2.5;2.7;0.07;168;39;59;21;95230;0.76;18.95;0.37;0.38
1985;5;3;123;9.8;6;2.4;3.2;0.2;-2.5;2.2;-0.7;0.17;2.6;2.7;0.53;626;185;115;63;95106;2.63;5.04;0.38;0.38
1985;5;4;124;12.6;6.9;-0.8;1.2;-0.7;-2.6;0.2;1.7;0.16;2.6;2.7;0.29;561;209;116;83;95657;2.58;0;0.38;0.38
1985;5;5;125;10.1;7.7;3.7;6.9;4.5;1.4;-0.4;1.6;0.16;2.6;2.7;0.12;363;100;65;35;95689;1.32;1.05;0.38;0.38
1985;5;6;126;14;10.6;3.9;11.3;8.5;3.6;-0.8;1.5;0.16;2.7;2.7;0.02;415;113;71;32;95442;1.24;1.83;0.38;0.38
1985;5;7;127;15.2;11.5;6.9;13.3;10.3;3.9;-1.1;2.1;0.16;2.7;2.7;0;257;58;83;21;95106;1.46;19.56;0.38;0.38
1985;5;8;128;14.5;10.3;6.1;4.9;3.7;2.5;0.5;5.4;0.16;2.7;2.7;0;670;221;113;85;95636;3.42;0.46;0.39;0.38
1985;5;9;129;16.3;11.5;7.4;6.9;5.8;3.9;1.2;3.5;0.16;2.8;2.7;0;614;205;95;72;95738;3.11;0.47;0.39;0.38
1985;5;10;130;17.1;12.4;7;9.8;6.9;4.4;0;-0.4;0.16;2.8;2.7;0;616;203;106;73;96000;2.84;0.09;0.39;0.38
1985;5;11;131;18.8;14;6.6;11.9;9.3;5.2;-0.3;0.5;0.17;2.8;2.8;0;531;198;100;70;96109;2.83;0.4;0.38;0.38
1985;5;12;132;21.6;15.8;7.4;12.8;10.5;6.6;0.4;2.5;0.17;2.9;2.8;0;656;234;102;79;95990;3.64;0;0.38;0.38
1985;5;13;133;23.7;18.2;11.3;14.8;11.6;7.4;0.3;2.6;0.17;2.9;2.8;0;651;232;100;83;96030;3.93;0;0.37;0.38
1985;5;14;134;24.8;19.1;12.8;16;14.3;11.3;-0.2;2.1;0.17;2.9;2.8;0;692;236;104;76;95744;3.79;0.02;0.37;0.38
1985;5;15;135;23.3;18;11.4;15.9;13.9;10.7;0.7;-0.6;0.17;3;2.8;0;661;218;105;73;95725;3.62;4.22;0.37;0.38
1985;5;16;136;20.5;17.3;14.2;15.3;13.9;12.3;1.2;-2.4;0.17;3;2.8;0;493;162;72;47;96022;2.88;2.56;0.37;0.38
1985;5;17;137;18;16;14.1;15.6;14.1;12.9;1.2;-2.1;0.17;3;2.8;0;260;101;46;32;96213;2.27;5.99;0.37;0.38
1985;5;18;138;19.4;15.6;12.9;14.7;13.3;12.4;0.7;-1.5;0.17;3;2.8;0;424;138;53;38;96217;2.44;14.31;0.37;0.38
1985;5;19;139;18;14.8;11.8;13.2;12;11;1.4;-1.9;0.17;3;2.8;0;406;147;78;48;96250;2.7;3.34;0.38;0.38
1985;5;20;140;18.3;14.8;10.8;13.7;12.1;10.5;-0.8;0.9;0.17;3;2.8;0;363;114;68;32;96102;2;2.55;0.38;0.38
1985;5;21;141;19.7;15.7;11.8;13.7;12.4;10.7;0.5;0.1;0.17;3;2.8;0;595;186;93;58;95459;3.26;8.05;0.38;0.38
1985;5;22;142;18.5;14.1;10;13.1;10.7;6;1.1;0;0.17;3;2.8;0;535;169;80;50;95185;3.46;11.44;0.38;0.38
1985;5;23;143;18.1;13.9;9.5;11;7.8;5.4;1.1;0.4;0.17;3;2.8;0;640;232;112;70;95465;3.99;6.3;0.39;0.38
1985;5;24;144;19.8;14.7;9.3;10.3;8.1;6.2;0.1;0;0.17;3;2.8;0;538;212;103;72;96113;3.87;0.63;0.39;0.38
1985;5;25;145;21.7;16.6;10.9;12.3;10.8;7.9;-0.5;2.2;0.17;3;2.8;0;678;249;108;86;96573;4.04;0.16;0.39;0.38
1985;5;26;146;21.9;17;11.1;13.1;11.1;9.1;-1;1.4;0.17;3;2.8;0;629;233;106;76;96642;3.89;0;0.38;0.38
1985;5;27;147;22.8;18.3;12.4;13.7;12.2;10.7;-0.5;2.4;0.17;3;2.8;0;643;212;97;67;96476;3.8;0;0.38;0.38
1985;5;28;148;23.8;18.9;12.6;13.6;11.6;9.6;-0.3;1.7;0.17;3;2.8;0;663;245;111;81;96261;4.32;0;0.37;0.38
1985;5;29;149;22.3;17.6;12.9;15.1;13;10.5;0.7;-1.4;0.17;3;2.8;0;670;208;99;64;96104;3.63;6.46;0.37;0.38
1985;5;30;150;19.3;16.1;13.5;13.7;12.5;11;1.6;-3.3;0.17;3;2.8;0;531;186;75;62;96238;3.61;5.53;0.38;0.38
1985;5;31;151;17.9;15.1;13.3;13.5;11.9;10.8;1.9;-3.5;0.17;3;2.8;0;492;146;73;50;96422;2.81;2.46;0.38;0.38
1985;6;1;152;19.2;16;13.1;12.3;10.9;8.8;1.7;-3.8;0.17;3;2.8;0;560;205;89;65;96426;3.45;0.2;0.37;0.38
1985;6;2;153;16.7;14.2;12.6;10.9;9.7;8.2;1.9;-3.3;0.17;3;2.8;0;310;107;51;33;96344;2.33;1.71;0.37;0.38
1985;6;3;154;17.9;15.2;12.6;13.4;12;10.5;1.1;-3.4;0.17;3;2.8;0;397;125;51;31;96491;2.39;1.11;0.37;0.38
1985;6;4;155;21.5;17.4;12.8;13.9;12.9;11.6;-0.4;0.4;0.17;3;2.8;0;575;209;88;60;96564;3.55;0.67;0.37;0.38
1985;6;5;156;25;19.9;14.6;16.3;14.5;13.1;0.4;2.6;0.17;3;2.8;0;649;243;102;74;96189;4.3;0.61;0.36;0.38
1985;6;6;157;26.3;20.5;13.8;18.2;15.4;12.9;0.7;0.4;0.17;3;2.8;0;620;219;97;71;95952;3.8;0.36;0.36;0.38
1985;6;7;158;25;19.7;14.9;15.6;14.2;11.2;1.1;0;0.17;3;2.8;0;573;196;83;59;95670;3.7;0.91;0.36;0.38
1985;6;8;159;17.1;15;10.9;12.6;10.8;6.1;1.4;-1.5;0.17;3;2.8;0;242;77;41;30;95708;2.45;5.37;0.36;0.38
1985;6;9;160;15.4;11.1;8.3;6.4;4.1;0.6;2.1;-2.2;0.17;3;2.8;0;675;185;112;59;96216;4.36;8.29;0.36;0.38
1985;6;10;161;18.5;13.6;8.2;10.3;7.3;4;1.1;2.1;0.17;3;2.8;0;678;238;105;68;96104;4.03;2.85;0.36;0.38
1985;6;11;162;15.5;12.2;8.9;6.5;4.9;3.5;2.4;-2.3;0.17;3;2.8;0;642;212;110;71;96224;3.77;0.34;0.36;0.38
1985;6;12;163;18;13.5;6.5;7.4;5.9;4.1;1.2;2.6;0.17;3;2.8;0;614;202;105;71;95904;3.52;0.15;0.35;0.37
1985;6;13;164;14.6;12.6;9.7;12.1;9.9;6.4;0.3;0.9;0.17;3;2.8;0;300;78;77;49;95631;1.34;9.26;0.36;0.37
1985;6;14;165;19.4;14.5;7.7;11.9;9.8;7;1.3;2.6;0.17;3;2.8;0;652;220;97;68;96028;3.61;0.52;0.36;0.37
1985;6;15;166;17.5;13.6;9.2;12.5;9;3.5;2;-1.6;0.17;3;2.8;0;567;133;102;59;95800;2.84;8.32;0.36;0.37
1985;6;16;167;17.6;12.9;6.5;8.4;5.2;2.8;0.5;0.2;0.17;3;2.8;0;604;215;109;78;96340;3.46;0.02;0.36;0.37
1985;6;17;168;12.7;10.3;8.7;8.2;7.2;5.4;1;-2.1;0.17;3;2.8;0;254;75;71;36;96060;2.21;10.23;0.37;0.37
1985;6;18;169;14.6;10.8;6.5;5.6;4.3;3.3;1.8;-2.6;0.17;3;2.8;0;608;215;98;76;96232;3.64;1.25;0.37;0.37
1985;6;19;170;18.3;13.1;6.2;8.2;5.6;3;0.1;0.2;0.17;3;2.8;0;594;222;104;79;96151;3.54;0.01;0.36;0.37
1985;6;20;171;15.2;12.6;10.1;12.3;9.5;7;0.7;0.8;0.17;3;2.8;0;336;82;63;36;95603;1.67;8.05;0.36;0.37
1985;6;21;172;16.9;13.2;8.8;9.7;7.8;6;2.1;-1.4;0.17;3;2.8;0;480;180;95;64;95906;3.08;0.25;0.36;0.37
1985;6;22;173;20.5;15.4;7.3;13.1;10.5;6.4;0.1;1.5;0.17;3;2.8;0;583;195;84;57;95744;3.11;0.21;0.36;0.37
1985;6;23;174;14.7;13.2;11.8;11.1;9.5;7.7;1.7;-0.9;0.17;3;2.8;0;163;60;53;24;95549;1.83;5.38;0.36;0.37
1985;6;24;175;18.6;15.1;11.6;9.5;8;6.5;2.3;-2.4;0.16;3;2.8;0;629;211;95;61;95774;3.96;0.18;0.36;0.37
1985;6;25;176;18.5;15.3;12.5;8.8;7.9;6.7;3.3;-2.5;0.16;2.9;2.8;0;596;224;101;81;96265;4.07;1.14;0.36;0.37
1985;6;26;177;20.6;16.2;11.4;11.8;8.7;6;1.3;-0.4;0.16;2.9;2.8;0;670;204;105;74;96560;3.6;0.34;0.35;0.37
1985;6;27;178;19;15;11.5;12.1;9.5;6.3;1.6;-0.9;0.16;2.9;2.8;0;541;143;91;49;96360;3.03;9.03;0.36;0.37
1985;6;28;179;18;14;9.7;10.9;8.6;7.5;1.6;-1;0.16;2.9;2.8;0;532;196;86;66;96410;3.17;1.18;0.36;0.37
1985;6;29;180;20.9;15.4;7.7;13.2;9.7;6.6;0.8;0.8;0.16;2.9;2.8;0;542;197;90;67;96572;3.33;0.44;0.36;0.37
1985;6;30;181;21.8;16.9;10.3;15.4;12.5;9.2;0.7;0.2;0.16;2.9;2.8;0;606;199;96;66;96625;3.17;3.17;0.35;0.37
1985;7;1;182;23.6;17.9;11.8;15.7;12.7;10.6;1.3;-0.4;0.16;2.9;2.8;0;543;187;89;64;96146;3.44;2.69;0.35;0.37
1985;7;2;183;17;14.9;12.8;13.2;10.9;8.7;1.3;-2.5;0.16;2.9;2.8;0;453;107;83;46;96346;2.4;8.85;0.36;0.37
1985;7;3;184;18.7;15;11.3;10;8.3;7.5;0.7;-2.4;0.16;2.9;2.8;0;536;194;90;68;96977;3.39;0;0.36;0.37
1985;7;4;185;20.8;16.3;11.7;10.5;9.1;7.2;-0.7;0.6;0.16;2.9;2.7;0;654;238;108;80;96959;3.82;0;0.35;0.37
1985;7;5;186;20.5;16.2;10.7;12.5;10.5;8.5;0.2;1.1;0.16;2.9;2.7;0;535;178;89;61;96566;2.94;0.07;0.35;0.37
1985;7;6;187;21.3;16.6;12.2;10.5;8.2;5;0.5;-2.8;0.16;2.8;2.7;0;654;232;99;74;96620;4.21;0;0.35;0.37
1985;7;7;188;21.4;17.2;11.4;14.7;11.8;7.6;1.6;-2.1;0.16;2.8;2.7;0;517;175;87;61;96784;3.03;0.89;0.34;0.37
1985;7;8;189;21.7;17.5;12.5;14.6;11.6;9.7;1.1;-0.7;0.16;2.8;2.7;0;646;206;101;70;96569;3.46;1.07;0.34;0.37
1985;7;9;190;19.5;16.1;12.9;10.8;8.6;6.2;1.7;-2.1;0.16;2.8;2.7;0;502;179;86;54;96327;3.57;1.09;0.34;0.37
1985;7;10;191;20.2;16.3;11.8;12.4;10.8;9.9;1.2;-1.1;0.16;2.8;2.7;0;532;188;87;60;96272;3.33;1.37;0.34;0.37
1985;7;11;192;20.8;16.7;11.1;12.8;10.9;9.2;0.9;-1;0.16;2.8;2.7;0;614;208;94;68;96561;3.21;0.12;0.33;0.37
1985;7;12;193;22.9;18.3;11.7;13.9;12.4;10.6;0.5;0.7;0.16;2.8;2.7;0;571;197;88;67;96768;3.27;0.6;0.33;0.37
1985;7;13;194;24.7;19.8;13.3;14.3;12.4;10.3;0.7;-0.6;0.16;2.8;2.7;0;579;203;96;68;96916;3.54;0;0.33;0.37
1985;7;14;195;26.1;21;13.7;14.4;13.3;11.9;0.2;2.1;0.16;2.8;2.7;0;668;246;105;78;96790;4.14;0;0.33;0.37
1985;7;15;196;28.4;22.3;16.9;17.3;15.4;13.1;1;1.3;0.16;2.8;2.7;0;698;239;101;67;96612;4.29;8.04;0.32;0.37
1985;7;16;197;26.9;22.2;16.9;17.5;16.6;15.6;0.3;1.1;0.16;2.8;2.7;0;601;218;92;63;96653;4.05;1.17;0.33;0.37
1985;7;17;198;23.2;20.2;17.5;17;15.7;14.8;1;-1.8;0.16;2.8;2.7;0;453;159;65;42;96702;3.32;10.1;0.33;0.37
1985;7;18;199;24.8;20.4;14.5;15.8;14.6;13.5;0.3;0.4;0.16;2.8;2.7;0;622;208;93;70;96364;3.59;0.05;0.33;0.37
1985;7;19;200;25.7;21.5;16.2;18.3;16.3;14.4;0.8;0.4;0.16;2.7;2.7;0;615;204;93;67;95930;3.6;2.73;0.33;0.37
1985;7;20;201;27.6;22.7;16.7;18.6;16.5;13.8;0.6;0.9;0.16;2.7;2.7;0;661;230;96;61;96041;4.12;3.16;0.32;0.37
1985;7;21;202;20.9;16.7;12.9;16.4;9.7;4.2;2.1;-3;0.16;2.7;2.7;0;468;132;109;58;96685;3.97;4.31;0.33;0.37
1985;7;22;203;21.3;16.4;9.6;9.2;7.4;5.7;0.9;0.4;0.16;2.7;2.7;0;570;190;109;78;97225;3.26;0;0.32;0.37
1985;7;23;204;26.5;20.6;13.9;14.2;11.9;8.5;1.7;-0.5;0.16;2.7;2.7;0;665;224;103;73;96779;4.08;0.09;0.32;0.37
1985;7;24;205;22.9;19.6;16.2;13.9;11.9;10.6;-0.4;-1.8;0.16;2.7;2.7;0;529;176;77;53;96951;3.15;0.05;0.32;0.37
1985;7;25;206;25.1;20.7;16.3;16.5;13.1;10.4;0.4;0.5;0.16;2.7;2.7;0;610;204;100;63;96631;3.34;0.12;0.31;0.37
1985;7;26;207;27.1;21.7;14.7;15.6;14;12.9;0.4;0;0.16;2.7;2.7;0;666;230;109;76;96212;3.81;0;0.31;0.37
1985;7;27;208;28.7;22.5;17.4;18.7;16.2;14.5;0.8;-0.7;0.16;2.7;2.7;0;669;216;100;64;95958;3.67;1.67;0.31;0.37
1985;7;28;209;26.3;22.2;17.1;19.3;17.8;16.2;0;0.9;0.16;2.7;2.7;0;568;190;84;56;96016;3.1;0.47;0.31;0.36
1985;7;29;210;29.9;24.3;17.5;19.2;16.9;15.8;1.5;2.1;0.16;2.7;2.7;0;672;236;103;72;95428;3.97;0;0.3;0.36
1985;7;30;211;21.4;19.9;18.1;16.4;13.1;12.3;0.5;-0.7;0.16;2.7;2.7;0;230;76;52;34;95788;1.68;0.22;0.3;0.36
1985;7;31;212;20.1;17.3;15;13.3;11.4;9.2;1.6;-1.3;0.16;2.7;2.7;0;292;99;90;43;95710;2.17;1.47;0.3;0.36
1985;8;1;213;23.1;18.4;12.9;11.6;10.1;8.7;0.8;0;0.16;2.7;2.7;0;528;184;97;72;96167;2.87;0.03;0.3;0.36
1985;8;2;214;20.3;16.7;13.7;13.5;11.7;10.3;1.6;-1.4;0.16;2.7;2.7;0;457;131;92;52;96353;2.62;6.1;0.3;0.36
1985;8;3;215;24.7;18.8;11.1;13.3;11.7;9.6;0.7;1.8;0.16;2.7;2.7;0;672;236;112;81;96347;3.47;0;0.3;0.36
1985;8;4;216;21.3;17;12.7;13.9;11.6;9.5;1.3;-1.3;0.16;2.6;2.7;0;600;118;91;54;96004;2.6;6.39;0.3;0.36
1985;8;5;217;24.6;19.5;12.4;13.8;12.5;9.7;0.8;3.5;0.16;2.6;2.7;0;665;223;102;66;95773;3.49;0;0.3;0.36
1985;8;6;218;26.9;20.1;12;17.8;14.2;9.2;1.1;1.4;0.16;2.6;2.7;0;579;174;83;53;94981;3.72;16.45;0.3;0.36
1985;8;7;219;11.6;11.1;10.3;9.2;8.6;7.8;3.6;-5.3;0.16;2.6;2.7;0;121;28;55;22;95274;4.32;42.14;0.33;0.36
1985;8;8;220;16.3;13.8;11;10;8.7;7.6;3.7;-2.9;0.16;2.6;2.7;0;334;108;53;41;95906;2.52;1.91;0.34;0.36
1985;8;9;221;17.4;14.8;13;12.7;11.4;9.9;1.8;-2;0.16;2.6;2.7;0;395;89;51;34;95987;2.63;6.32;0.35;0.36
1985;8;10;222;24.7;18.7;11;16.8;13.7;10.1;0.9;1.3;0.16;2.6;2.7;0;654;219;107;73;95952;3.54;0.11;0.35;0.36
1985;8;11;223;21.1;17.7;15.4;14.3;12.5;10.7;0.3;-0.3;0.16;2.6;2.7;0;458;130;87;52;96617;2.35;0;0.34;0.36
1985;8;12;224;26.5;20.7;13.5;17.4;15.7;12.6;-0.2;1.6;0.16;2.6;2.7;0;657;225;109;76;96639;3.59;0;0.34;0.36
1985;8;13;225;28.1;22.6;16.7;17.7;16.6;15;-0.5;1.7;0.16;2.6;2.7;0;644;218;100;72;96733;3.82;0;0.34;0.36
1985;8;14;226;28.6;23.1;17;17.4;16;14.3;-0.3;2.3;0.16;2.6;2.7;0;658;224;110;78;96765;4;0;0.33;0.36
1985;8;15;227;29.1;23.8;18.2;18;16.2;14.5;-0.2;2.2;0.16;2.6;2.7;0;652;221;107;79;96673;4.01;0;0.33;0.36
1985;8;16;228;28.1;23.1;18;17.7;15.7;14.5;-0.2;1.5;0.16;2.6;2.7;0;607;200;97;72;96452;3.57;0.1;0.33;0.36
1985;8;17;229;25.4;20.5;15.4;16.9;15.2;12.3;0.6;-1.7;0.15;2.6;2.7;0;587;189;93;63;96305;3.61;10.33;0.32;0.36
1985;8;18;230;19.4;15.6;12.4;12.3;10.4;8.5;1.4;-2.5;0.15;2.6;2.7;0;505;125;99;54;96374;3.28;20.86;0.35;0.36
1985;8;19;231;23.4;17.1;10;14;10.5;8.2;0.8;0.7;0.15;2.6;2.7;0;577;193;103;75;96232;3.13;0.07;0.35;0.36
1985;8;20;232;22.1;18.5;14.7;14.3;12.2;10;2.5;-1.8;0.15;2.6;2.7;0;487;171;94;64;96277;3.23;1.74;0.34;0.36
1985;8;21;233;24.7;18.9;12.6;15.9;12.5;9.8;0.9;-0.6;0.15;2.6;2.7;0;590;199;103;77;96832;3.24;0;0.34;0.36
1985;8;22;234;26.1;20.6;14;17.5;15.1;12;0.4;1.1;0.15;2.6;2.7;0;631;205;104;70;96642;3.33;0.01;0.34;0.36
1985;8;23;235;24.2;20.5;16.7;17.8;16.1;14.9;1;-0.7;0.15;2.5;2.7;0;499;146;76;51;96615;2.55;0.63;0.34;0.36
1985;8;24;236;27.1;22.1;15.8;17.8;16.5;14.4;0.4;3.5;0.15;2.5;2.7;0;608;200;89;67;96188;3.51;0;0.33;0.36
1985;8;25;237;27.5;23.1;18.2;18.3;16.5;14.8;0.5;1.3;0.15;2.5;2.7;0;602;186;101;75;95849;3.48;1.47;0.33;0.36
1985;8;26;238;17.4;15.3;12.8;15.3;11.9;9;1.4;-3.5;0.15;2.5;2.7;0;347;96;51;38;95916;2.6;5.13;0.33;0.36
1985;8;27;239;16.5;14.1;12.4;9.9;9.1;8.1;1.7;-6.2;0.15;2.5;2.7;0;433;129;68;50;96567;2.59;1.84;0.33;0.36
1985;8;28;240;16.5;13.7;11.2;9.8;8.3;7.4;1.2;-5.8;0.15;2.5;2.7;0;363;109;67;43;96904;2.7;2.31;0.33;0.36
1985;8;29;241;19.1;15.7;12.5;11.6;10.1;7.7;1.6;-5.2;0.15;2.5;2.7;0;466;134;72;53;96794;2.23;0.04;0.33;0.36
1985;8;30;242;21.4;17.7;14.4;12.6;11.9;10.9;1;-4.1;0.15;2.5;2.7;0;513;147;73;59;96793;2.51;0.01;0.33;0.36
1985;8;31;243;23.2;18.3;14;13.4;12.2;11.5;0.7;-1.4;0.15;2.5;2.7;0;617;198;114;82;96672;3.01;0;0.32;0.36
1985;9;1;244;25.2;18.8;12.6;16.4;14;11;0.7;-0.1;0.15;2.5;2.7;0;602;179;105;64;96321;2.8;6.23;0.32;0.36
1985;9;2;245;21.8;17.9;14.6;15.1;13.7;12.3;0.8;-0.6;0.15;2.5;2.7;0;556;148;91;57;96544;2.58;4.59;0.33;0.36
1985;9;3;246;23.8;19.2;15.1;15.3;13.6;7.7;1.3;2.8;0.15;2.5;2.7;0;442;143;69;47;96184;2.75;0.86;0.33;0.36
1985;9;4;247;17.8;15.2;12.5;10.4;8.7;7.5;2.8;-1.6;0.15;2.5;2.7;0;538;148;99;62;96518;2.93;2.73;0.33;0.36
1985;9;5;248;19.2;15.6;11;12;9;7.4;1;0;0.15;2.5;2.7;0;491;128;93;56;96678;2.1;0.53;0.33;0.36
1985;9;6;249;16.6;14.1;11.3;13.7;7.1;0.9;2.3;-2.3;0.15;2.5;2.7;0;510;125;110;62;96340;2.48;2.36;0.33;0.36
1985;9;7;250;13.7;10.6;7.2;3;1;-1;2.6;-2.1;0.15;2.5;2.7;0;524;164;103;86;96791;2.46;0;0.32;0.36
1985;9;8;251;12.6;9.8;6.9;7;4.6;1.1;1.9;-0.3;0.15;2.5;2.7;0;182;46;61;29;96431;1.23;2.71;0.32;0.36
1985;9;9;252;12.2;9.8;8;9.2;6.7;4.9;1.5;-1;0.15;2.5;2.7;0;268;66;75;44;96279;1.77;5.15;0.32;0.36
1985;9;10;253;15.5;11.2;7.3;6.4;5.1;4.1;1.7;-2;0.15;2.5;2.7;0;570;146;105;70;96998;2.09;0;0.33;0.36
1985;9;11;254;21;13.7;6.3;11.7;7.8;4.1;1.2;0.2;0.15;2.5;2.7;0;576;174;118;76;97119;2.35;0;0.32;0.36
1985;9;12;255;18.6;14.4;9.8;10.6;8.4;6.2;0.5;-2.8;0.15;2.5;2.7;0;519;153;107;70;97025;2.17;0;0.32;0.36
1985;9;13;256;17.2;12.3;7.5;8.6;7.1;5;0;0.7;0.15;2.5;2.7;0;536;157;113;78;96830;1.92;0;0.32;0.36
1985;9;14;257;18.9;13.3;6.9;10.6;8.9;6.4;0.3;1.2;0.15;2.5;2.7;0;530;153;100;76;96690;1.89;0;0.32;0.36
1985;9;15;258;19;14.4;10.1;11;8.2;6.3;0.8;2.6;0.15;2.5;2.7;0;573;173;113;79;96350;2.4;2.46;0.32;0.36
1985;9;16;259;16.6;13.7;11;10.6;9.1;8.2;0.7;-1.9;0.15;2.4;2.7;0;380;90;59;30;96739;1.8;0.07;0.32;0.35
1985;9;17;260;20.7;15.2;8.6;11.2;10;7.8;1.8;0.3;0.15;2.4;2.7;0;422;115;72;53;96910;1.67;0;0.31;0.35
1985;9;18;261;21.2;17.2;13.7;14.1;12.9;11.1;0.5;-0.6;0.14;2.4;2.7;0;345;113;72;48;97302;1.58;0.31;0.31;0.35
1985;9;19;262;24.5;17.9;12.7;15.2;13.7;11.8;0.5;2.5;0.14;2.4;2.7;0;533;149;104;67;96930;2;0;0.31;0.35
1985;9;20;263;24.8;18.9;12.5;17;14.3;10.9;0.6;-0.1;0.14;2.3;2.7;0;534;156;99;71;96656;2.03;0.02;0.31;0.35
1985;9;21;264;24.9;18.7;13.1;15.9;14.4;11.9;1.2;-0.1;0.14;2.3;2.7;0;528;147;97;64;96610;2.04;0.44;0.31;0.35
1985;9;22;265;25.6;19.3;13;16.9;13.9;11.6;1.6;0.1;0.14;2.3;2.7;0;477;129;91;64;96504;1.94;0.13;0.31;0.35
1985;9;23;266;24.2;18.7;13.3;14.7;13.4;11.2;1.1;-1.1;0.14;2.3;2.7;0;455;133;80;56;96633;1.97;0.35;0.31;0.35
1985;9;24;267;21.9;17.5;14.3;16.4;14.8;13.4;0.3;-0.1;0.14;2.2;2.7;0;454;116;86;50;96556;1.63;3.47;0.3;0.35
1985;9;25;268;21;16.9;14;14.7;12.8;11.1;0.8;-1.7;0.14;2.2;2.7;0;462;122;94;53;96622;1.75;0.23;0.31;0.35
1985;9;26;269;17.2;14.3;11.3;11;9.5;8.2;0.4;-2.4;0.14;2.2;2.7;0;410;99;71;48;97242;1.38;0.21;0.3;0.35
1985;9;27;270;16.7;12.6;9.5;9.5;8.3;7.1;0;-0.2;0.14;2.1;2.7;0;383;109;96;61;97455;1.22;0;0.3;0.35
1985;9;28;271;20.8;14.8;8.2;10.6;9.4;6.7;1.4;-1.3;0.14;2.1;2.6;0;502;131;99;61;96943;1.62;0.41;0.3;0.35
1985;9;29;272;18.9;14.6;10.7;11;8.3;5.1;0.8;-2.7;0.14;2.1;2.6;0;480;125;110;64;97086;1.76;0.07;0.3;0.35
1985;9;30;273;18.1;13;8.3;8.5;6.8;4.7;0;-0.2;0.14;2.1;2.6;0;500;143;114;83;97536;1.59;0;0.3;0.35
1985;10;1;274;19.2;14.1;9.7;9.8;8.6;6.7;0.4;2.9;0.14;2;2.6;0;504;143;109;80;97413;1.54;0;0.3;0.35
1985;10;2;275;22.6;15.8;9.6;13.2;10.9;8.1;0.6;1.3;0.14;2;2.6;0;503;142;116;83;97129;1.57;0;0.3;0.35
1985;10;3;276;22.3;16.1;10.5;14.1;12.2;9.1;0.3;1;0.14;2;2.6;0;476;137;113;78;96905;1.34;0;0.3;0.35
1985;10;4;277;21.8;15.8;9.6;14.7;12.8;9.2;0;1.4;0.14;2;2.6;0;486;136;109;75;96636;1.25;0;0.29;0.35
1985;10;5;278;21.9;16.3;11.1;14;12.7;10.9;0.2;1.5;0.14;1.9;2.6;0;457;129;100;66;96395;1.32;0;0.29;0.35
1985;10;6;279;21;16.2;11;14.2;12.8;10.4;0.4;-0.4;0.14;1.9;2.6;0;418;106;78;50;96626;1.1;0.32;0.29;0.35
1985;10;7;280;20.1;16.2;12.6;14.4;13;11.9;0.6;-0.4;0.14;1.9;2.6;0;365;77;76;44;96956;0.86;0.12;0.29;0.35
1985;10;8;281;19.8;15.4;11.7;13.3;11.2;5.5;1.2;-1;0.14;1.9;2.6;0;282;80;57;42;96324;0.98;0.17;0.29;0.35
1985;10;9;282;14.4;12.3;9.6;7.1;6.1;5.2;0.3;-2.1;0.14;1.8;2.6;0;259;66;72;38;96434;0.84;0.8;0.29;0.35
1985;10;10;283;15.7;11.9;7.4;9.5;6.7;5.4;2;-1;0.14;1.8;2.6;0;325;84;80;54;96969;1.12;0.57;0.29;0.35
1985;10;11;284;18.1;13.3;9.8;10.2;7.2;6;1.3;-0.8;0.14;1.8;2.6;0;456;109;106;66;97539;1.1;0;0.29;0.35
1985;10;12;285;15.8;12.7;9.2;11.5;8.6;5.3;1.8;-1.6;0.14;1.8;2.6;0;167;38;74;42;97331;0.95;2.12;0.29;0.35
1985;10;13;286;11.3;8.9;7;4.7;0.9;-1.7;1.5;-4.3;0.14;1.7;2.6;0;353;101;99;70;97578;1.13;0;0.29;0.35
1985;10;14;287;9.7;7.2;5.4;5.6;2.3;-0.3;2;-3.4;0.14;1.7;2.6;0;331;82;91;50;97502;1.25;2.9;0.29;0.35
1985;10;15;288;12.2;9.2;6.4;8.7;5;1.4;1.8;-4.8;0.14;1.7;2.6;0;290;56;91;40;96894;1.75;2.97;0.29;0.35
1985;10;16;289;8.2;6.4;4.7;2.2;0;-1.4;0.3;-4.3;0.14;1.7;2.6;0;339;73;76;56;97385;0.89;0.42;0.29;0.35
1985;10;17;290;12.7;7.7;2.8;4.8;3;0.5;0.9;-1.8;0.13;1.7;2.6;0;424;111;101;72;97427;0.85;0;0.29;0.35
1985;10;18;291;13.5;8.8;5.2;6.1;5.1;4.1;0.6;-0.7;0.13;1.6;2.6;0;286;78;96;50;97017;0.64;0.01;0.29;0.35
1985;10;19;292;10.5;8.1;5.9;5.5;4.7;3.9;1.1;-2.7;0.13;1.6;2.6;0;254;47;64;29;96734;0.61;0.68;0.29;0.35
1985;10;20;293;9.2;6.5;4.3;4.4;2.2;0.6;0.3;-2.3;0.13;1.6;2.6;0;305;72;70;49;97395;0.71;0.12;0.29;0.35
1985;10;21;294;10.6;7.4;4.2;5.1;3.1;1.5;-0.6;1.2;0.13;1.6;2.6;0;401;91;104;47;97684;0.7;0.09;0.29;0.35
1985;10;22;295;11.9;9.1;7.2;6.1;5.6;5.2;-0.7;0.4;0.13;1.6;2.6;0;257;61;60;27;97446;0.57;0.1;0.29;0.35
1985;10;23;296;8.1;6;2.9;5;1.7;-0.2;0.1;-4.2;0.13;1.6;2.6;0;183;42;80;41;97828;0.58;0.38;0.29;0.35
1985;10;24;297;8.2;3.7;0.3;0.5;-0.6;-2.3;0.6;-1.3;0.13;1.6;2.6;0;416;104;118;86;97950;0.61;0;0.29;0.35
1985;10;25;298;9.6;4.5;-0.2;2.8;-0.2;-4.2;0.2;1;0.13;1.6;2.6;0;407;102;110;75;97900;0.59;0;0.29;0.35
1985;10;26;299;9.5;3.5;0.3;4.1;1.2;-1;0.6;1.6;0.13;1.6;2.6;0;391;100;109;77;97622;0.48;0;0.29;0.35
1985;10;27;300;8.3;2.6;-2;3.3;0.3;-3.1;0.8;0.3;0.13;1.6;2.6;0;396;97;121;79;97154;0.46;0;0.29;0.35
1985;10;28;301;9.1;2.2;-3;3.3;-0.4;-4.3;0.9;0.3;0.13;1.5;2.6;0;382;96;117;77;96953;0.47;0;0.29;0.35
1985;10;29;302;4.9;1.3;-2.2;0.7;-0.9;-3.4;-0.2;-0.1;0.13;1.5;2.6;0;334;73;75;49;96937;0.35;0.02;0.29;0.35
1985;10;30;303;4.7;1.6;-0.1;0.9;-0.1;-1.1;-0.3;2.8;0.13;1.5;2.6;0;250;46;45;26;96680;0.18;0;0.29;0.35
1985;10;31;304;5.5;2.7;0.3;3.9;1.5;-0.7;0.7;0.5;0.12;1.5;2.6;0;120;23;45;18;95864;0.37;6.2;0.29;0.35
1985;11;1;305;9.6;5.6;0.7;7.1;4.6;-0.3;0.1;0.4;0.12;1.5;2.6;0;253;59;67;26;95674;0.54;1.22;0.29;0.35
1985;11;2;306;9.3;5.6;1;5.9;1.9;-1.1;1.4;-1.3;0.12;1.5;2.6;0;353;76;110;54;95082;1.02;7.44;0.3;0.35
1985;11;3;307;9.5;4.6;-0.9;3.2;0.9;-2.7;0.2;0.2;0.12;1.5;2.6;0;373;89;111;69;95558;0.54;0.21;0.3;0.35
1985;11;4;308;8.7;5.6;3.2;4.6;3.4;1.9;-0.1;1.4;0.12;1.5;2.6;0;216;48;64;32;96098;0.37;0.12;0.3;0.35
1985;11;5;309;9.3;6.8;4.4;6.7;4.4;3.7;0.9;4.5;0.12;1.5;2.6;0;228;52;66;45;95114;0.4;0.22;0.3;0.35
1985;11;6;310;9.4;6.4;1.8;7.4;0.8;-4.6;2.6;-2.1;0.12;1.4;2.6;0;301;50;104;57;94659;1.21;9.54;0.31;0.35
1985;11;7;311;8.9;3.7;-0.8;0.3;-1.1;-3.4;1.4;1.1;0.12;1.4;2.6;0;350;83;107;76;95618;0.56;0;0.31;0.35
1985;11;8;312;10.7;6.2;2.1;3;1.1;-0.9;0.8;1.3;0.12;1.4;2.6;0;300;68;101;53;96112;0.55;0.13;0.31;0.35
1985;11;9;313;13.5;8.8;5.1;6.6;4.7;2.1;0.7;2.6;0.12;1.4;2.6;0;305;64;75;47;95958;0.65;0.21;0.31;0.35
1985;11;10;314;14.6;9.6;4.8;9.2;6.7;3.1;0.8;0.8;0.12;1.4;2.6;0;266;61;72;43;95351;0.45;4.41;0.31;0.35
1985;11;11;315;8.9;4.3;1.6;7;-0.9;-3.6;1.5;-1.1;0.12;1.4;2.6;0;212;46;62;40;95744;1.36;3.18;0.31;0.35
1985;11;12;316;2.4;1.4;0.4;0.6;0.4;0.1;-0.1;1.2;0.12;1.4;2.6;0.64;98;18;27;16;95963;0.57;7.43;0.31;0.35
1985;11;13;317;1;0.4;-0.4;0.2;-0.4;-1.3;-0.3;-1.2;0.31;1.4;2.6;10.66;44;10;31;9;95885;0.28;9.63;0.31;0.35
1985;11;14;318;1.6;0.3;-0.6;-1.1;-2.4;-3.6;2.8;-3.4;0.38;1.4;2.6;16.63;152;30;64;34;96564;0.69;7.43;0.32;0.35
1985;11;15;319;1.9;-1.6;-7.1;-2.7;-4.7;-9.5;1.6;-2.1;0.38;1.3;2.6;17.54;232;51;89;66;97610;0.52;0.04;0.32;0.35
1985;11;16;320;0.1;-3;-7.4;-2.4;-5.3;-10.8;-0.3;0.1;0.36;1.3;2.6;16.79;140;27;44;26;97658;0.22;0.56;0.32;0.35
1985;11;17;321;-1;-3.6;-8.3;-3.8;-5.3;-9.8;-0.3;-1.4;0.36;1.4;2.6;17.13;137;29;75;38;97831;0.25;0.47;0.32;0.35
1985;11;18;322;-3.5;-5.8;-9.7;-4.6;-8.1;-11.3;-0.3;-2.2;0.37;1.4;2.6;18.06;133;30;39;23;97548;0.38;6.64;0.32;0.35
1985;11;19;323;-1.4;-2.3;-3.7;-1.7;-2.8;-4.4;-1.8;0;0.4;1.4;2.6;31.4;79;15;15;6;96738;0.1;12.18;0.32;0.35
1985;11;20;324;-0.2;-0.9;-1.5;-0.9;-1.2;-1.6;-1.6;0.1;0.4;1.4;2.6;41.03;64;13;11;5;96205;0.06;14.3;0.32;0.35
1985;11;21;325;1.2;-0.4;-1.1;-0.6;-1;-1.4;-0.5;-0.2;0.4;1.4;2.6;53.26;127;26;68;13;95810;0.09;10.64;0.32;0.35
1985;11;22;326;1;-0.2;-1.1;-0.7;-1.2;-1.7;0;0.3;0.4;1.4;2.6;59.88;166;34;58;22;96344;0.19;1;0.32;0.35
1985;11;23;327;1.9;0.8;-0.1;1.2;0.4;-0.8;0.6;-0.5;0.39;1.4;2.6;58.77;59;12;5;-2;96563;-0.05;7.43;0.32;0.35
1985;11;24;328;0.8;0.3;-0.2;0.7;-0.4;-1.6;0.9;-1.8;0.39;1.4;2.6;62.42;49;10;9;3;96093;0.13;13.68;0.33;0.35
1985;11;25;329;0.5;-0.6;-2.2;-1.7;-2.3;-3.4;1.1;-2.9;0.39;1.4;2.6;65.09;101;21;49;22;95556;0.43;0.44;0.33;0.35
1985;11;26;330;-1.9;-5;-11.6;-3.9;-7.1;-13.7;1;-2;0.38;1.4;2.6;65.16;198;42;81;66;95420;0.22;0.06;0.33;0.35
1985;11;27;331;-1.8;-8.5;-15.2;-6.2;-11.2;-17.6;1;0.1;0.38;1.4;2.6;65.08;213;46;96;58;95526;0.08;0;0.33;0.35
1985;11;28;332;-0.8;-8;-13.6;-4.4;-10.4;-15.5;1.4;1.3;0.37;1.4;2.6;65.08;210;46;94;62;95732;0.04;0.24;0.33;0.35
1985;11;29;333;0.1;-4.9;-10.8;-5.5;-8.1;-13.4;1.5;1.1;0.37;1.4;2.6;65.35;215;47;108;61;96433;0.22;0.17;0.33;0.35
1985;11;30;334;1.5;-2.3;-8.7;-1.3;-4.8;-10.9;0.4;0.3;0.37;1.4;2.6;65.58;168;29;65;19;96564;0.19;2.14;0.33;0.35
1985;12;1;335;2.5;1.2;0;0.6;0.1;-0.8;0.3;0.6;0.37;1.4;2.6;65.72;43;10;13;3;97229;0;1.23;0.34;0.35
1985;12;2;336;5.3;2.2;-0.5;2;0.3;-1.5;1.6;0.8;0.36;1.4;2.6;61.78;162;32;61;33;97174;-0.04;0;0.34;0.35
1985;12;3;337;6.5;2.2;-0.3;3;0.4;-1.3;1.8;0.5;0.36;1.4;2.6;55.52;193;40;68;39;97042;0;0;0.35;0.35
1985;12;4;338;6.7;2.9;0.1;2.7;0.5;-1.4;1.9;0.7;0.35;1.4;2.6;48.73;149;32;63;36;96961;-0.04;0;0.35;0.35
1985;12;5;339;7.8;2.5;-2.4;2;-0.4;-3.6;0.9;0.5;0.35;1.4;2.6;42.92;200;42;83;49;96312;0.01;0;0.36;0.35
1985;12;6;340;6;0.8;-4.6;1.7;-1.4;-5.8;1.7;0.3;0.35;1.4;2.6;38.61;201;42;91;45;96094;-0.01;0.17;0.36;0.35
1985;12;7;341;5.8;1.7;-1.3;2.9;0.1;-2.7;1.4;1.4;0.35;1.4;2.6;33.67;178;38;78;52;96280;-0.17;0;0.37;0.35
1985;12;8;342;7.3;2.1;-2;3.1;0.1;-3.6;0.8;0.4;0.34;1.4;2.6;28.96;177;36;67;36;96248;0.03;0;0.37;0.35
1985;12;9;343;5.9;1.7;-1.1;4;0.8;-1.6;1.1;0.7;0.31;1.4;2.6;24.71;113;25;47;25;96218;-0.09;0;0.38;0.35
1985;12;10;344;5.8;2;-1;2.8;0.3;-2.1;1;-1;0.29;1.4;2.6;20.68;183;36;81;34;96266;0.12;0.26;0.38;0.35
1985;12;11;345;2.9;2;0.9;1.2;0.4;0;1.3;-2.8;0.26;1.4;2.6;16.94;81;16;32;22;96774;0.36;5.05;0.38;0.35
1985;12;12;346;1.2;0.7;0.5;0.4;-0.1;-0.4;1.5;-3.6;0.3;1.4;2.6;19.27;66;13;29;15;97239;0.28;14.27;0.39;0.35
1985;12;13;347;3.8;1.7;0.7;1.6;0.5;-0.4;0.9;-0.4;0.34;1.4;2.6;22.18;66;13;46;15;97574;0.05;0.9;0.39;0.35
1985;12;14;348;3.5;1.6;0.3;1.5;0.5;-0.3;1;0.4;0.31;1.4;2.6;19.89;61;12;45;16;97228;0.04;0.68;0.4;0.35
1985;12;15;349;8.9;5.5;1.6;5.1;3.2;0.2;2.2;-0.4;0.27;1.4;2.6;15.6;176;31;75;24;96940;0.01;0.63;0.4;0.35
1985;12;16;350;8.6;7.6;6.5;5;3.9;2.4;3;-2;0.19;1.4;2.6;6.77;151;24;36;17;96618;0.21;0.13;0.41;0.35
1985;12;17;351;9;7.4;4.9;4.5;2.2;1.1;3.7;-2.6;0.14;1.4;2.6;2.72;202;41;79;51;96048;0.73;1.68;0.41;0.35
1985;12;18;352;5.1;4;3.3;3.7;3.1;2.4;0.1;0;0.13;1.4;2.6;1.45;91;15;29;15;96412;0.39;7.76;0.41;0.35
1985;12;19;353;6.7;3.9;1.9;2.5;0.2;-2;2.4;-0.7;0.12;1.4;2.6;1.12;242;51;103;62;96254;0.64;0.86;0.41;0.35
1985;12;20;354;5.9;3.3;1.4;1;-1.2;-3.4;2.6;-1.4;0.12;1.3;2.6;1.09;222;43;82;57;96470;0.78;2.66;0.41;0.35
1985;12;21;355;6.6;3.4;1;3.1;1.2;-1.7;1.6;-0.1;0.12;1.3;2.6;1.16;150;28;71;46;96852;0.49;0.62;0.41;0.35
1985;12;22;356;7.7;1.8;-1.8;1.6;-1.9;-6.1;0.6;1.6;0.12;1.3;2.6;0.95;250;53;111;79;96885;0.22;0;0.41;0.36
1985;12;23;357;3.4;0.7;-0.8;0.4;-0.8;-1.9;-0.1;2.1;0.12;1.3;2.6;0.84;176;36;84;57;96466;0.17;0.02;0.41;0.36
1985;12;24;358;0.7;-0.5;-1.5;-1.1;-1.7;-2.2;-0.1;1.1;0.12;1.3;2.6;0.83;109;23;30;24;96262;0.13;0.07;0.4;0.36
1985;12;25;359;3.1;-0.1;-1.8;-1.1;-2.4;-4.4;0.4;1;0.12;1.3;2.6;0.84;208;45;91;54;95628;0.18;0;0.4;0.36
1985;12;26;360;3.4;0.3;-2.1;0.5;-1.9;-4.8;1.2;0.6;0.12;1.3;2.6;0.84;107;20;57;30;95118;0.11;0.53;0.4;0.36
1985;12;27;361;6.7;1.4;-1.4;3.6;-0.5;-3.1;1.5;1;0.12;1.3;2.6;0.78;172;36;88;60;95379;0.06;0.04;0.4;0.36
1985;12;28;362;6.1;2.5;-2.4;4;0.5;-4.1;1.5;2.9;0.12;1.3;2.6;0.65;234;43;78;56;95075;0.24;0;0.4;0.36
1985;12;29;363;8.1;5.3;-0.1;6.5;3.3;-4.6;1.8;0.2;0.11;1.3;2.6;0.58;88;17;44;23;94588;0.8;11.9;0.4;0.36
1985;12;30;364;-0.6;-2.2;-3.8;-5.7;-8.6;-9.3;0;-1.7;0.16;1.3;2.6;3.54;175;34;82;36;96024;0.54;1.46;0.4;0.36
1985;12;31;365;-3.4;-4.6;-7.8;-5.2;-6.8;-9;-0.6;-0.7;0.24;1.3;2.6;7.31;74;15;55;21;95568;0.09;5.58;0.4;0.36
1986;1;1;1;-4.4;-9.5;-14.1;-7.4;-11.5;-15.9;1.1;-0.4;0.28;1.3;2.6;9.45;145;31;79;48;95152;0.11;0.07;0.4;0.36
1986;1;2;2;-2.7;-6.7;-14.2;-5;-8.4;-16;0.7;1.6;0.28;1.3;2.6;9.53;92;20;51;25;94805;0.07;0.75;0.4;0.36
1986;1;3;3;3.7;-2.2;-5.1;-0.5;-4.1;-6.5;0.9;1.1;0.28;1.3;2.6;9.79;189;38;86;48;95030;0.08;0.65;0.4;0.36
1986;1;4;4;3.5;-1.2;-4.6;-1.9;-4.6;-7.2;1.7;-1.4;0.27;1.2;2.6;9.38;215;42;83;41;95324;0.49;1.16;0.4;0.37
1986;1;5;5;0.1;-3.5;-7.2;-5.8;-7.4;-10.6;1.2;2.2;0.27;1.2;2.6;9.35;225;49;108;77;95654;0.21;0.01;0.4;0.37
1986;1;6;6;-0.5;-4;-5.9;-4.5;-6.7;-8.6;0.2;1;0.26;1.2;2.6;9.05;191;40;81;60;95139;0.13;0.03;0.39;0.37
1986;1;7;7;1.8;-2.5;-7.3;-2.8;-5.2;-9.9;1.2;-1.8;0.26;1.2;2.5;9.31;184;42;97;55;95652;0.18;0.51;0.39;0.37
1986;1;8;8;-0.8;-3.8;-7;-5;-6.7;-9.8;0;-0.3;0.26;1.2;2.5;9.08;220;41;94;45;95926;0.14;0.17;0.39;0.37
1986;1;9;9;-1.9;-4.2;-6.8;-4.9;-6.2;-8.3;-0.3;-0.8;0.27;1.2;2.5;9.38;108;24;67;28;96455;0.11;0.74;0.39;0.37
1986;1;10;10;-2.7;-6;-11;-7.1;-9.4;-12.6;0.2;-1;0.27;1.2;2.5;9.68;222;46;97;56;97323;0.17;0.12;0.39;0.37
1986;1;11;11;3.2;-1.7;-9.9;0.5;-3.7;-11.6;1;1.3;0.29;1.2;2.5;11.04;104;20;50;15;96168;0.24;7.61;0.39;0.37
1986;1;12;12;1.5;-1;-3.9;-0.5;-2.9;-6.4;1.5;-0.1;0.35;1.2;2.5;14.41;100;21;82;46;95812;0.09;1.84;0.39;0.37
1986;1;13;13;2.8;-0.5;-4.1;-1.4;-4.1;-6.6;2;0.9;0.35;1.2;2.5;14.39;179;32;77;35;95832;0.31;1.98;0.39;0.37
1986;1;14;14;6.9;2.5;-0.6;1.6;-0.1;-1.4;1.3;1.2;0.33;1.2;2.5;13.54;190;37;89;40;95046;0.07;5.86;0.39;0.37
1986;1;15;15;5.3;1.7;-2.4;0;-2.4;-4.8;2.3;0.4;0.3;1.2;2.5;12;229;44;96;59;94456;0.47;0.97;0.4;0.37
1986;1;16;16;1.8;-1.1;-5.5;-2.4;-5;-8.1;1.8;-1.3;0.29;1.2;2.5;11.46;213;44;90;52;95307;0.52;0.88;0.4;0.37
1986;1;17;17;-0.9;-2.7;-4.9;-5.3;-7.4;-9.7;2.6;-3;0.31;1.2;2.5;13;177;32;87;62;95855;0.54;3.59;0.4;0.37
1986;1;18;18;2.2;-3.4;-7;-1.7;-8.4;-10.5;1.6;0.7;0.34;1.2;2.5;14.79;181;40;86;54;96611;0.62;3.19;0.4;0.37
1986;1;19;19;6.7;4;1.5;3.5;1.1;-0.9;2.3;1;0.32;1.2;2.5;13.05;160;39;67;42;95790;0.1;2.35;0.4;0.37
1986;1;20;20;5.3;2.6;-2.5;-0.2;-2.5;-5.1;3.7;-1.3;0.26;1.2;2.5;9.63;240;55;96;73;95997;0.94;1.3;0.4;0.37
1986;1;21;21;5.5;-0.6;-5.8;-1.4;-4.6;-8.4;1.5;2;0.24;1.2;2.5;8.17;272;61;109;72;96585;0.32;0;0.4;0.37
1986;1;22;22;6.2;0.1;-4.6;-0.1;-3.3;-7.1;1.2;0.8;0.21;1.1;2.5;6.82;268;59;106;57;95994;0.19;0.04;0.4;0.37
1986;1;23;23;6.2;2.1;-2.6;0.1;-1.7;-4.5;1.9;3.3;0.19;1.1;2.5;5.52;279;56;94;52;94663;0.5;0.72;0.4;0.37
1986;1;24;24;4.6;2.3;0.8;2.4;-0.9;-3.4;2.3;-0.9;0.18;1.1;2.5;4.66;104;18;51;34;93841;0.74;4.93;0.41;0.37
1986;1;25;25;2.1;-0.1;-1.8;-3.5;-6.4;-8.6;3.5;-3.2;0.18;1.1;2.5;4.86;279;53;98;71;95129;0.63;0.17;0.41;0.37
1986;1;26;26;0.4;-2;-4.2;-6.1;-7.4;-8.3;2.2;-2;0.18;1.1;2.5;5.11;243;58;94;76;96156;0.36;0.7;0.4;0.37
1986;1;27;27;0.9;-3;-5.3;-8.4;-9.4;-11.7;1;0.7;0.18;1.1;2.5;5.2;287;64;103;70;96323;0.18;0.01;0.4;0.38
1986;1;28;28;0.5;-3.2;-5.4;-6.7;-8.3;-10;0.4;3;0.18;1.1;2.5;5.04;319;74;111;83;96452;0.18;0;0.4;0.38
1986;1;29;29;-0.3;-2.1;-4.5;-2.9;-4.5;-6.6;-0.2;3.7;0.18;1.1;2.5;4.96;149;32;74;30;96234;0.1;0.09;0.4;0.38
1986;1;30;30;1;-0.3;-1.3;-1.2;-1.9;-2.8;-1.3;2.1;0.19;1.1;2.5;5.31;111;24;31;14;95798;0.07;0.71;0.4;0.38
1986;1;31;31;1.5;0;-1.8;0.5;-1.4;-2.9;-1.9;1.5;0.2;1.1;2.5;6.45;89;21;48;16;95670;0.08;4.93;0.4;0.38
1986;2;1;32;2.1;1.2;0.1;1.4;0.7;0;-2.3;1.4;0.25;1.1;2.5;9.68;60;15;16;7;95112;0.07;16.99;0.4;0.38
1986;2;2;33;1.6;0.3;-0.5;0.5;-0.1;-0.7;-1.5;0.8;0.32;1.1;2.5;14.69;67;16;12;5;95419;0.06;3.6;0.41;0.38
1986;2;3;34;-0.8;-2.2;-3.9;-1;-3.3;-4.5;-2.4;1.3;0.36;1.1;2.5;19.48;125;28;38;17;96192;0.27;6.22;0.41;0.38
1986;2;4;35;-2.6;-4.6;-8.3;-4.5;-7.1;-10.3;-1.4;1.4;0.38;1.1;2.5;22.57;216;49;70;37;96413;0.31;0.78;0.4;0.38
1986;2;5;36;-5;-7.7;-10.6;-9.4;-10.7;-13;-0.8;2.2;0.38;1.1;2.5;22.54;183;43;50;35;95945;0.26;0.15;0.4;0.38
1986;2;6;37;-4.4;-7.6;-10.9;-8;-10;-12.8;-0.6;0;0.38;1.1;2.5;22.48;181;36;44;24;95850;0.23;0.23;0.4;0.38
1986;2;7;38;-4.9;-9.3;-14;-9.8;-12.7;-18;0.3;-2.2;0.38;1.1;2.5;22.7;177;44;70;39;95892;0.38;0.72;0.4;0.38
1986;2;8;39;-9.1;-12.8;-19;-13.7;-17.1;-22.7;0.3;-1.6;0.38;1.1;2.5;23.23;220;47;69;39;95584;0.29;1.79;0.4;0.38
1986;2;9;40;-9.4;-10.3;-11.8;-12.3;-13.3;-14.8;1.8;-3.9;0.4;1.1;2.5;31.83;54;13;27;7;95345;0.26;17.84;0.4;0.38
1986;2;10;41;-6.7;-8;-9.5;-9.4;-11.1;-12.8;2.3;-3.5;0.41;1.1;2.5;51.51;66;15;2;-2;95826;0.31;18.22;0.4;0.38
1986;2;11;42;-5.8;-6.6;-7.2;-9.1;-9.6;-10.1;1.8;-3.6;0.41;1.1;2.5;63.98;136;29;54;13;96694;0.3;6.3;0.39;0.38
1986;2;12;43;-6.5;-7.8;-9.5;-9.5;-11.4;-12.9;1.8;-4.3;0.41;1.1;2.5;65.71;219;57;67;45;97034;0.37;0.28;0.39;0.38
1986;2;13;44;-4.5;-8.6;-12.9;-9;-11.4;-14.8;0.9;-2;0.41;1.1;2.5;65.66;270;65;96;64;96727;0.16;0;0.39;0.38
1986;2;14;45;-3;-8.8;-15.5;-6.9;-11.2;-17.3;0.3;1.4;0.41;1.1;2.5;65.54;275;67;99;55;96401;0.01;0;0.39;0.38
1986;2;15;46;-4;-6;-8.5;-5.8;-7.5;-9.7;-0.8;2.2;0.41;1.1;2.5;65.54;185;41;51;23;96239;0.06;0.36;0.39;0.38
1986;2;16;47;-1.9;-3.3;-5.1;-2.9;-4.4;-6;-0.1;-1.6;0.41;1.1;2.5;68.9;132;28;25;9;95634;0.13;9.16;0.39;0.38
1986;2;17;48;-0.6;-2.8;-5.4;-3.4;-4.7;-6.8;-0.1;0.6;0.41;1.1;2.5;76.46;248;55;63;34;94871;0.31;2.03;0.39;0.38
1986;2;18;49;1.5;-1.6;-3.6;-1.7;-3;-4.5;-0.2;0.1;0.4;1.1;2.5;76.46;286;71;102;50;94556;0.14;0.04;0.39;0.38
1986;2;19;50;1.5;-0.7;-2.6;-1;-1.7;-2.9;0;-1;0.39;1.1;2.5;76.2;233;52;63;23;94843;0.18;0.65;0.39;0.38
1986;2;20;51;-0.5;-3.2;-6.4;-2.8;-7.5;-8.9;1.9;-4;0.38;1.1;2.5;76.73;169;38;62;25;95337;0.91;1.19;0.39;0.38
1986;2;21;52;-3.1;-6.6;-11.8;-6.8;-9.2;-13.7;-0.3;0;0.38;1.1;2.5;76.65;262;65;72;49;95600;0.23;0.05;0.38;0.38
1986;2;22;53;-1.5;-6;-11.4;-5;-7.8;-12.5;0;-0.2;0.38;1.1;2.5;76.6;289;70;108;53;95750;0.19;0.06;0.38;0.38
1986;2;23;54;-3.4;-7.1;-12.6;-6.4;-9;-14.1;0.5;-1.4;0.38;1.1;2.5;76.84;150;38;62;29;95579;0.11;0.82;0.38;0.38
1986;2;24;55;-6.8;-9.3;-12.1;-10.2;-13;-15;0.9;-3.2;0.39;1.1;2.5;78.9;299;64;96;48;95745;0.35;2.53;0.38;0.38
1986;2;25;56;-6.7;-10.4;-14;-10.9;-13.7;-16.5;0.9;-3.1;0.38;1.1;2.5;79.29;344;90;99;79;96443;0.16;0.03;0.38;0.38
1986;2;26;57;-8.3;-11.8;-15.1;-13.3;-15.7;-18.9;1.3;-3;0.38;1.2;2.5;79.07;325;86;88;77;97346;0.24;0;0.38;0.38
1986;2;27;58;-5.6;-12;-20;-11.4;-15.8;-22.5;0.3;1;0.38;1.2;2.5;78.89;363;98;117;87;97793;0.12;0;0.38;0.38
1986;2;28;59;-6.9;-10.5;-15.6;-10.6;-13.3;-17.9;-0.8;2.4;0.38;1.2;2.5;78.74;327;78;86;53;97480;0.11;0.1;0.38;0.38
1986;3;1;60;-5.9;-7.8;-10.1;-7.9;-9.7;-11.6;-0.9;3.6;0.38;1.2;2.5;79.28;157;37;38;16;96887;0.18;1.31;0.38;0.38
1986;3;2;61;-1.2;-4.1;-6.9;-3.8;-5.8;-8.3;-0.6;0.4;0.38;1.2;2.5;80.75;225;53;41;17;95693;0.21;1.79;0.38;0.38
1986;3;3;62;0.5;-2.4;-5.8;-2.2;-4;-7;-0.1;-0.6;0.38;1.2;2.5;81.45;231;64;60;29;95952;0.18;0.23;0.38;0.38
1986;3;4;63;1.4;-1.5;-4.2;-1;-2.9;-5.4;0.4;-0.5;0.38;1.2;2.5;83.49;167;41;71;32;95963;0.08;3.13;0.38;0.38
1986;3;5;64;4.4;0.2;-5.8;-0.9;-3.4;-7.8;1.3;1.9;0.38;1.2;2.5;83.78;225;52;69;30;95990;0.26;0.02;0.38;0.38
1986;3;6;65;5.3;1.9;-1.2;0;-1.2;-2.5;-0.1;3.2;0.37;1.2;2.5;79.19;365;101;95;60;95881;0.37;0;0.38;0.38
1986;3;7;66;3.3;0.7;-3;0.5;-1.2;-4.3;0.5;-0.9;0.36;1.2;2.5;74.57;203;47;55;21;96317;0.1;3.22;0.38;0.38
1986;3;8;67;3.8;2.1;0.7;1.6;0.7;-0.2;1.1;-2.2;0.36;1.2;2.5;68.84;171;46;32;18;96633;-0.03;2.38;0.39;0.38
1986;3;9;68;5.3;2.1;-1;3.2;1;-1.8;0.4;-0.2;0.35;1.2;2.5;62.15;187;50;44;17;96468;-0.06;0.77;0.4;0.38
1986;3;10;69;5;2.2;-0.5;2.9;1.2;-1.2;0.2;0.3;0.35;1.3;2.5;54.67;275;60;48;21;96602;-0.08;0.1;0.41;0.39
1986;3;11;70;3.7;1.8;0.3;1.7;0.8;-0.3;-0.5;1.6;0.35;1.3;2.5;47.29;146;38;49;12;96756;0.06;0.25;0.41;0.39
1986;3;12;71;2.6;1.1;0.1;1.3;0.6;-0.5;-0.7;0.9;0.34;1.3;2.5;42.96;138;27;22;5;96665;-0.01;2.39;0.42;0.39
1986;3;13;72;2.9;1.4;0.6;1.8;1;0.4;-0.5;1.7;0.33;1.3;2.6;38.21;137;32;17;8;96508;-0.04;2.33;0.42;0.39
1986;3;14;73;3.8;1.7;-0.5;2.5;1.1;-0.9;-0.1;0.1;0.32;1.3;2.6;33.29;151;39;42;12;97108;-0.04;2.05;0.42;0.39
1986;3;15;74;4.6;2.3;0.7;2.8;1.6;0.5;-0.2;0.3;0.3;1.3;2.6;28.08;142;31;12;3;97465;0.02;1.97;0.43;0.39
1986;3;16;75;3.2;1.4;-2;1.3;-0.8;-3.2;-0.8;1.7;0.28;1.3;2.6;23.58;273;70;76;31;97405;0.57;0.21;0.43;0.39
1986;3;17;76;4.2;-0.3;-4.6;-2.5;-4.5;-7.1;-0.2;1.4;0.26;1.3;2.6;20.56;462;127;107;69;97481;0.72;0;0.42;0.39
1986;3;18;77;5.8;0.1;-5.7;-2;-5;-8.2;-0.4;0.4;0.25;1.4;2.6;17.02;498;146;122;80;97134;0.66;0;0.42;0.4
1986;3;19;78;5.4;0.1;-5.1;-2;-4.7;-6.3;0.1;2.2;0.24;1.4;2.6;14;475;131;101;66;97085;0.8;0;0.42;0.4
1986;3;20;79;6.3;1.2;-4.1;-1.1;-4.1;-7.4;0.2;1.7;0.22;1.4;2.6;11.47;467;131;98;65;96906;0.74;0.16;0.42;0.4
1986;3;21;80;4.9;0.9;-3.2;0.1;-1.4;-3.9;-0.3;1.6;0.21;1.4;2.6;9.7;398;104;68;50;96620;0.75;1.44;0.42;0.4
1986;3;22;81;6.8;1.3;-4.1;1.2;-1.7;-5.2;0.6;-0.9;0.2;1.4;2.6;7.95;483;129;96;58;97086;0.94;2.49;0.42;0.4
1986;3;23;82;7.7;2.6;-3.8;0.4;-2.3;-4.8;1.6;2.5;0.18;1.5;2.6;6.13;489;135;98;50;96014;1.34;1.68;0.42;0.4
1986;3;24;83;8.5;5.3;-0.8;1.9;0.9;-1.8;1.4;3.4;0.17;1.5;2.6;4.33;417;108;91;43;94936;1.03;0.16;0.42;0.4
1986;3;25;84;6.4;4.2;1.3;2.9;1.2;-0.4;1.1;0.8;0.16;1.5;2.6;2.78;299;68;79;40;94589;1.07;4.87;0.42;0.4
1986;3;26;85;8.3;3.8;-0.7;1.3;-0.5;-2.5;0.4;0;0.15;1.5;2.6;2.12;518;156;107;63;95681;1.44;2.12;0.42;0.4
1986;3;27;86;11.3;5.1;-3.1;1.2;-2.3;-4.4;0.9;1.2;0.15;1.5;2.6;1.57;619;190;139;89;96561;1.84;0.16;0.41;0.4
1986;3;28;87;14.7;8.4;3;4.7;1.4;-3.6;0.7;3.2;0.14;1.6;2.6;0.89;601;180;117;83;96445;1.76;0;0.41;0.41
1986;3;29;88;10.1;7;4.1;6;3.8;1.3;1.2;-1.2;0.14;1.6;2.6;0.43;305;74;65;37;96110;0.86;1.72;0.41;0.41
1986;3;30;89;7.8;4.4;0.3;4.9;0.8;-3.2;1.2;-0.2;0.14;1.6;2.6;0.23;351;96;100;52;95876;1.72;5.1;0.41;0.41
1986;3;31;90;14.7;7.6;1.3;6.1;1;-3;0.8;2.1;0.14;1.6;2.6;0.17;535;149;108;67;95537;1.56;0.01;0.41;0.41
1986;4;1;91;11.2;7.5;3.7;3.2;1;-1.6;1.8;0;0.14;1.6;2.6;0.07;318;109;88;60;96094;1.44;1.39;0.41;0.41
1986;4;2;92;13;8.3;4.1;4.7;3.4;2.2;0;1.3;0.14;1.7;2.6;0.03;627;158;123;60;96309;1.84;1.81;0.4;0.41
1986;4;3;93;16;11.3;6;6;5;4.2;1.5;4.3;0.14;1.7;2.6;0;511;167;96;77;95418;1.93;0;0.4;0.41
1986;4;4;94;13.2;9.3;5.6;5.9;5.1;4.1;0.6;-1.6;0.14;1.7;2.6;0;566;111;98;46;95760;1.45;4.09;0.4;0.41
1986;4;5;95;12.9;8.2;4.1;6;4.3;2.8;0.2;-1.7;0.14;1.7;2.6;0;542;144;88;48;96146;1.66;0.21;0.4;0.41
1986;4;6;96;15.2;9.6;5.7;9;6.2;3.9;0;0.7;0.14;1.7;2.6;0;458;133;99;52;96387;1.32;0;0.4;0.41
1986;4;7;97;18.4;13;6.4;9.9;8.2;5.4;0.1;2.7;0.14;1.8;2.6;0;535;158;95;63;96252;1.85;0;0.39;0.41
1986;4;8;98;21.3;15.1;8.9;10.4;8.3;6.5;-0.1;2.1;0.14;1.8;2.6;0;642;199;122;77;95960;2.56;0;0.39;0.41
1986;4;9;99;19.9;13;7.3;10.5;8.1;4.9;-0.1;2.7;0.15;1.8;2.6;0;648;194;121;73;95118;2.6;4.34;0.39;0.41
1986;4;10;100;12.9;7.6;3.6;4;2;-1.4;1.8;1.2;0.15;1.8;2.6;0;613;183;110;80;94505;2.5;4.34;0.39;0.41
1986;4;11;101;4.7;2.5;-0.5;-1.6;-4.3;-6.5;1.1;-3.5;0.15;1.8;2.6;0.02;519;154;80;57;95640;1.56;0.13;0.39;0.41
1986;4;12;102;1.6;-0.7;-2.5;-3.7;-5.5;-7.2;-0.6;-2.6;0.17;1.9;2.6;1.28;335;88;42;29;95569;0.81;2.23;0.39;0.41
1986;4;13;103;0.5;-1.1;-2.7;-5.7;-7.2;-7.8;0.4;-4.4;0.2;1.9;2.6;3.11;290;85;56;38;95304;0.95;2.08;0.38;0.41
1986;4;14;104;6.2;1.5;-1.9;-4.5;-6.9;-8.5;0.6;-2.1;0.21;1.9;2.6;3.82;444;153;103;72;95473;1.6;0.07;0.38;0.41
1986;4;15;105;11.6;5.4;-2.6;1.2;-1.7;-6.4;0.2;2.9;0.19;1.9;2.6;2.54;656;210;127;87;95552;1.98;0;0.38;0.41
1986;4;16;106;9.8;7.1;3.5;7;4.6;1.1;0.4;3.9;0.16;2;2.6;0.89;345;93;77;46;95509;1.09;2.02;0.38;0.4
1986;4;17;107;15.9;9.8;2.9;5;3.8;2.1;1.4;2.9;0.15;2;2.6;0.22;675;216;122;89;95303;2.65;0.21;0.38;0.4
1986;4;18;108;13.2;9.8;6.4;8.5;6.3;3.3;1.5;2.8;0.15;2;2.6;0.02;427;128;77;53;94997;1.72;2.96;0.38;0.4
1986;4;19;109;10.2;7;4.1;3.9;0.9;-0.9;2.3;-2.4;0.15;2.1;2.7;0;600;175;102;64;94898;2.43;1.04;0.38;0.4
1986;4;20;110;10.1;6.1;1.4;-0.5;-1.4;-2.5;2.6;-1.6;0.15;2.1;2.7;0;638;209;117;93;95494;2.34;0.22;0.37;0.4
1986;4;21;111;15.2;8.8;1.4;3.7;1.5;-2.2;1.2;2.3;0.15;2.1;2.7;0.01;639;180;111;70;95758;2.44;0.79;0.37;0.4
1986;4;22;112;17.6;12.1;6.9;6.5;4.9;3.5;2.5;4.8;0.15;2.2;2.7;0;678;226;114;91;95630;2.97;0;0.37;0.4
1986;4;23;113;19.1;13.7;8.5;7.8;6.5;3.8;2.3;3.9;0.15;2.2;2.7;0;684;216;113;84;95960;3.04;0;0.36;0.4
1986;4;24;114;21.4;15.9;10.7;8.9;7.5;6.2;2.1;3.4;0.16;2.2;2.7;0;689;229;118;93;96180;3.5;0;0.36;0.4
1986;4;25;115;22.8;16.4;10.3;7.4;6.2;4.8;2;2.2;0.16;2.3;2.7;0;688;226;125;92;96143;3.65;0;0.36;0.4
1986;4;26;116;21.8;16.3;9.6;8;6.4;3.6;1.2;3.3;0.16;2.3;2.7;0;573;213;121;88;95697;3.43;0;0.35;0.4
1986;4;27;117;19.9;15.5;10.3;9;6.8;3;0.2;2;0.16;2.3;2.7;0;582;193;104;81;95488;2.95;0;0.35;0.4
1986;4;28;118;21.7;15.8;10.3;12.8;10.3;7;-0.5;-0.2;0.16;2.4;2.7;0;611;192;106;65;95446;2.8;11.15;0.35;0.4
1986;4;29;119;19.5;15.1;11.4;13.5;11.1;8.6;-0.1;-2.4;0.16;2.4;2.7;0;539;170;92;55;95521;3.15;4.98;0.36;0.4
1986;4;30;120;21.1;15.6;10.4;11.5;9.6;7.4;0.8;-3.3;0.16;2.4;2.7;0;687;214;107;72;96059;3.59;2.42;0.35;0.4
1986;5;1;121;19.5;15.4;11.9;10.8;9.1;5.8;0.2;-4.1;0.16;2.5;2.7;0;631;212;102;75;96547;3.41;1.6;0.35;0.4
1986;5;2;122;19.5;14.6;9.4;10.6;8.2;5.8;-0.1;-0.4;0.16;2.5;2.7;0;690;237;121;88;96425;3.37;0.05;0.35;0.4
1986;5;3;123;20.4;15.7;9.5;11;9.5;7.1;-0.2;2.4;0.16;2.6;2.7;0;625;208;99;74;96095;3.21;0.57;0.35;0.4
1986;5;4;124;21.6;16;9.1;12.5;10.8;8.7;-0.9;2.2;0.16;2.6;2.7;0;686;228;111;79;95956;3.4;1.27;0.34;0.4
1986;5;5;125;20.6;15.7;10.1;10.9;9.8;8.5;-1.2;2.2;0.16;2.6;2.7;0;648;217;102;75;96053;3.36;0.82;0.34;0.4
1986;5;6;126;20.8;16.1;11.2;10.6;8.6;7;-1.3;2;0.16;2.7;2.7;0;647;232;107;80;96102;3.56;0.29;0.34;0.4
1986;5;7;127;20.6;16.2;10.9;9.8;8.1;6.3;-0.7;3;0.16;2.7;2.7;0;573;206;109;78;96294;3.38;0.04;0.33;0.4
1986;5;8;128;18.8;13;9.9;11.2;8.4;4;1.6;-0.4;0.16;2.7;2.7;0;529;143;80;52;96362;3.04;6.4;0.34;0.4
1986;5;9;129;15.8;12.3;8.9;5.5;3.5;2.2;1.7;-3.1;0.16;2.8;2.7;0;602;210;104;76;96730;3.38;0.13;0.33;0.4
1986;5;10;130;16.8;12.9;8.6;7.1;5.4;4;1.3;-2.7;0.16;2.8;2.7;0;574;201;94;72;96906;3.17;0.34;0.33;0.4
1986;5;11;131;19.9;14.5;9.8;11.8;9.4;7.1;0.9;0.6;0.17;2.8;2.8;0;499;140;84;47;96631;2.25;1.01;0.33;0.4
1986;5;12;132;20.1;15.2;11.1;11;9;6.6;0.7;-0.7;0.17;2.9;2.8;0;500;149;84;55;96478;2.56;0.14;0.33;0.4
1986;5;13;133;22.4;17.1;9.7;13;11.5;8.4;0.1;2.3;0.17;2.9;2.8;0;592;218;97;71;96394;3.24;0.23;0.32;0.4
1986;5;14;134;24.4;18.9;12.9;13.5;12.6;11.3;0.1;2.7;0.17;2.9;2.8;0;690;230;104;76;96121;3.7;0.06;0.32;0.39
1986;5;15;135;24.8;18.5;12.9;13.7;12.1;10.6;1;1.7;0.17;3;2.8;0;680;222;106;72;96048;3.63;0.99;0.32;0.39
1986;5;16;136;18.2;15.3;11.5;11.6;10.6;9.1;0.3;-0.9;0.17;3;2.8;0;432;134;80;49;96489;2.59;2.13;0.32;0.39
1986;5;17;137;17.5;13.6;10.6;12.7;10.5;8.9;0.6;-1.6;0.17;3;2.8;0;399;93;85;44;96806;1.74;7;0.32;0.39
1986;5;18;138;22.5;16.6;8.6;13.1;11.1;7.5;0.5;1.5;0.17;3;2.8;0;603;205;89;69;97069;3.12;0;0.32;0.39
1986;5;19;139;23.2;18.5;12.3;17.6;14.4;11;0.7;-0.8;0.17;3;2.8;0;580;187;84;54;96894;2.93;5.55;0.32;0.39
1986;5;20;140;22.1;18.3;15.4;16.7;15.4;13.7;-0.4;0.4;0.17;3;2.8;0;451;151;56;36;96623;2.83;7.88;0.32;0.39
1986;5;21;141;24;19.3;15;17;16.1;14.8;-0.3;2.3;0.17;3;2.8;0;522;134;68;36;96264;2.63;0.56;0.32;0.39
1986;5;22;142;22.2;18.8;15;16;12.9;10.9;1.4;-2.9;0.17;3;2.8;0;588;195;83;54;96677;4.12;4.52;0.32;0.39
1986;5;23;143;23.5;18.7;13.1;14.4;12.5;11.2;-0.2;0.3;0.17;3;2.8;0;661;219;110;74;96898;3.7;0;0.32;0.39
1986;5;24;144;22.9;18.2;13.9;17;14.5;10.5;1.2;-1;0.17;3;2.8;0;563;150;80;47;96541;3.43;15.45;0.32;0.39
1986;5;25;145;18.5;14.6;10.6;8.9;6.5;5.3;0.5;-3.3;0.17;3;2.8;0;720;249;120;93;97355;4.07;0.01;0.33;0.39
1986;5;26;146;21.8;16.3;8.8;9.5;8;5.9;0.2;2.3;0.17;3;2.8;0;721;262;124;94;97183;4.23;0;0.32;0.39
1986;5;27;147;24.8;19;12.3;12.7;11.5;8.9;0.1;2.6;0.17;3;2.8;0;709;257;117;91;96600;4.38;0;0.32;0.39
1986;5;28;148;22.2;18.1;12.5;16.2;14.4;11.2;0.4;-0.4;0.17;3;2.8;0;466;185;81;60;96123;3.2;19.02;0.32;0.39
1986;5;29;149;17.4;15;10.6;14.1;12;6.2;0.7;-2.2;0.17;3;2.8;0;351;95;44;26;95946;2.32;2.85;0.33;0.39
1986;5;30;150;13.1;10.1;7.9;6.6;5.5;3.1;2.3;-2.6;0.17;3;2.8;0;379;76;52;23;95969;2.5;6.42;0.34;0.39
1986;5;31;151;13.4;10.3;7.4;4.1;3.3;2.7;1.5;-2.8;0.17;3;2.8;0;462;164;82;56;96343;2.74;0;0.34;0.39
1986;6;1;152;13.1;10.3;6.5;4.5;3.2;2.6;1;-3.5;0.17;3;2.8;0;470;142;81;55;96260;2.38;0.02;0.33;0.39
1986;6;2;153;16;11.7;7;8;5;3.5;0.9;-0.3;0.17;3;2.8;0;607;200;103;70;96257;3.19;4.63;0.33;0.39
1986;6;3;154;15.6;11.4;6;10.6;8.2;5.5;0.3;-0.3;0.17;3;2.8;0;551;199;91;69;96141;3.18;4.58;0.33;0.39
1986;6;4;155;17.7;11.7;6.3;10;7.4;4.9;1.4;1.5;0.17;3;2.8;0;625;178;96;53;95401;3.31;13.45;0.33;0.39
1986;6;5;156;12.8;9.3;6.8;6.6;5;3.7;1.6;-2.8;0.17;3;2.8;0;500;144;91;44;95001;3.46;11.52;0.35;0.39
1986;6;6;157;14.1;10.1;5.7;5.7;4;2.3;0.9;0.4;0.17;3;2.8;0;431;166;83;58;95310;2.68;0.85;0.35;0.39
1986;6;7;158;16.1;11.4;5.1;7;5.3;3.4;0.7;2;0.17;3;2.8;0;655;228;108;74;95754;3.46;0.35;0.35;0.38
1986;6;8;159;15.9;12.4;8.2;7.4;5.9;4.6;1.3;-1.9;0.17;3;2.8;0;368;134;90;52;96490;2.39;0.04;0.35;0.38
1986;6;9;160;18.5;14.1;8.8;7.7;6.9;5.6;0.4;-2.9;0.17;3;2.8;0;662;240;106;84;96912;3.8;0.04;0.34;0.38
1986;6;10;161;20.1;15.6;9.6;12.1;9.2;6.6;0.3;-1.4;0.17;3;2.8;0;712;226;111;72;96596;3.6;0;0.34;0.38
1986;6;11;162;22.9;18.2;11.2;12.9;11.6;9.7;0.5;-1.2;0.17;3;2.8;0;634;217;97;66;95947;3.73;0.01;0.34;0.38
1986;6;12;163;15.3;13.1;9.9;10.9;8.5;7.3;3.8;-4.6;0.17;3;2.8;0;426;157;60;42;95922;2.76;1.49;0.33;0.38
1986;6;13;164;14.6;12.6;10.1;12;10.3;7.1;3.2;-4;0.17;3;2.8;0;311;113;33;23;96510;3.28;17.31;0.34;0.38
1986;6;14;165;22.7;17.7;12.8;18.4;15.3;11.6;0.8;-2.9;0.17;3;2.8;0;557;174;61;34;96808;3.32;23.26;0.35;0.38
1986;6;15;166;23.8;19;14.4;19;16.7;14;-0.1;-0.8;0.17;3;2.8;0;503;171;65;41;96812;3.03;15.28;0.37;0.38
1986;6;16;167;24.4;20;14.5;19.1;17.2;13.7;0;0.6;0.17;3;2.8;0;608;215;81;59;96524;3.71;1.93;0.37;0.38
1986;6;17;168;26.5;21.7;15.7;18.8;17.4;14.9;-0.1;1.6;0.17;3;2.8;0;645;239;95;65;96292;4.22;0.31;0.37;0.38
1986;6;18;169;27.9;22.2;16.1;19;16.4;15.1;0.5;0.5;0.17;3;2.8;0;677;237;104;69;96294;4.41;2.28;0.37;0.38
1986;6;19;170;25.9;21;16.7;19.1;17.2;15;0.1;-0.1;0.17;3;2.8;0;650;221;92;54;96326;4.29;9.84;0.37;0.38
1986;6;20;171;26.1;21.1;14.8;18;16.4;14.6;0;1.9;0.17;3;2.8;0;688;246;99;67;96239;4.65;0.01;0.37;0.38
1986;6;21;172;26.7;21.4;15.9;17.9;16.1;14.8;0.8;-0.8;0.17;3;2.8;0;692;219;105;68;95994;4.16;1;0.36;0.38
1986;6;22;173;21.3;18.2;15.4;15.6;13.5;12.1;0;-2;0.17;3;2.8;0;338;140;63;43;96166;2.71;0.09;0.36;0.38
1986;6;23;174;20.4;17.4;13.8;13.4;10.5;6.1;-1.1;-1.5;0.17;3;2.8;0;520;178;84;53;96090;3.6;1.2;0.36;0.38
1986;6;24;175;21;16.7;13;11.8;8.2;6.6;-0.2;-1.3;0.16;3;2.8;0;724;232;120;69;96403;4.13;0;0.35;0.38
1986;6;25;176;20.6;17;13.1;13.5;11;7.6;0.6;-2.2;0.16;2.9;2.8;0;553;171;83;57;96757;3.17;0.61;0.35;0.38
1986;6;26;177;21.5;17.7;11.8;9.1;7.6;5.6;1.2;-3.1;0.16;2.9;2.8;0;541;203;98;73;96961;4.13;0;0.35;0.38
1986;6;27;178;24.3;19.8;14.3;10.9;9.6;8.1;1.2;-4;0.16;2.9;2.8;0;707;241;107;85;96826;4.82;0.06;0.34;0.38
1986;6;28;179;25.3;21.1;15.5;13;11.4;10.6;1.3;-2.5;0.16;2.9;2.8;0;577;218;98;73;96642;4.32;0;0.34;0.38
1986;6;29;180;21.1;18.4;14.8;14.1;12.4;10.5;1.8;-2.6;0.16;2.9;2.8;0;512;156;74;57;96144;3.34;3.45;0.34;0.38
1986;6;30;181;20.4;17.1;14.1;10.3;8.8;7.2;0.5;-4.1;0.16;2.9;2.8;0;601;204;87;68;96380;3.82;0.21;0.34;0.38
1986;7;1;182;22.6;18.7;14.1;11.3;10.3;9.6;1;-3.4;0.16;2.9;2.8;0;566;203;88;69;96728;3.85;0.21;0.33;0.38
1986;7;2;183;24.9;20.5;15.7;13.1;11.5;9.9;0.3;-2.4;0.16;2.9;2.8;0;655;237;98;75;96705;4.25;0.11;0.33;0.38
1986;7;3;184;25.3;20.6;14.2;14.8;11.6;10.1;0.4;0;0.16;2.9;2.8;0;607;226;103;76;96613;3.72;0.01;0.32;0.38
1986;7;4;185;26.9;21.5;13.9;14.9;12.7;10.8;0.8;0.2;0.16;2.9;2.7;0;669;244;119;82;96652;4.04;0.01;0.32;0.38
1986;7;5;186;27.6;22.5;15.4;16.1;14.8;13.8;0.7;1.5;0.16;2.9;2.7;0;609;224;100;72;96406;3.93;0.36;0.32;0.38
1986;7;6;187;28.2;22.9;18;16.7;15.1;13.5;1.5;3;0.16;2.8;2.7;0;624;239;89;67;95537;4.22;1.78;0.31;0.38
1986;7;7;188;20.1;17.2;13.8;15;12.3;8.8;1.8;-1.7;0.16;2.8;2.7;0;328;97;77;39;95728;2.59;6.6;0.32;0.38
1986;7;8;189;19.3;15.5;12.3;9.7;8.8;7.6;2.5;-3.6;0.16;2.8;2.7;0;576;188;83;68;96108;3.18;0.57;0.32;0.38
1986;7;9;190;18.6;14.7;10.9;9.8;7.3;5.5;1.6;-2.3;0.16;2.8;2.7;0;576;215;101;82;96380;3.29;0.61;0.31;0.38
1986;7;10;191;18.5;15.3;10.9;9.7;8.1;7.1;2;-0.8;0.16;2.8;2.7;0;433;137;80;49;96438;2.34;0.19;0.31;0.38
1986;7;11;192;19.5;15.3;12;12.7;9.2;7.3;2;-1.4;0.16;2.8;2.7;0;488;154;79;56;96522;2.75;4.81;0.31;0.38
1986;7;12;193;18.7;15;10.3;10.4;8.2;6.6;1;-1.1;0.16;2.8;2.7;0;458;162;83;60;96473;2.76;0.3;0.31;0.38
1986;7;13;194;18.2;15.3;11.8;10.5;8.7;6.6;0.4;-0.9;0.16;2.8;2.7;0;479;131;75;48;96463;2.13;0.39;0.31;0.37
1986;7;14;195;18.6;15.3;11.9;8.5;6.7;5.3;0.8;-2.2;0.16;2.8;2.7;0;501;163;91;61;96738;2.71;0.09;0.31;0.37
1986;7;15;196;20.7;16;9.6;9;7;5.7;0.5;-2.4;0.16;2.8;2.7;0;652;212;104;71;96941;3.09;0;0.3;0.37
1986;7;16;197;23.2;18.2;11;12.9;9.6;7.9;-0.3;-0.5;0.16;2.8;2.7;0;707;241;116;79;97080;3.47;0;0.3;0.37
1986;7;17;198;25.2;20;13.8;14.1;11.1;9.4;0.1;0.2;0.16;2.8;2.7;0;580;208;112;66;96614;3.22;0;0.3;0.37
1986;7;18;199;25.4;20.2;14.6;15.8;13.2;11.1;1.2;-2;0.16;2.8;2.7;0;486;178;85;56;96204;3.03;8.84;0.3;0.37
1986;7;19;200;16.6;15.3;12.4;15.7;12.8;8.7;2.1;-3.9;0.16;2.7;2.7;0;293;106;39;22;96372;2.85;4.94;0.3;0.37
1986;7;20;201;17.4;14.2;11.8;10.2;9.4;8.7;1.3;-4.4;0.16;2.7;2.7;0;456;156;80;48;96595;2.27;0.01;0.3;0.37
1986;7;21;202;19.7;15.4;10.9;9;8.4;8;0.8;-3.3;0.16;2.7;2.7;0;670;215;95;74;96453;3.16;0;0.3;0.37
1986;7;22;203;23.4;17.5;10.1;13.1;10.3;8.1;0.2;-0.8;0.16;2.7;2.7;0;704;250;119;86;96258;3.54;0;0.3;0.37
1986;7;23;204;26.5;20.8;13;14.4;13;10.4;0.5;3.3;0.16;2.7;2.7;0;704;251;116;83;95864;3.8;0;0.3;0.37
1986;7;24;205;21.3;15.9;11;15.1;10.9;4.9;2;-1.5;0.16;2.7;2.7;0;330;96;84;47;95818;3.27;16.63;0.3;0.37
1986;7;25;206;20.5;15.5;10.1;9.7;6.7;4.7;1.7;-0.8;0.16;2.7;2.7;0;587;201;100;74;96392;3.33;0.03;0.3;0.37
1986;7;26;207;21.7;17.1;11.9;14.3;10.9;8.9;1.3;-0.3;0.16;2.7;2.7;0;476;146;81;51;96309;2.44;0.48;0.3;0.37
1986;7;27;208;21.5;17.6;13.4;14.5;13.1;11.3;1.2;-1.5;0.16;2.7;2.7;0;555;160;80;50;96669;2.72;1.87;0.3;0.37
1986;7;28;209;23.7;18.8;13.2;13.5;12.6;11;0.3;-1.6;0.16;2.7;2.7;0;637;215;99;72;96894;3.39;0.2;0.3;0.37
1986;7;29;210;26.1;20.3;13.7;14.7;12.1;10;0.1;0;0.16;2.7;2.7;0;689;237;121;81;96621;3.63;0;0.3;0.37
1986;7;30;211;27;22;15.8;18.2;15.9;14;1.2;-0.4;0.16;2.7;2.7;0;578;191;85;54;96309;3.36;2.34;0.3;0.37
1986;7;31;212;29;23.2;16.8;19.2;17.5;15.3;0.6;1.1;0.16;2.7;2.7;0;646;211;94;64;96122;3.44;0.7;0.29;0.37
1986;8;1;213;27.4;22.2;17.3;17.9;16.5;15.2;1.2;-1.3;0.16;2.7;2.7;0;599;189;84;56;96496;3.32;2.42;0.29;0.37
1986;8;2;214;27;22.3;17.2;19.4;17;15.7;0.3;0.2;0.16;2.7;2.7;0;592;205;101;64;96952;3.35;0.19;0.29;0.37
1986;8;3;215;27.9;23.4;17.5;18.3;16.7;15.6;-0.2;1.6;0.16;2.7;2.7;0;572;202;90;64;96798;3.34;0.2;0.29;0.37
1986;8;4;216;29.4;24.2;18.6;18.7;16.1;14.4;-0.2;2.8;0.16;2.6;2.7;0;660;219;102;70;96295;3.55;0;0.28;0.37
1986;8;5;217;25;21.3;17.9;17.9;15.8;13.5;1.5;-2.4;0.16;2.6;2.7;0;576;147;79;54;96509;3.03;6.54;0.29;0.37
1986;8;6;218;24.3;20;15.8;13.4;11.4;9.8;0.4;-3.7;0.16;2.6;2.7;0;666;229;106;84;96875;3.6;0;0.29;0.37
1986;8;7;219;26.2;21;15.1;16.6;14.1;12.1;0.3;0.3;0.16;2.6;2.7;0;661;208;109;69;96394;3.16;0.05;0.28;0.37
1986;8;8;220;27.7;22.1;15.7;15.9;14.3;12.7;0.8;-0.2;0.16;2.6;2.7;0;596;206;111;72;96216;3.24;1.7;0.28;0.37
1986;8;9;221;25.8;21.6;17.3;16.4;13.2;10.4;0.9;-1.6;0.16;2.6;2.7;0;648;206;108;70;96482;3.48;1.19;0.28;0.37
1986;8;10;222;27.1;22.2;18.1;18.2;15.5;11;-0.2;0.6;0.16;2.6;2.7;0;637;203;99;61;96610;3.13;2.91;0.28;0.36
1986;8;11;223;27.5;22.5;17.7;18.9;17.1;15.8;0.6;0.5;0.16;2.6;2.7;0;640;183;93;62;96420;3.01;0.82;0.28;0.36
1986;8;12;224;27.9;22.2;17.8;18.7;17.2;13.4;0.8;1.7;0.16;2.6;2.7;0;629;184;86;57;95916;3.12;4.81;0.28;0.36
1986;8;13;225;22.3;19.3;16.6;14.2;13.5;12.9;1.8;-1.7;0.16;2.6;2.7;0;432;150;71;52;96054;2.64;0.56;0.28;0.36
1986;8;14;226;22.6;18.6;14.6;13.6;12;10.4;0;-2;0.16;2.6;2.7;0;557;184;95;73;96466;2.66;0.11;0.28;0.36
1986;8;15;227;24.9;19.7;12.9;12.9;11.4;10.6;0.4;1;0.16;2.6;2.7;0;609;200;108;79;96523;2.88;0.01;0.27;0.36
1986;8;16;228;27.5;21.9;17.1;16.7;13.8;10.6;1;1.5;0.16;2.6;2.7;0;560;180;103;67;96394;3.03;1.89;0.27;0.36
1986;8;17;229;29.4;23.2;17.2;18.3;15.7;13.7;0.8;0.9;0.15;2.6;2.7;0;617;201;113;75;96156;3.09;0.33;0.27;0.36
1986;8;18;230;27.5;22;16.3;17.5;16.2;15;1;0.4;0.15;2.6;2.7;0;578;187;94;64;95665;2.84;2.78;0.27;0.36
1986;8;19;231;24.3;19.5;16.9;17.6;16.1;12.9;0.8;-0.3;0.15;2.6;2.7;0;546;148;92;52;95620;2.81;14.25;0.27;0.36
1986;8;20;232;20.2;17.5;15.1;12.7;9.1;6.6;2.5;-2.4;0.15;2.6;2.7;0;604;192;102;74;96302;3.18;0.09;0.28;0.36
1986;8;21;233;20.1;16.5;12.7;8.8;6.7;4.6;1;-1.6;0.15;2.6;2.7;0;456;150;100;65;96605;2.43;0;0.28;0.36
1986;8;22;234;24.2;18.1;11.2;11.6;9.6;5.6;0.6;2.4;0.15;2.6;2.7;0;633;206;107;79;96068;2.91;0;0.27;0.36
1986;8;23;235;26.2;18;12.3;16.7;11.7;7.2;2;1.2;0.15;2.5;2.7;0;617;172;93;56;95300;3.8;14.71;0.27;0.36
1986;8;24;236;19.5;15.2;10.5;12.4;9.6;8.2;0.5;0.7;0.15;2.5;2.7;0;558;146;97;59;95794;2.46;8.29;0.28;0.36
1986;8;25;237;18;14.4;10.8;10.8;8.7;6.8;2;-2.8;0.15;2.5;2.7;0;564;159;101;57;96279;2.92;1.38;0.29;0.36
1986;8;26;238;22.2;16.7;10.4;11.2;9.8;6.8;0.1;3.6;0.15;2.5;2.7;0;575;196;103;73;95930;2.9;0;0.29;0.36
1986;8;27;239;20.3;16.3;14.1;14.9;12.5;10.7;0.5;-0.3;0.15;2.5;2.7;0;337;91;82;42;95665;2.04;3.6;0.29;0.36
1986;8;28;240;19.5;15.9;13.8;16.3;13.3;10.7;-0.1;0.4;0.15;2.5;2.7;0;245;62;35;17;95724;1.39;9.88;0.29;0.36
1986;8;29;241;15.1;12.7;8.9;13.4;7.6;5;1.9;-2.8;0.15;2.5;2.7;0;293;97;91;40;96082;2.55;6.77;0.3;0.36
1986;8;30;242;16.5;12.1;8.1;6.2;5.1;4.3;1.9;-1.8;0.15;2.5;2.7;0;550;164;93;73;96615;2.37;0.2;0.3;0.36
1986;8;31;243;16.9;12.3;6.9;7.9;6.1;4.8;1.6;-0.5;0.15;2.5;2.7;0;518;165;105;74;96775;2.26;0.18;0.3;0.36
1986;9;1;244;17;12.6;7.5;8.4;6.8;5;1.3;-1.1;0.15;2.5;2.7;0;501;152;88;63;96847;2.1;0.29;0.3;0.36
1986;9;2;245;19.7;14.5;8.6;11.1;8.1;6.3;1.2;0.2;0.15;2.5;2.7;0;519;146;91;55;96701;2.23;0.48;0.3;0.36
1986;9;3;246;22.1;16.8;10.9;11.5;10.2;9.2;0.9;2.4;0.15;2.5;2.7;0;617;188;107;74;96360;2.79;0;0.29;0.36
1986;9;4;247;15.4;13.2;10.4;10.7;6.4;4.4;2.6;-3.3;0.15;2.5;2.7;0;507;134;101;61;96692;2.71;2.04;0.29;0.36
1986;9;5;248;16.7;12.2;8.6;7;5.5;4.3;0.6;-0.9;0.15;2.5;2.7;0;436;152;104;77;97248;2.02;0;0.29;0.36
1986;9;6;249;20.5;14.4;7.8;9.4;7.7;5.1;0.8;1.9;0.15;2.5;2.7;0;610;198;123;88;96735;2.49;0;0.29;0.36
1986;9;7;250;21.1;15.7;10;13.5;10.6;8.3;0.9;-0.8;0.15;2.5;2.7;0;494;142;86;59;96366;1.92;1.29;0.29;0.36
1986;9;8;251;19.6;15.8;12;13.4;11.9;10.3;-0.1;0.1;0.15;2.5;2.7;0;401;108;65;40;96343;1.6;1.42;0.29;0.36
1986;9;9;252;18.6;15.1;11.6;12.5;9.7;7.2;0;-2.3;0.15;2.5;2.7;0;504;130;88;42;96272;2.53;6.04;0.29;0.36
1986;9;10;253;11;10.2;8.4;9.9;9.1;6.8;0.8;-2.3;0.15;2.5;2.7;0;65;17;60;20;96277;1.09;28.45;0.31;0.36
1986;9;11;254;16.3;11.6;6.8;8.9;7.5;5.4;0.1;-0.3;0.15;2.5;2.7;0;481;138;103;69;96617;1.87;0;0.32;0.36
1986;9;12;255;20.4;14.9;8.8;12.5;10.4;7.1;0.4;2.5;0.15;2.5;2.7;0;586;179;116;79;96241;2.31;0;0.31;0.36
1986;9;13;256;22;16.9;12.5;16.1;13;10.5;0.9;0.2;0.15;2.5;2.7;0;455;126;85;57;96224;1.81;1.18;0.31;0.35
1986;9;14;257;24.6;18.2;11.8;15.7;14;11.6;0.5;1;0.15;2.5;2.7;0;566;164;102;67;96311;2.5;0.01;0.31;0.35
1986;9;15;258;24.3;19.2;13.6;16.2;14.7;12.3;0.5;1.5;0.15;2.5;2.7;0;548;163;97;67;96129;2.4;0.02;0.31;0.35
1986;9;16;259;26;20.2;13.9;16.4;14.9;12.5;0.4;1.2;0.15;2.4;2.7;0;553;164;102;74;95952;2.57;0;0.31;0.35
1986;9;17;260;23.2;18.6;14.6;17.4;15.7;13.2;0.3;-0.9;0.15;2.4;2.7;0;434;117;60;47;96111;1.58;0.06;0.31;0.35
1986;9;18;261;19.5;16.3;10.8;17;13.9;7.3;0.5;-2.3;0.14;2.4;2.7;0;192;49;39;26;96697;1.52;3.05;0.31;0.35
1986;9;19;262;13.4;10.3;8.2;6.4;3.4;2.4;0.1;-3.3;0.14;2.4;2.7;0;561;166;123;84;97991;2.13;0.01;0.31;0.35
1986;9;20;263;16;10.3;4.6;6.6;4.3;2.2;0.5;1;0.14;2.3;2.7;0;573;172;130;94;97720;1.93;0;0.3;0.35
1986;9;21;264;19.6;12.4;5;9.3;6.2;3.3;1.3;-0.8;0.14;2.3;2.7;0;560;167;121;83;97190;2.06;0;0.3;0.35
1986;9;22;265;19.8;14.1;8.7;9.7;7.3;5.9;1.7;-0.7;0.14;2.3;2.7;0;503;143;101;70;96867;1.94;0.01;0.3;0.35
1986;9;23;266;21.1;15;8.4;10.8;8;6.6;1.1;-0.5;0.14;2.3;2.7;0;541;157;114;76;96798;2.01;0;0.3;0.35
1986;9;24;267;20.6;15;9.2;12.4;9.7;6.9;0.1;-0.7;0.14;2.2;2.7;0;522;152;109;70;96537;1.84;0;0.3;0.35
1986;9;25;268;14.1;11.9;9.5;8;5.1;3.3;-0.3;-2.4;0.14;2.2;2.7;0;424;111;87;53;96558;1.46;0;0.3;0.35
1986;9;26;269;12.9;10.2;8;6.4;4.6;3.1;0.3;-1;0.14;2.2;2.7;0;248;74;68;42;96490;0.92;0;0.29;0.35
1986;9;27;270;15;10.6;5.9;5.4;4.4;2.4;0.4;-1.9;0.14;2.1;2.7;0;547;147;112;79;96902;1.5;0;0.29;0.35
1986;9;28;271;15.4;11.4;7.9;7.2;6;4.8;0.4;-1.8;0.14;2.1;2.6;0;476;127;100;66;97669;1.39;0.29;0.29;0.35
1986;9;29;272;17.6;11.4;5.5;8.3;6.4;4;0.9;0.4;0.14;2.1;2.6;0;521;150;120;81;97780;1.49;0;0.29;0.35
1986;9;30;273;17.1;12.7;8.5;9.2;6.7;5.3;1.2;-2.7;0.14;2.1;2.6;0;429;122;103;67;97630;1.33;0;0.29;0.35
1986;10;1;274;17.7;11.9;7.4;6.9;5.4;4.3;0.3;1.4;0.14;2;2.6;0;509;144;115;81;97529;1.54;0;0.29;0.35
1986;10;2;275;21.2;14.5;9.7;8.9;7.3;4.6;1;1.9;0.14;2;2.6;0;509;145;119;85;97059;1.71;0;0.29;0.35
1986;10;3;276;22.2;15.2;8.7;14;10;7.3;1;-0.7;0.14;2;2.6;0;499;138;110;72;96894;1.51;0;0.29;0.35
1986;10;4;277;17;12.4;8.2;9.5;7.3;4.7;0.2;-2.3;0.14;2;2.6;0;355;107;90;59;97031;1.12;0.01;0.28;0.35
1986;10;5;278;14.6;10.2;5.8;5.6;4.6;3.7;-0.2;-0.7;0.14;1.9;2.6;0;441;127;109;74;97379;1.09;0;0.28;0.35
1986;10;6;279;17.8;11.6;5.9;9.5;7.2;4;0.4;1.4;0.14;1.9;2.6;0;478;130;109;70;97252;1.11;0;0.28;0.35
1986;10;7;280;17.6;13.5;8.8;12.3;10.4;7.6;1;-0.5;0.14;1.9;2.6;0;290;54;58;30;97020;0.52;0.21;0.28;0.35
1986;10;8;281;15.4;12.5;9.6;11.4;9.4;8;1.8;-1.7;0.14;1.9;2.6;0;203;56;75;44;96773;1.07;2.13;0.28;0.35
1986;10;9;282;14.9;11.6;8.8;8.4;7.1;5.9;0.3;-1.1;0.14;1.8;2.6;0;364;95;81;59;96921;0.93;0.04;0.28;0.35
1986;10;10;283;16.3;11;6;7.5;6.3;4.9;0.6;2.1;0.14;1.8;2.6;0;473;128;119;82;96824;1.09;0;0.28;0.35
1986;10;11;284;18.5;12.4;7;9.8;7.8;5.7;0.6;0.4;0.14;1.8;2.6;0;474;128;121;82;96987;1.09;0;0.28;0.35
1986;10;12;285;15.8;12.3;8.9;9.7;8.1;7.2;-0.2;-1.3;0.14;1.8;2.6;0;363;78;71;50;97530;0.75;0.11;0.28;0.35
1986;10;13;286;14.9;10.5;6;7.3;5.8;4;-0.6;2.2;0.14;1.7;2.6;0;463;125;120;86;97712;0.94;0;0.28;0.35
1986;10;14;287;15.7;10.9;7.4;7.9;6.2;4.2;-0.4;2.7;0.14;1.7;2.6;0;446;121;107;83;97474;0.92;0;0.28;0.35
1986;10;15;288;14.3;9.5;5.8;4.2;1.6;-1.6;-0.4;2.6;0.14;1.7;2.6;0;460;123;122;92;97303;1.04;0;0.28;0.35
1986;10;16;289;14.2;9;5.3;1.6;0;-2.2;0.4;2.6;0.14;1.7;2.6;0;462;124;126;95;97307;1.09;0;0.28;0.35
1986;10;17;290;14.4;8;2.2;3.8;2.2;0.4;0.8;-0.7;0.13;1.7;2.6;0;452;119;125;87;97064;0.85;0;0.28;0.35
1986;10;18;291;14.2;8.3;2.8;5.1;3;0.5;0.4;1.1;0.13;1.6;2.6;0;434;116;119;84;96506;0.77;0;0.28;0.35
1986;10;19;292;14.4;9.2;4.5;7.8;4.5;2;0.7;2.4;0.13;1.6;2.6;0;416;103;104;61;95636;0.89;7.13;0.28;0.35
1986;10;20;293;14.2;10.2;8.5;7.8;6.1;3.2;1.6;1.1;0.13;1.6;2.6;0;329;72;87;36;95332;1.59;5.65;0.28;0.35
1986;10;21;294;11.2;8.6;6.2;7.4;-0.2;-3.1;3.7;-1.5;0.13;1.6;2.6;0;447;116;123;84;95590;1.54;0.91;0.29;0.35
1986;10;22;295;12.9;9.9;5.9;7.6;5.8;2.5;1.2;2.5;0.13;1.6;2.6;0;213;34;45;23;95181;1.01;2.96;0.29;0.35
1986;10;23;296;12.5;10;6.8;9.8;6;-0.1;1.5;-0.5;0.13;1.6;2.6;0;64;13;42;26;95015;1.25;11.89;0.29;0.35
1986;10;24;297;9.8;6.3;1.1;1.2;-1;-2.5;1.8;-1.7;0.13;1.6;2.6;0;423;103;111;79;96336;1.05;0;0.3;0.35
1986;10;25;298;9.3;5.3;1.1;2;0.4;-2.1;0.5;3.3;0.13;1.6;2.6;0;319;85;105;74;96130;0.69;0;0.3;0.35
1986;10;26;299;8.1;5.7;2.5;5.3;3.7;1;0.7;-1.3;0.13;1.6;2.6;0;129;34;73;28;96418;0.75;5.64;0.3;0.35
1986;10;27;300;6.6;6;5.4;5;4.7;4.2;1.4;-3.6;0.13;1.6;2.6;0;105;24;19;9;97219;1.23;7.05;0.31;0.35
1986;10;28;301;10.4;6.4;3.4;5.1;4.1;2.5;0.2;0;0.13;1.5;2.6;0;366;88;95;69;97428;0.62;0;0.31;0.35
1986;10;29;302;12.7;7.5;3.3;6.1;4.5;2.4;0.7;1.3;0.13;1.5;2.6;0;376;97;111;66;96906;0.68;0;0.31;0.35
1986;10;30;303;9;8.1;7.2;6.6;5.6;4.8;0.5;-2.5;0.13;1.5;2.6;0;134;27;24;11;96886;0.35;0.17;0.31;0.35
1986;10;31;304;10.8;7.3;4.3;5.1;4.4;3.4;0.6;-0.4;0.12;1.5;2.6;0;203;50;81;42;96710;0.4;0.02;0.31;0.35
1986;11;1;305;12.4;7.7;4.2;4.3;3.5;2.1;1;2;0.12;1.5;2.6;0;272;68;93;54;96285;0.63;0;0.31;0.35
1986;11;2;306;9.7;7.2;5.3;7.3;5.3;3.6;0.8;-0.1;0.12;1.5;2.6;0;140;27;44;26;95817;0.57;5.32;0.31;0.35
1986;11;3;307;5.6;3.5;1.5;3.3;-1.9;-4;0.9;-4.3;0.12;1.5;2.6;0;378;92;117;81;97110;0.96;0.05;0.31;0.35
1986;11;4;308;4.5;2;-0.7;-1.9;-3.1;-3.8;0.7;-2.3;0.12;1.5;2.6;0;234;58;89;61;97379;0.49;0;0.31;0.35
1986;11;5;309;7.5;3.1;0.8;-0.6;-1.9;-3.8;1.8;-1.3;0.12;1.5;2.6;0;361;78;101;69;97229;0.58;0;0.31;0.35
1986;11;6;310;8.9;5.7;1;3.1;0.8;-2.5;2.6;-1.3;0.12;1.4;2.6;0;184;37;79;34;96848;0.46;0.15;0.31;0.35
1986;11;7;311;7.4;4.6;0;1.5;-0.6;-1.7;2.3;-3;0.12;1.4;2.6;0;253;64;88;66;97141;0.62;0;0.31;0.35
1986;11;8;312;10.5;4;-0.6;3.1;0.2;-2.4;0.9;1;0.12;1.4;2.6;0;354;84;111;75;96456;0.52;0;0.31;0.35
1986;11;9;313;9;5.2;2.3;4;2;-0.4;0.5;-0.8;0.12;1.4;2.6;0;256;56;83;52;96997;0.4;0;0.31;0.35
1986;11;10;314;10.1;5.4;2;4.3;3;1.3;0.6;2.3;0.12;1.4;2.6;0;338;76;105;68;97235;0.42;0;0.31;0.35
1986;11;11;315;8.2;3.8;-0.3;5;2;-2;0.3;1.1;0.12;1.4;2.6;0;320;71;94;62;97288;0.27;0;0.31;0.35
1986;11;12;316;10.6;4.1;0;4.7;1.6;-1.1;1;0.3;0.12;1.4;2.6;0;334;76;112;68;97437;0.43;0;0.31;0.35
1986;11;13;317;8.4;4;0.3;4.8;2.2;-1.7;0;2.4;0.12;1.4;2.6;0;344;76;109;55;97276;0.31;0;0.31;0.35
1986;11;14;318;8.8;5.5;3.8;5.2;4.2;3.3;0.9;3.3;0.12;1.4;2.6;0;212;45;89;42;96755;0.18;0;0.3;0.35
1986;11;15;319;12.2;6.7;1.9;7.8;5.2;1.4;1.1;0.6;0.11;1.3;2.6;0;296;63;92;58;96859;0.36;0;0.3;0.35
1986;11;16;320;11.9;5.8;1;7.5;4.1;0.3;0.7;0.2;0.11;1.3;2.6;0;262;61;88;58;97352;0.31;0;0.3;0.35
1986;11;17;321;8;4.8;1.3;6.3;4.2;1.1;0;1.4;0.11;1.4;2.6;0;143;34;47;22;97188;0.17;0.02;0.3;0.34
1986;11;18;322;8.7;5.5;2.3;6.4;4.5;2;0.6;-0.2;0.11;1.4;2.6;0;110;24;47;26;97304;0.1;0.07;0.3;0.34
1986;11;19;323;10.4;4.9;1.1;6.1;3.5;0.7;0.8;1.4;0.11;1.4;2.6;0;290;66;108;69;97102;0.19;0;0.3;0.34
1986;11;20;324;6.8;4.4;2;3.6;2.9;1.7;0.2;2.3;0.11;1.4;2.6;0;177;41;57;39;96598;0.24;0.01;0.3;0.34
1986;11;21;325;5.1;3.4;1.2;2.9;2.2;0.8;-0.5;1.9;0.11;1.4;2.6;0;87;19;48;13;96460;0.15;0.18;0.3;0.34
1986;11;22;326;6.8;4.8;2.8;5.4;3.6;1.9;0.3;3.3;0.11;1.4;2.6;0;158;32;42;19;95808;0.31;1;0.3;0.34
1986;11;23;327;8.4;6.1;3;7.1;5;2.2;0.5;2.4;0.11;1.4;2.6;0.02;139;28;51;23;95231;0.53;13.62;0.3;0.34
1986;11;24;328;5.2;3.3;0.4;2.8;1.3;-1.4;1.5;-2.9;0.14;1.4;2.6;2.06;93;21;74;25;96239;0.95;17.11;0.33;0.34
1986;11;25;329;9.6;3;-1.9;2;-1;-4.8;1.4;0.9;0.14;1.4;2.6;1.72;247;53;82;61;97234;0.39;0;0.33;0.34
1986;11;26;330;8.2;3.4;0.1;4.5;1.2;-2.5;0.4;1.7;0.13;1.4;2.6;1.29;250;54;83;49;97132;0.27;0.01;0.33;0.34
1986;11;27;331;7.9;4.5;1.1;3;1.2;-0.5;1.5;-2.9;0.13;1.4;2.6;0.85;244;40;84;47;97816;0.34;0.08;0.33;0.34
1986;11;28;332;4.5;2.6;1.5;0.9;0.2;-0.3;0.7;-3.1;0.12;1.4;2.6;0.66;201;44;83;54;98195;0.44;0.74;0.33;0.34
1986;11;29;333;5.3;2.3;-0.4;1.6;0.2;-1.6;0.3;1.2;0.12;1.4;2.6;0.6;195;34;78;42;97911;0.19;0.02;0.33;0.34
1986;11;30;334;4.4;0.1;-2.8;-0.2;-2.6;-4.9;0.7;0.4;0.12;1.4;2.6;0.5;244;51;96;64;97818;0.24;0;0.33;0.34
1986;12;1;335;5;-0.6;-3.4;0.2;-3.2;-5.4;0.7;0.8;0.12;1.4;2.6;0.43;272;59;101;70;97525;0.23;0;0.33;0.34
1986;12;2;336;6.7;1.2;-3.8;0.7;-2.9;-7;1;0.4;0.12;1.4;2.6;0.39;274;50;89;41;97504;0.13;0;0.33;0.34
1986;12;3;337;8.1;1.6;-1.9;2.7;-0.9;-3.3;1.4;1.1;0.12;1.4;2.6;0.32;251;50;92;51;97898;0.24;0;0.33;0.34
1986;12;4;338;8.5;1.3;-2.4;3.8;-1.6;-6.2;1.4;0.4;0.12;1.4;2.6;0.23;280;59;111;73;97814;0.2;0;0.33;0.34
1986;12;5;339;7.6;0.9;-2.8;1;-3.9;-8.1;1.3;0.7;0.11;1.4;2.6;0.2;278;59;107;73;97526;0.24;0;0.33;0.34
1986;12;6;340;5.6;-0.1;-3.1;-0.7;-4.6;-8.8;1.1;0.6;0.11;1.4;2.6;0.18;265;56;100;67;96911;0.17;0;0.33;0.34
1986;12;7;341;3.3;0.4;-2.7;-1.7;-4.2;-7.2;-0.2;0.7;0.11;1.4;2.6;0.17;246;52;99;59;97212;0.1;0.06;0.33;0.34
1986;12;8;342;0.1;-1.9;-2.7;-3.2;-3.6;-4.2;-0.5;2.4;0.12;1.4;2.6;0.3;179;34;57;26;97374;0.06;0.38;0.33;0.34
1986;12;9;343;1.3;-1.7;-3.2;-3.4;-4.3;-5.1;-0.2;2.9;0.12;1.4;2.6;0.51;242;45;90;47;97169;0.06;0.05;0.33;0.34
1986;12;10;344;-0.7;-2.2;-3.2;-3.3;-3.7;-4.3;-0.5;0.1;0.12;1.4;2.6;0.53;132;26;53;28;97760;0.02;0.01;0.33;0.34
1986;12;11;345;2.2;-0.5;-2.7;-0.8;-2.2;-3.9;0.3;-0.3;0.12;1.4;2.6;0.55;123;27;45;27;97696;0;0.09;0.33;0.34
1986;12;12;346;2.2;-0.5;-2.4;-1.5;-2.8;-3.6;0.8;-0.6;0.12;1.4;2.6;0.62;173;35;59;42;97237;0.07;0.13;0.33;0.34
1986;12;13;347;0.8;-1.4;-3.1;-2.7;-4.3;-5.6;-0.1;1.6;0.12;1.4;2.6;0.8;212;44;97;53;96439;0.12;0.15;0.33;0.34
1986;12;14;348;1.4;-0.8;-2.7;-1.3;-3.1;-5.5;-0.1;0.7;0.13;1.4;2.6;1.3;93;20;48;19;96245;0.07;2.82;0.33;0.34
1986;12;15;349;-1.5;-3.1;-6.2;-1.9;-3.9;-7.2;0;-0.6;0.34;1.4;2.6;14.72;50;9;45;12;96325;0.04;16.42;0.33;0.34
1986;12;16;350;2.7;-1.3;-5.3;-0.2;-3.3;-7;1.3;1;0.4;1.4;2.6;19.13;97;19;74;32;95688;0.11;0.46;0.33;0.34
1986;12;17;351;1.5;-5.3;-10.2;-3.5;-8.1;-12.2;2;-0.3;0.39;1.4;2.6;18.33;180;38;99;58;96154;0.09;0;0.33;0.34
1986;12;18;352;1.5;-2.9;-10.3;-2.7;-5.7;-12.1;1.7;1.8;0.39;1.4;2.6;17.99;62;14;57;28;95861;0.3;0.96;0.33;0.34
1986;12;19;353;3.6;1.1;-1.4;-0.8;-3.5;-6.5;2.7;1;0.38;1.4;2.6;17.96;83;17;78;36;94291;0.7;3.71;0.33;0.34
1986;12;20;354;1.2;-1.3;-5.6;-5;-5.9;-8.2;3.8;-1.6;0.37;1.3;2.6;17.24;185;39;103;72;94807;0.74;0.18;0.33;0.34
1986;12;21;355;0.4;-3.6;-8.3;-3.7;-6.7;-10.3;2;0.2;0.36;1.3;2.6;17.13;106;21;66;42;95030;0.24;0.45;0.33;0.34
1986;12;22;356;-0.3;-4.4;-7.4;-4.1;-7.1;-11;1.1;-0.8;0.37;1.3;2.6;17.83;110;23;77;38;95310;0.18;2.13;0.33;0.34
1986;12;23;357;-2.3;-5.6;-7.4;-8.9;-10.1;-11.1;2.4;-1.3;0.37;1.3;2.6;18.92;175;33;83;50;95861;0.44;0.43;0.33;0.34
1986;12;24;358;-3.5;-6.7;-9.1;-8.2;-9.6;-11.3;1.2;-2;0.38;1.3;2.6;19.45;157;28;79;43;96728;0.21;1.67;0.33;0.34
1986;12;25;359;-5.8;-10;-19.9;-9.2;-12.6;-22.4;0.6;-2.3;0.38;1.3;2.6;20.63;175;35;89;63;97012;0.11;0.41;0.33;0.34
1986;12;26;360;-5.1;-11.2;-20.6;-7.7;-14.5;-23;1.1;1.3;0.38;1.3;2.6;20.72;183;36;95;32;95798;0.27;0.89;0.33;0.34
1986;12;27;361;0.9;-3.2;-7.6;-3.2;-6.1;-9.6;2.1;-0.6;0.38;1.3;2.6;21.27;156;30;78;48;95538;0.27;0.94;0.33;0.34
1986;12;28;362;2.6;-0.5;-4.5;-1.7;-4;-7.2;3.3;-1.2;0.38;1.3;2.6;21.74;83;16;79;48;95904;0.46;2.08;0.33;0.34
1986;12;29;363;6.3;4.1;1.2;1.3;-0.1;-1.6;3.3;-0.1;0.36;1.3;2.6;19.68;130;23;76;37;95602;0.32;3.36;0.34;0.34
1986;12;30;364;8.4;4.2;1;2.3;0.5;-0.4;2.4;0.6;0.31;1.3;2.6;13.63;174;36;73;48;95689;0.22;0.16;0.35;0.34
1986;12;31;365;6.7;2.3;-0.4;2.2;-0.1;-2.6;1.4;0.9;0.27;1.3;2.6;10.55;207;42;85;48;95665;0.11;0.09;0.35;0.34
1987;1;1;1;7.5;3.3;-0.3;2.5;0.7;-2.7;1.7;0.2;0.23;1.3;2.6;8.69;166;34;62;32;95739;0.14;4.64;0.35;0.34
1987;1;2;2;6;3.1;0.6;2.7;0.5;-2;2;0;0.21;1.3;2.6;6.78;101;17;73;33;94858;0.27;1.38;0.36;0.34
1987;1;3;3;1.3;-3.9;-5.2;-1.3;-10.3;-12.4;1.4;-4.5;0.21;1.3;2.6;7.07;243;52;108;74;95760;0.77;1.17;0.36;0.34
1987;1;4;4;-1.7;-3.4;-5.2;-8.5;-10.2;-11.1;1.6;-2.6;0.21;1.2;2.6;7.2;200;43;93;66;96799;0.31;0.37;0.36;0.34
1987;1;5;5;0.6;-2.2;-5.7;-3.6;-7.3;-11.6;1.2;2;0.22;1.2;2.6;7.88;103;19;62;27;95793;0.26;1.94;0.36;0.34
1987;1;6;6;4.3;-0.1;-2.7;-2;-4.1;-5.5;2.4;-0.3;0.24;1.2;2.6;8.23;181;36;92;61;94908;0.32;0.91;0.36;0.34
1987;1;7;7;-1.1;-5.9;-10.1;-2.4;-10.7;-16.5;1.4;-4.8;0.27;1.2;2.5;9.86;178;39;91;64;95874;0.59;1.84;0.36;0.34
1987;1;8;8;-7.2;-9.8;-15;-15;-16.3;-19.3;1.6;-3.7;0.26;1.2;2.5;9.69;215;47;92;83;96711;0.41;0;0.36;0.34
1987;1;9;9;-0.7;-5;-14.3;-7.6;-10.4;-19;1.7;0.7;0.29;1.2;2.5;10.77;153;28;71;32;95702;0.3;2.1;0.36;0.34
1987;1;10;10;-3.9;-6;-8.2;-6.2;-7.9;-10.1;-0.8;-0.7;0.32;1.2;2.5;12.1;125;25;37;17;95340;0.17;4.61;0.36;0.34
1987;1;11;11;-8.6;-13.7;-15.9;-10.5;-16.9;-19.7;2.1;-5.6;0.4;1.2;2.5;23.37;54;11;5;1;94996;0.29;15.33;0.36;0.34
1987;1;12;12;-14.3;-18;-27.5;-20;-22.6;-30.1;2.3;-3.3;0.41;1.2;2.5;34.98;165;35;86;38;95314;0.2;5.16;0.36;0.34
1987;1;13;13;-13.8;-20.8;-29.3;-17.4;-23.6;-32;0.1;1;0.41;1.2;2.5;35.8;184;38;56;32;95863;0.03;0.16;0.36;0.34
1987;1;14;14;-10.7;-14.7;-19.7;-12.4;-17.3;-21.9;0.2;-0.3;0.41;1.2;2.5;37.37;121;24;38;12;95853;0.07;11.12;0.36;0.34
1987;1;15;15;-4.6;-7.2;-10.5;-5.4;-8.5;-12.1;0.2;-0.1;0.41;1.2;2.5;52.31;83;13;31;4;95263;0.02;7.64;0.36;0.34
1987;1;16;16;-1.2;-4;-7;-2.9;-5.1;-8.3;0.1;-0.1;0.41;1.2;2.5;54.62;148;29;50;17;96426;0.06;0.09;0.36;0.34
1987;1;17;17;-3.6;-4.4;-5.7;-4.4;-5.7;-7.4;0.8;-2;0.41;1.2;2.5;54.67;53;12;27;7;97408;0.16;0.29;0.36;0.34
1987;1;18;18;-4;-5.1;-6.4;-5;-6.6;-8.1;0.8;-1.8;0.41;1.2;2.5;58.25;58;12;19;4;97330;0.15;6.81;0.36;0.34
1987;1;19;19;-1;-3.6;-5.9;-2.8;-4.9;-7.4;0.9;-1.6;0.41;1.2;2.5;62.02;94;20;76;32;97132;0;0.81;0.36;0.34
1987;1;20;20;-3.2;-6.4;-10.6;-6.1;-8.1;-12.4;0.8;-1.6;0.4;1.2;2.5;62.28;197;41;84;52;97634;-0.02;0;0.36;0.34
1987;1;21;21;-2.5;-8.5;-12.5;-7.6;-11.5;-15.2;1;-0.1;0.4;1.2;2.5;62.21;201;45;97;54;97905;0.06;0;0.35;0.34
1987;1;22;22;-2.4;-7;-13.8;-4.9;-10.2;-16.3;1;-1;0.4;1.1;2.5;62.19;134;29;43;20;97674;0.05;0.15;0.35;0.34
1987;1;23;23;2.4;-0.3;-3.7;-1;-2.8;-5.1;1.8;-0.5;0.4;1.1;2.5;62.77;70;16;31;10;97036;0.18;2.35;0.35;0.34
1987;1;24;24;1.9;-1.6;-8;-0.2;-3.8;-9.2;1.1;-3.3;0.39;1.1;2.5;64.59;215;43;98;50;97309;0.42;3.6;0.36;0.34
1987;1;25;25;2.3;-3.7;-9.6;-1.6;-5.9;-11.1;1.4;1;0.39;1.1;2.5;64.91;192;43;93;50;96971;0.06;0.01;0.36;0.34
1987;1;26;26;1;-2.5;-7;-2.3;-5.4;-9.1;2;-0.8;0.38;1.1;2.5;65.8;101;22;79;32;95373;0.17;3.35;0.36;0.34
1987;1;27;27;-1.6;-4.7;-9.6;-5.2;-7.7;-12.2;0.6;0.6;0.39;1.1;2.5;67.92;223;49;97;68;95543;0.15;0.04;0.36;0.34
1987;1;28;28;0;-4.3;-9;-4.1;-7;-11.3;1.3;0.3;0.38;1.1;2.5;67.85;180;39;75;47;94827;0.07;0.16;0.36;0.34
1987;1;29;29;-2.2;-6.1;-10.3;-6.7;-9.7;-12.9;1.7;-1.8;0.38;1.1;2.5;68.02;242;56;104;74;95352;0.21;0.36;0.36;0.34
1987;1;30;30;-9.9;-13.3;-20.2;-13.6;-16.6;-21.9;0.7;-1.4;0.38;1.1;2.5;67.98;253;60;105;82;96777;0.13;0.02;0.36;0.34
1987;1;31;31;-8.9;-16.1;-21.6;-14.8;-19.3;-23.3;0.1;2.4;0.38;1.1;2.5;67.89;261;60;101;65;97035;0.11;0;0.35;0.35
1987;2;1;32;-6.8;-13.5;-21.6;-11;-16.6;-24.5;0.2;0.6;0.38;1.1;2.5;67.83;256;61;100;62;97165;0.05;0;0.35;0.35
1987;2;2;33;-4.3;-10.2;-14.8;-9.4;-12.8;-16.7;-0.3;2.1;0.38;1.1;2.5;67.76;239;56;90;52;97013;0.1;0;0.35;0.35
1987;2;3;34;-4.4;-8.5;-12.8;-7.7;-10.6;-14.5;-0.2;1.8;0.37;1.1;2.5;67.68;196;43;58;41;96947;0.05;0;0.35;0.35
1987;2;4;35;-1.3;-7.2;-12.7;-4.7;-9.4;-15;0.3;0.4;0.37;1.1;2.5;67.61;245;57;89;48;97241;0.07;0;0.35;0.35
1987;2;5;36;-1;-6.1;-9.4;-4;-7.4;-10.4;0.2;0.5;0.37;1.1;2.5;67.53;257;55;84;41;97208;0.12;0;0.35;0.35
1987;2;6;37;1.7;-3.9;-9.1;-2.3;-6.1;-10.3;0.9;1.1;0.37;1.1;2.5;67.41;261;61;98;49;96841;0.18;0;0.35;0.35
1987;2;7;38;4.3;1.4;-1.7;0.8;-1.4;-3.8;1.9;-0.9;0.36;1.1;2.5;66.94;73;17;81;27;96136;0.11;1.26;0.35;0.35
1987;2;8;39;3;0;-3.1;-0.7;-3.5;-5.6;1.3;-0.7;0.36;1.1;2.5;65.76;270;64;100;60;96730;0.55;1.41;0.36;0.35
1987;2;9;40;6.5;3.6;0.3;3.1;1.3;-0.7;1.9;-0.1;0.36;1.1;2.5;60.6;176;32;41;23;96192;-0.26;1.73;0.36;0.35
1987;2;10;41;5.2;0.8;-2.2;1.6;-0.7;-3.2;0.6;0.3;0.35;1.1;2.5;54.35;233;59;78;47;95400;-0.08;0.25;0.37;0.35
1987;2;11;42;7;3.3;-0.6;3.9;1.8;-1.4;0.4;2.7;0.35;1.1;2.5;48.73;223;55;67;38;95052;-0.44;0.76;0.37;0.35
1987;2;12;43;7.8;4.2;2.3;3.9;2.7;1.6;0.7;3.5;0.35;1.1;2.5;36.04;289;68;95;61;94984;-0.56;0.05;0.39;0.35
1987;2;13;44;8.2;4.2;1.7;5.5;3.2;1.2;0.5;2.3;0.31;1.1;2.5;24.59;241;50;44;30;95348;-0.37;1.24;0.4;0.35
1987;2;14;45;6.5;3.4;1.4;4.3;2.7;1.3;-0.4;0.8;0.27;1.1;2.5;17.56;238;48;52;8;95392;0.03;1.14;0.4;0.35
1987;2;15;46;4.4;2.9;1.9;3.5;2.6;1.8;0;-0.4;0.23;1.1;2.5;13.3;89;22;10;0;95175;0.02;1.06;0.41;0.35
1987;2;16;47;4.5;2.5;0.5;2.1;0.7;-0.2;0.7;-2.1;0.21;1.1;2.5;10.47;147;33;34;13;95184;0.45;2.71;0.41;0.35
1987;2;17;48;1.6;0.7;0.1;-0.3;-0.8;-1.6;0.7;-2.3;0.23;1.1;2.5;11.7;82;21;18;9;95363;0.4;4.18;0.41;0.35
1987;2;18;49;2.9;1;-1.4;2.3;0.4;-2.3;0.2;0.7;0.28;1.1;2.5;13.85;88;17;68;11;95334;-0.01;3.11;0.41;0.35
1987;2;19;50;2.9;0.5;-3;1.5;-0.5;-3.9;-0.6;-0.4;0.26;1.1;2.5;12.13;184;42;63;20;95686;0.22;4.64;0.41;0.35
1987;2;20;51;4.8;3;1.4;4.3;2.8;1.3;-1.9;-0.8;0.25;1.1;2.5;10.84;52;11;22;1;95271;-0.16;20.69;0.42;0.35
1987;2;21;52;6.8;2.8;-3.4;3.2;-1.6;-6.4;0.8;3.2;0.22;1.1;2.5;8.16;406;104;110;72;95458;0.89;0.12;0.43;0.36
1987;2;22;53;5.2;-0.3;-4.8;-1.2;-4.3;-7.4;0.9;-0.8;0.19;1.1;2.5;6.47;345;82;86;59;95948;0.44;0.05;0.42;0.36
1987;2;23;54;1.9;-1.7;-4.6;-3;-7.5;-11.6;1.3;-3.2;0.19;1.1;2.5;6;219;66;97;66;96201;0.55;0.61;0.42;0.36
1987;2;24;55;-1.8;-4.9;-7.7;-11.3;-12.7;-14.2;-0.4;-1.1;0.19;1.1;2.5;5.93;444;119;127;97;96951;0.28;0;0.41;0.36
1987;2;25;56;-0.2;-4.7;-8.3;-10.8;-12.6;-14.6;0.2;2.7;0.19;1.1;2.5;5.77;409;112;113;86;96751;0.23;0;0.41;0.37
1987;2;26;57;3.3;-2.1;-6.6;-5.9;-8.7;-12.4;-0.3;1.6;0.18;1.2;2.5;5.35;452;119;124;76;97013;0.18;0.08;0.41;0.37
1987;2;27;58;1.7;-0.3;-2;-1.9;-4.5;-6.5;0.2;3.1;0.2;1.2;2.5;6.27;175;49;43;20;96838;0.26;3.52;0.41;0.37
1987;2;28;59;5.2;2.8;-0.1;4.1;1.6;-1.9;0.9;-0.3;0.22;1.2;2.5;7.31;88;22;18;9;95846;-0.05;7.78;0.41;0.37
1987;3;1;60;3.3;0.5;-3.5;2.8;-0.8;-7;-0.3;-2;0.21;1.2;2.5;6.48;139;37;39;15;96531;0.49;5.76;0.41;0.37
1987;3;2;61;-4.2;-6.2;-7.4;-7.1;-8.8;-10.7;-0.9;-0.5;0.33;1.2;2.5;14.79;91;23;14;7;95697;0.3;15.49;0.41;0.37
1987;3;3;62;-7.5;-11.1;-13.9;-8.6;-15.8;-18.8;0.9;-4;0.41;1.2;2.5;25.8;340;86;99;60;96255;0.41;1.57;0.41;0.37
1987;3;4;63;-6.7;-13.3;-21.2;-12.5;-17.6;-23.2;1;-1.2;0.4;1.2;2.5;25.61;361;97;105;77;96844;0.32;0;0.41;0.37
1987;3;5;64;-7.2;-14.2;-24.6;-12.8;-17.9;-27.1;1.4;-1.7;0.4;1.2;2.5;25.37;289;84;98;59;97067;0.31;0.11;0.4;0.37
1987;3;6;65;-5.7;-9.5;-14;-11.4;-13.8;-17;1.5;-3.5;0.4;1.2;2.5;25.19;334;92;91;69;97261;0.47;0.38;0.4;0.37
1987;3;7;66;-6.7;-9.1;-11.5;-10.9;-13;-14.8;1.8;-3.9;0.4;1.2;2.5;25.57;264;70;76;45;96931;0.48;1.77;0.4;0.37
1987;3;8;67;-5.8;-9.8;-14.8;-10.8;-13.1;-16.6;0.7;-2.1;0.4;1.2;2.5;26.45;357;97;92;65;97065;0.26;0.11;0.4;0.38
1987;3;9;68;-4.8;-8.2;-13.7;-8.3;-11.2;-15.7;1.2;-3.5;0.4;1.2;2.5;26.51;292;76;67;43;96867;0.39;1.03;0.4;0.38
1987;3;10;69;-3.6;-6.1;-9.6;-6.1;-8.6;-11.5;1;-3.2;0.4;1.3;2.5;27.8;186;53;69;36;97031;0.26;2.82;0.4;0.38
1987;3;11;70;-1;-6.5;-12.4;-5.5;-9.6;-13.9;0.5;-0.6;0.4;1.3;2.5;29.07;369;98;98;65;97312;0.39;0;0.39;0.38
1987;3;12;71;-3.4;-9.3;-15.9;-9.7;-13.1;-17.3;1.2;-2.2;0.39;1.3;2.5;28.47;392;112;108;71;97257;0.46;0;0.39;0.38
1987;3;13;72;-2.8;-9.9;-17.1;-7.9;-14.1;-20.2;1;-0.8;0.39;1.3;2.6;28.05;403;116;117;75;96977;0.44;0;0.39;0.38
1987;3;14;73;-1.6;-8.8;-17.1;-6.4;-12.3;-19.6;0.7;-1;0.39;1.3;2.6;27.28;380;106;109;60;96769;0.51;0.08;0.39;0.38
1987;3;15;74;0.1;-7.2;-16.4;-6;-11.6;-19;1;-0.3;0.38;1.3;2.6;26.53;393;109;104;65;96522;0.59;0;0.39;0.38
1987;3;16;75;2.2;-2.6;-6.7;-2.2;-6.6;-11;1.2;1;0.38;1.3;2.6;26.18;335;92;96;55;95491;0.44;2.86;0.39;0.38
1987;3;17;76;1.7;-2.3;-6;-4;-6.7;-8.8;1.2;-0.8;0.38;1.3;2.6;26.22;395;104;103;55;95796;0.63;2.26;0.39;0.38
1987;3;18;77;6.3;1.1;-2.4;-1.7;-2.9;-4;0.7;2.2;0.38;1.4;2.6;26.77;375;87;88;46;95236;0.38;1.62;0.39;0.38
1987;3;19;78;2.8;-0.3;-5.3;0.2;-2.2;-7.4;0.3;0.8;0.37;1.4;2.6;23.43;212;53;69;34;94911;0.05;3.27;0.4;0.38
1987;3;20;79;2.3;-0.4;-2.7;-1;-2.8;-5;1.1;-1.2;0.37;1.4;2.6;24.12;201;51;76;38;94859;0.29;3.89;0.4;0.38
1987;3;21;80;4.4;-0.9;-8;-5.4;-6.8;-10.3;1.1;1.5;0.36;1.4;2.6;22.12;451;133;128;89;96113;0.69;0.09;0.4;0.38
1987;3;22;81;6.5;-0.2;-6.3;-1.1;-4.8;-8.4;0.6;1.9;0.33;1.4;2.6;18.05;469;139;116;78;96346;0.48;0;0.4;0.38
1987;3;23;82;6.1;0.3;-5.5;-2.4;-5.2;-7.5;1.1;-2;0.29;1.5;2.6;13.95;473;144;120;71;96515;0.66;0;0.4;0.38
1987;3;24;83;9.9;3.7;-3.9;1.6;-1.2;-6.6;1.2;1;0.26;1.5;2.6;9.89;333;93;77;32;95999;0.42;0.08;0.41;0.38
1987;3;25;84;13.8;7.1;1.6;4;2;0.1;0.5;1.2;0.2;1.5;2.6;5.55;539;154;112;54;95731;1.08;0;0.41;0.38
1987;3;26;85;14.3;7.6;1.1;9.3;4.2;-0.4;0.9;-0.2;0.17;1.5;2.6;2.6;475;115;86;34;96001;0.77;0.96;0.41;0.38
1987;3;27;86;13;8.3;3.9;6.2;4.7;3.2;1;1.7;0.15;1.5;2.6;1.12;409;109;95;41;96076;1.03;0.07;0.41;0.38
1987;3;28;87;14.6;8.7;4.4;6.9;4.4;2.2;1.7;1.7;0.14;1.6;2.6;0.37;505;122;79;38;94887;1.33;9.16;0.41;0.38
1987;3;29;88;8.2;5.2;3;2.5;0.4;-1.9;1.4;-2.7;0.14;1.6;2.6;0.33;294;76;76;38;95049;1.54;4.72;0.42;0.38
1987;3;30;89;5.4;3;1.1;-0.9;-4.3;-6.1;0.8;-6;0.14;1.6;2.6;0.29;343;100;78;52;96255;1.12;0.37;0.41;0.38
1987;3;31;90;2;0.8;-0.1;-0.8;-2.5;-5.2;2.1;-5.7;0.2;1.6;2.6;5.23;265;69;37;22;96309;1.15;13.2;0.41;0.39
1987;4;1;91;5.2;2.4;0.1;0.6;-0.6;-1.4;0.7;-3.2;0.3;1.6;2.6;11.59;264;80;49;22;95804;1.02;4.67;0.41;0.39
1987;4;2;92;3.8;2.4;1.4;2.6;1.4;0.5;1;-1.8;0.27;1.7;2.6;9.81;106;28;12;7;94892;0.35;10.58;0.42;0.39
1987;4;3;93;10.8;5.7;1.2;3.3;2.2;0.8;0.4;3.7;0.23;1.7;2.6;6.84;322;91;78;36;95457;0.94;0.04;0.42;0.39
1987;4;4;94;16.2;10.3;3.6;5.9;4.6;2.4;0.6;4.4;0.17;1.7;2.6;2.31;612;191;109;84;95384;1.87;0;0.42;0.39
1987;4;5;95;14.6;10;2.9;5;2.6;0.1;1.8;1.4;0.15;1.7;2.6;0.43;561;176;114;86;95462;2.09;0.42;0.42;0.39
1987;4;6;96;13.9;8.1;1.7;2.7;1.4;-1.5;2.3;-1;0.15;1.7;2.6;0.2;632;167;118;69;95966;1.84;0.09;0.41;0.39
1987;4;7;97;15.8;9.3;2.3;5.3;3.1;0.9;0.8;0.2;0.15;1.8;2.6;0.08;580;183;116;81;96266;2.05;0.29;0.41;0.39
1987;4;8;98;17.4;10.6;2.2;8.5;5.5;0.4;0.1;0.6;0.15;1.8;2.6;0.01;626;188;118;74;95713;2.03;0;0.41;0.39
1987;4;9;99;16;11.4;7.9;11.2;9;6.7;-0.2;0.3;0.15;1.8;2.6;0;436;127;79;46;95446;1.38;1.56;0.4;0.39
1987;4;10;100;12.7;9.6;6.5;9.2;6.9;5.2;1.2;-1.2;0.15;1.8;2.6;0;343;82;62;36;95140;1.7;4.67;0.4;0.39
1987;4;11;101;8.6;7;5;5;2.6;0.1;2.1;-4.5;0.15;1.8;2.6;0;168;53;41;32;95525;1.65;3.01;0.4;0.4
1987;4;12;102;12.6;8.1;2.6;3.2;1.5;-2;1.2;-2.8;0.15;1.9;2.6;0;570;185;105;75;95759;2.22;0.5;0.4;0.4
1987;4;13;103;7.6;5.9;4.3;4.2;1.7;-1.6;1.5;-4.7;0.15;1.9;2.6;0;297;101;81;44;96512;2.01;3.48;0.4;0.4
1987;4;14;104;10;6.7;3.8;2.4;1.2;0.1;0.3;-4.4;0.15;1.9;2.6;0;480;160;97;64;97146;1.98;0.66;0.4;0.4
1987;4;15;105;9;6.2;3.5;1.8;0.3;-0.8;0.2;-3.8;0.15;1.9;2.6;0;462;149;76;56;97257;1.8;0.62;0.4;0.4
1987;4;16;106;10.7;6.9;1.2;6.3;3.9;-0.4;1.2;-1.9;0.15;2;2.6;0;350;100;76;43;97092;1.38;2.38;0.39;0.4
1987;4;17;107;14.3;9.5;5.4;7.5;5.5;3.6;0.9;-1.2;0.15;2;2.6;0;486;141;87;52;97015;1.89;0.63;0.39;0.4
1987;4;18;108;17.6;11.4;3.9;6.6;4.7;2.1;1.5;-2.2;0.15;2;2.6;0;608;186;102;71;96703;2.43;0;0.39;0.4
1987;4;19;109;15.9;10.8;4.8;8.8;5.4;1.7;-0.5;0.4;0.15;2.1;2.7;0;610;197;102;73;96797;2.25;0.1;0.39;0.4
1987;4;20;110;17.7;11.7;5.6;10.6;8.3;4.9;1.1;0.4;0.15;2.1;2.7;0;480;125;87;42;96283;1.94;5.31;0.39;0.4
1987;4;21;111;11.4;9;5.9;7.9;4;2;2.5;-3;0.15;2.1;2.7;0;400;142;99;56;96192;2.21;1.48;0.39;0.4
1987;4;22;112;10.4;7;3.8;5.5;3.1;-0.3;1.2;-4.1;0.15;2.2;2.7;0;593;170;84;65;97019;2.41;3.12;0.39;0.4
1987;4;23;113;12.9;7.3;1.2;4.5;1.4;-1.2;-0.1;-0.5;0.15;2.2;2.7;0;650;222;123;92;97516;2.41;0;0.39;0.4
1987;4;24;114;15.6;9.5;1.7;7.5;4.1;0.5;0.2;0.8;0.16;2.2;2.7;0;654;202;117;80;97022;2.37;0.09;0.38;0.4
1987;4;25;115;18.9;12.2;3.4;9.8;6.2;2;0.4;0.2;0.16;2.3;2.7;0;692;219;128;82;96391;2.81;0.03;0.38;0.4
1987;4;26;116;16.8;11.8;7;10.3;6.8;1.2;1.6;-2.1;0.16;2.3;2.7;0;617;183;92;58;96167;3.15;5.32;0.38;0.4
1987;4;27;117;9.9;6.8;3.1;0.8;-0.9;-3;-0.7;-3.5;0.16;2.3;2.7;0;615;202;112;81;97083;2.54;0;0.38;0.4
1987;4;28;118;11.3;6.4;0.6;3.2;0;-3;-0.1;-1;0.16;2.4;2.7;0;686;238;131;97;97815;2.54;0;0.37;0.39
1987;4;29;119;15.7;10;2.3;4.9;2.4;0;0.1;2.8;0.16;2.4;2.7;0;695;238;119;87;97651;3.05;0;0.37;0.39
1987;4;30;120;17.6;12.4;7;6.8;4.2;1.5;0.1;2.9;0.16;2.4;2.7;0;700;240;121;92;96912;3.34;0;0.37;0.39
1987;5;1;121;20.4;14.4;5.9;11.7;8.4;3.6;0.4;-0.5;0.16;2.5;2.7;0;689;230;121;81;96344;3.08;0.01;0.36;0.39
1987;5;2;122;21.2;15.8;9.4;12.5;9.8;7.4;0.8;-0.6;0.16;2.5;2.7;0;651;197;101;66;95939;2.96;1.17;0.36;0.39
1987;5;3;123;19.8;14.3;8.3;13;10.5;4.3;0.3;0.3;0.16;2.6;2.7;0;625;176;105;62;95387;2.87;7.21;0.36;0.39
1987;5;4;124;13.6;9.5;7.1;10.6;6;2;-0.3;-1.6;0.16;2.6;2.7;0;481;111;84;26;95566;2.08;20.59;0.36;0.39
1987;5;5;125;15.1;11.9;9.1;13;10.5;8.6;-0.3;0.1;0.16;2.6;2.7;0;412;119;77;32;95968;2.16;10.27;0.38;0.39
1987;5;6;126;14.1;11;7.5;10.6;8.5;4.3;1.2;-5;0.16;2.7;2.7;0;322;104;45;24;95730;2.25;3.68;0.39;0.39
1987;5;7;127;11.2;8.3;5.7;4.5;3.8;2.7;2.6;-7.2;0.16;2.7;2.7;0;479;160;92;45;95849;3.4;3.87;0.39;0.39
1987;5;8;128;12.1;8.9;5.9;3.4;0.8;-1.5;1.4;-4.8;0.16;2.7;2.7;0;573;187;98;70;96406;2.88;0.23;0.38;0.39
1987;5;9;129;16.4;11.3;6.9;7.4;4.2;1;1.5;-2.4;0.16;2.8;2.7;0;468;180;101;73;96404;2.84;0.01;0.38;0.39
1987;5;10;130;21.3;14.4;5.5;8.8;6.7;3.7;1.4;2.1;0.16;2.8;2.7;0;719;248;125;90;95822;3.96;0.15;0.38;0.39
1987;5;11;131;13.8;11.2;8;9.3;7.7;6.2;0.5;-0.4;0.17;2.8;2.8;0;465;123;67;46;95828;2.29;5.07;0.38;0.39
1987;5;12;132;17.6;12.8;7.1;10.3;8.2;6.1;0.9;3.1;0.17;2.9;2.8;0;678;218;102;71;95423;3.29;0.53;0.38;0.39
1987;5;13;133;12.7;9.5;6.1;11.1;7.6;4.4;1;0.4;0.17;2.9;2.8;0;134;49;68;25;95061;1.63;29.19;0.38;0.39
1987;5;14;134;11.5;7.4;5.4;4.2;2.5;-0.5;1.3;-1.4;0.17;2.9;2.8;0;440;122;106;48;95773;2.71;2.79;0.4;0.39
1987;5;15;135;14.6;10.4;5;7.5;4.2;2.1;0;3.7;0.17;3;2.8;0;667;199;101;71;95739;2.93;0.02;0.39;0.39
1987;5;16;136;13.3;9.6;6.7;10.3;7.3;3.3;0.7;-0.4;0.17;3;2.8;0;444;91;55;28;95558;2.26;11.69;0.4;0.39
1987;5;17;137;14.7;10.3;2.5;7.9;4.8;1.2;0.5;2.5;0.17;3;2.8;0;649;194;116;76;96469;2.92;0.04;0.4;0.39
1987;5;18;138;19.8;14;9.9;10.9;9.2;8.1;1;4.2;0.17;3;2.8;0;689;195;100;66;95915;3.09;0.18;0.39;0.39
1987;5;19;139;19.4;14.5;8.5;12.6;10.2;7;0.1;0;0.17;3;2.8;0;671;227;111;77;95815;3.35;2.52;0.39;0.39
1987;5;20;140;14.6;11.9;9.3;10.4;8.3;6.2;2.3;-2.4;0.17;3;2.8;0;451;126;71;38;95781;2.48;2.88;0.39;0.39
1987;5;21;141;8.7;7.3;5.9;5.3;2.5;0.3;2.3;-5.1;0.17;3;2.8;0;296;95;52;35;95734;2.43;2.7;0.39;0.39
1987;5;22;142;7.2;5.7;4.3;3.6;2.9;1.9;3.9;-4.5;0.17;3;2.8;0.05;270;75;35;17;95465;3.71;14.32;0.4;0.39
1987;5;23;143;8.3;7;5.8;6.1;4.6;3.3;3.5;-2.7;0.17;3;2.8;0.03;156;37;28;7;95778;2.72;11.32;0.41;0.39
1987;5;24;144;15.7;11.7;6.8;9.9;7;4.1;1.1;-1.5;0.17;3;2.8;0;475;174;85;55;96046;2.64;0.26;0.41;0.39
1987;5;25;145;17.1;13;8;10.9;9;6.4;0.8;-1.8;0.17;3;2.8;0;616;205;91;64;96358;2.94;3.4;0.4;0.39
1987;5;26;146;16.5;12.9;9.2;9.6;8.6;7.5;0.1;-1.3;0.17;3;2.8;0;532;191;89;63;96453;3.19;0.92;0.4;0.39
1987;5;27;147;18.8;14;8.1;13.5;11;6.7;0.2;0.8;0.17;3;2.8;0;598;191;88;55;96103;2.77;7.52;0.4;0.39
1987;5;28;148;17.6;14;10.8;10.8;9.6;8.6;1.5;-1.1;0.17;3;2.8;0;549;151;80;48;96123;2.97;6.08;0.41;0.39
1987;5;29;149;17.2;13.7;9.9;10.5;8.6;7.1;0.5;-1.7;0.17;3;2.8;0;573;184;88;61;96422;2.99;0.5;0.4;0.39
1987;5;30;150;14.4;11.6;8.3;7.6;6.3;5.3;2.2;-3.9;0.17;3;2.8;0;647;207;95;69;96598;3.31;1.11;0.4;0.39
1987;5;31;151;13.1;10.8;7.7;9.3;7.3;5.2;0.5;-1.4;0.17;3;2.8;0;292;103;73;41;96456;1.57;0.69;0.4;0.39
1987;6;1;152;15.2;12.1;8.8;10.9;9.5;7.8;1.1;-0.8;0.17;3;2.8;0;243;91;69;34;96447;1.7;2.99;0.4;0.39
1987;6;2;153;18.8;14.2;8.8;10.3;7.7;5.3;1.4;-1.1;0.17;3;2.8;0;552;217;101;74;96490;3.6;0.26;0.39;0.39
1987;6;3;154;19.2;14.4;8.3;12.6;10.3;6.9;0.5;0.4;0.17;3;2.8;0;453;134;66;45;96078;2.13;2.08;0.39;0.39
1987;6;4;155;20.7;15.6;9.9;14.2;12.1;9.2;0.9;1.4;0.17;3;2.8;0;598;188;87;50;95480;3.68;11.32;0.39;0.39
1987;6;5;156;16.5;13.1;10.4;9.5;8.2;7.3;3;-2.4;0.17;3;2.8;0;339;115;78;41;95677;3.23;3.6;0.4;0.39
1987;6;6;157;21.9;16.2;9.7;13;9.3;7.3;1;0;0.17;3;2.8;0;605;227;105;77;96410;3.75;0.14;0.4;0.39
1987;6;7;158;24.3;19.3;11.1;14.2;12.4;9.5;0.5;2.5;0.17;3;2.8;0;702;255;109;75;96174;4.59;0;0.39;0.39
1987;6;8;159;25.4;18.8;12.6;14.6;12.2;7.5;1.2;0.8;0.17;3;2.8;0;689;238;95;65;95497;4.57;0.48;0.39;0.39
1987;6;9;160;20.1;15.6;12;15.8;11.5;7.2;0.1;0.4;0.17;3;2.8;0;615;158;81;45;95572;2.76;1.52;0.38;0.39
1987;6;10;161;22;16.8;11.8;12.8;10.7;7.2;0.8;0.3;0.17;3;2.8;0;661;215;109;67;95971;3.99;0.5;0.38;0.39
1987;6;11;162;21.9;17.3;12.1;13.1;11.2;10.1;0;0.3;0.17;3;2.8;0;640;225;106;77;96645;3.82;0.21;0.38;0.39
1987;6;12;163;23.7;18.5;11.6;14.7;12.7;9.8;0;1.6;0.17;3;2.8;0;644;241;99;77;96517;4.07;0.02;0.37;0.39
1987;6;13;164;25.1;20.3;14.1;15.6;14.4;12.3;-0.1;1.2;0.17;3;2.8;0;662;241;101;73;96124;4.22;0.03;0.37;0.39
1987;6;14;165;25.5;21.1;15.2;18.5;15.5;13.3;0.1;-0.5;0.17;3;2.8;0;643;229;96;66;95846;4.03;0.22;0.36;0.39
1987;6;15;166;27.5;21.5;14.8;17;14.8;13.4;1.3;3.2;0.17;3;2.8;0;662;221;96;67;95224;4.39;4.07;0.36;0.39
1987;6;16;167;16.6;13.8;10.8;13.6;7.9;5.7;2.7;-1.7;0.17;3;2.8;0;486;166;79;45;95611;4.12;19.25;0.37;0.39
1987;6;17;168;16.1;11.9;6.9;8.2;6.5;5.7;1.8;-1.5;0.17;3;2.8;0;591;204;107;64;96324;3.63;1.88;0.37;0.39
1987;6;18;169;16.4;11.4;5.1;8.6;6.1;4;1.3;0.2;0.17;3;2.8;0;615;185;101;67;96029;3.08;2.28;0.37;0.39
1987;6;19;170;16.7;13;8.1;9.9;7.9;5.9;-0.2;2.3;0.17;3;2.8;0;578;206;91;63;95829;3.41;1.06;0.37;0.39
1987;6;20;171;16.7;14.1;11;11.8;10.6;9.7;-0.1;1.4;0.17;3;2.8;0;381;139;61;49;95514;2.29;2.95;0.37;0.39
1987;6;21;172;15.4;13.3;11.6;11.9;11.1;10.2;1.6;-2.6;0.17;3;2.8;0;237;81;66;27;95992;2.31;11.78;0.37;0.39
1987;6;22;173;13.7;12.5;11.8;11.3;10.3;8.6;2.2;-3.5;0.17;3;2.8;0;241;58;57;22;96541;2.6;15.04;0.38;0.39
1987;6;23;174;20.3;16.2;12.2;12;9.9;8.7;1.3;-1.9;0.17;3;2.8;0;603;191;94;57;96744;3.48;0.04;0.38;0.39
1987;6;24;175;20.7;15.9;10.5;15.3;12.7;9.2;0.5;0.4;0.16;3;2.8;0;635;188;92;53;96502;3.24;13.33;0.38;0.39
1987;6;25;176;20;16.1;11.3;12.7;11.1;9;1.1;-0.6;0.16;2.9;2.8;0;560;199;95;63;96555;3.5;0.25;0.39;0.39
1987;6;26;177;22.6;18.4;13.1;17;14.2;11.5;0.4;3.3;0.16;2.9;2.8;0;549;181;75;50;96323;3.42;1.33;0.39;0.39
1987;6;27;178;21.2;17.9;15;13.1;12.4;11.4;1.2;-2.6;0.16;2.9;2.8;0;548;199;85;58;96582;3.59;0.03;0.38;0.39
1987;6;28;179;23.5;19.3;14.4;15.3;13;11;0.9;-1.9;0.16;2.9;2.8;0;646;238;94;75;97045;4.27;0;0.38;0.39
1987;6;29;180;24.8;20.7;15.2;18.7;15.8;11.7;0;-0.3;0.16;2.9;2.8;0;536;194;78;53;97298;3.48;0.45;0.37;0.39
1987;6;30;181;27;22.2;16;17.9;16.4;14.7;0;2;0.16;2.9;2.8;0;650;249;95;67;96946;4.58;0;0.37;0.39
1987;7;1;182;28.4;23.4;17.7;19.2;17.6;15.4;0.3;2.2;0.16;2.9;2.8;0;695;251;96;70;96441;4.67;0.04;0.37;0.39
1987;7;2;183;24.9;21.2;17.1;19.4;17.9;14.4;0.8;-2.7;0.16;2.9;2.8;0;494;174;66;46;96602;3.12;0.68;0.36;0.39
1987;7;3;184;24.4;20.1;15.6;16.5;15.1;12.6;0.6;-3;0.16;2.9;2.8;0;653;218;81;62;96730;3.86;0;0.36;0.39
1987;7;4;185;24.1;20.2;16.4;14.6;13.2;12;0.6;-3.5;0.16;2.9;2.7;0;706;249;110;76;96682;4.46;0;0.35;0.39
1987;7;5;186;20.7;17.7;14.1;12.7;11.1;9.3;0.1;-3.8;0.16;2.9;2.7;0;640;231;100;74;96886;3.87;0.03;0.35;0.39
1987;7;6;187;21.5;17.3;12.3;12.9;10.5;9.3;-0.4;-0.4;0.16;2.8;2.7;0;692;219;106;78;97036;3.62;0.01;0.35;0.39
1987;7;7;188;25;19.7;13.2;12;10.9;9.7;0.2;2.9;0.16;2.8;2.7;0;717;264;114;86;96660;4.44;0;0.34;0.39
1987;7;8;189;27;21.8;15.5;14.9;13.4;10.8;0.4;2.2;0.16;2.8;2.7;0;690;246;103;77;96157;4.33;0;0.34;0.39
1987;7;9;190;20.2;17.9;14.8;16;14.8;12.7;1.1;-2.5;0.16;2.8;2.7;0;374;102;58;40;96251;2.12;3.49;0.34;0.39
1987;7;10;191;21.1;17.1;12;12.5;10.3;7.8;0.9;-1.5;0.16;2.8;2.7;0;554;184;90;71;96796;3.31;0.26;0.33;0.39
1987;7;11;192;25.3;19.2;11.4;12;10.6;9.7;0.5;1.1;0.16;2.8;2.7;0;660;230;109;78;96689;3.89;0;0.33;0.39
1987;7;12;193;28.4;22.2;16;17.5;14.1;10.4;0.8;1.3;0.16;2.8;2.7;0;701;247;112;80;96277;4.27;0.56;0.33;0.38
1987;7;13;194;24.5;20.7;17;18;16.9;15.4;0.5;-1.4;0.16;2.8;2.7;0;541;164;74;49;96425;3.03;9.97;0.33;0.38
1987;7;14;195;23.9;20;15.9;14.9;13.1;11.6;-0.5;-1.3;0.16;2.8;2.7;0;649;205;96;62;96692;3.71;0.01;0.33;0.38
1987;7;15;196;26.5;21.2;16.9;19.2;15.8;10.9;-0.2;1.2;0.16;2.8;2.7;0;542;196;79;52;96432;3.28;6.51;0.33;0.38
1987;7;16;197;26.9;21.9;16.7;20.1;18.3;16.3;-0.6;2.5;0.16;2.8;2.7;0;629;200;72;53;95925;3.76;3.14;0.33;0.38
1987;7;17;198;27.9;23.2;18.4;16.9;14.8;13.8;1.6;4;0.16;2.8;2.7;0;687;246;94;77;95217;4.91;0.02;0.33;0.38
1987;7;18;199;29;23.8;18;16.9;15.2;13.8;1.1;2.2;0.16;2.8;2.7;0;665;229;94;73;95391;4.49;0.25;0.32;0.38
1987;7;19;200;26;21.8;17.7;18.8;15.6;13.5;-0.1;-0.5;0.16;2.7;2.7;0;578;208;83;60;95780;3.64;0.33;0.32;0.38
1987;7;20;201;23.7;20.1;15.6;15.1;12.9;11.2;-0.2;-0.9;0.16;2.7;2.7;0;503;193;85;66;95937;3.35;0.28;0.32;0.38
1987;7;21;202;22.1;19.4;15.5;14.3;12.7;12;0.8;-1.9;0.16;2.7;2.7;0;438;161;78;53;96020;2.71;0.11;0.31;0.38
1987;7;22;203;24.6;20.1;15.5;15.5;13;11.7;0;0.1;0.16;2.7;2.7;0;606;202;93;66;96380;3.34;0.19;0.31;0.38
1987;7;23;204;28.2;22.9;18;16.2;14.8;13.3;0.1;-0.4;0.16;2.7;2.7;0;667;234;101;71;96354;3.74;0.08;0.31;0.38
1987;7;24;205;27.4;22.4;17.7;18.2;16.5;14.9;0.6;-0.9;0.16;2.7;2.7;0;618;206;89;63;96248;3.55;13.64;0.31;0.38
1987;7;25;206;23.7;19.3;16.3;17.2;16.2;15.1;1;-0.6;0.16;2.7;2.7;0;472;123;71;36;96012;2.74;12.39;0.32;0.38
1987;7;26;207;15.8;14.1;11.6;14.9;11.5;6.1;1.1;-2.5;0.16;2.7;2.7;0;151;44;66;29;95969;2.47;13.39;0.33;0.38
1987;7;27;208;19.1;14.7;10;9.3;6.2;4.6;1.6;-0.1;0.16;2.7;2.7;0;506;188;101;71;96242;3.41;0.1;0.34;0.38
1987;7;28;209;18.4;15.5;12.7;10.5;8.5;7.4;2;-1.3;0.16;2.7;2.7;0;650;196;98;61;96152;3.38;0.67;0.33;0.38
1987;7;29;210;19.7;16;12;13.8;11.4;9.4;0.5;1;0.16;2.7;2.7;0;602;171;94;56;96368;2.7;0.84;0.33;0.38
1987;7;30;211;24.2;18.9;12.5;14.6;13.1;10.5;0.5;2.2;0.16;2.7;2.7;0;669;219;101;64;95970;3.72;1.5;0.33;0.38
1987;7;31;212;19.2;16.6;14;14.3;12.4;10.6;1.2;-2.1;0.16;2.7;2.7;0;354;92;65;41;96083;2.19;1.51;0.33;0.38
1987;8;1;213;21.4;17.1;11.3;13.5;11.3;8.7;1.8;-0.5;0.16;2.7;2.7;0;492;150;73;57;96039;2.57;0.14;0.33;0.38
1987;8;2;214;17.9;15.8;14.3;14.4;11.3;8.5;1.1;-0.5;0.16;2.7;2.7;0;281;90;60;37;96027;1.9;7.65;0.32;0.38
1987;8;3;215;21;16.8;13.6;16.5;14.7;13;0.5;0.5;0.16;2.7;2.7;0;544;117;81;39;96098;2.04;7.15;0.33;0.38
1987;8;4;216;21.6;16;13.2;17;13.2;8.4;0.9;-0.9;0.16;2.6;2.7;0;393;92;58;31;95997;2.39;15.68;0.34;0.38
1987;8;5;217;15;12.8;10;10.5;8.3;5.2;1.5;-1.2;0.16;2.6;2.7;0;321;96;87;50;96088;2.47;6.38;0.35;0.38
1987;8;6;218;16.8;12.8;8.6;9.1;6;4.6;1.1;-0.6;0.16;2.6;2.7;0;548;198;99;80;96177;2.98;0.59;0.35;0.38
1987;8;7;219;16.8;13.2;9.1;11.2;9.2;6.2;-0.1;1.7;0.16;2.6;2.7;0;441;112;55;33;96182;1.86;0.79;0.34;0.38
1987;8;8;220;20.7;15.5;11.9;11.4;9;6.1;0.3;-0.5;0.16;2.6;2.7;0;568;176;106;63;96519;2.94;0.07;0.34;0.38
1987;8;9;221;20.3;16.6;10.7;14.8;12.8;9.8;0.9;2.2;0.16;2.6;2.7;0;444;152;81;53;96349;2.34;0.89;0.34;0.38
1987;8;10;222;21.7;16.5;12.5;12.9;10.8;8.1;1.7;-0.7;0.16;2.6;2.7;0;608;170;104;63;96337;3.18;2.48;0.34;0.38
1987;8;11;223;19.6;15.5;9.9;11.6;9.1;7.7;0.9;-0.6;0.16;2.6;2.7;0;508;180;92;70;96587;2.85;0.3;0.34;0.38
1987;8;12;224;18.2;14.8;11.5;11.2;9.6;7.9;0;-0.9;0.16;2.6;2.7;0;541;148;91;54;96506;2.3;0.3;0.34;0.38
1987;8;13;225;16.7;13.1;10.2;12.1;10.9;9.3;0.3;-0.6;0.16;2.6;2.7;0;374;86;83;45;96526;1.5;6.19;0.34;0.38
1987;8;14;226;23.4;17.2;10.5;17.1;13.4;9.7;1.2;2.1;0.16;2.6;2.7;0;533;164;79;49;96201;2.67;1.02;0.34;0.38
1987;8;15;227;20.6;17.4;14.7;17.2;13.5;8.8;1.6;-1.2;0.16;2.6;2.7;0;293;93;73;47;96069;1.96;11.57;0.35;0.37
1987;8;16;228;18.6;15.7;12.8;10.5;9.5;8.4;1.5;-2.5;0.16;2.6;2.7;0;444;131;73;55;96570;2.45;0.39;0.35;0.37
1987;8;17;229;21.8;17.3;13.5;14.8;12.9;10.6;0;0.9;0.15;2.6;2.7;0;508;126;78;38;96489;2.13;0.23;0.34;0.37
1987;8;18;230;25.8;19.9;14.3;18.2;16.1;13.2;0.8;1.6;0.15;2.6;2.7;0;619;180;89;49;96082;3.01;5.75;0.34;0.37
1987;8;19;231;22.3;19.6;16.6;16.4;15.4;14.6;2.4;-2;0.15;2.6;2.7;0;514;172;74;52;96403;3.13;0.6;0.34;0.37
1987;8;20;232;21.4;18.3;15.8;15;14.2;13.1;1;-3.1;0.15;2.6;2.7;0;547;160;75;55;96785;2.79;0.71;0.34;0.37
1987;8;21;233;22;17.4;13.2;14.3;12.6;11.8;-0.2;-1.1;0.15;2.6;2.7;0;607;201;103;77;96773;3.07;0;0.34;0.37
1987;8;22;234;22.1;17.3;12.2;13.7;11.9;10.4;-0.5;2.1;0.15;2.6;2.7;0;544;188;99;74;96467;3.01;0;0.34;0.37
1987;8;23;235;23;18.1;13.1;11.9;10.8;9;0;3.3;0.15;2.5;2.7;0;649;216;114;88;96234;3.55;0;0.33;0.37
1987;8;24;236;25.5;20.3;14.2;15;13;10.6;-0.2;3.7;0.15;2.5;2.7;0;623;206;94;74;96091;3.55;0;0.33;0.37
1987;8;25;237;26.8;21.1;16.7;16.7;14.2;11.7;-0.2;3.3;0.15;2.5;2.7;0;627;197;95;64;95801;3.68;7.62;0.33;0.37
1987;8;26;238;21.2;17.6;13.9;14.3;12.4;10.7;-0.1;0.7;0.15;2.5;2.7;0;511;163;93;64;96165;2.94;0.46;0.33;0.37
1987;8;27;239;23.6;18.6;13.2;14;12.2;10.1;1.2;2.3;0.15;2.5;2.7;0;561;188;97;75;96147;3.19;0.06;0.33;0.37
1987;8;28;240;20;16.7;14.8;11.8;10.2;9.4;2.7;-2.2;0.15;2.5;2.7;0;574;152;91;54;96557;2.96;1.53;0.33;0.37
1987;8;29;241;18.2;16;13.9;12;10.4;9.6;1.9;-1.8;0.15;2.5;2.7;0;325;67;58;35;96837;1.4;0.96;0.32;0.37
1987;8;30;242;20.8;17.1;14.5;14.7;13.7;12.4;0.6;-0.2;0.15;2.5;2.7;0;424;94;63;32;96761;1.87;3.27;0.33;0.37
1987;8;31;243;23.4;18.2;12.2;14.5;12.4;9.1;0.6;-1.1;0.15;2.5;2.7;0;498;151;85;59;96569;2.45;0.01;0.32;0.37
1987;9;1;244;20.9;16.4;12.5;13.3;11.3;9.1;-0.5;0.9;0.15;2.5;2.7;0;538;149;85;60;96624;2.27;0;0.32;0.37
1987;9;2;245;23.7;18.3;12.9;15.9;14.1;11.7;-0.1;0.7;0.15;2.5;2.7;0;536;168;89;61;96432;2.52;0.08;0.32;0.37
1987;9;3;246;22.4;18.5;14.2;17.2;15.5;13.8;0.3;0.7;0.15;2.5;2.7;0;472;139;75;54;96382;2.16;1.67;0.32;0.37
1987;9;4;247;24.5;19.2;14.1;17.8;15.9;13.5;0.4;0.2;0.15;2.5;2.7;0;566;170;88;56;96316;2.61;4.06;0.32;0.37
1987;9;5;248;24.9;20.1;15.5;16.6;15.1;14.4;0.3;1.9;0.15;2.5;2.7;0;569;171;95;62;96225;2.87;0.07;0.32;0.37
1987;9;6;249;18.4;16.4;14.3;15.2;12.8;10.2;1.7;-2.5;0.15;2.5;2.7;0;395;112;57;38;96422;2.62;6.39;0.32;0.37
1987;9;7;250;22.7;17.2;12.3;13.3;10.6;9.2;1.2;-0.5;0.15;2.5;2.7;0;604;177;114;77;96777;2.89;0;0.32;0.37
1987;9;8;251;22.4;15.9;11.7;14.3;11.4;9.8;0.7;-0.6;0.15;2.5;2.7;0;495;131;87;60;96499;2.28;5.88;0.32;0.37
1987;9;9;252;18.8;14.7;11.5;12;10.9;9.7;0.6;0.7;0.15;2.5;2.7;0;356;112;80;50;96786;1.77;1.45;0.32;0.37
1987;9;10;253;20.7;15.7;10.1;12.4;11.3;9.5;0.8;1.5;0.15;2.5;2.7;0;502;144;82;62;96703;2.31;0.63;0.32;0.37
1987;9;11;254;22.2;16.9;12.3;15.5;12.8;10.8;1;0.1;0.15;2.5;2.7;0;497;129;87;56;96671;1.96;3.77;0.32;0.37
1987;9;12;255;24.7;18.5;12;15.9;14.1;11.2;1.4;1.8;0.15;2.5;2.7;0;523;159;92;61;96641;2.62;0.01;0.32;0.37
1987;9;13;256;28.9;21.9;14.3;16.9;15.1;12.8;1.5;0.6;0.15;2.5;2.7;0;546;165;99;72;96607;2.77;0.01;0.32;0.37
1987;9;14;257;29.7;22.4;15.4;18;15.3;13.3;1.5;0.6;0.15;2.5;2.7;0;547;164;105;72;96607;2.78;0;0.32;0.37
1987;9;15;258;25.1;20.9;17.7;16.5;14.8;11.4;1;-2.2;0.15;2.5;2.7;0;517;134;82;51;96877;2.38;0.52;0.31;0.37
1987;9;16;259;21.2;17.4;14.6;15.8;13.8;11.9;-0.2;0.5;0.15;2.4;2.7;0;384;98;70;38;97210;1.91;9.18;0.32;0.37
1987;9;17;260;23.8;18.8;13.6;17.2;15.5;13;0.3;1;0.15;2.4;2.7;0;540;154;90;61;97113;2.22;0.24;0.32;0.37
1987;9;18;261;27.3;21.2;16.4;18.1;16;14.6;1.3;-0.3;0.14;2.4;2.7;0;521;134;90;57;96905;2.21;0.26;0.32;0.37
1987;9;19;262;23.1;19.3;15;17.2;16.1;14.5;0.3;-0.3;0.14;2.4;2.7;0;474;126;80;51;96850;2.13;5.6;0.32;0.37
1987;9;20;263;27.2;20.6;14.3;17.9;14.5;12.3;1.6;-0.3;0.14;2.3;2.7;0;539;143;97;63;96328;2.63;0.24;0.32;0.37
1987;9;21;264;22.4;18.4;14.6;15.5;14.7;13.6;-0.3;0.1;0.14;2.3;2.7;0;410;116;79;55;96755;1.78;0.36;0.32;0.37
1987;9;22;265;24.1;19.8;16;16.3;15;13.6;0.3;3;0.14;2.3;2.7;0;509;129;80;61;96744;2.06;0;0.31;0.37
1987;9;23;266;24.8;19.8;15.1;17.2;15.3;13.3;0.2;2;0.14;2.3;2.7;0;514;148;96;71;96112;2.1;0.03;0.31;0.37
1987;9;24;267;19.7;17;14.4;15;12.6;9.8;1.3;0.3;0.14;2.2;2.7;0;281;70;62;45;95715;1.48;2.67;0.31;0.37
1987;9;25;268;19.5;15.9;13.6;12.5;11.3;9.7;0.1;0.9;0.14;2.2;2.7;0;509;107;109;51;95747;1.61;0.2;0.31;0.37
1987;9;26;269;22.5;17.6;13.7;16;14.2;12;1.2;1.7;0.14;2.2;2.7;0;332;87;57;30;95304;1.75;9.99;0.31;0.37
1987;9;27;270;15;11.7;8.5;14;9.8;4.6;1.1;-2.9;0.14;2.1;2.7;0;103;27;77;26;95892;2.05;22.99;0.33;0.36
1987;9;28;271;12.1;9.3;6.8;5.1;2.8;0.7;0.4;-2.2;0.14;2.1;2.6;0;372;104;80;60;96782;1.59;0.03;0.34;0.36
1987;9;29;272;11.2;8.2;5.9;2.9;2;1.1;0.8;-2.5;0.14;2.1;2.6;0;436;119;91;68;96894;1.53;0.19;0.34;0.36
1987;9;30;273;9.5;7;4.3;3.7;3.1;2.7;0.6;-3;0.14;2.1;2.6;0;327;97;80;68;97195;1.09;0.32;0.34;0.36
1987;10;1;274;11.2;7.7;4.6;4;2.9;1.6;0.4;-2.3;0.14;2;2.6;0;450;113;83;58;97509;1.28;0;0.34;0.36
1987;10;2;275;10.8;7.8;4.6;5.9;3.9;2.1;-0.9;-0.2;0.14;2;2.6;0;445;114;93;58;97724;1.17;0.82;0.33;0.36
1987;10;3;276;12.1;8.2;4.3;6.6;4.1;2.1;-1.5;1.3;0.14;2;2.6;0;414;110;87;62;97788;1.26;0.49;0.33;0.36
1987;10;4;277;12.5;8.9;5.6;4.4;3.8;2.8;-0.7;2.7;0.14;2;2.6;0;398;109;98;62;97364;1.24;0;0.33;0.36
1987;10;5;278;16;11.4;6.1;9.7;7;3.5;-0.4;4.3;0.14;1.9;2.6;0;476;130;91;72;96673;1.4;0;0.33;0.36
1987;10;6;279;19.4;15.6;12.4;12.8;11.5;9.7;1.1;5.3;0.14;1.9;2.6;0;426;107;72;54;95948;1.41;0;0.33;0.36
1987;10;7;280;18;14.8;12;12.9;11.4;10.2;0.4;0.4;0.14;1.9;2.6;0;364;94;84;55;96051;1.19;0.43;0.33;0.36
1987;10;8;281;19;14.8;11.6;11.8;9.5;3.7;1.2;2.9;0.14;1.9;2.6;0;435;116;90;62;95479;1.56;0.02;0.33;0.36
1987;10;9;282;14.3;11.8;9.2;6.2;4.3;3.1;0.5;0;0.14;1.8;2.6;0;214;51;84;42;96626;1.11;0.56;0.33;0.36
1987;10;10;283;18.3;13.6;9.3;12.5;9;3.1;-0.4;3.9;0.14;1.8;2.6;0;438;113;91;62;96343;1.23;0;0.33;0.36
1987;10;11;284;20.9;16.5;13.2;13.7;12.3;10.8;-0.4;4;0.14;1.8;2.6;0;413;110;90;64;95723;1.32;0;0.32;0.36
1987;10;12;285;18.2;13.9;9;12.9;9.8;2.3;-0.1;1.4;0.14;1.8;2.6;0;287;70;81;45;95198;1.43;4.13;0.33;0.36
1987;10;13;286;12.9;9.6;6.9;4.5;2.9;1.4;1.2;-2.5;0.14;1.7;2.6;0;438;105;96;55;95813;1.44;0.13;0.33;0.36
1987;10;14;287;15.3;9.4;3.8;6.4;4.7;2.3;0.3;1.2;0.14;1.7;2.6;0;442;118;114;80;96080;1.15;0;0.32;0.36
1987;10;15;288;18.1;12.8;6.3;10.7;8.5;5.1;1.1;4.4;0.14;1.7;2.6;0;433;101;90;63;95816;1.18;0;0.32;0.36
1987;10;16;289;20.2;15.7;11.2;12.1;11.2;10.3;1.3;3.9;0.14;1.7;2.6;0;351;96;79;59;95756;1.25;0;0.32;0.36
1987;10;17;290;15.8;13.1;9.9;12.3;11;9.2;0.4;-1.4;0.13;1.7;2.6;0;213;45;47;25;96367;0.56;0.89;0.32;0.36
1987;10;18;291;12.4;10.6;9.7;9.7;8.5;7.5;2.1;-3.7;0.13;1.6;2.6;0;53;14;15;7;96747;1.86;5.79;0.32;0.36
1987;10;19;292;13.2;10.6;8.6;8.8;7.7;6.6;0.2;-1.8;0.13;1.6;2.6;0;258;66;60;32;96946;0.73;0;0.33;0.36
1987;10;20;293;13.2;11.2;9.7;8.4;7.7;6.8;-0.7;2.3;0.13;1.6;2.6;0;238;54;44;28;96740;0.66;0.07;0.32;0.36
1987;10;21;294;12.5;10.5;9.1;9.3;8.7;7.9;-0.6;2.2;0.13;1.6;2.6;0;159;29;49;23;96541;0.35;1.27;0.32;0.36
1987;10;22;295;13.3;10.3;5.6;10.4;8.8;5.4;0.4;0.4;0.13;1.6;2.6;0;233;46;58;28;96621;0.71;4.49;0.32;0.36
1987;10;23;296;13.4;10.8;9.2;9.3;8.7;8.1;-0.3;1.4;0.13;1.6;2.6;0;202;42;35;16;96710;0.92;7.91;0.33;0.36
1987;10;24;297;15.6;11.8;8.5;10.5;9.6;8.3;-0.4;1.1;0.13;1.6;2.6;0;318;73;69;40;96956;0.87;5.04;0.34;0.36
1987;10;25;298;14.2;11.8;10.4;10.1;9.4;8.8;-0.1;-0.7;0.13;1.6;2.6;0;216;47;43;20;97249;0.64;1.63;0.34;0.36
1987;10;26;299;9.4;7.1;6.3;7.8;5.5;4;0;-1.4;0.13;1.6;2.6;0;102;23;52;25;97667;0.68;4.53;0.34;0.36
1987;10;27;300;8.9;6.8;4.4;5.7;4.8;3.5;-0.8;1.8;0.13;1.6;2.6;0;185;41;60;34;97749;0.58;0.07;0.34;0.36
1987;10;28;301;7.8;5.9;4.2;3.6;2.8;0.7;-1.7;3.2;0.13;1.5;2.6;0;232;46;64;35;97572;0.65;0.56;0.34;0.36
1987;10;29;302;4.3;3.1;1.1;0.3;-2.3;-2.9;-1.2;3.3;0.13;1.5;2.6;0;226;59;73;49;97409;0.63;0;0.34;0.36
1987;10;30;303;4.1;3.3;2.7;-1.6;-2.3;-3.1;-0.8;2.3;0.13;1.5;2.6;0;91;20;46;19;97002;0.38;0;0.34;0.36
1987;10;31;304;6.6;3.1;-0.5;-0.2;-1.2;-2.4;-0.3;1;0.12;1.5;2.6;0;320;68;96;61;96968;0.52;0;0.34;0.36
1987;11;1;305;7.8;3.1;-1.2;0.6;-0.7;-2.8;0.4;2;0.12;1.5;2.6;0;373;88;99;64;96847;0.59;0;0.34;0.36
1987;11;2;306;7.8;5.8;3.6;6.1;4.3;0.6;0.3;-0.2;0.12;1.5;2.6;0;74;19;26;9;96766;0.34;3.26;0.34;0.36
1987;11;3;307;6.9;5.6;3;6.5;3;-0.6;0.3;-3.4;0.12;1.5;2.6;0;260;42;63;28;97363;0.75;1.34;0.34;0.36
1987;11;4;308;6.3;4;1.6;1.3;0.3;-0.8;1;-3.3;0.12;1.5;2.6;0;278;51;69;54;97953;0.49;0.22;0.34;0.36
1987;11;5;309;8.4;4.2;1.2;2.7;1;-0.6;0.5;-1.6;0.12;1.5;2.6;0;341;72;109;59;98022;0.57;0.01;0.34;0.36
1987;11;6;310;11.1;4.5;-0.2;2.9;0.7;-1.7;0.9;-1.2;0.12;1.4;2.6;0;357;85;110;72;97613;0.62;0.01;0.34;0.36
1987;11;7;311;9.4;3.2;-1.9;3.1;0.5;-2.8;0.5;0.1;0.12;1.4;2.6;0;367;86;116;74;97156;0.51;0;0.34;0.36
1987;11;8;312;10;3.2;-2.2;4.4;0.7;-3.2;0.6;0.6;0.12;1.4;2.6;0;356;85;118;74;96476;0.46;0;0.34;0.36
1987;11;9;313;7;3.4;-0.2;3.7;1.6;-1.1;-0.3;0.4;0.12;1.4;2.6;0;248;54;77;44;96206;0.27;0;0.34;0.36
1987;11;10;314;3.7;2.7;1.9;2.1;1.8;1.3;-0.6;-0.3;0.12;1.4;2.6;0;75;14;15;9;95924;0.12;0.83;0.34;0.36
1987;11;11;315;9.7;4.9;1.2;5.7;3.1;0.6;1;-0.3;0.12;1.4;2.6;0;197;44;62;36;96006;0.48;0.77;0.34;0.36
1987;11;12;316;8.7;4.6;-0.1;4.2;2.4;-0.7;1.1;2.5;0.12;1.4;2.6;0;300;66;89;54;95533;0.42;0.21;0.34;0.36
1987;11;13;317;11.9;7.8;2.8;8.9;6;1.9;0.5;2.4;0.12;1.4;2.6;0;272;53;86;36;95050;0.52;0.45;0.34;0.36
1987;11;14;318;10.3;5.7;2.9;8.9;3.8;1.6;1.4;0;0.12;1.4;2.6;0.03;62;14;37;24;95384;0.86;16.2;0.35;0.36
1987;11;15;319;6.5;3.1;-1.2;2.6;0.1;-2.5;1;-0.8;0.11;1.3;2.6;0.04;180;42;95;52;96433;0.53;0.64;0.36;0.36
1987;11;16;320;7;2.7;-1.4;0.7;-0.6;-2.6;1;2.3;0.11;1.3;2.6;0.02;295;57;79;56;96594;0.4;0.02;0.36;0.36
1987;11;17;321;9.3;5.9;2.9;5.1;2.8;0.5;2.1;-0.8;0.11;1.4;2.6;0;164;34;81;44;96885;0.37;0.66;0.36;0.36
1987;11;18;322;8.2;5.9;4.7;2.6;2;1.2;2.6;-3.5;0.11;1.4;2.6;0;264;61;83;67;97374;0.63;0.19;0.35;0.36
1987;11;19;323;9.9;7.2;5.2;4.7;3.5;2.3;1.7;-0.6;0.11;1.4;2.6;0;243;37;70;31;97091;0.51;2.15;0.35;0.36
1987;11;20;324;7.7;5.4;2.6;4.2;1.8;-1.4;2.3;-2.1;0.11;1.4;2.6;0;187;38;88;50;95579;0.68;0.34;0.36;0.36
1987;11;21;325;5.9;3.4;2;1;-0.1;-1.4;1.4;-3.6;0.11;1.4;2.6;0;261;42;82;53;95792;0.52;0.45;0.36;0.36
1987;11;22;326;4.9;2;-1.1;-0.2;-1.5;-2.9;1.4;-2.9;0.11;1.4;2.6;0;285;52;85;63;95520;0.41;0.03;0.35;0.36
1987;11;23;327;5.5;1.3;-2;-1.2;-2.4;-4.1;0.2;2.6;0.11;1.4;2.6;0;263;58;99;69;95073;0.34;0.04;0.35;0.36
1987;11;24;328;7.5;4.4;1.3;6.3;3.5;-0.9;-0.9;2.3;0.11;1.4;2.6;0.04;78;16;38;12;95036;0.26;3.36;0.35;0.36
1987;11;25;329;10.3;7.6;4.6;6.7;4.7;3;0.1;4.8;0.11;1.4;2.6;0.01;261;58;95;61;94674;0.88;2.49;0.36;0.36
1987;11;26;330;8.7;5.1;2.8;5.4;3.7;2;0.3;2.1;0.11;1.4;2.6;0;214;42;75;50;95244;0.3;0.91;0.36;0.36
1987;11;27;331;5;4.1;3;3.2;1.5;-0.8;2.8;-2.8;0.11;1.4;2.6;0.02;79;17;48;19;95150;1.31;2.86;0.36;0.36
1987;11;28;332;4.3;2.7;1.4;1.5;0.7;-0.6;0.8;-1.6;0.12;1.4;2.6;0.24;116;24;47;22;96378;0.73;3.1;0.36;0.36
1987;11;29;333;3.9;2.2;0;1.2;0.4;-0.7;0.6;-2.2;0.12;1.4;2.6;0.3;163;37;55;32;96868;0.53;3.14;0.36;0.36
1987;11;30;334;3;2.5;2.1;2.5;1.9;1.2;1.1;-2.8;0.13;1.4;2.6;1.12;43;9;4;2;96946;0.62;10.93;0.37;0.36
1987;12;1;335;3;1.7;-0.5;1.7;-0.3;-3;1.4;-3.7;0.13;1.4;2.6;1.44;125;29;64;32;97181;0.6;0.87;0.37;0.36
1987;12;2;336;1.1;0;-0.7;-1.7;-2.6;-3.3;1.3;-3.8;0.14;1.4;2.6;2.25;158;30;53;35;97449;0.3;2.32;0.37;0.36
1987;12;3;337;2.5;-0.3;-2.2;-1.7;-2.5;-3.5;0.3;-0.8;0.17;1.4;2.6;3.59;199;44;75;50;97763;0.23;0.06;0.37;0.36
1987;12;4;338;1.9;0.5;-1.5;-0.4;-1.6;-2.2;-0.4;4.1;0.16;1.4;2.6;3.45;112;23;44;27;97435;0.29;0.2;0.37;0.36
1987;12;5;339;4.9;1.2;-0.7;1;-0.6;-1.5;0;2.5;0.16;1.4;2.6;3.22;217;43;79;39;96427;0.23;0;0.37;0.36
1987;12;6;340;3.4;2.5;0.3;2.9;2.1;0;-0.2;1.1;0.15;1.4;2.6;2.62;28;6;14;4;95485;0.06;4.7;0.37;0.36
1987;12;7;341;4.2;1.6;-0.8;1.8;-0.6;-4.9;0.4;-1.8;0.14;1.4;2.6;2.19;128;23;55;25;95914;0.42;1.54;0.38;0.36
1987;12;8;342;-1.1;-3.7;-6.9;-5.2;-9.1;-12.7;0.2;-3.3;0.18;1.4;2.6;4.02;154;30;90;52;96706;0.39;2.52;0.38;0.36
1987;12;9;343;-4.3;-6.7;-8.2;-10;-11.2;-12.7;0.4;-1.6;0.18;1.4;2.6;4.52;257;55;114;88;96704;0.09;0;0.38;0.36
1987;12;10;344;-1.8;-6.3;-9.2;-10.2;-12.5;-14.5;1.1;-0.4;0.18;1.4;2.6;4.43;250;53;116;79;96376;0.08;0;0.38;0.36
1987;12;11;345;2.9;-1.7;-7.2;-4.2;-8.1;-15.1;2.6;-0.8;0.18;1.4;2.6;4.39;155;28;75;50;95926;0.09;0.13;0.37;0.36
1987;12;12;346;1.6;-2.2;-4.6;-4.1;-5.1;-5.7;0.5;0.2;0.18;1.4;2.6;4.27;211;43;90;61;96579;0.05;0;0.37;0.36
1987;12;13;347;-0.4;-3.2;-5.4;-4.9;-5.5;-6.5;-0.5;2.7;0.18;1.4;2.6;4.16;199;42;73;45;96595;0.1;0.08;0.37;0.36
1987;12;14;348;0.2;-3.3;-5.1;-4.5;-5.7;-6.5;-0.5;1.8;0.18;1.4;2.6;4.19;194;38;93;46;95758;0.06;0;0.37;0.36
1987;12;15;349;0.4;-2.8;-4.9;-4.2;-5.4;-6.6;-0.3;-0.2;0.17;1.4;2.6;4.08;208;43;86;55;95985;0.04;0;0.37;0.36
1987;12;16;350;2.9;-0.9;-4.1;-0.7;-2.9;-5.2;0.3;1.6;0.17;1.4;2.6;3.88;200;40;76;38;96211;0.07;1.19;0.37;0.36
1987;12;17;351;5.1;1.6;-0.5;3.8;0.8;-1.3;1.2;1;0.17;1.4;2.6;3.65;106;15;40;7;96370;0.03;8.02;0.38;0.36
1987;12;18;352;5;3.4;0.6;3.6;2.3;0;1.4;1.7;0.15;1.4;2.6;2.57;25;5;24;-1;96385;0.06;14.96;0.39;0.36
1987;12;19;353;8.9;5.8;3.3;6.2;3.5;0.8;2.7;-1.5;0.13;1.4;2.6;1.2;153;22;81;33;96030;0.44;2.94;0.4;0.36
1987;12;20;354;7.1;5;3.6;3.3;2.1;0.7;2.3;-1.6;0.12;1.3;2.6;0.57;193;36;79;44;96834;0.38;7.72;0.4;0.36
1987;12;21;355;9.1;7.5;5.8;4.7;3.8;3.3;3.6;-4;0.11;1.3;2.6;0.22;166;36;79;50;96856;0.67;0.05;0.4;0.36
1987;12;22;356;7.1;6.1;4.8;5.7;4.4;2.7;1.9;-2.3;0.11;1.3;2.6;0.06;42;9;59;23;97271;0.46;1.97;0.4;0.36
1987;12;23;357;5;3.1;0.4;2;-1.6;-3;1.8;-3.7;0.11;1.3;2.6;0.02;244;49;93;74;97417;0.49;0;0.4;0.36
1987;12;24;358;2.1;0;-1.7;-2.2;-2.8;-3.4;0.2;-0.9;0.11;1.3;2.6;0.04;194;41;87;56;97515;0.22;0;0.4;0.36
1987;12;25;359;2.5;-0.7;-3.2;-1.6;-2.6;-4;0.1;1.9;0.11;1.3;2.6;0.04;233;47;93;59;97234;0.16;0;0.4;0.37
1987;12;26;360;3.5;-0.2;-3.8;0.4;-2.1;-4.8;0.9;0.5;0.11;1.3;2.6;0.04;133;29;63;36;97657;0.05;0;0.4;0.37
1987;12;27;361;7.7;2.4;0;3.7;0.1;-2.1;1.6;0.6;0.11;1.3;2.6;0.02;219;37;73;34;97662;0.13;0;0.4;0.37
1987;12;28;362;11.3;6.4;1;3.8;1.2;-1.9;2.5;-0.8;0.11;1.3;2.6;0;251;43;84;37;97371;0.43;0.06;0.39;0.37
1987;12;29;363;11.9;7.3;2.7;4.9;2.4;-0.8;2.2;-0.5;0.11;1.3;2.6;0;227;48;101;67;97576;0.39;0;0.39;0.37
1987;12;30;364;10.8;5.8;2.1;5.4;1.4;-2.3;1.6;-0.4;0.11;1.3;2.6;0;166;30;70;46;97121;0.2;0;0.39;0.37
1987;12;31;365;7.8;3.9;0.1;4.2;2.2;-0.4;0.2;2.1;0.11;1.3;2.6;0;235;45;94;51;96424;0.19;0;0.39;0.37
1988;1;1;1;6.6;1.1;-2.7;2.7;-0.3;-3.1;0.6;0.8;0.11;1.3;2.6;0;246;51;91;59;96159;0.16;0;0.39;0.37
1988;1;2;2;6.2;2.6;-0.5;2.9;0.4;-1.2;1.1;2.1;0.11;1.3;2.6;0;162;30;55;43;95617;0.13;0;0.39;0.37
1988;1;3;3;5.1;2.4;-1.4;3.4;0.7;-2.4;1.2;1.3;0.11;1.3;2.6;0;70;10;67;29;95074;0.24;2.46;0.39;0.37
1988;1;4;4;7.4;2.3;-2.1;4;0.8;-3.2;1.1;1.4;0.11;1.2;2.6;0;248;49;89;58;95604;0.25;0.08;0.39;0.37
1988;1;5;5;9.4;4.1;1.4;4.9;2;-0.7;1.1;1.3;0.11;1.2;2.6;0;167;36;75;48;96012;0.16;0.09;0.39;0.37
1988;1;6;6;9.3;3.4;0.1;4.1;1;-1.7;1.6;1.4;0.11;1.2;2.6;0;236;50;97;68;95711;0.25;0;0.38;0.37
1988;1;7;7;4.8;2.6;0.1;3.3;1.4;-0.9;1.1;-0.1;0.11;1.2;2.5;0;45;8;54;17;96169;0.1;5.47;0.39;0.37
1988;1;8;8;5.1;2.6;1;-0.9;-2.5;-4.2;2.2;-2.5;0.11;1.2;2.5;0;219;46;88;66;96990;0.56;0;0.39;0.37
1988;1;9;9;3.7;1.2;-0.6;-1.1;-1.7;-2.2;0.9;-2.4;0.11;1.2;2.5;0;202;44;83;62;97739;0.24;0.04;0.39;0.37
1988;1;10;10;2.9;-0.7;-2.9;-1.7;-2.7;-3.7;0.4;0.5;0.11;1.2;2.5;0;250;53;88;63;97605;0.19;0;0.39;0.37
1988;1;11;11;1.7;-1.2;-2.8;-2;-3.7;-4.6;0.4;1.3;0.11;1.2;2.5;0.09;265;53;103;52;97018;0.16;0.89;0.38;0.37
1988;1;12;12;3.2;-0.1;-3.3;-1.4;-3.1;-4.3;0.7;-0.8;0.12;1.2;2.5;0.88;256;55;94;66;97189;0.21;0.01;0.38;0.37
1988;1;13;13;1.7;-1.5;-3.9;-2.5;-3.7;-4.8;-0.1;3.3;0.12;1.2;2.5;0.8;248;55;86;71;97087;0.11;0;0.38;0.37
1988;1;14;14;-0.2;-2;-2.9;-3.4;-3.8;-4.3;-0.4;3.8;0.12;1.2;2.5;0.76;169;36;76;42;97016;0.05;0;0.38;0.37
1988;1;15;15;1.5;-1.1;-2.8;-2;-3.1;-4.2;-0.3;3.7;0.12;1.2;2.5;0.76;170;36;56;37;97108;0.05;0.01;0.38;0.37
1988;1;16;16;2.7;-1.2;-3.7;-0.5;-2.6;-4.5;0.1;1;0.12;1.2;2.5;0.75;215;45;83;53;97385;0.03;0;0.38;0.37
1988;1;17;17;2.8;-1.2;-3.3;-0.4;-2.7;-4.3;0.3;0.6;0.12;1.2;2.5;0.67;232;47;75;45;97177;0.06;0.03;0.38;0.37
1988;1;18;18;4.3;0.2;-2.1;0.8;-1.3;-3;0.2;0.2;0.12;1.2;2.5;0.57;278;58;89;46;97151;0.07;0.05;0.38;0.37
1988;1;19;19;2.7;1;-0.5;1.9;0.6;-0.8;-0.4;1.9;0.12;1.2;2.5;0.48;116;21;19;9;96705;0.06;0;0.38;0.37
1988;1;20;20;3;1.7;0.7;2.6;1.6;0.7;-0.3;2.5;0.12;1.2;2.5;0.36;84;18;10;4;96366;0.06;0;0.38;0.37
1988;1;21;21;2.7;1.4;0.3;2.4;1.3;0.1;-0.4;1.4;0.11;1.2;2.5;0.3;94;17;9;5;96103;0.05;1.3;0.38;0.37
1988;1;22;22;3.8;1.3;-0.5;0.4;0.1;-1.3;-0.2;1.4;0.13;1.1;2.5;1.57;238;45;57;24;95816;0.33;2.33;0.38;0.37
1988;1;23;23;4;1;-2;0;-3.1;-5.1;1.4;-1.7;0.15;1.1;2.5;2.54;227;50;96;51;95770;0.59;1.1;0.38;0.37
1988;1;24;24;3.1;0;-3;-1.6;-4.3;-5.7;0.9;1.8;0.15;1.1;2.5;2.57;244;46;73;41;95800;0.36;1.63;0.38;0.37
1988;1;25;25;4.7;1.8;-1.5;1.2;-0.8;-2.9;1.1;2;0.15;1.1;2.5;2.77;178;38;63;35;94971;0.41;2.31;0.38;0.37
1988;1;26;26;8.2;3.3;1.2;4.7;1.9;0;1.2;0.5;0.15;1.1;2.5;2.21;216;42;90;41;95236;0.19;1.8;0.38;0.37
1988;1;27;27;9.5;3.9;-2.4;3.5;0.9;-3.6;0.9;0.1;0.13;1.1;2.5;1.59;309;70;99;63;96001;0.36;0.12;0.38;0.37
1988;1;28;28;7.6;4;1.4;3.9;2.4;1.1;0.3;1.6;0.13;1.1;2.5;1.09;245;55;66;47;95805;0.18;0;0.38;0.37
1988;1;29;29;10.8;6.7;1.5;7.5;4.4;0.6;1.8;3.6;0.12;1.1;2.5;0.58;253;48;83;46;94422;0.54;1.02;0.38;0.37
1988;1;30;30;7;4.1;1.8;5.5;2.2;-1.2;1.8;-1.1;0.12;1.1;2.5;0.74;179;33;66;34;93753;0.86;10.94;0.39;0.37
1988;1;31;31;5;2.6;1.1;-1.2;-2.1;-3.7;3;-3.7;0.12;1.1;2.5;0.88;257;59;83;69;94849;0.56;0.03;0.39;0.37
1988;2;1;32;5.8;2.6;-0.2;-2.7;-4.7;-6.3;0.9;1.1;0.12;1.1;2.5;0.76;350;81;118;80;96016;0.65;0;0.39;0.37
1988;2;2;33;2.6;1.4;-0.9;1.5;-1.6;-6;1.4;2.1;0.14;1.1;2.5;1.96;51;13;78;40;95574;0.26;10.06;0.39;0.37
1988;2;3;34;8.3;2.3;-1.5;2.5;-1.2;-4.1;1.1;1.4;0.15;1.1;2.5;2.53;269;59;83;66;96148;0.48;0.11;0.39;0.37
1988;2;4;35;8.3;3.7;-0.8;1.2;-1.4;-4.1;1.2;3.7;0.14;1.1;2.5;1.91;361;86;112;82;96024;0.6;0;0.39;0.37
1988;2;5;36;8.9;3.7;0;1.7;0.1;-2;1.1;1.6;0.13;1.1;2.5;1.28;358;87;116;82;95621;0.47;0;0.39;0.37
1988;2;6;37;10.3;4.4;-1.4;3.5;0.6;-3;1.4;2.2;0.13;1.1;2.5;0.86;352;83;94;56;95444;0.53;1.27;0.39;0.38
1988;2;7;38;13;7.8;2.3;7.6;5.2;1.1;1.3;2;0.12;1.1;2.5;0.4;288;58;74;28;95438;1;8.56;0.39;0.38
1988;2;8;39;6;3.3;1.1;2.2;1.2;0.4;1;1.7;0.13;1.1;2.5;0.78;209;50;70;36;95261;0.76;3.24;0.4;0.38
1988;2;9;40;6;2.8;0.5;-3.1;-5.5;-6.4;2.1;-0.6;0.13;1.1;2.5;0.71;388;95;120;71;95454;0.91;0.05;0.4;0.38
1988;2;10;41;4.9;2.4;0.1;2.3;-0.3;-5.3;1.1;1.5;0.13;1.1;2.5;0.9;244;48;51;33;95624;0.84;7.57;0.4;0.38
1988;2;11;42;4.2;0.7;-2.1;-0.8;-2;-4.5;1.4;2.1;0.14;1.1;2.5;1.43;203;55;97;64;95908;0.67;0.81;0.4;0.38
1988;2;12;43;7.1;2.9;-2.4;3.6;0.2;-4.9;0.8;2.5;0.13;1.1;2.5;1.19;254;56;62;33;95492;0.39;4.61;0.4;0.38
1988;2;13;44;3.2;1.9;0.5;1.1;-1.8;-3.2;2.1;-4.9;0.14;1.1;2.5;1.96;152;34;33;23;96910;1.27;3.87;0.41;0.38
1988;2;14;45;3.7;0.7;-1.8;-1.3;-2.6;-4.2;1;-2.9;0.15;1.1;2.5;2.82;342;82;76;65;98069;0.44;0.02;0.4;0.38
1988;2;15;46;6.4;2.1;-1.7;0.7;-0.7;-3.1;-0.3;1.3;0.15;1.1;2.5;2.31;369;87;99;53;97951;0.39;0.01;0.4;0.38
1988;2;16;47;5.8;2;-0.4;0.2;-1.1;-3;0.5;3.4;0.14;1.1;2.5;1.77;364;90;111;72;97360;0.52;0;0.4;0.38
1988;2;17;48;6.9;1.8;-2.5;0.6;-2.7;-5.8;1;0.5;0.13;1.1;2.5;1.36;389;91;106;78;96435;0.49;0.01;0.4;0.38
1988;2;18;49;5;1.9;0.2;-2.5;-4.4;-6.2;2.8;-2.7;0.14;1.1;2.5;1.6;401;91;91;60;96217;0.79;1.21;0.4;0.38
1988;2;19;50;4.9;2.1;-0.1;-0.1;-1.8;-3.4;2.6;-1.7;0.15;1.1;2.5;2.3;294;72;97;48;95889;1.26;4.28;0.4;0.38
1988;2;20;51;1.5;-0.8;-5.6;-2;-4.8;-9.8;0.7;-4.1;0.17;1.1;2.5;3.98;214;66;89;67;96635;0.64;2.6;0.4;0.38
1988;2;21;52;-0.1;-4.3;-8;-6.6;-9.5;-11.1;0.9;-2;0.19;1.1;2.5;4.77;423;110;115;85;97606;0.29;0;0.4;0.38
1988;2;22;53;5.1;1;-3.9;-1.8;-4;-9.3;2.5;-1.5;0.18;1.1;2.5;4.43;384;99;101;63;97007;0.43;0.16;0.4;0.38
1988;2;23;54;8;2;-2.4;-0.1;-2.7;-5.5;0.8;0.8;0.17;1.1;2.5;3.62;383;97;103;59;95781;0.53;0.72;0.39;0.38
1988;2;24;55;1.6;-0.2;-1.3;-1.9;-2.8;-4.2;0.2;-2.7;0.19;1.1;2.5;5.11;181;44;44;29;94847;0.57;7.12;0.39;0.38
1988;2;25;56;0.8;-0.9;-3.4;-3.1;-4.1;-6.8;2.4;-3.6;0.38;1.1;2.5;17.32;179;41;61;31;94498;0.68;9.27;0.39;0.38
1988;2;26;57;1.9;-1.7;-7.1;-4.4;-6.4;-10.2;1.2;-3.2;0.39;1.2;2.5;18.08;291;75;106;47;95298;0.96;3.41;0.39;0.38
1988;2;27;58;0.6;-0.4;-1.5;-1.9;-3;-4.1;2.7;-4.4;0.4;1.2;2.5;28.96;123;27;19;10;95281;0.58;12.65;0.39;0.38
1988;2;28;59;2.5;0.1;-4.9;-2.8;-3.9;-7.3;2.1;-1.2;0.39;1.2;2.5;32.8;187;47;75;34;95149;0.69;1.16;0.39;0.38
1988;2;29;60;2.8;-2.6;-8;-4.4;-7.1;-10.2;1.5;-0.1;0.39;1.2;2.5;32.3;354;87;115;64;94309;0.74;0.54;0.39;0.38
1988;3;1;61;2.7;-3.2;-10.3;-4.8;-7.5;-12.1;2.1;0;0.38;1.2;2.5;31.02;329;80;103;61;94150;0.64;0.84;0.39;0.38
1988;3;2;62;-0.2;-3.3;-7.6;-6.1;-7.4;-9.7;2.1;-2.7;0.38;1.2;2.5;31.15;315;87;79;57;95317;0.86;2.21;0.39;0.38
1988;3;3;63;2;-2.7;-6.5;-4.4;-7;-9.1;1.1;-0.6;0.38;1.2;2.5;31.28;313;87;93;64;95927;0.77;0.13;0.39;0.38
1988;3;4;64;4.9;-2;-10.5;-2.5;-6.8;-13.1;0.3;1.3;0.37;1.2;2.5;28.39;375;104;122;69;95445;0.58;0;0.39;0.38
1988;3;5;65;5.2;0.1;-6.5;2.2;-1.7;-7.5;0.9;1;0.36;1.2;2.5;23.99;319;67;98;35;95266;0.07;10.77;0.4;0.38
1988;3;6;66;2.7;-0.5;-7.2;-0.7;-5;-10.2;1.7;-2.6;0.37;1.2;2.5;24.5;319;86;115;52;95759;1.09;0.89;0.4;0.38
1988;3;7;67;2.5;-1.4;-6.5;-1;-4.7;-9.5;1.4;1;0.36;1.2;2.5;23.91;150;44;61;35;95314;0.34;0.94;0.4;0.38
1988;3;8;68;1.1;-1.2;-4;-4;-5.6;-7;2.5;-4;0.35;1.2;2.5;23.39;338;101;96;75;95607;1.14;0.44;0.4;0.38
1988;3;9;69;0.5;-1.8;-3.5;-5.7;-6.9;-7.8;2.5;-6.6;0.34;1.2;2.5;22.9;234;69;75;50;96510;1.35;0.44;0.4;0.38
1988;3;10;70;2.3;-1.5;-4.6;-6.5;-7.3;-9.4;1.8;-4;0.34;1.3;2.5;22.07;347;100;96;70;97020;1.23;0;0.4;0.39
1988;3;11;71;4.8;0;-4.8;-1.7;-4.7;-9.6;2.2;-1.4;0.32;1.3;2.5;20.29;292;75;86;50;96504;0.66;0.57;0.4;0.39
1988;3;12;72;5.9;0.8;-5.4;1.5;-2.5;-8.1;1.5;0.3;0.31;1.3;2.5;18.83;229;51;73;30;95588;0.51;7.86;0.4;0.39
1988;3;13;73;3.3;0.7;-1.5;0.1;-3.3;-6.3;1.7;-0.5;0.32;1.3;2.6;20.24;271;65;60;37;95612;0.83;2.77;0.4;0.39
1988;3;14;74;5.1;0.8;-1.6;2.1;-0.5;-3.4;0.2;0;0.32;1.3;2.6;20.63;205;51;63;31;95339;0.16;6.27;0.41;0.39
1988;3;15;75;5.9;2.4;-0.1;1.8;0.6;-0.4;0.2;1.3;0.32;1.3;2.6;19.9;170;52;63;28;95942;0.2;1.58;0.41;0.39
1988;3;16;76;11.9;5.8;2;4.3;2.5;0.8;2;3.2;0.27;1.3;2.6;12.76;299;82;76;48;94520;0.52;2.06;0.42;0.39
1988;3;17;77;8.6;5.3;1.7;2.1;0.1;-1.9;2.5;-2.3;0.21;1.3;2.6;7.47;434;128;91;65;94713;1.21;0.07;0.42;0.39
1988;3;18;78;5.1;1.3;-2.1;0;-3.6;-6;1;-1.5;0.19;1.4;2.6;5.53;322;97;85;69;95805;0.9;1.78;0.42;0.39
1988;3;19;79;4.6;0.2;-3.3;-5.4;-6.9;-9.5;1;-3.1;0.19;1.4;2.6;5.13;508;149;118;82;96860;1.35;0.02;0.42;0.39
1988;3;20;80;7.9;2.2;-3.6;2.2;-1.9;-7.3;0.9;1.8;0.18;1.4;2.6;4.92;370;82;70;34;96396;0.56;2.93;0.41;0.39
1988;3;21;81;10.7;5.8;0.8;7.4;4.2;-0.3;1.1;0.7;0.17;1.4;2.6;3.3;255;64;59;36;95828;0.38;4.55;0.41;0.39
1988;3;22;82;9.2;5.8;2.2;6.1;3.6;1.8;1.4;-0.9;0.15;1.4;2.6;1.76;199;57;44;23;95824;0.95;7.75;0.42;0.39
1988;3;23;83;10.3;6.3;3.7;3.1;1.7;-0.5;1.8;-2.2;0.14;1.5;2.6;0.81;457;134;99;46;96065;1.68;2.82;0.42;0.39
1988;3;24;84;8.9;4;-1.5;3.9;0.5;-2.3;1.8;-0.5;0.14;1.5;2.6;0.57;468;101;92;60;96146;1.09;4.15;0.42;0.4
1988;3;25;85;10.9;5.8;1.4;4.9;2;-1.6;1.2;2.4;0.14;1.5;2.6;0.55;409;101;75;45;95545;1.54;6.12;0.42;0.4
1988;3;26;86;11.6;6.1;1.3;2.9;0.2;-1.4;2.2;-0.9;0.14;1.5;2.6;0.29;559;154;107;70;95534;1.86;1.34;0.42;0.4
1988;3;27;87;7.9;3.5;-2;1.3;-1.3;-3.4;2.4;-2;0.14;1.5;2.6;0.2;474;141;93;66;95782;1.3;0.56;0.42;0.4
1988;3;28;88;6.8;3.9;1.7;-0.2;-1.1;-1.9;2.6;-3.5;0.14;1.6;2.6;0.2;524;146;94;71;96177;1.61;1.62;0.41;0.4
1988;3;29;89;9.3;4.7;0.4;0.4;-1.3;-2.4;0.6;-2.1;0.14;1.6;2.6;0.16;531;162;111;81;96346;1.39;0;0.41;0.4
1988;3;30;90;13;6.7;-0.1;1.3;-0.7;-3;-0.1;3.9;0.14;1.6;2.6;0.08;621;170;112;76;95666;1.73;0;0.41;0.4
1988;3;31;91;10.3;6.3;2.3;8;4.1;0;-0.8;2.5;0.14;1.6;2.6;0.02;211;71;70;38;95391;1.33;9.61;0.41;0.4
1988;4;1;92;11;5.6;0.2;2.4;0.5;-1;1.6;-1.1;0.14;1.6;2.6;0;542;150;92;63;95701;1.82;0.92;0.41;0.4
1988;4;2;93;11.3;6;-0.4;2.4;-0.3;-2.3;0.7;-0.3;0.14;1.7;2.6;0;480;150;95;70;96413;1.53;0.32;0.41;0.4
1988;4;3;94;11.3;7;1.5;5.6;3.8;0.5;-0.5;0.1;0.14;1.7;2.6;0;387;133;89;57;96788;1.24;0.55;0.4;0.4
1988;4;4;95;12.2;7.7;1.2;5.6;4.3;1.1;-0.6;1.8;0.14;1.7;2.6;0;486;140;86;53;96631;1.45;0.51;0.4;0.4
1988;4;5;96;9.2;7.4;4.9;8;6.6;4.8;-0.7;-0.4;0.14;1.7;2.6;0;157;41;34;14;96535;0.67;4.85;0.4;0.4
1988;4;6;97;14.3;10.4;6.6;6.7;6.2;5.6;-1.2;-0.5;0.14;1.7;2.6;0;552;130;96;34;96565;1.65;0.39;0.4;0.4
1988;4;7;98;11;9.3;6.7;7.7;6.4;5;-0.9;1.2;0.14;1.8;2.6;0;274;69;49;25;96202;0.95;1.18;0.4;0.4
1988;4;8;99;14.5;9.9;6;9.1;6.7;5.1;1.2;0.9;0.14;1.8;2.6;0;443;122;72;48;95568;1.81;4.32;0.4;0.4
1988;4;9;100;12.7;9.3;5.8;7.5;6.1;4.6;0.7;-0.3;0.15;1.8;2.6;0;415;129;78;46;95913;1.78;6.19;0.4;0.4
1988;4;10;101;8.4;4.4;0.7;5.9;-1.3;-5.7;0.5;-2.5;0.15;1.8;2.6;0.27;494;138;122;54;96547;2.01;5.94;0.41;0.4
1988;4;11;102;13.9;7;-0.6;2.5;0.1;-2.6;0.9;1.8;0.15;1.8;2.6;0.24;624;209;128;93;96797;2.18;0;0.4;0.4
1988;4;12;103;16.5;10.1;1.5;6;3.6;-0.3;0.2;2.5;0.15;1.9;2.6;0.08;670;218;126;88;96195;2.38;0;0.4;0.4
1988;4;13;104;13.1;9.5;2.1;8.7;6.1;-0.8;1.9;-1.3;0.15;1.9;2.6;0.02;293;96;65;37;95734;2.41;6.94;0.4;0.4
1988;4;14;105;5.7;3;0.5;-2.7;-6.6;-7.6;1.4;-5.3;0.15;1.9;2.6;0.18;507;167;98;82;97072;1.97;0.24;0.4;0.4
1988;4;15;106;8.2;3.7;-2.1;-1.9;-4.6;-7.2;0.1;-1.7;0.15;1.9;2.6;0.16;692;229;136;102;96973;2.06;0;0.4;0.4
1988;4;16;107;11.4;5.5;0.4;1;-2.5;-4.5;-0.1;-0.3;0.15;2;2.6;0.08;707;236;148;105;96497;2.24;0;0.39;0.4
1988;4;17;108;13.3;7;0.2;2.9;0.2;-3.8;-0.4;2.4;0.15;2;2.6;0.02;669;219;118;87;96238;2.26;0;0.39;0.4
1988;4;18;109;16.7;9.9;1;8.6;4.8;-0.4;0.3;-0.8;0.15;2;2.6;0;693;228;131;89;96190;2.43;0.03;0.39;0.4
1988;4;19;110;18;12.3;5.7;9;6.3;4.8;-0.1;-0.7;0.15;2.1;2.7;0;692;231;133;90;96122;2.81;0;0.38;0.4
1988;4;20;111;19.2;13.3;6.3;7.9;6.5;4.8;0.3;2.4;0.15;2.1;2.7;0;664;222;116;79;95958;2.93;1.85;0.38;0.4
1988;4;21;112;14.4;11.3;7.4;8.7;7.7;6.1;1.5;-1.9;0.15;2.1;2.7;0;336;98;71;36;96373;1.83;3.6;0.38;0.4
1988;4;22;113;16.6;11.4;5.3;7.7;6.3;4.1;1.3;-0.9;0.15;2.2;2.7;0;496;182;99;67;96226;2.42;0.82;0.38;0.4
1988;4;23;114;13.8;8;1.6;8.9;2.8;-6.9;0.1;-2.7;0.15;2.2;2.7;0;512;150;82;61;96007;2.24;5.86;0.38;0.4
1988;4;24;115;6.1;2.7;-0.2;-3;-5.1;-5.9;-0.5;-2;0.16;2.2;2.7;0;682;198;109;76;96403;2.01;0;0.38;0.4
1988;4;25;116;10.4;4.8;-1.7;0.5;-1.9;-5.5;-0.1;1.9;0.16;2.3;2.7;0;714;238;133;95;96091;2.33;0;0.38;0.4
1988;4;26;117;12.7;7.2;0;4.1;1.7;-1;-0.4;1.1;0.16;2.3;2.7;0;640;207;114;79;96292;2.33;0;0.37;0.4
1988;4;27;118;14.4;9.2;2.3;5.4;3.7;1.2;-0.7;2.3;0.16;2.3;2.7;0;679;220;118;79;96634;2.58;0;0.37;0.4
1988;4;28;119;14.2;10.4;4.8;9;6.5;3.5;-1.2;1.2;0.16;2.4;2.7;0;405;124;67;40;96382;1.65;0.98;0.37;0.4
1988;4;29;120;14.8;11.2;7.2;8.6;7.1;5.3;-0.8;-0.8;0.16;2.4;2.7;0;487;155;83;51;96086;2.03;0.3;0.37;0.4
1988;4;30;121;16;11.4;6.3;10.4;8.6;5.5;-0.4;1.3;0.16;2.4;2.7;0;519;181;84;58;96004;2.35;2.94;0.36;0.4
1988;5;1;122;17.1;12.9;8.1;8.4;7.8;7.4;-0.2;3.4;0.16;2.5;2.7;0;679;204;104;68;96057;3;0.07;0.36;0.4
1988;5;2;123;19.6;14.5;8.9;9;7.8;6.6;1.1;4.5;0.16;2.5;2.7;0;614;202;92;77;95824;3.2;0;0.36;0.4
1988;5;3;124;18.5;14.2;9.5;9.5;8.3;6.6;2.2;3.3;0.16;2.6;2.7;0;650;211;98;76;95729;3.15;2.11;0.36;0.4
1988;5;4;125;19.9;14.1;6.3;9.2;6.8;5.4;1;2.6;0.16;2.6;2.7;0;704;226;118;75;96080;3.56;0.04;0.35;0.4
1988;5;5;126;19.2;14.8;10.6;10.6;8.9;6.1;0.8;0.1;0.16;2.6;2.7;0;586;171;98;53;96205;3.1;4.04;0.35;0.4
1988;5;6;127;18.4;14.4;10.2;11.5;9.7;8;0.6;-2.1;0.16;2.7;2.7;0;651;204;99;67;96808;3.11;1.44;0.35;0.4
1988;5;7;128;18.5;14.2;8.2;9.6;8.3;6.7;-0.9;-0.1;0.16;2.7;2.7;0;638;202;109;71;97186;2.92;0.11;0.35;0.4
1988;5;8;129;17.8;13.9;8.8;9.6;8.5;6.8;-1.5;1.5;0.16;2.7;2.7;0;555;161;81;48;97050;2.42;0.18;0.35;0.4
1988;5;9;130;17.9;13.7;8.9;8.3;7;6.1;-0.5;1;0.16;2.8;2.7;0;588;181;95;67;96650;2.75;0;0.34;0.4
1988;5;10;131;17;12.6;6.6;5.6;3.7;-0.1;-0.2;-2.3;0.16;2.8;2.7;0;689;223;118;75;96266;3.34;0;0.34;0.4
1988;5;11;132;13.6;10.1;6.3;3.8;1.8;-0.7;-0.3;-1.2;0.17;2.8;2.8;0;488;181;101;74;96384;2.5;0.02;0.34;0.4
1988;5;12;133;17.1;11.9;4.2;6.4;4.4;2.2;-1;1.2;0.17;2.9;2.8;0;678;218;119;75;96276;3.03;0;0.33;0.4
1988;5;13;134;17.3;13.7;8.8;9.4;7.7;5.8;-1.4;1.6;0.17;2.9;2.8;0;539;159;94;50;96180;2.36;0.41;0.33;0.4
1988;5;14;135;18.6;14.8;11.5;10.3;9.2;7.7;-1.6;0.5;0.17;2.9;2.8;0;412;123;59;37;96239;2.01;0.81;0.33;0.4
1988;5;15;136;17.7;14.5;10;11.8;9.8;6.6;-0.7;-0.7;0.17;3;2.8;0;540;156;71;44;96071;2.8;2.99;0.33;0.39
1988;5;16;137;20.4;15.4;9.8;13.1;11.3;8.6;0.1;0.5;0.17;3;2.8;0;660;212;106;66;95920;3.08;3.8;0.33;0.39
1988;5;17;138;21.7;16.1;10.5;13.8;12.2;9.6;0.9;1.3;0.17;3;2.8;0;644;204;104;68;95566;3.28;2.18;0.33;0.39
1988;5;18;139;20;15.6;11.2;15.1;12.9;10.3;0.6;0.5;0.17;3;2.8;0;638;178;90;53;95657;3.03;14.17;0.33;0.39
1988;5;19;140;19.4;15.3;9.9;14.5;12.5;9.5;0.2;0.4;0.17;3;2.8;0;515;158;76;52;96004;2.78;5.67;0.34;0.39
1988;5;20;141;19.1;14.2;9.4;14.4;11.6;9;1.3;-1.6;0.17;3;2.8;0;493;157;79;41;96141;3.44;11.3;0.34;0.39
1988;5;21;142;9.9;8.4;7.4;7.9;3.5;1.5;2.1;-5.3;0.17;3;2.8;0;324;91;59;24;96903;3.12;5.95;0.35;0.39
1988;5;22;143;12.7;9.9;7.3;3.3;2.1;1.2;0.4;-3.9;0.17;3;2.8;0;472;138;65;40;97026;2.55;0.05;0.35;0.39
1988;5;23;144;13.3;10.3;7.1;6.4;5;2.5;0.7;-2.5;0.17;3;2.8;0;319;127;70;49;96740;1.96;0;0.35;0.39
1988;5;24;145;19.1;13;5.8;9.3;7.4;4.9;0.1;-1;0.17;3;2.8;0;607;226;105;74;96669;3.35;0;0.34;0.39
1988;5;25;146;19.1;14.6;7.6;12;9.6;6.8;0.4;-1.4;0.17;3;2.8;0;567;172;89;53;96644;2.71;0.05;0.34;0.39
1988;5;26;147;20.6;16.3;11.2;13.4;11.9;8.9;-0.4;-0.8;0.17;3;2.8;0;654;213;97;60;96234;3.27;8.95;0.34;0.39
1988;5;27;148;19.7;15.6;11.2;14.7;12.9;10.4;-0.8;0.7;0.17;3;2.8;0;542;190;74;55;95847;3.47;7.89;0.35;0.39
1988;5;28;149;20.5;15.9;9.8;13.2;11.6;9.8;-0.1;2.6;0.17;3;2.8;0;684;234;99;70;95661;3.81;0.19;0.35;0.39
1988;5;29;150;20.9;16.5;10.8;13.3;11.9;9.9;-0.3;2.2;0.17;3;2.8;0;627;221;95;73;95676;3.53;0.74;0.34;0.39
1988;5;30;151;19.2;15.5;11.8;13.2;11;9.7;0.8;0.7;0.17;3;2.8;0;388;139;74;52;95843;2.44;0.82;0.34;0.39
1988;5;31;152;17;14.7;11.6;10.5;9.3;7.7;1.1;-1;0.17;3;2.8;0;320;107;60;38;96148;2.03;0.72;0.34;0.39
1988;6;1;153;15.2;12.7;11.2;9.8;8.5;6.4;1.2;-2.6;0.17;3;2.8;0;255;79;69;31;95953;2.29;6.1;0.34;0.39
1988;6;2;154;16.5;13.5;10.6;7.5;6.8;6;2.8;-3.7;0.17;3;2.8;0;600;210;92;75;96220;3.59;0.8;0.34;0.39
1988;6;3;155;19.9;15;10.7;11;9;7.5;0.9;-1;0.17;3;2.8;0;548;192;86;66;96310;3.2;0.26;0.34;0.39
1988;6;4;156;24.1;18.2;10.9;14.9;12.2;8;0.2;1.9;0.17;3;2.8;0;708;248;106;72;95711;4.08;0.02;0.34;0.39
1988;6;5;157;16.9;14.8;12.1;13;11.7;10.6;1.5;-2.8;0.17;3;2.8;0;343;87;46;27;95742;2.26;15.53;0.33;0.39
1988;6;6;158;17.4;13.5;11.3;13.6;12;11.1;0.5;-1.1;0.17;3;2.8;0;316;76;75;23;95589;1.53;16.51;0.36;0.39
1988;6;7;159;19.7;15.6;12;14.1;12.2;10.3;0.2;-0.3;0.17;3;2.8;0;584;191;100;52;95872;3.31;1.69;0.36;0.39
1988;6;8;160;21.1;16;9.4;12;9.4;7.8;0.6;1.1;0.17;3;2.8;0;650;248;118;85;96070;4.19;0.06;0.36;0.39
1988;6;9;161;22.2;17.1;10.5;14.8;10.7;8.2;0.9;-0.3;0.17;3;2.8;0;543;211;97;72;96276;3.58;0.14;0.35;0.39
1988;6;10;162;22.6;17.3;11.1;17;13.9;10.1;0.3;-0.3;0.17;3;2.8;0;685;209;101;65;96188;3.32;6.81;0.35;0.39
1988;6;11;163;20.6;17.4;12.9;14.3;12.9;11.4;0.9;-0.4;0.17;3;2.8;0;588;199;91;61;95776;3.65;10.13;0.36;0.39
1988;6;12;164;20;15.8;12.3;15.3;12.2;7.6;0;-1.8;0.17;3;2.8;0;512;154;69;51;95986;3.18;7.51;0.36;0.39
1988;6;13;165;17.8;14.2;10.4;8.2;6.2;4.8;0.9;-2.8;0.17;3;2.8;0;617;205;94;67;96208;3.93;0;0.36;0.39
1988;6;14;166;22.4;16.6;8.9;12.8;8.6;5.5;1.2;-0.2;0.17;3;2.8;0;660;227;105;75;96106;3.93;0;0.36;0.39
1988;6;15;167;21.4;17.4;12.4;12.7;10.8;7.9;1.3;-1.9;0.17;3;2.8;0;514;190;77;57;96007;3.57;0.32;0.35;0.38
1988;6;16;168;19.5;16.1;12.9;13.3;11.9;10.1;0.5;-1.7;0.17;3;2.8;0;583;178;82;53;96014;3.33;3.83;0.35;0.38
1988;6;17;169;18.8;15.2;10.6;9.1;7.3;6.1;0.7;-2.6;0.17;3;2.8;0;554;192;96;71;95931;3.63;0.21;0.35;0.38
1988;6;18;170;20.2;16.1;10.5;9.8;8;6.1;1.1;-1.9;0.17;3;2.8;0;556;205;95;70;96218;3.75;0.26;0.35;0.38
1988;6;19;171;21.9;16.8;11.4;12.4;10.1;7.4;0.8;-2.4;0.17;3;2.8;0;679;222;98;72;96374;3.9;1.3;0.34;0.38
1988;6;20;172;17.7;14.9;12.3;12;9.9;6.6;1.2;-2.7;0.17;3;2.8;0;557;175;92;63;96414;3.08;2.73;0.34;0.38
1988;6;21;173;19.6;15.6;11.8;8.7;7.4;6;1.9;-2.8;0.17;3;2.8;0;598;199;95;71;96426;3.77;0.43;0.34;0.38
1988;6;22;174;21;16.6;11.6;11.4;9.1;5.8;2.1;-1.7;0.17;3;2.8;0;594;209;90;68;96606;3.68;0.3;0.34;0.38
1988;6;23;175;16.2;13.7;9.8;13.3;10.5;5.3;1.2;-1.6;0.17;3;2.8;0;434;85;91;42;96648;2.23;9.81;0.34;0.38
1988;6;24;176;16.4;13;9.1;10.1;7.1;4.8;1.1;-2;0.16;3;2.8;0;390;145;76;53;96491;2.55;0.19;0.34;0.38
1988;6;25;177;18.7;15.2;11.5;13.1;10.4;9.4;0.4;-0.4;0.16;2.9;2.8;0;428;148;67;42;96222;2.56;0.93;0.34;0.38
1988;6;26;178;19.9;15.7;10.9;13.7;12.2;10;-0.1;0.5;0.16;2.9;2.8;0;610;205;92;62;96091;3.15;1.65;0.34;0.38
1988;6;27;179;21.8;17.1;10.3;13.7;12.1;10;0.3;1.6;0.16;2.9;2.8;0;648;234;97;70;96073;3.69;0.2;0.34;0.38
1988;6;28;180;23;18.5;13.3;16.5;14.7;11.9;-0.3;1.6;0.16;2.9;2.8;0;619;220;89;64;95874;3.57;2.37;0.33;0.38
1988;6;29;181;23.1;18.4;13.9;16.9;15.8;13.8;0.5;-0.2;0.16;2.9;2.8;0;626;183;88;53;95929;3.18;6.04;0.33;0.38
1988;6;30;182;26;20.8;13.7;16.7;15.1;12.8;0.3;1.1;0.16;2.9;2.8;0;644;239;99;67;96305;4.25;0.19;0.33;0.38
1988;7;1;183;27.1;21.4;14.9;17;15.2;13.1;0.7;3.4;0.16;2.9;2.8;0;685;227;94;72;95610;4.14;0.05;0.33;0.38
1988;7;2;184;20.4;17.4;13.4;15.3;12.8;11.2;1.2;-1.3;0.16;2.9;2.8;0;483;143;91;47;95400;3.18;5.63;0.33;0.38
1988;7;3;185;24.1;18.6;12.6;15.2;12.6;10.9;0.6;2.5;0.16;2.9;2.8;0;589;208;85;59;95514;3.68;0.03;0.33;0.38
1988;7;4;186;25.5;19.9;13.3;15.5;13.3;10.4;1.2;2.4;0.16;2.9;2.7;0;579;218;89;67;95899;3.78;0;0.32;0.38
1988;7;5;187;30.2;24.5;17.4;16.6;14.6;13.3;2.4;3.8;0.16;2.9;2.7;0;706;250;105;80;95920;4.95;0;0.32;0.38
1988;7;6;188;29;21.6;17.3;18.2;15;12.7;1.2;-1.2;0.16;2.8;2.7;0;708;233;103;78;96443;4.06;5.07;0.32;0.38
1988;7;7;189;25.2;19.8;14.7;16.5;14.4;12.6;0.5;-1.1;0.16;2.8;2.7;0;653;194;96;54;96681;3.86;3.56;0.32;0.38
1988;7;8;190;22.1;18.9;16.1;14.6;13.6;12.2;0.7;-2;0.16;2.8;2.7;0;469;151;70;53;96644;2.93;2;0.32;0.38
1988;7;9;191;23.5;19.2;14.5;15.1;11.5;9.5;1.4;-1.9;0.16;2.8;2.7;0;638;220;101;70;96610;4.09;1.46;0.32;0.38
1988;7;10;192;21.6;18.1;14.3;11.9;9.9;8.4;1;-2.4;0.16;2.8;2.7;0;544;191;82;70;96988;3.35;0.06;0.31;0.38
1988;7;11;193;24.3;19.7;15.3;14.4;11.5;8.8;-0.5;0.8;0.16;2.8;2.7;0;691;241;106;78;96791;3.67;0;0.31;0.38
1988;7;12;194;21;17.4;13.3;15.2;13.7;12;1.1;-0.9;0.16;2.8;2.7;0;281;111;80;49;96512;2.11;2.48;0.31;0.38
1988;7;13;195;23.9;18.7;12.5;14;12.7;11.3;0.4;0.5;0.16;2.8;2.7;0;615;226;105;74;96292;3.56;0.21;0.31;0.38
1988;7;14;196;22.7;17.4;12.5;15.5;12;8.2;1.1;-0.6;0.16;2.8;2.7;0;461;126;73;49;96073;2.78;10.26;0.31;0.38
1988;7;15;197;17.8;14.9;12.1;11.4;9.1;6.7;1;-1.8;0.16;2.8;2.7;0;328;108;63;38;96292;2.1;0.58;0.31;0.38
1988;7;16;198;19.2;15.7;11.9;9.8;8.1;7.3;1.9;-2.3;0.16;2.8;2.7;0;556;203;92;77;96318;3.27;0.27;0.31;0.38
1988;7;17;199;20.3;16.7;12.3;11.6;8.9;7.3;1.2;-0.6;0.16;2.8;2.7;0;637;205;108;73;96410;3.14;0.12;0.31;0.37
1988;7;18;200;22;17.5;13.9;15.5;12.8;11.3;0.8;-0.1;0.16;2.8;2.7;0;500;177;92;51;96394;2.87;1.75;0.31;0.37
1988;7;19;201;20.2;16.5;12.8;12.2;10.6;9.7;1.7;-1.6;0.16;2.7;2.7;0;512;157;75;59;96510;2.67;0.41;0.3;0.37
1988;7;20;202;22.4;17.4;11.2;12.8;10.7;9.6;0.2;-0.5;0.16;2.7;2.7;0;488;183;92;64;96656;2.89;0.08;0.3;0.37
1988;7;21;203;27.6;21.3;13.9;16.6;13.4;10.6;0.5;0.5;0.16;2.7;2.7;0;679;238;110;74;96637;3.74;0;0.3;0.37
1988;7;22;204;29.3;23;16.1;18.6;15.6;13.9;1;0.5;0.16;2.7;2.7;0;674;230;106;67;96618;3.68;0.24;0.3;0.37
1988;7;23;205;31.2;25.3;17.6;19.1;17.1;16.2;0.5;1.1;0.16;2.7;2.7;0;682;236;108;74;96515;3.95;0;0.29;0.37
1988;7;24;206;32.1;26.3;20.9;17.1;15.4;12.7;0.6;2.3;0.16;2.7;2.7;0;691;240;108;79;96231;4.2;0.01;0.29;0.37
1988;7;25;207;25.6;21.3;17.3;14.6;11.9;11;1.5;-3.3;0.16;2.7;2.7;0;675;238;112;81;96983;3.6;0;0.29;0.37
1988;7;26;208;28.9;22.6;15.8;14.8;12.9;10.7;0;0.8;0.16;2.7;2.7;0;704;253;129;93;96885;3.69;0;0.28;0.37
1988;7;27;209;30.5;24.3;17.3;17.1;15.1;13.1;0.6;-0.2;0.16;2.7;2.7;0;684;225;115;75;96371;3.56;0.52;0.28;0.37
1988;7;28;210;23.6;19.8;16.3;14.9;10;7.8;0.9;-2.6;0.16;2.7;2.7;0;703;254;127;92;96727;3.41;0;0.28;0.37
1988;7;29;211;28.1;22;15;16.4;12.5;8.1;0.6;1.6;0.16;2.7;2.7;0;683;236;113;74;96128;3.44;2.66;0.27;0.37
1988;7;30;212;22.1;18.1;14;15.8;10.6;7.2;1.3;-3.2;0.16;2.7;2.7;0;618;190;99;59;96693;4.04;9.08;0.28;0.37
1988;7;31;213;24.1;18.9;12.3;11.9;10.3;8.9;0.2;1.2;0.16;2.7;2.7;0;688;230;116;84;96989;3.36;0;0.28;0.37
1988;8;1;214;27.3;21.6;14.2;13.8;12.5;10.5;0.7;2.2;0.16;2.7;2.7;0;695;239;123;84;96843;3.53;0;0.28;0.37
1988;8;2;215;29.8;23.6;17.8;16.1;13.5;10.8;1;1.2;0.16;2.7;2.7;0;641;222;112;78;96330;3.54;0.28;0.27;0.37
1988;8;3;216;26.9;20.3;13.7;17.8;14.3;10.1;1.2;-1.7;0.16;2.7;2.7;0;525;126;77;50;95910;2.82;14.28;0.27;0.37
1988;8;4;217;16.9;13.2;10.9;9;7.9;6.8;-0.3;-2.8;0.16;2.6;2.7;0;606;168;94;51;96501;3.09;3.38;0.28;0.37
1988;8;5;218;20.9;15.5;11.1;9.1;8.2;6.9;1.7;-2.7;0.16;2.6;2.7;0;599;167;98;54;96581;3.29;1.9;0.29;0.37
1988;8;6;219;22.2;17.5;12.7;10.4;8.9;7.3;0.9;-2.6;0.16;2.6;2.7;0;624;204;99;72;96876;3.11;0.01;0.28;0.37
1988;8;7;220;24.3;18.8;12.6;14.7;12.3;10;0.3;-0.6;0.16;2.6;2.7;0;594;201;97;71;96786;2.92;0;0.28;0.37
1988;8;8;221;25.9;20.5;13.3;15.1;13.5;12.2;0.1;1.1;0.16;2.6;2.7;0;668;209;111;73;96435;3.09;0;0.28;0.37
1988;8;9;222;25.4;20.3;16.3;17.4;15.1;13.5;0.9;-0.2;0.16;2.6;2.7;0;601;160;91;57;96290;2.5;4.23;0.28;0.37
1988;8;10;223;25.8;21;16.2;16.8;14.9;13.8;0.7;-0.1;0.16;2.6;2.7;0;570;184;96;64;96350;2.9;0.51;0.28;0.37
1988;8;11;224;29.3;23;15.9;17.4;15;13.4;1;0.5;0.16;2.6;2.7;0;663;209;110;72;96239;3.26;0.03;0.27;0.36
1988;8;12;225;29.2;23.6;18;18.2;16.3;14.4;0.7;0.7;0.16;2.6;2.7;0;646;213;103;70;96323;3.23;0.22;0.27;0.36
1988;8;13;226;28.2;22.4;18.4;19;16.9;14.8;1.2;-1;0.16;2.6;2.7;0;601;183;97;63;96511;2.91;4.92;0.27;0.36
1988;8;14;227;27.9;23.1;17.4;18.4;17.3;16;0.3;0.9;0.16;2.6;2.7;0;622;195;90;62;96634;3.05;0.23;0.27;0.36
1988;8;15;228;30;24.3;19.7;19.5;18;16.1;1.1;0.1;0.16;2.6;2.7;0;614;193;97;62;96372;3.24;2.77;0.27;0.36
1988;8;16;229;27.6;22.8;19.3;19.3;18.1;16.4;1.1;-0.7;0.16;2.6;2.7;0;557;167;89;53;96335;2.99;8.15;0.27;0.36
1988;8;17;230;23.2;20;16.7;16;13.4;9.2;0.9;-3.3;0.15;2.6;2.7;0;543;164;88;61;96627;2.87;0.2;0.28;0.36
1988;8;18;231;24.2;18.9;13.3;12.3;10.4;9.2;0.1;-0.7;0.15;2.6;2.7;0;655;219;123;88;96744;3.11;0;0.27;0.36
1988;8;19;232;26.5;20.9;14.5;13.1;11.4;10;0.4;2.8;0.15;2.6;2.7;0;652;219;116;85;96246;3.28;0;0.27;0.36
1988;8;20;233;28.9;22.7;16.5;15;12.8;9.6;0.7;2.5;0.15;2.6;2.7;0;653;216;112;85;95735;3.52;2.64;0.27;0.36
1988;8;21;234;19.8;16.2;13.3;13.6;11.1;10;0.3;-0.3;0.15;2.6;2.7;0;424;106;84;42;96125;2.6;6.94;0.27;0.36
1988;8;22;235;18.9;15.5;13.5;12.6;11.5;10.5;0.6;-2.2;0.15;2.6;2.7;0;391;89;64;36;96104;1.85;10.65;0.28;0.36
1988;8;23;236;15.8;13.7;12.4;12.2;11;9.6;2.2;-3.8;0.15;2.5;2.7;0;334;65;47;30;96134;3.07;14.19;0.29;0.36
1988;8;24;237;18;14.1;9.9;9.2;7.5;5.9;0.1;-0.4;0.15;2.5;2.7;0;490;154;94;72;96118;2.54;0;0.29;0.36
1988;8;25;238;19.9;14.8;11.6;14.4;10.4;6.8;0.9;0;0.15;2.5;2.7;0;571;144;94;52;95473;2.88;7.95;0.29;0.36
1988;8;26;239;18.1;14.5;11.1;9;7.1;6.1;2.4;-1.9;0.15;2.5;2.7;0;558;177;97;69;96096;2.87;0.4;0.3;0.36
1988;8;27;240;17.1;14.2;10.3;10.4;8.7;6.7;2;-0.9;0.15;2.5;2.7;0;455;128;76;60;96520;2.17;1.24;0.29;0.36
1988;8;28;241;22.5;16.6;10;14;12.2;9.5;0.5;1.9;0.15;2.5;2.7;0;564;163;103;63;96381;2.38;0;0.29;0.36
1988;8;29;242;24.7;19;12.1;17.7;15.5;11.6;0.2;0.5;0.15;2.5;2.7;0;590;177;91;60;95766;2.59;4.58;0.29;0.36
1988;8;30;243;19.9;17;13.4;14.5;11.1;9.9;2;-2.3;0.15;2.5;2.7;0;396;96;81;44;96363;2.55;1.41;0.29;0.36
1988;8;31;244;21.9;17.2;12;12.8;11.1;8.8;0.1;1.7;0.15;2.5;2.7;0;562;168;95;65;96610;2.52;0;0.29;0.36
1988;9;1;245;24.1;18.9;12.7;15.1;13.5;11.3;0;2.3;0.15;2.5;2.7;0;608;189;109;76;96103;2.76;0.01;0.29;0.36
1988;9;2;246;22.9;17.3;11.4;17.5;13.3;7.5;1.3;1.5;0.15;2.5;2.7;0;375;91;71;42;94925;2.82;24.54;0.29;0.36
1988;9;3;247;20;15.2;11;10.2;7.9;5.6;1.6;-0.4;0.15;2.5;2.7;0;546;170;102;69;95842;3.2;0.36;0.31;0.36
1988;9;4;248;21.2;17;13.9;14.9;12.4;9.2;0.8;0.3;0.15;2.5;2.7;0;342;74;68;35;96481;1.21;0.12;0.3;0.36
1988;9;5;249;20.1;16.6;14.1;16.6;14.8;13;0.2;0.2;0.15;2.5;2.7;0;327;81;50;29;96956;1.41;7.27;0.3;0.36
1988;9;6;250;19.1;16.6;12.9;14.5;12.2;8.1;2;-3.1;0.15;2.5;2.7;0;493;121;81;52;96808;2.6;1.33;0.31;0.36
1988;9;7;251;16.2;13.6;11.4;9.7;8.1;7.2;1.3;-4.8;0.15;2.5;2.7;0;446;138;85;71;97154;2.23;0.7;0.31;0.36
1988;9;8;252;16.2;13.5;11;9.3;8.3;7.3;1;-4.1;0.15;2.5;2.7;0;365;117;84;65;97000;1.91;0.65;0.31;0.36
1988;9;9;253;17.9;13.5;8.8;10.3;8.3;6.5;0.5;-1.3;0.15;2.5;2.7;0;572;168;108;80;96818;2.17;0.01;0.3;0.36
1988;9;10;254;19.2;14;8.6;10.8;8.8;7.6;0.3;-0.2;0.15;2.5;2.7;0;528;162;107;72;97048;2.19;0;0.3;0.36
1988;9;11;255;23;16.1;8.9;13.6;10.9;7.9;0.5;0.5;0.15;2.5;2.7;0;580;175;115;75;96934;2.41;0;0.3;0.36
1988;9;12;256;20.5;16.4;12.7;16.1;13.5;11;0.9;0.2;0.15;2.5;2.7;0;309;94;65;43;96356;1.38;17.75;0.3;0.36
1988;9;13;257;14.4;13.1;10.6;13.5;11.7;9.5;0;-0.4;0.15;2.5;2.7;0;157;35;36;23;95803;1.06;28.21;0.33;0.36
1988;9;14;258;13;10.7;8.5;8.9;7.1;5.5;0.8;-1.6;0.15;2.5;2.7;0;240;71;82;38;95965;1.84;5.79;0.35;0.35
1988;9;15;259;13.9;10.8;8.6;8.4;6.9;5;0.8;-3;0.15;2.5;2.7;0;455;106;66;42;96336;1.91;6.02;0.35;0.35
1988;9;16;260;12;10.1;8;9.1;8;6.3;1.7;-2.7;0.15;2.4;2.7;0;356;71;76;37;96340;2.19;10.27;0.36;0.35
1988;9;17;261;14.5;10.9;7.9;8.3;7.2;5.8;2.1;-3.1;0.15;2.4;2.7;0;487;102;80;50;96467;1.64;0.95;0.36;0.35
1988;9;18;262;14.5;12.1;10;8.4;8;7.2;2.4;-3.6;0.14;2.4;2.7;0;346;90;67;40;96757;1.65;0.56;0.36;0.35
1988;9;19;263;16.4;13.4;11.4;9.7;9;8.1;0.9;-2.8;0.14;2.4;2.7;0;342;94;63;38;97470;1.64;0.43;0.36;0.35
1988;9;20;264;15.8;13;10.1;10.3;9.6;9.2;0.1;-0.9;0.14;2.3;2.7;0;341;84;46;32;97336;1.24;0.3;0.35;0.35
1988;9;21;265;15.4;12.6;10;10.7;9.9;9.3;-0.3;0.4;0.14;2.3;2.7;0;239;69;51;27;96721;1.06;0.46;0.35;0.35
1988;9;22;266;16.4;13.2;11;10.7;10;8.8;-0.4;1.1;0.14;2.3;2.7;0;310;76;67;37;96390;1.15;0.42;0.35;0.35
1988;9;23;267;18;13.9;9.9;11.3;10.3;9;0.9;2.3;0.14;2.3;2.7;0;437;117;82;55;96107;1.55;0;0.35;0.35
1988;9;24;268;19.9;14.7;10.7;13.5;10.9;8.7;1;0.9;0.14;2.2;2.7;0;443;123;88;58;96439;1.73;1.02;0.35;0.35
1988;9;25;269;19.5;14.2;9.5;13.3;11.2;8.4;0.7;0.1;0.14;2.2;2.7;0;451;92;80;51;96952;1.21;0.14;0.35;0.35
1988;9;26;270;21.3;15.5;10.5;13.9;11.6;9.1;1;0.9;0.14;2.2;2.7;0;401;121;91;59;97219;1.66;0.2;0.35;0.35
1988;9;27;271;22.5;16.3;9.9;14;12;9;0.8;0.9;0.14;2.1;2.7;0;514;145;110;74;97107;1.87;0.04;0.35;0.35
1988;9;28;272;22.4;16.9;11.6;15.2;13.1;11;0.8;2;0.14;2.1;2.6;0;510;146;105;75;96659;1.9;0;0.34;0.35
1988;9;29;273;23;17.3;12.8;15.8;13.3;10.9;0.2;1.5;0.14;2.1;2.6;0;454;128;91;66;96462;1.74;0;0.34;0.35
1988;9;30;274;19.5;14.5;11;14.3;11.6;8.5;0.7;-1.7;0.14;2.1;2.6;0;390;106;80;53;96775;1.31;0.31;0.34;0.35
1988;10;1;275;16.1;12.6;10.1;10.7;8.8;7.3;0.6;-2.9;0.14;2;2.6;0;357;92;69;43;97528;1.49;0.7;0.34;0.35
1988;10;2;276;14.8;11.8;8.9;10.5;8.9;6.5;-0.3;-0.8;0.14;2;2.6;0;355;80;70;42;97763;0.95;0;0.34;0.35
1988;10;3;277;14.5;11.1;8.9;9.6;6.7;5;-1.2;1.2;0.14;2;2.6;0;496;122;124;64;97491;1.43;0.01;0.34;0.35
1988;10;4;278;15.3;11.5;7.9;7.9;6.6;5.9;-0.3;2.9;0.14;2;2.6;0;431;119;89;69;97012;1.39;0;0.34;0.35
1988;10;5;279;15.9;12;8.3;8.4;7.2;6.1;0;3;0.14;1.9;2.6;0;468;112;95;66;96432;1.26;0;0.33;0.35
1988;10;6;280;15.3;10.8;8.2;9.2;7.1;5.7;1;1.2;0.14;1.9;2.6;0;358;68;99;55;95861;1.1;2.18;0.33;0.35
1988;10;7;281;16.4;11.6;9.1;11.4;7.6;4.9;0.9;1.1;0.14;1.9;2.6;0;371;78;66;35;95145;1.45;7.1;0.33;0.35
1988;10;8;282;12.2;8.7;4.4;6.7;3.2;0.4;1.7;-0.1;0.14;1.9;2.6;0;387;92;104;63;95802;1.5;2.6;0.34;0.35
1988;10;9;283;15;9.7;3.5;5.9;3.2;-0.1;1.3;2.7;0.14;1.8;2.6;0;452;120;98;71;96320;1.47;0;0.34;0.35
1988;10;10;284;16.5;12.1;7.9;10.6;8.2;5;0.8;0.1;0.14;1.8;2.6;0;413;105;89;58;96215;1.11;0.01;0.34;0.35
1988;10;11;285;17;14.1;11.7;12.7;11.1;9.3;-0.5;2;0.14;1.8;2.6;0;340;71;62;33;96502;0.77;0.11;0.34;0.35
1988;10;12;286;19.3;14.8;11.5;13.2;12.1;10.8;-0.4;3.1;0.14;1.8;2.6;0;418;108;89;72;96243;1.02;0;0.34;0.35
1988;10;13;287;19.3;14.8;11.6;14;13;11.4;-0.1;2.5;0.14;1.7;2.6;0;302;68;69;39;96590;0.88;1.06;0.34;0.35
1988;10;14;288;20;15.9;13.2;14.2;13.4;12.5;0;3.6;0.14;1.7;2.6;0;431;114;96;68;96851;1.17;0.01;0.34;0.35
1988;10;15;289;19.4;14.9;11.9;13.8;12.8;11.3;-0.3;2.1;0.14;1.7;2.6;0;315;75;75;48;97174;0.82;0;0.34;0.35
1988;10;16;290;16.8;13;9.9;11.2;9.7;7.7;-0.7;1.6;0.14;1.7;2.6;0;373;101;95;61;97342;1.04;0;0.33;0.35
1988;10;17;291;17.1;12.4;9;9.3;8.1;6.8;-0.2;2.2;0.13;1.7;2.6;0;433;113;105;72;97116;1.15;0;0.33;0.35
1988;10;18;292;17.4;12.6;7.8;12.6;10.4;7.2;0;0.4;0.13;1.6;2.6;0;423;111;103;67;96472;0.94;0;0.33;0.35
1988;10;19;293;13.9;11.3;8.4;11.3;9.6;7.2;-1.1;1;0.13;1.6;2.6;0;201;50;45;22;96351;0.56;0.46;0.33;0.35
1988;10;20;294;9.7;9;8.4;7.9;6.4;5.4;-1.3;1.9;0.13;1.6;2.6;0;100;22;14;9;96711;0.68;6.3;0.33;0.35
1988;10;21;295;10;8.5;6.4;8;7.3;5.7;0;-1;0.13;1.6;2.6;0;97;21;59;22;97126;0.59;8.39;0.34;0.35
1988;10;22;296;11.5;8;5.4;6.6;5.9;4.9;0;0.5;0.13;1.6;2.6;0;305;66;80;45;97164;0.7;0.01;0.34;0.35
1988;10;23;297;11.5;8.1;5.5;6.3;5.6;4.6;0.4;2.2;0.13;1.6;2.6;0;332;80;88;58;96686;0.66;0;0.34;0.35
1988;10;24;298;13.4;8.7;2.8;7;5.6;2.4;1.2;-0.6;0.13;1.6;2.6;0;294;61;81;46;96603;0.53;0.12;0.34;0.35
1988;10;25;299;10.8;8.1;3.3;8.2;5.5;-3.4;0.5;-2;0.13;1.6;2.6;0;179;36;45;25;97008;1.16;2.87;0.34;0.35
1988;10;26;300;5.5;3.1;1;-1.6;-3.1;-4.9;-0.8;1.6;0.13;1.6;2.6;0;359;84;91;65;97592;0.8;0;0.34;0.35
1988;10;27;301;7.2;3.3;0.7;-0.9;-2.3;-4.2;0;4;0.13;1.6;2.6;0;398;97;99;78;97147;0.82;0;0.34;0.35
1988;10;28;302;10.8;5;-0.3;5.3;2.2;-1.2;0.1;1.3;0.13;1.5;2.6;0;388;97;100;72;97039;0.59;0;0.34;0.35
1988;10;29;303;11.8;7;2.4;9.9;5.2;1.6;0.5;-1.5;0.13;1.5;2.6;0;208;48;70;42;96837;0.71;1.92;0.34;0.35
1988;10;30;304;5.5;2.9;0.3;1;-1.2;-2.5;0.3;-2.4;0.13;1.5;2.6;0.01;312;74;86;63;97053;0.76;0.42;0.34;0.35
1988;10;31;305;4.3;1;-1.2;-2.2;-4;-5.4;0.9;-1.4;0.13;1.5;2.6;0.18;308;75;104;64;96834;0.57;0.1;0.34;0.35
1988;11;1;306;7.3;3.2;0.2;-0.2;-2;-3.9;1.4;-0.3;0.13;1.5;2.6;0.19;243;56;82;57;96907;0.5;0.02;0.34;0.35
1988;11;2;307;10.2;4.2;-2.1;3.4;-0.1;-4.2;0.7;-0.1;0.13;1.5;2.6;0.15;365;81;102;57;96459;0.63;0.58;0.34;0.35
1988;11;3;308;4.5;1.7;-1.8;1.9;-1.9;-6.3;0.2;-3.9;0.13;1.5;2.6;0.4;348;77;93;52;97218;1.18;2.19;0.34;0.35
1988;11;4;309;0.3;-1.8;-3.2;-5.4;-6.8;-7.9;0.3;-2.5;0.13;1.5;2.6;0.8;265;71;103;74;97964;0.43;0.07;0.34;0.35
1988;11;5;310;1.7;-1.8;-4.2;-6.1;-6.9;-7.8;-0.2;1.6;0.13;1.5;2.6;0.78;378;91;117;89;97549;0.33;0;0.34;0.35
1988;11;6;311;4.8;-0.6;-3.6;-2.6;-4.7;-6.8;0.9;1.1;0.13;1.4;2.6;0.7;311;73;96;72;97011;0.29;0;0.34;0.35
1988;11;7;312;6.6;1.2;-2.9;0.5;-1.7;-4.4;1.2;-0.8;0.13;1.4;2.6;0.6;336;78;100;62;96926;0.34;0;0.34;0.35
1988;11;8;313;3.6;1.5;-1.1;1.7;0.2;-2.5;0.1;-0.3;0.13;1.4;2.6;0.48;124;30;49;27;97212;0.11;0.18;0.34;0.35
1988;11;9;314;3.2;0.9;-1.5;0.4;-0.5;-1.7;-0.7;2.3;0.12;1.4;2.6;0.43;167;37;56;28;97352;0.23;0.06;0.34;0.35
1988;11;10;315;2.3;0;-1.6;-1.6;-2.8;-3.7;-0.4;3.5;0.12;1.4;2.6;0.42;238;58;83;56;97556;0.29;0;0.34;0.35
1988;11;11;316;3.4;-0.5;-2.4;-1.8;-3.2;-4;-0.3;2.5;0.12;1.4;2.6;0.41;342;72;98;69;97703;0.34;0;0.34;0.35
1988;11;12;317;3.9;-0.6;-3.4;-0.5;-2.6;-4.5;-0.2;1.2;0.12;1.4;2.6;0.37;300;68;90;60;97570;0.28;0;0.34;0.35
1988;11;13;318;6.4;1.7;-2.9;2.4;-0.3;-3.7;0.7;0.4;0.12;1.4;2.6;0.27;289;63;77;46;96829;0.41;5.79;0.34;0.35
1988;11;14;319;6.4;4;2.4;2;0.8;-0.6;3.3;-3.2;0.12;1.4;2.6;0.3;282;61;89;60;96636;1.13;10.35;0.34;0.35
1988;11;15;320;5.1;2.5;0.2;1.6;-1.6;-3.4;1.4;-4;0.13;1.3;2.6;1.47;309;70;100;65;96897;0.86;1.7;0.35;0.35
1988;11;16;321;4.4;2;-0.9;2.5;-0.2;-2.3;0.3;-2;0.13;1.3;2.6;1.37;180;40;76;37;97415;0.24;1.58;0.35;0.35
1988;11;17;322;7.7;3.7;-0.6;4.5;2.7;-0.8;0.7;0.8;0.13;1.4;2.6;1.02;177;34;62;29;97314;0.27;0.23;0.35;0.35
1988;11;18;323;8.8;3;-0.9;3.7;0.8;-2.2;1;0.8;0.12;1.4;2.6;0.74;294;69;108;55;96412;0.39;0.12;0.35;0.35
1988;11;19;324;5.1;2.1;-1.5;2.8;-1;-4.9;1.3;-1.9;0.12;1.4;2.6;0.58;272;51;88;57;96176;0.73;1.17;0.35;0.35
1988;11;20;325;3.7;0.3;-1.5;-3.1;-3.9;-5.4;0.4;2.1;0.13;1.4;2.6;0.79;280;59;98;58;95817;0.4;0.29;0.35;0.35
1988;11;21;326;-1;-2.3;-4.7;-3.8;-4.8;-7;-0.6;-0.7;0.17;1.4;2.6;3.77;112;22;79;33;95058;0.19;10.6;0.35;0.35
1988;11;22;327;-4.4;-6.1;-9.2;-7.6;-10;-12.3;1.7;-5.3;0.35;1.4;2.6;13.11;212;46;92;61;96362;0.63;2.35;0.35;0.35
1988;11;23;328;-4.5;-10.4;-14.2;-10.1;-14.1;-17.4;1.5;-1.6;0.35;1.4;2.6;13.11;240;53;110;78;97123;0.25;0;0.35;0.35
1988;11;24;329;0.8;-3.8;-11.2;-3;-6.4;-13.9;1.2;0.1;0.34;1.4;2.6;12.89;177;35;68;25;97066;0.24;0.35;0.35;0.35
1988;11;25;330;1.9;0.2;-2.6;-0.3;-2.1;-4.8;1.6;-0.2;0.34;1.4;2.6;12.99;71;16;38;15;96551;0.21;3.14;0.35;0.35
1988;11;26;331;4.3;1.7;-1.9;1.3;-0.2;-3.3;1.4;-1.2;0.31;1.4;2.6;11.53;79;17;47;21;96563;0.17;0.6;0.36;0.35
1988;11;27;332;5.1;0.9;-1.8;0.3;-1.8;-3.5;1.8;-1;0.27;1.4;2.6;9.82;215;45;88;49;96841;0.31;0;0.36;0.35
1988;11;28;333;3.7;1.2;-0.2;-0.6;-1.6;-2.3;0.7;1.3;0.25;1.4;2.6;8.52;207;41;95;38;96838;0.33;0;0.36;0.35
1988;11;29;334;5.2;2.1;-3.3;0.6;-2.3;-6.5;2.1;0.5;0.23;1.4;2.6;7.43;156;25;80;46;95543;0.3;0.28;0.36;0.35
1988;11;30;335;3.8;0.6;-1.8;1.2;-1.5;-4.5;-0.8;0.3;0.23;1.4;2.6;7.37;66;14;66;14;95694;0.4;7.55;0.36;0.35
1988;12;1;336;-0.5;-1.5;-2.4;-0.9;-1.9;-2.8;-1.2;0.8;0.26;1.4;2.6;9.22;64;11;12;6;95332;0.25;0.94;0.36;0.35
1988;12;2;337;0.3;-0.6;-1.9;0.2;-0.7;-2.2;-0.1;-0.4;0.28;1.4;2.6;10.69;46;7;6;1;94914;0.11;10.91;0.36;0.35
1988;12;3;338;4.7;0.6;-2.7;0.9;-0.8;-3.4;0.8;-0.4;0.34;1.4;2.6;13.6;203;40;95;37;95413;0.17;0.41;0.37;0.35
1988;12;4;339;6.4;2;-3;2.3;0.3;-4;1.2;2.6;0.29;1.4;2.6;10.83;215;43;92;36;95665;0.21;3.45;0.37;0.35
1988;12;5;340;6.3;4;1.5;1.8;-0.8;-2.7;3;-0.2;0.21;1.4;2.6;6.3;237;51;104;58;94920;0.86;4.1;0.38;0.35
1988;12;6;341;3.7;1.3;-1;0.3;-2.1;-5.3;2.2;-2.6;0.29;1.4;2.6;10.84;184;36;86;56;95007;0.7;5.93;0.38;0.35
1988;12;7;342;3.4;-0.2;-2.9;-1.3;-3.9;-6.8;1.8;-1.2;0.28;1.4;2.6;10.56;155;30;81;55;96034;0.41;1.42;0.38;0.35
1988;12;8;343;0.2;-1.2;-3;-3.6;-4.8;-5.8;1.4;-2.9;0.3;1.4;2.6;11.57;183;36;87;54;97141;0.5;1.73;0.38;0.35
1988;12;9;344;2.7;0.3;-3.6;-0.5;-2.2;-5.9;1.3;-0.9;0.32;1.4;2.6;12.7;73;14;69;25;96961;0.2;1.81;0.38;0.35
1988;12;10;345;4.2;1.8;0.1;2.5;-0.3;-1.9;1.1;-0.6;0.3;1.4;2.6;11.84;165;28;70;30;96828;0.22;2.17;0.38;0.35
1988;12;11;346;8.2;6.2;4.6;4.9;3.1;0.7;3;-2.6;0.21;1.4;2.6;6.08;118;25;50;25;96775;0.31;0.69;0.39;0.35
1988;12;12;347;6.8;4.8;2.3;0.9;0;-1.7;2.6;-1.1;0.15;1.4;2.6;2.93;83;19;86;41;96499;0.36;0.24;0.39;0.35
1988;12;13;348;3.8;2.6;1.6;0.1;-1;-2.4;1.9;-2.5;0.15;1.4;2.6;2.39;182;37;75;51;96997;0.43;0.42;0.39;0.35
1988;12;14;349;3.9;1.8;-1.6;0.8;-1.9;-5.8;2.5;-3.7;0.14;1.4;2.6;2.54;217;42;84;57;96641;1.04;4.44;0.39;0.35
1988;12;15;350;-2.1;-3.2;-4.1;-6.6;-9.7;-11.7;1.6;-4.6;0.16;1.4;2.6;3.75;236;50;97;74;96684;0.53;1.81;0.39;0.36
1988;12;16;351;-4.4;-7.1;-9.6;-8.3;-11.8;-14.2;0.2;-3.6;0.22;1.4;2.6;6.61;208;44;92;68;97017;0.2;1.83;0.39;0.36
1988;12;17;352;-1.7;-8.2;-12.5;-8.7;-13.6;-16.2;1.3;-1.2;0.22;1.4;2.6;6.65;239;50;113;75;96998;0.12;0.03;0.39;0.36
1988;12;18;353;1.9;-1.4;-4.5;-3.4;-5.4;-9.8;2.2;-1.3;0.22;1.4;2.6;6.58;212;41;85;52;96994;0.15;0.11;0.39;0.36
1988;12;19;354;4.2;1.2;-3;0;-2.1;-5.8;1.8;1.2;0.24;1.4;2.6;7.62;126;19;75;33;95561;0.28;3.77;0.39;0.36
1988;12;20;355;3.2;0.1;-3.9;-0.7;-3;-7.3;1.7;-3.1;0.24;1.3;2.6;7.86;170;33;87;69;95823;0.49;1.47;0.39;0.36
1988;12;21;356;0.6;-2.8;-5;-4.1;-6.9;-8.4;0.8;-0.6;0.24;1.3;2.6;8.04;201;40;93;53;97329;0.22;0.11;0.39;0.36
1988;12;22;357;5.5;1.3;-0.5;1.6;-1;-3.5;1.3;0.9;0.23;1.3;2.6;7.44;95;21;53;22;97268;0.04;0.13;0.39;0.36
1988;12;23;358;6.6;1.9;-1.6;4.4;0.6;-2.5;1.2;0.6;0.21;1.3;2.6;6.2;201;36;75;36;96616;-0.02;0.08;0.39;0.36
1988;12;24;359;9.6;4.9;0.7;4.5;1.7;-0.8;2.2;0;0.18;1.3;2.6;4.59;199;36;73;44;96197;0.28;3.09;0.39;0.36
1988;12;25;360;6.4;3.5;-1.2;3.7;-2.6;-6.4;2.3;-2.4;0.15;1.3;2.6;2.63;245;51;110;75;97081;0.9;0.58;0.39;0.36
1988;12;26;361;9.7;2.8;-1.5;5.6;1.3;-2.2;0.9;-0.2;0.14;1.3;2.6;2.11;230;49;90;49;97480;0.04;0;0.39;0.36
1988;12;27;362;8.5;1.4;-2.3;5;-0.2;-2.9;1.2;0.3;0.13;1.3;2.6;1.6;242;51;95;57;97401;0.12;0;0.39;0.36
1988;12;28;363;7.4;4.8;1.5;4.2;2.5;-0.6;1.5;-2;0.13;1.3;2.6;1.08;180;35;59;34;97814;0.22;0.22;0.39;0.36
1988;12;29;364;6.8;1.8;-1.7;3.8;0.7;-2.4;1;-0.3;0.12;1.3;2.6;0.75;215;42;86;52;98273;0.14;0;0.39;0.36
1988;12;30;365;6.6;0.4;-3.1;2.7;-1.5;-4.2;1.1;0;0.12;1.3;2.6;0.6;245;52;98;60;98145;0.17;0;0.39;0.36
1988;12;31;366;6.5;1.2;-3.2;-0.7;-2.7;-5.2;1.4;-1.6;0.12;1.3;2.6;0.51;254;53;102;56;97884;0.23;0;0.39;0.36
1989;1;1;1;4.8;2;0.1;-1;-1.9;-3.4;1.5;-2.2;0.12;1.3;2.6;0.44;213;45;88;50;97943;0.29;0.03;0.39;0.36
1989;1;2;2;2.5;0.9;-2.4;1.2;-0.8;-2.9;-0.1;-1.1;0.12;1.3;2.6;0.56;126;22;56;26;98319;0.34;1.66;0.39;0.36
1989;1;3;3;1.5;-1.6;-3.4;-3.2;-4.6;-6.2;0.4;2.8;0.12;1.3;2.6;0.64;264;56;104;78;98535;0.28;0;0.39;0.36
1989;1;4;4;3.4;-1.8;-4.4;-3.5;-5.9;-7.2;0.6;0.9;0.12;1.2;2.6;0.61;267;58;111;80;98126;0.05;0;0.38;0.36
1989;1;5;5;3.8;-1.6;-4.4;-3.3;-6.4;-9;0.9;0.3;0.12;1.2;2.6;0.57;265;57;107;73;97470;0.03;0;0.38;0.36
1989;1;6;6;1.3;-1.2;-4.8;-0.5;-4.5;-6.6;1.3;1.1;0.13;1.2;2.6;1.25;120;23;64;30;96251;0.12;3.81;0.38;0.36
1989;1;7;7;1.8;-0.4;-2.9;-0.5;-1.9;-3.6;0.9;-1.3;0.17;1.2;2.5;4.02;139;26;57;35;96118;0.22;3.69;0.38;0.36
1989;1;8;8;5;2.9;1.9;3.3;1;-1.1;2.1;-2.1;0.2;1.2;2.5;5.62;44;9;46;11;96404;0.45;10.1;0.39;0.36
1989;1;9;9;8.7;4.3;0.5;5.5;2.8;-0.5;1.3;0.2;0.16;1.2;2.5;3.18;241;47;89;49;96799;0.03;0.5;0.39;0.36
1989;1;10;10;6.3;1.4;-2;3.5;-0.1;-2.8;0.7;0.8;0.15;1.2;2.5;2.33;254;52;88;60;96658;0.18;0;0.39;0.36
1989;1;11;11;6;1;-2.4;3;-0.3;-3.3;0.9;-0.1;0.14;1.2;2.5;1.88;194;41;83;45;97227;0.1;0.07;0.39;0.36
1989;1;12;12;4.2;1.3;-0.9;2.4;0.7;-1.1;0.2;1.8;0.13;1.2;2.5;1.52;143;32;47;25;97415;0.05;0.03;0.39;0.37
1989;1;13;13;7.7;2.2;-1.2;2.9;-0.1;-2.6;1.5;-0.1;0.13;1.2;2.5;1.17;253;53;99;58;97821;0.26;0.03;0.39;0.37
1989;1;14;14;7.5;0.6;-3.5;2.1;-2.1;-4.8;1.1;0.5;0.12;1.2;2.5;0.91;286;63;107;69;98010;0.22;0;0.39;0.37
1989;1;15;15;7.8;2.6;-0.6;3.9;0.7;-1.9;1.5;-0.2;0.12;1.2;2.5;0.69;254;54;88;52;98191;0.08;0;0.39;0.37
1989;1;16;16;8.6;1.4;-2.3;3.9;-0.7;-3.5;1.1;0.3;0.12;1.2;2.5;0.53;276;62;97;62;98007;0.2;0;0.39;0.37
1989;1;17;17;8.2;1.2;-2.7;3.7;-1.2;-4;0.9;-0.1;0.11;1.2;2.5;0.4;294;65;104;66;97706;0.18;0;0.39;0.37
1989;1;18;18;6.1;1.1;-1.9;-0.3;-2.1;-4;1.5;-1.2;0.11;1.2;2.5;0.32;282;57;93;58;97991;0.2;0;0.39;0.37
1989;1;19;19;6.1;0.6;-3;1;-2;-4;0.9;-0.2;0.11;1.2;2.5;0.24;288;64;103;65;98092;0.16;0;0.39;0.37
1989;1;20;20;5.3;0.2;-2.5;0;-2.4;-4.3;0.1;1.9;0.11;1.2;2.5;0.19;300;68;100;69;97925;0.13;0;0.39;0.37
1989;1;21;21;1.9;-1.3;-2.6;-1.7;-2.8;-3.5;-0.5;1.4;0.11;1.2;2.5;0.19;238;50;91;44;97360;0.11;0;0.38;0.37
1989;1;22;22;0.9;-1.6;-2.9;-2.7;-3.4;-4.6;-0.2;-0.5;0.11;1.1;2.5;0.3;171;37;72;36;97177;0.06;0.12;0.38;0.37
1989;1;23;23;3.4;0.9;-0.8;-0.4;-1.2;-2.6;0.3;-2.2;0.12;1.1;2.5;0.32;193;50;80;45;98015;0.18;0.2;0.38;0.37
1989;1;24;24;1.3;-0.5;-1.9;-1.1;-2;-2.9;-0.5;0.7;0.12;1.1;2.5;0.34;160;36;50;28;98068;0.13;0.06;0.38;0.37
1989;1;25;25;1.8;-1.1;-2.5;-2.8;-3.6;-4.4;-0.5;1.7;0.12;1.1;2.5;0.36;252;52;87;48;97993;0.12;0.02;0.38;0.37
1989;1;26;26;2.5;-1.1;-3.1;-3.6;-4.4;-5.2;-0.3;2.2;0.12;1.1;2.5;0.38;290;64;97;62;97957;0.1;0;0.38;0.37
1989;1;27;27;2.8;-1.5;-3.7;-2.4;-4.2;-5.4;-0.2;0.8;0.12;1.1;2.5;0.34;290;67;88;67;98385;0.05;0;0.38;0.37
1989;1;28;28;3.1;-1.6;-4.2;-1.9;-3.8;-5.4;-0.3;1.2;0.12;1.1;2.5;0.33;286;63;91;62;98413;0.06;0;0.38;0.37
1989;1;29;29;4.6;-0.8;-4.1;-1.6;-3.6;-5.4;0.3;-0.3;0.12;1.1;2.5;0.29;336;78;112;76;98597;0.05;0.01;0.38;0.37
1989;1;30;30;5.5;-0.8;-4.8;-1.5;-4.6;-6.7;0.9;0.2;0.12;1.1;2.5;0.23;335;77;115;72;98644;0.05;0;0.38;0.37
1989;1;31;31;7.6;0.9;-3.9;-2;-4.7;-7.4;1.1;-0.8;0.12;1.1;2.5;0.19;322;74;96;51;98623;0.05;0;0.38;0.37
1989;2;1;32;5.5;2.2;-0.1;3;0.7;-1.6;0.3;0.6;0.12;1.1;2.5;0.15;165;42;63;18;98502;0.13;0.03;0.38;0.37
1989;2;2;33;5;1.3;-0.7;1.5;0;-1.4;0;1.5;0.11;1.1;2.5;0.13;223;47;80;29;98083;0.17;0;0.38;0.37
1989;2;3;34;5.2;0.9;-2.2;0.6;-0.8;-2.8;-0.3;0.6;0.11;1.1;2.5;0.09;319;74;98;49;97906;0.31;0.02;0.37;0.37
1989;2;4;35;2.5;-0.3;-2.7;-0.3;-1.6;-3.4;-0.3;1.1;0.12;1.1;2.5;0.12;185;43;65;29;97790;0.1;0.16;0.37;0.37
1989;2;5;36;6.6;1.5;-1.7;0;-1.5;-2.5;0.8;0.8;0.12;1.1;2.5;0.15;376;85;115;53;97559;0.34;0.15;0.37;0.37
1989;2;6;37;8.6;3.3;-1.3;3.4;0.8;-2;1.3;0.1;0.12;1.1;2.5;0.14;212;46;69;32;97990;0.23;0.14;0.37;0.37
1989;2;7;38;10.2;2.7;-2.2;4.6;0.4;-2.9;0.7;0.5;0.12;1.1;2.5;0.06;367;91;107;66;98038;0.34;0;0.37;0.37
1989;2;8;39;7.3;1.8;-2.4;3.6;0.4;-3.2;0.1;0.2;0.12;1.1;2.5;0;341;82;85;46;97818;0.26;0;0.37;0.37
1989;2;9;40;4.5;1.9;0.6;2.5;1.1;0.3;-0.5;1.9;0.12;1.1;2.5;0;170;38;32;11;97611;0.22;0.42;0.37;0.37
1989;2;10;41;4.4;1.6;-0.2;0.2;-0.4;-0.9;-0.5;3.1;0.12;1.1;2.5;0;257;64;65;36;97940;0.39;0.12;0.37;0.37
1989;2;11;42;6.6;1.8;-2.4;0.3;-0.7;-3.3;0.5;2.4;0.12;1.1;2.5;0;348;85;110;66;98464;0.39;0;0.37;0.37
1989;2;12;43;9.8;2.2;-3.6;0.7;-2;-4.7;1.4;0.2;0.12;1.1;2.5;0;407;102;116;69;98089;0.53;0.05;0.37;0.37
1989;2;13;44;4.8;2.1;-1.2;-0.1;-2.1;-4.2;2.1;-2.6;0.12;1.1;2.5;0.04;380;92;99;65;97448;0.78;0.87;0.37;0.37
1989;2;14;45;3.8;0.5;-3.3;-1.3;-4;-6;1.6;0.1;0.12;1.1;2.5;0.38;188;45;81;56;96628;0.24;0.7;0.37;0.37
1989;2;15;46;4.9;1.7;-0.7;-2.8;-3.9;-5.3;2;-1.3;0.13;1.1;2.5;0.97;306;75;85;58;96756;0.67;1.15;0.37;0.37
1989;2;16;47;7.9;3.2;0.3;0.8;-1.7;-4.4;1.6;-0.2;0.13;1.1;2.5;1.1;332;63;84;45;96259;0.52;0.46;0.37;0.37
1989;2;17;48;6.2;2.1;-1.2;-0.4;-3;-5.2;0.5;-0.5;0.13;1.1;2.5;0.85;387;92;100;58;96882;0.62;0.51;0.37;0.37
1989;2;18;49;8.4;3.6;-0.8;4.4;1.6;-1.5;0.3;1.3;0.13;1.1;2.5;0.65;401;73;89;34;96997;0.5;3.29;0.37;0.37
1989;2;19;50;11.3;7;3.9;7.5;4.9;2.8;1.5;0.5;0.12;1.1;2.5;0.36;188;43;68;23;97213;0.49;2.85;0.37;0.37
1989;2;20;51;17.1;9.3;2.6;7.6;4.6;1.5;1.9;0.3;0.12;1.1;2.5;0.17;374;96;93;61;97055;0.79;0.08;0.37;0.37
1989;2;21;52;7.7;4.4;2;6.3;2.4;0.2;-0.4;-1.4;0.12;1.1;2.5;0.14;121;27;32;17;97005;0.84;4.4;0.37;0.37
1989;2;22;53;6.7;3;-2.1;1.7;-0.3;-2.8;0.3;1.7;0.12;1.1;2.5;0.2;448;105;103;57;96780;0.72;0.02;0.37;0.37
1989;2;23;54;11.1;6.1;2.3;4.7;3.2;1.8;1.1;3.1;0.12;1.1;2.5;0.11;286;71;93;48;95841;0.5;0;0.37;0.37
1989;2;24;55;13.6;8.7;4;5.2;4.1;3.3;2;5.3;0.12;1.1;2.5;0.03;383;97;101;67;94727;0.94;0;0.37;0.37
1989;2;25;56;11.3;8.9;7;6.8;5;2.4;0.6;6.5;0.12;1.1;2.5;0;291;78;73;56;93319;1.25;2.69;0.37;0.37
1989;2;26;57;7.8;5.4;1.3;5.6;1.5;-3.2;0.7;2.2;0.12;1.2;2.5;0.06;203;38;80;42;92191;1.17;5.9;0.37;0.37
1989;2;27;58;7.7;2.9;-1.4;-0.3;-2.1;-4.5;0.6;1.5;0.12;1.2;2.5;0.05;355;102;107;75;93352;0.71;0.27;0.37;0.37
1989;2;28;59;8.6;3.3;-2.1;1.6;-1.9;-4.5;0.6;1.1;0.12;1.2;2.5;0.05;452;108;112;67;94076;0.87;0.46;0.37;0.37
1989;3;1;60;9.6;4.3;-1.7;1.7;-1.7;-4.5;0.5;0.2;0.12;1.2;2.5;0.02;471;123;123;79;94956;0.89;0.82;0.37;0.37
1989;3;2;61;9;3.2;-2.2;1.3;-2.7;-4.8;1.8;-0.3;0.12;1.2;2.5;0;433;122;111;77;95758;0.92;0.03;0.37;0.37
1989;3;3;62;8.1;3.6;-0.5;3.9;0.2;-4.8;1;1.2;0.12;1.2;2.5;0.02;247;46;49;27;95298;0.5;7.73;0.37;0.37
1989;3;4;63;8.5;5.4;2.3;3.2;2.3;1.4;1.8;-3.4;0.12;1.2;2.5;0.04;381;98;84;53;96196;1;1.3;0.38;0.37
1989;3;5;64;9.6;5.7;2.2;3.1;1.9;0.9;0.5;-1.8;0.12;1.2;2.5;0.02;325;99;77;59;97139;0.76;0.08;0.38;0.37
1989;3;6;65;10.4;5.2;0.4;2.5;0.7;-0.9;0.1;1;0.12;1.2;2.5;0;490;132;108;75;97242;0.91;0;0.38;0.37
1989;3;7;66;14.6;6.3;0.3;3.6;0.8;-1.8;0.9;1.3;0.12;1.2;2.5;0;530;148;134;92;96658;1.15;0;0.38;0.37
1989;3;8;67;12.9;6.1;-0.6;5.2;1.2;-2.4;2.3;-1.9;0.12;1.2;2.5;0;451;110;84;54;95950;1.04;0.45;0.37;0.37
1989;3;9;68;9.4;5.9;3.4;0.7;-0.4;-2.3;2.3;-2.5;0.13;1.2;2.5;0;431;119;93;67;96776;1.02;0;0.37;0.37
1989;3;10;69;9.7;5.3;-0.5;2.9;0.5;-2;0.1;-0.6;0.13;1.3;2.5;0;457;126;106;59;97172;0.94;0.83;0.37;0.37
1989;3;11;70;11.6;6.7;3;4.9;3.2;2.1;0;1.5;0.13;1.3;2.5;0;395;110;91;54;97123;1.04;0.42;0.37;0.37
1989;3;12;71;13.3;7.5;2.8;8.1;4.8;1.4;0.2;0.5;0.13;1.3;2.5;0;432;105;88;42;96704;1.09;2.71;0.37;0.37
1989;3;13;72;12;6.9;4;6.5;4.8;3.7;-0.1;1.5;0.13;1.3;2.6;0;264;74;81;30;96177;0.88;2.99;0.37;0.37
1989;3;14;73;9.5;6;0.7;5.3;0.1;-3.3;1.5;-2.3;0.13;1.3;2.6;0;370;95;83;50;96504;1.51;1.75;0.37;0.37
1989;3;15;74;9.7;5.8;0.2;0.3;-0.9;-2.2;1.1;2.4;0.13;1.3;2.6;0;408;107;72;43;95659;1.05;0;0.37;0.37
1989;3;16;75;14.3;8.3;1.9;4.4;2.7;-0.4;1.1;2.2;0.13;1.3;2.6;0;502;136;104;67;95191;1.22;0.07;0.37;0.37
1989;3;17;76;16.2;10.3;5.6;5.7;3.8;2.6;1.8;2.3;0.13;1.3;2.6;0;492;126;89;63;95228;1.42;0.07;0.37;0.37
1989;3;18;77;8.9;7;3.9;5.6;4.4;2;0.8;-2.4;0.13;1.4;2.6;0;193;47;65;28;96242;1.24;3.72;0.37;0.37
1989;3;19;78;9.4;5.2;2.1;1.6;0.7;-0.1;0.3;-1.6;0.13;1.4;2.6;0.17;566;156;109;64;96766;1.66;1.59;0.37;0.37
1989;3;20;79;9.4;6.2;2.2;5.4;4;0.2;0.2;3;0.13;1.4;2.6;0.09;219;58;72;28;95999;0.63;0.94;0.37;0.37
1989;3;21;80;9.7;6.5;3;7.3;4.1;0.6;1;-1.3;0.13;1.4;2.6;0.02;291;55;61;27;95623;1.33;5.11;0.37;0.37
1989;3;22;81;11.3;7.2;3.2;3.5;0.1;-4.1;1.1;-1.6;0.13;1.4;2.6;0;542;120;114;65;96349;1.23;0;0.37;0.37
1989;3;23;82;13.9;7.2;3.5;4.8;0.7;-6.7;2;-1.6;0.13;1.5;2.6;0;457;120;95;51;96350;1.67;3.99;0.37;0.37
1989;3;24;83;9.5;5.4;0.1;-3.5;-5.1;-7.3;0.8;0.5;0.13;1.5;2.6;0;613;187;142;94;96525;1.78;0;0.37;0.37
1989;3;25;84;13.9;8.9;3.5;6;1.9;-4.2;2.2;0;0.13;1.5;2.6;0;459;117;78;48;96254;1.54;1.7;0.37;0.37
1989;3;26;85;13.2;8.9;5.5;5.1;2;0;0.8;-2.1;0.14;1.5;2.6;0;528;159;121;68;96923;1.87;0.14;0.37;0.37
1989;3;27;86;13.3;8.5;4.7;4.3;1.8;-1.1;-0.4;0.9;0.14;1.5;2.6;0;595;176;123;84;97014;1.58;0;0.37;0.37
1989;3;28;87;17.1;10.1;3.8;7.8;4.5;0.9;0.2;2.3;0.14;1.6;2.6;0;619;191;127;87;96692;1.85;0;0.37;0.37
1989;3;29;88;20.2;12.7;4.1;9;6.4;1.9;1.1;-1.2;0.14;1.6;2.6;0;587;170;121;76;96699;2.03;0.83;0.37;0.37
1989;3;30;89;19.1;12.6;6.1;11.6;9;5.9;0.3;0.2;0.14;1.6;2.6;0;548;159;103;69;96887;1.67;0.35;0.36;0.37
1989;3;31;90;21.7;14.3;6.1;10.3;7.5;4.4;0.6;0.6;0.14;1.6;2.6;0;606;178;118;78;96425;2.16;0.03;0.36;0.37
1989;4;1;91;17.7;11.5;6.6;11.3;8.2;4.6;0.5;-1;0.14;1.6;2.6;0;587;162;106;60;95522;2.14;21.13;0.36;0.37
1989;4;2;92;5.5;3.1;0.9;4.1;0.6;-0.7;-0.6;-2;0.15;1.7;2.6;0.52;310;82;60;27;95592;1.68;8.51;0.38;0.37
1989;4;3;93;5.6;3.4;0.8;5.1;2.4;-0.5;-1.2;0.9;0.17;1.7;2.6;2.01;152;39;22;8;95758;0.52;2.29;0.38;0.37
1989;4;4;94;16.8;10.9;5.1;9.2;7.6;5;0.2;2.6;0.15;1.7;2.6;0.75;557;145;96;40;95105;1.67;2.27;0.39;0.37
1989;4;5;95;14.9;10.9;7;8.5;4.8;0.6;0.5;3.6;0.14;1.7;2.6;0.11;601;148;112;71;94821;2.16;1.57;0.39;0.37
1989;4;6;96;13.6;9.3;4.5;5.8;4.4;2.9;0.5;2.1;0.14;1.7;2.6;0.01;548;164;101;75;95389;1.72;0.1;0.38;0.37
1989;4;7;97;14.4;9;4.4;7.1;4;2;1.3;-0.3;0.14;1.8;2.6;0;590;168;104;72;96032;2.07;2.28;0.38;0.37
1989;4;8;98;17.1;10.3;2.4;5.5;3.6;1.3;1.3;3.1;0.14;1.8;2.6;0;592;183;108;80;96142;2.34;0;0.38;0.37
1989;4;9;99;14.4;10.5;5.9;7.9;5.9;3.1;1.2;-0.3;0.15;1.8;2.6;0;540;158;94;73;96200;1.84;1.13;0.38;0.37
1989;4;10;100;17.7;12.3;5.4;8.9;6.7;4.6;0.3;3.8;0.15;1.8;2.6;0;661;209;119;85;96079;2.4;0;0.38;0.37
1989;4;11;101;20.5;15.1;9.1;6.7;4.7;3.4;0.6;3.3;0.15;1.8;2.6;0;663;213;130;98;96025;3.13;0;0.37;0.37
1989;4;12;102;19.4;14.5;9.9;8.2;6.4;4.3;-0.2;3.9;0.15;1.9;2.6;0;588;194;105;74;95534;2.74;0;0.37;0.37
1989;4;13;103;17.6;13.7;9.8;8.3;6.7;5.8;-1.9;2.8;0.15;1.9;2.6;0;583;190;101;73;94815;2.65;1.08;0.37;0.37
1989;4;14;104;12.3;10.1;7.2;10.3;8.2;5.4;-0.6;-0.5;0.15;1.9;2.6;0;193;63;63;25;94839;1.66;8.62;0.37;0.37
1989;4;15;105;10.7;8;6.3;5.8;4.7;4;4.1;-3.4;0.15;1.9;2.6;0;429;121;78;26;95312;3.56;10.05;0.38;0.37
1989;4;16;106;17.3;12.3;7.5;9.3;6.9;4.2;0.8;0.2;0.15;2;2.6;0;662;206;110;72;95328;2.59;0.15;0.38;0.37
1989;4;17;107;15.2;11.1;7.6;7.3;5.2;2.2;1.3;3.9;0.15;2;2.6;0;570;166;89;71;94848;2.22;0.63;0.38;0.37
1989;4;18;108;9.4;6.9;3.1;4.1;1.7;-0.3;0.5;-1.5;0.15;2;2.6;0;340;115;88;60;95718;1.78;1.89;0.38;0.37
1989;4;19;109;10.1;6.8;2;6.7;3.4;-0.1;0.3;2.5;0.15;2.1;2.7;0;416;142;63;53;96246;1.68;2.05;0.38;0.37
1989;4;20;110;15.5;10.2;3.6;8;5.7;3.4;0.3;2.1;0.15;2.1;2.7;0;586;185;106;70;96299;2.39;0.65;0.37;0.37
1989;4;21;111;17.9;12.9;8.2;7.7;5.5;3.6;0.4;3.3;0.15;2.1;2.7;0;648;189;114;66;96020;2.92;0.65;0.37;0.37
1989;4;22;112;15.3;11.2;6.6;10.3;7.5;3.3;0.5;0.6;0.15;2.2;2.7;0;592;180;90;66;95572;3.3;15.25;0.37;0.37
1989;4;23;113;10.9;8.1;5.7;2.7;1.2;-0.7;1.1;-2.6;0.15;2.2;2.7;0;424;161;97;64;96124;2.46;0.57;0.38;0.37
1989;4;24;114;14.8;9.5;3.3;4.1;2.1;0.2;-0.1;-0.1;0.16;2.2;2.7;0;703;238;136;100;96334;2.88;0;0.38;0.37
1989;4;25;115;17.1;11.2;4;5.8;4;1.7;0.2;4.4;0.16;2.3;2.7;0;686;224;116;85;95839;2.91;0.03;0.37;0.37
1989;4;26;116;19.6;14.3;9.3;7.4;4.5;1.6;0.3;4.6;0.16;2.3;2.7;0;561;179;102;78;95177;3.17;0.01;0.37;0.37
1989;4;27;117;13.6;10.1;6.4;7.8;6.1;4.9;1.1;-1.8;0.16;2.3;2.7;0;417;125;81;49;95373;2.21;11.19;0.37;0.37
1989;4;28;118;11.5;8;5.1;6;4.1;1;1.6;-2.8;0.16;2.4;2.7;0;355;113;66;28;95338;2.27;4.86;0.38;0.37
1989;4;29;119;8.3;5.3;3.1;1.8;0.8;0;2.5;-4.8;0.16;2.4;2.7;0.33;475;140;75;40;96060;2.6;6.97;0.38;0.37
1989;4;30;120;6.3;4.7;3.4;3.4;1.7;0;3;-6;0.16;2.4;2.7;0.25;280;96;59;27;96055;2.52;13.38;0.38;0.37
1989;5;1;121;6.7;5;3.6;3.5;2.8;2;3.7;-5.3;0.17;2.5;2.7;1;154;45;12;7;96130;3.04;17.05;0.4;0.37
1989;5;2;122;11.6;8.9;6.1;3.3;2.4;1.1;2.4;-4.9;0.16;2.5;2.7;0.46;306;83;55;19;96408;2.55;2.62;0.41;0.37
1989;5;3;123;15.1;11.4;7.6;8.1;5.8;2.6;1.3;-4;0.16;2.6;2.7;0.12;616;194;101;67;96723;2.64;0.12;0.4;0.37
1989;5;4;124;14.4;12;8.8;8.1;7.1;6.1;0.6;-3.8;0.16;2.6;2.7;0.01;429;138;72;48;96923;2.19;0.4;0.4;0.37
1989;5;5;125;18.7;14.7;11.4;8.8;7.1;6.2;1.3;-3.7;0.16;2.6;2.7;0;705;236;118;74;96898;3.71;0;0.39;0.37
1989;5;6;126;15.4;10.6;5.6;9.8;5;-2.9;2.3;-2.2;0.16;2.7;2.7;0;336;103;98;60;96203;2.26;3.97;0.39;0.37
1989;5;7;127;10.9;7.6;4;3.4;0.2;-1.9;2.8;-5.3;0.16;2.7;2.7;0;670;223;107;79;96479;3.52;2.11;0.39;0.37
1989;5;8;128;13.1;9.3;5.5;2.5;1.5;0.7;2;-4.2;0.16;2.7;2.7;0;585;210;99;80;96474;3.05;0;0.39;0.37
1989;5;9;129;17.6;11.7;4.8;7.8;5.1;1.9;0.3;0.6;0.16;2.8;2.7;0;688;231;122;88;96334;3.24;0;0.38;0.37
1989;5;10;130;21.6;15.3;6.9;12;9.7;5.9;0.5;1;0.16;2.8;2.7;0;698;244;122;88;95888;3.61;0.06;0.38;0.37
1989;5;11;131;19.9;15.6;11;11.9;10.9;8.9;0.7;1;0.17;2.8;2.8;0;636;198;104;62;95822;3.35;2.4;0.38;0.37
1989;5;12;132;19;14.7;8.7;12.9;10.8;8.5;0.5;0.4;0.17;2.9;2.8;0;607;196;102;66;95568;3.26;8.42;0.38;0.37
1989;5;13;133;18.1;14.1;10.5;11.9;10;8.6;0.4;-1.5;0.17;2.9;2.8;0;526;149;79;51;95911;2.7;4.45;0.38;0.37
1989;5;14;134;15.5;12.3;9.8;9.7;8.5;7.1;1.8;-3.5;0.17;2.9;2.8;0;406;146;69;38;96554;3.58;5.22;0.38;0.37
1989;5;15;135;13.5;10.9;8.7;7.7;6.7;5.3;0.9;-4.8;0.17;3;2.8;0;196;54;27;13;97245;2.78;5.36;0.38;0.37
1989;5;16;136;12.7;10.7;8.3;8.8;7.6;6.4;0.9;-2.8;0.17;3;2.8;0;164;56;29;16;97268;1.97;6.84;0.39;0.37
1989;5;17;137;18.5;14.5;10;12.2;9.7;7;0.1;-1.6;0.17;3;2.8;0;501;180;79;56;97136;2.87;0.59;0.39;0.37
1989;5;18;138;20.3;15.4;9.7;13.4;11.1;8;0.1;-0.7;0.17;3;2.8;0;641;215;102;66;96992;3.33;4.08;0.39;0.37
1989;5;19;139;18.9;14.7;10.6;14.8;12.4;9.6;-0.2;-0.8;0.17;3;2.8;0;527;183;80;55;96897;3.18;13.41;0.39;0.37
1989;5;20;140;19.2;15.3;10.4;14;11.8;9.6;0.2;-1.3;0.17;3;2.8;0;619;203;90;59;96721;3.41;2.09;0.39;0.37
1989;5;21;141;20.5;16.2;12.5;13.5;11.5;9.5;0.4;-3.5;0.17;3;2.8;0;669;219;92;67;96614;3.93;2.26;0.39;0.37
1989;5;22;142;17.2;14;10.5;9.2;6.3;5;0;-3.4;0.17;3;2.8;0;712;248;118;85;97046;4.13;0.02;0.39;0.37
1989;5;23;143;16.1;12.5;8.2;6.4;4.6;3.1;-1.6;-0.4;0.17;3;2.8;0;680;256;125;92;97404;3.88;0;0.38;0.37
1989;5;24;144;17.4;13.2;7.3;8.3;5.4;3.2;-0.8;0.8;0.17;3;2.8;0;685;212;119;76;97408;3.29;0;0.38;0.37
1989;5;25;145;17.9;14.1;9.5;8.9;6.8;5.1;-0.5;1.5;0.17;3;2.8;0;588;187;103;70;97299;3.1;0;0.38;0.37
1989;5;26;146;17.6;13.8;8.5;10.5;8.3;6.4;-0.7;1.2;0.17;3;2.8;0;576;208;98;73;97120;3.17;0.46;0.37;0.37
1989;5;27;147;19.4;14.9;8.2;10.2;8.3;6.8;0.3;1.6;0.17;3;2.8;0;627;231;109;81;96874;3.7;0.16;0.37;0.37
1989;5;28;148;21.8;16.1;9.1;13.4;9.8;7.1;0.3;0.4;0.17;3;2.8;0;662;239;118;80;96627;3.89;1.55;0.37;0.37
1989;5;29;149;20.9;15.5;9.3;13.1;11.1;8.3;0.6;-0.1;0.17;3;2.8;0;695;224;110;74;96378;3.53;1.11;0.36;0.37
1989;5;30;150;21.6;16.4;10.2;13.7;11.4;9;0.6;1.8;0.17;3;2.8;0;669;214;107;74;95917;3.5;1.08;0.36;0.37
1989;5;31;151;19.2;15.2;11.6;13.9;12.3;10.3;0;-0.2;0.17;3;2.8;0;566;152;78;45;95772;3.12;16.29;0.36;0.37
1989;6;1;152;18.3;14.4;10.8;13.2;11.4;9.2;-0.2;-1.2;0.17;3;2.8;0;496;139;59;31;95810;2.72;3.12;0.37;0.37
1989;6;2;153;19.5;14.8;12.2;16.2;12.4;7.9;0.6;-0.7;0.17;3;2.8;0;490;133;64;28;95483;3.14;15.25;0.38;0.37
1989;6;3;154;18;14.3;11.1;12;9.9;8.2;0.3;1.1;0.17;3;2.8;0;426;148;69;40;95635;2.91;3.81;0.38;0.37
1989;6;4;155;16.8;13.1;9.8;12.2;10.4;9.2;-0.2;-0.2;0.17;3;2.8;0;406;137;84;46;95724;2.52;7.17;0.38;0.37
1989;6;5;156;18.1;13.2;8.3;11.1;9.2;5.1;0.7;0.6;0.17;3;2.8;0;611;205;94;62;95752;3.77;3.53;0.39;0.37
1989;6;6;157;16.4;12.8;9.2;6.4;5.4;4.3;1.1;-2.7;0.17;3;2.8;0;672;196;95;62;95841;3.55;0.02;0.38;0.37
1989;6;7;158;18.3;14.3;8.7;9.3;5.8;3.9;0.9;-1.1;0.17;3;2.8;0;636;229;109;78;95931;3.8;0.09;0.38;0.37
1989;6;8;159;15.4;12.2;8.6;7.6;6.6;6.1;1;-1.7;0.17;3;2.8;0;549;144;81;48;96505;2.54;0.76;0.38;0.37
1989;6;9;160;19.6;13.9;6.6;9.5;6.2;3.9;0.6;-1.1;0.17;3;2.8;0;662;250;113;88;96739;4.06;0;0.37;0.37
1989;6;10;161;20.5;15.8;8;11.9;8.1;5.4;0.1;-0.1;0.17;3;2.8;0;659;235;115;81;96662;3.78;0.26;0.37;0.37
1989;6;11;162;21.1;16.7;10.5;9.9;8.6;7.4;0.4;-2.6;0.17;3;2.8;0;682;244;109;79;96703;4.3;0.09;0.37;0.37
1989;6;12;163;20.3;16.2;12.7;9.6;7.3;4.5;0.3;-4.7;0.17;3;2.8;0;737;254;119;77;96715;4.65;0.05;0.36;0.37
1989;6;13;164;15;13.7;12.3;11.5;10.4;8.3;1.9;-4.3;0.17;3;2.8;0;208;66;30;13;96640;1.68;1.94;0.36;0.37
1989;6;14;165;19.5;15.4;11.4;10.8;7.4;3.4;0.6;-4.2;0.17;3;2.8;0;622;199;108;60;96674;4.21;1.07;0.36;0.37
1989;6;15;166;18.5;13.9;8;8.8;5.8;3.8;1.5;-2;0.17;3;2.8;0;611;222;102;77;96839;3.86;1.25;0.35;0.37
1989;6;16;167;14.9;11.6;8.1;8.3;6.1;3.9;1;-2.9;0.17;3;2.8;0;609;186;92;66;96779;3.29;5.44;0.35;0.37
1989;6;17;168;13.9;12.1;10.1;10.9;8.8;5;1.4;-2.7;0.17;3;2.8;0;197;48;65;20;96649;1.37;2.37;0.35;0.37
1989;6;18;169;16.3;13.2;11.6;13.1;11.6;10.1;1.4;-2.3;0.17;3;2.8;0;308;66;66;25;96559;1.71;12.07;0.36;0.37
1989;6;19;170;19.9;16;10.8;12.6;11;9.5;1.1;-2.4;0.17;3;2.8;0;564;196;79;63;96846;3.6;0.96;0.36;0.37
1989;6;20;171;18.2;14.6;11.6;11;10.2;9.1;1.1;-2.5;0.17;3;2.8;0;650;219;95;64;96656;3.87;4.84;0.36;0.37
1989;6;21;172;18.1;14.6;12;13.6;12;10.7;0.8;-0.9;0.17;3;2.8;0;415;107;55;32;96305;2.11;10.74;0.37;0.37
1989;6;22;173;22.8;17.5;11.2;15.3;12.9;10.1;0.9;0;0.17;3;2.8;0;638;207;93;65;96062;3.58;1.38;0.37;0.37
1989;6;23;174;22.2;16.7;12;14.9;12.6;9.1;1.2;-1.2;0.17;3;2.8;0;558;177;80;52;95987;3.63;6.87;0.37;0.37
1989;6;24;175;21;16.6;12.9;14.1;11.9;9.1;2.1;-2.3;0.16;3;2.8;0;585;183;69;43;96163;3.9;4.32;0.37;0.37
1989;6;25;176;22.2;18.1;13.9;16.5;14.7;12;1.2;-2.5;0.16;2.9;2.8;0;621;192;79;47;96348;3.83;4.17;0.37;0.37
1989;6;26;177;21.6;18.1;13.3;17.6;15.9;12.7;-0.2;0;0.16;2.9;2.8;0;469;172;75;54;96348;2.88;5.52;0.37;0.37
1989;6;27;178;23.6;19;13.4;18;16.2;13.3;0.2;1.1;0.16;2.9;2.8;0;620;214;88;52;95987;3.83;2.55;0.37;0.37
1989;6;28;179;21.1;16.6;13.8;16.3;12.2;8.2;2.1;-2.6;0.16;2.9;2.8;0;455;151;72;40;96009;3.15;2.31;0.37;0.37
1989;6;29;180;20.4;16.5;12.8;11.8;8.7;7.2;1.1;-1.9;0.16;2.9;2.8;0;656;217;103;72;96330;3.91;0;0.37;0.37
1989;6;30;181;20.6;16.5;11.2;13.8;10.9;9.2;1.3;-0.9;0.16;2.9;2.8;0;478;162;76;54;96329;2.9;0.32;0.37;0.37
1989;7;1;182;23;18.1;11.7;14.5;12.8;10.3;0.4;0.8;0.16;2.9;2.8;0;627;225;98;69;96265;3.84;0.59;0.36;0.37
1989;7;2;183;23.7;19.3;14.4;16;14.4;12.8;0.5;1;0.16;2.9;2.8;0;633;205;97;62;95947;3.81;3.25;0.36;0.37
1989;7;3;184;23.6;18.8;15.2;17.4;15.3;13.4;0.7;-2.6;0.16;2.9;2.8;0;575;191;79;49;96360;3.96;6.11;0.36;0.37
1989;7;4;185;26;20.7;16;17.3;16.3;15.3;-0.5;-0.8;0.16;2.9;2.7;0;655;212;85;55;96610;4.12;9.16;0.36;0.37
1989;7;5;186;25.7;20.7;16;17.3;15.6;12.1;0.5;-1.5;0.16;2.9;2.7;0;668;214;95;58;96886;4.3;3.5;0.37;0.37
1989;7;6;187;25.3;20.7;15.7;13.9;12.1;10.9;1;-1.6;0.16;2.8;2.7;0;686;240;107;80;97001;4.63;0;0.36;0.37
1989;7;7;188;26.8;21.8;14.6;16.7;14.4;11.6;0.6;1.9;0.16;2.8;2.7;0;707;253;106;75;96736;4.73;0.33;0.36;0.37
1989;7;8;189;27.7;22.8;17.4;18.1;16.6;15.1;0.4;2.5;0.16;2.8;2.7;0;684;241;95;68;96360;4.55;0.04;0.36;0.37
1989;7;9;190;27.7;22.6;17.5;19;17.5;16.4;0.6;0;0.16;2.8;2.7;0;668;224;91;64;96435;4.17;1.41;0.35;0.37
1989;7;10;191;27.1;22.4;18;18.9;16.3;15.3;0.8;-0.7;0.16;2.8;2.7;0;616;213;91;58;96682;4.24;1.49;0.35;0.37
1989;7;11;192;25.7;21.5;16.9;18.3;17;15.4;0.3;0.8;0.16;2.8;2.7;0;582;210;81;58;96465;3.97;3.68;0.35;0.37
1989;7;12;193;23.7;19.6;17.5;17.5;16.5;14.9;0.8;-1.9;0.16;2.8;2.7;0;500;153;70;38;96489;3.47;12.52;0.35;0.37
1989;7;13;194;23.7;19.9;16.6;15.2;13.1;10.9;1.3;-1.8;0.16;2.8;2.7;0;503;185;83;57;96317;3.86;0.16;0.35;0.37
1989;7;14;195;22.4;18.6;15.4;12.4;10.7;8.2;1.8;-1.9;0.16;2.8;2.7;0;577;190;101;63;96213;3.94;1.57;0.35;0.37
1989;7;15;196;18.7;15.7;12.3;7.5;6.4;5.1;1.8;-2.2;0.16;2.8;2.7;0;562;180;93;72;96654;3.51;0;0.35;0.37
1989;7;16;197;21.6;17.3;12.2;10.2;8.7;7.2;2;-0.9;0.16;2.8;2.7;0;533;172;91;53;96552;3.37;0.17;0.34;0.37
1989;7;17;198;18.3;15.6;13.1;9.3;6.9;3.2;1;-2.3;0.16;2.8;2.7;0;561;175;85;63;96731;3.25;0.4;0.34;0.37
1989;7;18;199;21.3;15.6;10.2;12;8.5;5.5;1.9;0.2;0.16;2.8;2.7;0;536;182;93;63;96331;3.39;2.32;0.34;0.37
1989;7;19;200;17.4;14.3;10.4;8.6;6.3;4.5;2.2;-2.6;0.16;2.7;2.7;0;600;182;96;65;96646;3.41;0.29;0.34;0.37
1989;7;20;201;21.3;16.3;8.9;10.8;7.9;6;1.2;-1.2;0.16;2.7;2.7;0;638;188;116;71;96882;3.2;0;0.33;0.37
1989;7;21;202;22.1;17.6;11.7;11.3;10.2;9;0.2;-1.7;0.16;2.7;2.7;0;566;211;99;69;96998;3.49;0.3;0.33;0.37
1989;7;22;203;24.4;19.2;14.1;13.9;10.2;7.8;-0.3;0.5;0.16;2.7;2.7;0;708;240;119;82;97046;3.75;0;0.33;0.37
1989;7;23;204;26.3;21;14.7;16.6;14.6;12;0.2;1.4;0.16;2.7;2.7;0;602;203;90;59;96895;3.39;0.22;0.32;0.37
1989;7;24;205;26.1;21.8;17.6;19.4;18;16.4;0.4;0.7;0.16;2.7;2.7;0;580;160;77;48;96764;2.91;3.3;0.32;0.37
1989;7;25;206;23.9;20.2;16.7;17.6;16.8;15.4;-0.3;-0.8;0.16;2.7;2.7;0;460;144;67;37;96706;2.71;4.41;0.32;0.37
1989;7;26;207;20.8;18.7;16.8;16.7;16;15.1;-0.1;-0.9;0.16;2.7;2.7;0;307;87;46;25;96627;2.15;8.74;0.33;0.36
1989;7;27;208;23.5;19.6;15.2;15.2;13.8;11.5;0.9;-1.9;0.16;2.7;2.7;0;584;189;91;61;96509;3.47;0.17;0.33;0.36
1989;7;28;209;22.2;18.5;15.3;14.9;14.1;13.4;1.3;-2.3;0.16;2.7;2.7;0;563;165;76;52;96656;2.89;1.43;0.33;0.36
1989;7;29;210;22.5;18.4;14.8;13.7;12.8;12;0.8;-2.4;0.16;2.7;2.7;0;642;210;91;66;96818;3.45;0.28;0.32;0.36
1989;7;30;211;25.6;20.3;14.9;15.3;13.5;11.6;0.9;1.5;0.16;2.7;2.7;0;537;198;89;63;96208;3.38;0.07;0.32;0.36
1989;7;31;212;21.9;16.4;11.7;16.4;13.4;9.3;0.8;-1.3;0.16;2.7;2.7;0;368;83;62;33;95721;2.56;36.31;0.33;0.36
1989;8;1;213;18;13.3;10.2;10.5;8.5;5.9;1.7;-1.9;0.16;2.7;2.7;0;517;156;87;59;95470;3.43;7.91;0.35;0.36
1989;8;2;214;16.2;13.1;10.4;7.1;6.2;5.3;3.1;-2.9;0.16;2.7;2.7;0;627;214;106;81;95819;3.33;0.33;0.35;0.36
1989;8;3;215;14.8;12.8;10.6;7.3;6.5;5.9;2.4;-1.2;0.16;2.7;2.7;0;355;114;68;43;96028;2.18;0.47;0.35;0.36
1989;8;4;216;21.6;16.4;11.6;13;9.1;6.4;1.3;0.4;0.16;2.6;2.7;0;428;135;81;50;96108;2.51;0.11;0.35;0.36
1989;8;5;217;24.2;18.4;11.5;16;13;10.1;0.6;0.9;0.16;2.6;2.7;0;608;208;96;66;95996;3.42;0.46;0.34;0.36
1989;8;6;218;25.3;19.4;13.3;18.2;15.4;12;0.6;0.4;0.16;2.6;2.7;0;622;196;96;60;95842;3.1;6.38;0.34;0.36
1989;8;7;219;24.5;20.2;16.3;17.7;15.9;14.5;1;-0.4;0.16;2.6;2.7;0;547;178;83;56;96139;3.31;2.18;0.34;0.36
1989;8;8;220;24.6;20.7;15.8;18;16.4;14.5;0.8;-0.5;0.16;2.6;2.7;0;498;171;74;54;96183;3.01;1.37;0.34;0.36
1989;8;9;221;19.6;17.4;15.7;15.8;15;13.5;1.4;-2.6;0.16;2.6;2.7;0;318;79;65;35;96192;2.27;8.26;0.35;0.36
1989;8;10;222;23.5;19.1;14.2;14.3;13.2;12.2;0.7;-0.1;0.16;2.6;2.7;0;544;188;90;68;96350;3.32;0.23;0.35;0.36
1989;8;11;223;24.5;19.7;15.1;17.5;15.7;13.4;0.4;1.3;0.16;2.6;2.7;0;573;196;92;65;95969;3.22;2.32;0.34;0.36
1989;8;12;224;25.1;19.8;14.7;17.4;15.1;13.2;1.1;0;0.16;2.6;2.7;0;603;172;92;56;96011;3.12;0.74;0.34;0.36
1989;8;13;225;21.4;18.5;16.3;17.1;15.7;14.2;0.3;0.3;0.16;2.6;2.7;0;406;91;69;39;96227;1.71;4.46;0.34;0.36
1989;8;14;226;26.8;21.2;16;19.4;17.2;14.6;0.6;1.3;0.16;2.6;2.7;0;632;204;96;64;96309;3.39;0.86;0.34;0.36
1989;8;15;227;27.9;23.1;17.4;20;18.4;16.3;0.4;1.9;0.16;2.6;2.7;0;608;196;88;60;96629;3.46;0.04;0.34;0.36
1989;8;16;228;28;23.7;18.7;20.1;18.3;17.5;0.3;2.5;0.16;2.6;2.7;0;566;197;78;62;96692;3.61;0.04;0.34;0.36
1989;8;17;229;28.2;23.5;19.8;19.3;17.4;16.4;0.8;-0.5;0.15;2.6;2.7;0;608;187;88;57;96646;3.69;1.57;0.33;0.36
1989;8;18;230;24.1;21;18.4;17.4;16.7;15.9;0.9;-2.7;0.15;2.6;2.7;0;468;145;64;42;96946;3.37;4.59;0.33;0.36
1989;8;19;231;22.1;18.9;16.5;17.5;16.7;15.8;0.5;-2.1;0.15;2.6;2.7;0;304;86;62;30;96903;2.14;15.19;0.34;0.36
1989;8;20;232;23.8;19.8;16.2;19.3;17.3;15.7;0.1;0.1;0.15;2.6;2.7;0;516;148;60;40;96707;2.68;10.06;0.35;0.36
1989;8;21;233;26.1;21.5;15.9;19.4;17.4;14.8;0.2;-0.2;0.15;2.6;2.7;0;575;186;86;60;96740;3.05;0.35;0.35;0.36
1989;8;22;234;25.3;21.1;16.2;19.1;17.6;15.2;0.4;0;0.15;2.6;2.7;0;549;170;79;56;96716;2.93;2.66;0.35;0.36
1989;8;23;235;25.6;21;17.2;17.1;16.2;14.6;1.5;-2.6;0.15;2.5;2.7;0;576;181;86;59;96691;3.32;0.69;0.35;0.36
1989;8;24;236;22.9;19.3;15.1;16.4;15;14.4;0.9;-1.3;0.15;2.5;2.7;0;470;148;76;61;96588;2.58;0.56;0.35;0.36
1989;8;25;237;25.3;19.8;13.1;16.5;12.9;10.1;1.1;-0.1;0.15;2.5;2.7;0;606;188;110;69;95990;3.27;0.08;0.34;0.36
1989;8;26;238;17.7;16.2;14.7;12.8;10.9;6.9;0.1;-0.3;0.15;2.5;2.7;0;218;69;46;33;96051;1.82;2.59;0.34;0.36
1989;8;27;239;22.2;17.6;13.7;15.4;13.9;12.1;0.1;2.1;0.15;2.5;2.7;0;581;158;93;47;95627;2.63;6.66;0.34;0.36
1989;8;28;240;16;13.3;11.2;15.1;9.2;5;1.9;-2.6;0.15;2.5;2.7;0;182;49;81;38;95503;2.47;14.56;0.36;0.36
1989;8;29;241;12.6;11.3;10;6.3;5.6;5.3;3.6;-4.8;0.15;2.5;2.7;0;304;94;64;40;95885;1.9;1.06;0.36;0.36
1989;8;30;242;12.7;10.6;9.3;7.5;6.7;5.9;3.3;-4.8;0.15;2.5;2.7;0;144;43;32;15;96092;3.61;10.62;0.36;0.36
1989;8;31;243;16.7;13.2;10.5;8.2;6.5;5.1;2;-4.3;0.15;2.5;2.7;0;349;115;84;42;96133;2.91;1.65;0.36;0.36
1989;9;1;244;19.2;14;8.7;11.1;8.1;5.9;0.8;-1.6;0.15;2.5;2.7;0;605;186;116;82;96299;2.68;0;0.36;0.36
1989;9;2;245;18.7;14.3;8.7;9.7;8.6;7.3;0.2;-2.1;0.15;2.5;2.7;0;513;158;102;65;96200;2.42;0.2;0.36;0.36
1989;9;3;246;13.3;11.9;10.6;10.9;9.9;7.9;1;-2.9;0.15;2.5;2.7;0;89;24;30;19;96143;1.53;16.69;0.37;0.36
1989;9;4;247;13.1;11.5;10.2;9.9;9.2;8.7;2;-3.4;0.15;2.5;2.7;0;225;69;42;23;96320;2.22;11.27;0.37;0.36
1989;9;5;248;15.5;12.5;10.3;9.4;8.9;8.1;2.5;-4.5;0.15;2.5;2.7;0;451;121;84;40;96785;2.59;3.96;0.38;0.36
1989;9;6;249;16.3;13.2;9.8;8.9;7.8;7.2;0.8;-2.5;0.15;2.5;2.7;0;438;145;81;67;97229;2.13;0.09;0.38;0.36
1989;9;7;250;17.1;12.8;8.3;8.7;7.7;6.4;0.5;-1.5;0.15;2.5;2.7;0;562;148;97;64;97032;2.12;0;0.38;0.36
1989;9;8;251;17.7;13.8;8.8;10.1;8.7;6.9;-0.2;0.5;0.15;2.5;2.7;0;506;137;88;52;96522;2.07;0;0.37;0.36
1989;9;9;252;17.9;14.3;10.4;11.8;10;8.2;-0.1;1.5;0.15;2.5;2.7;0;491;110;78;45;95933;1.72;0.04;0.37;0.36
1989;9;10;253;18.7;14.6;10.8;12.3;10.9;9.5;0.9;-0.6;0.15;2.5;2.7;0;425;123;75;51;96109;1.87;0.68;0.37;0.36
1989;9;11;254;20.2;15.9;10.7;14.2;11.6;8.4;0.3;-0.9;0.15;2.5;2.7;0;508;150;88;58;96451;2.14;1.85;0.37;0.36
1989;9;12;255;15.6;13.5;11.9;14.8;12.7;11.2;-0.2;-0.9;0.15;2.5;2.7;0;141;39;51;20;96607;0.78;9.28;0.38;0.36
1989;9;13;256;17.4;14.5;12.1;12.1;11.2;10.6;-0.2;2.1;0.15;2.5;2.7;0;413;102;60;33;96519;1.9;0.28;0.38;0.36
1989;9;14;257;15.4;13.3;10.1;12.4;11.1;8.1;1;0.2;0.15;2.5;2.7;0;130;43;62;37;96261;0.88;4.37;0.38;0.36
1989;9;15;258;19.4;14.4;8.8;12.6;9.7;7.1;1.3;0.5;0.15;2.5;2.7;0;497;129;91;50;96199;2.17;1.01;0.38;0.36
1989;9;16;259;21;16.4;12.3;13.5;11.9;10.1;2.2;-0.6;0.15;2.4;2.7;0;457;122;84;44;96383;2.34;1.42;0.38;0.36
1989;9;17;260;23.4;17.4;11.4;16.3;14.1;10.5;0.6;1.6;0.15;2.4;2.7;0;546;163;98;66;96668;2.24;0;0.37;0.36
1989;9;18;261;23.6;18.2;12.4;17.2;15.3;11.7;0;0.4;0.14;2.4;2.7;0;507;147;82;59;96968;2.01;0;0.37;0.36
1989;9;19;262;24;19.3;14.9;16.7;15.5;13.6;0.1;2.8;0.14;2.4;2.7;0;551;168;100;74;96893;2.38;0;0.37;0.36
1989;9;20;263;22.9;18.7;13.3;17.5;15.8;12.8;0.4;-0.8;0.14;2.3;2.7;0;412;116;71;51;97362;1.75;0.8;0.37;0.36
1989;9;21;264;23.2;18.5;13.7;17.2;15.3;13.1;-0.1;1.1;0.14;2.3;2.7;0;483;131;89;56;97272;1.92;0.24;0.36;0.36
1989;9;22;265;22.6;18.1;14.4;15.1;13.2;11.2;-0.2;2.5;0.14;2.3;2.7;0;535;158;105;74;96746;2.41;0;0.36;0.36
1989;9;23;266;21;16.4;12.3;12.2;11.4;10;0;2.2;0.14;2.3;2.7;0;522;153;104;80;96522;2.17;0;0.36;0.36
1989;9;24;267;20.4;15.8;10.5;14.3;12.3;9.8;0.5;0.5;0.14;2.2;2.7;0;452;129;83;60;96742;1.87;0.8;0.36;0.36
1989;9;25;268;20;15.5;11;13.6;12.2;10.5;0.7;-0.2;0.14;2.2;2.7;0;427;114;86;53;96647;1.67;1.19;0.36;0.36
1989;9;26;269;18.4;14.8;11.7;13;11.9;10.6;0.8;-1.4;0.14;2.2;2.7;0;424;118;85;52;96511;1.66;0.77;0.36;0.36
1989;9;27;270;17.8;13.5;10;13.8;11.7;9;0.5;0.1;0.14;2.1;2.7;0;332;82;62;38;96225;1.51;19.62;0.36;0.36
1989;9;28;271;10.9;9.9;8.8;9.2;8.2;7.2;2.5;-3.2;0.14;2.1;2.6;0;127;30;26;13;96364;2.26;12.29;0.38;0.36
1989;9;29;272;13.6;11.1;8.4;9.8;8;4.4;1.5;-4.8;0.14;2.1;2.6;0;341;82;82;43;96570;1.74;1.54;0.38;0.36
1989;9;30;273;13.1;10.2;7.1;5.7;4.2;2.9;2.3;-3.9;0.14;2.1;2.6;0;469;118;87;64;96713;1.66;0.02;0.38;0.36
1989;10;1;274;12.4;10.6;8.4;7.8;5.5;4.1;0.9;-3;0.14;2;2.6;0;330;84;66;47;96711;1.43;0.91;0.38;0.36
1989;10;2;275;14.9;11.2;8.5;7.7;5.5;3;2.9;-1.6;0.14;2;2.6;0;350;104;88;58;96317;1.75;1.01;0.38;0.36
1989;10;3;276;10.7;8.7;6.6;6;1.3;-2.4;2.5;-3.8;0.14;2;2.6;0;496;86;112;63;96203;2.07;4.47;0.38;0.36
1989;10;4;277;9.8;7.1;3.7;1.4;0.2;-2.1;1.2;-2.8;0.14;2;2.6;0;379;92;95;67;97199;1.23;0;0.38;0.36
1989;10;5;278;13.2;7.5;1.7;5.9;2.9;0.2;0.4;0.2;0.14;1.9;2.6;0;504;141;124;84;97327;1.37;0;0.38;0.36
1989;10;6;279;15.3;8.9;1.9;7.1;4.7;1.1;0.7;1.1;0.14;1.9;2.6;0;494;138;120;77;96762;1.45;0.31;0.37;0.36
1989;10;7;280;11.5;8.9;4.5;8.6;7.2;3.3;0.5;0.4;0.14;1.9;2.6;0;201;44;69;33;95660;0.87;5.78;0.37;0.36
1989;10;8;281;9.9;6.7;2;5.1;3.6;1.1;0.2;-2.2;0.14;1.9;2.6;0;280;68;69;44;95327;1.21;1.83;0.38;0.36
1989;10;9;282;11.1;7.9;5.9;4.4;3.5;2.2;1.5;-3.9;0.14;1.8;2.6;0;354;85;83;54;95727;1.41;0.13;0.38;0.36
1989;10;10;283;10.8;7.7;5.9;4;2.9;1.9;1.5;-3.9;0.14;1.8;2.6;0;359;91;101;61;95825;1.12;0.07;0.38;0.36
1989;10;11;284;12;8.3;4.3;3.5;2.1;0.8;2.1;-1.5;0.14;1.8;2.6;0;427;119;99;68;96237;1.32;0;0.37;0.36
1989;10;12;285;12.3;8.9;4.7;5.9;4.9;3.6;1.2;0;0.14;1.8;2.6;0;272;62;75;43;96758;0.81;0.48;0.37;0.36
1989;10;13;286;16.1;9.1;2.7;7.6;5.2;1.7;1;1.1;0.14;1.7;2.6;0;461;123;115;79;96621;1.21;0;0.37;0.36
1989;10;14;287;16;9.9;4.5;8.7;6.6;3.1;0.8;0.5;0.14;1.7;2.6;0;454;119;114;71;96188;1.12;0.35;0.37;0.36
1989;10;15;288;10.8;8.5;6.4;6.9;4.2;2.1;2.3;-3;0.14;1.7;2.6;0;360;83;89;56;96480;1.54;3.56;0.37;0.36
1989;10;16;289;11.4;7.3;3.9;3.3;2;1;1.5;-2;0.14;1.7;2.6;0;361;100;97;74;97480;1.07;0;0.37;0.36
1989;10;17;290;16;8.7;2.5;6.7;3.2;0.5;1.1;0;0.13;1.7;2.6;0;438;114;114;72;97566;1.15;0;0.37;0.36
1989;10;18;291;17.4;10.3;3.9;9.4;5.6;1.4;0.6;0.4;0.13;1.6;2.6;0;445;117;120;76;97126;1.11;0;0.37;0.36
1989;10;19;292;15.9;9.6;3.6;9.4;6.8;3;0.3;1.6;0.13;1.6;2.6;0;407;108;111;76;96578;0.83;0;0.37;0.36
1989;10;20;293;14.8;9.1;4.6;9.8;6.9;4;0.6;0.6;0.13;1.6;2.6;0;383;96;106;65;96342;0.82;0;0.36;0.36
1989;10;21;294;18.3;11.7;6.1;9.8;7.7;5.4;1.4;1.6;0.13;1.6;2.6;0;352;92;87;61;97084;0.99;0;0.36;0.36
1989;10;22;295;19.6;13.2;7.6;11.7;8.6;5;0.6;1.6;0.13;1.6;2.6;0;419;108;112;80;97273;1.06;0;0.36;0.36
1989;10;23;296;19.5;13.6;9.7;10.9;9.4;7.7;0.5;2.6;0.13;1.6;2.6;0;422;109;113;86;97072;1.17;0;0.36;0.36
1989;10;24;297;20.7;13.1;7;14;9.2;5.6;1.1;-0.1;0.13;1.6;2.6;0;414;105;113;75;96981;0.99;0;0.36;0.36
1989;10;25;298;20.1;13;8.3;11.6;9;6.5;1.1;0.8;0.13;1.6;2.6;0;400;102;107;70;97117;1.03;0;0.36;0.36
1989;10;26;299;20.2;13.1;7.5;12.8;9.3;6.1;1;0.4;0.13;1.6;2.6;0;401;101;110;71;96925;0.96;0;0.36;0.36
1989;10;27;300;18.8;13.2;8.6;11.2;8.7;6.1;0.3;1.2;0.13;1.6;2.6;0;398;99;113;77;96750;0.89;0;0.36;0.36
1989;10;28;301;17;12.3;8.9;9.8;8;4.2;0.4;3.6;0.13;1.5;2.6;0;406;98;116;87;96443;1.01;0.01;0.35;0.36
1989;10;29;302;15.9;10.4;6.2;10.6;6.5;3.6;0.9;0.1;0.13;1.5;2.6;0;352;78;96;68;96356;0.73;1.68;0.35;0.36
1989;10;30;303;15.6;10.5;5.5;10.2;7.9;4.4;1.3;0.9;0.13;1.5;2.6;0;205;34;63;33;96446;0.57;0.64;0.35;0.36
1989;10;31;304;14.8;12;9.9;10.2;8.9;7.4;1.3;-0.8;0.12;1.5;2.6;0;270;62;70;32;96560;0.84;8.92;0.35;0.36
1989;11;1;305;16.3;12.5;9;10.5;9.6;8.3;0.8;0.8;0.12;1.5;2.6;0;311;70;85;53;96675;0.81;0.96;0.36;0.36
1989;11;2;306;17.6;12.1;7.8;10.7;8.8;6.9;0.1;-0.2;0.12;1.5;2.6;0;306;76;93;56;96440;0.71;0;0.36;0.36
1989;11;3;307;15.7;10.7;6.9;9;7.7;6.1;0.3;2.4;0.12;1.5;2.6;0;158;45;92;52;96161;0.51;0.03;0.36;0.36
1989;11;4;308;14.9;11.8;7.6;11.8;9.8;6.6;1;2.8;0.12;1.5;2.6;0;222;46;71;46;95416;0.69;2.89;0.36;0.36
1989;11;5;309;11.9;8.4;4.8;6.6;5.5;4.4;0.4;2.8;0.12;1.5;2.6;0;262;60;72;58;95130;0.76;0.62;0.36;0.36
1989;11;6;310;9.5;7.8;5.1;8.3;5.8;2.8;-0.5;0.6;0.12;1.4;2.6;0;79;19;68;23;94762;0.68;21.25;0.37;0.36
1989;11;7;311;9.2;5.9;3.8;2.5;0.7;-0.5;1.8;-2.2;0.12;1.4;2.6;0;326;66;106;57;95455;1.02;0.11;0.38;0.36
1989;11;8;312;7.4;5.3;3.5;1.7;0.7;-0.4;1.8;-3.3;0.12;1.4;2.6;0;289;63;82;51;96131;0.65;0;0.38;0.36
1989;11;9;313;8.7;5.8;2.6;3.8;2.5;1.2;0.9;-1.3;0.12;1.4;2.6;0;263;51;71;44;96674;0.47;0.18;0.38;0.36
1989;11;10;314;8.6;4.7;0.5;2.7;1.3;-0.7;0.8;-1.5;0.12;1.4;2.6;0;352;81;112;76;97238;0.6;0.02;0.38;0.36
1989;11;11;315;8.2;2.5;-1.7;1.5;-0.5;-2.9;0.8;-0.9;0.12;1.4;2.6;0;350;82;117;82;97403;0.52;0;0.38;0.36
1989;11;12;316;5.1;0.6;-2.7;0.5;-1.6;-4.1;0.7;-0.8;0.12;1.4;2.6;0;301;66;93;66;97451;0.35;0;0.37;0.36
1989;11;13;317;6.9;1.5;-2.2;1.6;-1.6;-4.6;1.1;-0.8;0.12;1.4;2.6;0;298;69;110;69;97381;0.37;0;0.37;0.36
1989;11;14;318;8.7;2.3;-1.3;1;-2.6;-5.5;1.4;-0.9;0.12;1.4;2.6;0;317;76;108;75;97170;0.46;0;0.37;0.36
1989;11;15;319;7.3;2.6;-0.8;-0.3;-2.9;-6.3;2.4;-1.7;0.11;1.3;2.6;0;312;67;89;62;96538;0.57;0.13;0.37;0.36
1989;11;16;320;3.3;1.6;-0.5;-0.1;-1.6;-3;1.5;-3.5;0.12;1.3;2.6;0.06;211;50;84;61;96859;0.47;0.25;0.37;0.36
1989;11;17;321;0.8;-1;-2.6;-2.4;-5.5;-6.5;-0.5;0;0.12;1.4;2.6;0.17;322;73;112;75;97215;0.38;0;0.37;0.36
1989;11;18;322;1.4;-1.3;-2.6;-5.7;-6.3;-6.7;-0.3;3.3;0.12;1.4;2.6;0.18;323;72;108;83;97143;0.39;0;0.37;0.36
1989;11;19;323;2.2;-1.1;-2.9;-4.1;-5.1;-6.3;-0.5;3.1;0.12;1.4;2.6;0.14;310;69;88;71;96806;0.29;0;0.37;0.36
1989;11;20;324;3.7;-0.3;-2.8;-0.5;-2.5;-4.2;-0.3;1.7;0.12;1.4;2.6;0.11;253;57;81;58;96543;0.2;0;0.37;0.36
1989;11;21;325;6;0.3;-3;2.1;-1.3;-4;0.6;0.5;0.12;1.4;2.6;0.07;304;68;104;67;96005;0.24;0;0.37;0.36
1989;11;22;326;7.8;1.3;-3.2;2.1;-1.2;-3.9;1.4;-0.6;0.11;1.4;2.6;0.13;288;58;83;43;94906;0.48;1.23;0.37;0.36
1989;11;23;327;0.8;-1.3;-3.7;-3.9;-7.1;-8.7;2;-2.7;0.13;1.4;2.6;0.82;299;66;109;78;95480;0.48;0.08;0.37;0.36
1989;11;24;328;3.5;-1.3;-3.5;-6.9;-8.3;-9.6;1.2;1.7;0.13;1.4;2.6;0.81;305;68;115;85;95573;0.17;0;0.37;0.36
1989;11;25;329;-0.3;-2.8;-6.3;-3.1;-8.3;-13.1;0.7;-3;0.13;1.4;2.6;1.1;153;33;94;54;95833;0.07;0.62;0.36;0.36
1989;11;26;330;0.2;-3.1;-6.8;-5.2;-11.9;-14.4;2.3;-0.1;0.13;1.4;2.6;1.48;298;62;110;72;96175;0.12;1.09;0.36;0.36
1989;11;27;331;3.5;0.4;-1.7;-2.3;-3.9;-5.1;2.1;-0.1;0.15;1.4;2.6;2.52;178;30;61;38;95923;0.09;0.24;0.36;0.36
1989;11;28;332;3.9;0.4;-3.4;-0.2;-4.2;-8.8;2.5;-3.6;0.15;1.4;2.6;2.52;260;51;94;64;96241;0.65;1.41;0.36;0.36
1989;11;29;333;-0.6;-3.2;-4.7;-8.3;-9.6;-10.7;0;-0.4;0.15;1.4;2.6;2.47;285;63;119;94;97678;0.09;0;0.36;0.36
1989;11;30;334;0.3;-3.5;-6.6;-6.6;-8.4;-10.1;-0.1;0.6;0.15;1.4;2.6;2.38;264;58;109;82;97759;0.05;0;0.36;0.36
1989;12;1;335;0;-4.4;-7.1;-7.7;-8.8;-9.6;0.6;-0.5;0.15;1.4;2.6;2.25;273;58;106;74;98412;0.04;0;0.36;0.36
1989;12;2;336;4.1;-1.8;-5.3;-4.4;-7.3;-10.9;1;-1.2;0.14;1.4;2.6;2.1;269;58;102;68;98540;0.04;0;0.36;0.36
1989;12;3;337;3.1;-2;-4.6;-2.3;-4.9;-6.4;0.6;0.3;0.14;1.4;2.6;1.92;260;56;104;69;98201;0.03;0;0.36;0.36
1989;12;4;338;3.1;-2.6;-5.7;-3.6;-5.8;-7.8;0.9;-0.2;0.14;1.4;2.6;1.78;246;52;101;62;97432;0.04;0;0.36;0.36
1989;12;5;339;2.7;-1.6;-4.3;-3.5;-5;-7;0.7;-1.5;0.14;1.4;2.6;1.67;231;51;97;59;97079;0.04;0;0.36;0.36
1989;12;6;340;1.4;-2.1;-3.8;-3.4;-4.4;-5.6;0.7;1.1;0.14;1.4;2.6;1.65;160;37;75;45;96839;0.05;0;0.36;0.36
1989;12;7;341;4.8;0.5;-3.4;-1.4;-3.7;-6.4;2.2;-1.5;0.13;1.4;2.6;1.57;248;52;100;57;96262;0.09;0.05;0.36;0.36
1989;12;8;342;0.8;-1.9;-3.8;-2.9;-4.1;-4.8;0.5;0.4;0.13;1.4;2.6;1.5;170;39;83;55;96480;0.04;0;0.36;0.36
1989;12;9;343;2.3;-2.2;-6.2;-4.5;-6.3;-7.9;1.6;-1.8;0.13;1.4;2.6;1.49;260;55;103;65;95890;0.06;0.26;0.36;0.36
1989;12;10;344;-2.8;-4.7;-6.4;-7.3;-10.5;-12.2;0.1;-1.3;0.14;1.4;2.6;1.7;215;45;104;67;96700;0.04;0.09;0.36;0.36
1989;12;11;345;0.5;-4.1;-7.8;-6.8;-9.8;-11.7;0.9;1.6;0.14;1.4;2.6;1.69;261;54;103;76;96035;0.03;0;0.36;0.36
1989;12;12;346;2.4;-1.8;-4.9;-5;-5.9;-6.6;0.8;1.7;0.13;1.4;2.6;1.66;248;52;108;64;95788;0.03;0.03;0.36;0.36
1989;12;13;347;5.1;1.5;-2.4;-2;-3.9;-6.9;1.4;1.6;0.13;1.4;2.6;1.53;134;32;63;32;94947;0.01;0.02;0.36;0.36
1989;12;14;348;8.9;3.9;-0.2;2.8;-0.1;-3;1.9;2.3;0.13;1.4;2.6;1.2;232;43;81;59;95139;0.05;0;0.36;0.36
1989;12;15;349;10.6;5.9;2.3;6.3;3;-0.6;2.2;2.4;0.12;1.4;2.6;0.67;212;41;77;54;94649;0.12;0;0.36;0.36
1989;12;16;350;11.8;5.9;1.9;6.7;3.9;1;1.9;2.3;0.12;1.4;2.6;0.31;233;37;90;48;94884;0.2;0;0.36;0.36
1989;12;17;351;13.7;10;6;9.2;7;4.6;2.6;3.4;0.11;1.4;2.6;0.09;211;39;70;43;94622;0.39;0.29;0.36;0.36
1989;12;18;352;10.8;8.4;4.1;8.2;6.1;2.7;2;3.6;0.11;1.4;2.6;0;230;46;79;53;95377;0.4;1.3;0.36;0.36
1989;12;19;353;15;10.4;6.4;10.3;6.9;2.3;2;1.7;0.11;1.4;2.6;0;209;39;69;48;95353;0.84;9.23;0.36;0.36
1989;12;20;354;8;4.4;-0.9;2.9;1.1;-2.5;1.5;1.9;0.11;1.3;2.6;0;141;29;74;51;96440;0.35;0;0.37;0.36
1989;12;21;355;12.8;6.1;1.8;7.5;3.1;0.2;1.1;1.2;0.11;1.3;2.6;0;232;44;79;52;96244;0.19;0;0.37;0.36
1989;12;22;356;10.8;5.2;0.6;6.6;3;-0.5;1.8;1.5;0.11;1.3;2.6;0;202;42;88;58;95427;0.21;0;0.37;0.36
1989;12;23;357;5.6;3.3;-0.8;2.6;-1.2;-4.2;2.5;-1.6;0.11;1.3;2.6;0;86;21;96;57;96232;0.5;0.58;0.37;0.36
1989;12;24;358;5.4;0.7;-2.2;1.4;-1.8;-5.3;1.3;0.4;0.11;1.3;2.6;0.04;177;36;81;49;96807;0.27;1.64;0.37;0.36
1989;12;25;359;5.5;1.8;-0.6;1.9;0.6;-0.9;0;1.4;0.11;1.3;2.6;0.05;202;43;84;36;96869;0.28;0.3;0.37;0.36
1989;12;26;360;0.7;-0.3;-2;0.6;-1.8;-3.9;-1.1;1.8;0.11;1.3;2.6;0.13;99;21;41;17;96836;0.14;0.2;0.37;0.36
1989;12;27;361;-0.5;-1.8;-2.4;-4;-4.9;-5.5;-0.2;3.3;0.11;1.3;2.6;0.2;146;33;65;47;96557;0.16;0;0.37;0.36
1989;12;28;362;2.3;-1.8;-4;-3.2;-4.7;-5.9;0.1;2.4;0.11;1.3;2.6;0.2;255;54;103;81;96544;0.1;0;0.36;0.36
1989;12;29;363;0.8;-2.5;-4.6;-3.7;-4.7;-5.6;0.5;-0.8;0.11;1.3;2.6;0.2;241;51;99;68;96802;0.05;0;0.36;0.36
1989;12;30;364;1.4;-2.4;-4.6;-3;-4.3;-5.4;-0.1;1.1;0.11;1.3;2.6;0.19;239;51;91;64;96961;0;0;0.36;0.36
1989;12;31;365;-0.2;-2.1;-2.9;-3.7;-4.1;-4.6;-0.2;2.6;0.11;1.3;2.6;0.27;158;34;57;34;96925;0.05;0.09;0.36;0.36
1990;1;1;1;-0.7;-2.4;-3;-4.3;-5.1;-6;-0.2;2.4;0.12;1.3;2.6;0.37;179;34;56;36;96719;0.01;0.05;0.36;0.36
1990;1;2;2;1.1;-1.7;-3.3;-3.3;-4.5;-5.2;-0.1;0.2;0.12;1.3;2.6;0.45;250;50;103;51;96673;0.03;0.26;0.36;0.36
1990;1;3;3;-0.5;-1.9;-3.8;-3;-5.4;-7.6;-0.1;-1.6;0.13;1.3;2.6;0.97;156;32;81;38;96929;0.05;0.4;0.36;0.36
1990;1;4;4;0;-3.1;-5.1;-7;-7.5;-8.3;0;2.5;0.13;1.2;2.6;1.08;262;56;102;77;97369;0.05;0;0.36;0.36
1990;1;5;5;-0.8;-3.9;-5.3;-6.9;-7.4;-8.5;-0.1;2.9;0.13;1.2;2.6;1.08;204;45;93;66;97381;0;0;0.36;0.36
1990;1;6;6;-2.6;-5.8;-7.7;-8.5;-10.1;-11.4;-0.5;1.8;0.13;1.2;2.6;1.05;276;58;114;83;97681;0;0;0.36;0.36
1990;1;7;7;-0.2;-5.6;-8;-9.3;-10.7;-12.4;0.1;1.7;0.12;1.2;2.5;1.01;279;59;118;88;97890;0.01;0;0.36;0.36
1990;1;8;8;-0.5;-6.1;-9.2;-9;-10.8;-13;0.3;0.7;0.12;1.2;2.5;0.97;280;59;119;86;98122;0;0;0.36;0.36
1990;1;9;9;3.1;-3.6;-8.5;-6.3;-9.3;-12.6;0.9;0.4;0.12;1.2;2.5;0.94;263;56;98;64;98109;0;0;0.36;0.36
1990;1;10;10;3.4;-1.5;-4.2;-3.2;-5.4;-7.4;0.9;0.6;0.12;1.2;2.5;0.87;183;38;78;41;97913;0;0;0.36;0.36
1990;1;11;11;3.6;-2.7;-6.6;-2.6;-5.6;-8.4;1;0.7;0.12;1.2;2.5;0.79;272;57;107;71;97743;0;0;0.36;0.36
1990;1;12;12;4.6;-2.3;-6.2;-3.8;-7.3;-10.1;0.9;0.6;0.12;1.2;2.5;0.71;280;60;107;74;97700;0;0;0.36;0.36
1990;1;13;13;2.2;-3.8;-7.2;-5.4;-8;-10.7;0.7;0.7;0.12;1.2;2.5;0.65;280;60;107;73;97488;0;0;0.36;0.36
1990;1;14;14;2.2;-3.1;-6.3;-4.9;-7.6;-10.2;0.5;0.1;0.12;1.2;2.5;0.62;279;62;105;73;97274;0;0;0.36;0.36
1990;1;15;15;2.1;-3.5;-7.4;-5.6;-7.1;-9.2;0.7;1.1;0.12;1.2;2.5;0.59;291;63;110;72;97397;0;0;0.36;0.36
1990;1;16;16;7.4;0.7;-5.2;0.2;-4.1;-8.9;1.4;0.8;0.12;1.2;2.5;0.51;269;50;70;36;97088;0;0.04;0.36;0.36
1990;1;17;17;10.2;2.5;-1.2;6.5;1;-2.2;1.2;0.1;0.12;1.2;2.5;0.38;269;58;84;43;96877;-0.02;0;0.36;0.36
1990;1;18;18;5.4;1.9;-0.5;2.8;-0.5;-3.5;1.1;-1.6;0.11;1.2;2.5;0.29;185;39;78;35;96879;0.08;0.01;0.36;0.36
1990;1;19;19;4;0.5;-2.8;-3.3;-4.4;-5.7;2.1;-1.9;0.11;1.2;2.5;0.23;261;59;84;73;97293;0.1;0;0.36;0.36
1990;1;20;20;6;1;-2.9;-1.4;-4.4;-7.4;1.3;0.4;0.11;1.2;2.5;0.19;230;50;89;46;97404;0.03;0.19;0.36;0.36
1990;1;21;21;7.4;3.9;0.8;3.1;1.1;-0.9;2;-0.6;0.11;1.2;2.5;0.18;210;40;51;27;97660;0.15;0.22;0.36;0.36
1990;1;22;22;10.1;4;-2.2;4.2;0.8;-3;1.5;-0.7;0.11;1.1;2.5;0.13;282;61;95;58;97700;0.29;0;0.36;0.36
1990;1;23;23;7.6;1.3;-2.6;2;-1.1;-3.9;0.7;1.3;0.11;1.1;2.5;0.07;314;71;107;71;97230;0.13;0;0.36;0.36
1990;1;24;24;4.7;1.2;-1.7;0;-2;-3.4;1.3;1.6;0.11;1.1;2.5;0.04;110;28;75;54;95919;0.1;0.61;0.36;0.36
1990;1;25;25;6.4;3;-2.2;2.6;0.3;-3.6;1.5;2.8;0.11;1.1;2.5;0.02;261;50;66;42;95826;0.32;0.02;0.36;0.36
1990;1;26;26;5.5;3.3;0.3;4.2;1.6;-0.5;1.3;1.1;0.11;1.1;2.5;0.1;128;18;62;32;95256;0.09;10.26;0.36;0.36
1990;1;27;27;6.7;1.6;-1.5;1.3;-0.6;-2.4;1.5;2.2;0.12;1.1;2.5;0.24;325;75;105;71;96118;0.41;0;0.37;0.36
1990;1;28;28;9.6;5.8;0.1;5.1;2.6;-2.6;2.3;4.5;0.11;1.1;2.5;0.17;290;61;82;60;95579;0.33;0;0.36;0.36
1990;1;29;29;7.3;3.7;1.3;4.9;2.5;0.8;0.8;-0.2;0.11;1.1;2.5;0.05;75;17;36;17;95861;0.3;1.87;0.37;0.36
1990;1;30;30;8.9;4.2;-0.5;5.2;2.8;-1.1;0.7;1.5;0.11;1.1;2.5;0.05;210;46;59;33;95789;0.3;0;0.37;0.36
1990;1;31;31;8.3;3.8;-1.8;5.1;2.3;-2.4;0.5;3.1;0.11;1.1;2.5;0.02;295;64;71;52;96231;0.25;0;0.36;0.36
1990;2;1;32;8.7;4.4;0;3.8;2.4;-0.8;0.6;2.4;0.11;1.1;2.5;0;277;62;99;61;96011;0.27;0;0.36;0.36
1990;2;2;33;10.3;4.4;0.2;3.8;1.9;-0.5;1.3;1.6;0.11;1.1;2.5;0;326;77;100;59;96163;0.46;1.73;0.36;0.36
1990;2;3;34;9;5.1;0;4.8;2.7;-0.7;1.1;2.5;0.11;1.1;2.5;0;319;69;74;51;96780;0.53;0.29;0.36;0.36
1990;2;4;35;8.8;4.1;-0.6;2.5;-1.4;-4.1;2;-0.6;0.11;1.1;2.5;0;371;89;115;75;97405;0.65;0;0.36;0.36
1990;2;5;36;9.8;2.4;-1.8;2.5;-2.2;-5.2;1;0.4;0.11;1.1;2.5;0;358;81;111;72;97633;0.39;0;0.36;0.36
1990;2;6;37;8.5;2.9;-1.8;2.7;-0.9;-5.1;0;2.4;0.11;1.1;2.5;0;373;91;105;75;97129;0.34;0;0.36;0.36
1990;2;7;38;7.9;2.6;-1.5;2.7;0.5;-2.4;0.2;2.2;0.11;1.1;2.5;0;369;89;115;83;96982;0.29;0;0.36;0.36
1990;2;8;39;9.9;4.1;-2.6;3.3;0.5;-3.9;0.9;0.7;0.11;1.1;2.5;0;365;86;102;63;96593;0.5;0;0.36;0.36
1990;2;9;40;8;4.6;1.2;0.1;-1.3;-2.7;1.9;-2.7;0.12;1.1;2.5;0;310;73;96;61;97148;0.67;0.25;0.36;0.36
1990;2;10;41;6.9;2.4;-0.7;-1.5;-3.5;-5.4;0.7;0.5;0.12;1.1;2.5;0;377;90;118;87;96877;0.59;0;0.36;0.36
1990;2;11;42;4.1;1.5;0;1.5;-1.8;-5.3;0.8;2.7;0.13;1.1;2.5;0.59;263;41;69;32;95594;0.46;5.4;0.36;0.36
1990;2;12;43;3.2;0.2;-1.9;1.1;-0.9;-3.2;0.6;1.9;0.14;1.1;2.5;1.34;130;34;74;31;94351;0.39;1.81;0.36;0.36
1990;2;13;44;5;0.7;-3.1;-2.7;-4.2;-6.3;1.9;-1.2;0.14;1.1;2.5;1.33;337;83;92;69;94390;0.69;0.23;0.36;0.36
1990;2;14;45;7.4;3;-2.3;1.5;-1.8;-6.2;2.8;1;0.18;1.1;2.5;3.88;293;63;84;40;93827;1.02;6.39;0.36;0.36
1990;2;15;46;7.7;3.3;1.2;4.8;-0.1;-4.9;2.7;-0.9;0.18;1.1;2.5;4.06;145;28;92;37;93798;0.89;8.71;0.37;0.36
1990;2;16;47;5.4;2.3;0.4;-3.6;-4.8;-6.5;3.2;-2.3;0.17;1.1;2.5;3.49;385;99;113;77;95326;0.81;0.23;0.37;0.36
1990;2;17;48;5.6;1.3;-1.5;-3.3;-5.1;-6.4;1.2;-1;0.16;1.1;2.5;3.2;409;92;108;76;96412;0.65;0;0.37;0.36
1990;2;18;49;11.5;4.3;-0.6;3.5;-0.9;-5.8;0.9;1.3;0.15;1.1;2.5;2.47;389;93;105;58;96522;0.51;0;0.37;0.36
1990;2;19;50;12;5.5;0.4;5;1.8;-1.7;0.9;0.6;0.14;1.1;2.5;1.51;296;78;82;52;96852;0.42;0;0.37;0.36
1990;2;20;51;15.2;6.9;-0.1;7.3;2.6;-2.3;0.8;0.9;0.13;1.1;2.5;0.82;432;111;118;71;97544;0.66;0;0.37;0.36
1990;2;21;52;14.1;7.1;2.1;6.4;3.4;0.1;0.9;1.8;0.13;1.1;2.5;0.39;441;115;113;74;97710;0.79;0;0.37;0.36
1990;2;22;53;11.5;7.5;2.8;6.3;3.5;0.5;1;-2.5;0.12;1.1;2.5;0.18;367;100;103;70;98455;0.72;0;0.37;0.36
1990;2;23;54;12.3;5;-2.1;3.8;0.9;-3.2;0.6;0.6;0.12;1.1;2.5;0.07;463;123;128;87;98237;0.74;0;0.37;0.36
1990;2;24;55;16.2;7.4;-0.2;6.7;2.5;-2.1;1.1;0.8;0.12;1.1;2.5;0.02;461;123;125;82;97547;0.88;0;0.37;0.36
1990;2;25;56;16.9;8.3;0.9;6.8;3.1;-1.2;1;1;0.12;1.1;2.5;0;473;127;134;88;96524;0.95;0;0.37;0.36
1990;2;26;57;14.3;8.7;3.4;4.7;2.4;-1.2;1.7;1.7;0.12;1.2;2.5;0;428;114;115;72;95159;1.28;0.8;0.37;0.36
1990;2;27;58;10.6;6.2;2.6;4.5;-1.9;-7.5;3.9;-0.3;0.12;1.2;2.5;0.06;350;76;105;75;94078;1.54;5.45;0.37;0.36
1990;2;28;59;7;4.4;2.1;-0.4;-4.3;-7.9;4.5;-1;0.12;1.2;2.5;0.23;477;129;113;77;94653;1.35;1.8;0.37;0.36
1990;3;1;60;7.5;4.5;1.8;-0.5;-4.6;-7.9;4;-0.8;0.13;1.2;2.5;0.41;489;134;121;84;94609;1.6;0.29;0.37;0.36
1990;3;2;61;6.8;2.8;0;-3;-5.8;-7.6;2.8;-1.7;0.13;1.2;2.5;0.32;463;125;112;91;96248;1.12;0.33;0.37;0.36
1990;3;3;62;4.3;1;-1.5;-3.9;-6.9;-10.3;3.1;-3.6;0.13;1.2;2.5;0.38;428;115;92;80;97843;0.98;0.43;0.37;0.36
1990;3;4;63;8.5;3.7;-0.1;-2.3;-3.5;-4.7;2.2;-1.5;0.13;1.2;2.5;0.55;463;127;113;70;98225;0.98;0.05;0.36;0.36
1990;3;5;64;9.5;4.6;0;1.8;-1.4;-3.7;1.8;-0.3;0.13;1.2;2.5;0.39;358;89;99;60;97658;0.71;0;0.36;0.36
1990;3;6;65;13.4;6.1;-0.8;-1.3;-4.6;-7.1;2.3;0.4;0.13;1.2;2.5;0.27;441;97;123;65;96560;1;0;0.36;0.36
1990;3;7;66;11.6;7.8;2.6;3.1;-0.6;-7.2;2.6;-1.1;0.13;1.2;2.5;0.15;373;103;100;66;96786;1.04;0;0.36;0.36
1990;3;8;67;15.9;8.2;1.1;7.4;2.5;-1.3;0.8;0.7;0.13;1.2;2.5;0.07;524;148;130;79;96867;1.16;0;0.36;0.36
1990;3;9;68;15.8;9.4;3.4;7;3.2;0;1.3;0;0.13;1.2;2.5;0.02;372;104;96;59;96647;1.02;0.38;0.36;0.36
1990;3;10;69;7.6;5.8;4.2;4.9;1.1;-4;2.4;-1.8;0.13;1.3;2.5;0.04;278;76;74;36;97330;1.25;7.81;0.36;0.36
1990;3;11;70;16.9;10.5;5.2;5.8;4.4;2.9;2.4;-0.7;0.13;1.3;2.5;0.02;529;138;113;68;97224;1.52;0.01;0.36;0.36
1990;3;12;71;17.1;11.2;4.3;8.9;5.3;1.6;1.2;-0.4;0.13;1.3;2.5;0;312;92;73;59;96741;0.83;0;0.36;0.36
1990;3;13;72;12.1;8;4.3;5.2;1.5;0;0;-1.8;0.13;1.3;2.6;0;443;128;110;78;97216;1.12;0;0.36;0.36
1990;3;14;73;13;7.4;1.5;3.8;1.9;-0.9;-0.4;1.6;0.13;1.3;2.6;0;550;155;124;75;97520;1.22;0;0.36;0.36
1990;3;15;74;10.3;6.9;4.1;4.6;3.8;2.5;0.2;-1;0.13;1.3;2.6;0;329;71;63;38;98116;0.58;0.1;0.36;0.36
1990;3;16;75;11.8;7.1;3.2;2.9;1.8;0.4;-0.2;1.4;0.13;1.3;2.6;0;549;144;116;75;98446;1.17;0;0.36;0.36
1990;3;17;76;11.5;6.4;1.9;0.1;-1.8;-2.9;0.2;2.5;0.13;1.3;2.6;0;580;171;135;98;98470;1.49;0;0.36;0.36
1990;3;18;77;13.9;7.2;1;1.7;-1.3;-4.2;0.5;2.7;0.13;1.4;2.6;0;590;176;137;102;98319;1.58;0;0.35;0.36
1990;3;19;78;16.1;8.7;2.7;2.9;0.3;-2;0.9;2;0.13;1.4;2.6;0;591;177;142;102;97984;1.68;0;0.35;0.36
1990;3;20;79;17.5;8.9;0.7;7.2;2.4;-2.2;1.2;-0.1;0.13;1.4;2.6;0;585;175;140;92;97400;1.59;0;0.35;0.36
1990;3;21;80;18.7;11.3;3.4;5.4;3.1;1.6;1.3;1.3;0.13;1.4;2.6;0;546;156;112;76;97042;1.77;0;0.35;0.36
1990;3;22;81;22;13.9;5.9;10.5;6;2;1.5;0.2;0.13;1.4;2.6;0;569;169;121;79;96606;1.86;0;0.35;0.36
1990;3;23;82;12.7;9.9;6.7;8;5.6;2.3;1.2;-2.7;0.13;1.5;2.6;0;459;122;75;56;96650;1.35;1.47;0.35;0.36
1990;3;24;83;14.9;9.2;3;5.5;4.1;1.8;1.3;1.6;0.13;1.5;2.6;0;484;140;110;70;96668;1.36;0;0.35;0.36
1990;3;25;84;9.8;6.5;3.1;5.8;3.1;-2;1.8;-2.1;0.13;1.5;2.6;0.01;248;56;66;36;96122;1.89;5.98;0.35;0.36
1990;3;26;85;8;4.8;2.4;-2.1;-3.1;-4.4;0.4;-2.5;0.14;1.5;2.6;0.17;454;111;66;47;96342;1.24;0.22;0.35;0.36
1990;3;27;86;10;5.8;2.2;4.8;0.6;-3.2;-1;-2.1;0.14;1.5;2.6;0.16;473;108;77;32;96284;1.27;5.68;0.35;0.36
1990;3;28;87;11.4;6.8;2.5;5.7;3.7;0.7;-0.5;0;0.14;1.6;2.6;0.05;336;84;115;39;96063;1.17;9.83;0.36;0.36
1990;3;29;88;9.1;6.5;2.6;4.2;3;0.9;2.1;-2.5;0.14;1.6;2.6;0.02;364;92;55;27;96658;1.37;5.14;0.36;0.36
1990;3;30;89;11.5;8.2;5.1;6.3;5.4;4;1.4;-3.6;0.14;1.6;2.6;0;300;81;69;34;97380;1.32;2.9;0.36;0.36
1990;3;31;90;14.4;9.5;5;5.5;4.4;3.6;1.2;-3.1;0.14;1.6;2.6;0;614;163;109;76;97723;1.67;0;0.36;0.36
1990;4;1;91;16.2;10.2;3.3;6.2;4.9;2.3;0.3;1.5;0.14;1.6;2.6;0;626;196;128;96;97363;1.94;0;0.36;0.36
1990;4;2;92;18.2;12.4;6.3;6.4;4.4;2.3;1.2;3.9;0.14;1.7;2.6;0;637;200;128;99;95934;2.43;0;0.36;0.36
1990;4;3;93;17;12;6.9;5.5;4.2;2.2;2.1;4.1;0.14;1.7;2.6;0;603;172;105;79;95158;2.17;0.03;0.36;0.36
1990;4;4;94;9.5;7.1;5.1;6.1;2.1;-0.3;1.5;-2.1;0.14;1.7;2.6;0;268;72;45;30;95866;1.85;4.33;0.36;0.36
1990;4;5;95;9.1;6.5;4.3;2.5;0.9;-0.7;-0.3;0.5;0.14;1.7;2.6;0;413;95;70;37;96300;1.11;0.18;0.36;0.36
1990;4;6;96;12.6;8.3;3.8;6.8;4.5;2.1;0.4;1.4;0.14;1.7;2.6;0;332;90;57;28;95810;1.03;1.51;0.36;0.36
1990;4;7;97;11.1;7.6;3.2;9.4;6.8;2.2;0.4;-1.2;0.14;1.8;2.6;0;186;37;19;8;95147;1.08;16.21;0.36;0.36
1990;4;8;98;3.9;2.7;0.6;1.5;-0.2;-5.2;1.6;-5.4;0.15;1.8;2.6;0.48;199;62;67;23;95720;2.4;6.17;0.37;0.36
1990;4;9;99;7.8;3.3;-1.7;-1.5;-4.3;-6.8;-0.9;-0.6;0.15;1.8;2.6;0.54;610;200;120;83;96047;1.76;0;0.37;0.36
1990;4;10;100;8.4;4.3;-1;-2.2;-2.8;-3.5;0.5;-3.1;0.15;1.8;2.6;0.36;655;179;115;74;95338;1.71;0;0.37;0.36
1990;4;11;101;9.2;5.5;0.1;1.6;-1;-3.7;2.1;-2.2;0.15;1.8;2.6;0.23;542;145;107;70;95175;1.53;0.39;0.37;0.36
1990;4;12;102;9.4;5.8;2.9;0.9;0.1;-0.9;1.6;-3.7;0.15;1.9;2.6;0.12;563;178;105;74;95889;1.84;0.42;0.37;0.36
1990;4;13;103;11.1;6.9;2.7;2.1;0.5;-0.5;0.7;-1.4;0.15;1.9;2.6;0.05;527;167;101;74;96246;1.78;0.1;0.37;0.36
1990;4;14;104;15;9.1;1.8;2.3;0.8;-1;0.4;2.7;0.15;1.9;2.6;0.02;679;220;128;90;95946;2.49;0;0.37;0.36
1990;4;15;105;14.7;9.2;4.1;4.7;3.3;1.5;1.2;0.8;0.15;1.9;2.6;0;544;151;93;57;95553;2.06;1.03;0.36;0.36
1990;4;16;106;10.8;8;5.4;2.7;-0.2;-1.8;1.5;-3.6;0.15;2;2.6;0;473;141;81;51;96163;2.1;0.18;0.36;0.36
1990;4;17;107;12.3;8.3;4.6;1.4;-0.1;-1.5;1;-2.1;0.15;2;2.6;0;570;170;102;71;96364;2.1;0;0.36;0.36
1990;4;18;108;10.2;6.8;1.9;3.9;2.2;0.1;-0.1;-0.2;0.15;2;2.6;0;356;124;67;50;96121;1.58;1.56;0.36;0.36
1990;4;19;109;10.1;6.5;3.8;8.9;5.4;2;0.5;-0.5;0.15;2.1;2.7;0;292;70;83;33;95619;0.99;7.87;0.36;0.36
1990;4;20;110;11.7;7.1;1.5;9.1;5.8;1.1;-0.3;-0.4;0.15;2.1;2.7;0;362;112;61;37;95565;1.55;15.07;0.37;0.36
1990;4;21;111;11.5;7.6;5.3;9.1;6.4;5.1;-0.8;0.3;0.15;2.1;2.7;0;434;105;55;28;95463;1.73;11.04;0.38;0.36
1990;4;22;112;13.6;8.6;2.7;7.1;4.9;2.4;0.1;1;0.15;2.2;2.7;0;441;151;88;60;95556;2;1;0.38;0.36
1990;4;23;113;9;7.4;5.6;8.2;5.5;2.2;-0.2;2;0.15;2.2;2.7;0;97;35;76;32;95310;0.71;12.4;0.39;0.36
1990;4;24;114;14.1;8.6;3.6;8.1;5.4;3.2;0.8;1;0.16;2.2;2.7;0;546;179;110;62;95552;2.61;9.07;0.39;0.36
1990;4;25;115;13.5;8.4;1.4;8.2;5.4;1.2;1.2;0.1;0.16;2.3;2.7;0;539;180;95;68;95952;2.69;5.05;0.4;0.36
1990;4;26;116;13.4;9;2.6;6.7;4.5;1.4;2.2;-1.8;0.16;2.3;2.7;0;571;196;100;74;96182;2.54;0.88;0.4;0.36
1990;4;27;117;15.4;10.9;6.3;5;4;2.7;2.8;-1.7;0.16;2.3;2.7;0;510;181;94;71;96330;2.7;0.95;0.4;0.36
1990;4;28;118;11.3;7.8;5;4.6;-1.2;-4.7;2.1;-3.7;0.16;2.4;2.7;0;622;206;109;71;96795;3.34;1.76;0.39;0.36
1990;4;29;119;10.7;7.2;3.6;2.1;0.1;-2.4;1.1;-3.7;0.16;2.4;2.7;0;476;153;92;69;97196;2.09;0.17;0.39;0.36
1990;4;30;120;14.1;9.4;1.7;7.1;3.9;0.1;0.9;-2.1;0.16;2.4;2.7;0;574;164;103;61;97242;2.13;0;0.39;0.36
1990;5;1;121;14.7;12.5;9.7;9;8.1;7.1;1;-3.5;0.16;2.5;2.7;0;481;133;62;33;97318;2.07;0.63;0.38;0.36
1990;5;2;122;19.2;14;9.9;10.3;8;4.1;0;-3.9;0.16;2.5;2.7;0;628;212;98;79;97620;3.19;0.39;0.38;0.36
1990;5;3;123;16.1;12.1;7.7;4.9;3.9;3.2;0.2;-2.8;0.16;2.6;2.7;0;715;243;126;89;97588;3.45;0;0.38;0.36
1990;5;4;124;18;13.7;9.7;10.1;7.8;5;0.1;-2;0.16;2.6;2.7;0;580;185;89;69;96996;2.93;0.58;0.37;0.37
1990;5;5;125;21.2;15.3;7.5;11.5;8.3;6.1;0.4;0;0.16;2.6;2.7;0;694;241;126;86;96783;3.5;0.07;0.37;0.37
1990;5;6;126;21.4;14.9;7.5;11.7;8.9;5.7;0.4;-0.1;0.16;2.7;2.7;0;661;230;121;78;96496;3.49;2.03;0.37;0.37
1990;5;7;127;21.5;15.2;8.7;12.1;9.6;6.9;0.4;0.7;0.16;2.7;2.7;0;682;224;117;76;96309;3.56;1.24;0.37;0.37
1990;5;8;128;21.2;15.1;8.3;11.7;9.8;7.5;0.8;-0.3;0.16;2.7;2.7;0;684;226;120;76;96362;3.55;1.44;0.36;0.37
1990;5;9;129;21.7;15.8;8.9;12.8;10.4;7.6;0.3;0.4;0.16;2.8;2.7;0;639;222;112;72;96343;3.45;2.39;0.36;0.37
1990;5;10;130;21.1;15.6;8.7;12;10.6;7.7;0.4;0.8;0.16;2.8;2.7;0;632;215;110;71;96232;3.53;1.7;0.36;0.36
1990;5;11;131;21.5;16.4;9.9;12;10.7;8.7;0.4;1.1;0.17;2.8;2.8;0;653;222;104;79;95885;3.59;0.51;0.36;0.36
1990;5;12;132;20;15.3;11.2;11.7;9.8;8.2;0.4;1.7;0.17;2.9;2.8;0;633;173;102;61;95854;2.95;0.91;0.35;0.36
1990;5;13;133;20.8;15.4;9;11.9;10.1;8.4;0.4;0.4;0.17;2.9;2.8;0;612;207;106;71;96060;3.27;0.41;0.35;0.36
1990;5;14;134;21.9;16.1;10.2;14.5;12.2;9.1;0.5;0;0.17;2.9;2.8;0;637;202;100;69;96156;3.16;6.39;0.35;0.36
1990;5;15;135;20.9;16.2;10.8;14.2;12.4;10;1;-0.6;0.17;3;2.8;0;568;170;87;59;96491;2.9;3.33;0.35;0.36
1990;5;16;136;22.3;16.8;10.7;15.1;12.5;9.7;0.8;0;0.17;3;2.8;0;636;210;96;69;96570;3.45;4.14;0.35;0.36
1990;5;17;137;22.8;17.2;11.4;15.1;12.7;10.3;0.9;-0.3;0.17;3;2.8;0;624;203;107;68;96289;3.47;9.37;0.35;0.36
1990;5;18;138;18.8;15.1;11.1;12.4;10.6;6.7;0.3;-1.6;0.17;3;2.8;0;514;159;83;54;96367;3.28;4.55;0.36;0.36
1990;5;19;139;16.8;13.2;9.3;6.5;4.3;1.2;-0.9;-2;0.17;3;2.8;0;595;176;102;66;96837;3.31;0;0.36;0.36
1990;5;20;140;17.3;13.1;8.4;6.7;4.5;2.3;-0.7;1.7;0.17;3;2.8;0;531;169;86;50;96840;3.02;0;0.36;0.36
1990;5;21;141;19.5;14.8;9.8;9.1;6.4;3.1;-0.5;2.4;0.17;3;2.8;0;695;206;111;68;96254;3.51;0;0.35;0.36
1990;5;22;142;17.9;14.3;10.2;14.2;11.5;7.7;0.2;0.2;0.17;3;2.8;0;371;128;64;45;96186;2.22;10.24;0.35;0.36
1990;5;23;143;21.6;16;9.1;14.7;12.5;8.6;0.1;0.7;0.17;3;2.8;0;595;202;98;59;96319;3.28;1.29;0.36;0.36
1990;5;24;144;24.2;19.1;12.3;14.5;12.9;11.4;0.6;2;0.17;3;2.8;0;639;207;95;61;95914;3.78;0.06;0.35;0.36
1990;5;25;145;17.6;14.2;9.5;15.1;11.9;5.3;1.3;-3;0.17;3;2.8;0;196;59;47;28;95836;2.09;25.16;0.36;0.36
1990;5;26;146;15;11.5;8.4;4.8;2.9;1.2;0.8;-3.1;0.17;3;2.8;0;589;195;95;72;96815;3.5;0;0.37;0.36
1990;5;27;147;14.8;11.4;7.4;4.1;2.3;0.6;0.2;-2.6;0.17;3;2.8;0;624;199;97;75;96809;3.41;0.11;0.37;0.36
1990;5;28;148;16.1;11.1;6.1;6.8;4.3;2.2;1.1;-1.8;0.17;3;2.8;0;692;219;113;80;96804;3.49;2.08;0.36;0.36
1990;5;29;149;13.6;9.9;6;2.9;1.9;0.8;0.9;-3.2;0.17;3;2.8;0;689;242;116;89;96913;3.77;0.71;0.36;0.36
1990;5;30;150;14.9;10.7;6.4;5.1;3.7;2.3;1.1;-2.4;0.17;3;2.8;0;702;240;119;87;96765;3.53;0.5;0.36;0.36
1990;5;31;151;16.9;12;5.1;7.2;5.3;3;1.2;-1.3;0.17;3;2.8;0;624;231;106;78;96773;3.47;0.33;0.35;0.36
1990;6;1;152;18.3;13.7;6.7;10.5;7.2;4.9;0.3;-0.3;0.17;3;2.8;0;528;200;98;70;96675;3.16;0.34;0.35;0.36
1990;6;2;153;21.7;15.8;8.1;12;9.1;6.7;0.4;1.7;0.17;3;2.8;0;721;242;115;71;95885;4.18;7.29;0.35;0.36
1990;6;3;154;17.1;13.6;10;10.4;7.8;6.2;2.1;-2.6;0.17;3;2.8;0;662;204;98;60;95638;3.96;1.89;0.35;0.36
1990;6;4;155;19;14.6;8.4;11.6;8.9;6.6;1.1;0.7;0.17;3;2.8;0;509;137;66;46;95621;2.5;3.22;0.35;0.36
1990;6;5;156;18;14.4;11.6;10;9;7.1;1.1;0.6;0.17;3;2.8;0;413;127;64;40;95917;2.73;1.51;0.35;0.36
1990;6;6;157;17.4;13.8;10.1;13.4;11.1;9.2;0.2;-1.3;0.17;3;2.8;0;391;108;52;26;95882;2.11;12.64;0.35;0.36
1990;6;7;158;19.6;15.4;11.7;12.9;10.6;9.5;0.5;-0.7;0.17;3;2.8;0;458;144;84;38;95905;2.92;0.67;0.36;0.36
1990;6;8;159;19.2;14.5;10.9;14;11.2;6.3;1.1;0.2;0.17;3;2.8;0;344;117;69;34;95271;3.01;8.06;0.36;0.36
1990;6;9;160;18;14.3;11.4;9.9;7.1;5.3;1.8;-1.8;0.17;3;2.8;0;600;164;93;44;95550;3.31;6.28;0.36;0.36
1990;6;10;161;13.8;11.2;9.2;9;7.3;4.8;1.8;-1.6;0.17;3;2.8;0;281;77;77;31;95638;2.57;14.2;0.38;0.36
1990;6;11;162;16.2;12.1;7.9;10;7.9;4.4;2.6;-1.3;0.17;3;2.8;0;462;125;93;51;95956;2.28;2.56;0.38;0.36
1990;6;12;163;19.3;14.5;9.4;13.4;10.8;7.6;0.4;0.3;0.17;3;2.8;0;542;183;85;58;96110;2.81;4.1;0.38;0.36
1990;6;13;164;16.5;13.9;11.4;13.8;12;10;0.5;-1.1;0.17;3;2.8;0;294;101;69;40;96033;2.05;8.27;0.38;0.36
1990;6;14;165;19.5;15.1;11.2;13.6;11.5;9.6;1.1;-1.5;0.17;3;2.8;0;605;193;87;63;96237;3.24;3.96;0.38;0.36
1990;6;15;166;18.7;14.7;10.7;13.9;11.9;9.5;0.8;-2.1;0.17;3;2.8;0;642;185;94;59;96146;3.23;6.04;0.38;0.36
1990;6;16;167;17.9;14.6;11.5;11;10.2;9.3;0.8;-2.4;0.17;3;2.8;0;597;201;86;62;96287;3.42;1.18;0.38;0.36
1990;6;17;168;19.3;15.4;10.8;12.2;10.1;8.5;0.6;-0.6;0.17;3;2.8;0;599;214;95;68;96232;3.52;0.48;0.38;0.36
1990;6;18;169;22.7;17.3;10.8;14.9;12.5;9.3;0.6;1.1;0.17;3;2.8;0;619;234;100;73;96157;3.91;3.07;0.38;0.36
1990;6;19;170;23.2;18.6;12.1;16.3;13.9;11;0.4;0.5;0.17;3;2.8;0;638;229;90;67;96405;3.99;1.13;0.38;0.36
1990;6;20;171;25.5;20.5;13.3;16.4;14.2;12;0.2;2.7;0.17;3;2.8;0;714;258;105;79;96086;4.66;0.02;0.37;0.36
1990;6;21;172;18.4;15.9;11.6;14.3;12.3;10.2;1.4;-0.9;0.17;3;2.8;0;230;85;73;44;95953;2.24;6.71;0.37;0.36
1990;6;22;173;23.6;17.9;10.4;14.2;12.4;9.7;0.9;1.7;0.17;3;2.8;0;570;213;89;60;95840;3.9;0.39;0.37;0.36
1990;6;23;174;15.7;14.3;11.6;11.7;10.4;8.2;0.9;-2.1;0.17;3;2.8;0;159;46;52;23;96441;1.36;1.25;0.37;0.36
1990;6;24;175;21.6;15.9;8.7;11.4;9.5;6.8;1.5;-0.7;0.16;3;2.8;0;671;211;104;70;96860;3.76;0.64;0.37;0.36
1990;6;25;176;21.3;17.2;11.3;12.7;10.9;9.4;1.1;-1.6;0.16;2.9;2.8;0;522;182;80;58;97025;3.39;0.41;0.37;0.36
1990;6;26;177;22.9;19.4;13.3;16.2;13.1;11.5;0;-1;0.16;2.9;2.8;0;568;183;80;52;96885;3.31;0.09;0.36;0.36
1990;6;27;178;24.5;20.7;16;15;14;12.5;-0.1;2.1;0.16;2.9;2.8;0;618;202;82;56;96490;3.79;0.03;0.36;0.36
1990;6;28;179;26.1;21.5;16.5;17.4;15.5;13;0.7;1.1;0.16;2.9;2.8;0;655;222;87;61;96352;4.17;3.08;0.35;0.36
1990;6;29;180;25.8;21.5;16.7;19.4;17.7;15.9;0.3;0.4;0.16;2.9;2.8;0;609;216;90;56;96566;4.05;4.72;0.35;0.36
1990;6;30;181;28.2;22.9;16.6;18.3;16.3;14.3;1.2;0.1;0.16;2.9;2.8;0;678;240;97;70;96272;4.56;0.02;0.35;0.36
1990;7;1;182;24.5;20.3;16.9;17.2;13.8;10.1;1.9;-1.3;0.16;2.9;2.8;0;632;188;83;59;95948;3.84;1.34;0.35;0.36
1990;7;2;183;16.9;15.6;12.3;10.3;9;8.1;0.6;-2.3;0.16;2.9;2.8;0;329;120;72;46;96215;2.44;0.36;0.35;0.36
1990;7;3;184;22;17;10.6;12.5;10.2;8.6;0.4;0.6;0.16;2.9;2.8;0;703;212;112;64;95832;3.58;0.38;0.34;0.36
1990;7;4;185;17.4;15.1;13.1;12.9;10.9;8.9;2.4;-2.7;0.16;2.9;2.7;0;524;154;76;44;95731;2.88;3.35;0.34;0.36
1990;7;5;186;23.3;18.1;10.8;12.5;9.9;7.4;1.1;1.5;0.16;2.9;2.7;0;724;257;119;86;95742;4.41;0.19;0.34;0.36
1990;7;6;187;17.6;15.1;12.4;10.5;8.5;6.6;2.2;-2.3;0.16;2.8;2.7;0;346;102;88;48;96089;2.7;2.96;0.34;0.36
1990;7;7;188;17.3;14;10.8;6.5;5.8;4.5;2.5;-2.8;0.16;2.8;2.7;0;567;189;98;75;96679;3.17;0.01;0.34;0.36
1990;7;8;189;14.6;13.4;11.6;12.1;9.8;6;0.9;0.6;0.16;2.8;2.7;0;78;29;37;14;96577;0.76;1.52;0.34;0.36
1990;7;9;190;26.5;20.2;13.2;16.8;14.7;12;1;1.5;0.16;2.8;2.7;0;614;222;91;51;96318;3.83;1.83;0.34;0.36
1990;7;10;191;18;14.8;11.8;17;12.5;8.2;1.1;-2;0.16;2.8;2.7;0;114;35;31;19;96384;2.27;33.95;0.35;0.36
1990;7;11;192;18.2;14.8;11.7;8.7;7.5;6.4;1.1;-3.7;0.16;2.8;2.7;0;561;219;95;64;97226;4.23;0.47;0.36;0.36
1990;7;12;193;20.8;15.8;9.5;12.1;9.6;7;0.3;-1.5;0.16;2.8;2.7;0;727;266;124;92;97161;4;0;0.36;0.36
1990;7;13;194;24.3;18.7;11.3;16.7;12.4;8.9;0.5;-0.8;0.16;2.8;2.7;0;716;259;115;80;96514;4.17;0;0.35;0.36
1990;7;14;195;19.3;16.5;12.6;12.9;9.8;5.1;0.9;-3.3;0.16;2.8;2.7;0;690;220;109;72;96339;3.56;0.02;0.35;0.36
1990;7;15;196;21.2;16.3;9.4;11.7;8;5.3;0.3;-0.5;0.16;2.8;2.7;0;672;220;117;82;96681;3.55;0;0.35;0.36
1990;7;16;197;26;19.1;10.3;15.9;11;8.7;1.3;-0.2;0.16;2.8;2.7;0;709;246;117;83;96716;4.13;0;0.34;0.36
1990;7;17;198;25.7;19.9;14.1;16.9;14.4;11.1;1.6;-0.8;0.16;2.8;2.7;0;618;191;96;61;96452;3.63;5.37;0.34;0.36
1990;7;18;199;19;16.5;13.7;13.1;9.9;8.3;1.6;-3.4;0.16;2.8;2.7;0;506;184;83;69;96591;3.39;0.48;0.34;0.36
1990;7;19;200;20;16.4;12.8;10;9.1;7.9;1.2;-2.8;0.16;2.7;2.7;0;449;158;82;63;96580;2.95;0;0.34;0.36
1990;7;20;201;20.9;17;12.4;10.7;9.3;8.5;1.6;-2.3;0.16;2.7;2.7;0;474;172;91;61;96700;3.18;0;0.34;0.36
1990;7;21;202;25.3;20.4;14.5;13;11.5;9.7;1.8;-2.1;0.16;2.7;2.7;0;582;229;98;76;96714;4.1;0;0.33;0.36
1990;7;22;203;25.3;20.9;15.5;13.9;12;9.8;1.5;-2;0.16;2.7;2.7;0;573;219;94;76;96578;3.94;0;0.33;0.36
1990;7;23;204;24.1;19.2;13;15.5;11;6.9;0.6;-0.5;0.16;2.7;2.7;0;675;230;105;78;96511;3.66;0.29;0.33;0.36
1990;7;24;205;22.7;18.2;14.2;13;8.2;6.2;1.1;-2.6;0.16;2.7;2.7;0;657;237;109;80;96482;3.92;0;0.32;0.36
1990;7;25;206;21.6;17.8;13.9;9.7;8.6;6.9;0.6;-2.1;0.16;2.7;2.7;0;667;191;109;64;96466;3.17;0;0.32;0.36
1990;7;26;207;22.2;18.3;12.5;14.3;10.5;9.5;0.1;-0.9;0.16;2.7;2.7;0;550;193;94;68;96368;2.94;0.26;0.32;0.36
1990;7;27;208;23.2;18.7;13.4;13.8;11.9;10.4;0.4;-0.9;0.16;2.7;2.7;0;623;194;94;66;96416;3.02;0.93;0.31;0.36
1990;7;28;209;26.1;20.1;12.1;13.4;11;9.4;0.2;-0.1;0.16;2.7;2.7;0;697;245;120;86;96713;3.75;0;0.31;0.36
1990;7;29;210;29.2;22.5;14.4;17.7;14.5;10.8;0.4;1.5;0.16;2.7;2.7;0;696;246;117;80;96596;3.74;0;0.31;0.36
1990;7;30;211;29.8;24.2;16.7;17.8;15.5;14.3;0.5;-0.9;0.16;2.7;2.7;0;676;232;107;72;96609;3.74;0.04;0.3;0.36
1990;7;31;212;28;23.2;19.8;17.7;15.2;10.8;0;-2;0.16;2.7;2.7;0;654;206;90;60;96815;3.71;2.73;0.3;0.36
1990;8;1;213;28.8;23.4;18;12.5;10.9;9.3;0.3;-2.4;0.16;2.7;2.7;0;686;236;118;78;96932;4.09;0.02;0.3;0.36
1990;8;2;214;27;22.3;17.5;13;10.2;7;-0.1;-2.8;0.16;2.7;2.7;0;664;238;121;86;97015;3.82;0;0.3;0.35
1990;8;3;215;25.3;20.5;15.2;10.7;9;6.9;-0.4;-2.1;0.16;2.7;2.7;0;677;240;127;93;97174;3.54;0;0.29;0.35
1990;8;4;216;25.5;20.2;13.9;11.5;10;8.1;-0.3;-0.3;0.16;2.6;2.7;0;682;232;120;87;97073;3.26;0;0.29;0.35
1990;8;5;217;27.6;21.9;14.9;11.5;10.6;9.3;1.1;2.4;0.16;2.6;2.7;0;693;248;126;90;96571;3.37;0;0.29;0.35
1990;8;6;218;29.3;22.5;17.4;17.3;14.2;10.8;0.7;-0.1;0.16;2.6;2.7;0;655;213;115;73;95997;3.6;8.5;0.29;0.35
1990;8;7;219;17.9;15.7;13.3;15.7;13;10.5;1.2;-2.9;0.16;2.6;2.7;0;109;39;32;21;96419;2.09;5.61;0.29;0.35
1990;8;8;220;19.2;16;12.6;11.6;9.9;8.4;1;-3.2;0.16;2.6;2.7;0;455;157;76;52;96773;2.98;1.68;0.29;0.35
1990;8;9;221;20.5;16.4;12.2;8.9;7.6;5.6;1.2;-2.6;0.16;2.6;2.7;0;608;188;102;78;96940;2.84;0.03;0.29;0.35
1990;8;10;222;23.9;18.5;10.8;12.8;9.6;7.5;1.1;-0.8;0.16;2.6;2.7;0;657;210;112;76;96856;3.01;0.1;0.29;0.35
1990;8;11;223;22;18.2;14.3;12.9;11.4;9.6;0.9;-1.8;0.16;2.6;2.7;0;561;169;86;61;96742;2.81;1.92;0.29;0.35
1990;8;12;224;25.8;19.9;12.3;13.9;12.1;10.1;0.7;1.1;0.16;2.6;2.7;0;652;220;112;81;96720;3.09;0.06;0.29;0.35
1990;8;13;225;28.4;22.1;15.1;14.7;13.4;12.3;1.1;2.3;0.16;2.6;2.7;0;670;226;122;86;96485;3.3;0.01;0.28;0.35
1990;8;14;226;28.9;22.9;16.1;15.4;13.6;12;0.5;1.4;0.16;2.6;2.7;0;663;221;122;87;96193;3.26;0;0.28;0.35
1990;8;15;227;25.2;20.2;15.9;16.5;14.6;13.3;1.4;-1.3;0.16;2.6;2.7;0;590;173;86;60;96137;2.68;5.94;0.28;0.35
1990;8;16;228;25.7;21.2;16.1;14.8;13.6;12.7;1;0.4;0.16;2.6;2.7;0;604;187;106;67;96280;2.98;0.04;0.28;0.35
1990;8;17;229;25.3;17.5;13.4;15.3;11.7;6.1;1.5;-2.3;0.15;2.6;2.7;0;612;161;97;55;96429;2.83;9.02;0.28;0.35
1990;8;18;230;20.3;16;12;9;6.9;5.2;1.1;-2;0.15;2.6;2.7;0;609;197;111;77;96808;2.93;0;0.28;0.35
1990;8;19;231;21.3;17;11.4;13;9.8;7;1.2;-0.4;0.15;2.6;2.7;0;453;164;93;62;96646;2.39;0.44;0.28;0.35
1990;8;20;232;26.8;20.4;13.2;15.8;12.3;10.5;1.3;1.2;0.15;2.6;2.7;0;627;198;103;66;96207;2.94;0;0.28;0.35
1990;8;21;233;18.5;16.1;13.6;13.5;10.3;6.8;2.3;-2.1;0.15;2.6;2.7;0;324;82;87;46;96040;2.5;12.65;0.29;0.35
1990;8;22;234;17.2;14.7;13;10.6;9.4;7.1;3;-3.8;0.15;2.6;2.7;0;429;136;68;51;96613;2.11;0.59;0.29;0.35
1990;8;23;235;21.1;16.8;12.6;10.1;9.2;8.1;1.7;-3;0.15;2.5;2.7;0;471;169;91;59;97048;2.66;0;0.29;0.35
1990;8;24;236;22.9;18.1;14.1;12.6;11.1;10;-0.2;-0.4;0.15;2.5;2.7;0;651;201;126;79;97016;2.83;0;0.28;0.35
1990;8;25;237;25.2;19.4;13.8;13.7;12.4;9.7;0.5;2.2;0.15;2.5;2.7;0;631;206;111;80;96438;2.89;0;0.28;0.35
1990;8;26;238;26;20.6;14.4;15.1;14.2;13;0.7;-1.5;0.15;2.5;2.7;0;619;192;97;69;96275;2.78;0.12;0.28;0.35
1990;8;27;239;24.7;20.5;16.4;16.8;14.9;14;-0.4;-0.4;0.15;2.5;2.7;0;531;168;91;62;96585;2.38;0.2;0.28;0.35
1990;8;28;240;26;20.7;15.3;13.6;11.6;9.1;-0.4;1.6;0.15;2.5;2.7;0;626;204;119;81;96755;2.91;0;0.27;0.35
1990;8;29;241;26.9;21.2;15.1;14.2;12.6;11;0.1;1.8;0.15;2.5;2.7;0;619;190;111;73;96677;2.7;0.11;0.27;0.35
1990;8;30;242;26.3;21.1;15.7;14.1;12.2;11.4;0.5;2;0.15;2.5;2.7;0;623;188;111;78;96379;2.64;0.06;0.27;0.35
1990;8;31;243;26.8;21.3;14.9;14.2;12.8;11.6;0.6;2.3;0.15;2.5;2.7;0;612;195;115;76;96028;2.67;0;0.27;0.35
1990;9;1;244;21.7;17.8;13.7;13.9;12.3;11.4;1.2;-1.9;0.15;2.5;2.7;0;479;124;71;48;96260;2.26;13.63;0.27;0.35
1990;9;2;245;17.5;15.2;12.7;10.4;8.5;7.5;2.1;-2.6;0.15;2.5;2.7;0;362;116;78;50;96502;2.22;0.01;0.28;0.35
1990;9;3;246;17.9;14.8;11.3;11.3;10;8.2;2.4;-2.3;0.15;2.5;2.7;0;468;146;87;64;96185;2.04;2.11;0.28;0.35
1990;9;4;247;16.7;14.1;11.7;13.8;12;10.8;0.6;0.2;0.15;2.5;2.7;0;214;61;67;41;95932;0.95;4.92;0.28;0.35
1990;9;5;248;18.3;14.2;11.2;12.2;7.8;4.3;2.3;-1.8;0.15;2.5;2.7;0;577;168;108;71;95691;2.62;2.14;0.28;0.35
1990;9;6;249;17.2;13.5;9.1;8.3;5.5;4;1.3;-0.7;0.15;2.5;2.7;0;487;136;99;72;96075;1.93;0.01;0.28;0.35
1990;9;7;250;19.3;14.2;8.2;11.4;8.1;5.9;0.6;-0.1;0.15;2.5;2.7;0;439;121;87;47;95839;2.5;21.52;0.28;0.35
1990;9;8;251;15.5;11.9;8.6;7.2;6.4;5.6;2.5;-1.6;0.15;2.5;2.7;0;478;156;105;67;96339;2.69;1.76;0.3;0.34
1990;9;9;252;18.4;13.6;8.4;8.9;7.4;6.3;1.8;-1.1;0.15;2.5;2.7;0;479;148;103;67;96901;2.06;0.17;0.29;0.34
1990;9;10;253;15;12.6;10.5;7.2;6;4.6;2.3;-1.3;0.15;2.5;2.7;0;332;95;75;50;96534;1.71;0.83;0.29;0.34
1990;9;11;254;13.9;11.7;9.1;8.5;7.2;6.2;2.9;-3.4;0.15;2.5;2.7;0;373;129;83;63;96262;1.77;0.52;0.29;0.34
1990;9;12;255;13.8;11.3;9.3;7.8;6.6;4.9;1.9;-4.5;0.15;2.5;2.7;0;542;146;98;69;96663;2.22;1.75;0.29;0.34
1990;9;13;256;17;12.2;6.7;9;6.5;5.1;1;-1.3;0.15;2.5;2.7;0;469;143;98;68;96977;1.85;0.08;0.29;0.34
1990;9;14;257;16.8;13;9.8;10.6;8.7;7.6;0.2;0.1;0.15;2.5;2.7;0;362;107;79;49;97085;1.39;0.22;0.29;0.34
1990;9;15;258;19;13.7;7.2;10.2;8.5;6.4;0.8;-1;0.15;2.5;2.7;0;547;142;100;64;96813;1.87;0.08;0.29;0.34
1990;9;16;259;14.1;11.3;7;6.8;4.4;2.3;0.7;-2.6;0.15;2.4;2.7;0;367;105;100;55;96898;1.53;0.05;0.29;0.34
1990;9;17;260;17.3;11.3;4.7;7.6;5.6;2.7;0.9;1.4;0.15;2.4;2.7;0;561;168;122;84;96560;1.87;0;0.29;0.34
1990;9;18;261;15;11.5;8.8;8.8;6.6;4.6;2.6;-1.7;0.14;2.4;2.7;0;389;95;86;51;96359;1.43;0.89;0.28;0.34
1990;9;19;262;14.5;11.2;6.2;7.9;6.2;3.8;1.5;1.4;0.14;2.4;2.7;0;237;68;81;55;96258;0.87;0.1;0.28;0.34
1990;9;20;263;20.5;14.6;9.8;13.5;10.6;7.3;0.7;0;0.14;2.3;2.7;0;527;138;106;55;95729;1.76;17;0.29;0.34
1990;9;21;264;16.4;12.6;8.2;11.9;9.9;4.1;1.4;0.9;0.14;2.3;2.7;0;290;74;64;43;95169;1.41;0.93;0.3;0.34
1990;9;22;265;12.7;11.2;9.3;9.9;6.9;2.7;1.5;1.4;0.14;2.3;2.7;0;196;59;57;37;95449;1.39;2.01;0.3;0.34
1990;9;23;266;18.5;14.6;9.9;13.9;11.9;8.9;-0.2;0;0.14;2.3;2.7;0;434;104;80;42;95517;1.26;2.85;0.3;0.34
1990;9;24;267;14.8;12.7;7.9;13.9;9.4;3.9;1.7;-1.4;0.14;2.2;2.7;0;106;31;89;33;95418;1.6;11.12;0.31;0.34
1990;9;25;268;15.4;10.5;4.7;7.3;5.7;3;1.3;1.3;0.14;2.2;2.7;0;394;112;98;68;96239;1.36;0;0.31;0.34
1990;9;26;269;14;10.6;5.8;9.3;7.5;4.8;0.5;-0.1;0.14;2.2;2.7;0;235;64;62;42;96680;0.72;0.26;0.31;0.34
1990;9;27;270;14.2;10.6;7;7.4;5.7;4.5;1;-1.6;0.14;2.1;2.7;0;465;132;88;64;97055;1.71;0.59;0.31;0.34
1990;9;28;271;13;9;5.4;5.7;3.9;2.3;1.1;-0.8;0.14;2.1;2.6;0;405;100;85;61;97299;1.26;0.23;0.31;0.34
1990;9;29;272;18.7;12;6.1;9.3;6.9;3.5;1;2;0.14;2.1;2.6;0;518;148;113;78;96851;1.7;0;0.31;0.34
1990;9;30;273;22;14.4;7.5;13.7;10.7;6.6;0.6;1.2;0.14;2.1;2.6;0;501;144;106;73;96123;1.59;0;0.3;0.34
1990;10;1;274;22.5;16;9.9;16.2;12.8;9;0.9;0.4;0.14;2;2.6;0;422;111;86;48;96048;1.44;2.44;0.3;0.34
1990;10;2;275;15.4;13.3;10.2;13.3;9.3;7;0.4;-2.8;0.14;2;2.6;0;418;109;85;51;96767;1.78;6.72;0.31;0.34
1990;10;3;276;17;11.9;6.9;9.7;8.2;6;0;2.9;0.14;2;2.6;0;501;137;108;76;96651;1.43;0;0.31;0.34
1990;10;4;277;19.1;13.5;8.9;12.2;9.9;7.6;0.8;1.9;0.14;2;2.6;0;464;120;89;57;96255;1.63;0.97;0.31;0.34
1990;10;5;278;11.6;10;6.1;8.5;7.2;5.5;0.9;-2;0.14;1.9;2.6;0;187;44;70;31;97044;1.41;3.75;0.31;0.34
1990;10;6;279;18.1;11.4;4.4;9.8;7.6;3.3;1;1.7;0.14;1.9;2.6;0;397;107;79;67;96441;1.37;0;0.31;0.34
1990;10;7;280;20.1;14.9;10.6;12.9;11.5;9.3;1;1.1;0.14;1.9;2.6;0;458;123;105;61;95585;1.37;1.1;0.31;0.34
1990;10;8;281;13.4;9.8;6.5;11.3;7.3;2.3;1.4;-3.5;0.14;1.9;2.6;0;118;25;86;32;96157;1.8;8.59;0.32;0.34
1990;10;9;282;10.6;7.6;5.4;3.1;2.2;1.7;0.8;-1.5;0.14;1.8;2.6;0;331;91;85;64;97269;1.03;0;0.31;0.34
1990;10;10;283;15.7;9.2;4.2;6.4;3.9;1.2;0.7;1.9;0.14;1.8;2.6;0;487;134;125;90;97170;1.3;0;0.31;0.34
1990;10;11;284;17;10;3.9;9.5;6.4;2.6;0.4;1.3;0.14;1.8;2.6;0;480;131;121;85;97071;1.16;0;0.31;0.34
1990;10;12;285;16.8;10.7;4.6;11.1;8;3.6;0.1;0.5;0.14;1.8;2.6;0;452;123;120;76;97166;1.01;0;0.31;0.34
1990;10;13;286;20.5;13.8;7.2;13.2;10.8;6.6;0.2;2.4;0.14;1.7;2.6;0;423;114;93;65;97113;1.09;0;0.31;0.34
1990;10;14;287;20.2;14.3;8.7;15;12;8;0.2;0.7;0.14;1.7;2.6;0;447;118;106;70;97111;1;0;0.31;0.34
1990;10;15;288;17.9;13.1;9.5;12.1;10.6;9.5;-0.3;2.6;0.14;1.7;2.6;0;430;104;100;59;96874;0.96;0;0.31;0.34
1990;10;16;289;18.4;13.8;10.3;13;11.2;9.4;-0.3;2.8;0.14;1.7;2.6;0;387;97;95;64;96697;0.88;0;0.31;0.34
1990;10;17;290;17;12.8;9.7;10;9.2;8.3;-0.5;2.5;0.13;1.7;2.6;0;436;114;103;71;96443;1.08;0;0.31;0.34
1990;10;18;291;18.4;13.4;9.9;11.9;10.3;8.4;0;2.5;0.13;1.6;2.6;0;393;90;79;54;96062;0.98;0.66;0.31;0.34
1990;10;19;292;17.4;12;8.1;11.7;10.1;7.8;0.3;-0.2;0.13;1.6;2.6;0;331;74;68;46;95979;0.72;0.02;0.31;0.34
1990;10;20;293;12.5;11.1;9.5;11.5;10.3;8.8;0.2;-2.5;0.13;1.6;2.6;0;74;16;35;10;95879;0.91;6.47;0.31;0.34
1990;10;21;294;9.3;6.4;3;8.3;0.5;-2.7;0.4;-4.8;0.13;1.6;2.6;0;427;109;116;69;96588;1.35;0.13;0.31;0.34
1990;10;22;295;5.6;2.8;-0.6;-0.8;-2;-2.8;0.2;-1.9;0.13;1.6;2.6;0;318;90;98;78;97432;0.66;0;0.31;0.34
1990;10;23;296;6.7;2.2;-0.9;-0.7;-2.1;-3.3;-0.4;2.8;0.13;1.6;2.6;0;434;112;115;86;97235;0.67;0;0.31;0.34
1990;10;24;297;6.6;2.3;-0.5;0.7;-1;-3;-0.1;2.7;0.13;1.6;2.6;0;396;104;108;85;96648;0.56;0;0.31;0.34
1990;10;25;298;7.4;3;-2.1;2.8;0.9;-2.9;-0.2;2.1;0.13;1.6;2.6;0;399;97;111;64;96297;0.5;0;0.31;0.34
1990;10;26;299;9.3;6.3;4.1;3.4;2.6;2.1;-0.6;2.1;0.13;1.6;2.6;0;281;55;73;27;95950;0.51;0.01;0.31;0.34
1990;10;27;300;9.5;7;4.3;7.7;5.2;2.8;-0.1;0.8;0.13;1.6;2.6;0;185;41;59;26;95655;0.55;18.84;0.31;0.34
1990;10;28;301;10.9;7.4;5.1;5.5;3.9;2.8;0.3;1.7;0.13;1.5;2.6;0;392;94;107;58;95197;1.13;1.09;0.32;0.34
1990;10;29;302;10.2;8.6;6.5;8.8;6.7;5.2;0.6;3.2;0.13;1.5;2.6;0;63;15;57;22;94101;0.82;19.33;0.33;0.34
1990;10;30;303;12.9;8.5;3.6;7.8;3.1;-0.4;2.2;-0.1;0.13;1.5;2.6;0;298;64;104;58;94185;1.08;1.7;0.34;0.34
1990;10;31;304;12;8.2;3.1;6.6;3.1;-0.7;0.8;1.1;0.12;1.5;2.6;0;310;64;69;36;95182;0.7;0.84;0.34;0.34
1990;11;1;305;8.6;6.8;2.7;6.4;5.3;1.3;1.2;0.8;0.12;1.5;2.6;0;126;24;78;32;95323;0.56;13.61;0.35;0.34
1990;11;2;306;11.1;5.3;0.5;4.4;2.1;-0.7;1.2;1.4;0.12;1.5;2.6;0;377;83;106;69;95309;0.81;1.41;0.36;0.34
1990;11;3;307;8.4;4.5;0.2;6;2.9;-0.6;0.6;0.6;0.12;1.5;2.6;0;207;49;66;42;95136;0.7;3.83;0.36;0.34
1990;11;4;308;8.1;3.4;-0.8;2.5;0.1;-2.4;1.3;-0.6;0.12;1.5;2.6;0;270;66;101;65;95464;0.66;0.16;0.36;0.34
1990;11;5;309;7.9;1.9;-2.4;1.5;-1.3;-4.2;0.7;-0.2;0.12;1.5;2.6;0;336;83;108;70;96149;0.69;2.28;0.36;0.34
1990;11;6;310;4.4;1.2;-2.2;-1.3;-2.9;-4.2;1;-2.2;0.12;1.4;2.6;0;279;62;74;56;97052;0.66;0.06;0.36;0.34
1990;11;7;311;4.5;2;-0.5;-1.4;-2;-2.7;1.6;-2.4;0.12;1.4;2.6;0;265;68;75;59;97304;0.46;0;0.36;0.34
1990;11;8;312;6.4;3.5;1.2;-0.4;-1.3;-2;1.5;-2.5;0.12;1.4;2.6;0;301;69;81;52;97160;0.6;0.02;0.36;0.34
1990;11;9;313;6.2;3.4;0.9;1.8;0.2;-0.9;0.2;0.2;0.12;1.4;2.6;0.01;278;61;77;52;97353;0.39;0.05;0.36;0.34
1990;11;10;314;6.2;2.7;-0.1;0;-0.7;-1.5;0.6;2.9;0.12;1.4;2.6;0;324;74;95;69;97162;0.48;0;0.36;0.34
1990;11;11;315;6.9;2.6;-2.4;2.1;0;-3.6;0.6;1.2;0.12;1.4;2.6;0;246;53;75;42;96978;0.29;0.04;0.36;0.34
1990;11;12;316;8;5.3;3.1;6.1;4;1.5;0.8;-0.1;0.12;1.4;2.6;0;129;24;38;11;97094;0.16;0.24;0.35;0.34
1990;11;13;317;8.8;6;3.6;5.9;4.7;3.5;0.6;0.1;0.12;1.4;2.6;0;131;30;58;24;97184;0.29;0.49;0.35;0.34
1990;11;14;318;8.1;5.8;3.8;4.6;4;3.4;0.7;2.8;0.12;1.4;2.6;0;228;50;61;28;96668;0.4;0;0.35;0.34
1990;11;15;319;8.4;5.6;3.3;5.6;4.2;2.2;0.3;0.7;0.11;1.3;2.6;0;177;29;51;20;96493;0.4;1.46;0.35;0.34
1990;11;16;320;9.8;6.1;2.8;5.1;3.1;1.6;0.9;-0.7;0.11;1.3;2.6;0;320;67;107;57;97216;0.63;0.02;0.35;0.34
1990;11;17;321;12.4;7;3;5.2;2.6;0.1;1.3;1.5;0.11;1.4;2.6;0;265;53;89;46;96272;0.57;0.23;0.35;0.34
1990;11;18;322;13.2;9;6.1;6.7;4.3;2.9;2.1;0.1;0.11;1.4;2.6;0;235;49;83;58;95519;0.55;0.75;0.35;0.34
1990;11;19;323;8.4;4.9;0.8;4.8;2.4;0;1.6;0.1;0.11;1.4;2.6;0;183;40;69;49;95405;0.85;4.62;0.35;0.34
1990;11;20;324;7.9;5.3;0.7;5;3.4;-0.1;1.3;2.9;0.11;1.4;2.6;0;188;33;69;33;94956;0.44;0.85;0.36;0.34
1990;11;21;325;8.2;6;4;5.4;4.4;3.1;0.8;-0.1;0.11;1.4;2.6;0.01;83;14;68;30;95247;0.28;6.36;0.36;0.34
1990;11;22;326;9.1;6.6;4.1;7.5;5.1;2.6;0.1;2.1;0.11;1.4;2.6;0.03;144;30;44;22;95771;0.35;0.2;0.36;0.34
1990;11;23;327;13.1;9.6;6.5;10.2;8.1;5.9;0.2;2.8;0.11;1.4;2.6;0;148;31;52;40;95292;0.24;0.78;0.36;0.34
1990;11;24;328;9.2;5.1;0.8;5.1;2.2;-1;0.5;1.2;0.11;1.4;2.6;0;227;50;105;57;95139;0.64;0.72;0.36;0.34
1990;11;25;329;9;5.4;0.7;4.5;1.4;-1.5;-0.3;3.7;0.11;1.4;2.6;0;266;56;80;58;94949;0.47;0.02;0.36;0.34
1990;11;26;330;11.2;7.8;3.9;8.2;5.3;2.7;0;2.2;0.11;1.4;2.6;0;224;42;76;47;95061;0.62;1.4;0.36;0.34
1990;11;27;331;5.2;4.5;3.6;4.7;3.9;2.8;0.7;-1.4;0.11;1.4;2.6;0;54;11;22;5;95093;0.46;12.23;0.37;0.34
1990;11;28;332;5.1;4.2;3.1;3.3;1.8;1.1;1.3;-2.6;0.11;1.4;2.6;0;77;15;17;9;95585;0.61;0.83;0.37;0.34
1990;11;29;333;5.5;3.2;1.1;1.1;0.4;-0.4;1.2;-1.5;0.11;1.4;2.6;0;202;38;65;41;95930;0.38;0.01;0.37;0.34
1990;11;30;334;3.5;0.5;-2.5;-0.9;-3.2;-7.5;1.6;-3.2;0.11;1.4;2.6;0.09;177;41;86;59;95705;0.47;0.67;0.37;0.34
1990;12;1;335;-0.4;-2.1;-3.4;-6.5;-8;-9.8;1.5;-4.9;0.12;1.4;2.6;0.42;248;54;98;78;96750;0.49;0.25;0.37;0.34
1990;12;2;336;-1;-2.5;-6.7;-2.6;-6.8;-9.9;1.5;-2.9;0.17;1.4;2.6;3.57;71;17;88;45;97086;0.18;8.17;0.37;0.34
1990;12;3;337;-1.1;-7.1;-11.4;-5.7;-9.9;-13.6;1.3;-0.8;0.27;1.4;2.6;8.55;230;49;96;64;97219;0.2;0;0.37;0.34
1990;12;4;338;1.6;-4;-11.2;-2.5;-6.8;-13.4;2;-0.3;0.27;1.4;2.6;8.48;186;35;79;45;96456;0.15;0.32;0.37;0.34
1990;12;5;339;1.6;-1.3;-5.9;-1.7;-3.4;-7.7;1.2;-2.3;0.29;1.4;2.6;9.84;190;35;75;39;96275;0.39;3.12;0.37;0.34
1990;12;6;340;-0.4;-1.5;-2.8;-3.3;-4.2;-5.3;0.8;-4.4;0.31;1.4;2.6;11.56;146;29;64;37;97176;0.49;1.35;0.37;0.34
1990;12;7;341;-1.7;-3.1;-4.8;-5;-6.3;-7.5;1;-3;0.33;1.4;2.6;12.5;131;24;72;32;96400;0.39;3.57;0.37;0.34
1990;12;8;342;-1.4;-3.7;-5.9;-4;-5.2;-6.7;-0.3;1.7;0.38;1.4;2.6;15.28;89;21;62;27;95574;0.18;0.21;0.37;0.34
1990;12;9;343;2.8;-0.9;-6;1.4;-2;-7.1;-0.4;2.2;0.36;1.4;2.6;14.46;115;24;47;18;95448;0.07;0.96;0.37;0.34
1990;12;10;344;4;2.9;1.7;3.5;2.4;0.9;-0.8;2.2;0.29;1.4;2.6;10.6;26;6;31;2;94298;-0.19;12.73;0.38;0.34
1990;12;11;345;5.7;1;-1.9;2.3;-0.1;-2.6;0.7;1.5;0.23;1.4;2.6;7.68;201;41;81;59;95039;0.09;0.49;0.39;0.34
1990;12;12;346;3.3;0.6;-1;-0.6;-1.7;-2.7;0.5;0;0.22;1.4;2.6;7.21;146;26;46;24;94923;0.29;0.9;0.39;0.34
1990;12;13;347;2.4;-0.1;-2.6;-1.7;-2.6;-4.5;0.8;-3.4;0.22;1.4;2.6;7.12;160;34;77;49;95332;0.51;0.26;0.39;0.34
1990;12;14;348;1.9;0;-1.9;-1.9;-3.1;-5.5;1.2;-5.3;0.22;1.4;2.6;7.16;133;28;84;47;96073;0.44;0.46;0.39;0.34
1990;12;15;349;-0.1;-1.1;-2;-2.9;-4.2;-5.8;1.7;-4.3;0.23;1.4;2.6;7.82;136;24;63;35;96265;0.4;3.16;0.38;0.34
1990;12;16;350;-0.6;-1.2;-2.4;-2.2;-2.6;-3.7;1;-4.1;0.34;1.4;2.6;16.14;67;13;24;13;96748;0.32;11.8;0.38;0.34
1990;12;17;351;-1.7;-2.8;-3.5;-3.6;-4.4;-5.3;0.8;-2.1;0.39;1.4;2.6;22.03;150;25;76;28;97118;0.22;1.12;0.38;0.35
1990;12;18;352;-1.4;-2.6;-4.5;-2.2;-3.2;-5;-0.7;-0.3;0.39;1.4;2.6;24.48;67;14;26;8;96918;0.14;4.75;0.38;0.35
1990;12;19;353;0.2;-3.7;-10.5;-2.7;-5.4;-12.2;0.7;1.4;0.39;1.4;2.6;27.1;130;29;82;47;96685;0.18;0;0.38;0.35
1990;12;20;354;-0.6;-7.2;-12.4;-5.5;-10.3;-14.8;1.8;0.2;0.39;1.3;2.6;26.86;178;37;95;56;96823;0.26;0;0.38;0.35
1990;12;21;355;0.7;-4;-9.5;-3.7;-7.6;-12.5;1.6;1.4;0.38;1.3;2.6;26.59;119;21;55;34;96426;0.32;0.01;0.38;0.35
1990;12;22;356;2.7;0.1;-2.8;0.4;-1.3;-4.7;1.2;0.2;0.38;1.3;2.6;25.88;72;13;23;9;96897;0.01;1.51;0.38;0.35
1990;12;23;357;2.7;0.9;-2.1;1.8;0.4;-2.7;-0.5;0.4;0.37;1.3;2.6;23.42;47;10;17;5;97364;-0.01;1;0.38;0.35
1990;12;24;358;-2.3;-3.8;-5.4;-3.2;-6;-7.6;-1;3.1;0.36;1.3;2.6;22.18;175;35;90;56;97416;0.39;0.02;0.38;0.35
1990;12;25;359;-2.9;-4.1;-5.9;-6.8;-7.6;-9.1;-0.6;4;0.36;1.3;2.6;21.87;108;22;79;46;96971;0.53;0;0.38;0.35
1990;12;26;360;1.1;-1.9;-4;-1.6;-3.8;-6.9;0.2;3.6;0.36;1.3;2.6;22.2;134;26;74;38;96158;0.24;0.98;0.38;0.35
1990;12;27;361;3.9;1.4;-0.3;1.3;-0.1;-1.5;1.5;2.8;0.35;1.3;2.6;21.1;160;26;62;29;95550;0.11;7.22;0.38;0.35
1990;12;28;362;3;-1.1;-6.9;-2;-4.5;-10;1.7;-0.2;0.33;1.3;2.6;19.55;199;41;103;67;96533;0.37;0.31;0.39;0.35
1990;12;29;363;2.6;-0.5;-7.3;-2;-4.6;-10.2;1.1;2.7;0.32;1.3;2.6;19.04;83;17;61;26;96548;0.52;0.11;0.39;0.35
1990;12;30;364;8.9;3.4;-0.8;3.9;0.3;-3.1;1.1;0.6;0.3;1.3;2.6;17.07;171;33;67;33;96699;0.09;0;0.39;0.35
1990;12;31;365;5.5;3.5;1.9;4.6;2.8;1.2;0.3;0.9;0.27;1.3;2.6;13.36;46;9;35;2;96791;-0.13;0.47;0.39;0.35
1991;1;1;1;6.2;3;0.9;4.9;1.3;-1.8;1.7;-0.9;0.23;1.3;2.6;10.29;91;17;67;30;96242;0.24;1.78;0.4;0.35
1991;1;2;2;4.4;1.2;-3.5;-1.4;-2.7;-5.2;1.2;1.1;0.21;1.3;2.6;8.52;218;37;87;50;96282;0.4;0.03;0.4;0.35
1991;1;3;3;7.7;3.9;2.1;5.2;1.5;-2.5;1.5;0.9;0.19;1.3;2.6;7.07;69;14;52;22;96125;-0.03;0.03;0.4;0.35
1991;1;4;4;9.2;4;-1.2;5.6;2.2;-2.2;0.9;0.1;0.17;1.2;2.6;5.54;233;47;83;43;95967;0.08;0.33;0.4;0.35
1991;1;5;5;4.9;2.5;-1.6;3;0.5;-2.3;1.2;-0.4;0.15;1.2;2.6;4.14;139;27;69;38;96439;0.44;2.33;0.4;0.35
1991;1;6;6;4.6;1.2;-0.4;0.6;-1.5;-3;1;1.9;0.15;1.2;2.6;3.67;168;30;77;49;95827;0.27;0.27;0.4;0.35
1991;1;7;7;6.7;1.2;-2.7;0.3;-2.2;-4.9;1.2;1.4;0.15;1.2;2.5;3.32;251;51;89;54;95643;0.34;0.73;0.4;0.35
1991;1;8;8;4.5;1.4;-0.7;3.5;0.4;-2.2;1.2;0.9;0.14;1.2;2.5;3.14;43;10;58;25;96314;-0.07;3.15;0.4;0.35
1991;1;9;9;7.3;2;-1.2;2.5;0;-3;1.3;1.5;0.14;1.2;2.5;2.79;246;48;84;57;96299;0.27;0;0.4;0.35
1991;1;10;10;8.5;3.3;-1.2;1.2;-1.9;-5.6;1.5;1.9;0.13;1.2;2.5;2.31;182;30;60;44;96389;0.28;0;0.4;0.36
1991;1;11;11;11.6;5;1.2;6.7;1.2;-2.9;1.1;0.5;0.13;1.2;2.5;1.78;235;52;87;45;96457;0.15;0;0.4;0.36
1991;1;12;12;6.3;4.9;3.1;5.4;3.7;2;0.9;-0.3;0.12;1.2;2.5;1.33;64;11;21;6;96756;0.01;3.73;0.4;0.36
1991;1;13;13;4.3;2.8;0.2;2.4;1.2;-1.8;0.4;-2.4;0.12;1.2;2.5;1.18;115;23;38;23;97084;0.49;1.84;0.4;0.36
1991;1;14;14;1.7;-0.8;-3.6;-2.5;-5.2;-7.8;-0.1;-2.7;0.14;1.2;2.5;2.04;278;61;106;65;97871;0.46;0.94;0.4;0.36
1991;1;15;15;0.2;-3.4;-5.5;-8.2;-10.2;-13.3;-0.1;-1.2;0.14;1.2;2.5;2.07;300;67;131;94;97968;0.1;0;0.4;0.36
1991;1;16;16;-1.3;-4.4;-6.3;-7.1;-8.2;-9;-0.7;0.6;0.14;1.2;2.5;2;293;64;114;85;98117;0.05;0;0.39;0.36
1991;1;17;17;0.2;-4.6;-7.4;-7.2;-8.9;-10.8;0.3;0.8;0.13;1.2;2.5;1.98;300;67;120;85;97950;0.04;0;0.39;0.36
1991;1;18;18;3.5;-2.8;-7.5;-7.6;-11.5;-14.7;1.1;-1;0.13;1.2;2.5;1.89;300;67;119;84;97864;0.04;0;0.39;0.36
1991;1;19;19;2.5;-2.3;-5.3;-6.5;-9.9;-13.2;0.1;0.4;0.13;1.2;2.5;1.75;301;68;116;80;97736;0.04;0;0.39;0.36
1991;1;20;20;1.2;-4;-7;-5.7;-7.3;-9.1;0.3;0.9;0.13;1.2;2.5;1.66;301;67;109;77;98091;0.02;0;0.39;0.36
1991;1;21;21;1.2;-4;-7.4;-5.7;-7.5;-9.6;0.4;0.8;0.13;1.2;2.5;1.56;282;66;110;74;97772;0.02;0;0.39;0.36
1991;1;22;22;-0.5;-3.9;-6.5;-5.8;-6.8;-8.3;0.1;-0.1;0.13;1.1;2.5;1.49;262;58;95;65;98075;0.02;0;0.39;0.36
1991;1;23;23;1;-1.3;-3.3;-2;-3.5;-6;0.3;-0.2;0.13;1.1;2.5;1.48;138;31;41;19;98078;0;0.06;0.39;0.36
1991;1;24;24;2.3;-0.2;-2.7;-2.5;-3.6;-5.4;1.2;-2.3;0.13;1.1;2.5;1.51;205;34;58;30;97693;0.06;0.09;0.39;0.36
1991;1;25;25;1.7;-0.6;-3.6;-1.9;-2.7;-4.4;0.3;-0.8;0.13;1.1;2.5;1.61;147;32;62;33;97874;0.02;0.14;0.38;0.36
1991;1;26;26;4.9;-1.1;-4.7;-3;-4.6;-6.3;0.7;-0.9;0.13;1.1;2.5;1.47;317;74;110;73;97447;0.06;0;0.38;0.36
1991;1;27;27;0.9;-1.5;-3.1;-4.6;-5.2;-5.9;0.7;-2.7;0.13;1.1;2.5;1.35;247;53;70;51;97509;0.11;0.04;0.38;0.36
1991;1;28;28;2;-1.4;-4.1;-3.8;-5.1;-6.2;0.6;-1.7;0.13;1.1;2.5;1.46;306;69;96;64;97526;0.08;0.05;0.38;0.36
1991;1;29;29;2;-1.6;-4.7;-5.9;-7;-7.9;1.6;-2.4;0.13;1.1;2.5;1.41;297;67;87;63;96892;0.06;0.07;0.38;0.36
1991;1;30;30;-0.1;-2.5;-6.8;-5.2;-8;-13.9;0.5;-3.8;0.14;1.1;2.5;1.64;219;48;99;62;97020;0.08;0.37;0.38;0.36
1991;1;31;31;-3.8;-7.1;-9.4;-14.7;-16.7;-17.7;0;-1.4;0.14;1.1;2.5;1.71;355;84;125;99;97500;0.04;0;0.38;0.36
1991;2;1;32;-5.3;-8.7;-11.3;-16.4;-17.9;-19.2;-0.7;1.3;0.14;1.1;2.5;1.64;362;86;123;96;97776;0.04;0;0.38;0.36
1991;2;2;33;-2.9;-7.5;-11.4;-15.7;-17.1;-18.5;-0.2;2.6;0.14;1.1;2.5;1.62;355;85;114;93;97737;0.05;0;0.38;0.36
1991;2;3;34;-1.4;-6.5;-10.3;-13.8;-14.7;-15.6;0;1.5;0.13;1.1;2.5;1.59;367;88;120;90;97515;0.05;0;0.38;0.36
1991;2;4;35;-3.4;-6.8;-9.4;-11.3;-13.3;-14;0.6;-3.3;0.13;1.1;2.5;1.59;349;80;95;74;97278;0.05;0.43;0.38;0.37
1991;2;5;36;-8.3;-10.5;-13.3;-12.8;-17.9;-20;-0.1;-3.4;0.15;1.1;2.5;2.51;248;62;84;61;97150;0.07;0.93;0.38;0.37
1991;2;6;37;-7.8;-10.9;-15.1;-10.7;-17.7;-20.1;-0.2;-1.1;0.16;1.1;2.5;2.99;371;80;117;64;96973;0.07;3.29;0.38;0.37
1991;2;7;38;-4.7;-7.5;-14.4;-6.3;-9.6;-16.8;-0.9;0.9;0.36;1.1;2.5;12.28;239;48;80;38;96161;0.11;7.65;0.37;0.37
1991;2;8;39;-2.2;-7;-14.4;-4;-9.1;-16.9;0.1;2;0.39;1.1;2.5;15.39;90;20;72;22;95667;0.11;3.5;0.37;0.37
1991;2;9;40;0.5;-6.3;-14.9;-3.9;-8.9;-16.9;0.8;1.5;0.39;1.1;2.5;16.64;268;62;112;58;95751;0.2;0.03;0.37;0.37
1991;2;10;41;4.9;2;-3;2;-0.1;-5;1.1;3.7;0.36;1.1;2.5;14.61;188;45;71;48;95582;-0.03;0.84;0.38;0.37
1991;2;11;42;3;-3;-11.8;1.7;-6.7;-14.2;1.5;-1.8;0.33;1.1;2.5;13.47;147;32;62;29;96032;0.51;4.68;0.38;0.37
1991;2;12;43;-2.6;-6.7;-15.6;-7;-10.6;-18.2;1.4;-2.5;0.36;1.1;2.5;14.82;170;39;57;29;95792;0.46;1.97;0.38;0.37
1991;2;13;44;-2.2;-6;-13.2;-8.3;-10.6;-15.9;2.2;-2.7;0.38;1.1;2.5;15.91;232;55;81;49;95693;0.56;0.37;0.38;0.37
1991;2;14;45;-0.5;-8;-14;-8.3;-12.7;-16.5;1.7;-0.2;0.37;1.1;2.5;15.61;269;64;86;50;96108;0.45;0.29;0.38;0.37
1991;2;15;46;-2.2;-10;-16.7;-7.8;-14.4;-20;1.5;-0.3;0.36;1.1;2.5;15.1;303;68;104;55;95665;0.4;0.06;0.38;0.37
1991;2;16;47;1.8;-3.8;-14.5;-3;-7.6;-17;1.4;0.1;0.36;1.1;2.5;15.27;208;53;73;39;94210;0.36;1.7;0.38;0.37
1991;2;17;48;1.5;-4.1;-11.3;-4.5;-8;-12.9;1.2;-0.8;0.36;1.1;2.5;15.76;295;69;108;70;95455;0.45;0;0.38;0.37
1991;2;18;49;1.5;-5.6;-14;-3.5;-9.1;-16.4;0.8;-0.7;0.35;1.1;2.5;14.65;338;87;114;65;95972;0.31;0;0.38;0.37
1991;2;19;50;3.4;-3.9;-12.5;-1.8;-6.5;-14;0.9;1.3;0.32;1.1;2.5;12.72;344;86;108;61;96436;0.21;0;0.38;0.37
1991;2;20;51;4;-2.8;-8.7;-0.3;-5.5;-11.3;0.2;0.9;0.28;1.1;2.5;10.37;369;93;106;63;96222;0.1;0;0.38;0.37
1991;2;21;52;4.2;-1.9;-7;1;-3.3;-7.9;0.1;1.3;0.24;1.1;2.5;8.22;335;79;81;44;96056;0.01;0.01;0.38;0.37
1991;2;22;53;7.9;1.4;-4.8;1.9;-1.4;-6;0.9;-0.6;0.21;1.1;2.5;5.99;370;99;96;59;96406;0.06;0;0.38;0.37
1991;2;23;54;8.9;2.5;-2.9;0.5;-1.9;-5.1;1.1;-0.3;0.18;1.1;2.5;4.1;430;105;116;60;97398;0.07;0.28;0.38;0.37
1991;2;24;55;12;4.6;-1.8;6.1;2;-2.3;0.8;-0.3;0.16;1.1;2.5;2.52;430;110;110;51;97505;0.27;0.05;0.39;0.37
1991;2;25;56;11.4;3.5;-1.6;5.9;1.5;-2.3;0.9;0.8;0.14;1.1;2.5;1.39;416;103;107;52;97094;0.2;0;0.39;0.37
1991;2;26;57;5.7;3.4;0.8;3.3;1.6;-0.5;0.8;-2.1;0.13;1.2;2.5;0.79;202;44;55;20;96890;0.2;0.07;0.39;0.37
1991;2;27;58;3.5;0.8;-1.9;-0.5;-2.5;-5.5;-0.4;-1.8;0.13;1.2;2.5;0.63;301;77;63;40;96649;0.35;0.02;0.39;0.37
1991;2;28;59;1.9;-0.5;-2.5;-3.3;-5;-6.8;-0.8;1.1;0.13;1.2;2.5;0.64;266;70;60;33;96301;0.13;0.22;0.38;0.37
1991;3;1;60;2;0.3;-0.9;-2.2;-2.5;-3;-1.1;2.6;0.14;1.2;2.5;1.13;173;43;36;18;96241;0.12;0.48;0.38;0.37
1991;3;2;61;6.2;2.1;0;1.9;-0.3;-2.2;-0.3;2.1;0.14;1.2;2.5;1.04;251;58;50;24;96472;0.22;0;0.38;0.37
1991;3;3;62;6.6;2.9;-0.7;3.8;1.6;-1.2;-0.2;1.2;0.13;1.2;2.5;0.73;175;46;43;15;97278;0.18;1.2;0.38;0.37
1991;3;4;63;6.5;3.7;1.8;3;2;1.1;0;2.5;0.13;1.2;2.5;0.44;228;59;50;21;97573;0.41;0.01;0.38;0.37
1991;3;5;64;7.4;3.4;0.2;3.2;1.6;-0.1;-0.4;0.7;0.13;1.2;2.5;0.25;334;78;64;43;96476;0.34;0;0.38;0.37
1991;3;6;65;5;2.7;0.1;3.1;1.7;-0.2;-0.9;0.4;0.13;1.2;2.5;0.17;167;47;22;12;95722;0.19;0.03;0.38;0.37
1991;3;7;66;12;6.3;2.3;6.5;4.3;2.1;-0.5;1.7;0.13;1.2;2.5;0.09;191;50;72;23;95385;0.31;0.07;0.38;0.37
1991;3;8;67;15.7;10;5.6;8.5;6.7;4.4;-0.1;4;0.13;1.2;2.5;0;493;122;90;62;95219;0.88;0;0.38;0.37
1991;3;9;68;15.9;9.6;5.1;7.5;5.7;3.8;-0.5;2.5;0.13;1.2;2.5;0;519;133;112;68;95216;1.09;0;0.38;0.37
1991;3;10;69;11.9;7.5;3.3;7.4;5.4;2.6;0.1;-1;0.13;1.3;2.5;0;382;83;58;25;95854;0.6;1.84;0.38;0.37
1991;3;11;70;7.5;6.4;5.2;6.4;5.5;4.3;-0.2;0.6;0.13;1.3;2.5;0;119;24;17;5;96348;0.34;10.81;0.39;0.37
1991;3;12;71;9.9;6.5;3;4.2;3.2;1.6;0;1.6;0.13;1.3;2.5;0;360;87;62;36;96287;0.79;0.13;0.39;0.37
1991;3;13;72;11.1;6.1;1.6;4.2;2.2;0.5;0.2;0.2;0.13;1.3;2.6;0;483;109;107;52;96276;0.84;0;0.39;0.37
1991;3;14;73;13.4;6.7;-1.1;3.9;1;-1.9;0.8;1.9;0.13;1.3;2.6;0;550;158;119;82;96485;1.3;0;0.38;0.37
1991;3;15;74;15.2;8.2;2.3;4.4;2.3;-0.5;0.7;1.4;0.13;1.3;2.6;0;554;158;128;85;96218;1.37;0;0.38;0.37
1991;3;16;75;15;8.2;0.9;6.6;3;-0.9;0.5;-0.7;0.13;1.3;2.6;0;549;158;123;78;95857;1.32;0;0.38;0.37
1991;3;17;76;13.5;8.2;3.6;6.3;4.2;1.8;-0.2;1.1;0.13;1.3;2.6;0;543;138;107;63;95522;1.24;0.69;0.38;0.37
1991;3;18;77;13.2;8;2.8;7;4.3;1.7;0.2;0;0.13;1.4;2.6;0;533;146;116;65;96140;1.23;1.08;0.38;0.37
1991;3;19;78;12.1;7.4;1.5;7.8;5;1;0.3;1.2;0.13;1.4;2.6;0;404;114;77;52;96738;1.24;2.3;0.38;0.37
1991;3;20;79;14.2;9.8;5.6;7.7;5.3;3.7;2.2;-0.3;0.13;1.4;2.6;0;497;133;96;51;96299;1.7;3.19;0.38;0.37
1991;3;21;80;17.6;11.9;5.1;7.3;5.5;3.3;0.8;2.4;0.13;1.4;2.6;0;494;127;106;49;95807;1.53;0.1;0.38;0.37
1991;3;22;81;16.9;11.7;5.8;6.2;5.2;3.2;2.2;2.8;0.13;1.4;2.6;0;551;156;109;84;95022;1.73;0;0.38;0.37
1991;3;23;82;9.5;7.9;5.8;5.4;4.3;3.4;-0.2;-0.8;0.13;1.5;2.6;0;214;54;45;26;95834;0.65;0.72;0.37;0.37
1991;3;24;83;18.3;11.6;5.3;10.7;8.1;4.7;0.2;2.1;0.13;1.5;2.6;0;568;170;113;71;95855;1.6;0;0.37;0.37
1991;3;25;84;13.6;9;5.7;9;6.9;4.8;0.6;-2.9;0.13;1.5;2.6;0;373;101;55;36;96113;1;1.91;0.37;0.37
1991;3;26;85;6.6;5.4;4;4.3;3.6;1.9;-0.4;-1.9;0.14;1.5;2.6;0.06;137;35;28;12;96276;0.83;7.54;0.38;0.37
1991;3;27;86;3.7;2.2;1.2;1.3;-1.1;-3.5;1;-3.1;0.14;1.5;2.6;0.44;168;50;47;20;96255;1.05;2.5;0.38;0.37
1991;3;28;87;5.6;2.5;-0.1;-1.4;-3.1;-5.4;0.4;-3.4;0.15;1.6;2.6;0.92;581;165;100;75;96569;1.7;1.68;0.38;0.37
1991;3;29;88;2.5;0.7;-1;-0.2;-2.7;-5.1;1.3;-4.5;0.16;1.6;2.6;1.86;234;69;61;29;96941;0.78;7;0.38;0.37
1991;3;30;89;4.2;2.1;0.5;2.5;0.6;-0.7;1.1;-2.3;0.28;1.6;2.6;9.51;132;36;22;8;96947;0.53;9.96;0.38;0.37
1991;3;31;90;7.9;4.8;2.1;1.2;0.3;-0.2;1.6;-2.2;0.24;1.6;2.6;6.67;411;107;78;43;96745;1.1;0.14;0.39;0.37
1991;4;1;91;9;4.8;1.5;1.5;-0.1;-1.4;0.4;-1.4;0.19;1.6;2.6;3.94;443;126;88;49;96364;1.18;0.18;0.39;0.37
1991;4;2;92;14.7;8.4;1.2;5.7;2.9;-0.9;0.4;1.7;0.17;1.7;2.6;2;542;161;98;59;95869;1.53;0.01;0.39;0.37
1991;4;3;93;10.6;8;5.3;4.9;3.6;2.1;0.2;2.9;0.15;1.7;2.6;0.61;297;97;50;40;95606;1.1;0.8;0.39;0.37
1991;4;4;94;12.1;8.8;5.5;5.2;4.5;3.9;0;2.7;0.14;1.7;2.6;0.2;370;96;69;39;95410;1.26;0.31;0.39;0.37
1991;4;5;95;16.1;10.4;5.3;5.8;5;3.6;0.7;3;0.14;1.7;2.6;0.02;632;194;119;83;94946;2.09;0.09;0.39;0.37
1991;4;6;96;13.9;9.3;4.1;7.7;5.4;3.1;1.8;-2.5;0.14;1.7;2.6;0;555;172;100;65;95936;2;1.41;0.38;0.37
1991;4;7;97;13.2;9.9;7;5.5;4;1.6;1.7;-2.6;0.14;1.8;2.6;0;437;153;99;68;96358;1.71;0.02;0.38;0.37
1991;4;8;98;13.1;8.8;5.6;3.8;2.3;1.5;2.5;-2.5;0.14;1.8;2.6;0;546;176;108;82;96717;2.09;0.54;0.38;0.37
1991;4;9;99;13.5;8.5;4;5.5;3.2;1.9;1.8;-2.2;0.15;1.8;2.6;0;559;174;97;78;97080;2.02;1;0.38;0.37
1991;4;10;100;11.2;6.8;3;2.7;0.6;-2.6;0.9;-3.4;0.15;1.8;2.6;0.01;614;181;111;78;97311;2.08;0.89;0.38;0.37
1991;4;11;101;10.1;6.2;1.6;4.9;2.9;0.7;1.1;-3.6;0.15;1.8;2.6;0.04;386;120;78;53;97298;1.3;0.88;0.37;0.37
1991;4;12;102;12.9;8.4;3.8;7.8;5.9;3.1;-0.3;-0.7;0.15;1.9;2.6;0;573;177;104;64;96892;2.03;4.66;0.37;0.37
1991;4;13;103;14.1;8.8;2.9;8.5;6;2.4;-0.3;0;0.15;1.9;2.6;0;629;195;106;69;96706;2.25;1.95;0.38;0.37
1991;4;14;104;15;9.7;3.2;8.1;5.7;2.3;0.2;0.5;0.15;1.9;2.6;0;634;202;113;74;96876;2.25;1.2;0.37;0.37
1991;4;15;105;14.8;9.8;3.7;6.7;3.9;2;0.8;-1.9;0.15;1.9;2.6;0;632;206;110;84;97052;2.42;0.17;0.37;0.37
1991;4;16;106;17.1;11;3.3;6.7;3.2;0.9;1.2;-0.9;0.15;2;2.6;0;586;174;108;71;95877;2.3;0.24;0.37;0.37
1991;4;17;107;4.2;2.6;0.8;0.1;-3.1;-5.6;0.5;-3.6;0.17;2;2.6;1.74;238;73;50;32;95506;1.5;4.82;0.37;0.37
1991;4;18;108;3.4;1.7;0.6;0.5;-1.5;-3;0.5;-3.3;0.23;2;2.6;5.69;227;62;43;30;94929;1.15;9.83;0.37;0.37
1991;4;19;109;5.1;1.9;-3.1;-0.4;-3.1;-6.3;2.8;-3.5;0.28;2.1;2.7;9.72;478;152;98;56;94818;2.15;3.26;0.37;0.37
1991;4;20;110;8.2;1.7;-5.4;1.3;-3.1;-8.5;0.8;-0.1;0.24;2.1;2.7;7.05;606;186;123;74;95526;1.76;4.13;0.37;0.37
1991;4;21;111;6.9;2.6;-1.8;-2.5;-4.1;-5.7;1;-2.6;0.22;2.1;2.7;5.07;448;159;86;67;96115;1.97;0.05;0.38;0.37
1991;4;22;112;8.6;3.8;-2.3;1.8;-2.1;-5.2;0.5;0.8;0.19;2.2;2.7;3.4;624;195;117;76;96398;1.88;1.73;0.38;0.37
1991;4;23;113;9.8;4.5;-2.5;2;-0.7;-4.3;0;0.1;0.17;2.2;2.7;1.87;572;193;106;72;96260;2.11;0.92;0.38;0.37
1991;4;24;114;9.4;5.2;1.9;3.6;1.3;-0.7;1.6;-3.1;0.17;2.2;2.7;0.97;638;190;95;65;96230;2.05;1.4;0.38;0.37
1991;4;25;115;8.9;5.1;2.4;5;2.6;0.9;0;-0.4;0.16;2.3;2.7;0.54;436;137;88;49;96009;2.03;5.26;0.38;0.37
1991;4;26;116;10.9;6.4;0.7;3.2;1.2;0.2;-0.1;2.8;0.16;2.3;2.7;0.28;470;150;90;60;96004;1.81;0.03;0.38;0.37
1991;4;27;117;13;8;2.4;6.8;4.1;0.3;-1.1;1.1;0.16;2.3;2.7;0.12;614;193;103;60;95889;2.19;1.32;0.38;0.37
1991;4;28;118;13.4;8.8;4.3;7.6;6.4;3.8;0.5;-0.8;0.16;2.4;2.7;0.02;571;169;106;53;95974;2.22;3.36;0.38;0.37
1991;4;29;119;15.2;10;2.1;7.2;5.3;1.7;0.6;-1.8;0.16;2.4;2.7;0;679;223;114;77;96253;2.86;0.41;0.38;0.37
1991;4;30;120;14;10.6;6.2;7.7;5.7;4.6;0.4;-0.8;0.16;2.4;2.7;0;548;183;94;63;95999;2.39;0.91;0.37;0.37
1991;5;1;121;17;12;5.7;9.5;7.7;4.9;0.2;0.8;0.16;2.5;2.7;0;666;209;112;69;95364;2.8;1.63;0.37;0.37
1991;5;2;122;15.7;11.1;5.8;11.3;8.7;5.2;0.2;0.7;0.16;2.5;2.7;0;478;158;79;51;95698;2.43;6.89;0.37;0.37
1991;5;3;123;11.6;9.1;6;9.2;7.7;5.1;0.3;-1.4;0.16;2.6;2.7;0;282;86;51;25;95543;1.81;17.45;0.38;0.37
1991;5;4;124;10.5;7.4;4.7;4.4;3.2;2.2;1;-1.8;0.16;2.6;2.7;0;388;110;44;25;95251;2.31;2.76;0.39;0.37
1991;5;5;125;13.9;9.4;5.7;5.3;4;3.2;0.5;1.7;0.16;2.6;2.7;0;527;174;107;55;95494;2.43;0.29;0.39;0.37
1991;5;6;126;13.1;9;3.9;7.5;5.2;2.8;0.4;0.8;0.16;2.7;2.7;0;597;189;97;69;95448;2.5;1.88;0.39;0.37
1991;5;7;127;12.3;8.6;3.3;4.4;3.3;1.5;0.6;-3.5;0.16;2.7;2.7;0;488;163;69;59;95266;2.24;0.25;0.39;0.37
1991;5;8;128;13.8;8.8;5.2;3.2;1.6;0.6;1.1;-3.7;0.16;2.7;2.7;0;712;229;119;78;95580;3.08;0;0.38;0.37
1991;5;9;129;14.4;9.9;4.3;6.3;4.4;1.7;-0.6;0.7;0.16;2.8;2.7;0;600;180;98;56;96148;2.44;0.29;0.38;0.37
1991;5;10;130;15.5;11.6;6.9;9.4;7.5;4.9;-2;0.8;0.16;2.8;2.7;0;460;117;58;35;95939;2.03;4.71;0.38;0.37
1991;5;11;131;16.5;12.2;8;13.9;8.6;4.2;-0.2;1.6;0.17;2.8;2.8;0;504;117;107;46;95460;2.03;11.26;0.39;0.37
1991;5;12;132;15.2;10.3;4.6;8.5;6.3;3.7;1.4;-1.6;0.17;2.9;2.8;0;599;196;104;67;95918;3.07;5.26;0.39;0.37
1991;5;13;133;14.1;10.9;8;5.8;5.4;4.7;1.3;-4;0.17;2.9;2.8;0;465;164;84;52;96662;2.62;0.15;0.39;0.37
1991;5;14;134;15.2;11.5;5.3;7.3;5.8;3.7;0.8;-1.9;0.17;2.9;2.8;0;560;171;98;59;96502;2.59;0.52;0.39;0.37
1991;5;15;135;11.8;9.4;6.3;8.2;3.2;-0.9;1.3;-3.7;0.17;3;2.8;0;666;222;114;66;96188;3.42;1.42;0.38;0.37
1991;5;16;136;10.7;7.8;5.1;3;0.9;-0.6;0;-2.7;0.17;3;2.8;0;577;169;85;53;95897;2.97;2.97;0.38;0.37
1991;5;17;137;5.6;4.9;4.3;4;3.3;2.1;1.7;-6.2;0.17;3;2.8;0.2;226;63;30;13;95615;3.06;30.63;0.39;0.37
1991;5;18;138;5.2;4.6;4;4.1;3.5;2.7;2.9;-5.1;0.18;3;2.8;1.41;121;36;19;8;95764;2.08;30.43;0.42;0.37
1991;5;19;139;11.7;7.4;3.8;2.3;0.9;-1;2.6;-5.8;0.18;3;2.8;0.88;563;187;103;57;96197;3.72;7.4;0.43;0.37
1991;5;20;140;14.3;10.3;5.8;4.1;1.8;-0.1;2;-3.5;0.17;3;2.8;0.32;639;201;103;71;96766;3.19;0;0.42;0.38
1991;5;21;141;18.2;14.1;8;10.2;7.2;1.3;3;-2;0.17;3;2.8;0.08;516;195;86;62;97145;3.21;0;0.41;0.38
1991;5;22;142;21;16.3;11.3;11.5;9.5;7.7;2.3;-1.9;0.17;3;2.8;0;669;209;96;68;97129;3.75;0.37;0.41;0.38
1991;5;23;143;15.2;12.1;6.8;8.2;4.4;0.7;1.3;-3.4;0.17;3;2.8;0;655;226;103;77;96637;3.65;0.16;0.4;0.38
1991;5;24;144;10.1;7.1;4.6;2.8;1.2;-0.2;1.2;-4;0.17;3;2.8;0;633;233;99;87;96745;3.23;1.83;0.4;0.38
1991;5;25;145;12;7.6;4.2;5.2;2.4;0.1;1.4;-3.2;0.17;3;2.8;0;666;224;103;74;96837;3.3;4;0.39;0.38
1991;5;26;146;11.2;7.9;5.3;6.3;4.2;1.8;1.9;-2.4;0.17;3;2.8;0;414;141;78;52;96692;2.59;3.73;0.39;0.38
1991;5;27;147;12.7;8.8;4.5;3.3;2.1;0.8;1.2;-4.7;0.17;3;2.8;0;581;208;96;69;96842;3.37;1.31;0.39;0.38
1991;5;28;148;14.3;11;7.3;6.3;3.9;0.4;1.2;-4.6;0.17;3;2.8;0;521;183;84;66;96546;3.03;0.38;0.39;0.38
1991;5;29;149;14.9;11.4;7.7;5.7;4.9;3.1;0.5;-3.5;0.17;3;2.8;0;680;221;101;78;96379;3.32;0.01;0.38;0.38
1991;5;30;150;16.1;12.7;8.1;8.1;6.6;4.1;0.9;-2.8;0.17;3;2.8;0;544;196;85;62;96431;3.32;1.43;0.38;0.38
1991;5;31;151;18.7;14.5;9.6;10.9;8;6.8;1.4;-1.8;0.17;3;2.8;0;585;196;89;62;96223;3.35;0.34;0.38;0.38
1991;6;1;152;22.1;16.7;8.8;13.3;8.9;6.9;1.4;-0.7;0.17;3;2.8;0;685;221;106;68;95908;3.81;0.08;0.37;0.38
1991;6;2;153;17.4;13.9;10.5;9.2;6.7;3.6;-0.2;-1.3;0.17;3;2.8;0;663;220;97;70;96140;3.53;0.25;0.37;0.38
1991;6;3;154;21.8;15.1;9.7;13.3;10.7;7.2;0.9;1.4;0.17;3;2.8;0;711;220;108;65;95627;3.44;6.45;0.37;0.38
1991;6;4;155;11.6;10;7.3;10.3;7.8;5.7;0.5;-1.6;0.17;3;2.8;0;223;64;43;24;95928;2.1;12.94;0.37;0.38
1991;6;5;156;15.1;11.1;6.9;7;5.4;4.1;0.8;-0.4;0.17;3;2.8;0;510;175;88;57;96230;3;0.27;0.38;0.38
1991;6;6;157;17.2;12.6;5.9;10.7;7.7;3.3;0.6;3;0.17;3;2.8;0;610;164;66;50;95907;2.6;1.15;0.38;0.38
1991;6;7;158;18.6;14.2;10.2;10.4;8.9;7.9;0.5;1.1;0.17;3;2.8;0;685;184;103;53;95261;3.47;4.51;0.38;0.38
1991;6;8;159;18.5;14.2;8.3;12.9;10.7;8.2;0.9;-2.3;0.17;3;2.8;0;672;174;83;55;95012;2.88;1.1;0.38;0.38
1991;6;9;160;19.4;15.7;12.3;12.6;10.1;9;1.2;-2.2;0.17;3;2.8;0;603;208;84;66;95970;3.54;0.25;0.37;0.38
1991;6;10;161;21.8;17.3;10.8;14.2;12;9.1;0.1;-0.6;0.17;3;2.8;0;628;202;95;55;96142;3.48;8.54;0.37;0.38
1991;6;11;162;18;15;10.7;12.2;10.2;7.4;1.4;-1.4;0.17;3;2.8;0;269;110;90;44;96612;2.81;4.27;0.38;0.38
1991;6;12;163;21.3;16;8.3;11.2;8.5;6.2;0.3;1.1;0.17;3;2.8;0;611;226;107;78;96614;3.88;0.01;0.37;0.38
1991;6;13;164;23;18.6;13.2;13.9;12.2;9.2;-0.1;1.7;0.17;3;2.8;0;715;224;101;68;96054;3.98;0.05;0.37;0.38
1991;6;14;165;16.3;15;13.8;13.6;11.9;9.2;1;-0.1;0.17;3;2.8;0;195;60;52;23;96208;1.66;3.73;0.37;0.38
1991;6;15;166;21.7;17.3;13.2;14;12.8;11.2;1;2.4;0.17;3;2.8;0;599;162;79;45;96283;3.07;0.02;0.37;0.38
1991;6;16;167;26.4;21;14.6;16.1;14.5;13;0.9;2.6;0.17;3;2.8;0;703;255;108;80;95692;4.76;0.03;0.36;0.38
1991;6;17;168;26.9;20.5;14.3;17.1;14.6;12.3;-0.1;2.1;0.17;3;2.8;0;698;230;91;69;95534;4.27;1.36;0.36;0.38
1991;6;18;169;18.2;13.8;10.4;12.9;8;5.8;0.8;-2;0.17;3;2.8;0;464;151;97;54;95896;3.23;4.15;0.36;0.38
1991;6;19;170;14.9;12.1;8.8;8.8;7.6;5.6;0.7;-1.4;0.17;3;2.8;0;458;125;79;52;96261;2.34;2.39;0.36;0.38
1991;6;20;171;19;14.7;8.5;9.1;7.6;5.5;0.7;1.5;0.17;3;2.8;0;688;246;114;84;95918;3.98;0.22;0.36;0.38
1991;6;21;172;19.4;15.7;11.8;11.4;9.7;8.5;1.4;-1.6;0.17;3;2.8;0;565;200;98;63;96302;3.58;1.04;0.35;0.38
1991;6;22;173;23.8;18;10.3;15;12.6;9.3;-0.3;0.9;0.17;3;2.8;0;709;244;106;74;96884;3.89;0;0.35;0.38
1991;6;23;174;26;20.5;13.6;18.2;15.4;12.3;0.6;-0.7;0.17;3;2.8;0;697;242;96;67;96859;3.98;0.16;0.34;0.38
1991;6;24;175;27.1;21.2;15.4;17.8;15.7;13.2;1;-0.5;0.16;3;2.8;0;675;221;103;66;96531;3.99;3.7;0.34;0.38
1991;6;25;176;22.8;19.6;16.4;16.9;15.1;13;0.8;-0.4;0.16;2.9;2.8;0;381;144;62;48;96583;2.67;1.24;0.34;0.38
1991;6;26;177;26.1;21.1;15.4;19.9;17.9;14.9;1.1;1.3;0.16;2.9;2.8;0;614;195;75;45;96276;3.48;4.01;0.34;0.38
1991;6;27;178;24.1;19.4;12.5;17.9;14.4;7.1;1;-0.4;0.16;2.9;2.8;0;637;185;84;40;95644;4.93;19.25;0.34;0.38
1991;6;28;179;18.7;14.9;11.2;6.9;5.6;3.7;2.6;-1.5;0.16;2.9;2.8;0;606;223;102;76;95709;4.54;0.33;0.35;0.38
1991;6;29;180;16.6;13.4;10.2;6.9;5.7;5.1;2.1;-2.9;0.16;2.9;2.8;0;544;206;95;77;96440;3.59;0.26;0.35;0.38
1991;6;30;181;17.7;14.3;10.6;9.6;6.7;5.2;0.7;-2.4;0.16;2.9;2.8;0;477;180;90;65;97146;3.19;0.01;0.34;0.38
1991;7;1;182;21.2;16.1;8.5;9.8;8.5;6.4;0.4;-2.4;0.16;2.9;2.8;0;724;260;115;84;97068;4.21;0;0.34;0.38
1991;7;2;183;22.6;18;12.7;13.1;11.1;9.1;0.7;-3.8;0.16;2.9;2.8;0;588;231;90;70;96550;3.98;0.08;0.34;0.38
1991;7;3;184;22;19.1;15.8;16.3;14.4;12;1.3;-3.7;0.16;2.9;2.8;0;500;163;62;39;96343;2.91;0.34;0.33;0.38
1991;7;4;185;23.8;19.9;18;18.7;17.4;16.4;1.1;-3.5;0.16;2.9;2.7;0;552;136;61;23;96408;2.79;6.68;0.33;0.38
1991;7;5;186;25.7;21.3;17.3;19.2;17.5;14.7;0.6;-3;0.16;2.9;2.7;0;595;194;67;47;96432;3.89;3.17;0.33;0.37
1991;7;6;187;25.4;21;16.5;14.3;12.9;11.2;0.6;-3.3;0.16;2.8;2.7;0;714;261;109;84;96570;4.83;0;0.33;0.37
1991;7;7;188;25.5;21;15.9;15.8;14.3;12.8;0;-0.4;0.16;2.8;2.7;0;605;208;90;67;96675;3.72;0;0.33;0.37
1991;7;8;189;27.8;22.7;15.9;19;15.2;13.3;0.3;0.9;0.16;2.8;2.7;0;663;226;97;65;96502;3.96;0.01;0.32;0.37
1991;7;9;190;27.3;22.4;17.8;19;17.1;15.6;1.2;-1;0.16;2.8;2.7;0;617;178;95;52;96602;3.47;4.18;0.32;0.37
1991;7;10;191;27;22.3;18.9;18.6;17;16;0.6;-1.9;0.16;2.8;2.7;0;661;193;88;51;96911;3.73;1.77;0.32;0.37
1991;7;11;192;28.4;23.3;17.1;18.9;17.1;15.3;0.4;0.9;0.16;2.8;2.7;0;668;236;95;65;96802;4.19;0.09;0.32;0.37
1991;7;12;193;29.9;24.9;18;20.3;17.7;15.9;0.8;-0.4;0.16;2.8;2.7;0;617;220;92;62;96610;3.93;0.04;0.32;0.37
1991;7;13;194;28.4;23.2;19.2;20.2;18.5;17;1.1;-1.2;0.16;2.8;2.7;0;658;192;79;51;96385;3.51;15.17;0.31;0.37
1991;7;14;195;25.2;19.8;16.4;19.2;16.6;12.9;1.3;-0.8;0.16;2.8;2.7;0;590;151;75;40;95784;3.95;21.41;0.33;0.37
1991;7;15;196;22.2;18.6;15.7;14.2;13;11.3;1.8;-3.9;0.16;2.8;2.7;0;598;184;93;57;96049;3.52;0.16;0.34;0.37
1991;7;16;197;25.3;20.3;13.5;16.7;13.3;11.8;0.9;-0.6;0.16;2.8;2.7;0;509;199;90;60;96247;3.64;0.14;0.33;0.37
1991;7;17;198;23.3;19.2;15.4;17.6;15.3;13.1;0.4;-0.7;0.16;2.8;2.7;0;423;131;67;41;96165;2.87;31.61;0.33;0.37
1991;7;18;199;21;17.7;15;13.1;11.6;9.8;1.9;-3;0.16;2.8;2.7;0;600;221;98;61;96126;4.28;0.2;0.35;0.37
1991;7;19;200;24.7;19.8;15.6;17.7;14.3;11.1;0.9;0.8;0.16;2.7;2.7;0;381;102;57;30;96097;2.06;0;0.35;0.37
1991;7;20;201;23.7;19.5;15.5;18.5;17;14.5;0.6;0.3;0.16;2.7;2.7;0;506;139;68;45;96246;2.5;8.97;0.35;0.37
1991;7;21;202;23.5;19.4;16;18.1;15.7;12.9;0.7;-1.2;0.16;2.7;2.7;0;555;178;78;55;96396;3.44;6.76;0.35;0.37
1991;7;22;203;21.4;18;13.9;15.2;13.2;11.1;0.5;-1.6;0.16;2.7;2.7;0;563;188;88;64;96594;3.34;0.52;0.35;0.37
1991;7;23;204;23.4;18.9;13.4;14.9;13.6;11.8;0.1;1.5;0.16;2.7;2.7;0;516;186;91;66;96490;3.27;0.2;0.35;0.37
1991;7;24;205;26.4;21.1;15.4;18.2;16.5;13.2;0.3;1.5;0.16;2.7;2.7;0;668;214;96;63;95851;3.74;13.54;0.35;0.37
1991;7;25;206;19.1;17.8;15.1;17.1;14.2;12.3;0.5;-1.5;0.16;2.7;2.7;0;206;73;40;25;95796;2.12;14.65;0.37;0.37
1991;7;26;207;18.5;15.4;13.5;11.7;10.3;9.6;2;-2.9;0.16;2.7;2.7;0;490;112;79;40;95719;2.59;0.54;0.37;0.37
1991;7;27;208;18.6;15.4;13;13.6;11.8;10.4;2;-4.7;0.16;2.7;2.7;0;482;161;72;51;95818;3.19;7.53;0.37;0.37
1991;7;28;209;17.7;15.5;13.6;15.7;13.8;12.1;1.1;-5.3;0.16;2.7;2.7;0;189;42;20;6;95727;3.22;32.27;0.38;0.37
1991;7;29;210;22.3;18.5;14.7;13.9;12.8;11.9;0.8;-3.3;0.16;2.7;2.7;0;624;175;71;43;95911;3.76;0.66;0.39;0.37
1991;7;30;211;23.9;19.3;13.6;16.5;14.1;12;0;-0.5;0.16;2.7;2.7;0;621;219;101;71;95966;3.63;0.03;0.39;0.37
1991;7;31;212;24.1;19.6;14;17.9;16.2;13.6;-0.6;0.4;0.16;2.7;2.7;0;368;142;61;40;95693;2.5;3.83;0.39;0.37
1991;8;1;213;20.6;17.6;15.2;16.9;14.2;11.5;1.9;-1.7;0.16;2.7;2.7;0;363;130;65;39;95413;3.14;16.26;0.39;0.37
1991;8;2;214;18.3;17;15.4;16.2;14.9;12.2;3.4;-4.1;0.16;2.7;2.7;0;281;79;45;18;95622;3.47;21.19;0.4;0.37
1991;8;3;215;21.5;18.3;16.2;17.1;15.9;15.1;2;-4.7;0.16;2.7;2.7;0;477;105;55;24;96128;3.29;17.66;0.42;0.37
1991;8;4;216;22.2;19.6;17;16.2;15.4;15;2.5;-4.5;0.16;2.6;2.7;0;580;172;66;50;96347;3.33;1.52;0.41;0.37
1991;8;5;217;22.7;19.5;17.4;17.1;15.9;14.6;2.1;-4;0.16;2.6;2.7;0;453;157;69;47;96508;2.79;0.72;0.41;0.37
1991;8;6;218;24.8;20.8;17.1;17.6;16;14.8;0.9;-2.5;0.16;2.6;2.7;0;635;211;86;66;96484;3.76;0.1;0.4;0.37
1991;8;7;219;27.6;22.2;15.6;18.2;16.7;14.3;0.4;1.8;0.16;2.6;2.7;0;670;233;102;73;96360;4.15;0;0.4;0.38
1991;8;8;220;27.5;22.9;18.3;18.6;16.9;15.5;0.3;3.1;0.16;2.6;2.7;0;671;233;99;79;96144;4.3;0;0.39;0.38
1991;8;9;221;26.1;22;17;18.9;17.4;15.3;0.8;-0.8;0.16;2.6;2.7;0;530;189;81;56;96550;3.51;1.85;0.39;0.38
1991;8;10;222;23.4;20.8;17.9;18.1;17.3;16.6;0.7;-2;0.16;2.6;2.7;0;409;132;59;43;96896;2.49;0.9;0.39;0.38
1991;8;11;223;27.5;21.9;15.2;18.8;16.2;14.3;0.8;0.3;0.16;2.6;2.7;0;550;198;92;64;96684;3.59;0.1;0.38;0.38
1991;8;12;224;27.6;22.5;17.1;19;17;15.4;0.9;-0.7;0.16;2.6;2.7;0;582;186;86;60;96225;3.52;2.9;0.38;0.38
1991;8;13;225;22.2;19.4;16.3;16.8;14.9;13.1;-0.2;-0.5;0.16;2.6;2.7;0;516;151;77;53;96445;2.8;2.03;0.38;0.38
1991;8;14;226;21.7;18.5;14.5;16.1;15;13.7;0.2;-0.9;0.16;2.6;2.7;0;492;159;73;52;96518;2.84;2.93;0.38;0.38
1991;8;15;227;21.5;18.2;14.9;15.5;14.7;13.5;0.2;-0.8;0.16;2.6;2.7;0;568;180;88;58;96468;3.24;5.64;0.38;0.38
1991;8;16;228;22.6;18.5;13.9;15.5;13;12;0.5;-0.4;0.16;2.6;2.7;0;550;183;95;70;96526;3.08;0.05;0.38;0.38
1991;8;17;229;24.8;19.4;13.9;17.6;15;12.2;1;1.1;0.15;2.6;2.7;0;605;183;91;66;96321;3.1;2.93;0.37;0.38
1991;8;18;230;20.8;17.7;14.4;17.3;14.3;10.5;0.7;-0.8;0.15;2.6;2.7;0;412;121;62;51;96180;2.6;12.18;0.38;0.38
1991;8;19;231;19.5;16;12.8;11.7;9.9;8.2;1.4;-0.7;0.15;2.6;2.7;0;497;167;93;66;96531;3.04;1.33;0.38;0.38
1991;8;20;232;19.7;15.8;10.3;11.5;8.9;6.9;0.9;-0.9;0.15;2.6;2.7;0;492;156;93;56;96762;2.72;0.34;0.38;0.38
1991;8;21;233;19.9;16.5;13.3;13.7;12.6;11.5;0.5;-0.2;0.15;2.6;2.7;0;449;133;79;45;96587;2.25;1.16;0.38;0.38
1991;8;22;234;20.5;16.7;11.9;15.1;13.6;11.3;-0.5;0.8;0.15;2.6;2.7;0;356;123;66;45;96607;2.02;0.5;0.37;0.38
1991;8;23;235;21.8;18.5;15.5;15;14;12.9;-0.4;2.4;0.15;2.5;2.7;0;452;136;67;45;96852;2.39;0.03;0.37;0.38
1991;8;24;236;24.3;19.9;15.4;17.2;15.5;13.4;0.4;1.4;0.15;2.5;2.7;0;538;164;78;51;96898;2.82;0.3;0.37;0.38
1991;8;25;237;23.1;19.7;17;16.2;14.9;13.1;0.8;-1.3;0.15;2.5;2.7;0;493;150;80;46;96729;2.72;0.35;0.37;0.38
1991;8;26;238;21.3;18.3;15;15.3;13;10.5;0.1;-1.1;0.15;2.5;2.7;0;493;144;82;50;96635;2.51;0.46;0.36;0.38
1991;8;27;239;18.5;16.3;14.1;10.1;8.4;7.4;1.1;-3.2;0.15;2.5;2.7;0;470;146;87;59;96843;2.78;0.03;0.36;0.38
1991;8;28;240;19.5;15.8;12.5;11.5;10.3;8.3;1;-2.5;0.15;2.5;2.7;0;410;134;75;63;96863;2.29;0.28;0.36;0.38
1991;8;29;241;18.1;14.7;11.7;11.3;8.8;5.5;0.5;-2.7;0.15;2.5;2.7;0;597;173;95;77;96771;2.61;0.25;0.36;0.38
1991;8;30;242;18.5;14.5;10.5;9.5;8;6;1;-2.5;0.15;2.5;2.7;0;599;176;97;79;97042;2.65;0.03;0.35;0.38
1991;8;31;243;19.9;15.2;10;11.2;9.3;7.2;0.4;-2;0.15;2.5;2.7;0;530;176;98;73;97095;2.57;0.17;0.35;0.38
1991;9;1;244;20.6;15.8;10.9;11;9.7;7.8;-0.3;0.7;0.15;2.5;2.7;0;583;175;107;71;97114;2.54;0;0.35;0.38
1991;9;2;245;20.9;16.5;12.2;13.1;10.5;8.6;-0.1;0.7;0.15;2.5;2.7;0;529;169;104;72;97303;2.41;0.11;0.35;0.38
1991;9;3;246;22.3;17.4;12.9;13.5;11.1;9.1;0.2;0.1;0.15;2.5;2.7;0;556;179;107;72;97509;2.54;0.03;0.34;0.38
1991;9;4;247;23.5;17.2;10.8;13;10.9;9.1;0.7;0.5;0.15;2.5;2.7;0;616;197;124;84;97218;2.86;0;0.34;0.37
1991;9;5;248;24.6;18.4;11.6;14.3;11.3;9.5;1.2;-0.5;0.15;2.5;2.7;0;607;190;115;78;96684;2.92;0;0.34;0.37
1991;9;6;249;19.2;16.1;13.3;11.7;10.8;9;1.2;-2.4;0.15;2.5;2.7;0;365;108;74;54;96606;1.66;0.14;0.33;0.37
1991;9;7;250;16.8;13.8;10.6;10;6.7;4.4;2.1;-3;0.15;2.5;2.7;0;523;157;90;66;96575;2.3;0.21;0.33;0.37
1991;9;8;251;14.7;11.8;9.4;9.7;8.3;6.4;0.8;-0.7;0.15;2.5;2.7;0;388;94;69;43;96822;1.68;2.51;0.33;0.37
1991;9;9;252;18.5;14;9.2;10.2;9.3;8.1;0.3;1.3;0.15;2.5;2.7;0;460;137;85;59;96873;2.01;0.39;0.33;0.37
1991;9;10;253;21;15.6;10;11.2;9.8;8.1;0.8;2.4;0.15;2.5;2.7;0;594;189;115;83;96801;2.48;0;0.33;0.37
1991;9;11;254;23.4;17.5;11.6;15.6;12.9;9.2;0.7;1.1;0.15;2.5;2.7;0;541;156;102;66;96304;2.28;1.03;0.33;0.37
1991;9;12;255;16.4;14.8;13.4;15;13.5;11.7;0.2;-1.5;0.15;2.5;2.7;0;183;51;36;20;96477;1.17;3.57;0.33;0.37
1991;9;13;256;16.3;14.4;13.1;13;11.7;10.2;-0.2;-0.1;0.15;2.5;2.7;0;255;62;33;14;96847;1.43;2.96;0.33;0.37
1991;9;14;257;19.4;16.2;12.9;15.4;14;12.3;-0.4;1.5;0.15;2.5;2.7;0;318;91;61;27;96969;1.35;1.04;0.33;0.37
1991;9;15;258;19;16.4;14.2;16.6;15.2;13.8;-0.2;0.8;0.15;2.5;2.7;0;285;78;42;27;96711;1.44;8.24;0.33;0.37
1991;9;16;259;20.9;16.6;13;14.8;13.6;12.1;0.9;-1.2;0.15;2.4;2.7;0;442;127;83;51;96708;2.05;0.7;0.34;0.37
1991;9;17;260;20.9;16;11.6;15.7;12.8;10.2;1.3;0.2;0.15;2.4;2.7;0;353;87;71;51;96472;1.5;3.58;0.33;0.37
1991;9;18;261;17.5;14.3;10.7;11.3;8.6;6.8;1.8;-2.5;0.14;2.4;2.7;0;496;132;88;69;96563;2.23;0.24;0.34;0.37
1991;9;19;262;19.9;14.2;8.3;11.3;9.1;6.4;0.3;0.2;0.14;2.4;2.7;0;549;164;110;76;96522;2.17;0;0.33;0.37
1991;9;20;263;21;15.2;9.7;15.1;12.4;8.8;0.5;0.9;0.14;2.3;2.7;0;544;145;104;59;96219;1.88;8.22;0.33;0.37
1991;9;21;264;17.7;14.7;12.5;12.3;11;9.9;-0.2;-0.6;0.14;2.3;2.7;0;400;123;83;48;96566;1.95;0.13;0.34;0.37
1991;9;22;265;22;17.3;13.4;15.5;13.9;11.6;0.1;2.1;0.14;2.3;2.7;0;492;143;94;62;96118;1.89;0.01;0.34;0.37
1991;9;23;266;16.3;14.2;11;14.1;11;5.1;1.6;-1.5;0.14;2.3;2.7;0;123;34;91;47;95995;1.1;6.38;0.34;0.37
1991;9;24;267;18.7;13.6;8.5;10.8;8.2;5.1;0.9;1.2;0.14;2.2;2.7;0;343;110;92;66;96506;1.61;0;0.34;0.37
1991;9;25;268;18.8;14.4;10.3;10.4;9.5;8.3;0.1;3.4;0.14;2.2;2.7;0;537;157;106;83;96118;2.08;0;0.34;0.37
1991;9;26;269;22;16.8;11.3;14.3;12.2;8.8;1.4;4.7;0.14;2.2;2.7;0;518;138;87;70;95289;1.97;0;0.33;0.37
1991;9;27;270;18.6;14.9;10.6;14.5;11.8;7.2;0.8;-0.3;0.14;2.1;2.7;0;366;92;66;46;95385;2.38;8.28;0.34;0.37
1991;9;28;271;17.2;13.3;10.3;10.2;7.8;5.6;0.7;1.7;0.14;2.1;2.6;0;490;137;105;61;95697;2.29;0.97;0.34;0.37
1991;9;29;272;21.2;16.9;12.5;14;11.7;8.8;0.6;4.9;0.14;2.1;2.6;0;506;142;89;71;95418;2.09;0;0.34;0.37
1991;9;30;273;24.1;20.1;15.3;15.7;14.5;12.4;1;3.7;0.14;2.1;2.6;0;503;133;96;63;95314;2.22;3.5;0.33;0.37
1991;10;1;274;17.2;14.7;12.3;12.6;10.7;9.7;0.4;0.4;0.14;2;2.6;0;266;72;63;36;95990;1.69;6.34;0.34;0.37
1991;10;2;275;14.6;12;9.8;11.2;6.3;3;2.9;-2.2;0.14;2;2.6;0;386;94;107;68;96350;1.95;2.91;0.34;0.37
1991;10;3;276;14;10.5;7.4;4.8;3.3;1.3;1.6;-3.3;0.14;2;2.6;0;465;128;103;79;97450;1.78;0.01;0.34;0.37
1991;10;4;277;15.1;9.6;4.8;6.9;4.9;2.9;0.1;0.5;0.14;2;2.6;0;504;142;121;85;97504;1.48;0;0.34;0.37
1991;10;5;278;14.4;9.5;4.3;5.8;4.2;2.9;0.1;2.7;0.14;1.9;2.6;0;514;144;124;90;96875;1.56;0;0.34;0.37
1991;10;6;279;16.6;11.4;7.5;10;7.6;4.7;0.2;2.6;0.14;1.9;2.6;0;499;138;113;83;96356;1.32;0;0.34;0.37
1991;10;7;280;19;13.2;7.5;12.1;9.6;6.6;-0.5;1.6;0.14;1.9;2.6;0;483;134;108;71;96406;1.41;0;0.33;0.37
1991;10;8;281;16.4;13;10.6;12.9;10.7;8.9;-1;0.8;0.14;1.9;2.6;0;252;61;50;29;96124;0.84;16.02;0.34;0.37
1991;10;9;282;14.7;12.2;10;11.4;9.8;8.5;-0.1;1.6;0.14;1.8;2.6;0;311;66;60;27;96342;1.1;0.71;0.35;0.37
1991;10;10;283;15.5;12.1;8.6;10.5;9.4;7.9;0;-0.9;0.14;1.8;2.6;0;369;80;72;37;96825;0.88;0.08;0.35;0.37
1991;10;11;284;14.3;12.4;10.6;11;10.3;9.8;-0.9;1.7;0.14;1.8;2.6;0;188;44;33;17;96394;0.71;0.85;0.35;0.37
1991;10;12;285;18.9;14.7;10.6;13;11.7;10;-0.3;3.3;0.14;1.8;2.6;0;413;94;78;44;95566;1.33;0.43;0.35;0.37
1991;10;13;286;18.7;14.9;11.2;13.5;10.8;8;1.1;3.2;0.14;1.7;2.6;0;431;112;102;66;95398;1.41;0;0.34;0.37
1991;10;14;287;17.5;13;8.5;10;8.3;7.4;0.7;1.8;0.14;1.7;2.6;0;446;113;106;73;95776;1.34;0.04;0.34;0.37
1991;10;15;288;17.8;13.9;10.7;12.6;10.5;8.1;0.7;1.7;0.14;1.7;2.6;0;330;82;82;59;95891;0.88;0.11;0.34;0.37
1991;10;16;289;17.2;12.2;7.4;11.9;10;6.9;1;0.1;0.14;1.7;2.6;0;382;91;81;61;96177;1.03;7.73;0.34;0.37
1991;10;17;290;17.1;11.7;5.7;11;7.3;4.9;1;1.6;0.13;1.7;2.6;0;440;105;106;67;95655;1.34;0;0.35;0.37
1991;10;18;291;10.2;8.9;6.3;8.7;7.2;5.2;0.5;0.6;0.13;1.6;2.6;0;71;15;64;29;95439;0.49;11.82;0.35;0.37
1991;10;19;292;8.5;6.9;5.1;5.5;4.8;3.4;0.8;0.2;0.13;1.6;2.6;0;132;31;36;28;95750;1.05;5.36;0.36;0.37
1991;10;20;293;7.9;5.5;3.1;3.2;0.5;-1.7;1.9;-3.6;0.13;1.6;2.6;0;228;54;79;45;95898;1.19;0.46;0.36;0.37
1991;10;21;294;6.7;4.1;1.3;0;-1.5;-3.5;0.5;-3.5;0.13;1.6;2.6;0;386;91;101;65;96416;0.94;0.41;0.36;0.37
1991;10;22;295;5.5;3.4;1.9;-0.4;-2.2;-3.8;1.8;-3.7;0.13;1.6;2.6;0.08;294;63;80;52;96726;0.9;0.36;0.36;0.37
1991;10;23;296;5.9;3.5;1.3;0.8;-1.6;-4.6;2.7;-1.3;0.13;1.6;2.6;0.08;202;38;79;49;96847;0.55;0.48;0.36;0.37
1991;10;24;297;6;4.1;1.4;3.4;1.2;-0.4;2.1;-2.1;0.13;1.6;2.6;0.14;230;54;60;34;96843;1.13;2.95;0.36;0.37
1991;10;25;298;5.6;3.2;-1.5;4.4;-0.8;-5.3;0.4;-3.3;0.13;1.6;2.6;0.13;297;58;93;48;96949;1.26;4.24;0.36;0.37
1991;10;26;299;3.4;0.3;-2;-3.1;-4.2;-5.4;-0.5;0.8;0.13;1.6;2.6;0.18;367;84;94;67;97182;0.5;0;0.36;0.37
1991;10;27;300;3;0.2;-1.6;-3.6;-5.1;-6.1;-0.7;2.5;0.13;1.6;2.6;0.17;349;85;91;66;97131;0.6;0;0.36;0.37
1991;10;28;301;3.2;0;-2.4;-3.2;-4.3;-5.6;-0.6;1.6;0.13;1.5;2.6;0.15;361;87;94;74;97062;0.52;0;0.36;0.37
1991;10;29;302;3.6;0;-2.7;-1.8;-3.4;-4.7;0;0.2;0.13;1.5;2.6;0.09;335;86;101;74;97320;0.42;0;0.36;0.37
1991;10;30;303;2.6;-0.5;-2.7;-1.7;-3.6;-4.4;-0.3;2.2;0.13;1.5;2.6;0.06;286;71;84;57;97147;0.4;0;0.36;0.37
1991;10;31;304;2.7;-0.5;-3.3;-2.6;-3.3;-4.6;-0.7;1.8;0.13;1.5;2.6;0.05;327;80;88;61;97315;0.38;0;0.36;0.37
1991;11;1;305;3.8;0.6;-1.5;-1.8;-2.7;-3.3;-0.1;3.3;0.13;1.5;2.6;0.05;290;80;104;72;97536;0.46;0;0.36;0.37
1991;11;2;306;5.1;1.3;-1.4;-0.7;-2;-3.7;0.2;3.1;0.12;1.5;2.6;0.05;354;87;97;65;96919;0.47;0;0.36;0.37
1991;11;3;307;10.1;4.5;-0.3;3.6;1.3;-1.4;0.2;2.5;0.12;1.5;2.6;0.05;353;86;102;65;96036;0.53;0;0.36;0.37
1991;11;4;308;12.9;8.2;4.5;10;6.4;2.3;1.4;2;0.12;1.5;2.6;0.02;267;41;75;33;94826;0.82;19.48;0.36;0.37
1991;11;5;309;9.8;5.5;2;3.8;1.7;0;1.1;-0.2;0.12;1.5;2.6;0.23;250;55;92;45;95219;0.75;2.06;0.37;0.37
1991;11;6;310;8.1;4.1;0.6;2.7;0.6;-1.2;1.4;-1.4;0.12;1.4;2.6;0.18;290;67;84;56;96391;0.63;0.54;0.37;0.37
1991;11;7;311;7;3;-2.5;-0.5;-1.8;-4.1;1.1;1.1;0.12;1.4;2.6;0.14;328;69;96;59;96933;0.65;0.44;0.37;0.37
1991;11;8;312;12.2;5.9;1.8;5.5;2.6;-0.7;1;1.1;0.12;1.4;2.6;0.09;318;60;93;45;96525;0.56;0.17;0.37;0.37
1991;11;9;313;10.8;5.8;1.7;5.5;3.4;1.1;0.6;-0.4;0.12;1.4;2.6;0.05;295;69;93;45;95906;0.73;5.42;0.37;0.37
1991;11;10;314;5.9;3;-0.8;2.2;-1.3;-2.8;1.9;-2.6;0.12;1.4;2.6;0.05;266;58;99;60;96656;0.91;0.35;0.38;0.37
1991;11;11;315;6.8;2.1;-2.6;-1.5;-2.8;-4.2;1.2;2.4;0.12;1.4;2.6;0.05;337;78;107;75;96936;0.59;0;0.37;0.37
1991;11;12;316;8;3.1;-1.1;1.4;-1;-3.7;0.3;1.2;0.12;1.4;2.6;0.05;248;59;93;66;96570;0.32;0.01;0.37;0.37
1991;11;13;317;10.7;6.6;1.4;5.5;3.1;-0.2;1.8;4.7;0.12;1.4;2.6;0.02;330;70;97;75;95593;0.56;0;0.37;0.37
1991;11;14;318;10.5;7.4;3.1;8.5;4.6;-0.6;1.2;2.4;0.12;1.4;2.6;0.07;141;28;84;40;95208;0.95;12;0.37;0.37
1991;11;15;319;8.7;5.1;0;3.5;1.3;-2.5;1.3;3.2;0.12;1.3;2.6;0.18;288;67;90;65;95402;0.7;0.02;0.38;0.37
1991;11;16;320;6.5;5.3;3.7;5.6;4.4;2.9;0.1;-0.9;0.12;1.3;2.6;0.05;80;16;57;16;94983;0.34;21.83;0.38;0.37
1991;11;17;321;5.3;4.2;2.5;5;0.1;-1.7;3.1;-3.7;0.11;1.4;2.6;0.05;183;33;38;19;94862;1.02;1.52;0.4;0.37
1991;11;18;322;5.8;2.1;-1.1;-0.6;-2.4;-3.4;1.2;-1.2;0.11;1.4;2.6;0.05;314;72;110;76;95779;0.57;0;0.4;0.37
1991;11;19;323;7.6;2.6;-1.2;2.1;-0.4;-3.2;0.2;0.8;0.11;1.4;2.6;0.05;234;58;99;56;95571;0.33;0.66;0.4;0.37
1991;11;20;324;5.6;4.5;2;5.3;4.2;1.5;-0.5;1;0.11;1.4;2.6;0.05;57;13;16;1;95513;0.18;6.09;0.4;0.37
1991;11;21;325;5.1;3.6;1.5;4.9;2.4;0.5;1.1;-3.3;0.11;1.4;2.6;0.14;132;24;27;7;96037;1.11;5.16;0.4;0.37
1991;11;22;326;2.2;1.6;0.9;0.5;0.1;-0.2;1.6;-3;0.16;1.4;2.6;3.03;40;8;11;4;96314;0.82;16.18;0.41;0.37
1991;11;23;327;3.9;1.9;0.8;0.9;0.3;-0.2;0.2;0;0.17;1.4;2.6;3.86;113;21;32;20;96786;0.29;0.55;0.41;0.37
1991;11;24;328;3.6;2;0.3;3.1;1.4;0;-0.2;-1.1;0.16;1.4;2.6;3.29;122;22;38;10;96559;0.23;4.17;0.41;0.37
1991;11;25;329;6.7;5.2;3.7;5.6;4.6;3.1;0.6;-0.6;0.14;1.4;2.6;2.15;72;13;17;1;96240;0.14;1.72;0.41;0.37
1991;11;26;330;8.1;5.8;4.2;5.8;5;3.8;0.2;0.6;0.13;1.4;2.6;1.32;108;18;40;10;96965;0.19;0.24;0.41;0.37
1991;11;27;331;8.3;4.1;-0.8;4.4;2.8;-1.1;0.4;1.3;0.13;1.4;2.6;0.89;198;44;83;47;97426;0.33;0;0.41;0.37
1991;11;28;332;6.4;2.3;-1.2;2.5;0.2;-2.3;0.4;0;0.12;1.4;2.6;0.66;193;43;74;45;97324;0.21;0.02;0.41;0.37
1991;11;29;333;5.6;2.3;-0.3;2.4;0.9;-1.3;-0.1;-0.4;0.12;1.4;2.6;0.54;252;49;81;43;97350;0.25;0.09;0.41;0.38
1991;11;30;334;2.8;1.3;0.2;0.7;0;-0.5;-0.7;0.5;0.12;1.4;2.6;0.46;180;38;50;29;97242;0.2;0.12;0.4;0.38
1991;12;1;335;2.6;1.1;0.1;-0.4;-0.7;-1.3;-0.7;1;0.12;1.4;2.6;0.52;142;28;45;25;97430;0.18;0.13;0.4;0.38
1991;12;2;336;4;0.8;-2;-0.9;-1.5;-2.9;0.1;2.5;0.12;1.4;2.6;0.51;249;52;82;67;97451;0.25;0;0.4;0.38
1991;12;3;337;2.8;-0.9;-3.3;-0.9;-2.6;-4.4;0.4;0.2;0.12;1.4;2.6;0.43;207;45;75;58;97379;0.18;0;0.4;0.38
1991;12;4;338;3.4;-0.7;-3.3;-1;-3.3;-4.7;0.8;-0.4;0.12;1.4;2.6;0.38;247;50;94;60;96953;0.14;0;0.4;0.38
1991;12;5;339;3.2;0.4;-1.3;-2;-3.5;-4.8;2.6;-2.9;0.12;1.4;2.6;0.49;197;41;86;63;96520;0.31;0.64;0.39;0.38
1991;12;6;340;-0.1;-1.6;-2.8;-4.8;-5.9;-7.8;1.5;-4.3;0.13;1.4;2.6;1.3;235;48;89;74;97137;0.33;1.4;0.39;0.38
1991;12;7;341;-0.2;-1.6;-2.4;-3.3;-5.1;-7.3;1.2;-3.9;0.18;1.4;2.6;4.36;210;43;85;56;97242;0.24;4.35;0.39;0.38
1991;12;8;342;-2.5;-6;-12;-4.5;-9.5;-15.8;0.1;-2.8;0.22;1.4;2.6;6.53;200;31;88;59;97351;0.15;0.64;0.39;0.38
1991;12;9;343;-6.9;-10.7;-13.1;-15.8;-17;-18.4;1.5;-3.3;0.22;1.4;2.6;6.62;242;52;106;90;97839;0.2;0;0.39;0.38
1991;12;10;344;-4.6;-9.4;-14.2;-12.1;-16.1;-20.5;1.2;-1.9;0.22;1.4;2.6;6.46;238;50;101;76;98395;0.1;0;0.39;0.38
1991;12;11;345;-0.6;-5.8;-11.3;-4.5;-8.8;-13.1;0.8;0.1;0.21;1.4;2.6;6.36;160;33;90;48;98481;0.05;0;0.39;0.38
1991;12;12;346;-0.6;-7;-11.3;-6.2;-10.6;-14.1;1;-0.2;0.21;1.4;2.6;6.22;211;42;97;59;98342;0.07;0;0.39;0.38
1991;12;13;347;3;-5.6;-10.5;-5;-10.3;-14.5;1.3;0.4;0.2;1.4;2.6;5.9;229;49;111;67;98186;0.05;0;0.39;0.38
1991;12;14;348;4.3;-3.9;-9.5;-4.6;-9.5;-14.1;1.7;0.2;0.2;1.4;2.6;5.46;235;49;108;67;97742;0.05;0;0.39;0.38
1991;12;15;349;4.5;-3.4;-7.5;-4.7;-8.8;-12.2;1.3;0.5;0.19;1.4;2.6;4.98;234;49;113;70;97566;0.04;0;0.38;0.38
1991;12;16;350;2.1;-4.5;-8.1;-4.6;-8.7;-12.5;1;0.7;0.18;1.4;2.6;4.62;224;48;102;64;97313;0.04;0;0.38;0.38
1991;12;17;351;0.7;-3.7;-7;-4.9;-7.5;-10.6;0.4;0.9;0.18;1.4;2.6;4.5;199;41;89;43;97178;0.04;0.51;0.38;0.38
1991;12;18;352;1.8;-0.5;-4;-1.1;-3.9;-6;1.8;0.3;0.19;1.4;2.6;4.9;86;14;76;28;95881;0.55;2.78;0.38;0.38
1991;12;19;353;3.4;0.4;-1.9;-1;-2.6;-4.8;1.7;0.7;0.21;1.4;2.6;6.41;207;40;92;51;95861;0.24;8.91;0.38;0.38
1991;12;20;354;3.5;0.9;-0.8;1;-1.6;-4.1;1.7;-1.1;0.28;1.3;2.6;10.53;48;10;55;26;94806;0.44;4.23;0.39;0.38
1991;12;21;355;1.9;-1;-5.7;-3.4;-5.4;-8.7;1.7;-0.9;0.27;1.3;2.6;10.17;204;42;100;63;95243;0.45;2.39;0.39;0.38
1991;12;22;356;4.5;1.3;-0.5;3;-0.4;-3;1;-0.8;0.33;1.3;2.6;13.68;105;21;50;17;95173;0.14;8.27;0.39;0.38
1991;12;23;357;5.4;1.7;-0.8;3.4;0.7;-1.9;0.9;1.4;0.33;1.3;2.6;13.89;104;17;67;26;96396;-0.24;8.49;0.4;0.38
1991;12;24;358;4.9;1;-2;2.1;-2.2;-3.8;2.5;-1.8;0.3;1.3;2.6;11.78;151;32;91;57;96696;0.46;0.56;0.4;0.38
1991;12;25;359;1.3;-0.3;-2;-3;-4.4;-6.7;2.2;-4.6;0.28;1.3;2.6;11.08;171;36;86;75;97601;0.6;0.87;0.4;0.38
1991;12;26;360;0.2;-1.3;-3.8;-3.2;-5.5;-7.3;1.3;0.2;0.28;1.3;2.6;11.35;124;25;79;43;97089;0.33;1.31;0.4;0.38
1991;12;27;361;3.3;1.7;0.2;0.6;-1.2;-2.8;3.3;-3.1;0.3;1.3;2.6;12.18;97;16;66;37;95651;0.56;6.7;0.4;0.38
1991;12;28;362;0.3;-0.7;-2.7;-2.6;-3.7;-6;1.8;-5.6;0.31;1.3;2.6;14.07;164;34;75;59;97134;0.63;1.87;0.4;0.38
1991;12;29;363;2.1;-2.2;-5.4;-3.9;-6.5;-8.7;1.4;-1.3;0.31;1.3;2.6;14.07;185;39;96;59;97942;0.18;0;0.4;0.38
1991;12;30;364;3.5;0.7;-3;-1.4;-3.9;-7.6;2.3;-2.6;0.3;1.3;2.6;13.34;156;32;86;50;97895;0.38;0;0.4;0.38
1991;12;31;365;1.9;0.3;-2;-2.8;-3.7;-4.4;1.6;-4.2;0.28;1.3;2.6;12.69;165;34;79;55;97778;0.57;0.18;0.4;0.38
1992;1;1;1;2.5;-2.2;-6.2;-1.8;-5.1;-8.3;1;0.7;0.27;1.3;2.6;12.06;204;43;100;60;97807;0.11;0;0.4;0.39
1992;1;2;2;6.7;-0.1;-3.4;0.8;-4.3;-7.1;1.4;0.6;0.26;1.3;2.6;10.73;212;45;102;56;97664;0.06;0;0.4;0.39
1992;1;3;3;8.2;1;-3.9;2.4;-3.6;-6.9;1.3;0.1;0.23;1.3;2.6;9.09;226;48;111;62;97582;0.03;0;0.4;0.39
1992;1;4;4;5.7;-0.5;-3.9;-0.9;-4.8;-7.1;1.4;0.8;0.21;1.2;2.6;7.85;227;48;103;64;97265;0.09;0;0.4;0.39
1992;1;5;5;5.7;1.6;-2.4;1.9;-0.8;-6.9;1.4;0.5;0.2;1.2;2.6;7.26;133;23;50;14;97300;0.08;1.3;0.4;0.39
1992;1;6;6;8.2;4.8;1.4;2;1.2;-0.8;2.2;-0.3;0.18;1.2;2.6;5.6;119;29;57;29;97279;0.15;0.05;0.4;0.39
1992;1;7;7;9.3;2.9;-1.8;4.3;0.9;-2.6;1.2;0.7;0.16;1.2;2.5;3.85;242;52;97;50;97010;0.15;0;0.4;0.39
1992;1;8;8;5.8;1.1;-2;3.3;-0.8;-5.1;1;0.8;0.15;1.2;2.5;3.16;170;40;90;55;96599;0;0;0.4;0.39
1992;1;9;9;5.7;0.9;-2.3;0.2;-3.2;-6.8;1.1;1.3;0.14;1.2;2.5;2.75;223;42;88;51;95827;0.1;0.03;0.4;0.39
1992;1;10;10;3.5;1.2;-1.1;2.4;0.2;-2.5;0.6;-1;0.14;1.2;2.5;2.63;124;24;40;19;96338;0.02;8.21;0.4;0.39
1992;1;11;11;3.9;1.6;-0.3;2.8;1.2;-0.6;0.2;0.9;0.16;1.2;2.5;3.33;71;16;53;11;97260;0.02;0.27;0.4;0.39
1992;1;12;12;5.2;1.1;-2.4;0.1;-1.5;-3.9;1.4;-0.8;0.15;1.2;2.5;2.73;239;51;92;53;97166;0.31;0;0.4;0.39
1992;1;13;13;2.4;0.7;-1;-0.5;-2.1;-3.4;0.4;-2.3;0.14;1.2;2.5;2.48;221;40;75;46;97623;0.24;0.01;0.4;0.39
1992;1;14;14;3.3;0.8;-2.1;-2;-3.4;-4.5;1.7;-0.9;0.14;1.2;2.5;2.43;237;43;91;37;97294;0.3;0.34;0.4;0.39
1992;1;15;15;6.2;3.6;2;0.8;-0.6;-1.9;2.5;-2.6;0.14;1.2;2.5;2.17;170;38;76;44;97123;0.33;0.01;0.4;0.39
1992;1;16;16;6.3;1.9;-1.1;0;-1.9;-4;1.4;-0.9;0.13;1.2;2.5;1.74;253;55;99;66;96904;0.25;0;0.4;0.39
1992;1;17;17;3.9;1.9;-0.7;-1.7;-3.1;-4.4;3.4;-3.5;0.13;1.2;2.5;1.56;229;42;75;49;96732;0.35;0.02;0.4;0.39
1992;1;18;18;3.3;1.5;0;-2.9;-3.4;-4;2.2;-2.1;0.13;1.2;2.5;1.61;183;37;59;38;97109;0.4;0.42;0.4;0.39
1992;1;19;19;5.6;2.9;1;-0.6;-2;-3.8;2.7;-1.3;0.13;1.2;2.5;1.69;215;39;71;42;96300;0.49;1.33;0.39;0.39
1992;1;20;20;1.2;-2.4;-8.2;-0.3;-5.2;-13.1;-0.1;-2.7;0.16;1.2;2.5;3.73;77;18;89;32;96542;0.52;4.41;0.39;0.39
1992;1;21;21;-5.3;-6.9;-9.1;-9.9;-12.1;-14.3;-0.4;-2.7;0.2;1.2;2.5;5.63;205;41;88;54;97570;0.24;1.39;0.39;0.39
1992;1;22;22;-3.6;-4.8;-6.4;-6.3;-7.4;-9.8;-0.8;0.8;0.26;1.1;2.5;8.75;77;18;35;16;97978;0.13;3.64;0.39;0.39
1992;1;23;23;0.9;-2.3;-4.4;-2.9;-4.8;-6.4;-0.5;2.6;0.29;1.1;2.5;10.13;220;47;86;48;98004;0.2;0.06;0.39;0.39
1992;1;24;24;3.3;-0.6;-2.8;-0.1;-2.3;-4.2;-0.2;2.3;0.27;1.1;2.5;9.41;247;56;89;55;97993;0.01;0;0.39;0.39
1992;1;25;25;4.3;-0.7;-3.4;0;-2.5;-4.3;0.2;1.5;0.25;1.1;2.5;8.17;263;58;101;57;97963;0.09;0.01;0.39;0.39
1992;1;26;26;2.7;-1;-3.3;-1;-3.2;-4.9;0.3;-1.3;0.23;1.1;2.5;7.01;238;53;79;47;97801;0.09;0;0.39;0.39
1992;1;27;27;-0.1;-1.3;-2;-3.4;-3.7;-4;0.2;-2.9;0.22;1.1;2.5;6.59;122;27;41;28;98073;0.16;0.09;0.39;0.39
1992;1;28;28;0.1;-1.6;-2.8;-4.2;-4.8;-5.6;0.5;-2.6;0.22;1.1;2.5;6.57;181;42;75;40;98212;0.18;0.05;0.39;0.39
1992;1;29;29;6.5;2.7;-1.1;1;-1.4;-5.3;1.3;-2.8;0.2;1.1;2.5;5.83;248;59;91;47;97820;0.36;0.38;0.39;0.39
1992;1;30;30;4.1;2.7;1.5;-0.5;-1.7;-2.7;1.5;-4.9;0.18;1.1;2.5;4.67;284;62;84;57;97521;0.58;0.03;0.39;0.39
1992;1;31;31;5.9;3.5;2.1;0.9;0.2;-0.8;1.4;-3.8;0.17;1.1;2.5;3.63;209;39;51;30;97406;0.35;0.24;0.39;0.39
1992;2;1;32;2.7;0.9;-2.2;-0.2;-1.5;-3;0.6;-2.2;0.15;1.1;2.5;2.83;201;41;61;33;97519;0.33;0.34;0.39;0.39
1992;2;2;33;6.6;1.5;-1.5;0.8;-1.5;-3.1;0.8;-0.1;0.15;1.1;2.5;2.44;282;66;95;56;97076;0.3;0;0.39;0.39
1992;2;3;34;7.2;1.7;-3.1;0.3;-2.2;-4.6;1.6;0.1;0.14;1.1;2.5;1.95;286;56;88;50;96218;0.3;0.17;0.39;0.39
1992;2;4;35;4;1.3;-0.3;-3.4;-5.1;-6.9;3.6;-1.9;0.14;1.1;2.5;1.78;335;77;96;76;95626;0.6;0.15;0.39;0.39
1992;2;5;36;3.7;1.4;-0.4;1.2;-2.7;-5.1;2.5;-2.1;0.15;1.1;2.5;2.69;197;45;74;41;95832;0.51;8.4;0.39;0.39
1992;2;6;37;6.1;4.5;2.6;2.4;1.5;0.1;3.1;-3.3;0.17;1.1;2.5;3.92;173;33;55;23;96567;1.09;7.56;0.4;0.39
1992;2;7;38;8.4;5.7;4.4;2.8;1.7;0.1;2.7;-2.8;0.14;1.1;2.5;2;289;60;75;52;97254;0.47;0.12;0.4;0.39
1992;2;8;39;9.5;4.7;-1.3;3.1;1.3;-2.3;0.9;-0.7;0.13;1.1;2.5;1.05;345;78;102;63;97448;0.42;0;0.4;0.39
1992;2;9;40;8.2;2.5;-1.6;3;0.3;-2.5;0.2;1.1;0.13;1.1;2.5;0.71;324;78;95;67;96879;0.34;0;0.4;0.39
1992;2;10;41;7.1;2.3;-2.1;2.1;0;-2.5;0.7;-0.2;0.12;1.1;2.5;0.51;273;59;77;40;96500;0.26;0.27;0.4;0.39
1992;2;11;42;8.2;2.8;-2.7;-0.6;-2.3;-4.6;1.4;1.4;0.12;1.1;2.5;0.44;381;83;108;54;96576;0.61;0.04;0.39;0.39
1992;2;12;43;8.2;4.6;1;2.1;0.9;-0.8;0.8;0.8;0.12;1.1;2.5;0.32;199;36;35;21;96283;0.22;0.03;0.39;0.39
1992;2;13;44;12.2;6.4;1.6;4.4;2.6;0.3;0.9;2;0.12;1.1;2.5;0.18;386;96;109;67;95712;0.58;0;0.39;0.39
1992;2;14;45;8.5;5.2;-0.4;3.5;1.2;-2.2;2.1;-1.8;0.12;1.1;2.5;0.08;227;53;90;40;96371;0.86;1.36;0.39;0.39
1992;2;15;46;9.5;4;-2.2;1;-0.6;-3.7;1.5;1.9;0.12;1.1;2.5;0.04;392;97;108;62;96626;0.63;0.01;0.39;0.39
1992;2;16;47;7.8;4.5;1.2;3.1;-1;-4.3;1.7;-0.7;0.12;1.1;2.5;0.03;323;78;97;45;95967;0.8;1.31;0.39;0.39
1992;2;17;48;3.3;0.2;-3.4;-2.8;-4.7;-9.4;1.5;-2.9;0.12;1.1;2.5;0.58;386;89;93;64;95779;0.8;2.04;0.39;0.39
1992;2;18;49;-0.9;-3.1;-4.7;-8.7;-10.6;-12.6;1.6;-4.8;0.14;1.1;2.5;1.63;389;98;96;88;96785;0.54;0.48;0.39;0.39
1992;2;19;50;-0.2;-2.9;-5.1;-9.2;-10.4;-11.9;2.8;-3.4;0.14;1.1;2.5;1.8;361;95;99;86;97298;0.27;0.14;0.39;0.39
1992;2;20;51;0.8;-1.8;-3.6;-7.1;-8.6;-10.6;2.1;-2.8;0.14;1.1;2.5;1.86;310;79;85;73;97043;0.16;0.21;0.39;0.39
1992;2;21;52;2.1;-0.3;-2.5;-1.3;-4.7;-7.5;2.5;-3.4;0.16;1.1;2.5;3.19;247;67;81;45;96902;0.24;5.5;0.38;0.39
1992;2;22;53;3.5;0.2;-2.2;0.1;-1.3;-3.4;0.3;-1.8;0.28;1.1;2.5;10.08;239;49;62;28;97422;0.32;6.02;0.38;0.39
1992;2;23;54;6.6;2.4;-3.8;-0.3;-2.5;-4.9;2.2;-0.3;0.27;1.1;2.5;9.29;210;47;62;34;97117;0.64;0.09;0.39;0.39
1992;2;24;55;7.2;3.5;-1.3;-0.7;-2.3;-4.2;2.1;-3.2;0.22;1.1;2.5;6.56;410;105;116;79;97386;0.95;0;0.39;0.39
1992;2;25;56;9;2.4;-2.7;-0.3;-2.4;-4.7;0;2.3;0.2;1.1;2.5;4.74;418;107;111;71;97202;0.64;0;0.39;0.39
1992;2;26;57;9.1;2.6;-2.2;1.8;-1.3;-3.9;-0.1;1.3;0.17;1.2;2.5;3.21;418;110;102;68;97349;0.57;0;0.39;0.39
1992;2;27;58;10.8;4;-2;4.2;0.5;-3.5;0.3;0;0.15;1.2;2.5;2.04;448;120;116;72;97713;0.56;0;0.39;0.39
1992;2;28;59;11.2;4.4;-1.9;5.1;1.3;-2.8;0.7;-0.8;0.14;1.2;2.5;1.16;457;123;112;73;97772;0.63;0;0.39;0.39
1992;2;29;60;13.1;5.4;-1.9;5.4;1.1;-3.2;0.8;-0.2;0.13;1.2;2.5;0.62;469;127;120;74;97730;0.77;0;0.39;0.39
1992;3;1;61;13.5;5.6;-0.9;4.4;1.4;-2;0.6;1.4;0.13;1.2;2.5;0.31;481;131;124;80;97361;0.87;0;0.38;0.39
1992;3;2;62;13.2;5.9;-1.9;4.7;1.5;-2.7;0.7;0;0.13;1.2;2.5;0.16;485;134;124;77;97010;0.95;1.13;0.38;0.39
1992;3;3;63;11.2;6;1.9;1;-1.7;-3.6;2.4;-1;0.12;1.2;2.5;0.08;485;134;122;76;97395;1.4;0.13;0.38;0.39
1992;3;4;64;14.2;8.6;3.3;3.7;1.4;-2.7;2.1;-1.8;0.12;1.2;2.5;0.02;494;136;121;80;97434;1.21;0;0.38;0.39
1992;3;5;65;12.4;6;0.3;4.2;2.1;-1;-0.1;0;0.12;1.2;2.5;0;494;137;122;80;97556;0.97;0;0.38;0.39
1992;3;6;66;11.8;6.9;2;6.2;3.5;0.4;0.3;-0.1;0.12;1.2;2.5;0;490;114;112;53;97177;0.75;1.64;0.38;0.39
1992;3;7;67;6.5;4.2;1.8;4.6;2.9;0.9;0.1;-0.8;0.12;1.2;2.5;0;235;50;55;33;97636;0.83;2.64;0.38;0.39
1992;3;8;68;7;2.5;-1.8;0.4;-2.6;-4.4;-0.7;2.3;0.13;1.2;2.5;0;533;150;129;89;97976;1.06;0;0.38;0.39
1992;3;9;69;9.1;3.1;-2;-0.8;-2.8;-4.3;0;1.8;0.13;1.2;2.5;0;532;151;129;91;98163;1.01;0;0.38;0.39
1992;3;10;70;7.7;2.8;-1.3;-1.8;-3;-4;0.4;3.2;0.13;1.3;2.5;0;533;152;120;89;97962;1.01;0;0.38;0.39
1992;3;11;71;8.5;3.3;-1;1.5;-2.7;-4.8;1.2;1.2;0.13;1.3;2.5;0;460;119;94;82;96944;1.13;1.59;0.37;0.39
1992;3;12;72;9.9;4.3;-2.4;-2;-4;-5.5;1.9;1.6;0.13;1.3;2.5;0;485;133;108;72;96418;1.14;0.04;0.37;0.39
1992;3;13;73;8.7;5.9;2.8;1.3;-0.9;-4;1.6;2.3;0.13;1.3;2.6;0;125;38;59;35;94992;0.52;0.04;0.37;0.39
1992;3;14;74;6.3;4.4;1.4;3;-1.2;-6.7;2.3;-0.7;0.13;1.3;2.6;0.15;449;96;89;49;95111;1.25;4.87;0.37;0.39
1992;3;15;75;8;3.1;0.7;1.8;-1.1;-3.8;2;-0.6;0.14;1.3;2.6;0.67;401;107;89;48;95536;1.3;2.71;0.37;0.39
1992;3;16;76;5.4;1.8;-0.8;-1.8;-4.1;-6.3;2.5;-3.4;0.14;1.3;2.6;0.69;485;134;105;80;96570;1.19;1.04;0.37;0.39
1992;3;17;77;4.2;0.9;-2.5;-4.1;-5.5;-6.5;0.7;-3.2;0.14;1.3;2.6;0.95;376;116;90;75;97485;0.88;0.12;0.37;0.39
1992;3;18;78;6.2;1.5;-2.7;-1.9;-3.8;-6.6;0.2;-1.3;0.14;1.4;2.6;0.85;449;104;75;54;97193;0.69;0.15;0.37;0.39
1992;3;19;79;8.5;3;-3.1;-3.5;-4.8;-6.8;1.1;-2.8;0.14;1.4;2.6;0.71;583;173;128;92;96674;1.32;0;0.37;0.39
1992;3;20;80;9;5.1;1;4.3;2.1;-3.3;1;-1.7;0.14;1.4;2.6;0.46;318;81;67;32;96602;0.78;6.4;0.37;0.39
1992;3;21;81;9.5;6.5;4.5;7.9;5.4;3.8;1.1;1.1;0.13;1.4;2.6;0.2;186;42;57;18;96210;0.77;14.8;0.38;0.39
1992;3;22;82;9.3;5.3;1.4;1.6;-0.6;-2.5;1.7;1.2;0.13;1.4;2.6;0.15;559;135;108;52;95853;2.04;4.42;0.39;0.39
1992;3;23;83;7.4;4.5;-0.2;5.7;2.8;-1.4;-0.4;1.8;0.14;1.5;2.6;0.33;346;78;64;33;94679;1.11;3.83;0.39;0.39
1992;3;24;84;13.2;9.4;6.1;8.3;6.9;5.7;-0.2;4.4;0.14;1.5;2.6;0.11;452;108;69;31;94114;1.72;3.91;0.39;0.39
1992;3;25;85;11.4;7.9;3.6;7.9;4.3;-1.4;0.3;0.7;0.14;1.5;2.6;0.01;455;93;85;39;94787;1.49;5.22;0.4;0.39
1992;3;26;86;3.7;2.1;0.7;1.5;0.8;0.4;-0.7;-0.3;0.15;1.5;2.6;1.38;178;45;43;18;94393;0.92;20.22;0.4;0.39
1992;3;27;87;9.3;4.4;-0.4;2.5;0.4;-2.4;0.7;-0.1;0.17;1.5;2.6;2.63;472;118;90;46;93840;1.35;0.98;0.41;0.39
1992;3;28;88;8.8;3;-2.1;-0.2;-3.5;-6;1.6;-0.9;0.16;1.6;2.6;1.61;443;124;99;57;94448;1.51;1.1;0.41;0.39
1992;3;29;89;5.1;1.7;-2.1;-4.1;-5.5;-6.6;2.2;-1.4;0.16;1.6;2.6;1.31;519;162;111;84;94803;1.35;0.65;0.41;0.39
1992;3;30;90;10.5;4.4;-2.4;0.5;-2.2;-6.2;0.5;2.6;0.15;1.6;2.6;0.94;610;166;117;69;94956;1.44;0.04;0.4;0.39
1992;3;31;91;13;8.1;2.8;3.1;2;0.6;1.1;5.1;0.14;1.6;2.6;0.42;514;153;97;70;94364;1.61;0.01;0.4;0.39
1992;4;1;92;12.7;8.6;6;5.3;2;-1.3;0;4.4;0.14;1.6;2.6;0.1;556;141;118;69;94052;1.9;0.99;0.4;0.39
1992;4;2;93;11.9;7;1.4;4.7;2.4;0.1;0.8;0.1;0.14;1.7;2.6;0.02;554;168;120;77;94511;1.79;3.35;0.4;0.39
1992;4;3;94;14.5;8.1;-1.3;4.5;1.3;-2.6;0.9;2.2;0.14;1.7;2.6;0;635;193;136;85;95130;2.18;0.01;0.4;0.39
1992;4;4;95;13.9;9.3;4.7;7.5;5.7;3.8;0.1;-0.2;0.14;1.7;2.6;0;354;108;77;51;95292;1.1;1.05;0.39;0.39
1992;4;5;96;15.2;9.9;5.7;8.7;6.9;4.9;0.2;1.4;0.14;1.7;2.6;0;388;103;80;51;95136;1.41;2.33;0.39;0.39
1992;4;6;97;8.5;5.1;2.2;4.1;0.1;-2.1;1;-3;0.14;1.7;2.6;0.07;451;119;87;46;95412;1.99;2.08;0.39;0.39
1992;4;7;98;9.7;5;0.4;-1.4;-2.3;-3.6;0.6;-2.6;0.15;1.8;2.6;0.05;650;204;125;89;95124;1.92;0;0.39;0.39
1992;4;8;99;8.3;4.8;0.8;2.8;0.2;-2.8;0.3;-2.4;0.15;1.8;2.6;0.03;479;144;87;65;95491;1.45;1.11;0.39;0.39
1992;4;9;100;9.5;5.6;1;0.1;-0.9;-2.1;0.2;-2.3;0.15;1.8;2.6;0;526;163;104;67;96578;1.78;0.01;0.39;0.39
1992;4;10;101;8.8;5.3;1.6;0.9;-1.2;-3.3;-0.4;-3.3;0.15;1.8;2.6;0;553;173;103;77;96586;1.63;0.03;0.39;0.39
1992;4;11;102;10;5.6;-0.2;0;-2.1;-3.7;0.1;-2.9;0.15;1.8;2.6;0;611;201;116;87;96237;1.95;0;0.38;0.39
1992;4;12;103;13.6;8.8;3.3;5;1.4;-0.7;0.9;-1.1;0.15;1.9;2.6;0;554;170;100;70;95983;1.98;0.06;0.38;0.39
1992;4;13;104;14.6;9.8;4.4;6.8;3.9;0.2;1.7;-0.2;0.15;1.9;2.6;0;559;159;90;57;96071;2.12;3.35;0.38;0.39
1992;4;14;105;14.2;9;4.3;4.1;0.4;-2.4;1.8;-0.4;0.15;1.9;2.6;0;547;176;113;77;96305;2.43;0.02;0.38;0.39
1992;4;15;106;14.8;9.4;3.8;4.4;2.2;0.6;1.5;3.2;0.15;1.9;2.6;0;553;188;104;69;95375;2.25;3.54;0.38;0.39
1992;4;16;107;11.5;7.4;4.3;4.2;1.4;-4.7;1.4;-1.6;0.15;2;2.6;0.18;551;150;90;48;95671;2.28;6.55;0.38;0.39
1992;4;17;108;7.6;5;1.4;-0.4;-4.2;-7.5;1.4;-3.7;0.15;2;2.6;0.09;539;170;93;66;96621;1.97;0.05;0.38;0.39
1992;4;18;109;8.5;4.4;0.6;-1.3;-3.7;-7.4;0.8;-3.5;0.15;2;2.6;0.05;494;169;103;78;96637;1.82;0.03;0.38;0.39
1992;4;19;110;13;8.8;2;7.4;4.7;-0.8;2.1;-2.8;0.15;2.1;2.7;0.02;391;120;76;37;96236;1.65;1.63;0.38;0.39
1992;4;20;111;9.4;6.4;3.6;0.2;-3.2;-5.4;1.9;-4.5;0.15;2.1;2.7;0;542;177;98;78;96507;2.29;0.24;0.37;0.39
1992;4;21;112;11.1;5.9;1.5;-0.4;-3.5;-5.4;0.2;-1.1;0.15;2.1;2.7;0;710;234;138;101;96867;2.57;0;0.37;0.39
1992;4;22;113;17.3;9.7;1;8;3.6;-0.9;0.8;0.6;0.15;2.2;2.7;0;686;198;127;67;95828;2.41;0.74;0.37;0.39
1992;4;23;114;14.9;10;6.2;8.9;6.3;4.4;1.5;-0.8;0.15;2.2;2.7;0;447;117;79;50;95483;1.96;5.08;0.37;0.39
1992;4;24;115;16;10.7;5.7;7.3;5.4;4;0.7;-0.2;0.16;2.2;2.7;0;512;173;94;72;96036;2.32;0.57;0.37;0.39
1992;4;25;116;23;15.1;4.7;11.6;8.6;4.2;0.8;1.7;0.16;2.3;2.7;0;681;225;122;82;96375;3.17;0;0.37;0.39
1992;4;26;117;23.8;16.5;9.1;13.6;9.5;7.3;1;-0.4;0.16;2.3;2.7;0;663;212;113;79;96595;3.24;1.51;0.36;0.39
1992;4;27;118;23.3;16.2;9.9;12.5;10.2;7.2;1.1;-0.3;0.16;2.3;2.7;0;600;187;107;67;96301;2.99;4.18;0.36;0.39
1992;4;28;119;18.3;14.2;7.4;10.9;9.2;6.7;0.1;1.9;0.16;2.4;2.7;0;495;166;82;66;96075;2.5;0.01;0.36;0.39
1992;4;29;120;14.2;10;6.5;10.7;6;3.1;1.7;-2.7;0.16;2.4;2.7;0;180;60;54;23;95985;2.28;4.96;0.36;0.39
1992;4;30;121;11.3;8.5;6.1;6.1;5;3.2;1.4;-3.8;0.16;2.4;2.7;0;276;86;66;23;96592;2.48;4.47;0.36;0.39
1992;5;1;122;18.8;13.1;6.8;9.5;7.9;5.1;0.6;2.6;0.16;2.5;2.7;0;662;210;100;66;96306;3.17;1.5;0.36;0.39
1992;5;2;123;18.5;14.4;8.9;10.9;9.4;7.6;0.4;3;0.16;2.5;2.7;0;632;201;99;71;96055;3;0.73;0.36;0.39
1992;5;3;124;17.6;13.5;9.8;11.2;9.8;7.5;0.5;-2.1;0.16;2.6;2.7;0;538;194;91;63;96529;2.7;0.86;0.36;0.39
1992;5;4;125;13.5;10.5;8;7.4;6.4;4.9;0.9;-4.3;0.16;2.6;2.7;0;510;169;76;61;96957;2.13;0.24;0.36;0.39
1992;5;5;126;15.8;11.4;6.3;7.2;5.8;4.1;0.5;-2.4;0.16;2.6;2.7;0;595;195;90;72;96888;2.66;0.02;0.35;0.39
1992;5;6;127;17.6;12.9;7.6;5.6;4.9;4;0.6;-2.6;0.16;2.7;2.7;0;705;223;117;80;96970;3.31;0;0.35;0.39
1992;5;7;128;18.4;13.7;6.8;8.7;6.3;4.5;0.9;-1.7;0.16;2.7;2.7;0;558;171;98;60;96588;2.72;0;0.35;0.39
1992;5;8;129;20.1;15.5;10;11.7;8.4;6.9;1.3;-0.3;0.16;2.7;2.7;0;609;172;99;54;95785;2.79;0.03;0.34;0.39
1992;5;9;130;17.2;13.1;10.1;11.6;8.9;7.2;0.7;-0.5;0.16;2.8;2.7;0;550;140;74;48;95716;2.35;10.58;0.34;0.39
1992;5;10;131;19.1;14;9.5;12.4;11;8.7;0.4;0.5;0.16;2.8;2.7;0;590;165;90;54;95927;2.77;6;0.35;0.39
1992;5;11;132;21.6;14.5;10.1;11.9;9.5;4.2;1.7;0.8;0.17;2.8;2.8;0;535;173;80;49;96103;3.92;4.79;0.35;0.39
1992;5;12;133;15.2;11.5;8;5.9;3.9;2.6;0.7;-1.3;0.17;2.9;2.8;0;496;192;110;80;97276;3.12;0;0.35;0.39
1992;5;13;134;20.7;15;7;11.2;7.5;4.4;0;0.3;0.17;2.9;2.8;0;688;238;116;81;97499;3.65;0;0.35;0.39
1992;5;14;135;21.2;16.4;9.1;12.9;9.5;7.3;-0.2;-0.2;0.17;2.9;2.8;0;657;212;112;72;97541;3.36;0;0.35;0.39
1992;5;15;136;20.8;16.9;11.5;12;9.9;8;-0.7;0;0.17;3;2.8;0;617;216;100;72;97548;3.4;0.03;0.34;0.39
1992;5;16;137;20.9;15.6;10.3;10.5;8.8;7;0.1;-1.6;0.17;3;2.8;0;691;247;119;87;97246;3.79;0;0.34;0.39
1992;5;17;138;18.7;14.6;10.3;10.1;6.8;4.8;1.1;-3.9;0.17;3;2.8;0;700;228;116;74;96939;3.57;0;0.34;0.38
1992;5;18;139;12.7;11.1;9;5.6;3.2;0.1;-0.2;-5.1;0.17;3;2.8;0;621;170;95;51;96739;2.75;0.26;0.33;0.38
1992;5;19;140;15.6;11.7;7.8;6.5;5.4;4.2;-1.2;-2.4;0.17;3;2.8;0;537;176;102;60;97000;2.93;1.85;0.33;0.38
1992;5;20;141;16.8;12.9;8.6;9.9;8.2;6.1;-0.9;0.5;0.17;3;2.8;0;646;195;98;57;97137;2.95;2.44;0.33;0.38
1992;5;21;142;17.5;12.9;7.8;12.5;9.3;6.7;0.1;1.4;0.17;3;2.8;0;598;161;96;58;96813;2.6;2.48;0.33;0.38
1992;5;22;143;21;15.4;7.6;10.8;7.9;6.2;0.2;1;0.17;3;2.8;0;709;250;124;89;96515;3.69;0.03;0.33;0.38
1992;5;23;144;20.7;15.6;10;14;11.1;7.4;-0.2;-0.2;0.17;3;2.8;0;637;210;103;59;96346;3.28;10.16;0.33;0.38
1992;5;24;145;20.1;15.4;9.8;11.8;8.4;6.4;-1.6;-0.1;0.17;3;2.8;0;713;254;125;86;96471;4.11;0;0.33;0.38
1992;5;25;146;18.7;14.1;8.9;6.8;5;2;-1.2;0.6;0.17;3;2.8;0;712;255;125;91;96590;3.76;0;0.33;0.38
1992;5;26;147;18.3;13.3;7.8;7.3;5.5;3.3;-0.7;0.2;0.17;3;2.8;0;718;225;127;81;96465;3.3;0;0.32;0.38
1992;5;27;148;18.1;13.7;7.4;7.9;6.1;4.7;0;-1.3;0.17;3;2.8;0;696;199;118;72;96222;3.02;0;0.32;0.38
1992;5;28;149;17.5;13.1;9.6;7.4;4.5;1.2;0.2;-2.7;0.17;3;2.8;0;691;242;116;81;96242;3.59;0.23;0.32;0.38
1992;5;29;150;16;12.8;8.5;9.4;6.3;2.6;1;-2;0.17;3;2.8;0;403;139;79;57;96012;2.25;1.01;0.31;0.38
1992;5;30;151;18;13.3;7.9;8.3;6.4;5.6;0.5;-2.1;0.17;3;2.8;0;546;189;98;69;96281;2.79;0;0.31;0.38
1992;5;31;152;20.4;15.4;7.9;10.8;8.1;5.4;-0.3;0.1;0.17;3;2.8;0;646;208;104;66;96214;3.04;0.02;0.31;0.38
1992;6;1;153;19.9;16.9;14.1;14.7;13;9.5;-0.9;2.1;0.17;3;2.8;0;521;135;64;36;96020;2.6;8.25;0.31;0.38
1992;6;2;154;23.3;18.9;14.1;16.1;14.7;13.4;-0.6;3.1;0.17;3;2.8;0;474;165;68;46;95865;3.18;1.17;0.31;0.38
1992;6;3;155;22.2;18.5;15;17.3;15.3;13.8;-0.7;0.1;0.17;3;2.8;0;543;144;69;43;95766;2.57;21.8;0.31;0.38
1992;6;4;156;20;17.2;15.4;15.5;13.7;11.3;-0.5;-1;0.17;3;2.8;0;530;136;68;37;95939;2.67;4.82;0.33;0.38
1992;6;5;157;18.7;16;13.4;16.3;14.7;13;-0.6;1.3;0.17;3;2.8;0;292;106;60;35;95968;1.73;8.12;0.33;0.38
1992;6;6;158;18.2;14.8;11.6;14.7;13.1;11.2;-0.1;-0.6;0.17;3;2.8;0;436;148;60;37;95836;2.57;5.55;0.34;0.38
1992;6;7;159;19;15.1;10.1;12.8;10.7;8.1;-0.2;1.2;0.17;3;2.8;0;655;200;95;67;95883;3.53;2.09;0.34;0.38
1992;6;8;160;18;14.5;11.1;13.2;10.8;7.9;-0.3;2.6;0.17;3;2.8;0;483;181;75;59;95337;2.78;2.71;0.34;0.38
1992;6;9;161;18.2;14.6;11.1;12.4;11.6;10.2;1.4;-2.3;0.17;3;2.8;0;424;136;73;38;95326;2.87;3.36;0.34;0.38
1992;6;10;162;18.1;15;11.8;13.3;11.5;10.2;0.7;-1.5;0.17;3;2.8;0;495;162;72;55;95615;2.73;4.05;0.34;0.38
1992;6;11;163;19.6;15.6;12.1;14.4;12.6;10.3;-0.4;0.8;0.17;3;2.8;0;488;168;67;46;95696;2.97;6.65;0.34;0.38
1992;6;12;164;16.3;14.5;12.8;15.1;13.9;12.7;-0.2;-2.2;0.17;3;2.8;0;164;55;31;14;95662;1.36;19.29;0.35;0.38
1992;6;13;165;18.6;15.7;13.5;15.5;14;12.7;0.8;-2.6;0.17;3;2.8;0;378;114;53;28;95842;2.76;18.58;0.36;0.38
1992;6;14;166;20.3;17.3;14.2;13.1;11.5;8.3;2;-4.3;0.17;3;2.8;0;635;200;82;59;96444;4.23;1.03;0.37;0.38
1992;6;15;167;22.1;18.2;14.6;11.3;9.5;8.3;0.8;-3.5;0.17;3;2.8;0;728;268;121;92;96664;4.99;0;0.37;0.38
1992;6;16;168;22.2;18.1;12.4;13.1;11;8.8;0.3;-2;0.17;3;2.8;0;701;257;114;82;96307;4.43;0.06;0.36;0.38
1992;6;17;169;21.9;17.9;15;15.2;13.2;10.8;0.7;-4.3;0.17;3;2.8;0;653;219;91;66;96143;3.96;1.53;0.36;0.38
1992;6;18;170;20;16.6;13.5;11.1;9.9;8.8;0.7;-3.7;0.17;3;2.8;0;624;219;90;69;95906;4;0.01;0.36;0.38
1992;6;19;171;21.7;17.3;12.6;17.1;14;10.5;-0.3;-0.9;0.17;3;2.8;0;631;196;82;55;95735;3.24;6.21;0.36;0.38
1992;6;20;172;24.4;19.6;13.9;17.8;15.5;13.1;0.2;-0.1;0.17;3;2.8;0;642;230;99;63;96006;4.06;1.22;0.36;0.38
1992;6;21;173;24.8;20.4;14.5;16.3;14.6;13.3;0.7;-0.9;0.17;3;2.8;0;708;243;107;74;96053;4.42;0.56;0.35;0.38
1992;6;22;174;25.8;21.1;16.1;17;15;13.2;0.2;0.5;0.17;3;2.8;0;625;221;89;62;96036;4.12;0.22;0.35;0.37
1992;6;23;175;26.5;21.6;15.4;15.5;13.3;11.1;1.9;3.6;0.17;3;2.8;0;658;247;96;76;95531;5;0;0.35;0.37
1992;6;24;176;24.4;19.7;15.4;15.5;13.8;11.9;0.3;-0.4;0.16;3;2.8;0;579;204;97;64;95659;3.91;2.83;0.34;0.37
1992;6;25;177;19.9;17.3;14.7;12.1;10;7.4;0.3;-3.3;0.16;2.9;2.8;0;428;163;80;58;95908;3.49;0.79;0.34;0.37
1992;6;26;178;20.6;16.9;13.5;9.5;7.1;5.7;-0.1;-3.8;0.16;2.9;2.8;0;671;225;107;76;96276;4.22;0;0.34;0.37
1992;6;27;179;18.9;15.8;11.9;8.5;6.6;5.4;-0.1;-3.1;0.16;2.9;2.8;0;580;182;97;68;96585;3.37;0.05;0.33;0.37
1992;6;28;180;20.5;16.5;12.1;9.5;8.1;6.5;0;-1.6;0.16;2.9;2.8;0;582;224;107;77;96811;3.75;0.22;0.33;0.37
1992;6;29;181;22.7;17.8;11.2;13.2;9.2;7.3;-0.1;-0.2;0.16;2.9;2.8;0;584;227;107;81;96742;3.7;0.02;0.33;0.37
1992;6;30;182;24.6;19.2;11.6;11.7;9.6;8.3;0;1.8;0.16;2.9;2.8;0;717;248;118;87;96446;4.11;0;0.32;0.37
1992;7;1;183;25.7;20.3;13.2;11.9;10.4;8.8;-0.3;2.4;0.16;2.9;2.8;0;718;263;119;88;95990;4.37;0;0.32;0.37
1992;7;2;184;25.5;20.3;13.6;14.2;11.9;9.1;0.2;0.5;0.16;2.9;2.8;0;678;240;115;82;96013;3.84;0.03;0.32;0.37
1992;7;3;185;25.3;20.5;15.8;15.9;14.3;13.3;1.2;-1.5;0.16;2.9;2.8;0;595;221;90;66;96263;3.61;0.72;0.31;0.37
1992;7;4;186;27.4;21.6;14.7;15.5;12.8;9.3;0.7;2.1;0.16;2.9;2.7;0;700;253;115;79;95730;4.23;0;0.31;0.37
1992;7;5;187;21.5;17.4;15;15.4;14.4;13.2;-0.3;1.9;0.16;2.9;2.7;0;561;139;74;45;95529;2.82;6.63;0.31;0.37
1992;7;6;188;22.5;17.9;13.8;13.9;12.4;10.7;0.7;2;0.16;2.8;2.7;0;584;192;96;66;95765;3.18;0.17;0.31;0.37
1992;7;7;189;20.2;17;13.2;14.8;12.8;11;1.1;-1.2;0.16;2.8;2.7;0;518;161;74;56;96020;3.07;9.93;0.31;0.37
1992;7;8;190;22.4;18.1;14.5;13.1;11;8.6;0.1;-2.8;0.16;2.8;2.7;0;641;219;108;71;96497;3.75;0.34;0.31;0.37
1992;7;9;191;22.3;17.8;11.9;11.7;10.5;8.5;-1;0.8;0.16;2.8;2.7;0;675;227;113;75;96437;3.41;0.04;0.31;0.37
1992;7;10;192;22;18.2;14;13.3;11.8;10.4;-0.5;1.8;0.16;2.8;2.7;0;609;194;94;60;95842;3.08;0.39;0.31;0.37
1992;7;11;193;23.2;18.4;13.2;16.2;14.2;12.3;-0.1;0.6;0.16;2.8;2.7;0;636;197;92;58;95718;3.22;9.23;0.31;0.37
1992;7;12;194;18.2;16.1;14;13;12.3;11.1;1.1;-1.7;0.16;2.8;2.7;0;253;92;63;25;95812;2.55;6.6;0.32;0.37
1992;7;13;195;20.3;17.4;14.6;11.8;11;9.5;2.1;-3.7;0.16;2.8;2.7;0;530;164;77;50;96303;3.37;0.9;0.32;0.37
1992;7;14;196;24.1;19.3;13.9;12.9;10.8;9.3;1.2;-1.7;0.16;2.8;2.7;0;637;213;104;70;96484;3.78;0;0.31;0.37
1992;7;15;197;21.5;18.5;15.7;15;13.7;12.2;1.7;-1.8;0.16;2.8;2.7;0;521;162;82;49;96446;3;4.63;0.31;0.37
1992;7;16;198;20.9;17.9;13.9;15;12.4;10.9;-0.1;0;0.16;2.8;2.7;0;504;150;73;50;96662;2.49;0.18;0.31;0.37
1992;7;17;199;24.6;19.8;14.3;14.8;13.5;11.3;0.5;0.1;0.16;2.8;2.7;0;543;194;84;61;96730;3.26;0.47;0.31;0.37
1992;7;18;200;26.1;21;15;15.9;13.9;9.8;1.9;-0.9;0.16;2.8;2.7;0;589;195;85;62;96652;3.57;0.8;0.31;0.37
1992;7;19;201;22.8;19.8;16.9;12.3;10.2;9.2;1.1;-2.8;0.16;2.7;2.7;0;550;186;95;68;96785;3.48;0;0.3;0.37
1992;7;20;202;25.9;21;14.6;13.6;11.8;9.2;-0.4;1.2;0.16;2.7;2.7;0;703;254;122;86;96610;3.94;0;0.3;0.37
1992;7;21;203;27.5;22.1;15.7;14.1;13;11.5;0.1;2.9;0.16;2.7;2.7;0;705;255;117;87;96304;4.08;0;0.3;0.37
1992;7;22;204;27.7;23.1;16.5;16.2;14.9;12.7;1.4;-1.4;0.16;2.7;2.7;0;630;207;88;69;96451;3.47;0.13;0.29;0.37
1992;7;23;205;25.8;22;18.1;16.6;13.9;10.5;0.8;-4.1;0.16;2.7;2.7;0;621;218;92;66;96795;3.66;0.35;0.29;0.37
1992;7;24;206;25.4;20.2;15.5;10.9;9;6.2;0.4;-3;0.16;2.7;2.7;0;707;254;130;95;96657;3.86;0;0.29;0.37
1992;7;25;207;26.1;20.4;13.1;14.1;10.3;8.2;0;-0.4;0.16;2.7;2.7;0;714;255;134;94;96564;3.55;0;0.28;0.36
1992;7;26;208;27.3;22.2;14.4;17.5;13.9;11.2;0.6;-0.7;0.16;2.7;2.7;0;604;196;93;64;96712;2.92;0.1;0.28;0.36
1992;7;27;209;29;23.5;17.2;17.4;13.9;11.9;0.3;-0.1;0.16;2.7;2.7;0;649;227;111;77;96667;3.39;0;0.28;0.36
1992;7;28;210;23.5;20.5;15.5;14.2;8.4;4.5;1.3;-3.7;0.16;2.7;2.7;0;693;241;132;88;97054;3.31;0;0.28;0.36
1992;7;29;211;23.9;18.8;12.7;9.5;7.7;5.4;-0.4;1.1;0.16;2.7;2.7;0;700;249;132;99;97212;3.12;0;0.27;0.36
1992;7;30;212;27.7;21.6;15.1;14.2;11.4;8.2;0.7;2.7;0.16;2.7;2.7;0;651;224;107;78;96894;3.1;0.24;0.27;0.36
1992;7;31;213;31.3;24.4;17.3;18.6;15.9;13.6;0.7;0.8;0.16;2.7;2.7;0;670;219;110;73;96621;3.11;0.45;0.27;0.36
1992;8;1;214;30.2;23.3;17.5;18.1;16.6;14.3;0.6;-0.4;0.16;2.7;2.7;0;673;226;121;72;96363;3.22;2.91;0.27;0.36
1992;8;2;215;27.9;22.9;17.7;19.2;16.8;15;1.2;-0.4;0.16;2.7;2.7;0;617;185;88;60;96252;2.93;2.1;0.27;0.36
1992;8;3;216;30;24.9;18.1;18.1;16.2;15.2;0.4;1.2;0.16;2.7;2.7;0;652;209;101;70;96222;3.13;0;0.27;0.36
1992;8;4;217;26.9;23.1;19.6;17.7;16.2;15.1;1.6;-1.8;0.16;2.6;2.7;0;597;184;86;57;96458;2.9;2.68;0.26;0.36
1992;8;5;218;26.4;21.9;17.7;14.7;12.2;9.4;0.3;-1.6;0.16;2.6;2.7;0;681;236;128;88;97173;3.31;0;0.26;0.36
1992;8;6;219;28.8;23;15.9;17;13.9;11.5;-0.1;0.8;0.16;2.6;2.7;0;672;234;121;84;97077;3.07;0;0.26;0.36
1992;8;7;220;30;24.5;17.6;17;15.7;14.9;-0.3;0.9;0.16;2.6;2.7;0;650;221;111;75;96915;3.03;0.02;0.26;0.36
1992;8;8;221;30.8;25.6;19.4;15.9;13.8;12.4;-0.3;2.4;0.16;2.6;2.7;0;663;229;117;79;96739;3.11;0;0.26;0.36
1992;8;9;222;31.7;26.4;20.7;15.7;13.3;11.8;-0.5;3.1;0.16;2.6;2.7;0;664;230;119;86;96419;3.1;0;0.25;0.36
1992;8;10;223;31.8;25.8;19.6;15.5;12.8;9.5;0.9;2.9;0.16;2.6;2.7;0;682;223;131;89;95977;2.85;0.06;0.25;0.36
1992;8;11;224;25.1;20.9;17.7;12.5;10.9;9.5;1.2;-1.7;0.16;2.6;2.7;0;609;166;100;66;96507;2.12;0.17;0.25;0.36
1992;8;12;225;24.3;19.9;15.5;14.5;12.5;10.6;0.6;-0.5;0.16;2.6;2.7;0;523;169;103;65;96709;2.34;1.81;0.25;0.36
1992;8;13;226;25.4;20.4;15.9;15.9;13.8;10.9;1;-0.4;0.16;2.6;2.7;0;599;174;106;61;96370;2.48;2.3;0.25;0.36
1992;8;14;227;26.4;20.8;16.2;13.6;11.8;9.2;0.6;-0.2;0.16;2.6;2.7;0;642;190;114;65;95960;2.63;1.69;0.25;0.36
1992;8;15;228;21.1;17.7;14.7;13.2;10.5;7.6;1.1;-2.8;0.16;2.6;2.7;0;564;171;92;60;96242;2.72;2.38;0.25;0.36
1992;8;16;229;22.7;18.3;12.2;10.8;9.7;8.7;-0.1;-0.4;0.16;2.6;2.7;0;561;175;110;75;96631;2.05;0.11;0.25;0.36
1992;8;17;230;28;21.3;13.6;16.1;12;9.9;0.4;0.2;0.15;2.6;2.7;0;655;212;129;81;96551;2.5;0;0.25;0.36
1992;8;18;231;29.3;23.2;16;16.6;14.5;13.2;0;-0.1;0.15;2.6;2.7;0;634;205;113;74;96561;2.47;0.03;0.24;0.35
1992;8;19;232;32.7;25.6;17.1;16.3;13.8;10.7;1.1;0.9;0.15;2.6;2.7;0;653;212;125;80;96302;2.53;0;0.24;0.35
1992;8;20;233;31.8;25.9;19.3;16.1;14.1;11.8;-0.3;0.9;0.15;2.6;2.7;0;630;209;119;80;96097;2.5;0.02;0.24;0.35
1992;8;21;234;29.8;25.2;20.3;16.3;14.1;11.6;0.9;-1;0.15;2.6;2.7;0;616;190;105;75;95962;2.33;0.35;0.24;0.35
1992;8;22;235;24.4;21.3;18.4;16;15.1;14.5;0.9;-2.4;0.15;2.6;2.7;0;516;149;81;59;95931;1.55;0.14;0.24;0.35
1992;8;23;236;25.2;21;16.3;15.7;14.2;13;1.7;-1.2;0.15;2.5;2.7;0;471;143;84;63;96106;1.81;1.74;0.24;0.35
1992;8;24;237;24.9;20.9;17.3;13.8;12.2;9.9;1.5;-2.2;0.15;2.5;2.7;0;520;158;89;63;96631;1.8;0.04;0.24;0.35
1992;8;25;238;29.4;22.8;17.1;16;14;11.5;1.1;0.6;0.15;2.5;2.7;0;561;169;104;62;96656;1.98;0.18;0.24;0.35
1992;8;26;239;30.9;24.4;16.7;16.2;14;11.5;0.8;1.6;0.15;2.5;2.7;0;614;197;127;85;96334;2.1;0;0.23;0.35
1992;8;27;240;30.9;25;18.4;16.5;13.8;11.9;0.4;0.5;0.15;2.5;2.7;0;614;195;126;83;96229;2.17;0.02;0.23;0.35
1992;8;28;241;32.2;26.1;19.5;16.2;12.9;10.1;0.3;3.1;0.15;2.5;2.7;0;626;198;125;85;96025;2.11;0;0.23;0.35
1992;8;29;242;31.4;26;20.6;15.2;12.3;11.2;1.5;3.9;0.15;2.5;2.7;0;624;192;118;93;95572;1.98;0;0.23;0.35
1992;8;30;243;30.1;24.2;19.1;14.6;12.1;9.3;1.2;2.9;0.15;2.5;2.7;0;609;179;120;85;95540;1.8;0;0.23;0.35
1992;8;31;244;26.7;21.7;16.1;13.7;11.9;10.6;0.9;3.8;0.15;2.5;2.7;0;619;197;121;89;95237;1.63;0;0.23;0.35
1992;9;1;245;19.3;13.4;8.8;12.2;7.3;3.1;2.6;-2;0.15;2.5;2.7;0;317;56;97;52;95859;2.53;23.18;0.24;0.35
1992;9;2;246;18.3;14.4;10;5.8;4.5;3.3;1.1;0.7;0.15;2.5;2.7;0;470;146;114;83;96999;2.03;0;0.25;0.35
1992;9;3;247;22.2;17.2;12.5;10.9;8.2;4.6;0.5;1.9;0.15;2.5;2.7;0;606;188;121;84;96524;2.44;0.02;0.25;0.35
1992;9;4;248;15.5;13.2;9.7;12.7;9.9;5;1;-1.9;0.15;2.5;2.7;0;180;36;35;24;95971;2;15.18;0.25;0.35
1992;9;5;249;12.5;10.4;8.4;5.4;4.6;3.7;4.7;-4.9;0.15;2.5;2.7;0;457;144;96;62;95887;2.42;1.79;0.26;0.35
1992;9;6;250;13.8;11.2;9.1;4.8;3.9;2.7;4.3;-3.6;0.15;2.5;2.7;0;552;170;102;79;96293;2.04;0.54;0.26;0.35
1992;9;7;251;19.5;13.7;8.4;6;3.5;2;2.2;-1.3;0.15;2.5;2.7;0;624;200;132;94;96182;2.41;0;0.25;0.35
1992;9;8;252;21.6;15.9;9.3;14.2;9;4.8;0.7;0.1;0.15;2.5;2.7;0;490;123;86;55;96501;1.59;0.06;0.25;0.35
1992;9;9;253;18.3;15.5;13.4;11.9;10.1;8.6;-0.2;-1.3;0.15;2.5;2.7;0;447;105;67;37;97063;1.49;0.42;0.25;0.35
1992;9;10;254;20.2;16.5;13;12.4;10.7;9;-0.9;1.7;0.15;2.5;2.7;0;559;131;100;49;97188;1.6;0.01;0.25;0.35
1992;9;11;255;22.5;17.4;13.6;16.1;13.3;10.6;0;1;0.15;2.5;2.7;0;541;155;97;62;96898;1.92;4.3;0.25;0.35
1992;9;12;256;22.6;17.9;12.3;13.7;11.6;10.3;1.3;-2;0.15;2.5;2.7;0;484;154;103;69;96974;2.29;0.01;0.25;0.35
1992;9;13;257;22.1;17.6;12.6;13.9;12.8;11.8;0;0.7;0.15;2.5;2.7;0;542;154;105;69;96683;1.79;0.06;0.25;0.35
1992;9;14;258;23.3;17.4;12.8;14.6;12.7;10.3;0.9;0.6;0.15;2.5;2.7;0;459;132;93;56;96289;2.11;5.12;0.25;0.35
1992;9;15;259;18.8;15.1;12.5;10.2;8.6;6.4;1.6;-1.4;0.15;2.5;2.7;0;551;143;104;64;96906;2.09;0.01;0.25;0.35
1992;9;16;260;23.5;17.1;11;12.8;10.5;8.2;1.2;-0.2;0.15;2.4;2.7;0;561;165;116;74;96902;2.05;0;0.25;0.34
1992;9;17;261;19.4;15.4;11.9;11.3;10.3;7.8;-0.2;-1.4;0.15;2.4;2.7;0;364;95;79;51;96859;1.19;0.03;0.25;0.34
1992;9;18;262;17.7;13;8.8;7.2;6;4.9;0;-1.8;0.14;2.4;2.7;0;551;163;130;84;96934;1.69;0;0.25;0.34
1992;9;19;263;17.8;12.5;7.3;8.6;7;5;-0.3;0.1;0.14;2.4;2.7;0;560;167;126;87;96861;1.56;0;0.25;0.34
1992;9;20;264;19.5;13.9;8;8.7;7.7;6.1;-0.1;2;0.14;2.3;2.7;0;521;155;108;75;96803;1.56;0;0.25;0.34
1992;9;21;265;20.4;15.1;10.5;8.5;7.4;5.8;-0.2;2.2;0.14;2.3;2.7;0;542;160;116;78;96684;1.71;0;0.25;0.34
1992;9;22;266;21.6;15.6;9.3;11.2;9.3;7.1;-1.2;2.1;0.14;2.3;2.7;0;536;154;106;75;96566;1.5;0;0.24;0.34
1992;9;23;267;23.6;17.3;11.3;13.4;11.7;9.6;-0.3;2.1;0.14;2.3;2.7;0;528;150;106;73;96462;1.5;0;0.24;0.34
1992;9;24;268;21.5;16.6;12.5;11.9;11.3;10.4;-0.9;1.2;0.14;2.2;2.7;0;507;140;104;69;96707;1.35;0.09;0.24;0.34
1992;9;25;269;18.8;14.7;11.2;10.2;6.8;4;-0.8;2.2;0.14;2.2;2.7;0;492;132;112;77;97081;1.35;0;0.24;0.34
1992;9;26;270;19.6;14.8;10.4;5.6;4.7;3.3;0;3.1;0.14;2.2;2.7;0;535;156;119;92;97002;1.56;0;0.24;0.34
1992;9;27;271;22.4;16;9.5;11.1;9.5;5.7;0.3;1.8;0.14;2.1;2.7;0;525;151;122;86;96542;1.36;0;0.24;0.34
1992;9;28;272;24.2;17.1;9.5;15.1;12.4;9;1;2.4;0.14;2.1;2.6;0;469;127;89;61;96187;1.22;0.2;0.24;0.34
1992;9;29;273;20.5;16.1;13.2;14.5;13.4;11.4;0.6;-0.5;0.14;2.1;2.6;0;305;83;65;41;96021;1.3;14.38;0.24;0.34
1992;9;30;274;16.3;13;10.5;11.1;6.8;4.4;1.1;-3.6;0.14;2.1;2.6;0;501;138;106;64;96314;2.06;0.95;0.25;0.34
1992;10;1;275;15.6;12.4;9.2;8.7;6.7;5.6;-0.1;-0.3;0.14;2;2.6;0;400;93;87;45;96613;0.99;0.22;0.25;0.34
1992;10;2;276;16.9;12.9;10.1;10.4;8.9;6.2;-0.1;1.4;0.14;2;2.6;0;425;115;101;58;96242;1.49;2.85;0.25;0.34
1992;10;3;277;15.8;12.5;9.5;7.8;6.2;4.9;-1.6;1.9;0.14;2;2.6;0;423;114;92;56;95601;1.4;0.55;0.25;0.34
1992;10;4;278;15.2;12.3;10.5;12.8;9.8;6;-2.9;-0.4;0.14;2;2.6;0;176;42;29;12;95341;1.67;21.94;0.26;0.34
1992;10;5;279;18.4;15;12.4;14.8;13.3;12.3;-1.7;1.4;0.14;1.9;2.6;0;232;52;31;12;95442;1;17.07;0.27;0.34
1992;10;6;280;19.7;15.8;12.9;14.4;12.7;11.6;0.6;3.2;0.14;1.9;2.6;0;454;116;95;53;95161;1.59;0.02;0.28;0.34
1992;10;7;281;16.5;13.2;10.4;12.7;11.1;9.4;1.7;-1.5;0.14;1.9;2.6;0;343;76;69;47;95724;1.62;7.27;0.29;0.34
1992;10;8;282;14.3;12;10.2;10.4;7.9;6.9;0.1;-1.5;0.14;1.9;2.6;0;274;76;79;35;96866;1.19;0.21;0.29;0.34
1992;10;9;283;16.4;11.8;8.3;10.1;8.9;7.4;0.2;0.3;0.14;1.8;2.6;0;376;88;93;56;96194;0.92;0.01;0.29;0.34
1992;10;10;284;11.1;9.7;8.5;8.1;7.7;6.9;0.1;-1.7;0.14;1.8;2.6;0;132;32;39;18;96074;0.71;4.92;0.29;0.34
1992;10;11;285;9.9;8.4;7.4;7.5;6.1;4.4;0.3;-1.5;0.14;1.8;2.6;0;130;30;60;22;95856;0.74;1;0.29;0.34
1992;10;12;286;9.4;6.5;1.8;4.9;0.6;-4.3;0.2;-3.1;0.14;1.8;2.6;0;246;57;101;59;96274;0.84;0.38;0.29;0.34
1992;10;13;287;7.1;3.3;0.3;-1.9;-2.7;-4.7;-0.3;0.5;0.14;1.7;2.6;0;473;128;128;94;97194;0.93;0;0.29;0.34
1992;10;14;288;9.7;4.9;1.3;0.1;-1.3;-3.1;0.4;3.1;0.14;1.7;2.6;0;467;125;117;93;96492;1.05;0;0.29;0.34
1992;10;15;289;11.5;6.1;0;4.3;2;-1.4;0.2;2;0.14;1.7;2.6;0;424;118;114;82;95246;0.88;0;0.29;0.34
1992;10;16;290;9.9;7.1;4.2;6.2;5;3.2;0.1;-0.4;0.14;1.7;2.6;0;210;43;63;26;94863;0.46;0.59;0.29;0.34
1992;10;17;291;12.9;8.5;5.7;11.6;7.3;4;0.5;0.3;0.13;1.7;2.6;0;71;18;42;10;94604;0.74;10.51;0.29;0.34
1992;10;18;292;4.8;3.4;2.1;3.2;0.6;-2.1;2;-3.5;0.15;1.6;2.6;1.17;170;40;84;24;95325;1.49;12.28;0.31;0.34
1992;10;19;293;8.8;4.1;-2;-0.1;-1.6;-4;0.6;2.3;0.15;1.6;2.6;1.13;442;115;123;90;96495;0.98;0;0.31;0.34
1992;10;20;294;9.7;6;3;5.4;3.4;-0.4;0.2;2.3;0.14;1.6;2.6;0.64;256;72;76;49;96115;0.65;0.71;0.31;0.34
1992;10;21;295;8.5;6.2;3.5;6.8;5.2;3.3;0.2;-0.3;0.14;1.6;2.6;0.34;161;37;37;18;95516;0.59;4.79;0.31;0.34
1992;10;22;296;8.9;5.2;0.5;2.6;-0.3;-3.1;2.6;-1.2;0.13;1.6;2.6;0.17;365;85;108;64;95273;1.3;0.6;0.31;0.34
1992;10;23;297;10.8;4.8;-1.2;0.2;-1.8;-4.4;1.1;1.2;0.13;1.6;2.6;0.09;423;105;119;78;95239;0.92;0.02;0.31;0.34
1992;10;24;298;10.1;5.5;1.1;2;-0.1;-2.3;1.3;0.2;0.13;1.6;2.6;0.05;272;67;88;59;95418;0.74;0.6;0.31;0.34
1992;10;25;299;8.4;4.8;0.6;4.1;1.4;-3.1;0.7;1.7;0.13;1.6;2.6;0.09;240;56;81;38;95341;1.01;3.19;0.31;0.34
1992;10;26;300;12;7.2;4.9;5.1;1.8;-0.7;2.2;0;0.13;1.6;2.6;0.05;366;83;94;62;94952;1.09;0.75;0.31;0.34
1992;10;27;301;6.9;5.2;3.5;1.9;0.4;-0.8;0.5;0.5;0.13;1.6;2.6;0.02;244;53;81;44;95593;0.67;0.66;0.31;0.34
1992;10;28;302;14.1;9.1;4.1;8.5;5.2;1.6;1.5;2.9;0.13;1.5;2.6;0;293;77;79;59;94908;0.78;0;0.31;0.34
1992;10;29;303;8.1;6.1;2.1;5.7;3.9;1;0.9;-0.2;0.13;1.5;2.6;0;127;25;66;28;95073;1.01;12.99;0.32;0.34
1992;10;30;304;5.4;4;1.7;4.7;2.5;0;0.5;1.3;0.13;1.5;2.6;0.04;88;19;59;20;95795;0.66;4.41;0.33;0.34
1992;10;31;305;6.7;5.4;3.6;5.1;4.4;2.5;0.1;-1.8;0.13;1.5;2.6;0.05;53;13;35;10;96154;0.43;0.93;0.33;0.34
1992;11;1;306;7.1;4.4;1.8;2.7;2.2;0.9;-0.1;1.2;0.12;1.5;2.6;0.02;274;57;90;48;96971;0.37;0;0.33;0.34
1992;11;2;307;12.1;7;2.5;8.1;5.3;2.1;0.2;1.7;0.12;1.5;2.6;0;284;71;86;54;96505;0.32;0.01;0.33;0.34
1992;11;3;308;11.8;8.2;6.6;8.3;6.8;4.6;0.4;-0.2;0.12;1.5;2.6;0;232;42;55;31;96133;0.48;13.72;0.33;0.34
1992;11;4;309;9.3;6.2;1.3;5.9;3.9;0.4;1.3;0.6;0.12;1.5;2.6;0;183;46;77;42;96508;0.7;1.2;0.34;0.34
1992;11;5;310;9.1;7.3;4.4;5.9;3.4;1.2;1.6;-0.9;0.12;1.5;2.6;0;139;30;71;32;97346;0.46;0.33;0.34;0.34
1992;11;6;311;13.5;8.9;4;7.7;6.2;3.5;1.8;-0.8;0.12;1.4;2.6;0;340;71;95;52;97673;0.63;0;0.34;0.34
1992;11;7;312;16.1;8.2;1.7;9.9;4.9;1.1;1.3;0.5;0.12;1.4;2.6;0;351;84;115;77;96924;0.6;0;0.34;0.34
1992;11;8;313;9.9;7.5;3.9;6.4;3.7;1.1;1.6;-2.8;0.12;1.4;2.6;0;128;29;77;53;96940;0.57;0.96;0.34;0.34
1992;11;9;314;5.2;2.8;-0.2;1.3;-0.5;-2.4;-0.6;1.6;0.12;1.4;2.6;0;281;59;83;62;97473;0.43;0;0.34;0.34
1992;11;10;315;7.7;3.7;0.5;2.9;1;-2.1;0.2;2.8;0.12;1.4;2.6;0;330;73;96;60;96505;0.42;1.03;0.34;0.34
1992;11;11;316;10.7;6.6;1;6.1;4.3;0.5;0.9;2.5;0.12;1.4;2.6;0;330;71;94;44;95767;0.85;3.65;0.34;0.34
1992;11;12;317;7.8;5.7;2.5;6;1.1;-3.4;1.9;-1.8;0.12;1.4;2.6;0;221;52;101;55;95393;0.9;3.44;0.35;0.34
1992;11;13;318;7.1;2.6;-1;-1.5;-3.6;-7;1;-0.3;0.12;1.4;2.6;0.02;296;69;98;73;95451;0.61;1.69;0.35;0.34
1992;11;14;319;5.1;1.7;-2.1;-1.4;-3.2;-5.3;2.4;-1.1;0.12;1.4;2.6;0.18;297;70;99;80;95816;0.73;0.08;0.35;0.34
1992;11;15;320;5.4;1.3;-2.6;-0.1;-2.5;-5.9;0.4;1.3;0.12;1.3;2.6;0.17;214;47;67;49;95755;0.28;0.02;0.35;0.34
1992;11;16;321;7.4;5;0.9;6;3.4;-1.6;0.8;0.2;0.12;1.3;2.6;0.14;65;14;41;13;94930;0.3;19.64;0.35;0.34
1992;11;17;322;8.8;4.5;2.4;4.6;2.7;0.6;0.8;-0.7;0.12;1.4;2.6;0.17;262;43;66;22;94490;0.86;5.97;0.37;0.34
1992;11;18;323;5.7;2.8;-0.7;0.1;-2.7;-4.1;2.2;-2.3;0.12;1.4;2.6;0.41;320;69;104;72;95529;0.82;0.02;0.37;0.34
1992;11;19;324;6.6;2.3;-2.3;0;-3.1;-6;1.6;1.1;0.12;1.4;2.6;0.33;249;46;80;55;95792;0.58;0.69;0.37;0.34
1992;11;20;325;4.1;1.7;-1.4;0.9;-2.7;-4.9;2.4;-1;0.12;1.4;2.6;0.49;145;31;91;71;96168;0.6;2.98;0.37;0.34
1992;11;21;326;6.2;2.2;-2.1;0.7;-2.5;-5.8;1.4;0.5;0.12;1.4;2.6;0.59;242;46;91;51;96215;0.38;0.59;0.37;0.34
1992;11;22;327;7.2;3.4;1;5.4;2.4;0.6;0.5;0;0.15;1.4;2.6;2.69;117;25;41;12;95927;0.42;20.36;0.38;0.34
1992;11;23;328;3.9;2.9;1.6;3.5;2.5;1;-0.1;0.5;0.15;1.4;2.6;2.37;32;6;10;2;96887;0.17;12.43;0.39;0.34
1992;11;24;329;9;4.7;1;7.1;4.2;0.7;0.4;1;0.14;1.4;2.6;1.61;197;44;59;30;97084;0.2;0.14;0.4;0.34
1992;11;25;330;9.2;5.2;2.6;6.1;4;1.9;0.2;0.8;0.13;1.4;2.6;0.96;186;34;65;31;96778;0.22;0.15;0.4;0.34
1992;11;26;331;9.4;7;3.7;6.5;3.8;2.1;1.7;0.6;0.12;1.4;2.6;0.55;104;18;55;28;96411;0.46;1;0.39;0.34
1992;11;27;332;7.5;4.6;-0.4;2.8;0.7;-1.6;2.4;-1.1;0.12;1.4;2.6;0.28;239;54;83;72;97033;0.57;0.21;0.39;0.34
1992;11;28;333;5.7;3.3;-1;4.2;1.3;-2.3;1.2;1.1;0.12;1.4;2.6;0.2;91;13;63;19;96712;0.26;3.08;0.39;0.34
1992;11;29;334;5.3;3.5;1.7;4.3;2;1.2;-0.1;-1.1;0.12;1.4;2.6;0.16;142;27;48;28;96870;0.45;1.24;0.39;0.34
1992;11;30;335;4.1;2.2;0.9;1.3;0.8;-0.6;-0.1;2;0.12;1.4;2.6;0.16;186;36;62;34;97241;0.39;0.4;0.39;0.34
1992;12;1;336;5.1;2;0.4;0.6;-0.4;-1.5;0;3.1;0.11;1.4;2.6;0.16;226;50;83;54;97092;0.29;0;0.39;0.34
1992;12;2;337;8.8;5.5;1.4;5.4;3;-0.3;0.8;3.4;0.11;1.4;2.6;0.09;215;40;63;36;96215;0.29;0;0.39;0.34
1992;12;3;338;12.4;9.7;7.6;7.7;6.7;5.4;1.6;3.9;0.11;1.4;2.6;0;225;49;83;49;95018;0.47;0.35;0.39;0.34
1992;12;4;339;10.4;7.1;4.9;7.9;3.3;0.4;1.1;2.5;0.11;1.4;2.6;0.04;213;38;83;45;94538;0.99;13.64;0.4;0.34
1992;12;5;340;11.4;7.3;1.7;8.4;4.4;0.9;1.6;1.9;0.11;1.4;2.6;0.38;67;13;77;26;94306;0.84;22.8;0.4;0.34
1992;12;6;341;1.6;1.3;1;0.7;-0.9;-2.6;2.9;-6.4;0.24;1.4;2.6;9.05;61;11;29;18;95058;1.64;13.36;0.41;0.35
1992;12;7;342;2.8;0.3;-2;-2.5;-3.2;-4.2;0.4;0.1;0.27;1.4;2.6;10.91;195;41;93;62;95290;0.47;0.1;0.41;0.35
1992;12;8;343;1.5;0.1;-1.7;0;-1;-2.9;-1;0.5;0.26;1.4;2.6;10.79;66;14;42;18;95571;0.14;1.27;0.41;0.35
1992;12;9;344;1.6;0.8;0.2;0.2;-0.4;-1.4;0.7;-2.6;0.27;1.4;2.6;11.28;55;11;18;9;96034;0.4;4.17;0.41;0.35
1992;12;10;345;1.7;0.7;0.2;-0.9;-1.7;-2.5;1.6;-4.4;0.29;1.4;2.6;12.82;114;22;33;17;96460;0.68;1.93;0.41;0.35
1992;12;11;346;1.5;-0.4;-4.5;-1;-2.2;-5.4;0.7;-1.6;0.31;1.4;2.6;14.59;46;10;62;21;96826;0.27;1;0.41;0.35
1992;12;12;347;2.9;0;-5.8;0.9;-2;-6.6;1.8;0.1;0.31;1.4;2.6;14.37;32;6;84;34;95677;0.2;3.75;0.4;0.35
1992;12;13;348;3;1.5;0.5;-1.8;-2.3;-3.1;3.1;-2.3;0.29;1.4;2.6;13.7;180;36;83;58;96030;0.82;1.88;0.41;0.35
1992;12;14;349;3.2;1.2;-2.3;1.3;-1.3;-3.5;1.5;0.1;0.29;1.4;2.6;13.77;58;12;55;29;96492;0.24;1.34;0.41;0.35
1992;12;15;350;6.6;0.3;-3.5;2.2;-1.6;-5.2;0.6;1.3;0.27;1.4;2.6;12.09;208;44;99;61;96702;0.06;0;0.41;0.36
1992;12;16;351;3.5;0.5;-1.6;1.4;-0.6;-2.7;-0.2;2.5;0.24;1.4;2.6;10.29;142;27;54;27;96601;0.18;0.26;0.41;0.36
1992;12;17;352;3.3;0.3;-1.4;-0.5;-1.3;-2;-0.2;0.9;0.22;1.4;2.6;9.23;179;35;90;37;97102;0.24;0.07;0.4;0.36
1992;12;18;353;0.6;-0.6;-1.5;-1.2;-2.2;-3.2;-0.4;2.8;0.22;1.4;2.6;8.92;125;22;44;22;97282;0.33;0.17;0.4;0.36
1992;12;19;354;0.7;-1.1;-2.1;-2;-2.8;-3.5;-0.4;2.3;0.22;1.4;2.6;8.86;131;25;49;24;97201;0.26;0.05;0.4;0.36
1992;12;20;355;1.5;-1.2;-2.9;-1.3;-2.6;-3.7;-0.3;1;0.22;1.3;2.6;8.58;163;29;70;34;97070;0.17;0.02;0.4;0.36
1992;12;21;356;3.2;0.2;-2.2;0.1;-1.4;-3.2;-0.1;0.2;0.21;1.3;2.6;7.99;101;20;38;10;96877;0.1;0.08;0.4;0.36
1992;12;22;357;0.9;-0.1;-0.8;-0.4;-0.9;-2.2;-0.9;0.8;0.21;1.3;2.6;7.84;66;13;20;10;97529;0.13;0.75;0.4;0.36
1992;12;23;358;-1;-2.2;-4.8;-2.2;-5.3;-7.9;-1.1;2.1;0.21;1.3;2.6;8.08;111;20;81;35;97856;0.29;0.06;0.4;0.36
1992;12;24;359;-2.5;-5.5;-7.9;-8.1;-9.1;-10.5;-0.8;1.9;0.21;1.3;2.6;7.99;222;46;105;73;97969;0.15;0;0.39;0.36
1992;12;25;360;-3.9;-6.7;-9.2;-10;-10.6;-11.5;-0.7;1.7;0.21;1.3;2.6;7.92;204;43;100;64;98197;0.12;0;0.39;0.36
1992;12;26;361;-2.4;-6.9;-11.1;-9.3;-11;-13.3;-0.3;1.9;0.21;1.3;2.6;7.83;225;48;99;74;98132;0.12;0;0.39;0.36
1992;12;27;362;-1.1;-4.8;-9;-6.7;-9.6;-11.7;0.9;-3.3;0.2;1.3;2.6;7.71;228;44;96;57;97836;0.23;0.16;0.39;0.36
1992;12;28;363;-4;-5.6;-7.7;-6.8;-9.7;-11.7;0.4;-3;0.2;1.3;2.6;7.73;177;40;99;69;98385;0.15;0.1;0.39;0.36
1992;12;29;364;-1;-5.8;-8.6;-10;-12.7;-14.8;0.7;0.1;0.2;1.3;2.6;7.63;234;50;115;74;97823;0.1;0;0.39;0.36
1992;12;30;365;0.6;-5;-8.1;-8.2;-12.5;-18;0.4;0.1;0.2;1.3;2.6;7.44;233;50;109;70;97187;0.1;0;0.39;0.37
1992;12;31;366;-4.1;-6.2;-8.3;-8;-9.1;-10.8;0.3;-1.9;0.2;1.3;2.6;7.29;181;37;70;51;97214;0.07;0.04;0.39;0.37
1993;1;1;1;-5.9;-7.5;-11;-7.7;-11.7;-15.4;0.6;-4;0.2;1.3;2.6;7.31;160;34;89;63;97743;0.21;0.1;0.39;0.37
1993;1;2;2;-9;-11.1;-12.3;-15.7;-16.8;-18;0.4;-3.3;0.2;1.3;2.6;7.25;239;50;101;78;97998;0.19;0.06;0.38;0.37
1993;1;3;3;-7.2;-10.3;-13.1;-15.5;-16.9;-18.7;0.2;-1.8;0.2;1.3;2.6;7.13;230;48;96;66;98009;0.08;0.01;0.38;0.37
1993;1;4;4;-4.1;-8;-10.9;-11.1;-13.2;-16.2;0.2;1.5;0.2;1.2;2.6;7.11;221;46;97;65;98185;0.11;0.09;0.38;0.37
1993;1;5;5;-1.3;-6.3;-8.9;-10.8;-11.8;-12.5;0.4;3;0.2;1.2;2.6;7;244;53;108;84;98457;0.16;0;0.38;0.37
1993;1;6;6;2.3;-3;-8.1;-3.9;-9.5;-13;1.1;1.9;0.2;1.2;2.6;6.79;244;52;104;56;97962;0.17;0.05;0.38;0.37
1993;1;7;7;6.4;2;-3;4.7;0.7;-4.4;1.4;-0.8;0.19;1.2;2.5;6.04;73;13;43;15;96985;-0.15;2.91;0.38;0.37
1993;1;8;8;4.7;2;-1.7;3.7;1.3;-2;1.1;-0.4;0.17;1.2;2.5;4.48;96;15;41;13;97058;-0.15;3.81;0.38;0.37
1993;1;9;9;3.5;1;-1.2;3.1;-0.2;-2;0.3;0.1;0.15;1.2;2.5;3.37;187;38;56;38;97492;0.07;0.22;0.39;0.37
1993;1;10;10;8.2;2;-1;3.2;-0.1;-2;1.3;1.5;0.15;1.2;2.5;2.83;232;50;90;59;96930;0.03;0;0.39;0.37
1993;1;11;11;7.7;3.2;0.2;0.1;-1.6;-3.8;1.6;1.9;0.14;1.2;2.5;2.28;228;42;71;34;95983;0.26;0;0.39;0.37
1993;1;12;12;9.8;4.8;-0.2;3.8;0.7;-1.9;2;0;0.13;1.2;2.5;1.73;210;49;90;52;95820;0.37;0.36;0.39;0.37
1993;1;13;13;7.5;3.5;-1.1;2.7;0.1;-3.6;1.1;2.2;0.12;1.2;2.5;1.12;221;44;76;51;97257;0.12;0.01;0.39;0.37
1993;1;14;14;10;4.7;0.8;5.6;2.1;-1;1.8;-0.1;0.12;1.2;2.5;0.69;196;42;74;53;97168;0.25;0.69;0.39;0.37
1993;1;15;15;7;2.2;-3.4;3.2;0.2;-4.5;1.4;2;0.11;1.2;2.5;0.46;264;58;89;66;97880;0.25;0;0.39;0.37
1993;1;16;16;11.1;3.8;-0.6;6.1;1.2;-2.1;1.5;0.7;0.11;1.2;2.5;0.3;276;61;94;61;97679;0.14;0;0.39;0.37
1993;1;17;17;11;3.2;-1.2;6.1;-0.1;-3.9;1.6;0.1;0.11;1.2;2.5;0.21;286;64;108;67;97416;0.17;0;0.39;0.37
1993;1;18;18;8.8;1.6;-2.4;4.6;-1.2;-4.7;1.3;-0.1;0.11;1.2;2.5;0.18;287;64;103;60;97374;0.09;0;0.38;0.37
1993;1;19;19;6.7;2.2;-0.8;2.5;0.3;-1.5;1.2;0.9;0.11;1.2;2.5;0.15;259;57;95;52;97338;0.19;0;0.38;0.37
1993;1;20;20;9.1;3.2;-1;2.9;0.1;-2.1;1.3;1;0.11;1.2;2.5;0.1;268;57;96;44;97200;0.24;0;0.38;0.37
1993;1;21;21;10.8;4.7;0.7;2.5;0.2;-2.7;1.6;0.4;0.11;1.2;2.5;0.04;256;54;75;44;97291;0.28;0;0.38;0.37
1993;1;22;22;7.2;2.8;-0.7;2.3;-0.1;-2.2;1.8;0.7;0.11;1.1;2.5;0.04;101;23;50;28;96764;0.19;1.51;0.38;0.37
1993;1;23;23;8.8;5.1;1.5;3.9;0.8;-1.1;2.2;-0.3;0.11;1.1;2.5;0.04;212;46;69;42;96690;0.54;0.92;0.38;0.37
1993;1;24;24;11.7;6.9;2.6;5.2;3.1;1;1.6;1.8;0.11;1.1;2.5;0.02;272;57;95;39;95879;0.62;0.38;0.38;0.37
1993;1;25;25;6.5;4.3;1;4.2;-1.9;-8.1;3.7;-1.9;0.11;1.1;2.5;0;314;64;108;61;95246;0.93;5.67;0.39;0.37
1993;1;26;26;2.5;0.5;-1;-6.8;-8.5;-10.3;3.3;-1.6;0.11;1.1;2.5;0.04;323;74;110;79;96168;0.66;0.13;0.38;0.37
1993;1;27;27;3.3;-0.1;-3.2;-2.3;-6.2;-8.9;2.1;-1.4;0.12;1.1;2.5;0.96;268;57;94;63;95728;0.72;2.4;0.38;0.37
1993;1;28;28;2.2;-0.9;-3.1;-1.9;-4.5;-6.7;0.7;0.4;0.16;1.1;2.5;3;248;47;79;38;96247;0.13;4.95;0.38;0.37
1993;1;29;29;-0.8;-2.1;-6;-2;-2.9;-7.4;-0.8;-0.8;0.29;1.1;2.5;10.62;84;16;71;15;96432;0.08;8.88;0.38;0.37
1993;1;30;30;-4.9;-9.8;-16.6;-8.8;-12.2;-17.8;0.6;-0.5;0.37;1.1;2.5;15.11;259;61;115;78;97761;0.16;0;0.38;0.37
1993;1;31;31;-1.4;-9.4;-16.9;-6.8;-11.8;-18.1;0.2;1.3;0.37;1.1;2.5;14.87;245;57;102;53;98080;0.32;0;0.38;0.37
1993;2;1;32;-0.1;-7.5;-13.4;-6.8;-11.7;-15.1;0.8;-1;0.36;1.1;2.5;14.64;258;59;112;52;98458;0.32;0;0.38;0.37
1993;2;2;33;1.9;-5.1;-11.7;-2.4;-9.7;-15.5;1.3;-0.7;0.35;1.1;2.5;13.89;266;62;105;57;98320;0.24;0;0.38;0.37
1993;2;3;34;4.1;-2.6;-8.2;-3.5;-8;-11.6;1.2;-1.1;0.32;1.1;2.5;12.44;290;69;116;65;98400;0.25;0;0.38;0.37
1993;2;4;35;7.2;-2.5;-8.8;-1;-6.3;-11.5;0.8;0.6;0.29;1.1;2.5;10.48;287;69;111;62;98034;0.17;0;0.38;0.37
1993;2;5;36;6.8;-1.5;-7.2;0;-5.6;-10.2;1.2;0.2;0.25;1.1;2.5;8.32;320;77;114;65;97640;0.1;0;0.38;0.37
1993;2;6;37;6.8;0.6;-6.6;-0.7;-4.3;-8.9;1.3;-0.2;0.22;1.1;2.5;6.45;324;74;104;46;97317;0.2;0.06;0.38;0.37
1993;2;7;38;4.6;2;-2;1.4;0;-2.5;0.7;-2.3;0.19;1.1;2.5;4.54;110;28;53;21;97878;0.36;0.94;0.39;0.37
1993;2;8;39;6.4;0.5;-3.3;-0.3;-2;-3.7;0;2;0.17;1.1;2.5;3.69;337;78;103;59;98104;0.44;0;0.39;0.37
1993;2;9;40;4.5;-0.4;-3.5;-2.9;-3.7;-4.8;-0.5;1.4;0.16;1.1;2.5;3.02;365;89;108;72;97982;0.27;0;0.39;0.37
1993;2;10;41;4.4;0.1;-2.5;-1.7;-3.3;-4.8;-0.2;0.4;0.15;1.1;2.5;2.53;377;93;116;76;97916;0.15;0;0.39;0.37
1993;2;11;42;5.2;0.1;-2.9;-0.4;-3;-5;0.3;-0.1;0.15;1.1;2.5;2.08;366;88;107;67;98110;0.14;0;0.39;0.37
1993;2;12;43;4.6;-0.6;-4.2;-1.4;-2.8;-4.6;-0.2;1.9;0.14;1.1;2.5;1.72;376;89;112;69;98359;0.09;0;0.39;0.37
1993;2;13;44;4.3;-0.4;-3.4;-0.7;-3;-4.7;0.2;-0.2;0.14;1.1;2.5;1.4;355;87;103;70;98026;0.17;0;0.38;0.37
1993;2;14;45;2;-0.6;-2.3;-3.5;-3.8;-4.2;0.5;-3;0.13;1.1;2.5;1.26;276;70;75;52;97932;0.11;0.11;0.38;0.37
1993;2;15;46;1.2;-0.9;-2.5;-3.3;-3.8;-4.4;0.1;-2.2;0.14;1.1;2.5;1.75;229;58;68;45;97864;0.16;1.27;0.38;0.37
1993;2;16;47;0.7;-2.1;-4.5;-3.9;-6;-7.4;-0.7;0.9;0.15;1.1;2.5;2.37;350;79;103;64;97583;0.15;0.25;0.38;0.37
1993;2;17;48;1.8;-1.1;-3.9;-1;-5.7;-8.7;1.6;1;0.17;1.1;2.5;3.63;202;40;81;40;96396;0.3;3.88;0.38;0.37
1993;2;18;49;2.6;0.5;-2.3;-0.6;-2.7;-4.3;0.6;-2.6;0.21;1.1;2.5;6.17;246;61;73;38;96750;0.53;1.44;0.38;0.37
1993;2;19;50;4.5;0.7;-2.8;-0.6;-2.8;-4.9;1.5;1.2;0.21;1.1;2.5;5.87;238;47;78;48;95688;0.21;0.23;0.38;0.37
1993;2;20;51;3.5;0.8;-2.2;-3.3;-4.8;-6;3.2;-3.3;0.2;1.1;2.5;5.56;370;96;94;80;95761;0.91;1.22;0.38;0.37
1993;2;21;52;4;0.3;-3.2;-3.2;-6.5;-8.7;2.6;-0.2;0.21;1.1;2.5;6.34;366;88;108;61;94525;0.79;1.57;0.38;0.37
1993;2;22;53;-2.7;-4.5;-7.4;-9.1;-11.2;-14.4;1.8;-5.6;0.22;1.1;2.5;6.64;361;96;101;89;95293;0.52;0.79;0.38;0.37
1993;2;23;54;-3.4;-5.9;-7.7;-11.7;-14.1;-15;2.3;-6.1;0.22;1.1;2.5;6.64;381;100;94;74;95889;0.53;0.85;0.38;0.37
1993;2;24;55;-2.7;-3.9;-5.5;-7;-8.9;-11.3;4.1;-4.1;0.28;1.1;2.5;9.77;185;40;31;21;96008;0.55;5.44;0.38;0.37
1993;2;25;56;-0.4;-2.4;-3.4;-5.7;-6.6;-7.6;2.8;-3.8;0.34;1.1;2.5;13.3;245;49;48;24;96234;0.62;3.08;0.38;0.37
1993;2;26;57;1.4;-2.4;-6.3;-6.1;-6.8;-8.1;1.2;-1;0.35;1.2;2.5;14.43;278;69;79;54;95926;0.45;0.45;0.38;0.37
1993;2;27;58;3.8;-1.5;-7.2;-2.9;-5.6;-8.8;0;0.7;0.33;1.2;2.5;12.79;374;100;122;69;95842;0.31;0;0.38;0.37
1993;2;28;59;4.8;-0.2;-3.7;-0.9;-3.3;-5.5;-0.5;1.1;0.28;1.2;2.5;10.16;309;80;82;52;96143;0.15;0;0.38;0.37
1993;3;1;60;4.4;0.2;-2.8;-2.3;-4;-5.4;-1.5;0.5;0.25;1.2;2.5;8.16;406;102;103;64;96294;0.26;0;0.38;0.37
1993;3;2;61;2.5;-0.3;-2.9;-0.7;-3.5;-6.5;-0.9;-0.3;0.23;1.2;2.5;7.48;318;76;69;36;95858;0.19;3.23;0.38;0.37
1993;3;3;62;-0.6;-1.6;-4.5;-0.9;-2.7;-6.3;-0.9;-1.5;0.32;1.2;2.5;12.3;100;26;24;11;95663;0.23;5.71;0.38;0.37
1993;3;4;63;-3.7;-5.9;-8.2;-7.1;-9.9;-11.4;1.3;-5.3;0.37;1.2;2.5;15.17;289;80;71;51;95993;0.68;0.95;0.38;0.38
1993;3;5;64;-3.7;-6.5;-9.5;-10.3;-11.5;-12.8;1.6;-4.7;0.37;1.2;2.5;15.39;342;86;88;62;96252;0.73;0.39;0.38;0.38
1993;3;6;65;1.7;-1.5;-5.1;-2;-5.1;-9.6;1.5;-1.8;0.37;1.2;2.5;16.4;188;40;68;40;95624;0.39;3.66;0.38;0.38
1993;3;7;66;1.3;-0.5;-3.3;-1.2;-3.3;-5.8;0.7;-4.6;0.39;1.2;2.5;20.51;342;86;98;56;95765;0.58;4.6;0.38;0.38
1993;3;8;67;-1.5;-3;-4.2;-5.9;-6.7;-7.7;0.8;-5.1;0.38;1.2;2.5;20.72;288;75;69;50;96646;0.7;0.32;0.38;0.38
1993;3;9;68;2.2;-1.7;-5.6;-3.2;-5.4;-8.1;-0.1;-1.1;0.37;1.2;2.5;19.54;369;100;105;69;97114;0.39;0;0.38;0.38
1993;3;10;69;5;-0.7;-5.7;-0.5;-4.1;-7.6;0.7;1.2;0.34;1.3;2.5;15.88;411;116;124;72;97116;0.13;0;0.38;0.38
1993;3;11;70;6.4;1.2;-4.8;0.3;-2.8;-7.5;1.4;-1.1;0.29;1.3;2.5;11.73;212;60;70;38;97123;0.26;0.29;0.39;0.38
1993;3;12;71;9;2.8;-2;2.2;-0.6;-2.9;0.5;0.3;0.24;1.3;2.5;8.12;471;121;115;62;97218;0.34;0;0.39;0.38
1993;3;13;72;11.3;3.9;-2.9;3.1;0;-3.9;0.1;1.1;0.19;1.3;2.6;4.94;500;143;116;72;97069;0.6;0;0.39;0.38
1993;3;14;73;11.6;4.6;-1.1;4;1.3;-1.8;-0.1;1.6;0.16;1.3;2.6;2.71;517;146;111;71;97107;0.73;0;0.39;0.38
1993;3;15;74;12.2;4.8;-1.8;4.9;1.1;-2.7;0.7;0.1;0.15;1.3;2.6;1.4;534;146;111;68;97323;0.94;0.24;0.39;0.38
1993;3;16;75;13.6;6.3;-0.1;4.3;0.8;-1.7;1.6;-0.4;0.14;1.3;2.6;0.72;526;142;102;62;97249;1.13;0.05;0.39;0.38
1993;3;17;76;10.5;7.7;2.5;6.6;4.2;-1.4;2.6;-0.8;0.13;1.3;2.6;0.36;216;54;45;19;96823;0.9;1.84;0.39;0.38
1993;3;18;77;19.5;12.9;7.7;9;7;4.9;2.2;-1.3;0.13;1.4;2.6;0.06;554;156;113;70;96726;1.62;0.02;0.39;0.38
1993;3;19;78;12.8;9;4.1;4.5;2.4;0.9;2.4;-2.5;0.13;1.4;2.6;0;441;135;104;71;96865;1.42;0.07;0.39;0.38
1993;3;20;79;16.9;8.7;0.1;6.2;2.3;-1.2;0.9;0.3;0.13;1.4;2.6;0;581;173;133;87;96937;1.57;0;0.39;0.38
1993;3;21;80;18.2;10.4;1.4;9.2;5.3;-0.1;0.3;0.3;0.13;1.4;2.6;0;577;165;123;77;96319;1.52;0;0.38;0.38
1993;3;22;81;18.2;11.8;4.9;9.8;6.7;2.4;0.4;-0.3;0.13;1.4;2.6;0;563;151;111;61;96280;1.53;2.28;0.38;0.38
1993;3;23;82;17.4;10.9;4.9;7.7;5.4;2.2;1.4;-1;0.13;1.5;2.6;0;566;142;112;60;96561;1.85;2.21;0.38;0.38
1993;3;24;83;7.6;5.8;3.8;4.4;0.8;-1.9;0;-1.4;0.13;1.5;2.6;0;296;72;53;30;96856;1.32;3.01;0.38;0.38
1993;3;25;84;4.5;3.2;1.6;2.3;-0.4;-3.5;0.8;-3.1;0.14;1.5;2.6;0.33;252;75;48;36;96497;1.82;3.98;0.38;0.38
1993;3;26;85;4.4;1.3;-1.1;-2.1;-4;-5.3;1;-4.4;0.15;1.5;2.6;0.81;472;131;86;63;96328;1.36;2.1;0.38;0.38
1993;3;27;86;3.5;0.2;-2.5;-5.4;-7.7;-9.8;0.5;-5.6;0.15;1.5;2.6;1.15;538;160;96;73;96175;1.33;0.28;0.38;0.38
1993;3;28;87;0.1;-1.2;-2.1;-3.5;-5.1;-6.4;3.6;-6.9;0.22;1.6;2.6;6.54;191;58;28;22;95324;0.72;10.58;0.38;0.38
1993;3;29;88;1.8;-0.6;-3;-5.2;-6.2;-8.2;3.3;-3.7;0.3;1.6;2.6;11.57;411;116;76;53;96026;1.46;0.76;0.38;0.38
1993;3;30;89;3.7;-1.1;-6.3;-4.1;-7.1;-11.2;1.7;-0.7;0.29;1.6;2.6;10.94;361;111;68;53;96669;1.23;0.87;0.38;0.38
1993;3;31;90;8.9;2.7;-3;-1.7;-4;-6;0.5;-0.1;0.26;1.6;2.6;8.86;522;145;115;57;96743;1.35;0.06;0.38;0.38
1993;4;1;91;10.1;4.4;-1;1.9;-0.5;-3.6;-1;1.7;0.21;1.6;2.6;5.65;557;158;103;63;96370;1.13;0;0.38;0.38
1993;4;2;92;6.5;3.9;1.4;1.6;0.1;-1.8;-0.9;1.3;0.18;1.7;2.6;3.32;241;72;52;33;95897;0.57;0.08;0.38;0.38
1993;4;3;93;8.4;4.6;0.6;1.9;0;-1.2;-0.2;-0.4;0.17;1.7;2.6;2.13;447;127;87;46;95813;1.21;2.28;0.38;0.38
1993;4;4;94;9.3;5.3;1;2.4;1.7;0.3;0.4;0.2;0.16;1.7;2.6;1.28;393;105;84;42;95689;1.22;1.34;0.39;0.38
1993;4;5;95;10.8;5.8;0.6;1.2;0.1;-1.2;1.8;-2;0.15;1.7;2.6;0.69;547;171;103;73;95930;1.9;0.76;0.39;0.38
1993;4;6;96;10.5;5.6;0.6;5.3;1.8;-1.9;0.8;0.3;0.15;1.7;2.6;0.38;374;107;79;50;95421;1.12;1.82;0.38;0.38
1993;4;7;97;10.7;5.8;1;3.4;1.2;-0.5;2.5;-1.1;0.15;1.8;2.6;0.2;558;139;99;66;95310;1.7;1.4;0.38;0.38
1993;4;8;98;8.9;5.7;2.5;3.2;1.2;-0.5;2;-3;0.15;1.8;2.6;0.08;590;184;101;82;95900;1.94;2.15;0.38;0.38
1993;4;9;99;8.9;5.3;0.8;0.6;0;-0.8;1.1;-3;0.15;1.8;2.6;0.02;402;131;94;64;96367;1.48;0.41;0.38;0.38
1993;4;10;100;10.4;4.3;-0.4;1.6;-0.1;-1.9;-0.9;-0.4;0.15;1.8;2.6;0;585;162;103;61;96054;1.42;0;0.38;0.38
1993;4;11;101;5.1;3.8;2.9;3.6;1.6;-1.1;-1.2;0.9;0.15;1.8;2.6;0.12;208;52;23;13;95466;1.07;5.51;0.38;0.38
1993;4;12;102;6.4;3.8;2;2.8;1.9;1.3;-0.5;0.6;0.15;1.9;2.6;0.37;288;76;46;23;95161;1.21;4.49;0.39;0.38
1993;4;13;103;10.8;5.9;-0.6;4.5;2.6;-1.1;-0.5;0.7;0.15;1.9;2.6;0.26;368;123;87;46;95090;1.31;0.74;0.39;0.38
1993;4;14;104;13.4;7.9;3.9;5.2;3.8;2.9;0.4;-0.6;0.15;1.9;2.6;0.1;551;163;104;55;95745;2.06;3;0.39;0.38
1993;4;15;105;10.9;7.8;4.5;6.7;4.8;1.1;0;-1.6;0.15;1.9;2.6;0.02;391;115;67;43;95680;1.66;4.86;0.39;0.38
1993;4;16;106;11;7.4;4;0.5;-1.1;-2.7;0.9;-4.6;0.15;2;2.6;0;630;201;108;84;96174;2.48;0;0.39;0.38
1993;4;17;107;10.5;6.4;2.2;2;-0.1;-2;0.7;-1.8;0.15;2;2.6;0;536;182;96;78;96479;2.07;0.72;0.38;0.38
1993;4;18;108;12.1;7.7;2.1;5.7;3.6;0.4;2.2;-0.2;0.15;2;2.6;0;251;93;84;44;96342;1.1;0.37;0.38;0.38
1993;4;19;109;14;10.7;7.1;6.9;5.5;3.6;2.9;-0.9;0.15;2.1;2.7;0;332;109;76;37;96166;1.63;1.83;0.38;0.38
1993;4;20;110;11.2;8.1;4.5;7.3;6.2;3.8;-0.1;-0.3;0.15;2.1;2.7;0;239;66;69;31;96677;1.06;3.16;0.38;0.38
1993;4;21;111;15.5;10.3;3.3;9.3;6.8;2.9;0.1;3;0.15;2.1;2.7;0;453;133;73;46;96382;1.54;0.01;0.38;0.38
1993;4;22;112;19.2;13.5;5.3;11.3;9.2;5;-0.4;0.5;0.15;2.2;2.7;0;677;220;122;80;96047;2.55;0.05;0.38;0.38
1993;4;23;113;19.9;14.4;8.8;11.6;9.7;6.7;-0.3;0.4;0.15;2.2;2.7;0;661;211;118;75;96056;2.71;1.55;0.38;0.38
1993;4;24;114;20.3;14.2;6.1;8.7;5.2;3.2;-0.2;3.3;0.16;2.2;2.7;0;697;237;130;93;95903;3.64;0;0.38;0.38
1993;4;25;115;21;15.6;9.2;8.4;6.7;4.7;-0.9;3.5;0.16;2.3;2.7;0;681;228;117;92;95961;3.6;0;0.37;0.38
1993;4;26;116;17.7;13.9;10.2;8.6;8;7.4;-1.1;2.5;0.16;2.3;2.7;0;453;120;75;57;96265;1.92;0.32;0.37;0.38
1993;4;27;117;20.4;15.2;9.9;9.1;7;4.6;-0.4;1.7;0.16;2.3;2.7;0;693;224;129;78;96551;3.42;0.42;0.37;0.38
1993;4;28;118;20.3;15.9;9.9;8.8;5.8;4;-0.9;1.1;0.16;2.4;2.7;0;580;214;123;83;96392;3.19;0.17;0.36;0.38
1993;4;29;119;20.1;15.2;9.7;10.1;7.5;4.5;-0.8;-0.5;0.16;2.4;2.7;0;627;198;113;70;96164;2.91;2.92;0.36;0.38
1993;4;30;120;18.6;14.3;10.5;10;7.9;6.8;-1;1.1;0.16;2.4;2.7;0;632;196;106;68;96229;2.96;1.21;0.36;0.38
1993;5;1;121;18.8;14.1;8.1;8.7;7;5.6;0;1.6;0.16;2.5;2.7;0;560;206;107;77;95924;3;0.24;0.36;0.38
1993;5;2;122;20.7;14.9;7.9;7.9;6.5;4.8;0.7;1.6;0.16;2.5;2.7;0;676;221;117;80;95644;3.34;0.05;0.35;0.38
1993;5;3;123;19.7;14.6;8.2;10.7;8.8;6.3;0.9;-1;0.16;2.6;2.7;0;642;204;109;69;96254;3.22;3.06;0.35;0.38
1993;5;4;124;17.6;13.7;10.4;11.6;9.2;5.7;1;-4.5;0.16;2.6;2.7;0;556;188;85;59;96811;2.94;0.96;0.35;0.38
1993;5;5;125;11.3;10;8.5;8.5;6.8;5.1;1.3;-3.7;0.16;2.6;2.7;0;283;85;51;32;96620;1.9;3.52;0.35;0.38
1993;5;6;126;17.7;12.3;7.6;13;10;6.6;0;-1.5;0.16;2.7;2.7;0;591;182;99;53;96484;2.77;7.72;0.35;0.38
1993;5;7;127;18.4;13.6;8.8;11;9.6;7.8;-0.3;-1.2;0.16;2.7;2.7;0;577;195;99;64;96461;3.15;3.85;0.36;0.38
1993;5;8;128;20.1;14.6;8.4;11.2;9.2;6.8;-0.8;-1.1;0.16;2.7;2.7;0;647;223;110;73;96485;3.43;0.38;0.35;0.38
1993;5;9;129;19.7;14.7;9.8;13;11.1;8.7;-0.6;-0.1;0.16;2.8;2.7;0;608;202;95;63;96541;3.12;2.56;0.35;0.38
1993;5;10;130;20.5;15.3;9.2;10.9;9.4;7.7;-0.6;0.8;0.16;2.8;2.7;0;654;220;107;76;96630;3.5;0.14;0.35;0.38
1993;5;11;131;20.9;15.7;9.3;9.8;7;4.9;-0.3;1.9;0.17;2.8;2.8;0;699;229;115;85;96462;3.84;0;0.35;0.37
1993;5;12;132;21.6;16.1;9.6;8.8;5.7;3.6;-0.5;1.9;0.17;2.9;2.8;0;710;252;127;93;95717;4.15;0;0.34;0.37
1993;5;13;133;21.7;16.4;9.8;8.7;6.6;4.5;0.1;2;0.17;2.9;2.8;0;628;231;114;81;94888;3.88;0.1;0.34;0.37
1993;5;14;134;22.6;16.9;11.2;11.2;8.1;6.3;0.2;1.1;0.17;2.9;2.8;0;673;237;118;82;94775;3.85;0.24;0.34;0.37
1993;5;15;135;20.2;15.3;9.9;12.9;10.6;8.1;1.1;-1;0.17;3;2.8;0;631;192;103;69;95335;3.23;10.5;0.33;0.37
1993;5;16;136;17.7;15.1;12.5;10.7;9;5.8;1.9;-3.7;0.17;3;2.8;0;577;187;88;69;96302;3.2;0.5;0.34;0.37
1993;5;17;137;20.4;15.8;10.1;9.9;7.1;5.7;-0.2;-1.8;0.17;3;2.8;0;708;252;121;91;96571;3.95;0;0.34;0.37
1993;5;18;138;22.5;17.7;11.7;10.5;8.6;6.3;-0.2;2.2;0.17;3;2.8;0;665;241;107;83;96121;3.97;0.02;0.33;0.37
1993;5;19;139;24;18.4;11.5;12.7;10.6;9.5;0;2.4;0.17;3;2.8;0;639;229;108;77;96094;3.86;0.04;0.33;0.37
1993;5;20;140;25.3;19.2;12;12.5;10.8;9.4;0;2.3;0.17;3;2.8;0;708;251;116;82;96073;4.19;0;0.33;0.37
1993;5;21;141;24.7;18.4;11.5;12.6;11;5.7;0.8;0.1;0.17;3;2.8;0;693;228;111;78;95945;3.87;0.67;0.32;0.37
1993;5;22;142;17.7;13.9;10.4;7.5;5.3;4.1;1.6;-2.1;0.17;3;2.8;0;554;169;88;63;96328;3;0.25;0.32;0.37
1993;5;23;143;15.6;13.1;10.6;8.6;7.7;6.6;0.6;-0.9;0.17;3;2.8;0;403;120;52;40;96585;2.34;3.02;0.32;0.37
1993;5;24;144;19.8;15.3;9.9;10.4;8.2;6.5;0.1;-1.3;0.17;3;2.8;0;559;193;91;58;96542;2.98;0.03;0.32;0.37
1993;5;25;145;23;17.3;10;11.9;9.5;8;0.3;-0.2;0.17;3;2.8;0;577;212;95;72;96226;3.32;0.01;0.31;0.37
1993;5;26;146;26.7;19.5;12;16.7;12.6;9.6;0.9;0.9;0.17;3;2.8;0;709;232;116;73;95802;3.7;2.05;0.31;0.37
1993;5;27;147;27.2;21.3;14.6;14.6;13;9.7;1.8;2.1;0.17;3;2.8;0;591;200;100;65;95316;3.82;0.93;0.31;0.37
1993;5;28;148;20;16.9;11.9;13.9;11.6;9.6;1.2;-0.4;0.17;3;2.8;0;475;148;74;57;95700;2.8;6.23;0.31;0.37
1993;5;29;149;20.8;16.1;10.7;10.3;8.2;6.2;0.9;-0.8;0.17;3;2.8;0;645;230;99;79;96314;3.77;0.45;0.31;0.37
1993;5;30;150;23.9;18.6;11.9;13.4;11.9;8.7;0.3;1.5;0.17;3;2.8;0;601;219;97;72;95934;3.46;0.15;0.31;0.37
1993;5;31;151;20.9;17.6;14.7;11.5;9.3;7.6;2;-2.8;0.17;3;2.8;0;618;205;100;69;96180;3.56;0.5;0.3;0.37
1993;6;1;152;22.7;17.9;12.1;11.9;8.6;6.8;0.7;-0.1;0.17;3;2.8;0;545;210;102;78;96447;3.38;0.04;0.3;0.37
1993;6;2;153;26.4;20.1;12;13.9;10.8;8.7;0;1.7;0.17;3;2.8;0;714;254;116;82;95910;4.02;0.14;0.3;0.37
1993;6;3;154;19.4;16.2;13.2;11.4;10.2;8.8;1.9;-3.1;0.17;3;2.8;0;430;156;70;50;95716;3.47;9.51;0.3;0.37
1993;6;4;155;21.1;16.3;12.9;15.2;13.8;11.3;1;-3;0.17;3;2.8;0;546;171;84;49;96011;3.47;8.96;0.31;0.37
1993;6;5;156;23.6;19.1;14.5;15.5;14.2;13.4;0.7;-2.3;0.17;3;2.8;0;657;227;95;64;96536;3.77;0.27;0.31;0.37
1993;6;6;157;25.5;20.3;13.7;16;13.4;11.8;0.6;-0.4;0.17;3;2.8;0;629;225;105;74;96523;3.66;0.04;0.3;0.37
1993;6;7;158;26.7;21.5;14.8;16.2;14.5;13.5;1.1;-0.8;0.17;3;2.8;0;666;224;98;69;96253;3.84;0.31;0.3;0.37
1993;6;8;159;22.4;19.1;15.8;14.7;11.2;8;0;-2.4;0.17;3;2.8;0;666;232;114;76;96413;3.8;0;0.3;0.37
1993;6;9;160;24;19.4;14.4;11.6;9.9;7.6;-0.5;2;0.17;3;2.8;0;643;226;108;79;96504;3.57;0;0.29;0.37
1993;6;10;161;27.2;21.5;15.8;15.6;12;9;0;3.9;0.17;3;2.8;0;706;250;101;78;96179;4.17;0.03;0.29;0.37
1993;6;11;162;27;22.5;17.8;18.3;15.2;13.5;0.8;0.6;0.17;3;2.8;0;653;224;101;74;95668;3.84;2.73;0.29;0.37
1993;6;12;163;17.4;15.2;11.3;14.8;9.2;6.5;2.3;-1.9;0.17;3;2.8;0;422;130;83;49;95677;3.17;5.74;0.29;0.37
1993;6;13;164;20.1;15.3;8.9;9.2;6.4;4.8;1.5;-0.3;0.17;3;2.8;0;561;211;104;76;95820;3.27;0.24;0.29;0.36
1993;6;14;165;18.1;14.7;11.9;10.5;8.5;6.7;1.7;-1.7;0.17;3;2.8;0;289;116;88;48;96184;1.98;0.51;0.29;0.36
1993;6;15;166;18.8;14.9;10.6;11.3;10.4;9;1.5;-1.2;0.17;3;2.8;0;480;136;77;50;96343;2.23;2.15;0.29;0.36
1993;6;16;167;20;15;10.3;9.1;5.8;2.9;1.2;-2.1;0.17;3;2.8;0;656;220;101;79;96758;3.39;0.01;0.29;0.36
1993;6;17;168;18;14.8;11.9;15.1;10.4;4.9;1.3;0;0.17;3;2.8;0;253;78;75;40;96281;1.91;6.09;0.29;0.36
1993;6;18;169;20.6;16;10.9;10.5;8.1;6.6;1.1;-0.9;0.17;3;2.8;0;527;190;94;72;96761;2.97;0.07;0.29;0.36
1993;6;19;170;26.5;19.9;11.1;15.1;12.1;8.4;1.1;2;0.17;3;2.8;0;695;245;113;79;96502;3.72;0;0.28;0.36
1993;6;20;171;27.4;20.7;14.8;16.8;14.9;13.1;0.9;-0.9;0.17;3;2.8;0;620;202;105;61;96203;3.5;4.14;0.28;0.36
1993;6;21;172;22.6;18.1;14;14.9;13.1;11.7;0.2;1;0.17;3;2.8;0;471;160;70;53;96302;2.75;1.99;0.28;0.36
1993;6;22;173;22.3;18.2;12.3;15.8;13.6;11.5;-0.2;0.2;0.17;3;2.8;0;471;173;70;53;96073;2.89;1.48;0.28;0.36
1993;6;23;174;24.5;19.5;16;16.7;15.5;14.3;1.1;0.8;0.17;3;2.8;0;495;184;75;50;95546;3.34;15.99;0.28;0.36
1993;6;24;175;18.3;15.7;11.7;15;10.5;5.7;1.6;-2.4;0.16;3;2.8;0;488;129;91;49;96161;3.05;3.7;0.3;0.36
1993;6;25;176;18.3;14.5;9.3;7.2;4.9;3.3;1.7;-1.9;0.16;2.9;2.8;0;478;179;99;67;96783;3.09;0;0.29;0.36
1993;6;26;177;14.1;12.2;10;9.6;6.7;3.5;1.5;-1.2;0.16;2.9;2.8;0;266;92;89;50;96527;1.98;2.76;0.29;0.36
1993;6;27;178;17.1;13;9;11.7;9.1;6.2;1.3;0.5;0.16;2.9;2.8;0;292;95;60;41;96256;1.49;1.39;0.29;0.36
1993;6;28;179;16.4;13.2;9.9;11.8;8.2;5.9;2;-2.2;0.16;2.9;2.8;0;575;196;93;63;96095;3.28;3.22;0.29;0.36
1993;6;29;180;17.8;14.2;9.8;10.2;7.9;6.3;0.3;-1.6;0.16;2.9;2.8;0;495;172;86;66;96465;2.57;0.08;0.29;0.36
1993;6;30;181;21.5;16.5;9.4;12.6;9.5;7.4;0.3;-0.1;0.16;2.9;2.8;0;624;214;100;72;96090;3.19;0.16;0.29;0.36
1993;7;1;182;20;15.9;11;9.9;8.1;6.2;0.1;-2.4;0.16;2.9;2.8;0;740;273;126;94;96404;3.67;0;0.29;0.36
1993;7;2;183;24.9;18.7;10.9;14.3;11.3;8.3;-0.1;1.4;0.16;2.9;2.8;0;716;261;118;82;96388;3.77;0;0.28;0.36
1993;7;3;184;26.2;20.7;13.6;16.6;14.2;12.3;1;-0.5;0.16;2.9;2.8;0;655;220;101;68;96603;3.5;0.74;0.28;0.36
1993;7;4;185;27.9;22.9;17;16;13.9;12.3;1.4;-1.2;0.16;2.9;2.7;0;581;220;97;73;96925;3.68;0.01;0.28;0.36
1993;7;5;186;28.1;22.9;16.5;16.8;15.8;14.5;0.2;1.4;0.16;2.9;2.7;0;682;226;99;66;96439;3.6;0.44;0.28;0.36
1993;7;6;187;20.4;16;12.2;16.1;9.5;2.7;1.4;-4.3;0.16;2.8;2.7;0;269;102;73;45;96191;2.8;4.49;0.28;0.36
1993;7;7;188;18;14.8;11.1;7.2;5.6;3.6;2.4;-3.2;0.16;2.8;2.7;0;554;171;90;68;96536;2.63;0.05;0.27;0.36
1993;7;8;189;19.2;15.1;10.3;10.3;8.1;6.5;1;-1.7;0.16;2.8;2.7;0;442;156;78;57;96560;2.39;0.58;0.27;0.36
1993;7;9;190;23.4;18.4;11.1;11.7;9.9;8.2;0.4;2.5;0.16;2.8;2.7;0;668;228;111;78;96287;3.27;0.37;0.27;0.36
1993;7;10;191;27.2;20.9;14.3;12.7;11.2;9.2;0.7;3.5;0.16;2.8;2.7;0;719;233;115;80;95568;3.49;0;0.27;0.36
1993;7;11;192;23.5;16.4;10.3;13.1;9.8;5.5;2;-0.6;0.16;2.8;2.7;0;518;167;91;57;95404;3.1;3.04;0.27;0.36
1993;7;12;193;17.9;13.7;9.9;7;5.9;5;1.9;-2.5;0.16;2.8;2.7;0;706;205;113;78;96158;2.85;1.22;0.27;0.36
1993;7;13;194;16.3;13.1;10.8;7.3;6;4.5;3;-3.5;0.16;2.8;2.7;0;635;218;111;79;96527;2.38;0.27;0.27;0.36
1993;7;14;195;18.1;14.7;9.9;9;6;3.8;1.8;-1.2;0.16;2.8;2.7;0;606;208;106;73;96318;2.59;0.22;0.26;0.35
1993;7;15;196;19.7;15.7;13;14;11.2;8.1;1.2;0.7;0.16;2.8;2.7;0;406;106;69;37;96025;2.13;5.6;0.27;0.35
1993;7;16;197;25.4;18.5;13.4;17.8;14.9;11.7;1.3;0.9;0.16;2.8;2.7;0;636;161;88;43;96267;2.63;7.29;0.27;0.35
1993;7;17;198;25.7;20.5;14.5;18.7;16.7;13.5;0.9;0.4;0.16;2.8;2.7;0;616;201;92;62;96490;3.2;3.76;0.27;0.35
1993;7;18;199;23.3;19.9;15.9;18.5;17;14.8;0.4;0.6;0.16;2.8;2.7;0;490;158;64;51;96377;2.77;4.34;0.27;0.35
1993;7;19;200;23.3;19.4;16.1;18.3;17.1;15.9;-0.3;0.3;0.16;2.7;2.7;0;496;140;70;38;95928;2.7;35.8;0.29;0.35
1993;7;20;201;18.4;16.4;13.6;15.7;12.2;8.9;1;-1.3;0.16;2.7;2.7;0;236;90;64;39;95675;2.59;9.36;0.3;0.35
1993;7;21;202;20.3;16.7;13;10.8;9.9;9.1;1.3;-2.3;0.16;2.7;2.7;0;534;190;91;60;96134;3.48;0.04;0.31;0.35
1993;7;22;203;18.7;15.6;13.1;9.9;9.1;7.9;1.8;-4.1;0.16;2.7;2.7;0;627;217;97;75;96428;3.36;0.22;0.3;0.35
1993;7;23;204;18.5;15.3;11.9;9.3;8.6;7.6;2.9;-2.7;0.16;2.7;2.7;0;601;220;100;77;96682;3.29;0.21;0.3;0.35
1993;7;24;205;23.2;18.4;13.5;14.9;10.9;7.5;2.2;-0.7;0.16;2.7;2.7;0;668;213;97;66;96379;3.55;0;0.3;0.35
1993;7;25;206;26.8;19.9;13.1;17.3;13.8;10.7;1.1;0.4;0.16;2.7;2.7;0;703;230;108;64;95723;4.3;15.72;0.3;0.35
1993;7;26;207;17.6;15.3;11;11.2;9.4;7.6;1.7;-0.8;0.16;2.7;2.7;0;283;78;76;38;96367;2.07;1.98;0.31;0.35
1993;7;27;208;21.2;16.2;9.3;11.7;8.7;7.3;1.1;0.3;0.16;2.7;2.7;0;576;190;100;68;96653;3.14;0.32;0.31;0.35
1993;7;28;209;20.5;17.1;14.1;14.6;13.1;8.8;1.3;0.3;0.16;2.7;2.7;0;261;75;50;25;96537;1.68;3.19;0.31;0.35
1993;7;29;210;22.6;18.7;15.8;17.3;15.2;13.6;0.5;0.1;0.16;2.7;2.7;0;421;130;64;40;96796;2.2;0.97;0.31;0.35
1993;7;30;211;28.4;22.2;14.7;17.8;15.9;13.6;-0.2;2.8;0.16;2.7;2.7;0;680;242;99;73;96492;4.16;0;0.3;0.35
1993;7;31;212;27.8;20.4;16.4;17.3;13.4;8.6;1.7;-0.9;0.16;2.7;2.7;0;631;194;92;67;96254;3.67;3.69;0.3;0.35
1993;8;1;213;21.4;17.6;14.4;12.8;10.8;9.4;0.5;-2.6;0.16;2.7;2.7;0;651;215;104;72;96999;3.86;1.53;0.3;0.35
1993;8;2;214;25.4;19.6;12.8;16.1;12.8;9.7;0;1.7;0.16;2.7;2.7;0;689;234;108;76;96815;3.62;0;0.3;0.35
1993;8;3;215;28.6;22.4;14.8;17.1;14.8;12.5;0.3;1;0.16;2.7;2.7;0;679;228;114;75;96713;3.74;0.11;0.3;0.35
1993;8;4;216;30.1;24.2;17.2;16.9;14.5;12.5;0.3;1.8;0.16;2.6;2.7;0;684;237;115;77;96662;4.03;0;0.29;0.35
1993;8;5;217;30.1;23.6;18.8;19;16.5;13.3;0.9;0.7;0.16;2.6;2.7;0;656;217;102;64;96454;3.82;3.64;0.29;0.35
1993;8;6;218;24.9;21;17.3;18.2;14.8;9.6;1.3;-1.9;0.16;2.6;2.7;0;547;180;83;61;96493;3.45;3.48;0.29;0.35
1993;8;7;219;22.6;18.7;14.2;12.3;9.5;8.8;0;-1.4;0.16;2.6;2.7;0;682;223;118;85;96737;3.51;0;0.29;0.35
1993;8;8;220;23.6;19.5;16;14;11.1;8.3;-0.3;0.3;0.16;2.6;2.7;0;644;202;111;70;96423;3.01;0;0.29;0.35
1993;8;9;221;19.6;16.9;14.3;15;13.3;11.3;1;-1.5;0.16;2.6;2.7;0;265;86;75;42;96142;1.91;7.93;0.29;0.35
1993;8;10;222;22.5;17.9;14;13.5;11;8.8;1.7;-1.4;0.16;2.6;2.7;0;518;149;84;59;95795;3.13;2.72;0.29;0.35
1993;8;11;223;19.7;15.9;12.6;10.4;8.7;6.2;1.9;-1.9;0.16;2.6;2.7;0;632;192;101;77;96325;3.03;0.01;0.29;0.35
1993;8;12;224;24.8;18.8;11.4;13.2;10.9;7.9;0.8;2.1;0.16;2.6;2.7;0;666;227;117;84;96486;3.4;0;0.29;0.35
1993;8;13;225;25.6;20.5;14.1;17.1;14.7;11;0.6;-1;0.16;2.6;2.7;0;629;190;99;70;96696;2.89;3.76;0.29;0.35
1993;8;14;226;27.6;22;14.9;16.4;14;12.3;-0.2;1.7;0.16;2.6;2.7;0;636;221;112;80;96836;3.59;0;0.29;0.35
1993;8;15;227;28.7;22.7;16.2;14.3;12.7;11.6;-0.2;2.6;0.16;2.6;2.7;0;674;231;121;90;96655;3.73;0;0.28;0.35
1993;8;16;228;28.8;22.9;16.3;14.3;12.6;11.1;-0.1;1.6;0.16;2.6;2.7;0;665;225;126;86;96731;3.53;0;0.28;0.35
1993;8;17;229;25.9;21.4;16.8;17.9;15.4;11.3;1.4;-1.6;0.15;2.6;2.7;0;534;167;88;60;96820;2.87;3.87;0.28;0.35
1993;8;18;230;21.4;18.3;14.2;13.9;10.4;9.1;0.4;-2.9;0.15;2.6;2.7;0;573;171;93;67;97024;2.65;0;0.28;0.35
1993;8;19;231;22.7;18;11.6;13;9.9;8.6;0.1;-0.8;0.15;2.6;2.7;0;619;190;107;76;96959;2.61;0.05;0.28;0.35
1993;8;20;232;22.9;18.9;13.2;16;12.4;8.7;0.4;0.2;0.15;2.6;2.7;0;518;157;93;60;96886;2.2;0.4;0.27;0.34
1993;8;21;233;27.1;21.7;15.8;17;13.5;11.7;1.5;-0.3;0.15;2.6;2.7;0;605;192;106;70;96576;2.82;0.01;0.27;0.34
1993;8;22;234;29.9;23.5;15.5;16.2;14.6;13;0.8;1.9;0.15;2.6;2.7;0;640;212;109;77;95954;3.12;0.27;0.27;0.34
1993;8;23;235;26.8;22;17.8;16.8;15.1;13.6;0.6;-0.6;0.15;2.5;2.7;0;440;129;75;53;95747;2.55;2.42;0.27;0.34
1993;8;24;236;18.6;16.1;12.6;15.7;13.8;10.7;0.4;-2.8;0.15;2.5;2.7;0;396;93;51;32;96058;1.98;5;0.27;0.34
1993;8;25;237;12.9;12.4;11.8;11;10;9.3;0.4;-1.6;0.15;2.5;2.7;0;119;38;27;16;96248;1.82;20.19;0.28;0.34
1993;8;26;238;16.6;13.6;10.9;11.2;10.4;9.5;0.5;-0.8;0.15;2.5;2.7;0;325;81;65;38;96357;1.38;0.68;0.29;0.34
1993;8;27;239;18.8;14.9;10.5;13.3;10.7;9.3;-0.2;1.8;0.15;2.5;2.7;0;448;124;73;36;96050;1.95;1.62;0.29;0.34
1993;8;28;240;15.6;13.1;10.7;13.3;9.6;7.3;0.9;-3.6;0.15;2.5;2.7;0;414;123;71;40;95941;2.35;1.85;0.29;0.34
1993;8;29;241;15.1;12;9.4;8.9;7.6;6.5;1.2;-3.5;0.15;2.5;2.7;0;542;176;93;71;96915;2.24;1.17;0.29;0.34
1993;8;30;242;17.8;13.4;7.7;8;5.7;4;0.7;-0.1;0.15;2.5;2.7;0;508;153;105;73;96828;2.19;0.01;0.29;0.34
1993;8;31;243;14.8;12.3;10.3;9.3;6.7;5.1;2.4;-1.7;0.15;2.5;2.7;0;530;151;91;53;96368;2.61;5.86;0.29;0.34
1993;9;1;244;14.6;11.5;9.6;10.5;8.5;6.4;2;-2.8;0.15;2.5;2.7;0;406;109;84;46;96626;2.39;6.29;0.29;0.34
1993;9;2;245;16.4;12.8;10;8.7;7.7;6.4;1.6;-2.3;0.15;2.5;2.7;0;510;145;88;62;96613;2.05;0.34;0.29;0.34
1993;9;3;246;17.3;12.6;8.5;11.9;9.2;7.1;0.7;0.7;0.15;2.5;2.7;0;433;108;73;45;95837;1.63;6.99;0.29;0.34
1993;9;4;247;15.8;12.1;8.6;10.4;8.5;6;1;-0.8;0.15;2.5;2.7;0;414;118;78;46;95509;2.37;5.28;0.3;0.34
1993;9;5;248;13.2;10.5;8.3;6.9;5;3.6;2.5;-3.4;0.15;2.5;2.7;0;536;153;95;70;95816;2.16;0.74;0.3;0.34
1993;9;6;249;15.1;10.9;7.4;5.3;4.3;3.4;0.9;-1.1;0.15;2.5;2.7;0;486;140;101;75;96484;1.92;0.02;0.3;0.34
1993;9;7;250;19.4;12.7;5.1;10.6;7.5;3.5;0.1;1.1;0.15;2.5;2.7;0;614;190;124;85;96175;2.29;0;0.3;0.34
1993;9;8;251;23.2;15.9;7.8;14;11;6.7;0.9;1.4;0.15;2.5;2.7;0;560;163;95;66;95718;2.21;0;0.29;0.34
1993;9;9;252;24.2;19;12.7;14.7;13.7;11.5;0.9;2.1;0.15;2.5;2.7;0;567;170;100;65;95812;2.5;0;0.29;0.34
1993;9;10;253;22.7;17.6;14.4;15;13.6;12.2;1.2;-0.3;0.15;2.5;2.7;0;437;123;74;46;95617;2.26;4.66;0.29;0.34
1993;9;11;254;20;16;12;12.6;11;9.1;0.4;0.6;0.15;2.5;2.7;0;494;138;91;55;95837;2.28;1.29;0.29;0.34
1993;9;12;255;18.7;14.5;10.3;12.2;10.4;8.5;0.7;-0.9;0.15;2.5;2.7;0;417;129;98;55;95469;2.01;0.89;0.29;0.34
1993;9;13;256;22.5;17.1;12;12.5;11.1;9.9;1.1;3.6;0.15;2.5;2.7;0;563;164;98;72;95083;2.47;0;0.29;0.34
1993;9;14;257;22.3;18.3;16;13.2;10.7;7.6;1.1;4.1;0.15;2.5;2.7;0;463;134;106;64;94965;2.34;0.02;0.29;0.34
1993;9;15;258;19.7;15.9;11.8;11.1;8.5;7.3;0.7;1.7;0.15;2.5;2.7;0;539;157;114;74;95357;2.58;1.68;0.29;0.34
1993;9;16;259;20.2;15;10;12.8;10;7.3;0.5;0.1;0.15;2.4;2.7;0;549;145;109;63;95694;2.19;4.73;0.29;0.34
1993;9;17;260;17.7;14.4;11.2;11.4;9.7;8.7;0.8;0.5;0.15;2.4;2.7;0;426;100;75;39;96279;1.7;5.43;0.29;0.34
1993;9;18;261;15.9;13.3;11.2;11.3;9.6;8.3;-0.3;-0.6;0.14;2.4;2.7;0;467;110;74;44;96700;1.71;1.45;0.29;0.34
1993;9;19;262;15.9;13.1;10.4;9.8;9.1;7.9;-1.2;0.6;0.14;2.4;2.7;0;383;83;59;35;97197;1.17;0.12;0.29;0.34
1993;9;20;263;17.3;13.8;11.1;9.9;9.1;7.6;-0.9;2.3;0.14;2.3;2.7;0;403;100;70;47;97416;1.39;0.02;0.29;0.34
1993;9;21;264;20;15.1;10.4;12.2;9.9;6.9;0;3.3;0.14;2.3;2.7;0;539;158;100;76;97156;1.97;0;0.29;0.34
1993;9;22;265;20.8;16.1;11.5;12.8;11.4;9.9;-0.3;3.7;0.14;2.3;2.7;0;540;159;104;77;96791;1.92;0;0.29;0.34
1993;9;23;266;24.2;18.4;13.1;14.7;13.5;11.3;0.6;3.3;0.14;2.3;2.7;0;535;156;104;77;96085;2.02;0;0.29;0.34
1993;9;24;267;23.5;18.8;14.6;13.7;12.4;10.1;0.3;3.7;0.14;2.2;2.7;0;540;159;108;86;95797;2.18;0;0.29;0.34
1993;9;25;268;21.7;16.9;13.5;13.9;11.8;9.4;0.2;3.6;0.14;2.2;2.7;0;517;142;94;67;95358;1.85;0.27;0.28;0.34
1993;9;26;269;14;12.8;10.7;12.9;8.1;5.7;1.6;-0.8;0.14;2.2;2.7;0;205;52;49;33;95707;1.27;2.49;0.28;0.34
1993;9;27;270;15.7;11.8;7.9;6.8;5.9;4.9;1;0.9;0.14;2.1;2.7;0;424;117;98;71;96320;1.36;0.05;0.28;0.34
1993;9;28;271;16.5;11.5;6.5;8.8;7.2;4.8;-0.1;0.8;0.14;2.1;2.6;0;476;110;100;60;96196;1.17;0.35;0.28;0.34
1993;9;29;272;10.4;9.5;7.1;9.9;8.7;5.1;0.3;-2;0.14;2.1;2.6;0;51;11;53;15;96030;0.7;24.12;0.29;0.34
1993;9;30;273;10.2;7.6;3.8;4.5;3.1;1.6;-0.1;-0.6;0.14;2.1;2.6;0;350;93;85;56;96432;1.19;0;0.3;0.34
1993;10;1;274;16.5;12.4;7.9;9.5;7.8;4.6;-0.4;4.7;0.14;2;2.6;0;381;99;73;54;95804;1.26;0;0.3;0.34
1993;10;2;275;18;14.5;11.9;13.7;11.3;9;-2.2;4.7;0.14;2;2.6;0;360;85;59;33;95007;1.9;14.82;0.3;0.34
1993;10;3;276;16.1;13.6;11;13.2;10.7;6.7;-0.4;1.8;0.14;2;2.6;0;278;68;63;28;94911;1.78;5.75;0.32;0.34
1993;10;4;277;14.2;10.7;6.4;7.7;6.2;4.5;1.3;-2.5;0.14;2;2.6;0;275;59;81;44;95763;1.64;1.79;0.32;0.34
1993;10;5;278;18.1;12;5.9;10.1;7.7;4;0.2;1.7;0.14;1.9;2.6;0;493;137;112;76;95993;1.49;0;0.32;0.34
1993;10;6;279;20.6;15;10.4;11.5;10.2;8.1;1.6;4;0.14;1.9;2.6;0;426;122;97;74;95430;1.57;0;0.32;0.34
1993;10;7;280;19.8;15.9;12.4;13.6;12.2;11.1;1.6;2.4;0.14;1.9;2.6;0;389;101;80;68;95843;1.24;0.04;0.32;0.34
1993;10;8;281;20.5;16.2;11.7;13.8;11.9;9.5;0.6;3;0.14;1.9;2.6;0;429;106;85;61;95849;1.36;0;0.31;0.34
1993;10;9;282;15.9;13;8.5;12.6;9.6;7.1;1;0.4;0.14;1.8;2.6;0;351;76;85;53;95927;1.54;11.21;0.32;0.34
1993;10;10;283;16.1;11.4;8.1;9.5;8;6.5;0.2;1.1;0.14;1.8;2.6;0;390;94;87;60;96250;1.05;0.06;0.32;0.34
1993;10;11;284;18.9;12.2;5.6;12.1;8.5;4.8;0.6;0.9;0.14;1.8;2.6;0;470;128;118;81;95760;1.27;0;0.32;0.34
1993;10;12;285;21.7;14.9;6.5;12.5;9.1;6;1.9;3;0.14;1.8;2.6;0;458;120;105;70;95348;1.62;0;0.32;0.34
1993;10;13;286;18.6;16.2;12.8;13;11.2;9.5;0.5;1.7;0.14;1.7;2.6;0;342;90;88;57;95667;1.18;0.24;0.32;0.34
1993;10;14;287;21.5;17.3;11.3;13.4;11.5;9.4;1.7;4;0.14;1.7;2.6;0;299;66;87;64;95275;1.23;0.01;0.32;0.34
1993;10;15;288;17.4;13.3;10.5;11.2;9.7;8.2;1.2;1;0.14;1.7;2.6;0;339;76;87;51;95800;1.03;2.96;0.32;0.34
1993;10;16;289;14.9;11.6;6.2;9.2;7.9;5.3;0.1;1.7;0.14;1.7;2.6;0;392;87;89;66;96573;1.16;0.43;0.32;0.34
1993;10;17;290;17.7;11.7;6;9.6;7.5;4.6;0.9;-0.6;0.13;1.7;2.6;0;331;79;79;49;96537;1.29;2.39;0.32;0.34
1993;10;18;291;5.7;5.1;4.6;4.2;2;1;0.6;-2.9;0.13;1.6;2.6;0;92;21;18;8;97862;1.35;5.52;0.32;0.34
1993;10;19;292;6.3;5.6;4.7;4.3;3.6;3.3;-0.8;0.8;0.13;1.6;2.6;0;99;23;15;11;97843;0.68;0.88;0.32;0.34
1993;10;20;293;9.4;7.4;5.7;6.1;5.4;4.3;-0.4;0.4;0.13;1.6;2.6;0;159;41;29;19;97027;0.49;0.5;0.32;0.34
1993;10;21;294;7.9;6.8;4.9;6.4;5.6;4.3;-0.2;-0.5;0.13;1.6;2.6;0;54;13;15;10;96108;0.63;10.18;0.32;0.34
1993;10;22;295;9.1;6.8;4.7;8.7;6.4;4.2;0.9;-1.9;0.13;1.6;2.6;0;74;13;4;1;95847;0.55;21.72;0.34;0.34
1993;10;23;296;14.9;11.4;8.7;11.5;10.1;8.5;-1.2;-1.3;0.13;1.6;2.6;0;272;57;49;22;95773;0.8;16.43;0.35;0.34
1993;10;24;297;13.8;10.3;6.2;11.1;7.3;5.2;0.4;2.5;0.13;1.6;2.6;0;342;86;87;56;96105;1.05;0.12;0.37;0.34
1993;10;25;298;9.9;7;4.9;6.2;5;2.7;1;-2.4;0.13;1.6;2.6;0;239;59;59;43;96890;0.5;0.1;0.36;0.34
1993;10;26;299;6;4.2;1.6;1.9;0;-0.6;0.1;-2.2;0.13;1.6;2.6;0;265;66;77;49;97379;0.65;0.01;0.36;0.34
1993;10;27;300;8.1;3.7;0.3;2.4;0.7;-0.7;0.4;-0.1;0.13;1.6;2.6;0;363;91;108;72;97436;0.63;0;0.36;0.34
1993;10;28;301;9.8;3.8;-1.1;2.8;0.9;-1.9;0.2;1.6;0.13;1.5;2.6;0;390;96;112;74;97404;0.69;0;0.36;0.34
1993;10;29;302;10;4.3;-0.1;4.8;2.3;-1.1;0.1;1.2;0.13;1.5;2.6;0;328;86;109;69;97489;0.54;0;0.36;0.34
1993;10;30;303;8.1;3.9;0.9;4.7;2.4;0.4;-0.1;1.1;0.13;1.5;2.6;0;252;58;82;53;97567;0.31;0;0.36;0.34
1993;10;31;304;7.3;3.3;0;2.5;1.3;-0.8;0;3;0.12;1.5;2.6;0;345;79;95;64;97260;0.5;0;0.36;0.34
1993;11;1;305;6.8;4.4;2.2;4;2.8;1.7;-0.2;3.2;0.12;1.5;2.6;0;154;39;55;33;96820;0.43;2.24;0.36;0.34
1993;11;2;306;9.6;5.8;3.1;5.3;4;2.6;-0.2;2.7;0.12;1.5;2.6;0;252;52;65;39;96281;0.5;0;0.36;0.34
1993;11;3;307;10.1;7.2;4.9;6.5;5.4;4.1;-0.5;1.8;0.12;1.5;2.6;0;235;55;57;29;96096;0.39;0.02;0.36;0.34
1993;11;4;308;9.1;7.4;6.5;7.1;6.7;6.1;-0.8;0.6;0.12;1.5;2.6;0;108;26;21;8;96124;0.21;0.37;0.36;0.34
1993;11;5;309;10.3;8.6;7.2;8.8;7.9;6.9;-0.8;1.2;0.12;1.5;2.6;0;78;18;17;6;95902;0.13;0.35;0.36;0.34
1993;11;6;310;9.7;8.9;7.9;9.6;8.7;7.8;-0.8;0.6;0.12;1.4;2.6;0;61;11;8;2;95157;0.23;7.74;0.36;0.34
1993;11;7;311;14;9.3;4;8.7;7.5;3.7;1;1.5;0.12;1.4;2.6;0;207;48;87;39;95236;0.59;0.07;0.36;0.34
1993;11;8;312;11.3;7.5;3.5;8.7;6.2;3;0.6;-0.9;0.12;1.4;2.6;0;237;45;56;33;95824;0.55;6.4;0.36;0.34
1993;11;9;313;10.6;6.8;4.2;5.7;4.1;2.9;1;-1.6;0.12;1.4;2.6;0;258;56;78;55;96414;0.62;0.09;0.37;0.34
1993;11;10;314;8.6;5.2;1.5;3.3;2.2;0.9;0.3;-0.9;0.12;1.4;2.6;0;318;62;97;50;96796;0.47;0;0.37;0.34
1993;11;11;315;8.9;6.1;3.9;4.2;3.1;0.8;-0.8;3;0.12;1.4;2.6;0;223;46;47;25;96807;0.5;0.48;0.37;0.34
1993;11;12;316;3.4;1.3;-0.8;1.2;-0.3;-2.6;-1.2;0.9;0.12;1.4;2.6;0.31;130;26;22;13;97219;0.79;6.94;0.37;0.34
1993;11;13;317;1.3;-0.5;-2;-1.4;-2.5;-3.5;0;-2.5;0.3;1.4;2.6;9.97;62;13;77;29;97103;0.24;11.95;0.37;0.34
1993;11;14;318;1.9;-0.2;-4.5;-0.9;-2.1;-5.5;0.5;2.7;0.36;1.4;2.6;12.99;119;24;67;28;96551;0.42;9.23;0.37;0.34
1993;11;15;319;4.8;1.7;-0.2;2.4;0.7;-0.7;0.1;0.8;0.32;1.3;2.6;11.46;158;34;51;24;96231;0.23;2.77;0.38;0.34
1993;11;16;320;2.7;1.1;-1.2;0.9;-1.2;-4.3;1.3;-4.9;0.27;1.3;2.6;9.32;206;41;66;41;96895;0.8;1.09;0.38;0.34
1993;11;17;321;-0.9;-2;-4.2;-4.6;-5.5;-7.2;0.9;-4.5;0.26;1.4;2.6;9.07;144;31;74;49;97630;0.52;0.75;0.38;0.34
1993;11;18;322;-1.7;-4.1;-6.5;-6.8;-8.2;-10;0.5;-2.4;0.26;1.4;2.6;9.13;272;61;104;77;97859;0.45;0;0.38;0.34
1993;11;19;323;-2.8;-4.9;-7.3;-8.6;-9.6;-11;-0.7;0.3;0.25;1.4;2.6;8.91;280;63;113;72;97462;0.36;0;0.38;0.34
1993;11;20;324;-4.8;-6.4;-9.2;-6.6;-9.1;-11.1;-1.1;-0.4;0.28;1.4;2.6;10.13;156;29;47;25;96739;0.16;7.17;0.38;0.34
1993;11;21;325;-2.9;-4.9;-7;-6.1;-6.7;-8.5;-0.1;1.7;0.39;1.4;2.6;16.8;166;37;73;30;96481;0.22;1.37;0.38;0.34
1993;11;22;326;-1.7;-3.9;-10.8;-2.6;-4.7;-12.3;-0.1;0.4;0.4;1.4;2.6;22.11;44;10;45;15;96691;0.07;8.84;0.38;0.34
1993;11;23;327;-2.1;-8.7;-17.2;-4.8;-10.5;-18.8;0.4;1.4;0.4;1.4;2.6;25.65;212;46;94;49;97098;0.19;0;0.38;0.34
1993;11;24;328;-0.7;-3.3;-6.8;-2.5;-4.5;-8;-0.3;2.5;0.39;1.4;2.6;25.53;110;23;42;20;97224;0.2;0.3;0.38;0.34
1993;11;25;329;-1.4;-3.5;-7.1;-3.5;-4.6;-8.1;-0.5;1.5;0.39;1.4;2.6;25.7;118;24;57;26;97673;0.16;0.2;0.38;0.34
1993;11;26;330;-3.7;-6.5;-9.1;-7.2;-8.3;-10.1;-0.1;2.2;0.38;1.4;2.6;25.64;178;37;80;42;97810;0.15;0.01;0.38;0.34
1993;11;27;331;-4;-5.8;-7;-7.1;-8;-8.9;-0.4;2.5;0.38;1.4;2.6;25.63;121;28;51;31;97430;0.27;0.26;0.37;0.34
1993;11;28;332;-5.1;-6.5;-7.5;-7.8;-8.5;-9.5;-0.5;0.1;0.38;1.4;2.6;26.13;103;20;32;15;97062;0.2;3.49;0.37;0.34
1993;11;29;333;-5.1;-6.6;-7.9;-6.4;-8;-9.1;0.4;-1.8;0.4;1.4;2.6;36.79;43;9;15;6;97126;0.08;17.05;0.37;0.34
1993;11;30;334;-1.4;-3.9;-5.7;-3.4;-5.3;-6.6;0.3;0.2;0.41;1.4;2.6;46.45;136;29;84;30;96560;0.09;0.7;0.37;0.34
1993;12;1;335;-3.5;-4.5;-6.7;-5.1;-6.2;-7.9;-0.2;2.9;0.4;1.4;2.6;46.48;119;25;53;35;96144;0.15;0.07;0.37;0.34
1993;12;2;336;-0.3;-4.8;-10.4;-3.4;-6.9;-12.3;1;1.3;0.4;1.4;2.6;46.43;163;35;79;42;96779;0.16;0;0.37;0.35
1993;12;3;337;4.7;0.9;-1;1.1;-1.1;-3.1;1.6;0.8;0.39;1.4;2.6;45.37;133;30;65;33;97060;0.04;0;0.37;0.35
1993;12;4;338;4.5;-1;-4.2;1.2;-2.8;-6.3;1.5;0.9;0.39;1.4;2.6;43.37;152;31;94;51;96744;0;0;0.37;0.35
1993;12;5;339;5.2;0.1;-5.2;2.2;-2.1;-7.1;1.4;-0.7;0.38;1.4;2.6;40.73;136;26;61;31;96938;-0.14;0.41;0.38;0.35
1993;12;6;340;3.8;-2.3;-5.6;-0.6;-4.4;-7.1;1.1;0.2;0.37;1.4;2.6;37.92;197;42;101;67;97219;0.09;0;0.38;0.35
1993;12;7;341;-1;-2.6;-5.2;-2.1;-3.3;-6.1;0.1;2.1;0.37;1.4;2.6;37.27;71;15;52;21;96331;0.03;0.16;0.38;0.35
1993;12;8;342;3.1;0.2;-3.5;-0.4;-2.1;-4.4;1.2;1.2;0.36;1.4;2.6;37.15;193;39;96;38;95590;0.28;1.45;0.38;0.35
1993;12;9;343;6.7;1.7;-0.7;3;-0.8;-2.8;1.5;1.3;0.36;1.4;2.6;34.62;162;34;75;46;95276;0.12;0;0.38;0.35
1993;12;10;344;6.2;1.3;-3.1;2;-1.5;-5.8;1.2;1.3;0.36;1.4;2.6;31.01;191;37;95;47;96060;0.05;0;0.38;0.35
1993;12;11;345;4;1.4;-2.2;0.7;-1.1;-5;1.5;0.5;0.35;1.4;2.6;27.56;45;9;62;32;95323;0.05;1.44;0.39;0.35
1993;12;12;346;3.1;-1;-3.9;-2.9;-5;-7.2;2.4;-0.8;0.34;1.4;2.6;26.4;181;38;91;67;95986;0.47;0;0.39;0.35
1993;12;13;347;3.1;0.7;-3.4;-2.5;-4.1;-7;1.5;2.3;0.34;1.4;2.6;25.85;70;11;62;25;95531;0.58;0.41;0.39;0.35
1993;12;14;348;6.9;3.5;1.2;2.5;0.4;-3.3;1;0.9;0.33;1.4;2.6;23.23;135;23;72;30;95226;0.13;3.81;0.39;0.35
1993;12;15;349;4.3;2.5;0.9;2.1;1.4;0.5;0.7;1.7;0.31;1.4;2.6;19.09;147;26;63;25;94918;-0.01;1.66;0.4;0.35
1993;12;16;350;4.6;2.5;-0.8;2.7;1.2;-1.7;1;1;0.26;1.4;2.6;14.05;109;22;63;37;94630;0.01;4.1;0.4;0.35
1993;12;17;351;5.1;1.4;-2.2;0.6;-1.7;-4.8;2.2;0.4;0.25;1.4;2.6;12.69;219;41;88;47;95818;0.51;3.29;0.4;0.35
1993;12;18;352;6.7;2.6;-1.2;4.6;1.5;-2.1;1;0.8;0.23;1.4;2.6;11.09;123;28;75;34;97034;0;1.99;0.41;0.35
1993;12;19;353;7.3;2.9;-1.2;3.3;0.3;-2.3;1.4;2;0.21;1.4;2.6;8.89;215;44;93;47;96500;0.31;0.39;0.41;0.35
1993;12;20;354;7.8;5.6;4;5.7;3.1;0.8;1.3;0.8;0.17;1.3;2.6;5.4;62;13;42;7;95410;0.27;0.67;0.41;0.35
1993;12;21;355;9.2;5;2.3;3.7;1.8;0.1;1.7;1.1;0.15;1.3;2.6;3.56;165;30;62;39;94792;0.36;1.06;0.41;0.35
1993;12;22;356;3.9;2.1;0.7;1.6;-4.8;-6.5;2.3;0.3;0.14;1.3;2.6;2.87;249;50;108;64;95669;0.84;0.14;0.41;0.35
1993;12;23;357;6;1.6;-1.5;-0.5;-3.1;-5.3;1.3;1.8;0.14;1.3;2.6;2.67;249;52;105;71;95539;0.4;0.02;0.41;0.36
1993;12;24;358;6.4;2.4;-2;4;0.4;-4.7;0.8;3;0.14;1.3;2.6;2.56;109;24;68;36;94405;0.26;10.06;0.4;0.36
1993;12;25;359;0.7;-0.9;-6.3;-0.9;-3.5;-8.1;1.8;-0.6;0.27;1.3;2.6;10.52;70;15;71;32;93968;0.46;6.58;0.41;0.36
1993;12;26;360;-1.4;-3.7;-8.8;-2.4;-5.8;-11.5;1.2;-2.9;0.35;1.3;2.6;18.79;43;8;64;21;94734;0.28;18.87;0.41;0.36
1993;12;27;361;-0.3;-1.3;-2.2;-3.8;-4.4;-5.2;2.9;-5.4;0.41;1.3;2.6;36.61;54;11;19;13;95207;0.64;9.54;0.4;0.36
1993;12;28;362;0.3;-1.8;-6.7;-3.6;-4.8;-8.4;2.1;-2.6;0.4;1.3;2.6;40.08;98;19;65;31;95919;0.46;0.77;0.4;0.36
1993;12;29;363;0;-5;-7.8;-4.7;-7.7;-10.4;1.2;0.5;0.4;1.3;2.6;40.09;158;30;91;46;96523;0.23;0;0.4;0.36
1993;12;30;364;1.4;-2.7;-8;-1.4;-5.6;-11.3;1.4;1.4;0.39;1.3;2.6;40.07;101;21;71;43;96530;0.13;0.41;0.4;0.36
1993;12;31;365;2.9;1.1;-0.3;-0.7;-2.4;-3.5;1.4;2.7;0.38;1.3;2.6;39.69;92;18;62;45;95962;0.43;0.14;0.4;0.36
1994;1;1;1;2.5;1.2;0;0.9;-0.8;-2.2;1.7;-1.7;0.38;1.3;2.6;39.83;31;6;42;18;95384;0.23;10.8;0.4;0.36
1994;1;2;2;1.2;-0.6;-3;-2.3;-3.6;-4.9;1.3;0.4;0.37;1.3;2.6;39.22;180;35;88;56;95589;0.56;0.17;0.4;0.36
1994;1;3;3;4.8;-1.1;-5.6;0.1;-3.9;-7.9;1.7;1;0.37;1.3;2.6;37.75;187;40;96;57;95441;0.08;0;0.4;0.36
1994;1;4;4;5.7;2.7;0.8;3;-0.2;-2.9;0.8;1.5;0.36;1.2;2.6;35.03;127;25;58;20;95229;0.12;4.06;0.4;0.37
1994;1;5;5;5.4;2.6;1.4;1.9;0.7;-0.4;1.2;1.9;0.36;1.2;2.6;29.22;189;34;95;48;95139;-0.05;1.52;0.41;0.37
1994;1;6;6;7.9;5.9;2.5;3.4;1.9;-0.1;3;5.9;0.31;1.2;2.6;19.72;184;40;83;67;94680;0.26;0;0.42;0.37
1994;1;7;7;10.8;8.9;7;6.7;5;2.9;2;5.5;0.19;1.2;2.5;6.98;223;48;91;68;95114;0.12;0;0.43;0.37
1994;1;8;8;10.9;7.8;4.2;8.4;6.5;4;0.7;2.2;0.13;1.2;2.5;1.94;162;34;67;46;95821;0.01;0;0.43;0.37
1994;1;9;9;9.1;6.3;3.2;7.3;5.8;3.2;-0.1;1.1;0.12;1.2;2.5;1.17;142;30;52;24;95891;0.11;0;0.42;0.37
1994;1;10;10;6.2;4.5;2.7;4.4;3.7;2.6;-0.2;1.7;0.12;1.2;2.5;0.75;112;23;37;13;95268;0.14;0.1;0.42;0.38
1994;1;11;11;9.1;5.7;4;5.3;4;1.3;0.4;1.1;0.11;1.2;2.5;0.42;156;31;42;30;95145;0.18;0.01;0.41;0.38
1994;1;12;12;8.3;4.4;2.4;2.9;1.2;-0.2;0.6;0;0.11;1.2;2.5;0.28;272;57;103;64;96360;0.28;0;0.41;0.38
1994;1;13;13;10.9;5.8;2.8;4.2;2.1;0.8;1.1;1.6;0.11;1.2;2.5;0.19;268;55;99;50;96491;0.44;0;0.41;0.38
1994;1;14;14;8;4.5;1.4;5.7;3.1;0.8;0.8;0.1;0.11;1.2;2.5;0.16;107;25;45;26;96356;0.22;2.33;0.41;0.38
1994;1;15;15;7.1;2;-2;1.6;-0.9;-3.2;1.3;-0.4;0.11;1.2;2.5;0.15;273;54;93;67;95916;0.43;0.07;0.4;0.38
1994;1;16;16;4.1;0.3;-2.8;-0.2;-1.4;-3.3;-0.1;2.2;0.11;1.2;2.5;0.1;238;53;89;58;95221;0.25;0.04;0.4;0.38
1994;1;17;17;3.6;0.6;-1.5;-0.6;-2.4;-5.2;0.1;-0.9;0.11;1.2;2.5;0.3;175;39;80;37;95882;0.31;0.42;0.4;0.38
1994;1;18;18;1.3;-1.9;-4.1;-5.6;-7;-8.3;0.3;-1.2;0.11;1.2;2.5;0.38;308;69;117;86;97471;0.36;0;0.4;0.38
1994;1;19;19;3.9;-1.8;-4.3;-6.4;-8.7;-10.2;0.8;1.4;0.11;1.2;2.5;0.35;309;70;125;92;97179;0.05;0;0.4;0.39
1994;1;20;20;1.7;-1.6;-4.2;-4.9;-7.4;-10.1;0.2;-1;0.11;1.2;2.5;0.32;283;64;104;67;96984;0.04;0;0.4;0.39
1994;1;21;21;1.5;-0.7;-2.5;-3.5;-5.1;-6.5;1.3;-3.7;0.12;1.2;2.5;0.34;220;55;97;69;97204;0.06;0.06;0.39;0.39
1994;1;22;22;5;-1;-4.1;-3.5;-6.3;-7.8;0.9;0.4;0.12;1.1;2.5;0.34;314;71;118;80;97495;0.05;0;0.39;0.39
1994;1;23;23;7;1.9;-2;-0.6;-5.8;-9.2;1.5;1.2;0.12;1.1;2.5;0.33;262;55;92;34;96913;0.21;0.07;0.39;0.39
1994;1;24;24;8.8;4.4;1.9;2.6;0.7;-0.4;1.7;-0.3;0.11;1.1;2.5;0.24;253;51;74;30;96224;0.34;1.02;0.39;0.39
1994;1;25;25;8.2;4.3;1.3;3.6;2.2;0.7;1.2;0.8;0.11;1.1;2.5;0.17;231;38;62;20;95857;0.39;2.14;0.39;0.39
1994;1;26;26;7.6;3.7;1.4;4.4;-0.3;-3.8;2.6;-1.4;0.11;1.1;2.5;0.12;149;38;90;49;95377;0.49;1.32;0.39;0.39
1994;1;27;27;7.4;3.1;0.8;-1.1;-3;-4.5;2;-0.2;0.11;1.1;2.5;0.12;319;64;101;75;96380;0.52;0;0.39;0.39
1994;1;28;28;4.1;1.7;-0.4;-1.7;-5;-7.4;3.2;-0.8;0.12;1.1;2.5;0.29;139;31;85;59;95470;0.86;2.78;0.39;0.39
1994;1;29;29;1.7;-0.1;-1;-5.6;-7;-8.1;4.4;-4.8;0.12;1.1;2.5;0.66;256;63;96;81;96772;0.55;0.52;0.39;0.39
1994;1;30;30;4.9;1;-1.2;-2.1;-4.3;-8;1.1;0.8;0.13;1.1;2.5;1.26;230;45;88;48;96842;0.34;0.71;0.39;0.39
1994;1;31;31;4.5;2.3;0.3;-0.6;-2.7;-4.6;2.9;-1.8;0.13;1.1;2.5;1.35;318;72;92;65;96437;0.65;0.53;0.39;0.39
1994;2;1;32;7.1;1.6;-1.7;-0.7;-3.1;-5;1.2;0.4;0.13;1.1;2.5;1.13;340;79;111;73;96698;0.42;0;0.39;0.39
1994;2;2;33;7.3;2.1;-1.6;2.6;-0.7;-5;0.9;0.7;0.13;1.1;2.5;0.92;149;32;54;32;96310;0.06;0;0.38;0.39
1994;2;3;34;10.5;4;0.1;3.6;0.8;-2;0.3;0.3;0.12;1.1;2.5;0.68;315;77;103;54;95405;0.41;0.04;0.38;0.39
1994;2;4;35;6.6;2.3;-0.2;3.5;1.6;-0.3;-0.5;-0.1;0.12;1.1;2.5;0.5;156;36;58;21;95262;0.16;0.13;0.38;0.39
1994;2;5;36;10;4.4;-1;4;2;-1.6;0.3;2.7;0.12;1.1;2.5;0.34;375;84;106;64;95694;0.47;0.02;0.38;0.39
1994;2;6;37;10.1;6;2.6;5.4;4.2;2.5;0.3;1.8;0.12;1.1;2.5;0.16;285;62;76;46;95960;0.36;0.05;0.38;0.39
1994;2;7;38;7.2;4.2;2.1;3.5;3;1.7;0.2;-1.6;0.12;1.1;2.5;0.08;202;43;68;29;95885;0.2;0.01;0.38;0.39
1994;2;8;39;7;3.9;1.2;3.9;2.6;1;0.2;-0.9;0.12;1.1;2.5;0.05;179;42;51;22;96112;0.46;3.98;0.38;0.39
1994;2;9;40;4.6;2.5;-1;1.2;-0.7;-2.7;1.3;-2.7;0.12;1.1;2.5;0.27;147;36;72;32;96878;1.03;3.08;0.38;0.39
1994;2;10;41;6.6;1.4;-3;-0.6;-2.9;-4.5;0.7;0.2;0.12;1.1;2.5;0.27;383;90;113;65;96256;0.5;0.34;0.38;0.39
1994;2;11;42;3.1;0.9;-0.8;-2.3;-2.9;-4.1;1.2;-3.6;0.12;1.1;2.5;0.39;223;55;59;45;96208;0.6;0.58;0.38;0.39
1994;2;12;43;0.1;-2.1;-5.1;-4.7;-6.2;-9.8;0.6;-4.3;0.15;1.1;2.5;2.42;225;46;60;29;96521;0.43;3.49;0.38;0.39
1994;2;13;44;-4.8;-6.2;-7.5;-8.6;-10.1;-11.7;-1.2;-2.5;0.22;1.1;2.5;6.11;149;36;28;19;96813;0.28;5.09;0.38;0.39
1994;2;14;45;-6.4;-8.6;-10.5;-12.3;-14.9;-16.3;-1.1;-0.8;0.28;1.1;2.5;9.53;311;76;100;54;97402;0.32;0.98;0.38;0.39
1994;2;15;46;-5;-8.2;-11;-11;-14;-16.8;-1;1;0.28;1.1;2.5;9.36;368;94;118;80;97515;0.25;0;0.38;0.39
1994;2;16;47;-4.2;-9;-13.3;-10.6;-13.2;-15.6;-0.6;1;0.27;1.1;2.5;8.95;369;90;118;74;97418;0.22;0.08;0.38;0.39
1994;2;17;48;-4.9;-10;-14.6;-11.2;-14;-16.5;-0.1;2.2;0.27;1.1;2.5;8.85;242;73;103;65;96789;0.21;0.16;0.38;0.39
1994;2;18;49;-0.5;-6.3;-13.1;-5.4;-10.3;-17.1;-0.1;0.3;0.26;1.1;2.5;8.45;368;95;115;65;96579;0.2;0.04;0.38;0.39
1994;2;19;50;-2.2;-5.7;-11;-6.2;-10.3;-16;0.7;-2.8;0.26;1.1;2.5;8.17;372;97;112;73;96642;0.28;0.06;0.38;0.39
1994;2;20;51;1.6;-4.6;-10.5;-7.2;-10.8;-16.3;0.2;1.7;0.24;1.1;2.5;7.66;402;103;127;74;96127;0.29;0;0.38;0.39
1994;2;21;52;3.2;-2;-5.7;-2.7;-5.8;-8.2;0;1.1;0.23;1.1;2.5;6.9;374;98;110;62;96020;0.15;0.04;0.38;0.39
1994;2;22;53;7.3;0.8;-5.5;-1.5;-3.8;-8;0.9;2;0.21;1.1;2.5;5.63;305;80;72;46;96110;0.16;0;0.38;0.39
1994;2;23;54;8.5;2.5;-2.9;0.2;-1.9;-4.9;1;1.9;0.18;1.1;2.5;4;337;94;94;64;95509;0.22;0;0.38;0.39
1994;2;24;55;8.6;2.7;-1.7;2.4;-0.6;-3.1;0.5;0.5;0.16;1.1;2.5;2.65;348;90;87;50;95146;0.33;0.01;0.38;0.39
1994;2;25;56;9.5;3.5;-1.5;2.6;0.1;-2.4;1.5;-1;0.15;1.1;2.5;1.76;327;80;79;43;96081;0.48;0.09;0.38;0.39
1994;2;26;57;12.2;5.1;-1.1;4.4;1.5;-2;0.7;1.5;0.14;1.2;2.5;1.04;444;114;109;63;96457;0.58;0;0.38;0.39
1994;2;27;58;14.6;6.3;-0.8;5.8;1.7;-3.3;0.5;1.2;0.13;1.2;2.5;0.51;478;130;121;78;95810;0.72;0;0.38;0.39
1994;2;28;59;13.9;6.2;-1;6;2.2;-2.5;0.9;0.7;0.13;1.2;2.5;0.24;391;107;90;62;95620;0.67;0.01;0.38;0.39
1994;3;1;60;12.9;6.2;0.1;7.5;4;-0.4;0.4;0.4;0.12;1.2;2.5;0.11;437;106;94;53;96016;0.58;0.23;0.37;0.39
1994;3;2;61;9.6;5.5;2.7;4.1;1.4;-1.2;2;-1.3;0.12;1.2;2.5;0.02;293;72;101;40;96370;0.93;1.09;0.37;0.39
1994;3;3;62;10.1;5.3;1.3;0.7;-1.1;-3.5;2;-1;0.12;1.2;2.5;0;481;125;102;63;96671;1.05;0.02;0.37;0.39
1994;3;4;63;6;3.7;1.5;0.5;-1.4;-3.4;2.6;-3.5;0.12;1.2;2.5;0.02;414;88;90;50;96650;1.38;2.26;0.37;0.39
1994;3;5;64;8.4;3.5;-0.9;-1.3;-2.4;-3.5;0.2;-0.5;0.12;1.2;2.5;0.02;520;144;130;93;97233;0.93;0;0.37;0.39
1994;3;6;65;9.8;4.9;0.2;5.9;1.4;-3.9;1.4;-0.2;0.12;1.2;2.5;0;258;61;65;51;96741;0.47;1.25;0.37;0.39
1994;3;7;66;11.3;5.4;-1.6;4;1.4;-2.3;1.4;0.2;0.12;1.2;2.5;0;329;86;77;46;96700;0.73;0.81;0.37;0.39
1994;3;8;67;10.9;7.9;4.5;6.4;4.6;1.9;1.8;-1.8;0.12;1.2;2.5;0;214;58;47;22;96674;0.85;1.95;0.37;0.39
1994;3;9;68;12;8.6;6.4;9.5;7.6;5.9;0.5;0.8;0.13;1.2;2.5;0;178;37;51;16;96973;0.3;3.93;0.37;0.39
1994;3;10;69;17.1;10.7;4.8;11.1;8.1;4.4;0.3;-0.5;0.13;1.3;2.5;0;514;141;114;64;97039;1.28;4.26;0.37;0.39
1994;3;11;70;11.4;7.4;2.6;4.9;1.8;0.5;-0.3;0.6;0.13;1.3;2.5;0;538;152;125;89;97381;1.36;0;0.38;0.39
1994;3;12;71;15.8;9.4;3.8;7.6;5.1;1.4;0.1;1.8;0.13;1.3;2.5;0;528;151;118;79;96343;1.26;0.04;0.37;0.39
1994;3;13;72;12.6;9.3;6.5;6.6;5.9;5;0.9;0.3;0.13;1.3;2.6;0;288;70;67;37;95745;0.91;2.49;0.37;0.39
1994;3;14;73;12;8.3;5.6;4.5;1.1;-0.7;3.5;-2;0.13;1.3;2.6;0;520;140;109;75;96055;1.77;0.83;0.37;0.39
1994;3;15;74;15.7;10;5.9;5.9;1.9;-0.2;2.5;-0.6;0.13;1.3;2.6;0;493;146;108;73;96084;1.53;0.01;0.37;0.39
1994;3;16;75;9.9;6.8;2.8;3.7;1.4;-0.8;2.1;-1;0.13;1.3;2.6;0;508;128;109;68;95896;1.41;1.83;0.37;0.39
1994;3;17;76;8.4;3.7;-0.7;2.3;-3.6;-7.8;3;-1;0.13;1.3;2.6;0.03;514;137;118;80;95865;1.64;1.87;0.37;0.39
1994;3;18;77;7.3;3.8;-0.2;-0.1;-4.8;-7.7;1.7;0.1;0.13;1.4;2.6;0.08;454;121;110;69;96305;1.25;1.19;0.37;0.39
1994;3;19;78;13.9;7.3;1.6;2.8;0.7;-2.6;1.7;1.6;0.13;1.4;2.6;0.11;555;143;114;68;95587;1.52;0;0.37;0.39
1994;3;20;79;7.2;4.9;1.8;4.2;1.4;-1.8;1.2;-1.4;0.13;1.4;2.6;0.05;379;87;70;37;95754;1.58;6.88;0.37;0.39
1994;3;21;80;6.2;4.2;1.9;4.6;2.6;-0.4;-0.3;0.9;0.13;1.4;2.6;0.05;105;34;33;14;96170;0.49;2.28;0.37;0.39
1994;3;22;81;5.9;4.5;2.7;3.9;2.7;2;-0.9;0.4;0.13;1.4;2.6;0.05;159;45;21;11;96890;1;6.07;0.38;0.39
1994;3;23;82;12.5;8.1;4.3;7.6;5.7;3.3;1;1.8;0.13;1.5;2.6;0.03;255;72;61;30;97031;1.03;2.39;0.38;0.39
1994;3;24;83;18.2;12.1;7.2;8.5;6.6;3.8;1.9;0.5;0.13;1.5;2.6;0;344;83;69;43;96203;1.04;0.39;0.38;0.39
1994;3;25;84;17.1;11.7;8.2;9.6;7.9;6.8;0.9;1.4;0.13;1.5;2.6;0;299;83;95;45;95840;1.32;1.95;0.38;0.39
1994;3;26;85;10.6;8;3.9;7.5;2.6;-3.8;1.9;-1.8;0.14;1.5;2.6;0;182;50;88;49;95336;1.04;1.29;0.38;0.39
1994;3;27;86;6.3;3.5;0.1;-1.4;-3.6;-6.2;1.2;-2.9;0.14;1.5;2.6;0;586;169;103;91;96551;1.7;1.21;0.38;0.39
1994;3;28;87;8.1;3.1;-2.5;-2.4;-3.9;-6.3;0;0.8;0.14;1.6;2.6;0;616;177;131;89;96881;1.4;0;0.38;0.39
1994;3;29;88;12.3;7.4;1.5;6.2;2.8;-3.5;0.9;1.2;0.14;1.6;2.6;0;465;103;80;37;96985;1.16;1.17;0.37;0.39
1994;3;30;89;16.5;10.9;4.9;8.7;5.8;3.6;0;1.4;0.14;1.6;2.6;0;463;150;106;69;96872;1.75;0.47;0.37;0.38
1994;3;31;90;18.9;12.4;5.9;8.4;5.2;0.3;0.5;1.6;0.14;1.6;2.6;0;621;192;129;87;95867;2.22;0;0.37;0.38
1994;4;1;91;18;12.5;6.8;8.2;5.5;2.6;2.2;2.7;0.14;1.6;2.6;0;617;195;111;75;95016;2.57;1.12;0.37;0.38
1994;4;2;92;7.2;5.5;4.5;3.6;1.5;-1.4;2.5;-3.2;0.14;1.7;2.6;0.12;293;64;51;31;94857;2.02;9.01;0.37;0.38
1994;4;3;93;9.5;5.5;1.2;-0.2;-1.5;-2.4;1.6;-2.2;0.14;1.7;2.6;0.11;632;187;122;83;96098;1.83;0.24;0.37;0.38
1994;4;4;94;10.9;6;-0.8;0.5;-1.2;-2.8;1.3;3.6;0.14;1.7;2.6;0.05;590;161;108;70;96061;1.74;1.45;0.37;0.38
1994;4;5;95;7.7;4.9;2.6;3;-2.7;-5.8;1;-2.2;0.14;1.7;2.6;0.12;416;113;109;54;95849;1.85;2.32;0.37;0.38
1994;4;6;96;6.4;4.3;2.6;-3.1;-4.7;-6;2;-5.4;0.14;1.7;2.6;0.17;274;89;65;47;95163;1.39;0.46;0.37;0.38
1994;4;7;97;9.2;5.5;1.5;-2.2;-4.2;-5.6;1.5;-2.3;0.15;1.8;2.6;0.16;561;170;97;71;94965;1.9;0.03;0.37;0.38
1994;4;8;98;10.6;5.4;-1.3;2.5;-0.4;-4;0.1;0.2;0.15;1.8;2.6;0.09;639;199;127;82;95268;1.95;1.99;0.37;0.38
1994;4;9;99;10.9;6.4;-0.2;3;0.7;-1;0.6;2.2;0.15;1.8;2.6;0.04;594;169;102;61;95026;2;4.2;0.37;0.38
1994;4;10;100;7.3;3.7;0.8;1.8;0.3;-0.7;-0.1;-1.5;0.24;1.8;2.6;6.37;286;88;92;33;94717;1.14;12.8;0.37;0.38
1994;4;11;101;9.2;4.8;1.9;2.9;0.8;-2.1;0.6;-0.9;0.24;1.8;2.6;6.18;429;101;88;29;95211;1.36;21.05;0.39;0.38
1994;4;12;102;4.2;2;0.6;1;-0.3;-1.2;1.4;-1;0.34;1.9;2.6;17.39;153;47;70;25;95002;0.6;21.66;0.4;0.38
1994;4;13;103;8.1;4.4;0.5;4;1.7;-0.9;1.2;2.6;0.32;1.9;2.6;14.34;240;74;52;36;94964;0.77;3.91;0.4;0.38
1994;4;14;104;13.2;6.7;-1.6;5.2;2.2;-2.4;0.1;0.7;0.24;1.9;2.6;7.37;528;156;103;54;95802;1.67;0.62;0.41;0.38
1994;4;15;105;15.8;9.5;3.5;5.3;4.5;3.4;0.6;2.8;0.19;1.9;2.6;3;482;144;101;58;96135;1.71;0.02;0.41;0.38
1994;4;16;106;15.4;10.9;6;10.7;7.8;4;-1;-0.1;0.16;2;2.6;0.91;465;130;75;39;96059;1.47;3.99;0.41;0.38
1994;4;17;107;14.5;11.4;7.9;11.1;9.6;7.4;-1;-0.5;0.15;2;2.6;0.21;354;111;56;29;94841;1.58;14.36;0.41;0.39
1994;4;18;108;9.5;7.4;3;9.3;3.1;-3.8;1.5;-3.7;0.15;2;2.6;0.03;506;108;83;36;95024;2.05;7.14;0.42;0.39
1994;4;19;109;9;5.3;0.2;-0.1;-1.4;-3.3;-0.6;0.8;0.15;2.1;2.7;0;616;181;110;72;95723;1.89;0;0.42;0.39
1994;4;20;110;11;7.1;2;2.7;1.6;-0.2;-0.5;2.1;0.15;2.1;2.7;0;537;152;103;58;95613;1.72;0;0.41;0.39
1994;4;21;111;14.6;9.3;3.5;6.1;3.9;1.6;-0.1;1.9;0.15;2.1;2.7;0;561;190;108;72;95617;2.25;0;0.41;0.39
1994;4;22;112;15.6;10.5;4.3;7;5.3;3.6;0.4;-1;0.15;2.2;2.7;0;603;195;107;70;95849;2.45;0.49;0.4;0.39
1994;4;23;113;17;11.6;4.1;9.2;5.8;2.6;0.2;0.3;0.15;2.2;2.7;0;633;208;118;80;95833;2.7;0.4;0.4;0.39
1994;4;24;114;18.7;12.9;5.3;9.4;7.3;4;-0.4;1.1;0.16;2.2;2.7;0;663;218;119;78;95737;2.85;0.23;0.4;0.39
1994;4;25;115;18.6;13.2;7.4;10.3;8;5.9;-0.1;0.3;0.16;2.3;2.7;0;689;219;124;81;95524;2.79;0.11;0.39;0.39
1994;4;26;116;17.6;12.7;8;10;8.1;6.4;2.3;-2.7;0.16;2.3;2.7;0;616;189;98;71;96378;2.53;0.38;0.39;0.39
1994;4;27;117;16.5;13;9.5;6.6;5.4;3.8;1.4;-3.3;0.16;2.3;2.7;0;643;200;106;74;97184;3;0.1;0.39;0.39
1994;4;28;118;16.2;13;9.7;8;6.5;5.8;0.5;-3.8;0.16;2.4;2.7;0;545;184;92;69;97418;3.06;1.4;0.38;0.39
1994;4;29;119;18.2;13.8;9.5;9;7.5;6.2;0.4;-2.3;0.16;2.4;2.7;0;633;210;105;77;97487;2.95;0.05;0.38;0.39
1994;4;30;120;21;15.2;7.7;10.9;7.9;5;0.3;0;0.16;2.4;2.7;0;649;216;113;79;96887;3.18;0;0.38;0.39
1994;5;1;121;18.1;13;7.4;11.6;6.8;1.6;1.2;-2.7;0.16;2.5;2.7;0;464;174;104;69;96473;3;3.27;0.37;0.39
1994;5;2;122;10.3;8.1;5.9;3.2;1.9;0.9;0.3;-3.7;0.16;2.5;2.7;0;341;124;87;55;96946;1.86;0.36;0.37;0.39
1994;5;3;123;13.7;8.9;3.9;4.6;2.1;-0.4;-0.3;-0.8;0.16;2.6;2.7;0;719;242;129;95;96822;2.88;0;0.37;0.39
1994;5;4;124;17.8;11.5;3.2;8.3;5.3;1.4;-0.1;2.3;0.16;2.6;2.7;0;717;246;125;83;96144;3.13;0.85;0.37;0.39
1994;5;5;125;13.5;10.6;8.7;9;6.3;2;1.8;-2.5;0.16;2.6;2.7;0;387;85;59;30;96094;2.38;13.45;0.38;0.39
1994;5;6;126;12.7;9.5;7;5;3.7;1.9;1.5;-4.6;0.16;2.7;2.7;0;426;154;89;62;96460;2.57;1.37;0.37;0.39
1994;5;7;127;14.1;10.5;6.5;5.3;3.3;2.1;0.2;-2.9;0.16;2.7;2.7;0;620;188;97;76;96541;2.84;0.04;0.37;0.39
1994;5;8;128;13;8.7;3;3.7;2;1;-0.4;-1.1;0.16;2.7;2.7;0;664;229;115;89;96287;2.92;0;0.37;0.39
1994;5;9;129;16.3;10.7;3.3;6.5;3.9;0.8;0.1;1.6;0.16;2.8;2.7;0;710;247;122;87;96039;3.3;0;0.37;0.39
1994;5;10;130;14.3;10.5;6.3;9.5;7.2;4.7;0.5;-1.1;0.16;2.8;2.7;0;516;158;89;53;95875;2.56;4.93;0.36;0.39
1994;5;11;131;15.1;11.3;7;9.8;7.8;5.8;0.1;-1;0.17;2.8;2.8;0;597;203;94;66;95942;2.9;1.53;0.36;0.39
1994;5;12;132;17;12.2;6.3;9.7;7.8;5.2;-0.2;1.6;0.17;2.9;2.8;0;628;215;106;72;95795;3.1;1.23;0.36;0.39
1994;5;13;133;17.8;12.9;6.9;11.1;9.3;6.9;-0.6;0.4;0.17;2.9;2.8;0;556;177;100;57;96119;2.53;0.35;0.36;0.39
1994;5;14;134;19.5;14.3;7.1;11.4;9.7;6.9;0.2;3.7;0.17;2.9;2.8;0;629;182;91;61;96000;2.96;0.21;0.36;0.39
1994;5;15;135;21.5;16.3;11.2;14.4;11.5;9.7;0.7;0;0.17;3;2.8;0;592;192;99;62;95946;3.19;3.31;0.35;0.39
1994;5;16;136;22;16.9;9.5;13.1;11.3;8.7;0;1.2;0.17;3;2.8;0;619;219;102;74;95905;3.6;0.11;0.35;0.39
1994;5;17;137;25;19.3;12.6;12.9;11.4;9.3;1.6;2.8;0.17;3;2.8;0;686;221;114;75;95602;4.16;0;0.35;0.39
1994;5;18;138;25.7;19.9;13.4;13;10.5;7.8;-0.1;2.6;0.17;3;2.8;0;652;208;108;72;95102;4.11;0;0.34;0.39
1994;5;19;139;16.8;14.7;12.4;11.9;11;9.9;1;3.3;0.17;3;2.8;0;555;133;75;33;94518;3.11;9.58;0.34;0.39
1994;5;20;140;17.9;14.1;11.2;13.4;10.5;8.3;0.7;-0.1;0.17;3;2.8;0;449;149;80;43;95105;3.18;23;0.35;0.39
1994;5;21;141;19.6;14.9;9;11.7;9.7;8;0.8;1.6;0.17;3;2.8;0;632;207;100;69;95818;3.65;0.47;0.36;0.39
1994;5;22;142;20.1;15.6;9.2;12.4;10.9;8.3;0.5;-0.4;0.17;3;2.8;0;535;194;84;66;96283;3.02;0.17;0.36;0.39
1994;5;23;143;24.7;17.1;11.6;16.2;13.2;10.7;1;0.9;0.17;3;2.8;0;696;186;97;58;95981;3.24;17.46;0.36;0.39
1994;5;24;144;21.3;16.8;12.6;14.9;13;11.2;-0.7;0.4;0.17;3;2.8;0;536;174;66;43;95888;3.19;4.82;0.37;0.39
1994;5;25;145;19.4;16.2;12;15.5;12.9;9.7;1.7;-1;0.17;3;2.8;0;412;110;87;42;95642;2.56;9.18;0.38;0.39
1994;5;26;146;23;17.4;10.4;13.3;11.1;7.6;1;1.5;0.17;3;2.8;0;555;197;84;60;95653;3.71;0.23;0.38;0.39
1994;5;27;147;18.3;14.5;10.6;9.5;7.4;6.2;2.3;-1.7;0.17;3;2.8;0;584;182;93;62;95834;3.75;2.02;0.37;0.39
1994;5;28;148;16.7;13.1;9.4;10.4;8.6;7.1;-0.3;0.3;0.17;3;2.8;0;334;121;70;48;96382;2.13;2.09;0.37;0.39
1994;5;29;149;16.3;11.8;7.5;11.8;9.9;6.5;0.3;-0.8;0.17;3;2.8;0;414;111;78;47;96261;2.13;12.38;0.38;0.39
1994;5;30;150;16;11.9;7;11.6;8.6;5.3;0.4;-1;0.17;3;2.8;0;495;162;79;58;96660;3.02;12.57;0.38;0.39
1994;5;31;151;18.5;12.6;6.2;8.5;4.9;2.2;0.7;-0.9;0.17;3;2.8;0;695;239;114;88;96859;3.9;0;0.39;0.39
1994;6;1;152;22.4;15.9;8.3;12.8;8.2;5.1;1;-0.8;0.17;3;2.8;0;723;263;120;88;96671;4.37;0;0.38;0.39
1994;6;2;153;25.7;19.5;10.1;14.9;12.5;7.9;0.6;2.9;0.17;3;2.8;0;721;264;113;85;96121;4.69;0;0.38;0.39
1994;6;3;154;23.4;19.4;15.2;13.7;11.6;8.6;0.7;-0.5;0.17;3;2.8;0;604;199;98;64;96054;3.96;0.46;0.37;0.39
1994;6;4;155;18.2;15.1;11.7;12.3;9;6;1.3;-2.1;0.17;3;2.8;0;650;170;86;42;95909;3.97;10.41;0.38;0.39
1994;6;5;156;13.2;10.9;8.4;9.3;6.9;4.3;2.8;-3.7;0.17;3;2.8;0;339;121;75;36;95310;3.11;7.9;0.38;0.39
1994;6;6;157;12.8;10.4;8;5.3;3.5;1.7;2.9;-5.1;0.17;3;2.8;0;688;233;99;82;96299;3.8;1.53;0.38;0.39
1994;6;7;158;16.9;13.3;8.6;10.4;7.4;3.1;2.1;-2.8;0.17;3;2.8;0;666;180;104;63;96668;2.95;0.02;0.38;0.39
1994;6;8;159;21.6;17.1;11.5;11.9;11;9.9;0;1.1;0.17;3;2.8;0;577;214;102;69;96656;3.71;0.02;0.37;0.39
1994;6;9;160;20.6;14.7;10.2;13.7;10.5;6;1.2;-1.3;0.17;3;2.8;0;481;153;70;50;96446;3.48;10.12;0.37;0.39
1994;6;10;161;14.5;11.8;9.4;5.7;4.4;3.3;1.1;-4.1;0.17;3;2.8;0;540;174;68;48;96759;3.42;0.6;0.38;0.38
1994;6;11;162;13.8;11.7;9.9;6.8;5.6;3.1;0.3;-4;0.17;3;2.8;0;377;154;81;40;96591;2.73;0.32;0.37;0.38
1994;6;12;163;16.4;13.5;10.9;10.6;8.9;5.9;0.4;-3.6;0.17;3;2.8;0;338;115;51;27;96834;2.75;3.5;0.37;0.38
1994;6;13;164;18.5;14.8;10.7;8.6;7.6;6.8;0.3;-3.6;0.17;3;2.8;0;605;194;76;50;96697;4;0.43;0.37;0.38
1994;6;14;165;16;14;11.5;10.6;9.4;7.2;1.6;-4;0.17;3;2.8;0;281;118;66;41;96342;2.18;0.42;0.37;0.38
1994;6;15;166;20.3;16.4;12.8;11.4;9.4;7;1.7;-2.5;0.17;3;2.8;0;579;212;97;59;96232;3.94;0.03;0.36;0.38
1994;6;16;167;21;16.6;11.7;12.2;9.7;7.6;1.8;-0.2;0.17;3;2.8;0;616;203;90;65;96010;3.66;0.87;0.36;0.38
1994;6;17;168;16.3;13.8;11.2;11.4;9.8;9.1;1.2;-1.4;0.17;3;2.8;0;432;163;80;55;96136;3.25;8.12;0.36;0.38
1994;6;18;169;22.4;16.7;9.8;14;11.4;8.8;0.9;1.9;0.17;3;2.8;0;588;212;88;67;96320;3.58;0.15;0.36;0.38
1994;6;19;170;27.2;20.5;13.2;18.4;14.9;11.6;1.2;0.2;0.17;3;2.8;0;676;237;104;65;96071;4.38;4.86;0.36;0.38
1994;6;20;171;22.9;19.3;16.4;16.5;15;13;0.8;-1.8;0.17;3;2.8;0;573;186;77;51;96093;3.77;7.21;0.36;0.38
1994;6;21;172;21.3;17.7;14.3;12.5;11.3;9.5;0.7;-2.9;0.17;3;2.8;0;597;209;90;67;96567;4.1;0.05;0.36;0.38
1994;6;22;173;25.7;20.3;14.3;16.5;13.5;11.7;1.6;-1.2;0.17;3;2.8;0;714;244;103;72;96802;4.45;0;0.36;0.38
1994;6;23;174;22.2;19.2;15.5;13.8;13.3;11.9;1.4;-2.4;0.17;3;2.8;0;506;177;73;50;96853;3.39;0.04;0.35;0.38
1994;6;24;175;22;17.6;13.3;13.9;10.7;6.8;-0.5;0;0.16;3;2.8;0;599;211;108;66;96736;3.67;0;0.35;0.38
1994;6;25;176;23.8;19.4;15.5;16;12.9;9.4;-0.8;1.8;0.16;2.9;2.8;0;611;181;91;44;96491;3.39;0;0.35;0.38
1994;6;26;177;28.6;23.2;17.3;18.8;17.2;15.1;0.2;2.7;0.16;2.9;2.8;0;647;234;86;60;96377;4.32;0;0.34;0.38
1994;6;27;178;30.9;24.6;17.1;19.6;17.3;15.3;-0.1;1.7;0.16;2.9;2.8;0;719;268;115;84;96555;4.85;0;0.34;0.38
1994;6;28;179;30.3;24.2;17.2;19.1;17.1;15.3;-0.5;0.7;0.16;2.9;2.8;0;690;246;104;71;96661;4.63;1.78;0.33;0.38
1994;6;29;180;29.2;24.2;19;18.6;17.3;16.4;0.3;0.3;0.16;2.9;2.8;0;683;239;98;64;96523;4.46;0.45;0.33;0.38
1994;6;30;181;26.8;22.5;19.7;18.1;17.2;16.3;1.7;-3;0.16;2.9;2.8;0;665;215;85;57;96668;4.13;1.55;0.33;0.38
1994;7;1;182;24.5;20.8;16.9;16.4;13;10.4;0;-2.9;0.16;2.9;2.8;0;697;253;105;80;96683;4.4;0;0.32;0.38
1994;7;2;183;25.5;20.7;14.7;14.4;11.9;9.5;-0.3;-1.2;0.16;2.9;2.8;0;723;268;120;91;96530;4.35;0;0.32;0.38
1994;7;3;184;27.1;22.5;17.3;18.1;14.6;12;0.3;0;0.16;2.9;2.8;0;695;230;107;72;96487;3.74;0.1;0.32;0.38
1994;7;4;185;28.6;23.5;16.3;18.3;15.6;12.5;0.3;0;0.16;2.9;2.7;0;627;236;112;74;96393;3.98;0.04;0.31;0.38
1994;7;5;186;27.2;23.1;18.8;19.3;16.5;13.9;1.7;-1.4;0.16;2.9;2.7;0;646;215;91;65;96234;3.66;1.33;0.31;0.38
1994;7;6;187;25.1;21.5;18.3;17.7;16;14.5;0.6;-1.6;0.16;2.8;2.7;0;565;202;91;65;96263;3.36;0.76;0.31;0.38
1994;7;7;188;21.8;18.9;16.7;16.3;13.7;8.8;1.2;-1.5;0.16;2.8;2.7;0;428;122;94;53;96096;2.62;8.53;0.31;0.38
1994;7;8;189;18.3;16.8;14.4;12.8;10.9;8.8;1.4;-0.1;0.16;2.8;2.7;0;307;107;71;43;96356;2.38;3;0.31;0.38
1994;7;9;190;21;17.5;12.6;10.7;9.7;8.3;2;-2.3;0.16;2.8;2.7;0;554;199;88;71;96336;3.36;0.32;0.31;0.38
1994;7;10;191;19;16.6;14.7;12.8;11.7;10.5;1.5;-4.4;0.16;2.8;2.7;0;468;156;76;57;96597;3.42;7.94;0.31;0.38
1994;7;11;192;23.3;19.1;14.3;14.5;12.9;12;0.6;-4;0.16;2.8;2.7;0;631;229;91;72;96752;3.78;0.37;0.31;0.38
1994;7;12;193;24.7;20.1;16.3;15.8;14.3;13;-0.4;-1.9;0.16;2.8;2.7;0;693;229;100;62;96743;3.86;1.41;0.31;0.38
1994;7;13;194;24.9;20.4;15.7;15.9;14.8;13.9;-0.1;-0.7;0.16;2.8;2.7;0;659;228;105;65;96685;3.87;1.45;0.31;0.38
1994;7;14;195;26.4;21.5;15.2;15.1;13.3;11.2;0.2;-1.2;0.16;2.8;2.7;0;655;232;104;73;96713;3.96;0.03;0.3;0.38
1994;7;15;196;25.4;21.2;16.1;16.1;14.4;12.3;0.7;-1.4;0.16;2.8;2.7;0;589;207;95;64;96611;3.59;3.39;0.3;0.37
1994;7;16;197;26.1;21.7;17.5;18.3;16.3;14.7;1;-1;0.16;2.8;2.7;0;646;216;89;59;96675;3.76;3.16;0.3;0.37
1994;7;17;198;27.7;22.8;17.3;19.3;17.1;15.8;0.6;0.3;0.16;2.8;2.7;0;674;223;98;64;96555;3.91;2.54;0.3;0.37
1994;7;18;199;27.4;22.6;17.2;19.9;17.7;16;0.6;-0.5;0.16;2.8;2.7;0;623;200;92;58;96238;3.43;5.13;0.3;0.37
1994;7;19;200;23.5;19.9;17.7;18.6;17.7;17.2;0.2;-1.1;0.16;2.7;2.7;0;469;136;62;32;96007;3.08;24.09;0.32;0.37
1994;7;20;201;22.2;19.3;16.8;17.6;16;13.6;-0.6;-1.7;0.16;2.7;2.7;0;423;117;57;29;96096;3.11;9.29;0.33;0.37
1994;7;21;202;24.1;19.9;15.8;13.1;12.2;11.1;-0.2;-1.5;0.16;2.7;2.7;0;687;239;109;75;96360;4.33;0;0.33;0.37
1994;7;22;203;26.1;20.9;14.7;15.3;12.7;10.6;0.1;-1.3;0.16;2.7;2.7;0;710;256;117;84;96501;4.43;0;0.32;0.37
1994;7;23;204;26.9;22.2;15.9;15.5;12.1;10.5;-0.4;-0.2;0.16;2.7;2.7;0;721;256;125;88;96517;4.4;0;0.32;0.37
1994;7;24;205;27.7;22.6;17.4;15.3;12.2;10;-0.4;0.6;0.16;2.7;2.7;0;673;237;116;81;96416;4.23;0;0.32;0.37
1994;7;25;206;26.5;22.2;15.5;18.1;15;12.8;0.1;1.1;0.16;2.7;2.7;0;564;193;95;65;96475;3.42;0.07;0.31;0.37
1994;7;26;207;28.4;22.9;17.2;18.7;16.5;14.8;0.8;0.6;0.16;2.7;2.7;0;668;211;102;66;96609;3.72;1.38;0.31;0.37
1994;7;27;208;28.4;22.8;17.4;18.1;17.1;15.8;0.6;-0.4;0.16;2.7;2.7;0;655;217;99;66;96570;3.86;1.42;0.31;0.37
1994;7;28;209;29.1;23.6;17.6;17.5;15.2;12.8;0.1;0;0.16;2.7;2.7;0;668;227;116;75;96393;4.04;0.26;0.3;0.37
1994;7;29;210;28.8;23.8;17.7;17.5;14.5;12;0.4;0.4;0.16;2.7;2.7;0;587;210;103;75;96422;3.63;0;0.3;0.37
1994;7;30;211;30.2;24.3;17.1;16.5;12.7;9.5;0.9;1.8;0.16;2.7;2.7;0;716;255;139;95;96337;4.28;0;0.3;0.37
1994;7;31;212;30.8;24.9;17.8;16.3;13.8;11.9;0.2;2;0.16;2.7;2.7;0;698;249;126;88;96142;4.19;0;0.29;0.37
1994;8;1;213;30.6;25.3;19.2;18.2;15.4;13.4;0.4;1.9;0.16;2.7;2.7;0;671;235;109;74;96058;3.98;0;0.29;0.37
1994;8;2;214;29;24.1;19.9;17.9;16.4;15.3;1.6;-1.4;0.16;2.7;2.7;0;665;218;98;68;96352;3.72;0.94;0.29;0.37
1994;8;3;215;29.4;24.2;20.3;17.6;16.6;15.6;0.8;-2;0.16;2.7;2.7;0;654;216;99;66;96619;3.7;1.72;0.28;0.37
1994;8;4;216;28.2;23.9;20;17.8;15.5;13.1;0.4;-2.2;0.16;2.6;2.7;0;628;203;93;69;96756;3.41;0.14;0.28;0.37
1994;8;5;217;29.3;24;17.3;17.3;14;12.1;-0.2;-0.5;0.16;2.6;2.7;0;682;238;122;84;96737;3.62;0;0.28;0.37
1994;8;6;218;29.8;24.7;18;18;15.8;13.2;0.5;0.7;0.16;2.6;2.7;0;628;205;105;71;96557;3.12;0.03;0.28;0.37
1994;8;7;219;29.9;24;18.9;18.7;17.3;15.5;0.4;0.6;0.16;2.6;2.7;0;633;200;101;61;96420;3.15;2.91;0.28;0.37
1994;8;8;220;29.3;23.7;17.6;18;16.7;14.4;0.6;0.7;0.16;2.6;2.7;0;640;208;100;68;96263;3.31;0.35;0.27;0.37
1994;8;9;221;27.1;23;19.4;17.5;15.6;13.7;0.9;-1.2;0.16;2.6;2.7;0;587;197;95;68;96090;2.96;0.12;0.27;0.37
1994;8;10;222;30.8;24.8;17.7;18.1;16.5;14.4;0.1;2.1;0.16;2.6;2.7;0;618;201;102;64;95576;3.05;0;0.27;0.36
1994;8;11;223;27.1;23.6;20.2;15.7;13;11;1.9;-0.9;0.16;2.6;2.7;0;639;181;98;64;95474;3.23;1.46;0.27;0.36
1994;8;12;224;23.6;20.3;17.4;14.3;11.4;9;2.3;-1.3;0.16;2.6;2.7;0;583;174;94;63;95888;3.08;1.84;0.27;0.36
1994;8;13;225;24.6;19.8;15.3;14;11.7;10;1.2;-0.2;0.16;2.6;2.7;0;589;196;108;74;96146;2.92;3.77;0.27;0.36
1994;8;14;226;21.2;17.5;13.7;11.9;8.9;5.4;1.3;-1.6;0.16;2.6;2.7;0;478;158;84;51;96512;3;2.71;0.27;0.36
1994;8;15;227;21.8;17.7;13.6;9.6;6.5;4.9;1.1;-1.8;0.16;2.6;2.7;0;617;179;110;71;96820;2.68;0.13;0.27;0.36
1994;8;16;228;22.2;17.1;12.1;11.8;8.7;6;-0.4;0.1;0.16;2.6;2.7;0;612;198;119;81;96887;2.43;0.02;0.26;0.36
1994;8;17;229;25.7;19.7;12.9;15.2;13.2;10.5;0.3;1.8;0.15;2.6;2.7;0;645;190;112;66;96157;2.38;0.61;0.26;0.36
1994;8;18;230;19.2;15.6;11.8;14.8;9.5;6;2.1;-1.8;0.15;2.6;2.7;0;550;119;110;57;95657;3.05;10.98;0.27;0.36
1994;8;19;231;20.4;15.8;9.6;13.7;9.5;6.4;1.8;0.5;0.15;2.6;2.7;0;458;129;85;53;95833;1.96;2.62;0.27;0.36
1994;8;20;232;22.7;18.3;13.5;14.9;12.6;11;1.9;-0.6;0.15;2.6;2.7;0;490;159;85;54;96107;2.62;0.6;0.27;0.36
1994;8;21;233;24.4;19.8;15.1;17.1;15.4;13.1;0.7;0.7;0.15;2.6;2.7;0;524;161;76;51;96414;2.39;1.08;0.27;0.36
1994;8;22;234;24.5;20.3;15.6;18.4;16.7;14.8;0.6;-0.6;0.15;2.6;2.7;0;550;154;85;55;96516;2.24;2.26;0.27;0.36
1994;8;23;235;26.4;21;15.4;17.3;15.9;14.1;0.7;1.2;0.15;2.5;2.7;0;629;199;102;68;96397;2.83;0.37;0.27;0.36
1994;8;24;236;22.1;18.7;15.4;17.9;16.7;15.2;0.2;-0.2;0.15;2.5;2.7;0;418;107;67;45;95996;1.72;8.87;0.27;0.36
1994;8;25;237;19.2;16.5;14.1;17.3;14.8;10.7;0.8;-0.2;0.15;2.5;2.7;0;187;63;42;25;95228;2.32;13.71;0.28;0.36
1994;8;26;238;19.5;16.7;14.1;10.6;8.8;8;3.5;-4.9;0.15;2.5;2.7;0;446;130;77;50;95458;2.67;0.03;0.28;0.36
1994;8;27;239;22.2;18.2;14.7;14.3;11.5;8.6;1.1;-2.6;0.15;2.5;2.7;0;556;176;90;71;96274;2.7;0.05;0.28;0.36
1994;8;28;240;26.1;20;13.1;15.2;13.3;11.8;1.1;0.1;0.15;2.5;2.7;0;618;188;110;70;96202;2.86;0.03;0.28;0.36
1994;8;29;241;20.2;17.3;14.8;15.9;14.7;13.3;0.4;-1.1;0.15;2.5;2.7;0;357;95;47;38;96339;2.08;15.34;0.29;0.36
1994;8;30;242;20;17;14.6;13;11.7;10.4;0.2;0.6;0.15;2.5;2.7;0;323;111;67;42;96445;2.12;0.15;0.29;0.36
1994;8;31;243;25.2;20;13.9;17.8;15.3;12.2;-0.3;1.5;0.15;2.5;2.7;0;600;187;103;66;96253;2.76;0.02;0.29;0.36
1994;9;1;244;27;22.1;18.1;17.7;16.5;15.1;0.5;1.2;0.15;2.5;2.7;0;608;182;108;67;96101;2.97;0.23;0.29;0.36
1994;9;2;245;26.8;21.1;15.3;17.2;15.7;14.5;0.6;1.3;0.15;2.5;2.7;0;571;178;91;65;95976;2.85;0.31;0.28;0.36
1994;9;3;246;18.2;16.6;14.8;15;13.5;10.7;1.2;-3;0.15;2.5;2.7;0;315;87;69;37;96203;2.33;8.23;0.29;0.36
1994;9;4;247;20.4;16.6;13.3;10.3;9.1;8.3;1;-2.9;0.15;2.5;2.7;0;599;193;106;77;96466;2.88;0;0.29;0.36
1994;9;5;248;22.8;17.3;11.4;13.1;10;7.9;0.9;-0.8;0.15;2.5;2.7;0;615;190;118;81;96622;2.71;0;0.29;0.36
1994;9;6;249;21.7;17.6;13.5;14.4;12.4;10.9;0.7;0.3;0.15;2.5;2.7;0;476;134;85;54;96509;2.13;0.75;0.28;0.36
1994;9;7;250;24.4;19.9;15.7;15.8;14.5;12.6;0.1;1.8;0.15;2.5;2.7;0;505;158;87;69;95937;2.43;0.06;0.28;0.36
1994;9;8;251;25.2;20.4;14.2;15.2;13.8;12;0.8;3.6;0.15;2.5;2.7;0;587;175;104;80;95606;2.65;0;0.28;0.36
1994;9;9;252;19.2;15.5;13.3;12.5;8.2;5.5;1.4;-1;0.15;2.5;2.7;0;159;50;79;36;96035;1.45;0.91;0.28;0.36
1994;9;10;253;21.1;15.4;9.4;12.5;9.2;6.8;1.1;1.2;0.15;2.5;2.7;0;527;156;105;74;96252;2.08;0.62;0.28;0.36
1994;9;11;254;22;17.2;12.2;15.3;12.3;9.7;0.3;0.7;0.15;2.5;2.7;0;475;148;98;61;96308;1.92;0.65;0.28;0.35
1994;9;12;255;24.8;18.6;11.8;14.8;13.4;10.7;0.8;2;0.15;2.5;2.7;0;575;176;106;72;96226;2.37;0;0.28;0.35
1994;9;13;256;24.5;19.5;13.7;16.3;14.5;12.5;0.6;1.2;0.15;2.5;2.7;0;555;151;96;65;96087;2.16;1.39;0.27;0.35
1994;9;14;257;24.2;20;15.6;16.3;14.8;13.6;0.5;4;0.15;2.5;2.7;0;466;138;83;60;95353;2.52;1.15;0.27;0.35
1994;9;15;258;20.7;17.9;13.5;14.8;9.8;6;1.6;3.8;0.15;2.5;2.7;0;549;171;116;80;95060;2.46;0.17;0.27;0.35
1994;9;16;259;18.8;14.2;10.6;8.7;7.2;5.7;0.2;0.9;0.15;2.4;2.7;0;406;126;95;61;95592;1.77;0.83;0.27;0.35
1994;9;17;260;11.6;10.4;8.1;10.2;6.8;2.4;1.1;-1.7;0.15;2.4;2.7;0;188;46;84;38;95954;1.73;20.14;0.29;0.35
1994;9;18;261;13.7;9.9;6.8;4.5;2.4;1.3;0.8;-1.7;0.14;2.4;2.7;0;457;118;81;65;96621;1.68;0;0.29;0.35
1994;9;19;262;14.3;10.4;6.8;5.6;3.8;1.3;0.9;-2.4;0.14;2.4;2.7;0;398;132;100;69;96541;1.69;0;0.29;0.35
1994;9;20;263;14.5;11.3;7.9;8.2;6.7;5.6;1.6;-2.9;0.14;2.3;2.7;0;426;102;80;57;95609;1.3;0.33;0.28;0.35
1994;9;21;264;17.3;11.6;5.4;9.1;7.4;4.9;0;-0.3;0.14;2.3;2.7;0;370;120;92;63;95819;1.48;0;0.28;0.35
1994;9;22;265;18.5;13.4;8.5;13;10.6;7.8;0;-0.5;0.14;2.3;2.7;0;415;100;70;44;96750;1.26;1.14;0.28;0.35
1994;9;23;266;20.2;15;9.5;13.5;11.7;9.2;-0.2;0.1;0.14;2.3;2.7;0;491;132;81;55;97142;1.54;0;0.28;0.35
1994;9;24;267;22.6;17.4;13.3;16.4;14.6;11.9;0.1;2.3;0.14;2.2;2.7;0;364;100;85;41;96523;1.17;0.03;0.28;0.35
1994;9;25;268;23.8;18.8;13.3;17.3;15.4;12.6;0.3;-0.6;0.14;2.2;2.7;0;501;123;89;50;96415;1.51;0.08;0.28;0.35
1994;9;26;269;23.4;18.9;15;17;15.9;14.5;0.1;0.7;0.14;2.2;2.7;0;424;115;76;46;96311;1.55;0.46;0.28;0.35
1994;9;27;270;21.2;18.2;14.6;16.3;13.8;12;0.7;-0.6;0.14;2.1;2.7;0;471;122;87;49;96141;1.75;0.51;0.28;0.35
1994;9;28;271;19.3;15.5;12.2;14.2;12.8;11.6;0.6;-0.2;0.14;2.1;2.6;0;404;96;74;47;96761;1.25;2.94;0.28;0.35
1994;9;29;272;19.8;15.4;12.2;13.8;12.7;11.3;0.5;0.7;0.14;2.1;2.6;0;422;108;84;53;96944;1.57;0.85;0.28;0.35
1994;9;30;273;20.9;15.7;10.5;13.6;11.9;9.7;0.5;1.1;0.14;2.1;2.6;0;467;129;93;68;96794;1.42;0;0.28;0.35
1994;10;1;274;21.7;16.7;11.7;14.6;12.9;10.9;0.9;-0.7;0.14;2;2.6;0;384;96;75;52;96583;1.28;0.75;0.28;0.35
1994;10;2;275;19.8;15.7;13;15;13;11.3;0.2;0.8;0.14;2;2.6;0;286;66;53;32;96442;0.85;0.44;0.28;0.35
1994;10;3;276;20.6;15.5;12.2;14.2;12.9;11.8;1.4;1.2;0.14;2;2.6;0;305;80;72;40;95341;1.07;5.36;0.28;0.35
1994;10;4;277;13.2;10.7;5;12.3;6.3;0.3;0.7;-2.3;0.14;2;2.6;0;441;100;100;45;95829;1.77;6.53;0.29;0.35
1994;10;5;278;10.6;7.2;4.6;2.1;-0.6;-3.1;1.1;-2;0.14;1.9;2.6;0;439;112;104;68;97002;1.7;0.3;0.29;0.35
1994;10;6;279;6.5;4.5;2.1;0.5;-1.9;-4.7;0.6;-4.2;0.14;1.9;2.6;0.03;453;125;101;82;97623;1.34;0.89;0.29;0.35
1994;10;7;280;3.1;1.6;1;0.6;-0.4;-2.2;1.1;-3.5;0.18;1.9;2.6;3.15;220;37;85;33;97000;0.76;12.04;0.29;0.35
1994;10;8;281;6;3;0.7;0.9;-0.1;-1.1;-0.3;1.1;0.22;1.9;2.6;6.12;272;62;69;35;96939;0.89;0.61;0.29;0.35
1994;10;9;282;9.8;4.3;-1.4;1.9;-1.1;-3.6;0.9;-0.3;0.2;1.8;2.6;4.36;461;113;114;69;97043;0.96;0;0.29;0.35
1994;10;10;283;11.6;6.5;1.9;4;2.1;-0.3;0;0.6;0.17;1.8;2.6;2.69;441;109;111;65;97251;0.83;0.01;0.29;0.35
1994;10;11;284;12.8;7;2.1;5.8;3.8;1.1;0.3;1.3;0.15;1.8;2.6;1.42;463;127;117;82;97281;0.9;0;0.29;0.35
1994;10;12;285;13.8;7.1;0.9;7.7;4.6;0.6;0.5;0.3;0.15;1.8;2.6;0.69;418;115;116;74;97523;0.86;0;0.29;0.35
1994;10;13;286;15.5;8.8;2.2;5.8;3.8;1.1;0.9;-1.6;0.14;1.7;2.6;0.33;451;116;112;75;97651;1.11;0;0.29;0.35
1994;10;14;287;15.4;9.7;4.8;9.3;6.6;3.4;0;0.1;0.14;1.7;2.6;0.13;455;122;116;80;97632;0.89;0;0.29;0.35
1994;10;15;288;15.8;9.8;6.1;8.6;6.8;5.3;0.5;2.2;0.14;1.7;2.6;0.02;470;119;119;81;97018;0.94;0;0.29;0.35
1994;10;16;289;15.3;9.2;4.1;10.1;7;3.4;0.4;-0.5;0.14;1.7;2.6;0;423;114;112;70;96525;0.88;0;0.29;0.35
1994;10;17;290;8.2;6.6;2.6;7.8;1.7;-3.3;0.5;-3.5;0.13;1.7;2.6;0;326;83;91;51;96637;0.81;0;0.29;0.35
1994;10;18;291;5.3;1.9;-0.5;-2.3;-4.1;-5.6;-0.3;-1.2;0.13;1.6;2.6;0;449;119;124;93;97035;0.8;0;0.29;0.35
1994;10;19;292;7.1;3.4;-0.1;-1.2;-2.3;-5.3;-0.9;3.6;0.13;1.6;2.6;0;422;108;105;75;96714;0.76;0;0.29;0.35
1994;10;20;293;8.3;5;1.1;3;1.4;-0.8;-1.1;3.1;0.13;1.6;2.6;0;372;92;82;58;96330;0.57;0;0.29;0.35
1994;10;21;294;8.3;6.3;3.4;4;2.8;1.3;-1.3;2.7;0.13;1.6;2.6;0;193;45;66;33;96421;0.39;0.07;0.29;0.35
1994;10;22;295;7.3;5.7;4.4;2.2;1.4;0.7;-0.5;4;0.13;1.6;2.6;0;259;65;51;37;96212;0.58;0.02;0.29;0.35
1994;10;23;296;10.1;6.9;4.1;5.5;4;2;0.1;3.9;0.13;1.6;2.6;0;311;72;66;38;95540;0.5;0.35;0.29;0.35
1994;10;24;297;10.9;8.1;4.8;8.6;6.6;4.3;0.6;-1.2;0.13;1.6;2.6;0;215;43;52;26;95561;0.8;19.68;0.3;0.35
1994;10;25;298;13.9;9.1;5;6.3;4.7;3.2;1.3;-0.4;0.13;1.6;2.6;0;418;100;108;73;95750;1.11;0.01;0.31;0.35
1994;10;26;299;13;8.1;4.1;7.5;5.2;2.8;0.3;0.3;0.13;1.6;2.6;0;403;92;110;59;95655;0.74;9.08;0.31;0.35
1994;10;27;300;13.2;8.7;5.9;6.5;3.3;0.7;0.9;0.8;0.13;1.6;2.6;0;411;95;112;71;96182;1.27;3.36;0.32;0.35
1994;10;28;301;14;9;5;8.7;5.9;3.8;0.8;1.9;0.13;1.5;2.6;0;390;95;110;63;95946;1.02;10.76;0.32;0.35
1994;10;29;302;10.8;7.3;3.9;5.9;4.2;3;1.1;-1.3;0.13;1.5;2.6;0;277;58;82;42;96096;1.28;7.57;0.33;0.35
1994;10;30;303;12.4;8.1;3.9;7;5.3;2.9;1.2;1.9;0.13;1.5;2.6;0;272;48;64;40;96040;0.59;1.99;0.33;0.35
1994;10;31;304;17.9;11.9;7.7;10.2;8;5.4;1.1;1.5;0.12;1.5;2.6;0;367;90;104;58;96109;1.01;0;0.33;0.35
1994;11;1;305;17;11.8;6.7;9.7;8;5;1.2;-0.4;0.12;1.5;2.6;0;349;83;93;55;96360;0.78;0.66;0.33;0.35
1994;11;2;306;11.3;9.1;7.5;7.4;6.5;5.7;-0.2;0.4;0.12;1.5;2.6;0;157;33;50;27;96937;0.41;0.34;0.33;0.35
1994;11;3;307;10.9;9.2;7.7;7.8;7.4;7;-1;1.1;0.12;1.5;2.6;0;110;25;45;18;96942;0.24;0.04;0.33;0.35
1994;11;4;308;11.4;9.1;6.6;8.2;6.2;4.6;-0.9;2.8;0.12;1.5;2.6;0;283;66;73;38;97091;0.64;0.13;0.33;0.35
1994;11;5;309;10.2;9.1;7.9;8.6;6.9;6.1;-1.1;3.9;0.12;1.5;2.6;0;193;39;32;19;97091;0.48;0.15;0.33;0.35
1994;11;6;310;8.9;6.8;5.3;5.9;3.8;2.1;-0.8;3.6;0.12;1.4;2.6;0;213;47;51;27;96597;0.5;0.27;0.33;0.35
1994;11;7;311;9.6;6.1;3.1;5.9;4.1;1.5;-0.6;2.5;0.12;1.4;2.6;0;290;62;70;36;96105;0.72;0.8;0.33;0.35
1994;11;8;312;11.2;7.5;4.7;7.1;5.5;4.1;0.2;0.9;0.12;1.4;2.6;0;279;60;83;44;96022;0.48;0;0.33;0.35
1994;11;9;313;11.2;7.2;2.7;8;5.9;2.2;0;0.9;0.12;1.4;2.6;0;282;58;78;39;96037;0.37;0.21;0.33;0.35
1994;11;10;314;11.4;8.5;7.1;7.4;7;6.3;-0.1;0.3;0.12;1.4;2.6;0;142;27;32;12;95525;0.3;2.59;0.33;0.35
1994;11;11;315;8;6.2;2.3;7.8;5.6;1.3;1.1;-3.3;0.12;1.4;2.6;0.01;23;5;6;3;95387;0.86;31.79;0.34;0.35
1994;11;12;316;4.1;1.8;-0.5;0.9;-1.4;-3.7;1;-3.8;0.12;1.4;2.6;0.18;220;47;79;40;96269;0.97;1.12;0.36;0.34
1994;11;13;317;5.3;1.8;-1.3;0;-1.7;-3.9;0.1;-1;0.12;1.4;2.6;0.19;228;53;70;46;96707;0.34;0.22;0.36;0.34
1994;11;14;318;8.2;5.1;2;5.2;3;0.3;0.4;1.7;0.12;1.4;2.6;0.15;187;32;64;24;96939;0.33;0.21;0.36;0.35
1994;11;15;319;14.2;9.6;6.2;8.9;6.2;4;1.2;0.9;0.12;1.3;2.6;0.04;272;52;79;37;96285;0.6;1.03;0.36;0.35
1994;11;16;320;11.6;7.4;3.9;5;3.1;1.8;2.1;-0.6;0.11;1.3;2.6;0.01;300;65;98;62;96274;0.62;0.11;0.36;0.35
1994;11;17;321;9.8;5.2;1.7;3.3;1.9;0.2;1.4;0.3;0.11;1.4;2.6;0;298;63;93;62;96082;0.53;0.32;0.36;0.35
1994;11;18;322;8.9;4.9;2.3;4.1;2.1;0.6;1.5;-0.5;0.11;1.4;2.6;0;169;32;57;32;95831;0.52;4.64;0.36;0.35
1994;11;19;323;5.7;2.6;0;1.8;-0.7;-2.2;0.9;-1.8;0.11;1.4;2.6;0.05;274;63;89;69;96732;0.6;0;0.36;0.35
1994;11;20;324;6.6;4.7;1.5;5.9;3.3;-1.4;0.9;1.2;0.11;1.4;2.6;0.02;34;7;52;9;97061;0.18;3.98;0.36;0.35
1994;11;21;325;13.2;8.5;4.4;9;6.8;3.4;1.2;-0.9;0.11;1.4;2.6;0;200;40;57;36;96885;0.31;0.6;0.36;0.35
1994;11;22;326;8.4;5.9;2.9;6.6;3.9;2.5;-0.1;-0.6;0.11;1.4;2.6;0;223;48;86;44;97399;0.5;0.05;0.36;0.35
1994;11;23;327;10.1;5.3;2.6;6;3.8;2.3;0.2;0.8;0.11;1.4;2.6;0;236;54;82;55;97411;0.3;0;0.36;0.35
1994;11;24;328;11.1;6.2;2;5.7;3.9;1.7;1.4;-0.3;0.11;1.4;2.6;0;251;55;90;47;97319;0.34;0;0.36;0.35
1994;11;25;329;9.6;7.8;4.8;4.6;3;1;2.7;-3.8;0.11;1.4;2.6;0;193;39;66;39;97133;0.67;0.64;0.36;0.35
1994;11;26;330;5.4;4.3;3;4.1;3;1.6;0.6;-1.9;0.11;1.4;2.6;0;61;12;29;13;97129;0.72;8.64;0.37;0.35
1994;11;27;331;6.5;5.2;3.8;5.3;4.4;3.5;0.3;-1.1;0.11;1.4;2.6;0;47;9;13;6;96929;0.36;2.26;0.37;0.35
1994;11;28;332;8.8;7.1;5.1;5.2;4.2;3.3;1.7;-3.3;0.11;1.4;2.6;0;154;32;75;34;97420;0.6;0.15;0.37;0.35
1994;11;29;333;10.3;6;1.7;3.1;1.5;0.3;1.8;-2;0.11;1.4;2.6;0;263;59;103;73;97521;0.53;0;0.37;0.35
1994;11;30;334;5.9;4.2;1.3;2.7;1.2;-0.9;1.1;-3.2;0.11;1.4;2.6;0.03;231;36;68;41;97452;0.83;2.81;0.37;0.35
1994;12;1;335;2.4;-0.6;-2.8;-1.6;-3.6;-4.4;0.3;-1.6;0.11;1.4;2.6;0.18;282;62;111;86;97900;0.46;0;0.37;0.35
1994;12;2;336;1.3;-1.6;-3.3;-3.2;-4.1;-4.7;-0.1;2.7;0.11;1.4;2.6;0.18;241;50;101;74;98039;0.2;0;0.37;0.35
1994;12;3;337;2.5;-1.5;-3.3;-2.4;-4.2;-6;0.2;1;0.11;1.4;2.6;0.18;259;55;106;76;97743;0.14;0;0.37;0.35
1994;12;4;338;5.9;0.7;-3.4;1;-2.3;-6.2;0.8;0.6;0.11;1.4;2.6;0.17;259;47;77;36;97364;0.12;0.99;0.37;0.35
1994;12;5;339;6;2.6;-1.1;4;1.3;-2.1;1.1;0.9;0.11;1.4;2.6;0.1;214;37;63;34;96790;0.25;2.98;0.37;0.35
1994;12;6;340;9;3.7;-1.2;6;1;-2;1.5;-0.1;0.11;1.4;2.6;0.05;191;34;80;49;97127;0.25;0.08;0.37;0.35
1994;12;7;341;6.8;2.2;-1.2;2.4;-0.3;-2.6;1.1;2;0.11;1.4;2.6;0.05;262;57;104;76;97141;0.26;0;0.37;0.35
1994;12;8;342;7.1;1.4;-2.5;2.5;-0.7;-3.8;0.5;0.9;0.11;1.4;2.6;0.04;243;53;99;64;96867;0.11;0;0.37;0.35
1994;12;9;343;5.1;2.3;0.6;1.8;0.5;-0.9;1;1;0.11;1.4;2.6;0.04;116;19;48;28;96502;0.11;0.04;0.37;0.35
1994;12;10;344;3.9;1.9;0.5;2.7;1;-0.4;0.4;-0.7;0.11;1.4;2.6;0.05;87;13;68;16;97005;0.18;5.07;0.37;0.35
1994;12;11;345;9.9;5.9;1.7;7.3;3.8;0.9;1.9;0.4;0.11;1.4;2.6;0.05;152;19;63;27;97175;0.36;10.2;0.38;0.35
1994;12;12;346;12;7.6;4;7.7;2.3;-3.3;2;-0.4;0.11;1.4;2.6;0.02;235;50;101;66;97048;0.31;0;0.38;0.35
1994;12;13;347;11.5;8.5;6.3;3.7;0.8;-4.1;3.2;-1;0.11;1.4;2.6;0;192;41;78;66;96662;0.56;0;0.38;0.35
1994;12;14;348;6.4;3.6;-0.2;3;-1.5;-5.1;2.3;-2.5;0.11;1.4;2.6;0.05;224;38;103;61;96270;0.9;2.74;0.38;0.35
1994;12;15;349;0.8;-1.2;-3.8;-5;-6.7;-7.4;1.6;-3.2;0.11;1.4;2.6;0.24;207;42;91;81;97272;0.4;0.04;0.38;0.35
1994;12;16;350;1.9;-1.7;-4.6;-4.5;-6.5;-7.5;0.8;0.7;0.11;1.4;2.6;0.25;257;54;113;68;97229;0.09;0.1;0.38;0.35
1994;12;17;351;3.1;0.2;-2.6;-2.9;-4.4;-5.2;1.9;-1.9;0.12;1.4;2.6;0.38;248;51;100;68;97270;0.26;0.05;0.38;0.35
1994;12;18;352;1.9;-1.4;-3;-2.9;-4.1;-5.4;-0.1;1.6;0.12;1.4;2.6;0.38;248;52;100;73;96970;0.03;0;0.38;0.35
1994;12;19;353;1.6;-1.4;-2.5;-2.3;-3.4;-4.3;-0.6;1.8;0.12;1.4;2.6;0.36;244;45;90;55;96646;0.04;0;0.38;0.35
1994;12;20;354;0.3;-1.2;-2.3;-2;-2.8;-4;-0.9;1.5;0.13;1.3;2.6;0.82;104;20;41;19;96544;0.05;1.67;0.38;0.35
1994;12;21;355;-2;-2.6;-3;-3;-3.6;-4.3;-0.6;-0.7;0.29;1.3;2.6;9.17;57;11;20;10;96353;0.05;13.5;0.38;0.35
1994;12;22;356;-1.6;-2.8;-4.4;-2.7;-3.8;-6.5;0.3;-2.4;0.4;1.3;2.6;19.62;74;14;39;18;96500;0.12;5.59;0.38;0.35
1994;12;23;357;-4.9;-5.5;-6.8;-6.9;-8;-9;1.5;-3.5;0.4;1.3;2.6;20.95;96;22;58;27;97386;0.35;0.34;0.37;0.35
1994;12;24;358;-1;-2.9;-5.4;-2.3;-4.4;-7;0.7;-1.3;0.4;1.3;2.6;21.28;129;23;50;19;97258;0.18;0.94;0.37;0.35
1994;12;25;359;0.6;-1.3;-2.4;-1.3;-2.1;-2.9;0.2;0.5;0.39;1.3;2.6;21.86;78;18;57;16;96769;0.11;0.55;0.37;0.35
1994;12;26;360;-0.2;-2.2;-4.1;-1.9;-3;-5.2;0.5;0.7;0.38;1.3;2.6;21.88;114;24;49;26;96354;0.11;0.24;0.37;0.35
1994;12;27;361;3.4;-1;-6.5;-1.6;-4.3;-8.5;1.6;2;0.38;1.3;2.6;21.3;177;36;82;39;95770;0.41;0.16;0.37;0.35
1994;12;28;362;4.6;3;1.4;3.4;1.4;-1.4;1.4;1;0.36;1.3;2.6;18.13;49;9;15;3;95744;-0.21;2.37;0.38;0.35
1994;12;29;363;10.4;5.2;1.5;7;3.5;0.5;1;1.7;0.27;1.3;2.6;10.24;194;37;78;36;96028;-0.03;0.19;0.39;0.35
1994;12;30;364;7.2;4;1.9;5.2;2.1;-0.2;1.6;1.7;0.2;1.3;2.6;6.47;128;23;78;36;95005;0.2;4.58;0.39;0.35
1994;12;31;365;5.2;2.1;-1.1;2.5;-0.7;-3.7;1.1;1.1;0.17;1.3;2.6;4.58;242;46;102;59;94690;0.43;1.01;0.39;0.35
1995;1;1;1;4;0.5;-2.1;-0.7;-3.1;-5.4;1.3;0.1;0.17;1.3;2.6;4.08;131;26;69;52;94402;0.22;0.41;0.39;0.35
1995;1;2;2;1.7;-1.4;-3;-6.1;-8.2;-10.5;2;-0.2;0.16;1.3;2.6;3.85;237;48;101;70;95196;0.39;0.09;0.39;0.35
1995;1;3;3;-0.6;-2.2;-4.1;-4.8;-6.7;-8.1;1.2;-3.6;0.17;1.3;2.6;4.19;173;41;85;61;96546;0.17;1.08;0.39;0.35
1995;1;4;4;-3.5;-5.3;-7.8;-8.6;-11;-13.4;0.4;-4.6;0.18;1.2;2.6;4.86;208;47;96;72;97235;0.28;0.15;0.39;0.35
1995;1;5;5;-3.1;-5.1;-8.1;-6.8;-9.8;-13.4;0.5;-2.2;0.19;1.2;2.6;5.16;113;23;76;38;97280;0.08;1;0.39;0.36
1995;1;6;6;-1.8;-3.3;-4.8;-4.7;-6.5;-7.2;-0.5;1.6;0.2;1.2;2.6;5.69;153;31;63;31;96736;0.07;0.1;0.39;0.36
1995;1;7;7;-1.8;-3.9;-5.4;-4.6;-8.8;-11;1.4;-2.2;0.2;1.2;2.5;5.7;249;53;102;62;97289;0.21;0.03;0.39;0.36
1995;1;8;8;-2.5;-4;-5.5;-8.3;-8.9;-9.5;0.7;-2.6;0.19;1.2;2.5;5.61;179;40;68;48;97663;0.1;0.05;0.39;0.36
1995;1;9;9;0.7;-2.9;-5.2;-6.4;-7.7;-8.7;0.5;1.1;0.19;1.2;2.5;5.45;247;54;106;62;96919;0.08;0.02;0.39;0.36
1995;1;10;10;3.5;-0.6;-3.7;-1.9;-5.4;-8.5;2.2;0.9;0.2;1.2;2.5;6.22;218;39;87;47;95317;0.24;2.12;0.38;0.36
1995;1;11;11;0.8;-1.5;-2.9;-1.2;-4.6;-6.8;1.9;-1.3;0.27;1.2;2.5;9.93;126;23;89;45;94427;0.32;5.24;0.38;0.36
1995;1;12;12;0.1;-1.8;-3.8;-5;-5.8;-6.9;2.8;-3.3;0.3;1.2;2.5;11.59;193;40;85;66;95250;0.45;1.06;0.38;0.36
1995;1;13;13;-1.7;-3.4;-5.9;-5.5;-6.7;-9;2.4;-5;0.33;1.2;2.5;13.07;198;41;82;57;97054;0.43;1.59;0.38;0.36
1995;1;14;14;-3.1;-5.8;-8.2;-8.2;-9.4;-11.9;1.2;-3.1;0.33;1.2;2.5;13.17;219;48;93;80;97578;0.23;0.01;0.38;0.36
1995;1;15;15;0.2;-5.7;-10.3;-3.8;-9.2;-14;1.2;-0.8;0.32;1.2;2.5;12.75;213;46;85;49;97482;0.19;0;0.38;0.36
1995;1;16;16;2.8;-1.9;-6.3;-1.4;-4.2;-7.9;0.4;1.5;0.3;1.2;2.5;11.8;224;49;100;54;97660;0.04;0;0.38;0.36
1995;1;17;17;0.8;-2.5;-4.5;-3.5;-4.9;-6;0;3.4;0.29;1.2;2.5;11.11;245;54;101;80;97187;0.14;0;0.38;0.36
1995;1;18;18;-3.1;-4.1;-4.8;-5.1;-5.5;-6.1;-1;3.8;0.28;1.2;2.5;11.16;95;21;60;18;96440;0.19;1.13;0.38;0.36
1995;1;19;19;-3.1;-4.4;-7.4;-4.3;-5.5;-8.3;-0.8;0.3;0.34;1.2;2.5;14.1;46;11;34;13;96533;0.08;3.71;0.38;0.36
1995;1;20;20;-3.1;-4.8;-7.7;-4.7;-5.9;-8.7;-0.6;3.1;0.36;1.2;2.5;15.63;97;19;22;9;97120;0.13;0.43;0.38;0.36
1995;1;21;21;-1.4;-3.8;-6;-3.2;-5.2;-7;-0.2;1.2;0.37;1.2;2.5;16.06;126;23;58;22;96926;0.13;0.59;0.38;0.36
1995;1;22;22;3;-0.4;-7.2;-0.2;-2.4;-8;0.8;3;0.36;1.1;2.5;15.71;125;26;54;18;95968;0.18;0.97;0.38;0.36
1995;1;23;23;7.5;3.2;0.3;1.1;-0.1;-1.3;1.8;1.7;0.31;1.1;2.5;12.62;240;48;83;38;95086;0.3;3.33;0.38;0.36
1995;1;24;24;4.6;1.4;-2.8;0.8;-2.2;-6.3;2.1;-0.3;0.27;1.1;2.5;10.73;169;34;90;46;95498;0.38;1.95;0.39;0.36
1995;1;25;25;3.6;0.4;-4.5;-0.1;-3;-7.6;1.7;2.1;0.26;1.1;2.5;10;128;23;58;31;95289;0.34;1;0.39;0.36
1995;1;26;26;9.5;5;-0.7;5.3;1.9;-1.8;1.8;3;0.23;1.1;2.5;7.8;251;57;90;56;94828;0.1;0.01;0.39;0.36
1995;1;27;27;7.8;1.9;-1.4;4;-5;-8.9;4.1;-3.3;0.17;1.1;2.5;4.5;206;44;95;63;95207;1.23;4.29;0.39;0.36
1995;1;28;28;2.6;0;-3.6;-4.8;-7.1;-10.4;1.5;2.6;0.17;1.1;2.5;4.46;88;19;92;40;95503;0.41;0.3;0.39;0.36
1995;1;29;29;7.3;1.8;-2.9;2.3;-2.5;-6.1;1.2;1.3;0.17;1.1;2.5;4.14;222;51;77;48;95429;0.34;1.91;0.39;0.36
1995;1;30;30;8.5;3.7;0.9;3.2;-0.4;-2.9;1.2;0.5;0.16;1.1;2.5;3.47;225;50;80;36;95164;0.53;0.51;0.39;0.36
1995;1;31;31;2.2;-0.8;-4.7;-0.9;-6.8;-8.7;1.6;-3.5;0.15;1.1;2.5;3.1;315;71;101;75;97011;0.7;0.06;0.39;0.36
1995;2;1;32;7.5;1.1;-4.6;-3.9;-7.3;-11;1.2;2.5;0.15;1.1;2.5;2.87;339;80;111;72;97075;0.39;0;0.39;0.36
1995;2;2;33;8;2.8;-2;2.2;-2.5;-7.1;0.7;-0.5;0.14;1.1;2.5;2.35;308;74;101;63;96773;0.37;0.01;0.39;0.36
1995;2;3;34;2.8;0.6;-1.7;0.7;-2.5;-4.1;0.1;-1.5;0.14;1.1;2.5;1.97;270;70;105;66;97864;0.36;0;0.39;0.36
1995;2;4;35;6.1;1.2;-2.7;-0.4;-2.3;-4.4;0.9;1.1;0.13;1.1;2.5;1.72;349;78;107;57;97225;0.24;0;0.39;0.36
1995;2;5;36;5.6;3.9;1.6;2.7;-0.1;-2.4;2.3;-3.3;0.13;1.1;2.5;1.27;302;71;89;61;96773;1.01;3.19;0.39;0.36
1995;2;6;37;8.5;4.6;-0.1;3.8;1.8;-1;1.4;-0.2;0.13;1.1;2.5;0.91;146;36;53;26;96579;0.21;0.15;0.39;0.36
1995;2;7;38;13.8;6.4;0.5;7.1;2.1;-1.7;1.2;0.7;0.12;1.1;2.5;0.57;374;87;116;67;95738;0.46;0;0.39;0.37
1995;2;8;39;11.6;6.1;2.7;3.5;1.1;-2.1;1.3;0.6;0.12;1.1;2.5;0.36;339;73;108;51;95161;0.42;0;0.39;0.37
1995;2;9;40;9.4;3.7;-1.4;4.7;1;-5.6;0.4;-1;0.12;1.1;2.5;0.25;229;56;74;41;94668;0.69;3.24;0.39;0.37
1995;2;10;41;3.2;0.1;-2.3;-3.6;-5;-6.4;0.3;1.5;0.12;1.1;2.5;0.31;292;72;97;59;95758;0.47;0.06;0.39;0.37
1995;2;11;42;6.7;2.1;-1.1;1.1;-1.4;-3.9;0.9;1;0.12;1.1;2.5;0.26;258;63;76;60;95826;0.27;0;0.39;0.37
1995;2;12;43;7.5;2.7;-0.2;3;0.3;-1.8;1.6;0.9;0.12;1.1;2.5;0.2;260;45;69;53;96294;0.19;0.01;0.39;0.37
1995;2;13;44;10.5;5.1;-0.4;3.8;1.4;-2.7;0.4;2.9;0.12;1.1;2.5;0.12;398;101;107;76;96596;0.53;0;0.39;0.37
1995;2;14;45;7.3;5.7;4.4;6;4;1.4;1.2;0.5;0.12;1.1;2.5;0.04;62;18;73;33;95997;0.51;7.21;0.39;0.37
1995;2;15;46;10.3;5.4;-1.3;4.3;1.2;-2.8;1.3;1.7;0.12;1.1;2.5;0.02;417;101;111;65;96292;0.86;1.02;0.39;0.37
1995;2;16;47;7.3;5.3;3.7;6;3.1;-0.6;1.2;-0.5;0.12;1.1;2.5;0;85;21;78;33;95948;0.55;7.07;0.39;0.37
1995;2;17;48;9.6;4.6;-0.4;0.5;-0.8;-3;1.5;2.1;0.12;1.1;2.5;0;314;84;100;68;95929;0.67;0.15;0.39;0.37
1995;2;18;49;5.4;3.5;2.5;3.3;1.8;-0.6;1.3;-2.2;0.12;1.1;2.5;0.37;156;32;65;23;95756;1.01;11.73;0.4;0.37
1995;2;19;50;7.4;3.5;1.1;-1;-3;-5.1;1.9;-1.8;0.12;1.1;2.5;0.43;372;98;92;73;96684;0.81;0;0.4;0.37
1995;2;20;51;13.5;6.9;0.9;4.7;0.5;-6.1;1.7;0.7;0.12;1.1;2.5;0.29;378;78;98;38;96817;0.69;0.02;0.4;0.37
1995;2;21;52;12.7;7.4;2.7;4.3;2.9;1.4;0.8;1.9;0.12;1.1;2.5;0.14;384;102;108;67;96579;0.81;0;0.4;0.37
1995;2;22;53;6.5;4.2;1.9;1.9;0;-1.2;1.4;-1.2;0.12;1.1;2.5;0.14;119;34;65;40;96855;0.6;0.74;0.4;0.37
1995;2;23;54;7.9;3.7;1.2;4.5;0.6;-1.4;0.7;1.2;0.12;1.1;2.5;0.35;211;49;69;39;95811;0.59;7.28;0.4;0.37
1995;2;24;55;3.8;1.8;-2.3;1.1;-0.5;-3.4;0.9;2.8;0.13;1.1;2.5;0.91;341;72;73;44;94876;0.61;1.34;0.4;0.37
1995;2;25;56;9.5;4.6;-1.2;2.8;-0.1;-3.7;1;1.4;0.13;1.1;2.5;0.63;433;110;106;67;94264;0.99;1.14;0.4;0.37
1995;2;26;57;8.3;2.8;-2.5;2.5;0;-3.9;0;-0.3;0.14;1.2;2.5;1.07;348;73;86;49;94452;0.68;16.44;0.4;0.37
1995;2;27;58;4;1.4;-4.4;1;-2.1;-7;2.2;-3;0.24;1.2;2.5;7.6;326;90;93;53;96091;1.05;5;0.41;0.37
1995;2;28;59;8.1;0.3;-7.7;-1.3;-5.8;-10.8;1.6;1.4;0.22;1.2;2.5;6.39;300;91;97;65;97198;0.78;0;0.41;0.37
1995;3;1;60;11.2;4.4;-2.5;0.6;-2.1;-5.1;1;2.3;0.19;1.2;2.5;4.42;455;124;113;77;96459;0.94;0;0.41;0.37
1995;3;2;61;7;3.6;0.3;4.2;1.1;-2.6;0.8;-0.5;0.16;1.2;2.5;3.01;138;29;62;24;95999;0.27;13.34;0.41;0.37
1995;3;3;62;8;4.1;0.7;2.3;1.3;-0.3;0.7;2.2;0.16;1.2;2.5;2.43;348;84;72;43;95309;0.66;0.14;0.42;0.38
1995;3;4;63;6;2.2;-1.5;5.1;1;-2.8;0.8;-1.1;0.17;1.2;2.5;3.51;224;44;70;24;94992;0.5;23.5;0.42;0.38
1995;3;5;64;4.5;1;-2.2;-1;-3;-4.4;0.9;-1.2;0.3;1.2;2.5;11.63;364;104;109;62;95144;1.03;0.21;0.42;0.38
1995;3;6;65;6.1;1.7;-3.2;1;-1.7;-5;1.1;0;0.26;1.2;2.5;9.33;292;68;82;60;94917;0.46;0.52;0.42;0.38
1995;3;7;66;5.3;2.4;0.3;-1.7;-3.7;-6.1;1.7;-3.4;0.23;1.2;2.5;7.61;305;85;74;56;95755;1.09;0;0.42;0.38
1995;3;8;67;8;2.4;-2.4;-3.6;-5;-6.9;0.9;1.5;0.21;1.2;2.5;6.07;491;138;123;90;95829;1.05;0;0.42;0.38
1995;3;9;68;7.7;3.2;-1.7;-1.7;-3.5;-4.9;1.5;-1.7;0.19;1.2;2.5;4.45;450;106;91;61;96155;0.88;0;0.41;0.38
1995;3;10;69;7.7;3.6;-1.2;0.1;-2;-4;0.8;-1.6;0.17;1.3;2.5;3.16;454;124;101;74;96817;0.95;0.25;0.41;0.38
1995;3;11;70;8.9;4;-2.3;1.4;-0.6;-3.3;-0.3;1.1;0.15;1.3;2.5;2.12;457;116;107;60;96769;0.86;0.27;0.41;0.39
1995;3;12;71;9.3;3.8;-1.3;0.5;-0.6;-2.2;-0.1;-1.3;0.14;1.3;2.5;1.4;544;156;131;79;97059;1.18;0.72;0.41;0.39
1995;3;13;72;6.1;2.5;-1.1;0.9;-0.1;-2.1;-0.7;-1.5;0.14;1.3;2.6;0.98;326;99;89;46;96963;0.89;3.3;0.41;0.39
1995;3;14;73;2.7;0.5;-1.3;-0.2;-2.7;-5.5;-1.3;1.6;0.17;1.3;2.6;3.11;363;92;68;35;96037;0.87;2.44;0.4;0.39
1995;3;15;74;4.5;0;-3.3;-3.9;-4.7;-5.4;-0.3;2.7;0.18;1.3;2.6;3.7;340;111;76;58;95257;0.82;0.11;0.4;0.39
1995;3;16;75;6.3;1.1;-1.8;0.8;-2.2;-5.5;0.5;0.7;0.19;1.3;2.6;4.1;307;78;74;41;95414;0.61;3.43;0.4;0.39
1995;3;17;76;8.4;3.2;-4.1;-1;-4.2;-6.3;1.5;2.9;0.18;1.3;2.6;3.44;545;152;120;69;95736;1.43;0;0.4;0.39
1995;3;18;77;11.8;6.6;2.3;6.1;1.5;-3.9;0.7;0.8;0.16;1.4;2.6;2;418;113;85;56;95436;1.01;1.98;0.4;0.39
1995;3;19;78;14.3;7.6;2.8;7.3;4.1;1.7;1;0.4;0.14;1.4;2.6;0.89;438;89;79;36;95239;1.23;4.86;0.4;0.39
1995;3;20;79;5.1;2.9;1.1;2.7;-1.6;-5.1;1.9;-3.3;0.16;1.4;2.6;2.04;294;79;91;49;95663;1.27;8.04;0.41;0.39
1995;3;21;80;5.7;2.5;0.4;-1.6;-3.7;-5.9;3.9;-3.8;0.16;1.4;2.6;2.1;479;145;95;84;96486;1.31;0.86;0.41;0.39
1995;3;22;81;4.6;2;-0.5;-2.2;-4.7;-7.5;1.5;-4.2;0.16;1.4;2.6;1.94;524;155;107;78;97598;1.3;0.77;0.41;0.39
1995;3;23;82;5.1;3.2;1.3;0.3;-2.1;-7.1;2;-1.8;0.16;1.5;2.6;2.37;218;56;61;26;97426;0.82;2.27;0.4;0.39
1995;3;24;83;14.1;7;-0.2;3.2;-0.6;-3.6;1;-0.4;0.15;1.5;2.6;1.67;568;171;117;81;96809;1.57;0.03;0.4;0.39
1995;3;25;84;16.8;9.3;0.3;3.7;0.9;-2.4;2;-0.2;0.15;1.5;2.6;0.79;439;142;118;66;96044;1.67;0.66;0.4;0.39
1995;3;26;85;8.5;5.8;3.4;4.3;2.5;-0.4;1.5;0.1;0.14;1.5;2.6;0.39;247;69;79;34;96004;1.47;6.2;0.4;0.39
1995;3;27;86;14.3;7;1.1;6.5;2.8;-3.2;1.9;0.1;0.14;1.5;2.6;0.28;398;101;89;45;94464;1.83;5.33;0.4;0.39
1995;3;28;87;4.1;0.5;-2.7;-3.8;-9.8;-13.2;2;-3.6;0.15;1.6;2.6;1.01;608;159;118;76;95054;1.56;0.6;0.4;0.39
1995;3;29;88;6.6;1.3;-2.7;-2.5;-7;-12.5;2.2;0.3;0.16;1.6;2.6;1.39;424;109;94;53;94374;1.3;1.71;0.4;0.39
1995;3;30;89;3.6;0.6;-1.8;-4.6;-6.3;-8.7;0.8;-6.5;0.16;1.6;2.6;1.89;563;174;110;82;96389;1.53;1.22;0.4;0.39
1995;3;31;90;5;1.4;-1.8;-3.9;-5.3;-7;1.4;-4;0.16;1.6;2.6;2.14;525;168;103;80;97144;1.53;1.15;0.4;0.39
1995;4;1;91;6.1;3.6;0.3;3.5;0.4;-5.4;2.2;-1.2;0.18;1.6;2.6;2.76;190;52;55;21;96663;1.13;5.62;0.4;0.39
1995;4;2;92;13.2;9.9;6.1;6.1;4.7;2.6;3.6;-3.2;0.16;1.7;2.6;0.97;374;104;91;45;96552;1.62;1.25;0.4;0.39
1995;4;3;93;19.9;13.9;8.8;3;1.3;-0.6;3.4;-0.3;0.14;1.7;2.6;0.16;634;199;127;99;96266;2.88;0;0.4;0.39
1995;4;4;94;19.5;13.1;5.9;6.2;3.9;-1.2;2.3;-1.1;0.14;1.7;2.6;0.02;597;178;116;79;96153;2.45;0.23;0.4;0.39
1995;4;5;95;12.3;8.9;6.2;6.5;4.7;2.1;-0.4;0.6;0.14;1.7;2.6;0;382;98;67;40;96936;1.14;0.35;0.39;0.39
1995;4;6;96;16.7;10.8;5.7;8.3;6.1;4.7;1.7;-0.5;0.14;1.7;2.6;0;497;126;85;57;96501;1.7;0.83;0.39;0.39
1995;4;7;97;15.5;11.5;8.2;5.2;4.4;3.4;2.6;-1.3;0.14;1.8;2.6;0;467;128;74;48;96143;1.74;0.18;0.39;0.39
1995;4;8;98;10;6;2;5.2;-2.3;-6.5;3.4;-4.2;0.14;1.8;2.6;0;619;187;115;76;95552;2.36;1.46;0.39;0.39
1995;4;9;99;6.2;2.8;0.2;-4.4;-5.9;-7.7;2.6;-4.6;0.15;1.8;2.6;0.19;639;200;107;89;96066;1.87;0.57;0.39;0.39
1995;4;10;100;7.2;3.6;0.3;1.9;-2;-6.4;2;-1.8;0.15;1.8;2.6;0.27;277;87;84;46;96254;1.13;3.21;0.38;0.39
1995;4;11;101;4;2.1;1.3;3.1;1.6;0.7;0.2;-0.7;0.17;1.8;2.6;1.59;166;37;20;7;96485;0.79;15.24;0.39;0.39
1995;4;12;102;8.6;4.1;-1.2;2.2;-1;-3.9;1.1;-3.3;0.18;1.9;2.6;2.3;477;153;85;63;96549;1.8;0.78;0.4;0.39
1995;4;13;103;5.1;3.1;0.5;1.6;-1.8;-4.6;1.5;-5.1;0.17;1.9;2.6;1.38;523;144;92;62;96568;2.02;2.24;0.4;0.39
1995;4;14;104;5.2;2.4;0;2.6;-0.5;-3.5;1.1;-3.5;0.17;1.9;2.6;1.44;422;151;91;62;96857;1.65;4.2;0.4;0.39
1995;4;15;105;6.9;2.9;-0.3;1.7;-0.5;-2.1;-0.2;1.2;0.19;1.9;2.6;2.71;519;138;98;54;96510;1.49;3.75;0.4;0.39
1995;4;16;106;10.2;5.3;-1.8;3.2;0.3;-3.5;0.1;-0.9;0.17;2;2.6;1.73;457;150;88;60;95578;1.4;0.03;0.4;0.39
1995;4;17;107;10.7;6.6;3;1.7;-0.4;-1.8;2.5;-2.4;0.16;2;2.6;0.8;614;207;115;83;95324;2.3;0.66;0.4;0.39
1995;4;18;108;13.7;9.1;3.9;6.8;3.5;-0.8;0.7;1;0.16;2;2.6;0.35;444;120;74;43;95180;1.57;0.6;0.39;0.39
1995;4;19;109;16.1;11.2;4.5;6;4.6;2.2;0.6;3;0.15;2.1;2.7;0.12;616;175;105;71;95232;2.29;0.01;0.39;0.39
1995;4;20;110;14.8;11.2;7.3;9.3;6.9;4.1;0.1;1.3;0.15;2.1;2.7;0;504;153;101;68;95694;1.97;1;0.39;0.39
1995;4;21;111;19.3;13.5;6.4;8.9;7.1;4.6;0;2.9;0.15;2.1;2.7;0;676;220;114;81;96285;2.93;0.02;0.39;0.39
1995;4;22;112;21.8;15.8;9.3;11.1;9;6.8;-0.3;2.7;0.15;2.2;2.7;0;684;228;118;86;96485;3.23;0.01;0.38;0.39
1995;4;23;113;22.8;16.6;8.7;11;8.5;5.3;-0.8;1.1;0.15;2.2;2.7;0;683;224;123;83;96471;3.27;0.05;0.38;0.39
1995;4;24;114;18.5;14.8;10.7;10.3;9.1;6.8;-1.6;0.3;0.16;2.2;2.7;0;539;192;102;70;95758;2.56;4.93;0.38;0.39
1995;4;25;115;14.6;11.2;7.3;11.7;7.9;4.4;-0.7;2.8;0.16;2.3;2.7;0;522;133;98;46;94751;2.36;12.04;0.39;0.39
1995;4;26;116;11.6;8.8;4.5;7.6;5.6;3;1.2;-0.1;0.16;2.3;2.7;0;271;86;78;44;94327;1.65;5.47;0.39;0.39
1995;4;27;117;15.4;11.3;8.5;7.2;6.1;5.4;3;-1.5;0.16;2.3;2.7;0;382;122;84;44;94716;2.6;3.48;0.39;0.39
1995;4;28;118;16.1;11.5;6.4;9.6;7;4.9;0.9;-1;0.16;2.4;2.7;0;575;171;89;58;95753;2.45;3.9;0.39;0.39
1995;4;29;119;15.9;11.5;6.2;10.7;8.6;5.7;-0.4;0.3;0.16;2.4;2.7;0;543;161;77;59;96401;2.24;2.83;0.39;0.39
1995;4;30;120;18.1;12.3;5.8;12.3;9.9;5.2;0;-0.3;0.16;2.4;2.7;0;621;190;97;62;96451;2.71;14.73;0.39;0.39
1995;5;1;121;17.4;12.7;8.4;10;8;4.9;0.7;-2.8;0.16;2.5;2.7;0;626;188;97;64;96719;3.06;1.39;0.4;0.39
1995;5;2;122;11.5;8.4;5.3;5;1.3;-1;0.4;-4.3;0.16;2.5;2.7;0;722;248;128;92;97239;3.3;0.23;0.4;0.39
1995;5;3;123;11.4;7.2;3;3.5;0.4;-1.5;0.1;-2.3;0.16;2.6;2.7;0;719;249;129;99;97540;2.88;0;0.39;0.39
1995;5;4;124;16.8;10.8;1.9;8;4.2;0.1;0.7;-1;0.16;2.6;2.7;0;683;237;123;81;97113;3.1;0.12;0.39;0.39
1995;5;5;125;17.3;13.2;9.3;7.2;5.6;4;0.8;-3.2;0.16;2.6;2.7;0;705;235;114;81;96749;3.54;0;0.39;0.39
1995;5;6;126;20.3;14.7;7.4;11.7;8.2;5.1;1.4;-0.6;0.16;2.7;2.7;0;582;198;99;70;96346;3.12;0.71;0.38;0.39
1995;5;7;127;21.3;15.5;9;10.5;8.5;5.9;1.4;-1.6;0.16;2.7;2.7;0;660;217;109;77;96102;3.54;0.16;0.38;0.39
1995;5;8;128;20.7;15;10.2;13.8;10.1;6.2;0.6;0.7;0.16;2.7;2.7;0;679;207;104;69;96024;3.2;5.49;0.38;0.39
1995;5;9;129;17.1;12.9;9.5;12.2;6.8;0.9;1.9;-1.6;0.16;2.8;2.7;0;446;147;107;65;95667;3.32;10.46;0.38;0.39
1995;5;10;130;14.4;11;7.2;7.7;4.2;1.1;0.6;-0.3;0.16;2.8;2.7;0;465;149;90;58;95947;2.49;0.92;0.38;0.39
1995;5;11;131;15.2;11.7;7.8;7.6;7;6.1;-0.4;2.1;0.17;2.8;2.8;0;555;171;89;52;95490;2.85;1.25;0.38;0.39
1995;5;12;132;15.5;12.2;10.2;12.2;10.4;7.8;-0.9;2.9;0.17;2.9;2.8;0;205;66;63;18;94670;1.31;4.44;0.38;0.39
1995;5;13;133;13.8;11.9;7.8;11.9;9.5;4.3;1;2.2;0.17;2.9;2.8;0;412;116;61;25;93833;3.13;9.87;0.38;0.39
1995;5;14;134;11.1;8.1;5.9;3.8;1.4;-1;3.1;-4.1;0.17;2.9;2.8;0;453;138;92;46;95560;3.44;2.33;0.39;0.39
1995;5;15;135;11.1;7.9;4.7;2.1;0.1;-1.6;0.1;-0.6;0.17;3;2.8;0;445;162;96;73;96484;2.52;0.03;0.38;0.39
1995;5;16;136;16.4;11.1;4.8;6.7;4.4;1.3;0;3.4;0.17;3;2.8;0;681;244;111;89;95984;3.49;0.02;0.38;0.39
1995;5;17;137;13.9;11.4;8;10.7;8.5;5.2;1.2;3.1;0.17;3;2.8;0;247;93;72;42;95579;1.72;2.48;0.38;0.39
1995;5;18;138;17.5;13;6.5;10.3;8.4;5.6;-0.1;2.7;0.17;3;2.8;0;630;218;103;69;95500;3.28;0.01;0.38;0.39
1995;5;19;139;11.7;9.6;7.4;9.3;5.4;2.1;1.5;-3.1;0.17;3;2.8;0;187;69;72;33;95804;2.16;6.55;0.38;0.39
1995;5;20;140;10.3;8.1;6.3;4.1;3;2;0.9;-5.2;0.17;3;2.8;0;313;108;71;43;96398;1.96;1.84;0.38;0.39
1995;5;21;141;11.8;8.8;6.5;5;3.5;2.2;0.7;-5.3;0.17;3;2.8;0;441;125;68;38;96763;3.1;3.46;0.38;0.39
1995;5;22;142;13.4;10.4;7.6;5.8;4.7;2.6;0.2;-4;0.17;3;2.8;0;435;141;91;46;96779;2.33;0.1;0.38;0.39
1995;5;23;143;17;12.2;5.6;9.1;4.8;2.3;0.3;-1.2;0.17;3;2.8;0;738;260;126;91;96343;3.75;0;0.37;0.39
1995;5;24;144;20.5;14.7;6.8;11.1;7.8;4.4;0.1;-1;0.17;3;2.8;0;721;255;125;84;96087;3.87;0;0.37;0.39
1995;5;25;145;21.9;16.5;8.9;13.1;9.8;6.6;-0.1;-0.1;0.17;3;2.8;0;681;242;113;76;96183;3.86;0.03;0.36;0.39
1995;5;26;146;23.5;18.3;11.2;14.2;12.5;9.8;-0.6;2;0.17;3;2.8;0;715;258;112;80;96222;4.12;0;0.36;0.39
1995;5;27;147;24.7;19.5;13.9;13.5;11.8;9.3;0.3;1.5;0.17;3;2.8;0;707;255;113;79;96454;4.48;0;0.36;0.39
1995;5;28;148;22;18.3;14.8;15.6;13;10.5;0.7;-2.9;0.17;3;2.8;0;673;222;92;70;96873;3.76;0.9;0.35;0.39
1995;5;29;149;24.7;19.2;12.3;15.9;14.5;11.7;0.1;1.1;0.17;3;2.8;0;669;224;87;64;96522;3.75;0.71;0.35;0.39
1995;5;30;150;24.3;18.9;13.4;16.5;14.9;12.5;-0.3;1.2;0.17;3;2.8;0;672;228;92;63;96079;3.92;6.86;0.35;0.39
1995;5;31;151;22.9;18;13.6;16.9;15.3;13.5;-0.8;1;0.17;3;2.8;0;675;214;85;52;95726;3.82;9.23;0.35;0.39
1995;6;1;152;20.3;15.8;12.7;14.7;13.3;11.7;0.1;1.9;0.17;3;2.8;0;580;150;79;47;95520;2.86;3.24;0.36;0.39
1995;6;2;153;16.7;13.3;10.1;11.4;8.5;5.4;0.8;-1.8;0.17;3;2.8;0;570;172;87;62;95879;3;0.78;0.35;0.39
1995;6;3;154;16.9;13.1;8.5;9.3;6.6;5.4;0.3;-1.5;0.17;3;2.8;0;487;170;88;64;96424;2.96;0.01;0.35;0.39
1995;6;4;155;19.7;14.5;8.7;13.9;11.2;7.3;-0.2;1;0.17;3;2.8;0;660;221;103;62;96398;3.32;11.16;0.35;0.39
1995;6;5;156;17.9;14.3;11.7;13.9;12.5;11.1;-0.1;0;0.17;3;2.8;0;547;135;62;35;96281;2.57;16.04;0.36;0.39
1995;6;6;157;17.4;13.8;11.1;14.2;12.5;10.9;0;-1;0.17;3;2.8;0;458;119;79;26;96184;2.5;18.06;0.37;0.39
1995;6;7;158;17.5;13.8;11.5;12.5;11.2;10;1.7;-2.4;0.17;3;2.8;0;389;108;74;36;96020;2.65;14.17;0.39;0.39
1995;6;8;159;21.3;17;11.9;13.7;11.2;9.1;0.2;0.1;0.17;3;2.8;0;596;226;100;74;96096;3.78;0.15;0.39;0.39
1995;6;9;160;22.4;17;11.9;14.8;12.4;8.7;0.6;1.1;0.17;3;2.8;0;697;229;96;60;96017;4.4;9.07;0.39;0.39
1995;6;10;161;19.6;15.4;10.9;12.9;10.5;7.5;-0.1;0.1;0.17;3;2.8;0;630;182;88;52;96069;3.32;0.04;0.39;0.38
1995;6;11;162;21.3;16.9;13.5;16.1;13.7;11;0.2;2.5;0.17;3;2.8;0;579;177;74;53;95450;3.09;2.14;0.39;0.38
1995;6;12;163;18.5;15;11.9;14.8;11.9;10.4;-0.1;1.4;0.17;3;2.8;0;311;117;76;37;95444;2.31;1.65;0.39;0.38
1995;6;13;164;17.2;13.8;9.4;12.4;10.9;8.7;0;-0.8;0.17;3;2.8;0;524;191;75;58;95706;3.69;18.42;0.39;0.38
1995;6;14;165;18.5;14.5;10.4;13.3;11.3;8.8;0.2;-0.5;0.17;3;2.8;0;624;190;79;54;95995;3.53;7.25;0.4;0.38
1995;6;15;166;17.9;14.3;10.9;11;8.8;8;0.9;-0.5;0.17;3;2.8;0;494;171;97;56;96220;3.19;0.36;0.4;0.38
1995;6;16;167;19.1;14.3;9.4;12.4;10.7;8.3;0.4;0.1;0.17;3;2.8;0;675;219;104;70;96237;3.54;7.4;0.4;0.38
1995;6;17;168;19.7;14.8;8.9;13.1;10.2;7.1;0.8;-0.2;0.17;3;2.8;0;665;255;111;81;96275;4.08;7.28;0.4;0.38
1995;6;18;169;20;15.2;10;13.3;11.2;8.5;0.8;-0.2;0.17;3;2.8;0;506;146;69;46;96217;2.82;4.32;0.4;0.38
1995;6;19;170;21.3;17.3;12;15;12.5;10.7;1;-1;0.17;3;2.8;0;524;191;84;59;96680;3.33;0.27;0.4;0.39
1995;6;20;171;23;18.8;13.2;16.4;14.3;11.7;-0.3;0.8;0.17;3;2.8;0;539;205;84;59;96908;3.59;0.6;0.39;0.39
1995;6;21;172;26.3;21;13.6;17.8;16;13;0.6;-0.2;0.17;3;2.8;0;672;227;97;63;96568;4.06;0.72;0.39;0.39
1995;6;22;173;18.9;16.3;10.8;15.5;11.4;4.7;1;-3.3;0.17;3;2.8;0;485;132;84;47;96274;3.21;3.56;0.39;0.39
1995;6;23;174;14.3;11.9;9;7.4;6;4.6;0.1;-2.6;0.17;3;2.8;0;407;160;83;60;96155;2.76;0.7;0.39;0.39
1995;6;24;175;15;12.4;10;9.7;8;6.7;-0.1;-2.2;0.16;3;2.8;0;319;97;48;30;96117;2.15;4.42;0.39;0.39
1995;6;25;176;15.7;13.5;11.8;12.2;11.1;9.6;2.3;-2.7;0.16;2.9;2.8;0;312;77;32;18;96101;2.54;13.6;0.39;0.39
1995;6;26;177;19.4;15.6;12.4;14.1;13.1;11.4;2.1;-3.4;0.16;2.9;2.8;0;629;174;77;37;96132;3.92;11.92;0.4;0.39
1995;6;27;178;21.8;17.9;14.2;16.7;15;13.3;1.2;-4.3;0.16;2.9;2.8;0;512;169;71;41;96228;3.56;3.18;0.4;0.39
1995;6;28;179;21.2;17.5;14;13.1;10.3;8.5;0.9;-4.1;0.16;2.9;2.8;0;736;273;119;93;96156;4.81;0;0.4;0.39
1995;6;29;180;22.4;17.7;12.5;13.2;10.3;7.6;1;-2.7;0.16;2.9;2.8;0;728;271;116;92;96120;4.7;0;0.39;0.39
1995;6;30;181;25;20.4;14.6;16.2;12.6;10;0.8;-1.5;0.16;2.9;2.8;0;728;261;111;80;96206;4.75;0;0.39;0.39
1995;7;1;182;27.3;21.8;14.1;18.8;14.4;12.4;0.5;0.4;0.16;2.9;2.8;0;626;239;106;75;96156;4.3;0;0.38;0.39
1995;7;2;183;25.3;21.2;15.7;18.4;16.8;14.1;0.7;1.1;0.16;2.9;2.8;0;553;192;83;60;95747;3.51;1.08;0.38;0.39
1995;7;3;184;28.2;22.3;16.1;17.1;15.7;13.3;1.3;2.1;0.16;2.9;2.8;0;698;247;98;74;95115;4.84;0.34;0.38;0.39
1995;7;4;185;22.5;19.2;15.8;15.2;13.6;12.2;1.7;-1.1;0.16;2.9;2.7;0;482;182;85;59;95806;3.68;1.68;0.37;0.39
1995;7;5;186;20;17.4;14.2;15.5;13.8;12.4;0.2;-0.7;0.16;2.9;2.7;0;338;124;65;40;96523;2.31;2.37;0.37;0.39
1995;7;6;187;20.9;17.4;14.5;14;12.2;10.2;-0.2;-2;0.16;2.8;2.7;0;392;138;85;49;96652;2.72;0.12;0.37;0.39
1995;7;7;188;22.9;18.1;12.5;14.8;11.5;9.1;0.2;-1.9;0.16;2.8;2.7;0;723;265;111;84;96663;4.31;0;0.37;0.38
1995;7;8;189;26;20.9;13.5;16.6;13.9;11.6;-0.4;0.1;0.16;2.8;2.7;0;721;261;112;79;96819;4.38;0;0.36;0.38
1995;7;9;190;26.9;22;15.5;17.4;14.9;12.6;-0.3;0.9;0.16;2.8;2.7;0;710;262;110;78;96800;4.48;0;0.36;0.38
1995;7;10;191;26.9;22.3;16.5;16.4;15.2;14.1;-0.5;1.2;0.16;2.8;2.7;0;662;243;100;72;96456;4.29;0;0.35;0.38
1995;7;11;192;27.6;22.6;16.5;16.5;14.9;13.6;0.3;2.1;0.16;2.8;2.7;0;706;259;107;79;95882;4.54;0;0.35;0.38
1995;7;12;193;27.7;22.8;16.5;18.6;15.8;14;0.2;0.4;0.16;2.8;2.7;0;641;238;112;74;95938;4.07;0.02;0.34;0.38
1995;7;13;194;28;23.1;17.2;18.7;17.1;15.2;0.3;0.6;0.16;2.8;2.7;0;641;225;96;67;96096;3.93;0.2;0.34;0.38
1995;7;14;195;26.7;22.2;17.3;19.9;18.3;16.1;0.6;-0.4;0.16;2.8;2.7;0;620;199;86;57;95966;3.47;7.42;0.34;0.38
1995;7;15;196;25.9;21.5;17.9;17.8;15.8;14.6;1.2;-1.9;0.16;2.8;2.7;0;568;197;84;53;95946;4.02;0.82;0.34;0.38
1995;7;16;197;26.7;22.2;17.4;15.4;14;12.6;1.4;-1.7;0.16;2.8;2.7;0;640;218;102;66;95937;4.17;0.06;0.34;0.38
1995;7;17;198;23.4;20;17.2;14.8;13.2;12;1;-2;0.16;2.8;2.7;0;509;181;81;60;96211;3.48;0.77;0.33;0.38
1995;7;18;199;25;20.6;15.3;13.8;13.1;12.5;1.2;-1.7;0.16;2.8;2.7;0;629;218;91;66;96429;3.8;0.65;0.33;0.38
1995;7;19;200;23.8;20.8;18.2;15.8;14.6;13.1;1.8;-2.7;0.16;2.7;2.7;0;550;162;72;49;96808;3.06;0.5;0.33;0.38
1995;7;20;201;26.5;22.3;17.4;16.7;14.6;13.3;0.3;-1.6;0.16;2.7;2.7;0;593;217;109;70;96910;3.74;0.01;0.32;0.38
1995;7;21;202;28.6;23.6;16.7;17.4;15.9;14.4;0.2;2;0.16;2.7;2.7;0;699;252;110;78;96568;4.13;0;0.32;0.38
1995;7;22;203;29.6;24.7;19.1;18.5;17;15.2;0.5;2.6;0.16;2.7;2.7;0;683;238;96;71;96151;4.14;0.06;0.32;0.38
1995;7;23;204;23.1;19.9;15.1;18.2;14.6;10.3;1.2;-3.1;0.16;2.7;2.7;0;467;158;67;49;96461;2.67;0.87;0.31;0.38
1995;7;24;205;23.3;18.7;14.4;10.9;10.1;9.1;0.8;-3.6;0.16;2.7;2.7;0;705;250;113;83;96845;3.71;0;0.31;0.38
1995;7;25;206;24.9;19.8;14.2;13.5;10.8;9.4;0.2;-2;0.16;2.7;2.7;0;715;258;126;94;96641;3.73;0;0.31;0.38
1995;7;26;207;26.9;21.6;14.9;15.4;13.5;11;-0.3;1;0.16;2.7;2.7;0;695;246;114;81;96503;3.56;0;0.3;0.38
1995;7;27;208;28;23;17.6;18;16.2;13.6;-0.4;1.9;0.16;2.7;2.7;0;626;205;88;55;96408;3.22;4.82;0.3;0.38
1995;7;28;209;21.7;19.9;17.3;18.4;17.6;15.8;0.3;-0.6;0.16;2.7;2.7;0;328;107;53;32;96435;2.46;15.63;0.31;0.38
1995;7;29;210;19.9;18;16.4;17.7;16;14.9;0.6;-2;0.16;2.7;2.7;0;226;72;65;29;96395;1.97;3.84;0.32;0.38
1995;7;30;211;24.5;20;14.8;15.7;13.2;11;-0.4;-1.7;0.16;2.7;2.7;0;563;196;89;66;96342;3.5;0.07;0.32;0.38
1995;7;31;212;25.5;21.4;15.9;15.6;13.8;11.9;0.2;-1.2;0.16;2.7;2.7;0;607;209;97;69;96180;3.55;0.03;0.31;0.38
1995;8;1;213;26.9;21.7;15.7;13.9;12.2;10.6;0.3;-1.9;0.16;2.7;2.7;0;647;217;106;77;96086;3.84;0.05;0.31;0.38
1995;8;2;214;23.4;20;16.6;15.1;12;9.1;0.7;-2.5;0.16;2.7;2.7;0;641;197;92;67;96201;3.46;0.56;0.31;0.38
1995;8;3;215;23;19.3;15.3;11.2;10;8.6;1.1;-2.7;0.16;2.7;2.7;0;573;206;95;77;96087;3.49;0.23;0.3;0.38
1995;8;4;216;25.1;19.8;13.7;14.3;11.5;8;1.2;-1.1;0.16;2.6;2.7;0;611;208;100;72;95965;3.41;0.73;0.3;0.38
1995;8;5;217;24.6;20.3;15.3;14;12.5;10.7;0.8;-2;0.16;2.6;2.7;0;588;203;100;71;96370;3.28;0.04;0.3;0.38
1995;8;6;218;25.1;20.6;15.1;16.4;13.7;12.3;0.1;-0.6;0.16;2.6;2.7;0;614;209;98;70;96465;3.08;0.05;0.3;0.38
1995;8;7;219;25.7;20.5;15.6;18.8;16.9;14.3;0.4;0.7;0.16;2.6;2.7;0;613;179;93;58;96115;2.88;9.66;0.29;0.37
1995;8;8;220;25;19.5;15.9;17.6;15.8;14.1;0.3;-1.4;0.16;2.6;2.7;0;618;175;91;49;96041;3.35;11.14;0.3;0.37
1995;8;9;221;16.8;15.5;14.4;15.9;14.5;13.1;-0.6;-1.6;0.16;2.6;2.7;0;97;26;33;13;96480;1.15;26.97;0.32;0.37
1995;8;10;222;21.7;17.2;13;12.7;9.9;7.9;1.1;-2;0.16;2.6;2.7;0;695;239;124;85;96916;4.06;0;0.33;0.37
1995;8;11;223;24.1;18.6;11.9;14.3;10.3;7.4;0.6;-1.5;0.16;2.6;2.7;0;689;239;123;89;97052;3.94;0;0.33;0.37
1995;8;12;224;23.5;18.7;13.7;13.8;10.8;9.8;-0.1;-0.5;0.16;2.6;2.7;0;686;237;129;90;96986;3.75;0;0.32;0.37
1995;8;13;225;24.7;19.3;12.7;13;10.9;10.2;0.7;2.1;0.16;2.6;2.7;0;691;237;126;90;96538;3.95;0;0.32;0.37
1995;8;14;226;25;19.5;14.8;15.7;13.1;9.9;0.8;-0.2;0.16;2.6;2.7;0;636;199;106;73;96181;3.4;1.47;0.32;0.37
1995;8;15;227;19.1;17.2;14.7;15.9;13.5;10.1;1.1;-2.8;0.16;2.6;2.7;0;376;122;72;50;96327;2.59;3.49;0.32;0.37
1995;8;16;228;18;15.4;13.3;11.8;10.7;9.6;1.2;-2.6;0.16;2.6;2.7;0;420;124;72;50;96345;2.42;1.98;0.32;0.37
1995;8;17;229;20.6;16.3;12.1;13.1;11.7;9.9;0.3;-2;0.15;2.6;2.7;0;463;140;63;52;96480;2.45;0.86;0.32;0.37
1995;8;18;230;23.7;18.7;13.1;16.8;14.5;11.6;-0.5;-1.2;0.15;2.6;2.7;0;584;184;85;55;96505;3.2;4.25;0.32;0.37
1995;8;19;231;22.1;18.3;15.4;17.1;15.4;13;-0.4;-0.4;0.15;2.6;2.7;0;534;149;69;45;96487;2.8;21.36;0.32;0.37
1995;8;20;232;20;16.8;15.1;17.2;15.8;14.5;0.1;-0.9;0.15;2.6;2.7;0;368;80;55;28;96310;1.69;23.32;0.34;0.37
1995;8;21;233;20.7;17.5;14.6;17.3;15.8;13.9;1;-1.6;0.15;2.6;2.7;0;330;99;61;35;96298;2.16;11.96;0.36;0.37
1995;8;22;234;23.7;19.6;14.9;18.6;16.7;13.9;0.2;-0.6;0.15;2.6;2.7;0;611;193;85;59;96368;3.16;2.01;0.36;0.37
1995;8;23;235;25.3;20.8;15.3;18;16.1;14.2;0.5;2.3;0.15;2.5;2.7;0;618;206;95;69;96241;3.5;0.08;0.36;0.37
1995;8;24;236;24.4;19.8;15.8;17.8;16.6;15.1;0.5;0.1;0.15;2.5;2.7;0;596;176;95;62;95927;2.99;6.48;0.36;0.37
1995;8;25;237;22.8;19.3;16.3;16.9;15.3;13.2;1.2;-2.1;0.15;2.5;2.7;0;499;155;72;51;95873;3;1.33;0.36;0.37
1995;8;26;238;21.3;18.5;15.8;12.9;11.6;10.5;2.8;-2.9;0.15;2.5;2.7;0;506;170;94;62;95740;3.34;0.3;0.36;0.37
1995;8;27;239;19.7;16;13.1;13.3;11.2;10.1;1.6;-0.6;0.15;2.5;2.7;0;430;120;79;56;95861;2.22;2.47;0.35;0.37
1995;8;28;240;13.6;11.4;9.7;12.8;8.9;5.2;1.9;-1.7;0.15;2.5;2.7;0;113;31;48;29;95226;2.45;21.09;0.36;0.37
1995;8;29;241;13.6;10.4;8.5;8.9;5.9;4.7;3;-2.2;0.15;2.5;2.7;0;492;113;86;64;95562;2.47;5.54;0.37;0.37
1995;8;30;242;12.6;10.2;8.3;6.9;5.4;4.4;2.4;-3.1;0.15;2.5;2.7;0;492;146;87;65;96126;2.12;0.87;0.37;0.37
1995;8;31;243;13.1;10.4;7.6;6.1;5.1;4.4;2.4;-1.4;0.15;2.5;2.7;0;571;181;98;74;96147;2.36;0.18;0.37;0.37
1995;9;1;244;10;9.1;8.7;7.6;6.2;3.8;1.3;2;0.15;2.5;2.7;0;132;33;51;27;95681;1.55;18.9;0.38;0.37
1995;9;2;245;15;11.9;8.8;8.9;8;7.1;1.7;0.2;0.15;2.5;2.7;0;322;73;49;33;95858;1.52;4.36;0.39;0.37
1995;9;3;246;18.5;13.7;9.2;12.4;9.4;7.4;0.8;1.2;0.15;2.5;2.7;0;508;153;88;55;95569;2.41;5.41;0.39;0.37
1995;9;4;247;15;11.7;9.6;10;7.3;4.3;2.1;-1.7;0.15;2.5;2.7;0;502;105;91;53;95273;2.44;12.53;0.4;0.37
1995;9;5;248;18.7;12.9;6.2;7.9;6.2;3.6;1.1;1.6;0.15;2.5;2.7;0;629;194;120;88;95490;2.85;0;0.4;0.37
1995;9;6;249;18.3;13.5;7.8;10.7;8.7;6.7;0.4;0.1;0.15;2.5;2.7;0;530;154;103;70;95410;2.2;0.26;0.39;0.37
1995;9;7;250;20.7;15.4;8.9;11.8;10.1;7.7;0.6;3.1;0.15;2.5;2.7;0;602;185;112;78;95380;2.79;0;0.39;0.37
1995;9;8;251;18.7;15.6;12.8;15.1;13.2;10.2;0.8;1.1;0.15;2.5;2.7;0;348;114;73;45;95204;1.95;3.66;0.39;0.37
1995;9;9;252;19.6;15.8;12.9;11.7;9.3;7.4;2.4;-2.6;0.15;2.5;2.7;0;560;155;101;63;95830;2.89;0.15;0.39;0.37
1995;9;10;253;19.2;14.8;10;10.3;8.8;7.1;0.4;0.3;0.15;2.5;2.7;0;546;162;106;81;96310;2.45;0.06;0.38;0.37
1995;9;11;254;21.5;16.1;11.4;13.9;11.9;9.2;0.1;1.6;0.15;2.5;2.7;0;573;171;101;65;96106;2.41;0;0.38;0.37
1995;9;12;255;21.5;17;11.8;14.7;13.4;10.7;-0.2;0.3;0.15;2.5;2.7;0;550;161;96;66;96453;2.27;0.06;0.38;0.37
1995;9;13;256;22.4;18;13.8;15.7;14.6;12.8;-0.4;3;0.15;2.5;2.7;0;538;140;87;58;96093;2.11;0.2;0.37;0.37
1995;9;14;257;19.7;15.9;12.8;16.9;14;11.5;0.7;-1;0.15;2.5;2.7;0;344;77;64;27;95723;2.04;26.39;0.38;0.37
1995;9;15;258;12.9;11.9;9.4;11.4;9.4;7.2;3.6;-3.5;0.15;2.5;2.7;0;96;19;64;11;95338;3.2;37.27;0.41;0.37
1995;9;16;259;17;12.4;6.1;10.7;8.7;5;0.1;0.8;0.15;2.4;2.7;0;402;130;91;63;95988;1.98;1.43;0.41;0.37
1995;9;17;260;15.7;12.9;10.4;13.7;11.7;9.7;0.1;-1;0.15;2.4;2.7;0;316;80;65;34;96373;1.19;2.84;0.41;0.37
1995;9;18;261;18.1;13.6;8.1;12.4;10.8;7.7;-0.1;1;0.14;2.4;2.7;0;452;134;80;62;96781;1.89;0.38;0.41;0.38
1995;9;19;262;16.1;13.6;11.3;14.2;12.4;10.7;-1.3;2.8;0.14;2.4;2.7;0;176;48;50;24;96299;0.95;5.41;0.41;0.38
1995;9;20;263;19.8;14.7;10.3;13.3;11.4;9.1;0.7;2;0.14;2.3;2.7;0;467;102;99;46;95377;1.8;0.44;0.41;0.38
1995;9;21;264;15.7;12.2;9;10.6;8.8;7.5;1.8;-1.5;0.14;2.3;2.7;0;307;86;72;43;95865;1.7;2.88;0.41;0.38
1995;9;22;265;13.2;11;9;7.5;6.8;5.9;1.3;-2.7;0.14;2.3;2.7;0;371;115;75;61;96538;1.77;1.21;0.4;0.38
1995;9;23;266;14.7;11.4;8.2;8.6;7.4;6.3;0.7;-2;0.14;2.3;2.7;0;400;111;70;51;96799;1.68;0.32;0.4;0.38
1995;9;24;267;16.1;12;7.7;9.5;7.3;6.1;0.2;1.8;0.14;2.2;2.7;0;417;126;90;67;96560;1.76;0.11;0.4;0.38
1995;9;25;268;15.7;11.5;7.5;9.1;7.5;6.1;0.3;1.3;0.14;2.2;2.7;0;467;127;102;69;96401;1.59;0.34;0.4;0.38
1995;9;26;269;16.1;11.2;6.8;10.6;8.7;6.1;0.9;-0.1;0.14;2.2;2.7;0;405;104;76;56;96801;1.3;2.69;0.39;0.38
1995;9;27;270;18.6;13.2;7;10.8;9.2;6.2;1.2;1.5;0.14;2.1;2.7;0;495;129;96;60;96220;1.85;0.76;0.39;0.38
1995;9;28;271;12.2;10.2;7.7;10.7;5.5;1.2;1.1;-1.4;0.14;2.1;2.6;0;236;47;94;39;96213;1.51;5.49;0.4;0.38
1995;9;29;272;9.7;7.7;6.3;1.7;0.5;-0.7;1.8;-2.6;0.14;2.1;2.6;0;467;134;106;76;96362;1.74;0.41;0.39;0.38
1995;9;30;273;11.9;8.3;5;3.2;1.2;-0.4;2;-0.8;0.14;2.1;2.6;0;402;112;90;72;96184;1.58;0.55;0.39;0.38
1995;10;1;274;9.8;7.1;4.6;4.4;2.2;-0.6;1.8;-0.7;0.14;2;2.6;0;450;106;72;45;96210;1.68;2.15;0.39;0.38
1995;10;2;275;16.3;10.9;7.2;11.8;8.6;4.7;0.5;1.1;0.14;2;2.6;0;275;61;79;36;96840;0.87;0.72;0.39;0.38
1995;10;3;276;16.4;11;6.9;11.2;9.4;6.8;-0.1;1.1;0.14;2;2.6;0;257;71;84;38;97008;0.78;0;0.39;0.38
1995;10;4;277;17.8;11.9;6.6;12.1;9.8;6.4;0.2;1.2;0.14;2;2.6;0;434;113;97;57;96837;1.16;0;0.39;0.38
1995;10;5;278;18.7;13.2;7.2;13.7;11.2;7.1;0.3;1.9;0.14;1.9;2.6;0;249;68;61;35;96562;0.77;0.01;0.38;0.38
1995;10;6;279;17.8;13.4;8.6;14;11.8;8.4;0.1;0.1;0.14;1.9;2.6;0;251;69;59;35;96952;0.78;0.03;0.38;0.38
1995;10;7;280;18.9;14.5;11;14.3;12.7;10.7;0.4;-0.5;0.14;1.9;2.6;0;372;79;56;34;97397;0.93;0.12;0.38;0.38
1995;10;8;281;19.7;14.8;10.9;13.2;12;10.5;0.7;-1.1;0.14;1.9;2.6;0;421;116;95;53;97596;1.39;0;0.38;0.38
1995;10;9;282;19.6;15.6;12.3;14.8;13;11.2;0.2;-0.5;0.14;1.8;2.6;0;422;103;86;47;97400;1.18;0;0.38;0.38
1995;10;10;283;19.8;14.4;10.3;14.1;11.8;9.7;0.3;1.7;0.14;1.8;2.6;0;401;109;104;63;97283;1.21;0;0.38;0.38
1995;10;11;284;20.3;14;8.6;12.8;10.9;7.6;0.2;1.8;0.14;1.8;2.6;0;474;130;117;83;97218;1.34;0;0.37;0.38
1995;10;12;285;20.1;14.5;10.2;12.3;10.4;9;0.5;2.5;0.14;1.8;2.6;0;475;129;113;85;97192;1.54;0;0.37;0.38
1995;10;13;286;19.4;13.6;8.7;12.1;10.1;8.1;0.5;1.7;0.14;1.7;2.6;0;470;128;116;86;97056;1.32;0;0.37;0.38
1995;10;14;287;16.8;11.7;7;12.1;9.9;6.5;0.3;-0.7;0.14;1.7;2.6;0;333;91;93;58;96948;0.81;0.01;0.37;0.38
1995;10;15;288;16.7;11.7;7.8;11.1;9.5;7.8;0.2;-0.5;0.14;1.7;2.6;0;444;105;103;58;96898;1.05;0;0.37;0.38
1995;10;16;289;15.9;11.3;6.4;10.5;9.1;6.3;0.2;-0.1;0.14;1.7;2.6;0;382;89;97;52;97154;0.87;0;0.37;0.38
1995;10;17;290;15.1;11.7;8.9;10.2;9.2;8.2;-0.1;1.2;0.13;1.7;2.6;0;357;71;65;42;97418;0.72;0.18;0.36;0.38
1995;10;18;291;17.9;11.8;6.6;11.4;8.4;5.6;0.8;0.6;0.13;1.6;2.6;0;451;117;117;78;97412;1.08;0;0.36;0.38
1995;10;19;292;17.2;12.7;9;12.4;10.5;8.6;0.7;0;0.13;1.6;2.6;0;262;51;78;30;97368;0.53;0.11;0.36;0.38
1995;10;20;293;17.2;11.9;8.1;9.9;7.2;3.9;1.6;-1.1;0.13;1.6;2.6;0;392;92;94;64;96858;1.09;0;0.36;0.38
1995;10;21;294;10;8.6;5.3;6.2;3.1;-0.7;0.6;-2.8;0.13;1.6;2.6;0;126;30;65;37;97015;0.54;0.03;0.36;0.38
1995;10;22;295;8.5;5.7;2.6;1.5;0.5;-0.8;-0.4;0.7;0.13;1.6;2.6;0;401;99;113;77;97454;0.83;0;0.36;0.38
1995;10;23;296;10.2;6;2.7;1.6;0.1;-1.7;0;3.2;0.13;1.6;2.6;0;438;113;119;93;97617;1.01;0;0.36;0.38
1995;10;24;297;9.9;5.8;2.7;1.7;0.5;-1;-0.2;3.4;0.13;1.6;2.6;0;435;112;121;96;97429;0.95;0;0.36;0.38
1995;10;25;298;11.5;5.6;1.9;3.7;1.1;-1.5;0.3;1.9;0.13;1.6;2.6;0;432;111;123;93;97135;0.86;0;0.35;0.38
1995;10;26;299;13.6;7.2;2.3;7.1;3.9;0.2;0.4;-0.1;0.13;1.6;2.6;0;385;97;108;70;97211;0.76;0;0.35;0.38
1995;10;27;300;13;6.3;0.5;6.8;4;0.1;0.5;1.9;0.13;1.6;2.6;0;412;104;114;79;96855;0.68;0;0.35;0.38
1995;10;28;301;13.7;9;3.7;10.7;7.6;3.1;0.7;0.2;0.13;1.5;2.6;0;278;61;63;36;96547;0.58;1.52;0.35;0.38
1995;10;29;302;13.3;9.2;6;9.8;8;6;0.4;1;0.13;1.5;2.6;0;257;61;71;39;96261;0.51;0.02;0.35;0.38
1995;10;30;303;13.5;9.5;6.4;10.8;8.6;5.7;0.3;0;0.13;1.5;2.6;0;263;55;57;32;96472;0.56;2.16;0.35;0.38
1995;10;31;304;11.1;9.6;8.6;9.2;8.4;7.5;0.3;-1.4;0.12;1.5;2.6;0;177;33;28;15;97010;0.43;0.28;0.35;0.38
1995;11;1;305;13;9.7;7.8;7.7;6.7;4.4;0.5;0.2;0.12;1.5;2.6;0;268;60;79;32;96088;0.7;5.33;0.35;0.38
1995;11;2;306;7.7;5.4;2.8;7.2;2.5;-1;1.2;-2.9;0.12;1.5;2.6;0;246;59;89;53;95339;0.95;2.55;0.36;0.38
1995;11;3;307;7.6;4.2;1;2.3;0.1;-3.3;2.4;-0.1;0.12;1.5;2.6;0.04;226;50;81;54;94912;1.33;4.25;0.36;0.38
1995;11;4;308;1.5;-0.1;-1.4;-3.4;-5.6;-9.3;3.7;-4.4;0.15;1.5;2.6;1.72;242;60;96;65;95635;0.89;3.44;0.36;0.38
1995;11;5;309;1.3;-0.4;-1.7;-2.8;-4.5;-5.6;2.5;-6.2;0.19;1.5;2.6;4.5;257;56;74;42;96814;0.71;4.36;0.36;0.38
1995;11;6;310;0.5;-0.8;-3.3;-4.2;-5.8;-8.4;4.1;-5.2;0.23;1.4;2.6;7.56;234;56;71;43;96665;0.85;3.07;0.36;0.38
1995;11;7;311;2.3;1.3;-0.2;-1.3;-2.8;-4;3.7;-4.5;0.28;1.4;2.6;10.87;227;52;69;45;96279;1;2.79;0.36;0.38
1995;11;8;312;0.9;-0.8;-3.4;-2.7;-4.4;-5.7;1;-3.3;0.28;1.4;2.6;11.36;258;56;79;63;96627;0.64;0.18;0.36;0.38
1995;11;9;313;3;0.5;-3.8;0.6;-1.5;-6;0.7;0.5;0.28;1.4;2.6;11.15;123;24;39;18;96521;0.14;1.7;0.36;0.38
1995;11;10;314;5.4;2.4;-1.9;3.4;1.2;-3.2;-0.2;1.2;0.25;1.4;2.6;8.98;216;46;54;31;96549;0.16;0.04;0.36;0.38
1995;11;11;315;6.8;3.9;2.3;5.1;3.3;1.9;-0.5;-0.1;0.2;1.4;2.6;5.79;152;28;47;14;96520;0.11;0.13;0.36;0.38
1995;11;12;316;5.2;3.4;1.9;2.8;2.2;1.1;-0.2;-0.9;0.17;1.4;2.6;3.96;218;45;44;17;96586;0.26;0.22;0.36;0.38
1995;11;13;317;5;4;3.1;3.6;3.2;2.8;-0.4;1.7;0.15;1.4;2.6;2.56;66;16;21;12;96541;0.11;0.13;0.36;0.38
1995;11;14;318;8.5;5.5;3.4;5.5;4.3;3.1;0.3;0.8;0.14;1.4;2.6;1.62;143;31;35;18;96244;0.2;0.01;0.36;0.38
1995;11;15;319;10.7;6.9;4.4;5.7;4.8;3.7;0.8;2.2;0.13;1.3;2.6;0.89;304;59;89;40;95827;0.42;0;0.36;0.38
1995;11;16;320;12.4;8.2;4.9;8.3;6.1;3.8;1.3;1.9;0.12;1.3;2.6;0.34;292;55;87;43;95048;0.43;1.75;0.36;0.38
1995;11;17;321;10.9;8.3;5;9.8;7.5;3.9;0.4;-0.3;0.12;1.4;2.6;0.16;121;27;48;23;94729;0.49;13.18;0.37;0.38
1995;11;18;322;3.6;0.5;-1.7;2.5;-5.5;-10.1;1.5;-4.4;0.12;1.4;2.6;0.3;195;42;95;61;95702;0.76;0.42;0.38;0.38
1995;11;19;323;3.1;0.8;-1.5;-4.3;-5.9;-8.3;2.8;-0.5;0.12;1.4;2.6;0.44;165;42;85;58;96100;0.58;0.53;0.38;0.38
1995;11;20;324;0.3;-0.9;-2.7;-4.3;-6.1;-7.7;2.4;-4.1;0.13;1.4;2.6;1.33;249;60;98;72;96561;0.64;1.49;0.38;0.38
1995;11;21;325;0.6;-2.2;-3.9;-5.9;-6.7;-7.4;0.1;-0.8;0.14;1.4;2.6;1.68;278;63;112;78;97667;0.38;0;0.38;0.38
1995;11;22;326;0.7;-2.5;-4.1;-5.5;-6.7;-7.5;0;2.5;0.14;1.4;2.6;1.66;303;68;108;84;97449;0.12;0;0.37;0.38
1995;11;23;327;0.1;-1.7;-4.4;-2.9;-5.4;-7.8;0.3;0.5;0.14;1.4;2.6;1.67;100;22;71;27;97296;0.03;0.19;0.37;0.38
1995;11;24;328;2.5;-0.6;-2.5;-1.4;-2.7;-3.9;-0.4;1.8;0.14;1.4;2.6;1.61;204;41;73;39;97027;0.16;0.02;0.37;0.38
1995;11;25;329;1.9;-0.9;-2.7;-0.9;-2.4;-4;-0.4;2.8;0.14;1.4;2.6;1.52;141;31;68;35;96614;0.11;0;0.37;0.38
1995;11;26;330;4.8;0.8;-1.7;1.9;-0.2;-2.1;0.1;2.5;0.13;1.4;2.6;1.41;222;44;81;38;96287;0.14;0;0.37;0.38
1995;11;27;331;6;3.1;0.1;4.8;2.7;-0.2;0.4;2.1;0.13;1.4;2.6;1.04;143;30;30;15;95998;0.08;0;0.37;0.38
1995;11;28;332;4.2;2.6;1.4;3.8;2.4;1.3;0.2;0;0.12;1.4;2.6;0.64;101;20;20;9;96166;0.12;2.61;0.37;0.38
1995;11;29;333;4.9;2.7;1.3;2.5;1.6;0.7;0.8;-1.6;0.12;1.4;2.6;0.47;137;27;41;16;96628;0.59;5.97;0.38;0.38
1995;11;30;334;1.9;1.2;-0.1;0.6;-0.1;-2;0.8;-2.2;0.12;1.4;2.6;0.78;32;8;18;7;97138;0.46;1.66;0.38;0.38
1995;12;1;335;1.1;0.2;-0.8;0.6;-1.2;-2.9;-0.4;-0.1;0.13;1.4;2.6;1.2;60;14;30;11;97482;0.15;1.02;0.38;0.38
1995;12;2;336;3.8;1.6;0;0.7;0;-0.5;-0.2;1.6;0.13;1.4;2.6;1.36;157;33;52;23;97364;0.31;0.41;0.38;0.38
1995;12;3;337;2.2;0.6;-0.5;0.1;-1.2;-2.1;-0.2;0.8;0.13;1.4;2.6;1.4;166;32;44;31;96933;0.27;0.36;0.38;0.38
1995;12;4;338;-0.8;-2;-3.8;-1.6;-4.6;-6.9;1;-3.5;0.16;1.4;2.6;2.95;125;24;51;20;96514;0.31;3.68;0.38;0.38
1995;12;5;339;-2.4;-3.5;-4.4;-3.4;-4.9;-6.9;0.5;-2.5;0.29;1.4;2.6;10.38;78;15;13;8;96333;0.2;10.22;0.38;0.38
1995;12;6;340;-2;-2.9;-3.8;-2.7;-3.4;-4.2;-1.4;0.3;0.4;1.4;2.6;18.96;55;10;12;6;96565;0.09;7.58;0.38;0.38
1995;12;7;341;-1.7;-2.1;-2.6;-2.5;-2.9;-3.5;-1;2.5;0.4;1.4;2.6;28.1;76;13;31;12;96824;0.12;7.71;0.38;0.38
1995;12;8;342;0.8;-0.9;-2.6;-0.7;-1.8;-3.3;-0.5;2.7;0.4;1.4;2.6;30.31;78;17;43;17;97503;0.08;0.13;0.38;0.38
1995;12;9;343;1.4;-0.4;-1.5;-0.2;-1.1;-1.9;-0.3;1.4;0.38;1.4;2.6;30.01;103;19;34;16;97825;0.08;0;0.38;0.38
1995;12;10;344;0.3;-1.3;-2.1;-0.8;-1.8;-2.4;-0.1;0.3;0.37;1.4;2.6;29.62;91;20;39;18;97959;0.08;0.04;0.38;0.38
1995;12;11;345;1.3;-0.8;-4.9;-0.3;-2;-5.4;0.8;-0.6;0.37;1.4;2.6;29.32;107;21;38;17;97206;0.15;3.09;0.38;0.38
1995;12;12;346;0.6;-1.8;-4.5;-0.7;-3;-5.2;-0.3;-1.8;0.37;1.4;2.6;30.82;118;25;59;30;96675;0.31;3.16;0.38;0.38
1995;12;13;347;-2.4;-3.8;-5;-3.7;-4.9;-6.1;0.2;-2.8;0.39;1.4;2.6;36.7;66;14;20;9;96800;0.23;10.16;0.38;0.38
1995;12;14;348;-1.3;-2.6;-4.3;-1.7;-3.2;-5.3;-0.1;-1.2;0.41;1.4;2.6;51.65;43;9;19;3;96691;0.02;12.3;0.38;0.38
1995;12;15;349;1.1;-1.3;-3.2;-1.2;-2.1;-3.6;-0.4;1.6;0.4;1.4;2.6;54.86;130;26;44;23;97206;0.07;0.15;0.38;0.38
1995;12;16;350;-0.8;-1.3;-1.7;-1.3;-1.7;-2.1;-1;2.3;0.39;1.4;2.6;55.59;48;10;15;7;97273;0.11;1.15;0.37;0.38
1995;12;17;351;0.8;-0.5;-1.3;-0.4;-1.1;-1.7;-0.3;2.5;0.38;1.4;2.6;56;69;15;32;12;96736;0.06;0.05;0.37;0.38
1995;12;18;352;2.3;0.3;-2.1;0.4;-0.5;-2.4;0.4;0.1;0.37;1.4;2.6;55.61;120;23;44;14;96217;0.03;0.17;0.37;0.38
1995;12;19;353;3.6;1.1;-2;0.3;-0.9;-2.9;1.3;-1.2;0.36;1.4;2.6;53.27;142;30;83;39;96028;0.09;0.1;0.38;0.38
1995;12;20;354;3;-0.5;-4.9;-0.7;-2.4;-6;1.2;0.8;0.36;1.3;2.6;51.83;185;36;89;40;95678;0.14;1.38;0.38;0.38
1995;12;21;355;1.6;-2.8;-4.5;-0.5;-6.4;-9.6;0;-0.2;0.36;1.3;2.6;51.86;188;37;99;45;96584;0.65;1.12;0.38;0.38
1995;12;22;356;3.3;0.4;-4;1;-2.3;-7.4;1;2.5;0.36;1.3;2.6;52.12;146;24;74;20;95577;0.23;0.7;0.38;0.38
1995;12;23;357;7.2;4.2;1.4;4.3;2.4;0;2.4;2.8;0.35;1.3;2.6;43.98;105;22;56;42;94331;-0.41;0.7;0.38;0.38
1995;12;24;358;4.1;1;-1.2;1.4;-0.5;-2.2;1.8;0.4;0.35;1.3;2.6;36.14;94;20;52;34;94301;0;0.25;0.39;0.38
1995;12;25;359;3.5;0.7;-2;1.9;-0.4;-2.4;0.7;0.1;0.35;1.3;2.6;33.94;67;12;49;17;94350;-0.04;3.44;0.4;0.38
1995;12;26;360;2.1;0.2;-2.2;0.9;-0.9;-3.3;0.1;-2;0.35;1.3;2.6;34.03;51;10;26;12;94576;0.19;12.99;0.4;0.38
1995;12;27;361;-2.4;-4.3;-7.5;-3.4;-6.9;-11.7;1.1;-4;0.39;1.3;2.6;44.52;123;21;61;32;95312;0.49;3.5;0.4;0.38
1995;12;28;362;-5.5;-9;-15.1;-10.2;-12.9;-17;1.3;-2.3;0.39;1.3;2.6;44.93;182;38;97;79;96163;0.32;0;0.4;0.38
1995;12;29;363;-8.2;-12.7;-17.8;-11.3;-14.8;-19.6;0.2;1.1;0.39;1.3;2.6;44.82;146;30;80;34;96759;0.09;0.05;0.4;0.38
1995;12;30;364;-6.7;-9.1;-10.9;-9.9;-11.4;-13.5;-0.5;2.7;0.39;1.3;2.6;44.9;158;32;75;32;96006;0.19;0.28;0.4;0.38
1995;12;31;365;-3.2;-5.8;-8.7;-4.3;-7.3;-10.1;-0.7;1.7;0.39;1.3;2.6;45.82;96;19;24;10;94960;0.14;4.89;0.4;0.38
1996;1;1;1;-1;-2.4;-4;-3;-3.8;-4.7;0.9;-2.4;0.4;1.3;2.6;54.99;67;12;17;7;94966;0.21;7.81;0.39;0.38
1996;1;2;2;-1.8;-3;-4;-4;-4.6;-5.1;0.6;-2.1;0.4;1.3;2.6;57.87;90;17;39;15;95350;0.21;1.49;0.39;0.38
1996;1;3;3;-2.8;-3.7;-4.6;-4.8;-6.2;-6.9;1.1;-3.9;0.4;1.3;2.6;58.83;150;29;70;45;96308;0.34;0.4;0.39;0.38
1996;1;4;4;-3.3;-5.7;-10;-6.8;-8.1;-11.3;1;-2.5;0.4;1.2;2.6;58.89;147;30;71;55;96568;0.18;0.17;0.39;0.38
1996;1;5;5;-4.7;-8.1;-11.8;-7.7;-9.7;-12.8;0;1.9;0.4;1.2;2.6;58.96;124;24;65;29;96028;0.06;0.12;0.39;0.38
1996;1;6;6;-4.4;-6.1;-8;-6;-7.7;-9.5;-0.4;3.9;0.4;1.2;2.6;59.11;107;21;49;22;95649;0.12;0.38;0.39;0.38
1996;1;7;7;-1.1;-3.3;-6.2;-2.2;-4.8;-7.5;-0.4;3.5;0.39;1.2;2.5;59.21;111;22;43;22;95590;0.14;0.06;0.39;0.38
1996;1;8;8;-0.2;-0.7;-1.4;-0.6;-1.2;-2.2;-0.4;-0.4;0.38;1.2;2.5;60.97;25;6;16;3;96262;0.1;7.15;0.39;0.38
1996;1;9;9;1.4;0.5;-0.1;0.8;0;-0.7;-0.3;2.3;0.37;1.2;2.5;61.19;87;15;18;7;96211;0.06;0.9;0.39;0.38
1996;1;10;10;5.4;2.9;0.2;4.1;2.3;0;0.6;3;0.37;1.2;2.5;56.15;88;18;34;12;96042;-0.45;0.02;0.39;0.38
1996;1;11;11;6.4;4.4;3;4.4;3.6;2.6;1.2;3.1;0.35;1.2;2.5;42.48;114;26;61;31;95834;-0.67;0;0.41;0.38
1996;1;12;12;6.8;5.2;4.1;5.5;4.7;4;0.7;3.5;0.32;1.2;2.5;28.46;109;23;40;21;95775;-0.7;0;0.42;0.39
1996;1;13;13;3.9;2.1;-0.9;3.8;1.6;-1.4;-0.5;1.7;0.27;1.2;2.5;19.15;88;19;49;16;96588;-0.1;0.01;0.42;0.39
1996;1;14;14;3;-0.8;-2.8;-0.2;-2;-3.2;-0.1;1.7;0.26;1.2;2.5;16.76;240;47;99;51;97195;0.16;0;0.42;0.39
1996;1;15;15;1.2;-1.2;-3.2;-2;-3;-4.1;-0.3;1.3;0.25;1.2;2.5;15.8;130;29;57;35;97659;0.21;0.01;0.42;0.39
1996;1;16;16;1;-2.6;-5;-3.9;-5;-6.7;0.5;-0.2;0.25;1.2;2.5;15.25;211;44;99;58;97761;0.22;0;0.42;0.39
1996;1;17;17;2.3;-3.2;-6.1;-4.8;-7.2;-11.1;0.5;0.9;0.25;1.2;2.5;14.57;248;55;109;68;97599;0.2;0;0.41;0.39
1996;1;18;18;0;-3.4;-5.7;-4.3;-6;-7.7;0.1;-0.1;0.24;1.2;2.5;14;169;33;60;37;96888;0.11;0;0.41;0.39
1996;1;19;19;-0.4;-3.4;-5.6;-5.4;-6.3;-7.2;0;-1.5;0.24;1.2;2.5;13.73;215;48;79;40;96451;0.25;0.25;0.41;0.4
1996;1;20;20;-2.9;-4;-4.7;-5.9;-6.9;-7.3;-1.2;0;0.25;1.2;2.5;14.04;116;26;33;21;96593;0.23;0.71;0.41;0.4
1996;1;21;21;-1.9;-3.8;-5.3;-4;-5.2;-6.9;-0.8;1.1;0.26;1.2;2.5;14.9;94;22;38;20;96945;0.13;1.01;0.4;0.4
1996;1;22;22;-2.3;-3.9;-5.1;-4.9;-5.6;-6.4;-0.8;1.9;0.27;1.1;2.5;15.15;114;26;31;18;97005;0.18;0.23;0.4;0.4
1996;1;23;23;-5.2;-5.6;-6.1;-6.7;-7.7;-8.1;-1.8;3.3;0.28;1.1;2.5;16.04;64;15;28;13;96765;0.28;2.59;0.4;0.4
1996;1;24;24;-6;-6.6;-8.3;-7.5;-8.2;-9.3;-2.1;1.2;0.36;1.1;2.5;22.66;47;11;13;8;96311;0.18;12.08;0.4;0.4
1996;1;25;25;-8.1;-9;-9.7;-9.4;-10.5;-11.4;-1.4;0.7;0.4;1.1;2.5;31.73;109;23;33;12;96063;0.1;2.94;0.4;0.4
1996;1;26;26;-5.3;-7.4;-9.6;-7.1;-8.8;-10.7;-0.6;0.8;0.4;1.1;2.5;32.49;99;22;24;9;96083;0.11;0.43;0.4;0.4
1996;1;27;27;-2.4;-4;-5.8;-4.6;-5.5;-6.9;0.5;-1.5;0.4;1.1;2.5;33.55;81;17;13;3;96318;0.21;5.83;0.39;0.4
1996;1;28;28;-2.8;-4.5;-5.3;-5.8;-6.4;-7.1;0.5;-1.8;0.41;1.1;2.5;40.62;128;26;28;11;96579;0.24;2.82;0.39;0.4
1996;1;29;29;-1.7;-4;-7.2;-3.1;-5.1;-8.2;0;-0.1;0.41;1.1;2.5;40.91;127;25;36;13;96768;0.11;0.3;0.39;0.4
1996;1;30;30;-3.1;-6.5;-13.2;-4.9;-8.5;-15.3;0.6;-1.5;0.4;1.1;2.5;41.4;241;54;104;59;97294;0.14;0.39;0.39;0.4
1996;1;31;31;-4.2;-11;-16.9;-8;-13;-18.7;0.8;0.3;0.4;1.1;2.5;41.32;228;53;96;57;97534;0.09;0;0.39;0.4
1996;2;1;32;-3;-10.2;-16.3;-7.9;-12.7;-18;0.4;2.8;0.4;1.1;2.5;41.21;252;57;101;59;97174;0.12;0;0.39;0.4
1996;2;2;33;-0.7;-7;-11.2;-4.1;-9.2;-13.1;0;1.1;0.39;1.1;2.5;41.09;200;45;69;45;96031;0.09;0.01;0.39;0.4
1996;2;3;34;1.4;-3.3;-10.3;-0.7;-5.3;-11.9;0.6;-0.4;0.39;1.1;2.5;40.84;143;31;31;17;95541;0.07;2.25;0.39;0.4
1996;2;4;35;-0.2;-2.1;-5.6;-1.6;-3.6;-7.2;0;-1.9;0.38;1.1;2.5;41.36;164;36;48;30;95716;0.32;1.16;0.39;0.4
1996;2;5;36;-5.1;-7;-8.8;-7.8;-9.4;-10.9;0.6;-3;0.38;1.1;2.5;41.65;249;61;94;64;95674;0.16;0.01;0.39;0.4
1996;2;6;37;-5.7;-9.7;-14.1;-9.9;-12.7;-16;0.2;-0.4;0.38;1.1;2.5;41.56;260;57;109;56;95077;0.13;0.28;0.39;0.4
1996;2;7;38;-4.7;-7.8;-10.6;-7.8;-10;-13;-0.5;0.9;0.38;1.1;2.5;42;178;43;46;22;95021;0.17;1.2;0.39;0.4
1996;2;8;39;-4.9;-6.8;-8.1;-7.6;-8.8;-10.4;0.1;-1.9;0.38;1.1;2.5;43.78;135;33;48;23;95067;0.21;2.28;0.38;0.4
1996;2;9;40;-5.1;-7.9;-12;-10.1;-11.4;-14.5;1.3;-4.8;0.39;1.1;2.5;44.47;275;66;95;71;96277;0.36;0;0.38;0.4
1996;2;10;41;-5.2;-10.4;-17.6;-8.9;-13.1;-19.9;0.1;1;0.38;1.1;2.5;44.26;253;59;82;50;96482;0.12;0.15;0.38;0.4
1996;2;11;42;-0.8;-5.3;-8.2;-5;-7.6;-10;-0.3;1.8;0.38;1.1;2.5;45.13;251;55;72;34;96397;0.27;1.82;0.38;0.4
1996;2;12;43;-0.1;-5.1;-11.7;-2.9;-7;-13.3;-0.2;2.7;0.39;1.1;2.5;46.17;286;68;95;47;95901;0.21;0.54;0.38;0.4
1996;2;13;44;2.7;0;-2.5;0;-1.3;-2.9;0.3;2.1;0.38;1.1;2.5;46.86;139;31;59;24;94708;0.05;1.89;0.38;0.4
1996;2;14;45;1.8;-1;-3.2;-1.9;-3.2;-5.4;1.3;-3.2;0.38;1.1;2.5;46.69;202;48;67;40;95797;0.47;0.66;0.38;0.4
1996;2;15;46;-1.5;-4.3;-10.5;-6.1;-7.5;-12.4;1.2;-3.7;0.37;1.1;2.5;46.51;248;65;79;64;97190;0.51;0.17;0.38;0.4
1996;2;16;47;1.5;-4.2;-13.5;-0.9;-7.3;-15.5;1.4;1.1;0.37;1.1;2.5;46.37;168;37;48;20;96361;0.26;0.97;0.38;0.4
1996;2;17;48;5.3;1.9;-0.6;-0.6;-2.3;-3.9;2.8;-0.5;0.36;1.1;2.5;44.84;266;69;98;63;95578;0.49;0.28;0.38;0.4
1996;2;18;49;4.5;0.9;-4.5;-2.7;-4.2;-6.6;1.6;2.2;0.36;1.1;2.5;41.35;285;72;91;62;95531;0.82;0.2;0.38;0.4
1996;2;19;50;1.2;0.1;-1.3;0.2;-0.9;-2.4;0.4;0;0.38;1.1;2.5;48.14;62;14;47;14;94404;0.1;27.86;0.38;0.4
1996;2;20;51;3.4;0.1;-2.7;-1.4;-3.1;-4.8;1.5;-2.1;0.4;1.1;2.5;65.83;283;75;106;68;94917;0.49;0.68;0.38;0.4
1996;2;21;52;-1.9;-3.7;-6.5;-4.5;-6.9;-9;0.9;-3.8;0.39;1.1;2.5;65.01;294;74;86;65;95465;0.53;0;0.38;0.4
1996;2;22;53;-2.3;-5.9;-8.4;-8.6;-10;-11.8;1;-2.6;0.39;1.1;2.5;64.68;284;59;74;56;95817;0.42;0.07;0.38;0.4
1996;2;23;54;-4.1;-7.8;-10.9;-9.4;-11.6;-13.5;0.7;-2.7;0.39;1.1;2.5;64.44;301;75;84;66;96087;0.28;0.04;0.38;0.4
1996;2;24;55;-2.2;-7.4;-12.4;-8;-12;-15;1.3;-1.7;0.39;1.1;2.5;64.18;306;73;89;64;96148;0.34;0.03;0.38;0.4
1996;2;25;56;2.8;-5.1;-14.2;-4.5;-9.6;-17;0.9;1.9;0.39;1.1;2.5;63.88;341;91;110;74;96423;0.38;0;0.38;0.4
1996;2;26;57;4;-1.3;-6.5;-0.6;-4;-8.3;-0.3;3.3;0.38;1.2;2.5;62.88;318;81;85;66;96633;0.24;0;0.38;0.4
1996;2;27;58;4.3;-1.2;-6.6;-0.3;-3.6;-8.3;-0.4;1.7;0.37;1.2;2.5;60.56;344;89;107;70;96731;0.2;0;0.38;0.4
1996;2;28;59;2.7;-1.2;-4.7;-1.8;-3.2;-5.8;-0.4;0;0.37;1.2;2.5;57.85;291;78;103;60;96993;0.23;0;0.38;0.4
1996;2;29;60;4.9;-0.6;-7.1;-1.7;-4.4;-8.6;1.2;-1.6;0.37;1.2;2.5;55.44;356;91;108;61;96825;0.42;0;0.38;0.4
1996;3;1;61;1.9;-0.7;-3.4;-0.8;-4.4;-8.8;2;-3.1;0.36;1.2;2.5;54.48;152;42;87;45;95948;0.68;2.88;0.38;0.4
1996;3;2;62;-0.9;-2.9;-4.2;-5.3;-7.2;-8.6;2.1;-4;0.37;1.2;2.5;55.64;320;73;83;63;95832;0.77;3.06;0.38;0.4
1996;3;3;63;-1.5;-4;-6.1;-6.9;-8;-9.2;1.3;-3.3;0.37;1.2;2.5;57.2;343;91;100;70;95904;0.61;1.04;0.38;0.4
1996;3;4;64;-3;-5.7;-8.4;-9.4;-10.4;-12.5;1.4;-3;0.38;1.2;2.5;57.74;256;72;97;66;96220;0.52;1.06;0.38;0.4
1996;3;5;65;1.6;-3.8;-10.2;-6;-10.1;-14.6;1.7;-1.3;0.38;1.2;2.5;57.63;386;106;122;71;96590;0.58;0.04;0.38;0.4
1996;3;6;66;2.7;-0.1;-2.6;-0.9;-2.6;-5.6;1;-0.9;0.37;1.2;2.5;57.34;174;46;63;25;96575;0.17;2.89;0.38;0.4
1996;3;7;67;2;-0.6;-2.8;-0.3;-2.5;-5.7;-1.1;1.2;0.38;1.2;2.5;59.88;215;55;89;41;96797;0.17;4.4;0.38;0.4
1996;3;8;68;1.4;-1.9;-4.1;-4.6;-5.7;-6.5;-1.2;0.6;0.38;1.2;2.5;59.8;331;74;79;52;97376;0.37;0.3;0.38;0.4
1996;3;9;69;0.1;-2.4;-4.5;-4.5;-5.9;-7.1;-1.1;0.6;0.37;1.2;2.5;60.04;225;54;69;35;97440;0.36;1.09;0.38;0.4
1996;3;10;70;1.2;-2.6;-5.7;-5.8;-7.1;-9.5;0.4;-2;0.37;1.3;2.5;59.69;367;105;111;67;97097;0.59;0;0.38;0.4
1996;3;11;71;-1.3;-4.3;-7;-7.2;-9.3;-11;-0.1;-0.2;0.37;1.3;2.5;59.11;215;58;67;46;96227;0.52;0.87;0.38;0.4
1996;3;12;72;-2.3;-4.1;-5.8;-4;-6.4;-8.6;-2.4;0.3;0.38;1.3;2.5;63.78;123;28;37;16;95814;0.24;9.57;0.38;0.4
1996;3;13;73;0.3;-2.5;-5.2;-1.8;-4;-5.9;-0.7;1.6;0.4;1.3;2.6;72.26;174;42;79;25;95679;0.11;5.22;0.38;0.4
1996;3;14;74;4.3;-0.4;-5.2;0.8;-2.5;-6.3;-0.1;1.4;0.39;1.3;2.6;72.25;358;97;90;51;95841;0.02;0;0.38;0.4
1996;3;15;75;4.6;1.9;-0.6;1.5;0.5;-0.8;-1;2;0.38;1.3;2.6;67.58;246;66;34;19;95992;-0.08;0.15;0.38;0.4
1996;3;16;76;3.6;1.6;0.3;1.1;0.1;-1.2;-1.1;1.2;0.37;1.3;2.6;61.99;185;42;23;11;95914;0.11;0.9;0.39;0.4
1996;3;17;77;6.4;2.7;-0.6;2.9;1.3;-1;0.1;1.2;0.36;1.3;2.6;55.05;290;72;44;23;96160;-0.04;0.48;0.4;0.4
1996;3;18;78;5;2.3;-0.9;2.8;1.4;-1.4;-0.1;0.1;0.34;1.4;2.6;47.25;160;43;28;11;96364;-0.09;0.67;0.4;0.4
1996;3;19;79;4;1.5;-3.3;1.7;-0.7;-5.1;-0.1;0.7;0.33;1.4;2.6;41.46;296;63;67;28;96304;0.29;0.94;0.41;0.4
1996;3;20;80;6;0.6;-4.7;-1.6;-3.8;-6.5;0.8;2.1;0.31;1.4;2.6;36.78;385;118;94;67;95948;0.65;0;0.41;0.4
1996;3;21;81;7.2;2.2;-4.1;0.4;-2.6;-6.9;0.1;2.5;0.28;1.4;2.6;31.54;438;120;91;56;96136;0.66;0.14;0.41;0.4
1996;3;22;82;4.9;2.2;0.3;1.7;-0.3;-2.8;-0.4;1.6;0.27;1.4;2.6;27.74;297;69;52;29;96371;0.49;3.67;0.42;0.4
1996;3;23;83;7;3.6;-0.4;2.6;1.4;-0.9;-0.1;1.5;0.25;1.5;2.6;23.91;269;65;34;19;96784;0.35;0.54;0.42;0.4
1996;3;24;84;9.3;5.9;3.1;6.2;4;1.7;0.7;1.6;0.23;1.5;2.6;17.12;280;85;52;23;96570;0.48;4.51;0.42;0.4
1996;3;25;85;7;4.6;1.3;4.7;1.5;-0.4;0.3;-2.9;0.21;1.5;2.6;11.1;377;119;83;42;96697;0.94;0.09;0.43;0.4
1996;3;26;86;7.3;4.4;-0.8;3.9;1.8;-1.5;0.4;2.8;0.19;1.5;2.6;8;345;82;54;30;95964;0.52;1.38;0.42;0.4
1996;3;27;87;4.7;2.5;-1.7;3.6;-1.7;-9.5;1.1;-3.7;0.17;1.5;2.6;5.35;351;84;82;40;95659;1;1.65;0.42;0.41
1996;3;28;88;4.9;0.5;-3.1;-6.4;-8.1;-10.5;0.6;-3.3;0.17;1.6;2.6;4.71;617;192;128;102;95907;1.47;0;0.42;0.41
1996;3;29;89;7.2;1.6;-3.8;-1.9;-5.7;-8.6;1.8;-1;0.17;1.6;2.6;4.05;499;157;103;71;95564;1.32;0.49;0.42;0.41
1996;3;30;90;6.7;1.5;-2.2;0.8;-2.9;-5.6;0.9;0.1;0.16;1.6;2.6;3.5;560;159;110;63;95503;1.19;4.39;0.41;0.41
1996;3;31;91;4.4;0.7;-2.7;-3.5;-5.8;-9.5;1.9;-1.7;0.17;1.6;2.6;3.44;585;176;112;82;95741;1.66;0.63;0.41;0.41
1996;4;1;92;6.4;1.4;-2.8;1;-3.2;-7.5;-0.2;2.2;0.18;1.6;2.6;3.74;293;81;68;31;95691;0.62;2.73;0.41;0.41
1996;4;2;93;1.8;0.6;-1.1;1.7;0.1;-2.4;0.3;-2.3;0.28;1.7;2.6;12.62;48;16;13;4;95447;0.24;28.8;0.41;0.41
1996;4;3;94;2.2;0.2;-1.2;-1.5;-2.3;-3.2;1.9;-3.9;0.4;1.7;2.6;30.83;233;64;59;17;95942;0.8;8.07;0.41;0.41
1996;4;4;95;2.7;1.3;0.3;0.2;-0.7;-1.6;2.5;-3.8;0.4;1.7;2.6;37.55;82;23;16;1;96223;0.46;21.47;0.42;0.41
1996;4;5;96;8.1;3.9;1.6;3.7;1.5;-0.3;1.6;-2.7;0.37;1.7;2.6;31.45;386;98;83;33;96365;0.28;2.47;0.43;0.41
1996;4;6;97;10.6;5;-0.8;5.9;2.7;-1.7;0.6;-1.3;0.32;1.7;2.6;19.12;512;158;102;67;96371;0.67;0;0.43;0.41
1996;4;7;98;13.6;6.7;-1.7;6.3;2.8;-2.1;0.3;-1.2;0.25;1.8;2.6;9.2;584;187;120;76;96550;1.33;0;0.43;0.42
1996;4;8;99;13.8;7.6;0.2;5.1;2.4;-0.7;0;-0.7;0.19;1.8;2.6;4.08;621;194;117;78;96782;1.7;0.15;0.43;0.42
1996;4;9;100;13.2;7.6;1;6.2;3.6;-0.4;1.4;-2;0.17;1.8;2.6;1.77;493;165;104;67;96690;1.64;1.37;0.42;0.42
1996;4;10;101;11.2;6.9;2.4;2.4;1.2;0;0.6;-2.4;0.15;1.8;2.6;0.74;559;186;106;80;96411;1.87;0.07;0.42;0.42
1996;4;11;102;11.9;7.2;0.2;5.1;2;-1.3;0.4;-0.2;0.15;1.8;2.6;0.35;557;174;113;59;95872;1.82;3.39;0.41;0.42
1996;4;12;103;8.2;5;0.4;5.2;2;-4.8;0.1;-2.3;0.15;1.9;2.6;0.18;334;114;61;37;95768;1.49;1.76;0.41;0.42
1996;4;13;104;6.4;2.1;-1.2;-3.5;-5.4;-6.8;1;-1.8;0.15;1.9;2.6;0.5;375;123;83;56;96069;1.37;0.66;0.41;0.42
1996;4;14;105;6.9;2.4;-1.1;2.2;-1.1;-5.3;2;-2.6;0.16;1.9;2.6;1.21;572;148;85;44;96124;1.75;14.91;0.41;0.42
1996;4;15;106;6.8;2.9;-0.3;0.8;-1.7;-5.2;1.2;-4.8;0.32;1.9;2.6;12.15;327;99;80;36;96450;1.8;11.29;0.41;0.42
1996;4;16;107;7.3;4.8;1.8;0.2;-1.5;-3.8;1.1;-5.4;0.27;2;2.6;8.76;409;109;79;54;96246;1.95;0.3;0.41;0.42
1996;4;17;108;13;7.5;2.6;3.8;1.6;-1;0.7;-2.2;0.21;2;2.6;4.29;639;208;114;86;95973;2.02;0;0.41;0.42
1996;4;18;109;14.6;8.5;0.6;3.9;1.5;-0.9;0.9;-2.2;0.17;2;2.6;1.68;682;228;128;88;96381;2.51;0;0.41;0.42
1996;4;19;110;16.8;10.5;2.8;6.3;2.6;-0.1;0.5;-1.3;0.16;2.1;2.7;0.59;692;232;135;92;96763;2.75;0;0.41;0.42
1996;4;20;111;19.2;12;2.3;7.7;4.7;0.6;0.2;1.7;0.15;2.1;2.7;0.17;696;234;132;92;96587;2.95;0;0.4;0.42
1996;4;21;112;19.9;13.8;6;7.5;5.6;3;-0.4;3;0.15;2.1;2.7;0.02;700;236;126;94;96356;3.24;0;0.4;0.42
1996;4;22;113;21.2;14.8;7.4;7.8;5.5;1.8;0.1;3.1;0.15;2.2;2.7;0;701;237;126;100;96294;3.48;0;0.39;0.42
1996;4;23;114;20.1;15.1;10;8.3;5.7;1.8;1.2;3.6;0.15;2.2;2.7;0;594;198;101;84;95897;3.27;0;0.39;0.42
1996;4;24;115;18.1;12.9;7;11.4;9.3;5.7;1.4;-1.4;0.16;2.2;2.7;0;518;138;88;49;96204;2.25;2.57;0.38;0.42
1996;4;25;116;16.1;12.8;10.1;9.7;9.2;8.4;0.9;-2.5;0.16;2.3;2.7;0;436;126;54;36;96809;2.02;1.49;0.38;0.42
1996;4;26;117;14;11.6;9.4;9.9;9.4;8.6;0.6;-1.4;0.16;2.3;2.7;0;274;72;34;21;96666;1.37;1.93;0.38;0.42
1996;4;27;118;16.7;12.6;7.9;10.4;8.7;6.6;-0.1;0.3;0.16;2.3;2.7;0;519;168;82;58;96318;2.27;0.62;0.38;0.42
1996;4;28;119;18.7;13.7;8.6;9.9;8.5;7.5;0.4;2.3;0.16;2.4;2.7;0;667;196;101;62;95520;2.8;0.07;0.37;0.42
1996;4;29;120;19.7;13.6;6.5;10.8;9.2;6.1;0.4;0.9;0.16;2.4;2.7;0;680;210;111;69;95126;2.98;0.87;0.37;0.42
1996;4;30;121;17.9;13.2;7.6;10.9;9.7;7.2;0.4;3.1;0.16;2.4;2.7;0;535;176;78;52;95006;2.55;1.89;0.37;0.42
1996;5;1;122;16.6;12.8;8.8;11.4;10.2;8.6;-0.1;1.6;0.16;2.5;2.7;0;431;139;81;50;94886;2.34;2.6;0.37;0.42
1996;5;2;123;20;14.3;9.3;10;7.4;4.6;1.8;3.6;0.16;2.5;2.7;0;670;220;114;80;94670;3.52;0.09;0.36;0.42
1996;5;3;124;17.3;13.1;8.4;8.5;6.5;4.6;1.8;4;0.16;2.6;2.7;0;635;213;101;87;94819;3.28;1.17;0.36;0.42
1996;5;4;125;16.6;10.6;4.6;8.6;5.8;3.7;0.6;0.2;0.16;2.6;2.7;0;677;228;122;83;95721;3.17;6.06;0.36;0.42
1996;5;5;126;15.1;11.1;6.4;7.7;6.4;5.3;-0.3;0.2;0.16;2.6;2.7;0;476;158;96;56;96301;2.44;0.92;0.36;0.41
1996;5;6;127;17.6;13.1;8.2;9.9;8;6.4;-0.1;2;0.16;2.7;2.7;0;651;198;110;65;96091;2.83;0.1;0.35;0.41
1996;5;7;128;20.6;14.9;7.5;13.5;11;7.1;-0.2;2.1;0.16;2.7;2.7;0;676;229;108;72;95896;3.18;0.59;0.35;0.41
1996;5;8;129;20.4;15.4;10.4;15.7;13.1;9.8;-0.3;1.1;0.16;2.7;2.7;0;582;184;82;52;95732;2.89;9.88;0.35;0.41
1996;5;9;130;18.2;13.9;9.5;14.4;11.5;7.9;0.6;0.2;0.16;2.8;2.7;0;570;172;81;51;95278;3.21;7.75;0.36;0.41
1996;5;10;131;14.8;11.6;9.3;8.8;8.2;7.5;-0.1;-1.9;0.16;2.8;2.7;0;468;127;65;36;95510;2.01;0.18;0.36;0.41
1996;5;11;132;17;12.8;7.7;11.3;9.6;7.2;0.3;-2.4;0.17;2.8;2.8;0;506;157;87;48;95630;2.28;3.03;0.36;0.41
1996;5;12;133;16.1;12.7;10.2;14.2;12;9.6;1.3;-2.9;0.17;2.9;2.8;0;247;63;38;13;95451;1.41;28.73;0.37;0.41
1996;5;13;134;14.7;13.1;11.4;14.1;12;9.6;1.6;-1.8;0.17;2.9;2.8;0;139;46;27;9;95649;1.41;19.57;0.39;0.41
1996;5;14;135;15.3;13.2;11.3;12;10.8;9.3;3.3;-3.2;0.17;2.9;2.8;0;277;83;44;10;95429;2.54;10.13;0.4;0.41
1996;5;15;136;17.6;15;12.7;13.2;12.4;11.3;1.8;-3.6;0.17;3;2.8;0;407;120;55;19;95473;2.36;0.8;0.4;0.41
1996;5;16;137;18.7;15.8;12.6;13.8;12.6;11.8;0.5;-2.2;0.17;3;2.8;0;446;139;62;39;95763;2.35;0.61;0.4;0.41
1996;5;17;138;23.1;17.5;11.2;14.9;12.4;9.7;0.7;2;0.17;3;2.8;0;510;178;84;53;95658;3.11;0.08;0.39;0.41
1996;5;18;139;24.4;18.8;11.4;12.8;11.1;9.1;2.2;2.9;0.17;3;2.8;0;710;245;111;82;95580;4.62;0;0.39;0.41
1996;5;19;140;24.9;20.7;16.7;13.2;11.2;8.3;1.9;4.3;0.17;3;2.8;0;691;247;107;87;95536;5.13;0;0.38;0.41
1996;5;20;141;16.8;13.9;10.6;11.9;10.2;8.4;1.5;-1.1;0.17;3;2.8;0;204;70;68;32;95725;2.33;19.8;0.38;0.41
1996;5;21;142;16.8;13.1;8.9;8.2;7.2;5.5;1;0.2;0.17;3;2.8;0;486;190;90;70;96671;3.42;1.27;0.39;0.41
1996;5;22;143;15;11.2;7.3;8.1;6;3.1;1.9;-2;0.17;3;2.8;0;491;148;107;56;96821;3.4;6.69;0.39;0.41
1996;5;23;144;16.3;11.7;4.8;9;5.8;2.8;1.1;0.2;0.17;3;2.8;0;537;168;105;60;96836;2.67;0.58;0.39;0.41
1996;5;24;145;20.5;15.4;8.5;12.1;9.7;7.1;0.9;1.7;0.17;3;2.8;0;541;221;98;72;96576;3.58;0.33;0.39;0.41
1996;5;25;146;22.5;17.7;11.6;15.7;12.9;10;0.5;0.7;0.17;3;2.8;0;652;215;103;72;95935;3.67;3.34;0.38;0.41
1996;5;26;147;17.9;14.5;10.8;13.6;11.6;9.2;0.8;0.3;0.17;3;2.8;0;558;125;87;41;96182;2.47;18.32;0.39;0.41
1996;5;27;148;17.6;13.1;9.1;13.3;10.7;7.7;1.1;-0.1;0.17;3;2.8;0;448;113;57;40;95753;2.81;17.64;0.4;0.41
1996;5;28;149;12.8;10.6;7.1;8.5;4.1;-0.4;2.8;-5.7;0.17;3;2.8;0;660;211;106;73;95922;3.53;0.5;0.4;0.41
1996;5;29;150;14.7;10.2;6.2;5;2.7;0;1;-4.5;0.17;3;2.8;0;669;249;110;88;96912;3.63;0;0.4;0.41
1996;5;30;151;19.4;13.5;5.8;10.3;6.6;3.1;0;-0.4;0.17;3;2.8;0;733;271;131;94;97032;4.07;0;0.39;0.41
1996;5;31;152;23;16.9;8.4;14.9;11.5;6.6;0;2;0.17;3;2.8;0;719;265;116;85;96852;4.16;0;0.39;0.41
1996;6;1;153;24.4;19.2;12.6;16.5;14.6;11.5;-0.1;2.4;0.17;3;2.8;0;710;260;106;80;96522;4.21;0;0.38;0.41
1996;6;2;154;24.8;19.8;14;16.8;14.6;12.9;-0.4;2.2;0.17;3;2.8;0;652;242;98;71;96098;4.2;0.23;0.38;0.41
1996;6;3;155;25.5;20;13.1;16.5;14.6;12;0.3;-0.1;0.17;3;2.8;0;713;251;114;78;96233;4.28;0.46;0.37;0.41
1996;6;4;156;19.7;17.4;14.4;14.9;12.8;10.1;1.2;-4.2;0.17;3;2.8;0;467;177;88;51;97073;3.17;0.09;0.37;0.41
1996;6;5;157;20.1;16.2;12.2;13.9;11;9.2;0.4;-2.6;0.17;3;2.8;0;598;232;99;74;97445;3.7;0;0.37;0.41
1996;6;6;158;23;18.6;12.6;15;13.3;10.8;-0.2;1.6;0.17;3;2.8;0;614;209;96;64;97191;3.48;0.03;0.36;0.4
1996;6;7;159;26.7;20.8;13.3;17.4;15.5;12.2;0;2;0.17;3;2.8;0;716;266;110;83;96980;4.34;0;0.36;0.4
1996;6;8;160;27.7;22.1;15.8;17.2;15.8;14.1;0;2.6;0.17;3;2.8;0;724;268;108;85;96771;4.61;0;0.35;0.4
1996;6;9;161;28.5;23.2;15.7;18.9;16.3;13.7;-0.3;0.8;0.17;3;2.8;0;716;260;110;77;96701;4.51;0.01;0.35;0.4
1996;6;10;162;27.9;23;17;18;17;15.5;0.2;-0.7;0.17;3;2.8;0;602;235;98;67;96853;4.14;0.34;0.34;0.4
1996;6;11;163;27.6;21.9;17.2;18.8;17.6;15.7;0.8;-1;0.17;3;2.8;0;647;216;92;61;97003;3.85;6.81;0.34;0.4
1996;6;12;164;27.3;22.6;17.1;18.1;16.6;15.3;1.2;-1.5;0.17;3;2.8;0;653;224;89;68;96935;4.3;0.32;0.34;0.4
1996;6;13;165;19.6;17.2;12;15.5;11.1;3.3;1.2;-4.5;0.17;3;2.8;0;534;175;108;64;97024;3.06;0.44;0.34;0.4
1996;6;14;166;17.1;13.6;10.3;5.4;4.2;3;0.6;-3.5;0.17;3;2.8;0;503;205;110;82;97273;3.49;0;0.33;0.4
1996;6;15;167;17;13.3;9.3;7.5;4.9;3.4;0.4;-2.7;0.17;3;2.8;0;602;207;102;77;97154;3.29;0.02;0.33;0.4
1996;6;16;168;18.1;14.2;8;9.6;7.2;5.8;0.1;-1.2;0.17;3;2.8;0;601;214;100;72;96855;3.19;0.25;0.33;0.4
1996;6;17;169;19.8;15.6;9.4;10.3;8.7;7.3;-0.1;0.2;0.17;3;2.8;0;538;213;105;79;96726;3.19;0.23;0.32;0.4
1996;6;18;170;24.2;18.7;11.4;11.4;9.8;7.2;0.6;1.7;0.17;3;2.8;0;668;233;112;82;96055;3.84;0.04;0.32;0.4
1996;6;19;171;22.6;17.8;13.7;15.9;13.3;10.3;1;0.4;0.17;3;2.8;0;618;203;103;69;95654;3.49;19.91;0.32;0.4
1996;6;20;172;22.3;16.7;12.3;16.2;13.2;10.9;-0.1;0.1;0.17;3;2.8;0;652;200;101;58;95581;3.55;16.66;0.33;0.4
1996;6;21;173;19.6;16.1;12.2;17.2;14;11.3;0.1;1.8;0.17;3;2.8;0;378;111;51;37;95560;2.14;7.38;0.35;0.4
1996;6;22;174;23.2;16.2;9.6;15.8;12.9;6.6;1.9;0.4;0.17;3;2.8;0;478;148;66;34;95148;4.1;8.53;0.35;0.4
1996;6;23;175;12.5;10.7;8.9;8.9;6.8;5.2;2;-3.4;0.17;3;2.8;0;363;119;67;33;96116;2.95;3.77;0.35;0.4
1996;6;24;176;16.4;12.3;7.7;9.8;7.3;5.8;0.8;-0.9;0.16;3;2.8;0;589;204;97;68;96759;3.4;2.31;0.35;0.4
1996;6;25;177;16.8;13.3;8.7;11.6;9.4;7.7;-0.1;-1.3;0.16;2.9;2.8;0;578;188;85;59;96777;3.01;1.82;0.35;0.4
1996;6;26;178;16.6;13.4;10.8;10.4;9;7.5;1.2;-3.2;0.16;2.9;2.8;0;433;142;74;46;96455;3.23;3.79;0.35;0.4
1996;6;27;179;18.9;15.1;11.3;11.5;9.9;8.1;2;-3.2;0.16;2.9;2.8;0;642;231;97;72;96560;3.63;0.81;0.35;0.4
1996;6;28;180;19.9;16.4;13.3;13.2;11.1;8.6;1.7;-1.3;0.16;2.9;2.8;0;604;181;89;48;96544;3.3;2.12;0.35;0.4
1996;6;29;181;24.1;18.5;11.3;15.1;12.8;10.4;1.1;1;0.16;2.9;2.8;0;651;227;94;64;96034;4.2;4.14;0.35;0.39
1996;6;30;182;17.7;14.9;12;12.2;8.6;5.9;2.1;-1.4;0.16;2.9;2.8;0;604;199;101;54;96109;4.15;6.23;0.35;0.39
1996;7;1;183;17.2;13.8;11.8;13.1;11.4;9.9;0.2;1.5;0.16;2.9;2.8;0;493;103;54;31;95827;2.03;7.75;0.35;0.39
1996;7;2;184;16.4;14.3;11.8;12.9;11.7;10.7;0.8;0.8;0.16;2.9;2.8;0;273;75;43;29;95878;1.47;12.08;0.35;0.39
1996;7;3;185;19.5;15.7;12;11.7;9.9;8.2;0.3;-1;0.16;2.9;2.8;0;642;196;95;52;96195;3.89;1.8;0.36;0.39
1996;7;4;186;23.7;18.2;11.4;15.1;12.8;9.5;0.3;2.4;0.16;2.9;2.7;0;726;270;118;90;96344;4.33;0;0.36;0.39
1996;7;5;187;24.5;19.8;12.6;16.3;14.5;12.2;0.1;2.7;0.16;2.9;2.7;0;641;242;89;73;95900;4.29;0.29;0.35;0.39
1996;7;6;188;20.7;17.8;15.2;15.5;13.8;11.2;0.2;-0.7;0.16;2.8;2.7;0;453;148;68;43;95507;3.4;9.85;0.35;0.39
1996;7;7;189;21.8;17.6;14.3;15.1;12.6;10.6;0;0.9;0.16;2.8;2.7;0;687;180;99;50;95583;3.26;0.11;0.36;0.39
1996;7;8;190;24;17.8;10.1;17.3;13;5.9;1.7;1.5;0.16;2.8;2.7;0;642;209;96;54;94880;4.79;8.55;0.35;0.39
1996;7;9;191;15.7;12.9;10;7.6;5.8;3.9;3.4;-2.7;0.16;2.8;2.7;0;627;206;103;67;96273;3.91;0.82;0.36;0.39
1996;7;10;192;17.3;13;8.8;9.4;7.6;5.2;1.6;-1.1;0.16;2.8;2.7;0;632;182;98;66;96577;3.04;4.18;0.35;0.39
1996;7;11;193;17.6;14.3;10.8;11.5;9.9;8.2;1.4;-2.4;0.16;2.8;2.7;0;528;175;70;56;96589;2.87;1.43;0.35;0.39
1996;7;12;194;19.8;15.5;12.5;14;11.9;10.3;1.5;-0.4;0.16;2.8;2.7;0;426;130;82;38;96477;2.47;3;0.35;0.39
1996;7;13;195;23.8;18.5;11.5;16.1;13.4;10.7;0.3;0.6;0.16;2.8;2.7;0;632;215;101;66;96908;3.55;0.43;0.35;0.39
1996;7;14;196;24.8;20.4;13.6;17.8;15.4;12.6;0.3;-0.1;0.16;2.8;2.7;0;647;212;90;64;97144;3.56;0.37;0.35;0.39
1996;7;15;197;25.7;20.7;14.6;18;15.9;13.8;0.8;-1;0.16;2.8;2.7;0;565;194;88;52;96837;3.73;6.35;0.35;0.39
1996;7;16;198;19.2;16.6;12.1;14.7;10.1;5.8;0.7;-4;0.16;2.8;2.7;0;646;217;113;67;96900;3.92;0;0.35;0.39
1996;7;17;199;18.4;14.6;10.4;9.6;7.1;5.2;0.4;-2;0.16;2.8;2.7;0;615;213;100;76;97014;3.51;0.01;0.34;0.39
1996;7;18;200;20.3;15.9;11.1;10.3;8.3;5.9;0.9;-1.6;0.16;2.8;2.7;0;630;211;99;69;96626;3.57;0.21;0.34;0.39
1996;7;19;201;17;13.9;11;7;6.1;5;0.9;-3.4;0.16;2.7;2.7;0;650;230;109;77;96958;3.6;0.49;0.34;0.39
1996;7;20;202;17;13.3;8.6;7.8;6.3;5.3;0.3;-2.2;0.16;2.7;2.7;0;597;202;95;78;97092;3.04;0.29;0.33;0.39
1996;7;21;203;17.7;13.8;8.5;8.9;6.7;5.6;0.2;-1.9;0.16;2.7;2.7;0;564;202;92;71;97141;3.03;0.1;0.33;0.39
1996;7;22;204;19.2;15.1;9.5;10.2;7.4;6;0.2;-1.3;0.16;2.7;2.7;0;669;225;104;77;97124;3.32;0;0.33;0.39
1996;7;23;205;23.1;17.3;9.3;10.7;9.2;7;0.4;2.6;0.16;2.7;2.7;0;714;257;119;86;96717;3.95;0;0.32;0.39
1996;7;24;206;24.9;19;15;18.1;14.2;8.3;0.7;1;0.16;2.7;2.7;0;679;204;102;58;95975;3.46;12.76;0.32;0.39
1996;7;25;207;20.3;17.2;14.4;14.1;10.6;7.8;2.4;-1.7;0.16;2.7;2.7;0;562;152;88;51;96202;3.38;1.7;0.33;0.39
1996;7;26;208;19.9;16.7;13.8;12.9;11.7;10.1;2.1;-2.4;0.16;2.7;2.7;0;471;167;76;59;96645;2.76;0.31;0.33;0.39
1996;7;27;209;24.5;18.9;11.4;14.1;12.9;10.6;0.6;2.1;0.16;2.7;2.7;0;659;238;101;76;96678;3.72;0;0.33;0.39
1996;7;28;210;23.3;19.5;15;17.2;15.6;13.1;0.2;0.6;0.16;2.7;2.7;0;357;126;74;46;96489;2.32;3.69;0.32;0.38
1996;7;29;211;23.4;19.3;14.3;18;16.6;14;0.6;-1.1;0.16;2.7;2.7;0;448;169;78;51;96318;3.15;7.44;0.33;0.38
1996;7;30;212;22.2;19;14.3;17.3;14.6;12.5;1.4;-1.9;0.16;2.7;2.7;0;355;136;70;53;96015;2.61;1.48;0.33;0.38
1996;7;31;213;22.4;18.7;15.2;13.5;12.5;11.7;1.1;-3;0.16;2.7;2.7;0;574;193;84;70;96393;3.38;0.01;0.33;0.38
1996;8;1;214;25.1;20.2;13;15.3;13.7;11.5;0.2;1.1;0.16;2.7;2.7;0;594;217;103;74;96585;3.6;0.06;0.32;0.38
1996;8;2;215;26.9;21.8;15.9;19.6;16.1;12.7;0.5;1.1;0.16;2.7;2.7;0;663;229;100;70;96616;3.73;1.02;0.32;0.38
1996;8;3;216;22.1;18.2;14.2;17.3;15.3;10.7;1.3;-2.4;0.16;2.7;2.7;0;376;125;52;36;96584;3.17;13.15;0.32;0.38
1996;8;4;217;16.8;14.3;11.5;11.6;10.5;9;1.5;-4.4;0.16;2.6;2.7;0;487;147;83;54;96733;2.39;0.96;0.33;0.38
1996;8;5;218;17.7;14;10.6;10.2;9.3;8.5;0.3;-2.4;0.16;2.6;2.7;0;463;155;83;60;96583;2.38;0.09;0.33;0.38
1996;8;6;219;19.4;15.4;10.5;13.5;11.7;9.3;-0.3;-0.1;0.16;2.6;2.7;0;300;112;61;37;96462;1.66;0.2;0.32;0.38
1996;8;7;220;20.6;17;13.8;14;13.2;12.3;-0.4;-0.7;0.16;2.6;2.7;0;371;133;57;36;96531;2.07;2.77;0.32;0.38
1996;8;8;221;19.7;16;12.4;14.4;13;12.1;0.2;-0.4;0.16;2.6;2.7;0;497;120;84;43;96440;2.22;13.68;0.34;0.38
1996;8;9;222;21.4;16.9;11.2;14.7;12.6;11;0.3;-0.6;0.16;2.6;2.7;0;609;185;99;63;96501;2.92;0.45;0.33;0.38
1996;8;10;223;22.1;17.8;12.1;14.3;12.8;10.9;-0.6;2.2;0.16;2.6;2.7;0;517;177;76;57;96354;3;0.64;0.33;0.38
1996;8;11;224;23.5;19.1;14.7;14.4;13;10.6;-0.7;3;0.16;2.6;2.7;0;584;191;81;63;95988;3.31;0;0.33;0.38
1996;8;12;225;20.4;17.2;14.7;17.7;15.5;13.1;-1;2;0.16;2.6;2.7;0;307;94;50;32;95822;2.08;23.08;0.33;0.38
1996;8;13;226;20.9;17;13.1;13.3;12;10.7;-0.3;0.4;0.16;2.6;2.7;0;597;177;97;49;96048;3.33;3.13;0.35;0.38
1996;8;14;227;21.9;18;13.1;14.8;12.2;10.6;0.8;-0.5;0.16;2.6;2.7;0;626;186;98;60;96065;3.2;0.46;0.35;0.38
1996;8;15;228;18.5;16.4;13.5;15.9;14.4;12.3;0.4;-0.2;0.16;2.6;2.7;0;309;107;55;39;96279;2.22;19.19;0.36;0.38
1996;8;16;229;20.4;16.9;14;12.9;12.1;11.4;2.1;-2.8;0.16;2.6;2.7;0;615;184;86;64;96369;3.29;0.55;0.36;0.38
1996;8;17;230;19.4;16.6;14.4;13.8;12.5;12;2;-3.8;0.15;2.6;2.7;0;500;163;78;59;96558;2.99;1.62;0.36;0.38
1996;8;18;231;20.9;16.8;14.2;15.6;13.5;11.9;1.1;-3.3;0.15;2.6;2.7;0;556;156;84;52;96633;2.76;4.24;0.36;0.38
1996;8;19;232;22.7;18.2;14.3;13.5;12.6;11.7;0;-2.1;0.15;2.6;2.7;0;542;193;95;68;96601;3.47;0.08;0.36;0.38
1996;8;20;233;23.7;18.6;13.3;14.1;12.4;10.3;0.2;-0.5;0.15;2.6;2.7;0;651;210;113;77;96503;3.39;0.07;0.35;0.38
1996;8;21;234;24.9;19;12.9;15.7;13.2;10.7;0.8;1.3;0.15;2.6;2.7;0;653;211;112;75;96221;3.5;0.1;0.35;0.38
1996;8;22;235;23;18.7;13.7;16.7;14.9;12.6;0.5;-0.6;0.15;2.6;2.7;0;606;181;91;64;95852;2.98;2.19;0.35;0.38
1996;8;23;236;23.4;19.2;15;15.5;14.2;12.6;1.4;-2.8;0.15;2.5;2.7;0;631;207;96;70;95901;3.35;0.08;0.34;0.38
1996;8;24;237;24.1;19.7;15.1;16.2;14.3;13.2;0.6;-0.7;0.15;2.5;2.7;0;571;189;94;71;95896;3.06;0.02;0.34;0.38
1996;8;25;238;17;15.2;11.5;13.6;12.4;10.3;1.6;-1.4;0.15;2.5;2.7;0;190;73;65;35;96076;2.29;13.3;0.35;0.38
1996;8;26;239;22.3;16.8;9.8;14;11.3;8.3;0.2;0.3;0.15;2.5;2.7;0;642;207;117;75;96338;3.22;0;0.35;0.38
1996;8;27;240;21.5;17.9;13.9;17.7;15.7;12.6;-0.3;1.6;0.15;2.5;2.7;0;363;118;59;44;96340;1.88;6.78;0.35;0.38
1996;8;28;241;22.6;17.4;14;18.1;15.1;10.8;0.1;1.1;0.15;2.5;2.7;0;438;121;63;44;96040;2.6;22.74;0.36;0.38
1996;8;29;242;19.3;16;13.4;14.3;12.1;10.5;0;-0.4;0.15;2.5;2.7;0;442;116;80;35;96325;2.22;0.67;0.37;0.38
1996;8;30;243;20.6;16.7;12.4;13.8;11.9;8.9;0.7;-1.6;0.15;2.5;2.7;0;544;155;91;58;96388;2.56;0.09;0.37;0.38
1996;8;31;244;19.2;16.1;14;10;9.3;8.2;0.8;-3.4;0.15;2.5;2.7;0;558;154;86;62;96614;2.78;0;0.36;0.38
1996;9;1;245;16.2;14;11.9;11.2;10.3;9.2;1.2;-4.6;0.15;2.5;2.7;0;305;92;59;36;96529;2.3;6.33;0.36;0.38
1996;9;2;246;12.5;11.9;11.1;11.6;10.8;10;2.3;-3.5;0.15;2.5;2.7;0;151;34;11;5;96410;2.14;38.37;0.38;0.38
1996;9;3;247;17.3;14.3;12;14.2;12.5;11.1;1.6;-2.8;0.15;2.5;2.7;0;258;73;53;24;96340;2.17;10.89;0.4;0.38
1996;9;4;248;19.3;15.4;12.4;14.4;12.7;11.2;0.9;-2.7;0.15;2.5;2.7;0;505;152;85;53;96109;2.68;3.48;0.4;0.38
1996;9;5;249;14.7;12.7;9.8;11.8;8.6;3.2;1.6;-3.3;0.15;2.5;2.7;0;379;101;94;59;95807;2.38;5.63;0.4;0.38
1996;9;6;250;13;10.1;8.2;7.6;5.7;4.3;2.9;-3.6;0.15;2.5;2.7;0;574;148;96;63;95783;2.25;1.59;0.4;0.38
1996;9;7;251;11.1;8.6;6;6.7;4.4;1.8;4;-4.9;0.15;2.5;2.7;0;474;118;85;46;95839;3.18;5.32;0.4;0.38
1996;9;8;252;12.2;10;8.1;6;5.3;4.8;3.2;-5.2;0.15;2.5;2.7;0;404;117;61;36;96106;2.49;1.59;0.4;0.38
1996;9;9;253;12.4;10;8.7;6.5;6;5.4;1.9;-2.6;0.15;2.5;2.7;0;344;96;78;43;96332;1.52;0.78;0.4;0.38
1996;9;10;254;14;10.6;7.7;6.8;5.4;4.4;2.1;-1.1;0.15;2.5;2.7;0;532;154;94;68;96244;2.24;0.44;0.4;0.38
1996;9;11;255;16.2;11.7;7.1;9.8;6.6;4;1.4;-0.1;0.15;2.5;2.7;0;462;130;87;61;96065;1.87;0.16;0.39;0.38
1996;9;12;256;16.8;12.6;8.8;12.8;10.3;7.7;0.1;0.4;0.15;2.5;2.7;0;377;99;73;33;95220;1.57;10.23;0.39;0.38
1996;9;13;257;11.5;9.4;5.8;8.1;4.3;1.7;2.3;-2.1;0.15;2.5;2.7;0;249;73;86;48;94887;1.93;1.6;0.4;0.38
1996;9;14;258;11.6;7.9;4.6;7;4.6;2.1;2.3;-2.2;0.15;2.5;2.7;0;486;113;80;56;95706;2.08;4.01;0.4;0.38
1996;9;15;259;13.4;9.8;6.7;7.1;5.7;4.5;2.3;-1.8;0.15;2.5;2.7;0;451;131;89;68;96440;1.86;1;0.4;0.38
1996;9;16;260;12.6;9.3;6.2;5.1;3.5;2;2.2;-3;0.15;2.4;2.7;0;485;138;88;70;96529;2.04;0.16;0.4;0.38
1996;9;17;261;11.5;8.4;4.9;5.3;3.9;3.1;0.9;-1.7;0.15;2.4;2.7;0;377;105;75;61;96328;1.34;0.15;0.39;0.38
1996;9;18;262;10;7.4;3.9;7.1;5.3;3;-0.3;0.4;0.14;2.4;2.7;0;150;51;55;31;96396;0.8;1.34;0.39;0.38
1996;9;19;263;12.8;9.2;5.5;7.5;6.1;4.6;-1.2;0.9;0.14;2.4;2.7;0;298;83;49;32;96249;1.12;0.12;0.39;0.38
1996;9;20;264;9.9;9.5;9;9.2;8.5;7.6;-1.1;0.7;0.14;2.3;2.7;0;52;14;8;6;95634;0.26;0.74;0.39;0.38
1996;9;21;265;13.5;11.1;9.4;11;9.9;9;-0.9;2;0.14;2.3;2.7;0;203;46;41;10;95374;0.82;4.49;0.39;0.38
1996;9;22;266;13;11.4;10.4;11.9;11;10.4;-1.5;0.3;0.14;2.3;2.7;0;153;28;11;2;95322;0.66;7.06;0.39;0.38
1996;9;23;267;11.1;9.8;8.1;11;9.3;6.9;0.4;-3.2;0.14;2.3;2.7;0;36;9;7;3;94842;0.93;35.46;0.41;0.38
1996;9;24;268;9.9;8.8;7.8;7.4;6.9;6.5;1.5;-3;0.14;2.2;2.7;0;143;36;21;13;95256;1.68;6.13;0.42;0.38
1996;9;25;269;11.9;9.2;4.5;7.8;6.9;4;0.8;0.4;0.14;2.2;2.7;0;276;80;67;43;95851;1.28;3.1;0.42;0.39
1996;9;26;270;13.1;8.8;3.6;7;5.6;3;1.3;-1.4;0.14;2.2;2.7;0;352;93;69;52;96320;1.36;0.56;0.42;0.39
1996;9;27;271;14.9;10.1;5.3;8.3;6.9;4.8;0.3;-0.4;0.14;2.1;2.7;0;391;114;80;56;96387;1.39;1.05;0.41;0.39
1996;9;28;272;15;11.8;8.8;10.7;8.8;7.7;1.8;-2.2;0.14;2.1;2.6;0;445;120;94;50;96705;1.73;1.57;0.41;0.39
1996;9;29;273;14.9;12;8.6;7.9;7.2;6.5;0.5;0;0.14;2.1;2.6;0;455;112;92;58;97181;1.5;0.02;0.41;0.39
1996;9;30;274;20.7;14.9;11.1;12.1;9.7;7.4;0.6;2.4;0.14;2.1;2.6;0;505;133;112;64;96668;1.96;0;0.4;0.39
1996;10;1;275;19.7;14.7;10.8;11.5;9.6;7.8;1.1;4.7;0.14;2;2.6;0;507;138;99;79;95625;1.99;0;0.4;0.39
1996;10;2;276;13.5;10.5;8.4;9.9;8;6.8;1.2;-1.8;0.14;2;2.6;0;104;28;79;29;95986;1.44;11.68;0.4;0.39
1996;10;3;277;12.3;9.5;6;7;5.2;4;0.9;-3.6;0.14;2;2.6;0;384;100;93;50;96990;1.77;0.89;0.41;0.39
1996;10;4;278;13.8;9.3;3.4;6.7;5.3;2.4;0.6;2.1;0.14;2;2.6;0;466;129;101;63;96861;1.41;0;0.4;0.39
1996;10;5;279;12.9;11;9.2;10.7;9;6.7;-0.3;1.2;0.14;1.9;2.6;0;194;42;33;17;96116;0.66;6.79;0.4;0.39
1996;10;6;280;10.6;9.9;9.3;10;8.4;7.5;1.1;-1.8;0.14;1.9;2.6;0;71;16;9;4;96422;1.09;5.11;0.41;0.39
1996;10;7;281;14.4;11.7;9.1;11.2;9.9;8.5;0;0.1;0.14;1.9;2.6;0;201;51;37;21;96743;0.64;0.53;0.41;0.39
1996;10;8;282;15.3;12.7;10.5;11.9;10.4;9.8;-1.2;0.8;0.14;1.9;2.6;0;334;75;61;22;96492;1.32;1.97;0.41;0.39
1996;10;9;283;14.9;12.3;10.2;11;10.1;9.5;-0.6;0;0.14;1.8;2.6;0;300;79;69;30;96407;0.95;0.7;0.41;0.39
1996;10;10;284;14;11.6;9.6;11;9.9;8.7;0.7;-1.9;0.14;1.8;2.6;0;293;74;78;39;96630;1.07;2.3;0.4;0.4
1996;10;11;285;12;9.8;7.7;8.6;8;7.3;0;-1.2;0.14;1.8;2.6;0;177;48;62;34;96944;0.66;0.18;0.4;0.4
1996;10;12;286;14.2;10.5;7.5;8.4;7.4;6.6;0.3;2.8;0.14;1.8;2.6;0;344;81;81;51;96739;0.93;0.07;0.4;0.4
1996;10;13;287;14.8;10.6;7.2;9.2;7.7;6.1;0;3.4;0.14;1.7;2.6;0;373;102;90;72;96599;1.01;0;0.4;0.4
1996;10;14;288;16;12;7.9;10.3;9;6.8;0;3.9;0.14;1.7;2.6;0;414;107;90;68;96435;1.06;0;0.4;0.4
1996;10;15;289;17.8;13.8;10;13.4;11.7;9.5;0;3.5;0.14;1.7;2.6;0;276;73;61;43;95967;0.77;0.22;0.39;0.4
1996;10;16;290;17.3;13.4;10.8;13.8;12.1;10.4;-0.8;1.8;0.14;1.7;2.6;0;296;69;62;38;95432;0.89;4.91;0.39;0.4
1996;10;17;291;13.8;11;7.5;12.7;10.3;7.2;0.3;1.2;0.13;1.7;2.6;0;140;40;66;36;95466;0.63;3.06;0.4;0.4
1996;10;18;292;12.5;9.3;7;7;5.6;3.1;1.2;-2.2;0.13;1.6;2.6;0;341;80;72;48;95985;1.18;1.49;0.4;0.4
1996;10;19;293;13.3;9.2;4.9;6.3;4.2;2.4;2.1;-1.5;0.13;1.6;2.6;0;419;88;108;63;96223;1.02;0.04;0.4;0.4
1996;10;20;294;12.2;9.5;7.6;6.3;4.6;1.7;2.1;-1.7;0.13;1.6;2.6;0;427;99;102;52;96651;1.37;9.36;0.39;0.4
1996;10;21;295;10.6;9.3;7.6;8.7;8;6.3;0.9;-0.8;0.13;1.6;2.6;0;155;34;29;14;96169;1.02;18.59;0.41;0.4
1996;10;22;296;11.4;9.3;7.8;8.2;4.5;2.1;2.5;-3.6;0.13;1.6;2.6;0;374;82;91;40;96616;1.48;7.75;0.42;0.4
1996;10;23;297;9.8;7.6;5.7;6;4.9;3.8;1;-3.3;0.13;1.6;2.6;0;332;75;83;50;97165;1.08;1.52;0.42;0.4
1996;10;24;298;8.4;5.6;3;3.8;2.2;1.1;0.4;-2.4;0.13;1.6;2.6;0;340;73;80;60;97358;0.8;0.21;0.41;0.4
1996;10;25;299;8.8;4.4;0.9;2.4;1.1;-0.4;0.2;0.5;0.13;1.6;2.6;0;386;96;108;76;97269;0.72;0;0.41;0.4
1996;10;26;300;9.5;4.2;-1.2;2.7;0.9;-2;0.6;1.5;0.13;1.6;2.6;0;411;98;111;71;97346;0.74;0;0.41;0.4
1996;10;27;301;11.4;6.8;4.2;5.9;4;1.5;0.5;0.7;0.13;1.6;2.6;0;333;70;85;48;97114;0.54;0.01;0.41;0.4
1996;10;28;302;12.1;8.1;5;8.5;6.4;4;1.4;1.5;0.13;1.5;2.6;0;197;29;67;28;96192;0.62;3.67;0.41;0.4
1996;10;29;303;14.2;9.8;5.3;9;6.4;3.9;1.2;1;0.13;1.5;2.6;0;297;64;72;43;95540;0.83;1.81;0.4;0.4
1996;10;30;304;9.9;7.4;4.4;4.7;0.7;-2.3;3.2;-2.2;0.13;1.5;2.6;0;378;91;106;75;96593;1.27;0;0.4;0.4
1996;10;31;305;10.1;5.4;2.5;1.3;-0.1;-2.2;0.9;0.7;0.12;1.5;2.6;0;367;75;113;69;97078;0.68;0;0.4;0.4
1996;11;1;306;9.9;6.8;1.6;6.8;3.6;-0.5;1.4;0.2;0.12;1.5;2.6;0;157;32;70;30;96710;0.45;0.81;0.4;0.4
1996;11;2;307;14;9.8;5.4;7.1;5.5;3.7;1.6;-0.7;0.12;1.5;2.6;0;304;78;95;58;97218;0.85;0;0.4;0.4
1996;11;3;308;16.3;9.2;4;9.7;6.2;2.7;1;0.6;0.12;1.5;2.6;0;332;80;101;61;97034;0.62;0;0.39;0.4
1996;11;4;309;16.1;9.9;5.7;10.1;6.7;3.5;0.6;0.8;0.12;1.5;2.6;0;360;88;111;75;96502;0.55;0;0.39;0.4
1996;11;5;310;14.3;9.3;4.2;9.2;5.5;2.5;1.1;0.3;0.12;1.5;2.6;0;351;82;109;67;95880;0.74;0;0.39;0.4
1996;11;6;311;11.8;9.1;5.5;8.1;5.4;2.4;1;1.8;0.12;1.4;2.6;0;263;58;81;55;96569;0.42;0;0.39;0.4
1996;11;7;312;14.6;9.7;5.8;7;5.6;4.1;1.4;1.3;0.12;1.4;2.6;0;301;69;100;59;95988;0.77;0.4;0.39;0.4
1996;11;8;313;10.6;7.4;2.7;4.9;2.5;0.6;2;-0.9;0.12;1.4;2.6;0;321;75;101;68;96855;0.92;0.46;0.39;0.4
1996;11;9;314;10.4;5;-0.2;3.6;1.6;-1.3;1;1.3;0.12;1.4;2.6;0;356;82;114;81;97562;0.6;0.18;0.38;0.4
1996;11;10;315;8;5.6;1.9;6.4;3.9;1.7;0.6;3;0.12;1.4;2.6;0;200;49;75;49;96740;0.32;0;0.38;0.4
1996;11;11;316;13.9;11.2;8.2;8.3;7.6;6.7;2;5.3;0.12;1.4;2.6;0;278;65;91;56;95766;0.65;0;0.38;0.4
1996;11;12;317;15.4;13.3;11.9;9;7.9;7.1;3;6.2;0.12;1.4;2.6;0;231;49;88;71;95530;0.75;0;0.38;0.4
1996;11;13;318;15.5;13.4;9.7;10;8.7;7.5;2;3.5;0.12;1.4;2.6;0;206;48;84;62;95444;0.77;0.48;0.38;0.4
1996;11;14;319;9.5;6.8;3.6;7.4;5.3;2.1;0.5;-2.4;0.12;1.4;2.6;0;55;11;20;7;96104;0.91;4.13;0.38;0.4
1996;11;15;320;10.3;6.9;4.1;8.2;5.8;2.5;-0.1;1;0.11;1.3;2.6;0;197;38;66;30;96675;0.4;0.81;0.38;0.4
1996;11;16;321;12;8.4;5.3;8.9;7.3;4.9;0.2;0.4;0.11;1.3;2.6;0;247;50;79;42;96730;0.35;0.36;0.38;0.4
1996;11;17;322;12.9;9.8;7.9;9.9;8.6;7.8;0.8;2.5;0.11;1.4;2.6;0;203;40;67;26;95840;0.45;2.59;0.38;0.4
1996;11;18;323;12.4;10;7.7;10.7;8.8;5.3;-0.3;4.2;0.11;1.4;2.6;0;139;31;84;39;94884;1.07;6.89;0.38;0.4
1996;11;19;324;7.2;5.8;3.9;5.8;3.6;1.7;-0.2;1.1;0.11;1.4;2.6;0;103;27;78;39;94873;0.59;1.32;0.38;0.4
1996;11;20;325;7.7;6.4;5.1;6.1;3.7;-0.6;1.2;2.9;0.11;1.4;2.6;0;149;26;89;40;94007;0.76;2.34;0.38;0.4
1996;11;21;326;5.6;3.6;0.7;0.4;-2;-3.5;1.8;-0.5;0.11;1.4;2.6;0;207;44;89;60;94857;0.49;0.18;0.38;0.4
1996;11;22;327;1.8;0.7;-1.6;0.2;-1.2;-4.7;-0.2;-1;0.17;1.4;2.6;3.41;74;16;67;29;95887;0.39;6.73;0.38;0.4
1996;11;23;328;3.1;-0.6;-4.5;-2.3;-3.9;-7.4;0.7;1;0.2;1.4;2.6;4.62;280;62;101;74;95992;0.42;0;0.38;0.4
1996;11;24;329;1.9;-0.4;-2.1;-3.6;-4.9;-6.3;1.9;-3.1;0.19;1.4;2.6;4.45;149;33;86;58;96218;0.45;0.11;0.38;0.4
1996;11;25;330;1.8;-1.2;-3.4;-4.9;-5.9;-6.9;0.5;2;0.19;1.4;2.6;4.27;282;62;108;78;95837;0.43;0;0.38;0.4
1996;11;26;331;1.7;-0.2;-1.5;-0.4;-1.7;-4.6;-0.1;-0.1;0.25;1.4;2.6;7.74;201;35;78;28;94900;0.21;5.8;0.38;0.4
1996;11;27;332;3.3;-0.4;-4.1;-0.1;-2.5;-6.1;0.9;-1.2;0.27;1.4;2.6;8.9;185;38;84;47;95263;0.26;0.5;0.38;0.4
1996;11;28;333;1;-1.3;-4.2;-1.4;-3.4;-5.3;0.4;-1;0.27;1.4;2.6;8.76;97;20;63;27;95365;0.25;1.17;0.38;0.4
1996;11;29;334;1.8;-1.7;-3.4;-4.4;-5.3;-6.6;0.9;0.3;0.26;1.4;2.6;8.98;218;46;92;65;95890;0.46;0.11;0.38;0.4
1996;11;30;335;1.1;-1.4;-4.8;-1;-3.2;-5.3;0.5;1.4;0.27;1.4;2.6;9.37;101;18;49;29;94844;0.19;1.13;0.38;0.4
1996;12;1;336;2.7;-0.3;-4.6;-1.6;-3.1;-5.1;1.6;-4.1;0.27;1.4;2.6;9.42;226;46;92;66;95776;0.51;0.01;0.38;0.4
1996;12;2;337;2.6;-1;-7.8;-0.9;-4.2;-10.4;1.7;-0.9;0.26;1.4;2.6;9.08;77;16;83;47;95687;0.22;0.3;0.38;0.4
1996;12;3;338;4;0.2;-5.9;-1.4;-3.3;-7.4;1.5;-1.3;0.25;1.4;2.6;8.53;213;43;85;68;96163;0.41;0.02;0.38;0.4
1996;12;4;339;3.2;-0.1;-3.6;-0.8;-2.7;-6.2;0.1;3.6;0.24;1.4;2.6;7.79;228;49;86;71;96341;0.29;0;0.38;0.4
1996;12;5;340;0.9;-0.6;-1.5;-1.1;-1.7;-2.3;-0.4;2.9;0.23;1.4;2.6;7.48;86;21;65;25;96492;0.16;0.17;0.38;0.4
1996;12;6;341;0.1;-1.2;-2.1;-2.1;-2.6;-3.3;-0.5;1.7;0.22;1.4;2.6;7.49;121;22;31;18;96700;0.18;0.08;0.37;0.4
1996;12;7;342;-0.6;-1.7;-2.7;-2.6;-3.1;-4;-0.6;1.4;0.23;1.4;2.6;7.55;97;20;33;16;97170;0.15;0.26;0.37;0.4
1996;12;8;343;-0.1;-1.2;-1.9;-1.9;-2.6;-3.1;-0.6;2.3;0.23;1.4;2.6;7.84;92;19;23;15;97453;0.18;0.4;0.37;0.4
1996;12;9;344;0.4;-1.3;-2.5;-2.4;-3.1;-4.4;-0.3;3.4;0.23;1.4;2.6;7.94;152;30;43;25;97291;0.31;0.22;0.37;0.4
1996;12;10;345;0.7;-0.6;-1.6;-1;-1.7;-2.8;-0.5;2.7;0.23;1.4;2.6;8.08;95;20;36;20;96810;0.15;0.47;0.37;0.4
1996;12;11;346;1.1;-0.1;-1;-0.6;-1.1;-2;-0.3;2.5;0.23;1.4;2.6;8.09;106;19;32;15;96440;0.13;0.03;0.37;0.4
1996;12;12;347;2.5;0.6;-0.7;0.3;-0.4;-1;0.1;1.6;0.22;1.4;2.6;7.5;121;25;40;23;96149;0.08;0.02;0.37;0.4
1996;12;13;348;4.3;0.7;-1.3;1;-0.5;-1.8;0.4;0.9;0.21;1.4;2.6;6.57;139;32;64;33;95202;0.12;0.09;0.37;0.4
1996;12;14;349;4.2;1.4;-1;1.3;-0.2;-2.5;0.8;-1.9;0.2;1.4;2.6;5.72;93;18;64;28;94842;0.16;0.44;0.37;0.4
1996;12;15;350;4.3;0.2;-2.8;0.6;-2.2;-4;1;0.1;0.18;1.4;2.6;5;216;45;91;54;95758;0.22;0;0.37;0.4
1996;12;16;351;5.5;2.1;0.3;1.2;-0.8;-3.2;0.8;0.5;0.17;1.4;2.6;4.28;199;40;81;57;96491;0.12;0;0.37;0.4
1996;12;17;352;5.7;0.8;-2.1;1.5;-0.9;-3.1;0.5;1.3;0.16;1.4;2.6;3.63;214;42;94;53;96184;0.17;0;0.37;0.4
1996;12;18;353;3.6;1.5;-1.8;1.5;-0.3;-3.1;0.6;0.8;0.15;1.4;2.6;3.12;145;25;38;14;95835;0.12;0.11;0.37;0.4
1996;12;19;354;7.2;2.2;0;4.6;1.1;-1.6;0.7;0.3;0.15;1.4;2.6;2.49;228;43;82;40;95229;0.11;0.1;0.37;0.4
1996;12;20;355;2.5;0.7;-2.1;2;0.2;-4;0.2;-1.4;0.15;1.3;2.6;2.69;82;15;12;5;95067;0.33;6.29;0.37;0.4
1996;12;21;356;-1.7;-3.3;-5.1;-4.5;-7.4;-11.4;0.8;-2.9;0.23;1.3;2.6;7.07;205;41;82;36;95945;0.58;1.02;0.37;0.4
1996;12;22;357;-3.9;-5.1;-7.4;-5.8;-9.2;-13.4;-0.8;0.1;0.23;1.3;2.6;7.19;107;20;60;26;96425;0.12;0.86;0.37;0.4
1996;12;23;358;-4.2;-4.8;-5.6;-5.8;-6.6;-7.8;-1.3;0.2;0.3;1.3;2.6;10.87;42;9;11;8;95184;0.23;7.28;0.37;0.4
1996;12;24;359;-5.2;-6.3;-8.2;-8;-9.9;-11.2;0.8;-2.8;0.4;1.3;2.6;16.13;147;30;71;33;95284;0.35;1.58;0.37;0.4
1996;12;25;360;-6.3;-7.5;-9.1;-10;-11.3;-13.5;0.6;-3.4;0.4;1.3;2.6;17.09;125;22;85;29;95801;0.39;1.67;0.37;0.4
1996;12;26;361;-8.4;-11.7;-13.7;-12.3;-16.4;-18.1;1.5;-6;0.4;1.3;2.6;17.25;170;36;90;77;97439;0.52;0.08;0.37;0.4
1996;12;27;362;-11.1;-13.5;-15.2;-17.3;-18.7;-19.6;0.4;-2;0.39;1.3;2.6;16.89;186;40;104;78;97782;0.23;0;0.37;0.4
1996;12;28;363;-11.1;-13.6;-16.1;-16.1;-18.5;-20.8;-0.7;-0.3;0.39;1.3;2.6;16.75;169;35;90;47;96951;0.15;0.07;0.36;0.4
1996;12;29;364;-9.2;-12.3;-14.1;-14.9;-16.9;-19.3;-0.4;0.8;0.39;1.3;2.6;16.62;173;35;89;44;96107;0.18;0.06;0.36;0.4
1996;12;30;365;-8.8;-12.5;-14.6;-13;-16;-17;-0.5;0.1;0.39;1.3;2.6;16.6;178;36;100;44;95390;0.14;0.06;0.36;0.4
1996;12;31;366;-9.6;-12.4;-16.1;-14.2;-15.7;-18.1;-0.7;1.7;0.39;1.3;2.6;16.49;116;24;51;30;96000;0.17;0.05;0.36;0.4
1997;1;1;1;-8.5;-10.5;-13.6;-11;-12.9;-15.1;-0.5;0.4;0.39;1.3;2.6;18.73;62;10;54;15;96370;0.11;3.54;0.36;0.4
1997;1;2;2;-5.5;-9.2;-14.7;-8.6;-11.9;-17.3;-0.1;-0.1;0.39;1.3;2.6;20.03;123;26;62;23;96687;0.18;1.54;0.36;0.4
1997;1;3;3;-3.8;-5.6;-7.4;-5.8;-7.3;-8.8;-0.8;2.3;0.4;1.3;2.6;21.8;92;15;27;11;95982;0.16;1.14;0.36;0.4
1997;1;4;4;-1.2;-2.9;-7.3;-1.8;-3.9;-7.9;-0.4;1.2;0.39;1.2;2.6;22.93;32;6;69;12;95034;0.17;2.92;0.36;0.39
1997;1;5;5;0.6;-4.2;-10.6;-1.3;-5.3;-11.7;0.8;-0.4;0.39;1.2;2.6;23.82;136;25;67;32;95355;0.05;0.08;0.36;0.39
1997;1;6;6;-3.5;-5;-6.6;-4.5;-6.7;-8.4;-0.4;-0.9;0.39;1.2;2.6;23.62;99;19;25;7;96351;0.16;0.41;0.36;0.39
1997;1;7;7;-1.5;-4;-6.3;-3.3;-5.4;-8;-0.7;1.3;0.39;1.2;2.5;23.84;79;16;38;14;96485;0.13;0.35;0.36;0.39
1997;1;8;8;-0.5;-3.5;-5.7;-2.8;-4.7;-6.6;-0.2;2.5;0.38;1.2;2.5;23.91;129;27;69;28;96118;0.11;0.01;0.36;0.39
1997;1;9;9;-1.4;-2.8;-4.1;-3.6;-4.4;-5.2;-0.4;3.4;0.38;1.2;2.5;23.9;74;16;30;13;95490;0.22;0.17;0.36;0.39
1997;1;10;10;-1.9;-2.6;-3.2;-3.6;-3.8;-4.2;-0.2;-1.2;0.38;1.2;2.5;25.4;54;12;21;6;96065;0.11;4.43;0.36;0.39
1997;1;11;11;0.1;-1.8;-3.5;-2.4;-3.4;-5;0.5;-2.1;0.39;1.2;2.5;29.16;105;18;69;21;97000;0.15;1.4;0.36;0.39
1997;1;12;12;-1.3;-5.5;-12.6;-4.3;-7;-13.6;0.7;-1.2;0.38;1.2;2.5;29.32;192;42;93;60;97590;0.03;0;0.36;0.39
1997;1;13;13;-0.4;-6.2;-13.2;-3.2;-7.9;-14.6;0.3;0.4;0.38;1.2;2.5;29.19;180;38;70;38;97525;0.14;0;0.36;0.39
1997;1;14;14;0.4;-4.6;-8.7;-2.1;-6.2;-10;0.5;-0.1;0.38;1.2;2.5;28.62;192;41;86;42;97410;0.1;0;0.36;0.39
1997;1;15;15;1.6;-2.3;-4.9;-0.8;-4.2;-7.6;-0.1;0.8;0.37;1.2;2.5;27.5;165;33;73;28;97390;0.07;0.06;0.36;0.39
1997;1;16;16;1.6;-2.1;-5.4;-1.4;-4;-6.3;0;0.5;0.37;1.2;2.5;26.14;187;39;89;38;97176;0.08;0.05;0.36;0.39
1997;1;17;17;-1;-3.4;-5.6;-2.9;-4.7;-6.8;-0.5;1.5;0.37;1.2;2.5;25.59;106;24;38;15;96840;0.18;0.27;0.36;0.39
1997;1;18;18;1.3;-2.9;-5.8;-2;-4.5;-6.9;0;0.9;0.36;1.2;2.5;25.34;201;40;91;42;96743;0.15;0.06;0.36;0.39
1997;1;19;19;-2;-4.2;-6.5;-3.4;-5.5;-7.5;-0.5;0.9;0.36;1.2;2.5;25.08;106;22;44;16;96411;0.13;0.29;0.36;0.39
1997;1;20;20;1.7;-2.3;-6.7;-1.3;-4.2;-7.7;0.4;0;0.36;1.2;2.5;24.77;171;36;63;26;96559;0.14;0.46;0.36;0.39
1997;1;21;21;2.2;-1.5;-4.1;0.1;-2.5;-4.6;0.2;-0.5;0.36;1.2;2.5;23.45;185;38;80;34;97649;0.07;0.01;0.36;0.39
1997;1;22;22;-0.1;-1.2;-2.1;-1.1;-1.7;-2.5;-0.2;3.5;0.35;1.1;2.5;22.37;90;20;26;11;97720;0.08;0;0.36;0.39
1997;1;23;23;2.3;-0.3;-1.8;0.3;-1;-2.1;-0.5;0.8;0.35;1.1;2.5;21.55;134;32;57;19;97420;0.03;0.09;0.36;0.39
1997;1;24;24;2.9;-0.3;-1.9;0.3;-1.6;-2.9;0;-0.4;0.34;1.1;2.5;19.65;179;38;63;28;97398;0.05;0.06;0.36;0.39
1997;1;25;25;1.2;-0.3;-2;0.6;-0.8;-2.9;0;-0.4;0.33;1.1;2.5;18.33;40;10;16;4;97862;0;1.31;0.36;0.39
1997;1;26;26;-1.2;-4.3;-10.2;-1.7;-6.5;-11.5;-0.4;2;0.32;1.1;2.5;18.11;233;49;85;64;97981;0.21;0;0.36;0.39
1997;1;27;27;-1.7;-6.6;-11.1;-5.4;-9.1;-13.4;0.4;2;0.32;1.1;2.5;17.91;210;47;87;49;97617;0.35;0.01;0.36;0.39
1997;1;28;28;2.8;-4.2;-12.1;-1.3;-6.8;-14;1.3;-1;0.31;1.1;2.5;16.78;264;58;99;54;97713;0.19;0;0.36;0.39
1997;1;29;29;2.3;-0.5;-4.4;-1.8;-3.2;-6.2;1.7;-2.3;0.29;1.1;2.5;15.34;245;51;76;48;98058;0.29;0.05;0.36;0.39
1997;1;30;30;2.3;-3;-8.1;-1.5;-5.4;-9.8;1;-0.9;0.27;1.1;2.5;14.21;228;56;89;54;97866;0.19;0;0.36;0.39
1997;1;31;31;3.1;-2.3;-8.8;-2.1;-5.5;-10.8;1.9;-1.1;0.26;1.1;2.5;12.98;246;59;87;49;97289;0.26;0.01;0.36;0.39
1997;2;1;32;0.2;-2.2;-5.6;-3.2;-5.8;-9;1.1;-2.9;0.25;1.1;2.5;12.58;280;62;104;66;97365;0.31;0.46;0.36;0.39
1997;2;2;33;-2;-5.6;-10.9;-6.8;-8.8;-12.4;0.4;-1;0.25;1.1;2.5;12.43;261;61;90;70;97465;0.22;0;0.36;0.39
1997;2;3;34;0.9;-6.6;-12.3;-4;-9.4;-14.5;0.7;1.4;0.25;1.1;2.5;12.15;316;76;115;70;97293;0.2;0;0.36;0.39
1997;2;4;35;1.8;-4.1;-9.9;-3.4;-7.5;-12.8;0.7;1.2;0.24;1.1;2.5;11.31;318;76;108;63;97100;0.16;0;0.36;0.39
1997;2;5;36;3.7;0;-4.5;-0.6;-3;-7;1.1;0.7;0.22;1.1;2.5;10.21;157;36;57;27;96343;0.09;0.1;0.36;0.39
1997;2;6;37;3;0;-5.8;0.4;-3.7;-8.1;1.6;-2.8;0.22;1.1;2.5;9.48;324;74;101;60;97580;0.47;0.3;0.36;0.39
1997;2;7;38;5.1;-1.3;-7.1;-1.9;-5.1;-9.6;1.1;2.3;0.21;1.1;2.5;8.57;348;85;110;76;97973;0.17;0;0.36;0.39
1997;2;8;39;8.4;0.6;-5;0.8;-4.1;-8.2;1;0.5;0.19;1.1;2.5;7;343;86;114;74;97736;0.1;0;0.37;0.39
1997;2;9;40;9.5;1.9;-2.7;2.1;-3.3;-6.6;1.3;0.5;0.17;1.1;2.5;5.44;295;70;96;54;97525;0.13;0;0.37;0.39
1997;2;10;41;11.2;2.8;-2.6;2.6;-2.5;-5.7;1.3;0.9;0.16;1.1;2.5;4.09;380;94;119;72;97045;0.27;0;0.37;0.39
1997;2;11;42;9.2;3.2;-1.3;2.1;-1.4;-5.3;1.8;-0.3;0.15;1.1;2.5;3;298;68;92;46;96713;0.28;0.53;0.37;0.39
1997;2;12;43;9.6;4.6;1.2;4.1;1.8;-0.2;1.7;1.5;0.14;1.1;2.5;2.16;300;50;83;30;96092;0.55;1.87;0.37;0.39
1997;2;13;44;11.5;5;-1;3.7;0.1;-4.7;2;0.9;0.13;1.1;2.5;1.35;397;90;102;53;95106;0.98;1.14;0.37;0.39
1997;2;14;45;7.1;3.1;-0.7;-3.8;-5.7;-8.7;2.3;-0.2;0.13;1.1;2.5;0.99;358;91;105;66;95073;0.78;0.43;0.37;0.39
1997;2;15;46;3.6;1.6;-0.4;1.7;-0.5;-3;0.6;-2.1;0.13;1.1;2.5;1.06;178;44;49;27;95436;0.71;2.55;0.37;0.39
1997;2;16;47;2.5;0;-3.2;-3.1;-5.1;-7.1;0.8;-4.1;0.13;1.1;2.5;1.31;342;90;97;69;96773;0.63;0.65;0.37;0.39
1997;2;17;48;1.2;-1.6;-4;-4.8;-6;-8.2;-0.5;0.8;0.13;1.1;2.5;1.42;295;69;81;59;97247;0.12;0;0.37;0.39
1997;2;18;49;4.1;0.4;-3;-3.2;-5;-6.4;0.6;3.3;0.13;1.1;2.5;1.43;420;98;104;48;96797;0.39;1.64;0.37;0.39
1997;2;19;50;4.9;2.1;-2.2;-1.2;-3;-5.2;2.8;-2.9;0.14;1.1;2.5;1.93;408;102;96;70;96794;0.99;0.53;0.37;0.39
1997;2;20;51;8.1;2.9;-2.2;-1.9;-4.2;-6.9;2;0.2;0.14;1.1;2.5;1.85;383;91;97;62;96826;0.8;0.68;0.37;0.39
1997;2;21;52;10.2;4.6;-0.4;1.8;-0.7;-3.6;1.7;0.6;0.14;1.1;2.5;1.4;387;90;94;46;97125;0.62;0.18;0.37;0.39
1997;2;22;53;10.4;6.3;0.4;3.6;2.1;-0.4;2.5;-1.1;0.13;1.1;2.5;0.78;252;65;77;44;97372;0.51;0.12;0.37;0.39
1997;2;23;54;13.3;5.2;-0.6;5.6;2.1;-1.4;0.6;1.4;0.13;1.1;2.5;0.41;461;122;122;77;96705;0.65;0;0.37;0.39
1997;2;24;55;12.7;5.4;-1.5;3.1;1;-2.4;1;2.3;0.12;1.1;2.5;0.22;431;110;106;73;96016;0.78;0;0.37;0.39
1997;2;25;56;14.1;8;3.3;4.9;3.2;0.5;2;3.2;0.12;1.1;2.5;0.09;452;95;99;64;95758;0.82;0;0.36;0.39
1997;2;26;57;14.5;8.6;4.7;6.5;3.5;0.8;1.9;0.4;0.12;1.2;2.5;0.02;337;79;80;49;95701;0.86;0.64;0.36;0.39
1997;2;27;58;7.4;4.3;1.4;1.3;0.3;-2;2.2;-3.4;0.12;1.2;2.5;0;450;105;96;66;96897;1.05;0.93;0.36;0.39
1997;2;28;59;7.6;3.2;0.2;-0.4;-2.1;-3.1;0.7;-1.7;0.12;1.2;2.5;0;394;115;96;81;97998;0.77;0;0.36;0.39
1997;3;1;60;14.7;6.1;-0.1;5.9;0.2;-4.1;1.2;0.6;0.12;1.2;2.5;0;489;120;124;76;97489;0.89;0;0.36;0.39
1997;3;2;61;16;7.8;0;5.4;2.3;-1.7;1.2;1.6;0.12;1.2;2.5;0;476;128;116;78;97355;1.04;0;0.36;0.39
1997;3;3;62;17;9.1;4.1;6.9;3.4;0.1;1.5;-1.4;0.12;1.2;2.5;0;458;97;107;59;97559;1.05;0.66;0.36;0.39
1997;3;4;63;6.5;4;2.3;3;2;0.7;0.1;-0.5;0.13;1.2;2.5;0.24;244;40;66;25;97877;0.53;4.77;0.36;0.39
1997;3;5;64;10.9;6;2.3;5.3;3.7;1.9;0.2;0.3;0.13;1.2;2.5;0.26;332;94;97;48;97397;0.61;0;0.36;0.39
1997;3;6;65;8.9;4.7;-0.7;4.9;2.5;-1;1.2;-1.1;0.13;1.2;2.5;0.13;217;50;73;38;97397;0.35;0.05;0.36;0.39
1997;3;7;66;8.6;5.7;1.9;5;1.3;-4.1;0.6;-3;0.13;1.2;2.5;0.05;379;81;111;57;97812;0.71;0.14;0.36;0.39
1997;3;8;67;8.6;3.7;-1;-2.3;-4.4;-6.3;0.7;-2.4;0.13;1.2;2.5;0.02;545;155;132;101;97950;1.14;0;0.36;0.39
1997;3;9;68;11;5.1;-1;-0.1;-2.7;-6.6;0.5;-1.6;0.13;1.2;2.5;0;539;153;130;87;98057;1.1;0;0.36;0.39
1997;3;10;69;10.7;5.9;1.7;3.6;2.2;0.2;0.5;-2;0.13;1.3;2.5;0;487;140;110;74;98055;0.92;0;0.35;0.39
1997;3;11;70;10.7;5.8;0.6;0.8;-1.5;-3.7;0;2.1;0.13;1.3;2.5;0;550;158;129;91;98057;1.22;0;0.35;0.39
1997;3;12;71;11.9;5.4;-1.1;1;-1.2;-3.9;0.4;1.9;0.13;1.3;2.5;0;556;161;132;96;97702;1.16;0;0.35;0.39
1997;3;13;72;14.7;7.7;0.8;5;1.9;-1.8;2;-1.5;0.13;1.3;2.6;0;491;137;108;72;96917;1.3;0.36;0.35;0.39
1997;3;14;73;13.5;8.7;5.7;4.9;3.3;1.7;1.2;-1.4;0.13;1.3;2.6;0;383;109;105;54;96554;1.05;0.1;0.35;0.39
1997;3;15;74;11.3;8.3;5.9;3.2;2.3;1.5;2.5;-2.6;0.13;1.3;2.6;0;438;129;97;66;96526;1.21;0.28;0.35;0.39
1997;3;16;75;9.1;6.5;0.9;6.7;3.6;0.8;1.4;-2.4;0.13;1.3;2.6;0.34;385;96;72;32;96443;1.86;16.52;0.35;0.39
1997;3;17;76;2.8;1;-1.7;1.2;-0.2;-3.3;0.2;-1.6;0.33;1.3;2.6;11.88;231;60;67;26;96438;0.5;17.46;0.36;0.39
1997;3;18;77;1.5;-1.1;-4.9;-3.1;-4.3;-6.7;0.2;0.9;0.35;1.4;2.6;13.09;200;65;81;47;96596;0.7;3.04;0.36;0.39
1997;3;19;78;7.7;2.4;-1.5;2.3;-0.6;-4;0.9;0.3;0.32;1.4;2.6;11.9;331;78;70;44;94899;0.67;3.91;0.37;0.39
1997;3;20;79;3.2;0.9;-2.9;2.1;-2.1;-7.1;0.5;-3.2;0.26;1.4;2.6;8.75;398;100;72;46;95552;0.95;2.23;0.38;0.38
1997;3;21;80;1.8;-1.1;-4.8;-2.6;-5;-8.4;0;-0.7;0.27;1.4;2.6;9.05;234;78;61;42;96322;0.68;4.27;0.38;0.38
1997;3;22;81;4.3;-0.2;-4;-1.2;-3.4;-6.8;1;-2.2;0.3;1.4;2.6;10.77;455;124;93;61;96705;1;2.43;0.38;0.38
1997;3;23;82;2.6;-0.5;-4.8;-3.4;-5.6;-7.8;0;0;0.27;1.5;2.6;9.17;412;108;84;49;96508;1.11;0.62;0.38;0.38
1997;3;24;83;2.9;0.5;-1.5;-1.5;-2.7;-3.8;-0.4;2.7;0.27;1.5;2.6;9.38;243;65;51;27;95854;0.63;1.28;0.38;0.38
1997;3;25;84;5.8;2.3;-1.6;2.6;0;-3.3;0.1;-0.5;0.25;1.5;2.6;7.67;286;74;53;26;96076;0.59;2.19;0.38;0.38
1997;3;26;85;6.7;2.8;-2;-0.5;-2.6;-4.2;0.1;-0.8;0.22;1.5;2.6;5.59;460;124;85;56;96788;1.16;0.04;0.38;0.38
1997;3;27;86;12.5;6.6;1.8;5.5;2.3;-2.8;2.2;0.5;0.18;1.5;2.6;3.44;421;80;80;42;96329;0.88;1.39;0.38;0.38
1997;3;28;87;12.7;6.5;3.3;7.4;1.8;-2.5;2.7;-1.3;0.15;1.6;2.6;1.4;237;75;74;50;95324;1.08;3.36;0.39;0.38
1997;3;29;88;6.6;3.9;1.4;0.1;-1.7;-3.2;3;-3.5;0.15;1.6;2.6;0.8;579;167;104;83;95624;1.64;1.26;0.39;0.38
1997;3;30;89;6;2.9;0;-1.4;-4.1;-6.6;1.3;-4.7;0.15;1.6;2.6;0.88;596;176;106;88;96352;1.64;1.01;0.39;0.38
1997;3;31;90;5.9;4.1;0.9;4.7;1.4;-5.8;1;-3.2;0.15;1.6;2.6;0.65;265;66;88;37;96838;1.24;6.72;0.39;0.38
1997;4;1;91;10.2;7.6;4.8;4.9;3.8;3;0.9;-2.9;0.14;1.6;2.6;0.25;272;73;64;29;96615;1.11;0.45;0.39;0.38
1997;4;2;92;15.2;10.4;5.4;6;4.6;3;0.8;-3;0.14;1.7;2.6;0.09;611;192;113;80;96280;1.95;0;0.39;0.38
1997;4;3;93;15.6;10.7;5.2;6.6;4.6;2.7;1.1;-1.5;0.14;1.7;2.6;0.01;605;178;110;77;95659;1.87;0.12;0.39;0.38
1997;4;4;94;8.4;5.4;2.1;3.3;-0.8;-5.6;2.5;-3.8;0.14;1.7;2.6;0.04;559;159;108;66;95683;2.24;3.12;0.38;0.38
1997;4;5;95;6.8;3;0;1.7;-2.7;-6.2;2.1;-1.8;0.15;1.7;2.6;0.73;502;132;85;49;95957;1.42;7.57;0.38;0.38
1997;4;6;96;6.5;4.4;0.6;3.6;-2.5;-7.6;2.9;-4.6;0.16;1.7;2.6;1.46;643;188;116;73;95704;2.42;2.56;0.39;0.38
1997;4;7;97;3.3;0.7;-1.6;-6.4;-9.6;-12.7;1.3;-6;0.16;1.8;2.6;1.48;591;188;104;85;97253;1.8;0.54;0.39;0.38
1997;4;8;98;5.1;1.3;-2.2;-5.4;-7;-8.7;0.2;-2.9;0.16;1.8;2.6;1.43;651;210;124;94;97703;1.69;0;0.39;0.38
1997;4;9;99;10;3.9;-2;0.7;-3.2;-7.8;0.1;0.9;0.16;1.8;2.6;1.02;654;212;127;89;97672;1.73;0;0.38;0.38
1997;4;10;100;15.6;8.3;-1.3;3.4;0.4;-3.1;1.6;-0.8;0.15;1.8;2.6;0.52;596;191;124;68;97130;2.17;0;0.38;0.38
1997;4;11;101;17.1;9.4;1.2;4.7;1.1;-4;3.4;-1.7;0.15;1.8;2.6;0.36;661;186;123;64;95842;3;5.94;0.38;0.38
1997;4;12;102;6.6;3.1;-0.2;-1;-4.5;-5.9;3;-4.3;0.16;1.9;2.6;1.33;585;183;101;77;96151;2.16;4.82;0.38;0.38
1997;4;13;103;2.9;-0.2;-3.6;-1.3;-6.3;-8.4;0.2;-3;0.21;1.9;2.6;4.44;506;165;100;76;96834;1.64;0.29;0.38;0.38
1997;4;14;104;11;4.6;-3.9;1.7;-2.7;-8.6;1.6;0;0.19;1.9;2.6;3.3;558;151;88;54;96430;1.5;0.18;0.38;0.38
1997;4;15;105;6.2;3.5;-0.3;2.5;-1.6;-5.6;2;-3.3;0.17;1.9;2.6;1.99;628;173;100;60;95970;2.24;4.69;0.38;0.38
1997;4;16;106;3.2;0.5;-1.4;-3.2;-5.1;-6.2;1.4;-3.7;0.18;2;2.6;2.4;610;188;103;75;96198;1.78;2.36;0.38;0.38
1997;4;17;107;6.9;2.8;-1.5;-2.5;-4.7;-6;2.8;-4.1;0.19;2;2.6;3.4;493;146;66;49;96165;1.82;1.58;0.38;0.38
1997;4;18;108;12.7;7.3;2.9;1.6;-1;-2.8;2.6;-2.2;0.18;2;2.6;2.25;674;220;125;88;96074;2.47;0;0.38;0.38
1997;4;19;109;13;7;1.6;5.7;2.3;-1;0.6;-1.4;0.16;2.1;2.7;0.97;489;155;96;57;95488;1.98;4.94;0.38;0.38
1997;4;20;110;2.2;1.1;0;0;-1.7;-4.3;0;-3.3;0.22;2.1;2.7;5.58;181;50;38;20;95622;1.2;10.01;0.38;0.38
1997;4;21;111;5.6;2.2;-1.4;-4.2;-5.3;-6.5;-0.4;-3.7;0.26;2.1;2.7;7.59;549;166;95;54;95769;2.17;0.14;0.38;0.38
1997;4;22;112;6.3;3.1;-0.2;-4.8;-5.7;-6.7;0.7;-5;0.24;2.2;2.7;6.43;564;153;79;45;95277;2.29;0.35;0.38;0.38
1997;4;23;113;8.1;4.7;0.4;-0.8;-3.1;-4.7;0.7;-4.1;0.21;2.2;2.7;4.63;511;166;93;69;96266;2.08;0.2;0.38;0.38
1997;4;24;114;12.2;6.1;-2.1;0.5;-2;-4.8;0.5;1.6;0.19;2.2;2.7;2.56;691;235;136;96;96872;2.46;0;0.38;0.38
1997;4;25;115;16.4;10;2.1;5.2;1.8;-2.3;1;2;0.17;2.3;2.7;1.04;610;201;118;81;96466;2.62;0.2;0.38;0.38
1997;4;26;116;11.9;8.8;4.9;7.9;5.7;2.7;0.2;-0.2;0.16;2.3;2.7;0.35;289;97;64;43;96161;1.21;1.91;0.38;0.38
1997;4;27;117;14.1;9.3;4.2;8.1;6.6;4.1;0.3;2.8;0.16;2.3;2.7;0.11;356;121;66;34;95930;1.62;0.43;0.38;0.38
1997;4;28;118;13.8;10.4;7.3;8.3;7.2;6;0.5;0.6;0.16;2.4;2.7;0.01;501;120;82;41;96123;1.81;4.27;0.38;0.38
1997;4;29;119;13.7;9.7;5.7;9;6.9;4.5;0.6;0.5;0.16;2.4;2.7;0;395;114;83;47;95651;1.69;6.36;0.38;0.38
1997;4;30;120;14.6;10.5;7.4;7.5;5.7;4.5;2;-3.4;0.16;2.4;2.7;0;656;211;108;69;96180;2.82;0.64;0.38;0.38
1997;5;1;121;13.1;10.2;7.6;6.7;5.9;5.2;1.1;-4.5;0.16;2.5;2.7;0;537;153;69;49;97068;2.26;0.99;0.38;0.38
1997;5;2;122;16.5;11.6;7.3;9.2;5.6;4.4;1;-2.7;0.16;2.5;2.7;0;638;199;90;67;97180;2.83;0.01;0.38;0.38
1997;5;3;123;23;15.4;6.9;11.2;7.4;4.4;1.8;-0.8;0.16;2.6;2.7;0;689;242;122;85;96311;3.73;0;0.37;0.38
1997;5;4;124;21.9;15.9;8.3;13.7;8.7;6.1;1.5;-0.2;0.16;2.6;2.7;0;578;181;96;66;95746;2.93;0.02;0.37;0.38
1997;5;5;125;21.3;15.8;8.7;11.6;8.4;6.1;2;3.4;0.16;2.6;2.7;0;703;245;111;79;94954;3.89;0.14;0.37;0.38
1997;5;6;126;19.4;15.4;10.2;9.8;8.1;6.7;2.2;4.7;0.16;2.7;2.7;0;618;210;103;67;94401;3.61;0.99;0.36;0.38
1997;5;7;127;13.5;10.4;6;9.3;6.3;3.7;0.2;-0.4;0.16;2.7;2.7;0;440;151;75;54;94909;3.14;10.77;0.36;0.38
1997;5;8;128;11.6;8.4;5.2;9.2;6;2.4;1.2;-0.5;0.16;2.7;2.7;0;292;91;75;43;94783;1.85;11.07;0.38;0.38
1997;5;9;129;16.1;11;6;3.9;2.1;0.5;2.1;1.9;0.16;2.8;2.7;0;709;235;124;81;95548;3.77;0.54;0.38;0.38
1997;5;10;130;16.5;11.9;7.3;9.7;7;3.2;0;1.4;0.16;2.8;2.7;0;659;201;114;70;96416;2.98;1.58;0.37;0.38
1997;5;11;131;19.8;14.3;6;9.4;7;5.2;0.2;3.4;0.17;2.8;2.8;0;707;245;113;87;96612;3.91;0;0.37;0.38
1997;5;12;132;23.2;17.4;10.7;12.7;9.1;5.1;-0.1;1.5;0.17;2.9;2.8;0;697;244;121;83;96698;4.16;0.01;0.37;0.38
1997;5;13;133;25.7;19.6;13;13.1;11.1;8.8;0;1.8;0.17;2.9;2.8;0;686;238;113;77;96822;4.29;0.02;0.36;0.38
1997;5;14;134;25.6;20;14.3;13.2;11.1;9.8;-0.3;2.5;0.17;2.9;2.8;0;704;250;115;85;96819;4.61;0;0.36;0.38
1997;5;15;135;24.9;19.6;13.5;12.8;10.4;8.6;-0.3;2;0.17;3;2.8;0;724;257;125;89;96692;4.53;0;0.35;0.38
1997;5;16;136;25.1;19.3;12.2;13.1;10.6;9.1;-0.5;1;0.17;3;2.8;0;704;246;119;81;96488;4.26;0.12;0.35;0.38
1997;5;17;137;24.4;20.3;14.9;14.1;12.1;9.9;-0.4;0.6;0.17;3;2.8;0;694;232;108;72;96262;3.87;0.13;0.34;0.38
1997;5;18;138;25.1;19.4;13.7;15.5;13.3;11.4;0.3;1.3;0.17;3;2.8;0;697;235;106;72;95841;3.89;0.3;0.34;0.38
1997;5;19;139;23.8;19.3;15;13.8;11.7;9.4;1.4;-0.9;0.17;3;2.8;0;642;212;105;69;95764;3.68;0.04;0.34;0.38
1997;5;20;140;22.4;18.4;12.5;15.9;13;10.2;0.3;-0.1;0.17;3;2.8;0;589;194;92;64;95407;3.3;3.01;0.34;0.38
1997;5;21;141;20.6;16.5;12.9;12.5;8.4;6.2;1.2;-1.5;0.17;3;2.8;0;570;182;93;52;95555;3.72;5.04;0.33;0.38
1997;5;22;142;15.6;12.4;10.4;11.6;8.6;6.1;2;-2.8;0.17;3;2.8;0;381;88;87;38;95647;3.18;30.57;0.36;0.38
1997;5;23;143;16.7;13;7.9;12;8.4;5.3;0.5;-0.3;0.17;3;2.8;0;533;189;94;67;96289;3.08;5.71;0.36;0.38
1997;5;24;144;14.2;11.4;9.4;10.7;9;6.9;-0.1;-1.9;0.17;3;2.8;0;420;120;54;36;96690;2.56;9.71;0.36;0.38
1997;5;25;145;13.7;9.9;6.1;5.9;3.4;2.1;0.1;-2.4;0.17;3;2.8;0;727;263;126;95;97292;3.82;0;0.37;0.38
1997;5;26;146;14.5;10;5.4;8.6;5.4;1.3;0;1.9;0.17;3;2.8;0;473;147;84;54;96804;2.11;2.03;0.37;0.38
1997;5;27;147;15.1;11.8;8.6;8.2;5.9;4.9;1.8;-1.4;0.17;3;2.8;0;559;170;100;57;96188;2.95;0.49;0.37;0.38
1997;5;28;148;11.9;9.5;7.5;6.6;5.2;3.2;2;-3.7;0.17;3;2.8;0;565;200;94;65;96420;3.27;3.92;0.36;0.38
1997;5;29;149;13.6;10.2;6.7;6;3.4;2.2;1.5;-3.2;0.17;3;2.8;0;432;163;80;58;96912;2.75;0.11;0.36;0.38
1997;5;30;150;12.5;10;6.8;5.8;4;2.5;1.8;-4.2;0.17;3;2.8;0;660;210;91;61;96654;3.86;4.01;0.36;0.38
1997;5;31;151;10.4;7.7;5.1;3;2.2;1;1.1;-4.3;0.17;3;2.8;0;445;176;87;65;96770;2.53;0.36;0.36;0.38
1997;6;1;152;14.5;10;3.5;7.3;4.3;1.7;-0.4;-0.7;0.17;3;2.8;0;555;191;97;62;96448;2.64;0.03;0.36;0.38
1997;6;2;153;13.9;11.3;8.4;10.6;8.8;6.2;-0.6;0.8;0.17;3;2.8;0;291;85;45;25;96184;1.52;2.52;0.36;0.38
1997;6;3;154;18.4;13.6;7.6;11.1;9.2;7.4;0.2;-1;0.17;3;2.8;0;615;184;85;48;96146;3.06;3.13;0.36;0.38
1997;6;4;155;17.6;14.3;10;10.4;8.5;7.2;0.3;-1.5;0.17;3;2.8;0;558;212;102;71;96457;3.6;0.81;0.36;0.38
1997;6;5;156;19.1;15.2;8.8;11.1;9.5;6.5;-0.8;2.5;0.17;3;2.8;0;539;160;88;50;96198;2.78;0.34;0.35;0.38
1997;6;6;157;17.3;15;13;15;13.3;11;-1.4;0.7;0.17;3;2.8;0;290;91;47;20;95956;1.64;6.93;0.35;0.38
1997;6;7;158;19.9;15.7;11.9;12.8;11.3;9.8;0.7;-2.4;0.17;3;2.8;0;622;211;89;60;96315;3.72;0.44;0.36;0.38
1997;6;8;159;20.6;16.4;10.7;13.5;11.8;9;-0.3;1.4;0.17;3;2.8;0;564;172;101;57;96470;2.75;0.07;0.35;0.38
1997;6;9;160;22.4;18.1;12.5;14.6;12.5;11.4;1.2;-1.3;0.17;3;2.8;0;667;202;86;59;96915;3.53;0.11;0.35;0.38
1997;6;10;161;22.9;18.6;12.6;14.1;12.1;9.9;0.3;-0.8;0.17;3;2.8;0;635;212;99;70;96781;3.55;0.06;0.35;0.37
1997;6;11;162;24.1;19.5;13.3;16.3;14.5;11.9;-0.3;1.7;0.17;3;2.8;0;597;223;86;62;96199;3.74;0.91;0.34;0.37
1997;6;12;163;23;19.3;14.1;18.1;16.3;13.1;0.5;0;0.17;3;2.8;0;488;167;72;51;95789;2.86;4.37;0.34;0.37
1997;6;13;164;23.5;19.3;14.7;17;15.8;14;0.6;0.3;0.17;3;2.8;0;551;184;88;52;95602;3.32;3.57;0.34;0.37
1997;6;14;165;25.5;19.7;15.1;17.6;15.4;13.6;0.5;-0.6;0.17;3;2.8;0;697;209;99;49;95632;4.23;29.04;0.35;0.37
1997;6;15;166;22;18.3;15;13.1;11.1;9.2;2.2;-2.4;0.17;3;2.8;0;679;241;98;70;96249;4.97;0.01;0.36;0.37
1997;6;16;167;20;17.3;14.9;15.9;13.9;10;-0.6;0.1;0.17;3;2.8;0;400;118;48;33;96513;2.57;7.84;0.36;0.37
1997;6;17;168;19.4;16.4;13.2;15.9;13.6;11.1;0.6;-1.4;0.17;3;2.8;0;582;148;70;44;96168;2.81;3.63;0.36;0.37
1997;6;18;169;16.2;14.2;10.9;14.6;12.6;9.5;0.2;0.1;0.17;3;2.8;0;207;79;69;38;96261;1.53;8.65;0.37;0.37
1997;6;19;170;18.8;14.8;7.8;13.4;10.6;6.7;0;1.4;0.17;3;2.8;0;491;167;89;50;95886;2.96;15.23;0.37;0.37
1997;6;20;171;20.1;16;12;13.8;9.9;6.5;2.3;-1.3;0.17;3;2.8;0;671;185;95;53;95194;3.79;2.48;0.38;0.37
1997;6;21;172;22.4;17.3;8.9;14.1;11.3;6.6;0.5;2.5;0.17;3;2.8;0;591;217;95;70;95522;3.83;0.11;0.38;0.37
1997;6;22;173;24.5;18.5;11.5;15.6;13.3;8.4;0.9;0.7;0.17;3;2.8;0;528;197;81;60;95301;4.18;4.56;0.37;0.37
1997;6;23;174;19.1;14.2;10.2;9.8;8.3;7.7;1.5;-1.7;0.17;3;2.8;0;635;146;93;44;95527;3.62;7.19;0.38;0.37
1997;6;24;175;18.7;14.5;9.1;11.2;8.9;7;1.4;-0.7;0.16;3;2.8;0;578;190;95;67;95896;3.29;4.36;0.38;0.37
1997;6;25;176;18.4;14.9;11.2;10.1;8.3;7.2;0.3;-0.7;0.16;2.9;2.8;0;562;222;95;78;95884;3.75;0.25;0.38;0.37
1997;6;26;177;20.4;16.3;10.9;12;10.3;7.9;-0.3;3.4;0.16;2.9;2.8;0;606;207;88;67;95235;3.61;0.39;0.37;0.37
1997;6;27;178;23.6;19.3;14.1;14.7;12.9;10.2;0.6;4.3;0.16;2.9;2.8;0;638;222;85;65;95176;4.13;0.01;0.37;0.37
1997;6;28;179;27.7;22.4;17.1;16;14.8;14;0.4;3.1;0.16;2.9;2.8;0;712;264;100;76;95716;5.15;0;0.37;0.37
1997;6;29;180;28.8;23.4;17.6;19;16.8;13.4;-1.1;2.4;0.16;2.9;2.8;0;710;260;96;66;95539;4.87;0.51;0.36;0.37
1997;6;30;181;25.7;21.4;16;17.7;13.9;9.1;0.8;2.5;0.16;2.9;2.8;0;686;249;122;71;95095;5.03;6.79;0.36;0.37
1997;7;1;182;20.3;16.1;12.2;12.9;11;9.6;1.9;-0.7;0.16;2.9;2.8;0;515;177;89;60;95801;4.15;5.56;0.36;0.37
1997;7;2;183;22.4;17.9;10.4;12.8;11.4;9.3;-0.2;1.8;0.16;2.9;2.8;0;630;230;103;77;96328;4.13;0.3;0.36;0.37
1997;7;3;184;25;20.1;14.4;16.1;12.8;9.2;0.8;1.4;0.16;2.9;2.8;0;664;229;101;75;96127;4.22;0.1;0.36;0.37
1997;7;4;185;25.6;20.8;15.8;17.9;15.4;14.2;0.5;-0.4;0.16;2.9;2.7;0;625;227;92;68;96360;4.1;0.66;0.35;0.37
1997;7;5;186;18.8;16.8;14.8;16.1;14.8;12.7;0.4;-1;0.16;2.9;2.7;0;201;83;53;36;96099;1.71;14.25;0.36;0.37
1997;7;6;187;15.8;14.1;12.9;13.1;10.9;7.5;2.9;-3.9;0.16;2.8;2.7;0;258;54;40;22;95978;2.98;36.12;0.38;0.37
1997;7;7;188;15.4;13.1;11.3;11.7;9.5;7.4;5.5;-4.9;0.16;2.8;2.7;0;480;103;48;25;95875;5.38;26;0.39;0.37
1997;7;8;189;17.9;16;13.6;13.3;11.5;9.5;3.6;-5.2;0.16;2.8;2.7;0;319;104;57;28;95935;4.56;11.15;0.41;0.37
1997;7;9;190;21.8;18.2;14.8;12.2;11.2;9.7;2.1;-4;0.16;2.8;2.7;0;667;227;91;70;96119;4.18;0.02;0.41;0.37
1997;7;10;191;22.2;18.2;14.3;16.8;14.2;11.2;0.4;-1;0.16;2.8;2.7;0;649;203;90;60;96106;3.45;8.07;0.4;0.37
1997;7;11;192;18.3;16.1;14;14.6;13;11.2;0.8;-1.9;0.16;2.8;2.7;0;338;117;58;36;96099;2.45;5.81;0.41;0.37
1997;7;12;193;21.7;17.6;13.5;15;12.9;10.6;1;-1.9;0.16;2.8;2.7;0;662;233;101;70;96233;3.86;0.59;0.4;0.37
1997;7;13;194;21.3;17;12.5;15.3;13.5;11.2;0.9;-0.9;0.16;2.8;2.7;0;577;184;90;61;96403;3.25;10.95;0.4;0.38
1997;7;14;195;21.1;17.6;12.5;14.7;12.7;11.6;0;-1;0.16;2.8;2.7;0;540;197;84;65;96634;3.36;0.81;0.4;0.38
1997;7;15;196;20.5;17.1;14.1;14;12.5;11.7;1.4;-1.6;0.16;2.8;2.7;0;468;145;68;45;96526;2.88;1.45;0.4;0.38
1997;7;16;197;21;17.2;14;14.9;13.4;11.7;1.2;-1.5;0.16;2.8;2.7;0;509;173;72;56;96551;2.97;1.58;0.4;0.38
1997;7;17;198;22.9;18.7;12.7;17.3;15.4;11.9;-0.4;1.3;0.16;2.8;2.7;0;562;182;80;48;95932;3.16;1.92;0.39;0.38
1997;7;18;199;19.1;17;15.2;15.8;14.3;11;1.5;-0.2;0.16;2.8;2.7;0;290;74;71;33;95198;2.05;11.62;0.4;0.38
1997;7;19;200;16.6;14.9;13.4;13;11.4;9.4;3.1;-1.6;0.16;2.7;2.7;0;302;76;45;33;95441;2.88;5.78;0.4;0.38
1997;7;20;201;19.6;16;12.8;9.8;9.2;8.8;3.3;-2;0.16;2.7;2.7;0;575;207;93;72;96043;3.69;0.04;0.4;0.38
1997;7;21;202;19.8;15.7;11.2;12.2;9.6;8.1;2.7;-0.7;0.16;2.7;2.7;0;512;153;87;51;96112;3.09;3.22;0.4;0.38
1997;7;22;203;21.7;17.7;13.9;15.5;13.9;12;2;-2.5;0.16;2.7;2.7;0;521;173;79;49;96423;3.29;0.71;0.4;0.38
1997;7;23;204;23.8;19.4;13.5;18;15.7;12.4;0.3;-0.2;0.16;2.7;2.7;0;585;214;91;60;96591;3.44;5.41;0.39;0.38
1997;7;24;205;24.5;19.9;14.5;17.4;15.2;13.6;0.5;0.2;0.16;2.7;2.7;0;647;216;104;62;96232;3.9;9.04;0.39;0.38
1997;7;25;206;22.3;18.2;15.7;16.4;14.7;11.1;1.6;-1.8;0.16;2.7;2.7;0;607;135;68;44;95707;2.93;7.17;0.4;0.38
1997;7;26;207;19.4;16.8;14.2;12;10.7;10.1;3.4;-3.8;0.16;2.7;2.7;0;644;210;88;70;95987;3.75;0.7;0.4;0.38
1997;7;27;208;22.4;18.6;14.9;13.1;11.4;10;2.1;-3;0.16;2.7;2.7;0;631;220;91;72;96495;4.13;0;0.39;0.38
1997;7;28;209;22.6;19.2;15.3;16.2;14;12;0.8;-1.6;0.16;2.7;2.7;0;593;180;78;54;96803;3.21;0.39;0.39;0.38
1997;7;29;210;19.8;16.7;12.9;15.7;14;12.6;0.1;-0.4;0.16;2.7;2.7;0;329;97;54;37;96850;1.86;10.39;0.39;0.38
1997;7;30;211;22.5;17.6;11;14.9;13.3;10.8;0.8;-1.4;0.16;2.7;2.7;0;600;210;93;61;96638;3.75;0.49;0.39;0.38
1997;7;31;212;25.6;19.7;12.4;16.7;13.5;11.6;0.9;0;0.16;2.7;2.7;0;613;215;108;69;96185;4.02;5.08;0.39;0.38
1997;8;1;213;16.9;14.2;11.2;12.2;9.4;8.7;1.8;-2.8;0.16;2.7;2.7;0;437;130;78;47;95958;3.54;14.34;0.4;0.38
1997;8;2;214;18.8;15.2;11.9;12;10.4;8.9;1.7;-3.9;0.16;2.7;2.7;0;603;207;83;69;96223;3.59;2;0.4;0.38
1997;8;3;215;20;16.9;13.9;13.6;12.3;10.6;1.5;-3.2;0.16;2.7;2.7;0;529;150;70;54;96503;2.6;0.01;0.4;0.38
1997;8;4;216;22.8;18.6;13.5;15.6;13.4;10.6;0.9;-1.6;0.16;2.6;2.7;0;514;193;79;63;96576;3.37;0.53;0.39;0.38
1997;8;5;217;24.1;19.4;13.6;18.1;15.4;12.3;0.4;0;0.16;2.6;2.7;0;589;178;91;58;96443;2.94;1.05;0.39;0.38
1997;8;6;218;22;18.5;15.5;15.5;13.8;12.6;0.1;-1.9;0.16;2.6;2.7;0;516;174;87;58;96274;3.12;0.46;0.39;0.38
1997;8;7;219;22.3;18;12.9;15.3;13.1;11.7;0.2;-1.8;0.16;2.6;2.7;0;643;210;98;70;96349;3.44;0;0.38;0.38
1997;8;8;220;22.7;18.5;13.3;16.3;14.6;12.2;0.7;-1.1;0.16;2.6;2.7;0;596;179;94;61;96510;2.87;0.7;0.38;0.38
1997;8;9;221;21.9;18.2;14.4;15.4;14.1;12.9;1.4;-2.4;0.16;2.6;2.7;0;600;171;77;55;96589;2.99;0.81;0.38;0.38
1997;8;10;222;21.4;18;15.1;15.9;14.7;13.5;0.1;-2.1;0.16;2.6;2.7;0;569;188;88;60;96817;3.2;2.6;0.37;0.38
1997;8;11;223;22.7;18.4;12.6;14.8;13.1;11.7;0;-0.9;0.16;2.6;2.7;0;615;203;99;73;96961;3.32;0.11;0.37;0.38
1997;8;12;224;23;18.9;13.2;14.1;12.6;10.6;0.2;-1.4;0.16;2.6;2.7;0;621;198;97;72;97043;3.32;0.23;0.37;0.38
1997;8;13;225;24.3;19.7;13.2;14.5;12.9;11;0.8;-1.8;0.16;2.6;2.7;0;639;209;103;76;96942;3.61;0;0.37;0.38
1997;8;14;226;25.2;20.6;15.3;16.9;13.8;11.3;1;-1.4;0.16;2.6;2.7;0;507;180;82;63;96794;3.24;0.02;0.36;0.38
1997;8;15;227;25.9;20.8;16.7;17;15.2;12.4;1.3;-1.1;0.16;2.6;2.7;0;617;160;95;59;96569;2.91;1.73;0.36;0.38
1997;8;16;228;23.1;19.4;16.1;15.6;14.7;13.7;0.9;-1.9;0.16;2.6;2.7;0;624;195;90;64;96623;3.27;0.97;0.36;0.38
1997;8;17;229;23.5;19.4;13.9;17;15.2;13.1;-0.4;0.2;0.15;2.6;2.7;0;532;179;88;60;96656;2.87;0.73;0.35;0.38
1997;8;18;230;21.3;18.2;15.6;17.7;16.4;14.8;0;1;0.15;2.6;2.7;0;330;104;55;38;96615;1.95;10.61;0.36;0.38
1997;8;19;231;23.3;18.7;14.4;16.7;14.6;12;0;0;0.15;2.6;2.7;0;569;185;99;60;96646;3.21;0.26;0.36;0.38
1997;8;20;232;22.5;18.2;13.9;16.5;15.1;12.6;0.2;0.3;0.15;2.6;2.7;0;473;158;75;56;96758;2.48;2.47;0.36;0.38
1997;8;21;233;23.6;18.9;13.5;16.5;15.2;12.6;0;0.7;0.15;2.6;2.7;0;624;192;96;65;96906;3.15;0.48;0.36;0.38
1997;8;22;234;25;19.5;13.1;16.4;13.3;11.6;0.4;1.3;0.15;2.6;2.7;0;612;200;106;76;96935;3.4;0;0.35;0.38
1997;8;23;235;24.8;19.6;13.8;15.2;13.4;11.8;0.4;1.1;0.15;2.5;2.7;0;588;192;104;75;96659;3.21;0.13;0.35;0.38
1997;8;24;236;24.2;19.8;14.1;16.1;14.5;13;0;0.2;0.15;2.5;2.7;0;618;200;107;72;96499;3.11;0.14;0.35;0.38
1997;8;25;237;24.4;19.7;14.9;16.2;14.4;13.2;0.4;1.3;0.15;2.5;2.7;0;605;180;99;68;96172;2.91;0.11;0.34;0.38
1997;8;26;238;24.5;19.7;13.9;16.8;14.7;12.6;0.3;-0.1;0.15;2.5;2.7;0;585;198;98;69;95828;3.01;0.4;0.34;0.38
1997;8;27;239;24.8;20.1;14.8;16.6;14.9;13.8;0.8;-0.5;0.15;2.5;2.7;0;533;177;94;65;95666;2.83;0.05;0.34;0.38
1997;8;28;240;26;20.8;14.4;18.1;15.6;13;1;2;0.15;2.5;2.7;0;582;182;87;60;95247;3.03;0.06;0.34;0.38
1997;8;29;241;17.5;13.7;11.5;11.5;9.5;8.6;2.9;-2.6;0.15;2.5;2.7;0;220;45;66;29;95702;2.74;11.15;0.34;0.38
1997;8;30;242;18.3;15.4;12;9;8;7;3.4;-3.3;0.15;2.5;2.7;0;536;157;84;55;96190;3.19;0.68;0.34;0.38
1997;8;31;243;21.2;17.8;14.8;13.5;11.6;7.8;2.2;-3.7;0.15;2.5;2.7;0;570;180;93;70;96519;2.88;0;0.34;0.38
1997;9;1;244;22.9;18.2;13.7;14.4;13.1;12.3;0.7;-1.7;0.15;2.5;2.7;0;613;198;111;79;96692;2.91;0;0.34;0.38
1997;9;2;245;25;19;12.5;16.5;14.2;11.2;0.4;1.1;0.15;2.5;2.7;0;614;194;104;73;96561;2.85;0;0.33;0.38
1997;9;3;246;24.1;19.6;14.7;16.7;15.2;13.3;0.1;0.9;0.15;2.5;2.7;0;484;155;83;57;96670;2.41;0.25;0.33;0.38
1997;9;4;247;25;20.4;16;17.2;15.2;14.1;0.7;1.8;0.15;2.5;2.7;0;547;165;92;59;96691;2.65;0.32;0.33;0.38
1997;9;5;248;23.8;19.3;15.6;17.7;16.5;14.5;0.4;0.6;0.15;2.5;2.7;0;560;152;89;52;96788;2.58;6.8;0.33;0.38
1997;9;6;249;26.2;20.2;16.6;18.5;17.2;15.7;0.8;1.1;0.15;2.5;2.7;0;583;171;95;55;96760;2.83;12.66;0.33;0.38
1997;9;7;250;20.4;17.8;15.3;17.1;15.6;10.5;0.6;-1;0.15;2.5;2.7;0;287;84;51;32;96952;2.18;14.93;0.34;0.38
1997;9;8;251;21.2;16.6;11.6;12.9;10.3;8.6;1.3;-0.6;0.15;2.5;2.7;0;549;146;96;68;96998;2.57;0.01;0.35;0.38
1997;9;9;252;21;16.7;11.5;12.7;10.3;6.9;2.3;-1.5;0.15;2.5;2.7;0;423;148;98;68;96274;2.56;0;0.35;0.38
1997;9;10;253;14.7;12.5;9.1;6.4;4.2;2.6;2.3;-3.4;0.15;2.5;2.7;0;388;125;91;69;96554;2.3;0.02;0.34;0.38
1997;9;11;254;18.6;13.1;6.5;9.9;7.1;3.8;0.5;1.4;0.15;2.5;2.7;0;588;183;118;87;96652;2.48;0;0.34;0.38
1997;9;12;255;22.9;17.2;10.4;16;12.5;7.4;0.1;2.2;0.15;2.5;2.7;0;589;181;111;81;96074;2.56;0;0.34;0.37
1997;9;13;256;22.6;17.7;12.4;17.2;14.3;10.2;0.9;-0.2;0.15;2.5;2.7;0;433;119;74;48;95888;2.92;30.52;0.34;0.37
1997;9;14;257;14.8;12.1;9.8;9.5;6.8;4.4;0.6;-2.5;0.15;2.5;2.7;0;227;73;83;43;96951;2.21;2.86;0.36;0.37
1997;9;15;258;15.4;11.3;7.4;6.7;5.2;3.5;0.5;-1.9;0.15;2.5;2.7;0;573;179;122;89;97414;2.37;0;0.36;0.37
1997;9;16;259;17.2;11.9;6.1;8.1;6.5;4.1;0.2;2;0.15;2.4;2.7;0;586;179;120;90;97418;2.35;0;0.36;0.37
1997;9;17;260;19.4;13.8;9.2;11.8;9.4;5.8;0.5;2.5;0.15;2.4;2.7;0;569;173;116;88;97207;2.25;0;0.36;0.37
1997;9;18;261;20.4;14.5;8.3;13.1;11;7.4;0.5;1.2;0.14;2.4;2.7;0;558;168;114;81;97089;2.09;0;0.35;0.37
1997;9;19;262;21.3;15.5;9.6;13.2;11.2;8.5;0.8;-1.3;0.14;2.4;2.7;0;452;131;85;56;96793;2.14;1.09;0.35;0.37
1997;9;20;263;13.4;10.4;7.4;7.8;4.5;2.2;0.3;-2.9;0.14;2.3;2.7;0;571;169;125;81;97252;2.45;0.49;0.35;0.37
1997;9;21;264;14.1;9.6;5.1;6;3.9;1.3;-0.2;0.2;0.14;2.3;2.7;0;558;162;119;85;97259;1.86;0;0.35;0.37
1997;9;22;265;15.4;10.5;4.9;8.5;6.6;3.9;0.1;0.4;0.14;2.3;2.7;0;450;115;92;63;97193;1.34;0.01;0.35;0.37
1997;9;23;266;17.6;11.5;5.3;9.4;7.4;4.4;0.7;0.8;0.14;2.3;2.7;0;555;164;122;84;96948;1.89;0;0.34;0.37
1997;9;24;267;14.4;11.1;7.8;8.3;6.3;4.6;0.8;-3;0.14;2.2;2.7;0;380;114;76;61;96977;1.48;0.01;0.34;0.37
1997;9;25;268;15.7;11.6;7.4;7.6;6.2;4.4;0.7;-2.1;0.14;2.2;2.7;0;517;130;96;60;97317;1.63;0;0.34;0.37
1997;9;26;269;16.6;12.6;9.2;8.8;7.4;6.2;1.1;-1.7;0.14;2.2;2.7;0;433;109;83;57;96996;1.52;0;0.34;0.37
1997;9;27;270;16.2;12;8.5;9.2;7.3;5.9;1.1;-2.4;0.14;2.1;2.7;0;414;123;101;69;96318;1.51;0.02;0.34;0.37
1997;9;28;271;14.8;11;6.1;8.3;6.9;5.2;0;-0.5;0.14;2.1;2.6;0;338;94;79;51;96492;1.06;0.01;0.34;0.37
1997;9;29;272;17.5;11.8;7.1;10.3;7.7;5.1;0.1;0.7;0.14;2.1;2.6;0;504;142;117;72;96832;1.47;0;0.34;0.37
1997;9;30;273;17.8;14;9;11.1;9.7;7.3;1.7;-1.2;0.14;2.1;2.6;0;200;51;52;28;96667;0.83;0.35;0.33;0.37
1997;10;1;274;14.8;13;11.3;11.1;9.5;7.4;1.1;-0.8;0.14;2;2.6;0;299;55;39;21;96279;1.38;8.25;0.34;0.37
1997;10;2;275;18.4;14.3;10.4;12.8;10.2;4.5;2.5;-1.3;0.14;2;2.6;0;317;79;72;44;95404;1.87;2.07;0.34;0.37
1997;10;3;276;11.8;9.6;7;4;1.9;1.1;2.4;-3.4;0.14;2;2.6;0;405;106;89;67;96283;1.56;0;0.34;0.37
1997;10;4;277;15.8;9.8;4.3;7.6;4.4;1.4;1.1;0.1;0.14;2;2.6;0;491;129;109;74;96722;1.43;0;0.34;0.37
1997;10;5;278;20.6;12.6;5.7;12.2;8.1;4.5;1;0.3;0.14;1.9;2.6;0;500;140;119;76;96403;1.55;0;0.34;0.37
1997;10;6;279;19.4;13.3;6.7;12.3;9.5;5.1;0.4;1.5;0.14;1.9;2.6;0;498;140;115;80;96125;1.38;0;0.33;0.37
1997;10;7;280;22.4;15;9.6;14.1;11.7;8.6;1.4;1.4;0.14;1.9;2.6;0;443;117;89;65;95702;1.36;0;0.33;0.37
1997;10;8;281;19.6;15.3;10.9;14;12.4;10.2;1.1;0.5;0.14;1.9;2.6;0;253;68;75;47;96277;0.8;0.14;0.33;0.37
1997;10;9;282;21.9;16.6;11.9;14.6;13.1;11.1;1.2;1.5;0.14;1.8;2.6;0;342;99;89;58;96166;1.19;0.06;0.33;0.37
1997;10;10;283;20.2;15.7;11.1;15.4;13.2;9.9;1;0.8;0.14;1.8;2.6;0;279;66;61;42;95481;1.01;4.78;0.33;0.37
1997;10;11;284;14.8;12.1;9.2;6.3;4;1.6;1.9;-0.8;0.14;1.8;2.6;0;366;92;106;65;95252;1.49;0.19;0.33;0.37
1997;10;12;285;14.2;10;6.9;9.7;7.2;3.6;0.5;-1.1;0.14;1.8;2.6;0;303;73;80;45;94462;1.55;4.67;0.33;0.37
1997;10;13;286;10.2;7.3;2.9;3.8;2.1;0.3;2;-2.7;0.14;1.7;2.6;0;408;105;89;78;95498;1.15;0.07;0.33;0.37
1997;10;14;287;8.5;5.3;1.9;2.4;0.8;-0.1;2;-2.5;0.14;1.7;2.6;0;326;89;86;67;95847;0.85;0;0.33;0.37
1997;10;15;288;9.1;5.9;3.3;3.4;1;-1;1.7;-1.9;0.14;1.7;2.6;0;439;112;104;68;95916;1.1;1.12;0.33;0.37
1997;10;16;289;6.3;4.9;2.8;4.3;3.1;1.1;0.2;-0.5;0.14;1.7;2.6;0;93;25;57;27;96198;0.69;2.74;0.33;0.37
1997;10;17;290;7.1;4.6;2.4;1.5;1;0.2;-0.3;1.3;0.13;1.7;2.6;0;241;58;66;42;97003;0.67;0.01;0.33;0.37
1997;10;18;291;9.9;5.9;2.4;4.1;2.5;0.1;-0.1;2.6;0.13;1.6;2.6;0;334;87;78;60;97412;0.69;0;0.33;0.37
1997;10;19;292;11.8;7.1;3.8;5;3.3;2.1;0.2;2.7;0.13;1.6;2.6;0;402;99;102;69;96958;0.82;0;0.33;0.37
1997;10;20;293;13.5;7.3;2.2;7;4.6;1.4;0.5;0.6;0.13;1.6;2.6;0;426;108;110;72;96132;0.83;0;0.33;0.37
1997;10;21;294;7.3;5;1.6;6.4;1.2;-4;0.5;-3.1;0.13;1.6;2.6;0;137;28;59;28;96315;0.59;0.57;0.33;0.37
1997;10;22;295;7.4;3.1;-0.8;1.3;-0.9;-3.9;0.6;1.4;0.13;1.6;2.6;0;359;93;95;74;96233;0.59;0;0.33;0.37
1997;10;23;296;10.8;4.3;-1.1;4.5;1.7;-1.8;0.7;0.8;0.13;1.6;2.6;0;424;107;118;82;95938;0.66;0;0.33;0.37
1997;10;24;297;7.1;3.1;-0.4;-0.1;-2.4;-6.7;1.4;-3.1;0.13;1.6;2.6;0;373;87;94;74;96215;0.77;0.04;0.33;0.37
1997;10;25;298;7.2;3.1;-1.5;-2.1;-3.8;-5.8;2.5;-0.8;0.13;1.6;2.6;0;377;88;99;73;96701;0.75;0.02;0.33;0.37
1997;10;26;299;4.1;1.7;0;1.5;-1;-2.1;0.4;-0.9;0.15;1.6;2.6;1.51;123;31;70;27;96851;0.61;5.02;0.33;0.37
1997;10;27;300;1;-0.5;-3.3;0;-5;-9;0.3;-2.3;0.22;1.6;2.6;5.12;147;37;92;43;97143;0.7;3.7;0.33;0.37
1997;10;28;301;1.7;-1.8;-4.9;-5;-7.4;-8.6;0.1;-2.5;0.22;1.5;2.6;5.76;305;78;106;71;97860;0.62;0.1;0.33;0.37
1997;10;29;302;2;-1.6;-4;-4.2;-6.2;-8.1;0.2;-0.6;0.21;1.5;2.6;5.37;367;91;116;77;98231;0.46;0;0.33;0.37
1997;10;30;303;3.3;-0.7;-4.1;-4.4;-5.8;-7.1;-0.1;0.5;0.2;1.5;2.6;4.73;372;91;116;69;98038;0.42;0;0.33;0.37
1997;10;31;304;5.2;0.8;-2;-1.6;-3.8;-5.8;-0.4;1.2;0.19;1.5;2.6;4.06;355;84;101;64;97689;0.45;0;0.33;0.37
1997;11;1;305;6.1;1.6;-1.6;0.1;-1.8;-4.1;-0.2;2.3;0.18;1.5;2.6;3.32;350;87;91;63;97122;0.46;0;0.33;0.37
1997;11;2;306;8.3;2.2;-2;3.2;-0.1;-3.1;0.6;0.3;0.16;1.5;2.6;2.42;359;88;102;65;96501;0.39;0;0.33;0.37
1997;11;3;307;10.1;3.6;-2.2;3.6;0.2;-3.4;0.4;-1.2;0.15;1.5;2.6;1.62;359;87;111;66;96343;0.54;0.02;0.33;0.37
1997;11;4;308;3.8;0.8;-2.6;-2.8;-3.8;-5.9;-0.5;1.9;0.14;1.5;2.6;1.19;315;81;92;78;96797;0.46;0;0.33;0.37
1997;11;5;309;8;4.1;-0.6;4.9;1.2;-2.8;0;3.9;0.14;1.5;2.6;0.89;326;77;86;63;96108;0.39;0;0.33;0.37
1997;11;6;310;15.9;12;7;11.2;9.1;5.1;1.6;5.9;0.12;1.4;2.6;0.18;294;67;72;49;95113;0.51;0;0.33;0.37
1997;11;7;311;17.6;14.5;12.9;12.6;11.5;10.2;0.9;5.1;0.12;1.4;2.6;0;189;40;62;45;95056;0.46;0.15;0.33;0.37
1997;11;8;312;15.9;12.6;9.2;12.6;10.8;7.6;0.4;2.6;0.12;1.4;2.6;0;177;37;52;31;94966;0.93;3.4;0.33;0.37
1997;11;9;313;12;9.9;7.8;8.5;7.1;5.8;1;2.8;0.12;1.4;2.6;0;283;54;73;44;95308;0.66;2.86;0.33;0.37
1997;11;10;314;12.2;8.6;5.5;7.3;6.2;5;0.3;1.3;0.12;1.4;2.6;0;296;68;96;54;95494;0.59;0.77;0.33;0.37
1997;11;11;315;12;7.5;4.5;5.4;4.6;3.6;0.9;2.2;0.12;1.4;2.6;0;307;69;99;73;95360;0.53;0;0.33;0.37
1997;11;12;316;13.7;10.6;7.2;9.7;8;5.3;0;4.6;0.12;1.4;2.6;0;289;62;73;57;95186;0.58;0.64;0.33;0.37
1997;11;13;317;10.8;6.3;4.1;9.1;4.8;3;1.2;-3;0.12;1.4;2.6;0.05;49;9;33;11;95172;1.49;24.47;0.34;0.37
1997;11;14;318;5.2;4.2;3.5;3.2;2.2;0.4;2.8;-4.6;0.12;1.4;2.6;0.5;130;26;63;25;95510;1.54;10.59;0.36;0.37
1997;11;15;319;6.8;3.7;0.6;1;-0.2;-1.1;1.6;-2.6;0.12;1.3;2.6;0.39;210;55;86;60;96508;0.5;0.01;0.36;0.37
1997;11;16;320;2.9;1.9;0.6;1.9;0.8;-1.3;0.7;-0.9;0.13;1.3;2.6;0.98;39;9;58;15;96354;0.38;12;0.37;0.37
1997;11;17;321;4.5;2.8;0.9;1.7;1;-0.3;1.1;-3.4;0.13;1.4;2.6;1.16;170;35;59;28;96546;0.76;1.55;0.37;0.37
1997;11;18;322;2.3;0.4;-3.3;1;-3.1;-6.7;0.2;-3.7;0.13;1.4;2.6;1.27;140;28;65;37;96050;0.69;1.62;0.37;0.37
1997;11;19;323;-0.4;-2.7;-4.7;-6.7;-7.3;-8.3;0.2;-0.5;0.14;1.4;2.6;1.8;303;68;109;77;95997;0.33;0.04;0.37;0.37
1997;11;20;324;0.8;-2.1;-3.4;-5.7;-6.5;-7.7;0.3;2.9;0.14;1.4;2.6;1.78;265;62;103;79;95641;0.28;0;0.37;0.37
1997;11;21;325;3.2;-0.2;-3.2;-1.1;-3.4;-6.3;0.5;0.4;0.14;1.4;2.6;1.68;155;31;51;30;95792;0.12;0.06;0.37;0.37
1997;11;22;326;5.3;1;-2;2.7;0;-2.7;-0.1;0.2;0.13;1.4;2.6;1.41;236;53;75;43;96151;0.16;0.09;0.37;0.37
1997;11;23;327;1.5;0.1;-1.2;0.3;-0.4;-1.3;0;-1.2;0.16;1.4;2.6;2.9;82;16;19;10;96629;0.1;9.25;0.37;0.37
1997;11;24;328;2.8;0.8;-0.5;0.3;-0.1;-0.6;0.1;-0.9;0.38;1.4;2.6;15.7;178;34;64;21;96587;0.12;9.21;0.37;0.37
1997;11;25;329;2.2;1.1;0;1.4;0.7;-0.1;-0.4;2.4;0.36;1.4;2.6;14.78;68;12;8;4;96077;-0.03;0.01;0.38;0.37
1997;11;26;330;5.6;3.1;1.4;3.2;2.2;1.1;-0.2;0.4;0.29;1.4;2.6;10.75;125;26;32;13;95990;0.06;0.01;0.38;0.37
1997;11;27;331;4.8;3.2;1.6;2.7;2.1;1.1;-0.2;0.1;0.24;1.4;2.6;7.86;107;23;30;8;96448;0.11;0.13;0.38;0.37
1997;11;28;332;6.5;3.9;1.4;3.4;2.8;1.3;-0.1;1;0.2;1.4;2.6;5.43;133;29;42;21;96269;0.16;0.06;0.38;0.37
1997;11;29;333;7.2;4.1;2;4;2.9;1.2;0.1;0.6;0.17;1.4;2.6;3.9;179;35;57;21;95886;0.2;0.44;0.38;0.37
1997;11;30;334;5.3;4.3;3.1;5.1;4.1;3;0;-1;0.15;1.4;2.6;2.64;44;9;6;0;95492;0.14;4.5;0.39;0.37
1997;12;1;335;4.5;3.7;3.1;3.2;2.7;2.2;1.4;-2.8;0.14;1.4;2.6;1.61;47;8;7;3;95497;0.73;12.97;0.39;0.37
1997;12;2;336;5.5;4.4;3.5;4.3;3.4;2.6;-0.2;-1;0.13;1.4;2.6;0.94;117;24;44;13;95003;0.35;0.48;0.4;0.37
1997;12;3;337;5;3.6;0.8;4.6;3.1;-1.1;-0.4;-2;0.12;1.4;2.6;0.86;44;8;13;5;94523;0.56;9.35;0.4;0.37
1997;12;4;338;3.2;1.2;-0.3;-1.3;-2.3;-3.5;2.5;-4.3;0.15;1.4;2.6;2.76;226;48;83;61;95502;0.59;0.45;0.41;0.37
1997;12;5;339;1.7;-0.5;-1.9;-3.8;-4.7;-5.3;1.3;-2.4;0.15;1.4;2.6;2.71;225;50;86;76;96522;0.34;0.01;0.4;0.37
1997;12;6;340;2.3;-0.7;-2.3;-3.3;-4.1;-5.1;0.9;-1.9;0.15;1.4;2.6;2.67;238;47;88;63;96857;0.28;0;0.4;0.37
1997;12;7;341;2.4;-0.5;-2.8;-1.3;-3.2;-5.4;0.7;0.9;0.16;1.4;2.6;3.12;195;31;71;33;96623;0.09;2.13;0.4;0.37
1997;12;8;342;4.8;1.3;-1.5;-0.3;-1.5;-2.5;0.4;2;0.18;1.4;2.6;4.19;226;47;83;40;96205;0.32;0;0.4;0.37
1997;12;9;343;3;1.7;0.9;1.6;0.4;-1.7;0.2;1.1;0.17;1.4;2.6;3.69;72;15;26;11;96220;0.19;4.69;0.4;0.37
1997;12;10;344;7.7;3.3;0.5;4.5;2.2;0.1;0.8;1.8;0.16;1.4;2.6;2.9;241;49;94;44;96284;0.26;0.17;0.4;0.37
1997;12;11;345;8.3;5;2;4.6;2.9;0.4;1.2;1.5;0.14;1.4;2.6;1.81;182;28;53;23;95707;0.24;0.94;0.4;0.37
1997;12;12;346;8.4;5.6;2.8;5.7;2.8;0.6;2.2;-0.2;0.13;1.4;2.6;0.88;110;20;85;39;95238;0.46;3.13;0.4;0.37
1997;12;13;347;5.3;3.4;2;2.3;0.3;-1.3;2.6;-3.7;0.12;1.4;2.6;0.59;226;46;79;54;96115;0.89;1.84;0.4;0.37
1997;12;14;348;4.4;1.8;-0.8;-1.2;-1.8;-2.6;1.9;-2.3;0.12;1.4;2.6;0.73;223;41;84;63;96561;0.46;0.38;0.4;0.37
1997;12;15;349;-0.1;-3.4;-6.6;-1.1;-7.4;-13.3;0.6;-4;0.13;1.4;2.6;1.25;160;32;58;36;96848;0.32;1.07;0.4;0.37
1997;12;16;350;-3.7;-5.2;-6.6;-7.3;-10.4;-13.5;-0.6;-1.3;0.15;1.4;2.6;2.47;145;28;70;28;97546;0.14;1.64;0.4;0.38
1997;12;17;351;-5.3;-6.9;-8.1;-7.5;-11;-13.1;-1.1;4.1;0.17;1.4;2.6;3.56;160;34;56;35;97530;0.11;0.51;0.4;0.38
1997;12;18;352;-3.5;-6.1;-8.2;-5.7;-9.5;-11.7;-0.5;4.4;0.17;1.4;2.6;3.7;85;19;27;14;96743;0.06;0.04;0.4;0.38
1997;12;19;353;4.3;0.8;-3;2.2;-0.5;-4.8;0.7;3.5;0.17;1.4;2.6;3.42;135;28;57;21;95719;-0.11;0.01;0.39;0.38
1997;12;20;354;2.7;1.6;0.6;2.4;1.5;0.3;-0.1;1.5;0.15;1.3;2.6;2.73;66;13;27;5;95231;-0.07;4.37;0.39;0.38
1997;12;21;355;3.8;1.1;-2.3;3.2;0.8;-2.9;0.3;0.3;0.15;1.3;2.6;2.19;132;26;42;16;95380;0.01;0.02;0.4;0.38
1997;12;22;356;4.6;1.8;0.4;2;0.8;-0.8;1;-1;0.14;1.3;2.6;1.77;118;22;44;17;95869;0.18;0.16;0.4;0.38
1997;12;23;357;5.3;1.8;-1.8;1.9;0;-2.5;0.9;-1.1;0.13;1.3;2.6;1.46;193;40;81;42;96578;0.21;0.01;0.4;0.38
1997;12;24;358;5.5;1.7;-1.9;2.4;0.3;-2.8;1;1;0.13;1.3;2.6;1.2;159;29;48;24;97197;0.07;0.12;0.4;0.38
1997;12;25;359;9.4;3.5;0.5;6.7;2;-0.9;1.5;1.3;0.12;1.3;2.6;0.87;234;37;93;50;96606;0.04;0.37;0.39;0.38
1997;12;26;360;4.9;3.1;0.6;3.7;1.9;-0.6;1.1;1.2;0.12;1.3;2.6;0.63;39;9;40;16;95768;0.1;5.81;0.39;0.38
1997;12;27;361;6;3.3;1.7;3;1.1;-1.1;1.4;-0.3;0.12;1.3;2.6;0.46;135;27;70;40;95521;0.26;0.58;0.4;0.38
1997;12;28;362;3.8;2.3;1.2;-0.1;-0.7;-1.1;1.2;-2.9;0.12;1.3;2.6;0.38;155;32;60;47;95677;0.22;0;0.4;0.38
1997;12;29;363;4.5;1.4;-1.2;-1.1;-2.5;-4.1;1.7;-1.9;0.12;1.3;2.6;0.36;237;49;90;64;95793;0.31;0;0.4;0.38
1997;12;30;364;4.4;0.1;-2.1;-1.1;-2.6;-3.6;0.6;0.8;0.11;1.3;2.6;0.33;237;50;95;62;96277;0.17;0;0.4;0.38
1997;12;31;365;4.5;0.1;-2.7;0.2;-2.2;-5.1;0.1;0.4;0.11;1.3;2.6;0.28;260;55;106;65;96266;0.07;0;0.39;0.38
1998;1;1;1;3.3;0.1;-1.7;1.1;-0.7;-2.1;0;0.5;0.11;1.3;2.6;0.27;198;38;75;33;96451;0.07;0.05;0.39;0.38
1998;1;2;2;5.8;1;-1.6;2.5;-0.4;-2.3;1.2;1;0.11;1.3;2.6;0.22;194;42;65;46;95378;0.06;0;0.39;0.38
1998;1;3;3;5.3;3.1;-0.2;4.5;1.9;-1.4;1.2;1.8;0.11;1.3;2.6;0.19;112;24;74;25;95647;0.1;0.8;0.39;0.38
1998;1;4;4;7.9;4.9;2.7;3.7;1.9;-1.8;1.4;1.9;0.11;1.2;2.6;0.11;266;54;108;60;95784;0.66;2.52;0.39;0.38
1998;1;5;5;7.8;3.3;1.3;2.5;0.6;-0.5;1.3;1.8;0.11;1.2;2.6;0.04;273;51;112;68;95791;0.25;0.2;0.39;0.38
1998;1;6;6;7.1;3.7;0.7;2.5;-1.7;-5.1;2.8;0.2;0.11;1.2;2.6;0.04;265;57;114;73;95721;0.65;0.17;0.39;0.38
1998;1;7;7;9;3.2;-1.4;2.3;-0.4;-4.4;1.3;1.3;0.11;1.2;2.5;0.04;245;44;92;47;96628;0.3;0.25;0.39;0.38
1998;1;8;8;10.9;3.7;-0.5;5.1;1.2;-1.6;1.5;0.7;0.11;1.2;2.5;0.02;252;56;103;65;97187;0.18;0;0.39;0.38
1998;1;9;9;10.8;5.9;1.6;2.4;0.6;-2.3;2.5;-1;0.11;1.2;2.5;0;192;35;78;50;97352;0.33;0;0.39;0.38
1998;1;10;10;11;5.7;0.4;5;2.3;-0.8;1.5;-0.7;0.11;1.2;2.5;0;261;55;100;68;97673;0.28;0;0.39;0.38
1998;1;11;11;8.9;2.4;-2;3;-0.1;-3.1;0.9;1.5;0.11;1.2;2.5;0;287;63;113;75;97356;0.26;0;0.39;0.38
1998;1;12;12;4.6;0.7;-1.7;1.5;-0.9;-3.5;-0.1;0;0.11;1.2;2.5;0;219;48;71;41;97004;0.16;0.01;0.38;0.38
1998;1;13;13;2.5;-0.2;-2.1;0.1;-1.3;-2.8;-0.2;0.4;0.11;1.2;2.5;0.02;204;40;75;35;96243;0.15;0.09;0.38;0.38
1998;1;14;14;4.2;-0.3;-3.1;0.7;-1.8;-4;0.2;0;0.11;1.2;2.5;0.03;247;50;82;45;96200;0.14;0.01;0.38;0.38
1998;1;15;15;6;1.2;-1.6;2.9;-0.2;-2.8;0.9;0.5;0.11;1.2;2.5;0.03;240;52;87;49;96887;0.08;0;0.38;0.38
1998;1;16;16;5.8;2;-1.2;4;1.1;-1.9;1;1.3;0.11;1.2;2.5;0.01;185;35;51;35;96158;0.08;0;0.38;0.38
1998;1;17;17;6.3;2.4;-0.7;3;-0.3;-3;1.9;-2;0.11;1.2;2.5;0;237;48;88;50;96430;0.46;0.7;0.38;0.38
1998;1;18;18;5.7;0.7;-3.3;-3.3;-4.4;-5.6;0.8;2.7;0.11;1.2;2.5;0;307;69;114;86;96468;0.36;0;0.38;0.38
1998;1;19;19;3.7;1.7;-0.1;1.9;-1.2;-5.3;1.2;2.8;0.11;1.2;2.5;0.14;70;16;79;35;94853;0.23;2.38;0.38;0.38
1998;1;20;20;2.5;1.4;0.2;-0.3;-2.9;-6.5;2;-4.8;0.11;1.2;2.5;0.3;128;30;46;35;95216;0.53;0.46;0.38;0.38
1998;1;21;21;1.3;0.4;-0.6;-2.7;-3.1;-4.5;2.4;-6.9;0.14;1.2;2.5;2.67;168;30;42;24;96400;0.4;8.27;0.38;0.38
1998;1;22;22;0.2;-0.7;-1.5;-1.7;-2.5;-3.1;1.8;-4.5;0.29;1.1;2.5;12.01;115;21;39;18;96774;0.37;8.17;0.38;0.38
1998;1;23;23;0.4;-1.8;-5.1;-2.9;-3.8;-6.6;1.1;-2.6;0.37;1.1;2.5;17.12;189;36;88;43;96931;0.31;1.02;0.38;0.38
1998;1;24;24;0.5;-3.3;-6.8;-3.3;-5.4;-8;0.1;-1.1;0.36;1.1;2.5;16.85;218;44;88;39;96570;0.28;0.15;0.38;0.38
1998;1;25;25;-1.4;-4.4;-8.5;-4.5;-6.4;-10.5;0.5;-1.6;0.35;1.1;2.5;16.51;184;44;82;51;97048;0.32;0.02;0.38;0.38
1998;1;26;26;-1.6;-4.9;-8.5;-6.2;-8.2;-11.4;0.2;-0.9;0.35;1.1;2.5;16.16;203;46;72;43;97441;0.3;0;0.38;0.38
1998;1;27;27;-1;-4.8;-8.6;-6.8;-7.9;-9.8;0.3;1.9;0.34;1.1;2.5;15.85;241;56;106;65;96963;0.27;0;0.38;0.38
1998;1;28;28;0.4;-4.7;-10.8;-4.9;-8.8;-12.7;0.7;0.7;0.32;1.1;2.5;15.14;262;61;119;64;96288;0.23;0.13;0.38;0.38
1998;1;29;29;-0.4;-3.1;-5.6;-5.6;-6.6;-8;1.2;-1.5;0.33;1.1;2.5;15.39;204;45;83;41;96448;0.34;0.94;0.37;0.38
1998;1;30;30;1.1;-3.6;-7.4;-4.1;-6.7;-9.3;0.6;0.6;0.33;1.1;2.5;15.01;229;49;82;47;96328;0.23;0;0.37;0.38
1998;1;31;31;1.3;-4.8;-9.1;-3.9;-9.1;-14.3;1.1;-2;0.31;1.1;2.5;14.39;211;44;89;50;96163;0.41;0.56;0.37;0.38
1998;2;1;32;-6.2;-9.3;-11.9;-14.5;-15.4;-16.9;-0.8;0.7;0.31;1.1;2.5;14.12;294;70;122;87;96804;0.39;0;0.37;0.38
1998;2;2;33;-2.3;-6.8;-10.9;-9.1;-12;-15.3;0;2.9;0.3;1.1;2.5;13.7;282;65;95;72;95839;0.45;0;0.37;0.38
1998;2;3;34;2.9;-4.4;-9.1;-4;-9;-12.9;0.9;0;0.29;1.1;2.5;12.7;282;68;111;67;95612;0.21;0;0.37;0.38
1998;2;4;35;0.9;-2.7;-7.2;-6;-8.3;-11.1;-0.2;0.1;0.27;1.1;2.5;11.42;318;76;126;77;96290;0.22;0;0.37;0.38
1998;2;5;36;2.4;-2.2;-5.4;-4.9;-7.8;-10.9;0.3;-0.4;0.25;1.1;2.5;10.25;330;80;127;77;96451;0.19;0;0.38;0.38
1998;2;6;37;4.1;-1.9;-6.3;-2.7;-7.2;-11.9;1.2;-1.8;0.24;1.1;2.5;9.13;292;71;95;60;96870;0.19;0;0.38;0.38
1998;2;7;38;6.3;0.3;-3.5;-1.7;-4.3;-6.6;1;1.7;0.22;1.1;2.5;7.8;340;83;111;73;96877;0.14;0;0.38;0.38
1998;2;8;39;3.8;0.2;-2.9;-4.3;-5.4;-7.2;2.2;-2.5;0.2;1.1;2.5;6.91;283;65;83;61;97276;0.33;0;0.38;0.38
1998;2;9;40;7.4;1.2;-4;-3.3;-5.5;-7.3;1.2;0.9;0.19;1.1;2.5;6.08;351;82;105;57;97648;0.16;0;0.38;0.38
1998;2;10;41;12.4;3.4;-1.7;4.4;-2.4;-7;1.1;0.5;0.17;1.1;2.5;4.58;364;89;113;61;97607;0.22;0.01;0.38;0.38
1998;2;11;42;13.5;4.1;-1.4;6.3;-0.3;-4.1;1.2;0.5;0.15;1.1;2.5;3.02;381;95;112;65;97628;0.32;0;0.38;0.38
1998;2;12;43;13.4;7;-1.4;-0.7;-3;-5.6;2.9;-1.1;0.14;1.1;2.5;1.89;268;62;78;52;97304;0.61;0;0.38;0.38
1998;2;13;44;14.2;11.2;9.6;6.3;3.7;-0.9;3.4;-3;0.13;1.1;2.5;0.69;384;95;94;61;97342;0.88;0;0.38;0.38
1998;2;14;45;12.6;9.9;7.8;6.5;5.6;4.5;2.1;-2;0.12;1.1;2.5;0.13;297;73;76;51;97738;0.53;0;0.38;0.38
1998;2;15;46;14.9;11.1;7.6;5.5;4.2;3.4;3.2;-1.9;0.12;1.1;2.5;0.02;409;101;107;68;97383;1.01;0;0.38;0.38
1998;2;16;47;17.6;11.2;4.9;8.8;5.1;1.7;1.2;0.1;0.12;1.1;2.5;0;406;99;107;60;96630;0.79;0;0.37;0.38
1998;2;17;48;9.8;5.6;0.7;2.9;-0.7;-5.4;2.6;-4.3;0.12;1.1;2.5;0;308;76;98;70;96949;1.09;1.29;0.37;0.38
1998;2;18;49;9.9;3.6;-1.4;1.3;-1.4;-4.9;1;-0.6;0.12;1.1;2.5;0;379;98;97;71;98044;0.6;0;0.37;0.38
1998;2;19;50;15.3;6.9;-0.6;6.2;1.3;-2.9;1.3;0;0.12;1.1;2.5;0;438;113;125;75;97340;0.78;0;0.37;0.38
1998;2;20;51;11.5;7;4.2;3.9;2.9;1.9;0.2;-0.2;0.12;1.1;2.5;0;357;96;107;70;97467;0.65;0;0.37;0.38
1998;2;21;52;13.1;7.6;2.9;4.2;2.7;0.2;0.6;3.4;0.12;1.1;2.5;0;456;119;119;91;96940;0.96;0;0.37;0.38
1998;2;22;53;13.7;7.4;1;3.9;1.8;-0.9;1;1.1;0.12;1.1;2.5;0;390;100;105;81;96499;0.76;0;0.37;0.38
1998;2;23;54;11.4;7.1;2.4;4.5;3.6;1.3;1.4;-2.6;0.12;1.1;2.5;0;399;94;82;55;97123;0.69;0;0.37;0.38
1998;2;24;55;12.1;7.9;5.1;4.9;3.1;0.9;1.9;-2.9;0.12;1.1;2.5;0;466;116;114;60;97530;1.3;1.21;0.37;0.38
1998;2;25;56;8.2;6.8;5.7;5.1;4.5;3.4;1.3;-3.3;0.12;1.1;2.5;0;219;39;40;18;97774;0.82;1.03;0.37;0.38
1998;2;26;57;10.3;6.9;3.6;6.5;5.3;3;0.6;0.1;0.12;1.2;2.5;0;175;38;67;30;97789;0.31;0.51;0.37;0.38
1998;2;27;58;15.2;7.6;0.8;5.7;3.4;0;1.1;1.1;0.12;1.2;2.5;0;473;128;122;79;96880;0.99;0;0.36;0.38
1998;2;28;59;12.9;7.2;1.3;6.2;3.4;0;0.6;0.1;0.12;1.2;2.5;0;476;121;110;60;95835;1.16;2.09;0.36;0.38
1998;3;1;60;5.2;2.8;-1.6;0.9;-2.4;-4.5;1;-0.9;0.13;1.2;2.5;0.6;204;42;97;43;96191;0.91;2.54;0.36;0.38
1998;3;2;61;9.9;3.3;-2.2;-1.8;-3.1;-5.2;1.7;1.5;0.14;1.2;2.5;0.78;458;110;101;70;96661;0.91;0.04;0.36;0.38
1998;3;3;62;13;6.8;0;2.5;-0.2;-2.9;1.4;1.9;0.13;1.2;2.5;0.49;434;119;104;58;96535;1.09;0.37;0.36;0.38
1998;3;4;63;16;10;5.2;6.2;4;1.3;1.6;2.2;0.13;1.2;2.5;0.18;307;76;86;55;95962;0.92;0.05;0.36;0.38
1998;3;5;64;11.8;7.3;3.3;6.4;0.1;-5.8;2.8;-0.9;0.12;1.2;2.5;0.02;369;64;92;54;95760;0.98;0.93;0.36;0.38
1998;3;6;65;11.2;6;1.7;0.5;-3.5;-8.2;2.1;-0.2;0.12;1.2;2.5;0.01;437;120;100;71;96656;1.24;0.6;0.36;0.38
1998;3;7;66;13.9;7.8;3.9;5.4;3.3;0.5;1;1.5;0.12;1.2;2.5;0;311;80;102;45;95908;0.89;0.35;0.36;0.38
1998;3;8;67;11.7;6.4;1;5.2;2.6;-0.9;1.7;-0.1;0.13;1.2;2.5;0;470;105;98;61;95206;1.19;4.99;0.36;0.38
1998;3;9;68;2.5;0.6;-2.3;0.6;-7.1;-14.6;1.7;-4.7;0.13;1.2;2.5;0.33;510;125;124;74;95861;1.16;1.02;0.36;0.38
1998;3;10;69;1.8;-1.4;-3.6;-4.5;-8;-10.5;0.9;-4.1;0.14;1.3;2.5;1;479;129;96;88;96990;0.99;1.78;0.36;0.38
1998;3;11;70;1.1;-2.2;-4.9;-8;-10.5;-13;-0.4;-0.9;0.15;1.3;2.5;1.59;513;147;116;95;96536;0.75;0;0.36;0.38
1998;3;12;71;4.5;-0.7;-4.8;-4.5;-8.5;-11.4;-0.1;1.1;0.15;1.3;2.5;1.46;550;157;133;85;96257;0.53;0.04;0.36;0.38
1998;3;13;72;5;1.1;-1.9;-2.2;-5.5;-9.2;1.8;-1.5;0.14;1.3;2.6;1.34;449;123;114;69;96680;0.92;0.53;0.36;0.38
1998;3;14;73;7.1;3.4;-1.9;0.5;-2.6;-7.3;3.3;-2.3;0.14;1.3;2.6;1.09;389;98;75;43;96290;1.04;1.78;0.36;0.38
1998;3;15;74;5;1.6;-1.3;-1.2;-5.6;-8.1;0.7;-4.2;0.15;1.3;2.6;1.33;386;122;95;68;96625;1.27;0.5;0.36;0.38
1998;3;16;75;5.9;1.3;-2.7;0.5;-5;-8.1;0.3;-3.7;0.15;1.3;2.6;1.81;542;141;97;56;96792;1.03;5.77;0.36;0.38
1998;3;17;76;4.4;2.3;0.3;3.9;2.1;0.2;0.3;-1.8;0.3;1.3;2.6;10.28;73;19;6;2;96741;-0.12;27.14;0.37;0.38
1998;3;18;77;9;5.8;3.1;4.7;3;1.3;1;-3.2;0.22;1.4;2.6;5.53;287;69;60;28;97302;0.85;4.86;0.39;0.38
1998;3;19;78;6.9;4.4;1.3;2.6;-0.6;-5.5;1.7;-3.8;0.17;1.4;2.6;2.31;510;138;110;71;97405;1.49;1.79;0.39;0.38
1998;3;20;79;5.5;1.7;-1.8;-2.4;-4.8;-7.5;2.6;-3.2;0.16;1.4;2.6;1.87;474;140;101;76;96908;1.46;2.62;0.39;0.38
1998;3;21;80;2.6;-0.5;-2.7;-5.4;-6.7;-7.6;1.4;-4;0.17;1.4;2.6;2.63;552;157;107;84;96913;1.3;2.24;0.39;0.38
1998;3;22;81;2;-1.1;-3.4;-4.9;-6.1;-7.8;1;-3.8;0.19;1.4;2.6;4.24;524;153;102;81;97194;1.12;1.58;0.39;0.38
1998;3;23;82;2.5;-1.1;-4.9;-5.3;-7.3;-8.3;-0.5;-0.1;0.2;1.5;2.6;4.47;486;152;111;81;97456;1.05;1.15;0.39;0.38
1998;3;24;83;3.7;-0.5;-4.9;-5.8;-7.9;-9.5;0.3;-2.9;0.19;1.5;2.6;4.22;528;160;118;78;97253;1;0.06;0.39;0.38
1998;3;25;84;2.9;-0.3;-3.5;-6;-7;-7.9;0.1;-4;0.19;1.5;2.6;4.11;440;122;86;67;97429;1.04;0.43;0.39;0.38
1998;3;26;85;4.5;0.5;-3.6;-4.4;-5.8;-7.1;-0.2;-0.5;0.18;1.5;2.6;3.65;522;142;111;72;97128;0.97;0;0.39;0.38
1998;3;27;86;9.2;3.4;-2.6;-2.1;-4.5;-7.1;0.5;2.1;0.17;1.5;2.6;2.68;601;177;125;77;96823;1.28;0;0.38;0.38
1998;3;28;87;11.8;7.2;3.3;6.9;3.2;-3.3;0.5;-0.5;0.16;1.6;2.6;1.54;335;73;52;16;96651;0.68;0.21;0.38;0.38
1998;3;29;88;11;7.6;4.4;5.2;4;1.2;-0.8;0.9;0.15;1.6;2.6;0.64;386;111;83;41;96554;0.95;0.04;0.38;0.38
1998;3;30;89;12.2;7.7;4;1.6;0.7;-0.8;-0.6;2.9;0.14;1.6;2.6;0.26;565;175;116;76;96705;1.68;0;0.38;0.38
1998;3;31;90;15.8;9.2;2.6;5.5;2.1;-1.9;0.4;2.6;0.14;1.6;2.6;0.1;632;198;127;93;96522;1.98;0;0.38;0.38
1998;4;1;91;17.7;10.7;2.4;8.9;5.8;1.3;0.4;0.4;0.14;1.6;2.6;0.02;622;190;122;81;95940;1.89;0;0.38;0.38
1998;4;2;92;15.9;10.8;5.3;10.3;7.5;4.9;1.2;-0.5;0.14;1.7;2.6;0;434;125;75;51;95544;1.63;5.04;0.38;0.38
1998;4;3;93;17.5;11.6;4.4;8;5.5;3.5;0.9;1.9;0.14;1.7;2.6;0;621;185;119;75;95424;2.31;0;0.38;0.38
1998;4;4;94;19;13.6;9.2;8.8;7;5.5;2.5;3.4;0.14;1.7;2.6;0;547;157;105;74;95136;2.02;0;0.38;0.38
1998;4;5;95;15.1;10.7;6.1;8.3;6.7;4.5;-0.1;-0.3;0.14;1.7;2.6;0;440;128;77;49;95605;1.53;1.76;0.37;0.38
1998;4;6;96;10.3;8.1;4.9;7.7;5.7;2.6;1.3;-1.3;0.14;1.7;2.6;0;239;64;64;27;95582;1.28;6.92;0.38;0.38
1998;4;7;97;14.8;8.8;1.6;5.1;2.1;-0.1;1.7;3.5;0.14;1.8;2.6;0;465;146;109;74;95311;1.73;0.03;0.38;0.38
1998;4;8;98;14;9.1;5.8;6.9;4.3;1.5;1;1;0.14;1.8;2.6;0;592;154;105;51;95158;2.06;5.02;0.38;0.38
1998;4;9;99;11.4;7.6;4.2;6.2;3.9;1.9;0.2;1.3;0.15;1.8;2.6;0;450;111;96;53;94998;1.49;1.12;0.38;0.38
1998;4;10;100;14.4;9.1;3.4;4.3;3.5;2.6;0.3;4.4;0.15;1.8;2.6;0;574;170;97;73;94866;1.97;0;0.38;0.38
1998;4;11;101;14.9;10.7;7.6;5.1;1.1;-1.3;1.2;3.3;0.15;1.8;2.6;0;662;216;131;98;94742;2.72;0.04;0.38;0.38
1998;4;12;102;12.1;7.8;4.5;4.4;0.7;-3.2;2;2.7;0.15;1.9;2.6;0.01;631;163;108;62;94441;2.58;3.87;0.37;0.38
1998;4;13;103;10.6;5.7;2.5;3.5;1.1;-1.1;0.8;0;0.15;1.9;2.6;0.09;574;174;106;66;94888;2.19;9.63;0.37;0.38
1998;4;14;104;7.1;4.2;0.5;4.5;2;-1.2;0.7;-1.8;0.16;1.9;2.6;0.76;413;127;100;51;95369;1.85;7.69;0.39;0.38
1998;4;15;105;11.3;6.2;-0.6;2.1;-0.7;-2.1;0.8;4.8;0.16;1.9;2.6;0.49;510;168;89;69;95534;1.9;0;0.39;0.38
1998;4;16;106;7.2;5.9;3.2;5.2;3.2;0;0.6;1.3;0.15;2;2.6;0.2;159;48;68;34;94656;1.1;9.62;0.39;0.38
1998;4;17;107;12.4;7.6;2.8;4.1;3.2;2;1.1;3.4;0.15;2;2.6;0.09;478;154;100;58;94119;1.89;0.05;0.39;0.38
1998;4;18;108;10.9;7.3;2.6;5.6;3.4;1.2;1.5;-2.2;0.15;2;2.6;0.02;419;130;74;53;94280;1.82;2.12;0.39;0.38
1998;4;19;109;11;7.3;4.6;2.7;0.1;-1.2;2.9;-3.6;0.15;2.1;2.7;0;493;143;96;62;95245;1.92;0.11;0.39;0.38
1998;4;20;110;11.6;7.6;3.4;1.6;0.3;-1.2;2.1;-2.8;0.15;2.1;2.7;0;556;168;105;74;96187;2.08;0.05;0.39;0.38
1998;4;21;111;15.4;9.7;1.2;5.3;3;-1.1;1.6;-2.2;0.15;2.1;2.7;0;651;200;115;79;96375;2.45;0.05;0.38;0.38
1998;4;22;112;13.9;9.5;5.5;5.6;4.2;3.2;0.4;-1.6;0.15;2.2;2.7;0;523;170;103;72;96574;2.15;0.37;0.38;0.38
1998;4;23;113;15;10;3.3;7.5;5.3;2.4;-0.3;1.1;0.15;2.2;2.7;0;560;172;91;65;96559;2.15;0.44;0.38;0.38
1998;4;24;114;17.6;12;5.5;11.3;8;4.5;0.6;0.8;0.16;2.2;2.7;0;615;194;106;62;96424;2.56;5.73;0.38;0.38
1998;4;25;115;15.7;12.2;7.5;8.1;6;4.4;1.3;-2.2;0.16;2.3;2.7;0;491;167;86;65;96566;2.65;0.04;0.38;0.38
1998;4;26;116;19.3;13.6;5.8;9.4;7.7;4.4;0;2.5;0.16;2.3;2.7;0;630;208;103;73;96032;2.91;0;0.37;0.38
1998;4;27;117;20.5;15.2;10;9.5;7.6;3.8;-1.1;4.4;0.16;2.3;2.7;0;679;226;107;80;95392;3.43;0;0.37;0.38
1998;4;28;118;16.7;13.3;10.1;9.6;7.3;3.9;-1.7;1.9;0.16;2.4;2.7;0;580;170;92;59;95374;2.68;1.55;0.37;0.38
1998;4;29;119;15;11.9;8.1;10;8.4;6.1;-1.4;2.1;0.16;2.4;2.7;0;461;162;75;54;95528;2.31;1.81;0.37;0.38
1998;4;30;120;17.3;12.1;6.5;8.5;6.2;4.4;-0.3;2.8;0.16;2.4;2.7;0;683;211;115;74;95688;3.01;0;0.37;0.38
1998;5;1;121;15.7;11.9;7.2;8.7;6.2;3.4;0.2;3.6;0.16;2.5;2.7;0;526;189;94;78;95705;2.75;1.65;0.36;0.38
1998;5;2;122;17;11.9;7.7;8.8;7.2;5.6;0.8;1.5;0.16;2.5;2.7;0;487;156;98;67;95509;2.33;1.12;0.36;0.38
1998;5;3;123;17;12.4;6.1;10.7;8.3;5.3;-0.1;0.2;0.16;2.6;2.7;0;557;193;101;68;95555;2.58;1.33;0.36;0.38
1998;5;4;124;14.3;10.5;7.4;10.6;6.2;-0.3;1.4;-4.2;0.16;2.6;2.7;0;375;98;78;47;94887;1.89;2.13;0.36;0.38
1998;5;5;125;12.7;9.4;6.4;1.9;1.1;0.5;2.5;-3.8;0.16;2.6;2.7;0;493;148;81;58;95389;2.5;0.19;0.36;0.38
1998;5;6;126;16.6;11.1;4.8;7.1;4.1;1.5;1.2;0.4;0.16;2.7;2.7;0;525;177;86;63;95944;2.67;0.59;0.36;0.38
1998;5;7;127;17;12.9;6.7;10.7;7.8;5.3;0.2;1.1;0.16;2.7;2.7;0;590;196;110;67;96819;2.89;1.77;0.35;0.38
1998;5;8;128;21.4;15.7;8.8;9.3;7.6;5.7;0.5;2.8;0.16;2.7;2.7;0;711;251;123;91;97359;3.97;0;0.35;0.38
1998;5;9;129;21.6;16.4;10.3;10.3;8.7;7.5;0;2.7;0.16;2.8;2.7;0;701;250;120;91;97324;3.86;0;0.35;0.38
1998;5;10;130;22.9;17.2;9.6;11.2;9.4;7.1;0;1.8;0.16;2.8;2.7;0;711;252;123;89;96993;3.87;0;0.34;0.38
1998;5;11;131;23.6;18.2;11;11.9;9.9;8.5;0;2.2;0.17;2.8;2.8;0;701;242;115;83;96627;3.89;0;0.34;0.38
1998;5;12;132;24.1;18.6;11.9;13.7;10.5;9;0;1.1;0.17;2.9;2.8;0;689;244;120;84;96602;3.85;0.01;0.34;0.38
1998;5;13;133;24.5;17.6;11.9;14.1;11.7;8.2;0.6;-2.4;0.17;2.9;2.8;0;700;208;106;66;96745;3.65;2.97;0.33;0.38
1998;5;14;134;18.7;14.3;10.4;7.3;4.5;2.3;0;-2.8;0.17;2.9;2.8;0;727;242;136;86;96888;3.86;0;0.33;0.38
1998;5;15;135;16.4;12;8.5;6;3.7;2;0.5;-3.9;0.17;3;2.8;0;630;210;95;78;96457;3.1;0.27;0.33;0.38
1998;5;16;136;13;9.5;6.8;7.4;4;1.9;1;-3.7;0.17;3;2.8;0;502;157;85;68;96344;2.66;3.15;0.33;0.38
1998;5;17;137;11.4;8;5.6;7.6;5.4;2.7;0.9;-3;0.17;3;2.8;0;545;146;81;49;96432;2.77;11.44;0.33;0.38
1998;5;18;138;12.7;9.7;7.2;9.6;8;6.3;0.2;-2.8;0.17;3;2.8;0;457;94;57;26;96681;2.42;11.18;0.34;0.38
1998;5;19;139;16.6;12.7;9.7;11.6;9.4;7.7;2;-4.4;0.17;3;2.8;0;384;111;59;36;96439;3.35;7.41;0.35;0.38
1998;5;20;140;18.6;15.2;11.7;9.4;7.9;6.9;1.4;-3.5;0.17;3;2.8;0;603;215;92;75;96324;3.75;0.19;0.35;0.38
1998;5;21;141;18.4;14.3;9.7;12.6;9.7;6.8;1;-0.5;0.17;3;2.8;0;636;203;102;70;96109;3.3;4.29;0.34;0.38
1998;5;22;142;13.4;10.8;7.4;8.7;3.9;0;1.7;-3.1;0.17;3;2.8;0;642;212;102;72;96171;3.49;1.01;0.34;0.37
1998;5;23;143;13.2;9.8;5.6;3.9;1.6;0.2;1.7;-2.2;0.17;3;2.8;0;522;176;96;64;96316;2.82;0.2;0.34;0.37
1998;5;24;144;14.5;10.6;6.7;6.9;5.1;3.3;0.6;2.1;0.17;3;2.8;0;431;144;63;46;96031;2.17;0.43;0.34;0.37
1998;5;25;145;15.1;11.3;7.1;9.9;8.1;6.4;-0.2;1.2;0.17;3;2.8;0;511;148;82;49;95711;2.35;2.14;0.34;0.37
1998;5;26;146;18.6;13.2;4.9;8.8;6.8;4.5;0.7;0.2;0.17;3;2.8;0;592;217;103;76;95596;3.32;0.33;0.34;0.37
1998;5;27;147;21.5;16.1;8.2;10.8;9.2;6.9;0.2;2.3;0.17;3;2.8;0;680;242;112;81;95892;3.95;0.1;0.33;0.37
1998;5;28;148;22.5;17.6;11.5;11;9.8;8.8;-0.1;3.8;0.17;3;2.8;0;720;248;106;86;96001;4.21;0;0.33;0.37
1998;5;29;149;23;18.1;12.6;14;12.1;9.9;-0.4;2.3;0.17;3;2.8;0;666;229;97;70;95945;3.72;2.95;0.33;0.37
1998;5;30;150;22;17.3;12.2;14.9;13;11.6;0;1.5;0.17;3;2.8;0;660;236;104;68;95946;3.95;2.34;0.33;0.37
1998;5;31;151;21.1;16.7;11.2;15.6;13.7;11;0;0.5;0.17;3;2.8;0;629;203;92;58;95956;3.56;8.38;0.33;0.37
1998;6;1;152;20.1;15.8;12.2;12;10.3;9;1.5;0;0.17;3;2.8;0;502;174;86;62;96113;3.33;2.67;0.33;0.37
1998;6;2;153;23;17.2;8.9;13.8;11.8;8.4;0.2;1.1;0.17;3;2.8;0;522;217;99;73;96288;3.51;0.02;0.33;0.37
1998;6;3;154;25.5;19.6;12.2;18.3;14.8;11;0.2;0.4;0.17;3;2.8;0;705;237;106;69;96393;3.86;0.89;0.32;0.37
1998;6;4;155;23.1;19.4;15.1;17;15.9;13.9;0.6;-0.9;0.17;3;2.8;0;538;172;80;55;96666;2.96;3.86;0.32;0.37
1998;6;5;156;26.9;21.3;13.4;17.6;16;12.6;-0.2;1.7;0.17;3;2.8;0;707;252;97;68;96756;4.29;0.03;0.32;0.37
1998;6;6;157;30;23.9;18;19.4;15.5;12.2;0;3.3;0.17;3;2.8;0;713;255;103;75;96411;4.9;0.05;0.32;0.37
1998;6;7;158;30.4;24.4;18;15.9;13;11;0.8;3.4;0.17;3;2.8;0;719;254;112;86;96012;5.1;0.05;0.31;0.37
1998;6;8;159;22.6;18.5;14.2;15.9;13;10.3;2;-2.9;0.17;3;2.8;0;564;181;76;58;96351;3.29;1.42;0.31;0.37
1998;6;9;160;22.6;18.7;13.9;13.7;11.1;9.7;0.9;-2.3;0.17;3;2.8;0;658;210;88;56;96378;3.68;0.23;0.31;0.37
1998;6;10;161;25;20.3;13.4;14.5;13.2;11.6;0.8;2.5;0.17;3;2.8;0;578;235;97;68;95618;3.9;0.03;0.3;0.37
1998;6;11;162;18.7;16;13;15.4;12;9.3;0.6;-0.8;0.17;3;2.8;0;321;87;49;30;95175;2.07;13.79;0.3;0.37
1998;6;12;163;17.1;13.8;10.5;11.6;9.9;7.3;1.6;-1.7;0.17;3;2.8;0;516;162;79;41;95266;3.88;12.53;0.31;0.37
1998;6;13;164;10.4;8;6.8;7.8;5.7;4.7;3.9;-3.8;0.17;3;2.8;0;67;23;12;8;95958;3.8;31.74;0.34;0.37
1998;6;14;165;14.1;10.6;7.5;8.5;7.1;5;1.8;-2.5;0.17;3;2.8;0;319;93;71;29;96093;2.1;1.12;0.35;0.37
1998;6;15;166;19.3;14.1;7.3;12.8;9.7;6.4;1.1;0.4;0.17;3;2.8;0;600;209;100;72;96019;3.26;4.34;0.35;0.37
1998;6;16;167;18.4;14.2;10;11.2;9.4;8;1.4;0.2;0.17;3;2.8;0;571;174;97;57;96409;3.27;3.06;0.35;0.37
1998;6;17;168;16.1;13;8.1;9;7.9;6.4;1.5;-1.2;0.17;3;2.8;0;383;137;81;56;96958;2.58;1.53;0.35;0.37
1998;6;18;169;17.6;13.8;9.9;9.4;7.7;6.3;2.1;-3;0.17;3;2.8;0;565;210;89;75;97038;3.48;0.47;0.35;0.37
1998;6;19;170;18.2;14.7;10.7;11.9;10.4;8.1;1.7;-2.6;0.17;3;2.8;0;646;216;95;68;97002;3.6;2.1;0.34;0.37
1998;6;20;171;22.1;17.7;13.2;16.2;13.1;11.3;1.3;-1.3;0.17;3;2.8;0;556;171;74;47;97070;3.08;0.63;0.34;0.37
1998;6;21;172;26.2;20.6;13.4;17.2;14.4;12.6;0.7;-0.3;0.17;3;2.8;0;655;244;100;71;96888;4.28;0.09;0.34;0.37
1998;6;22;173;28.1;22.1;16;18.5;15;12.3;2.3;-1.2;0.17;3;2.8;0;602;216;88;67;96417;4.22;0.3;0.34;0.37
1998;6;23;174;21.3;18;14.5;13.4;11.2;9.4;1.2;-1.6;0.17;3;2.8;0;542;185;75;61;96592;3.44;0.07;0.33;0.37
1998;6;24;175;19.5;16.8;13.4;15.2;13.3;12;0.5;-0.5;0.16;3;2.8;0;419;132;61;44;96328;2.26;1.49;0.33;0.37
1998;6;25;176;21.6;18;13;17.1;15.3;12.5;0.1;0.4;0.16;2.9;2.8;0;540;182;78;52;96191;3.13;8.6;0.33;0.37
1998;6;26;177;26.1;20.4;14.3;19;16.8;13.6;0.2;0.9;0.16;2.9;2.8;0;676;202;87;59;96277;3.55;2.68;0.34;0.37
1998;6;27;178;24.1;20.8;17.1;19.3;17.7;16.4;0.1;0.6;0.16;2.9;2.8;0;590;199;86;53;96226;3.64;8.59;0.34;0.37
1998;6;28;179;24.8;20.4;16.9;17.6;15.7;14.3;0.9;-1;0.16;2.9;2.8;0;505;162;77;53;96308;3.2;1.77;0.34;0.37
1998;6;29;180;22;18.7;16.5;14.6;13.8;13;0.1;0.2;0.16;2.9;2.8;0;551;148;86;44;96679;3.04;1.93;0.34;0.37
1998;6;30;181;24.6;19.8;15.4;18.1;16.2;13.8;0.5;1;0.16;2.9;2.8;0;585;180;79;51;96133;3.16;2.08;0.34;0.37
1998;7;1;182;24.3;20.1;17.2;17.1;14.8;12.8;0.7;0.3;0.16;2.9;2.8;0;589;175;90;51;95937;3.53;2.75;0.33;0.37
1998;7;2;183;18.3;16.5;14.3;16.4;13.3;10.3;0.4;-2.5;0.16;2.9;2.8;0;291;99;81;38;95825;2.71;10.8;0.34;0.36
1998;7;3;184;17.4;15.3;13.5;15.2;12.8;9.9;0;0.6;0.16;2.9;2.8;0;378;111;55;36;96095;2.47;15.14;0.35;0.36
1998;7;4;185;18.1;15.6;13.4;12.3;9.9;8;2.6;-3.4;0.16;2.9;2.7;0;574;192;79;59;96262;3.67;0.26;0.35;0.36
1998;7;5;186;17.7;14.9;13.5;10.9;9.3;7.6;2.5;-1.5;0.16;2.9;2.7;0;331;101;44;35;96180;2.37;1.34;0.35;0.36
1998;7;6;187;21.8;17.5;12.7;14.8;11.6;9.2;1.6;-0.4;0.16;2.8;2.7;0;537;151;80;46;95880;2.84;0.13;0.35;0.36
1998;7;7;188;20.9;16.8;12.4;16.6;14.2;11.6;0.6;0.2;0.16;2.8;2.7;0;468;131;55;36;95304;2.45;10.79;0.35;0.36
1998;7;8;189;14.7;12.4;9.9;12.5;6.7;4.8;2.9;-3.7;0.16;2.8;2.7;0;528;196;95;63;95377;3.68;0.99;0.35;0.36
1998;7;9;190;16.8;13.4;9.7;10.3;8;5;2.6;-2.9;0.16;2.8;2.7;0;693;209;106;55;95828;3.8;4.16;0.35;0.36
1998;7;10;191;19.3;15.8;12.4;11.8;11.1;10.2;2.4;-1.3;0.16;2.8;2.7;0;529;168;84;50;95998;3.31;1.37;0.35;0.36
1998;7;11;192;20.8;16.9;13;13.5;12.1;10.8;1.8;-0.3;0.16;2.8;2.7;0;475;109;63;38;95994;2.03;0.45;0.35;0.36
1998;7;12;193;19.7;16.5;14.4;14.5;13.1;10.2;1.1;1.5;0.16;2.8;2.7;0;309;89;68;34;96082;1.8;3.06;0.35;0.36
1998;7;13;194;26.5;20.9;12.7;17.9;16;12.5;0.7;2.3;0.16;2.8;2.7;0;721;243;104;65;95812;4.22;0.11;0.35;0.36
1998;7;14;195;19.4;15.4;12.2;14.2;11.7;7.3;1.3;-1.8;0.16;2.8;2.7;0;136;45;53;26;95937;1.95;11.5;0.36;0.36
1998;7;15;196;19.2;15.5;11.7;11.1;8.7;7.3;0.8;-1.8;0.16;2.8;2.7;0;520;180;88;63;96244;3.4;0.2;0.36;0.36
1998;7;16;197;20.8;16.5;10.2;13;9.1;6.8;1;-1.3;0.16;2.8;2.7;0;601;202;98;63;96258;3.54;1.73;0.35;0.36
1998;7;17;198;20.5;16.6;11.4;14.3;11.7;9.9;1.2;-0.8;0.16;2.8;2.7;0;513;162;69;48;96262;3.01;0.61;0.35;0.36
1998;7;18;199;23.7;18.9;12.7;17.8;14.7;12.2;0.9;0.6;0.16;2.8;2.7;0;577;195;94;60;96326;3.25;6.17;0.35;0.36
1998;7;19;200;25.8;20.6;14.6;18.5;16.4;13.7;0.5;0.6;0.16;2.7;2.7;0;653;217;96;64;96500;3.82;0.8;0.35;0.36
1998;7;20;201;29.5;23.6;15.9;19.1;17;14.6;0.5;1.6;0.16;2.7;2.7;0;709;255;111;83;96552;4.57;0;0.35;0.36
1998;7;21;202;29.4;24.5;19.7;18.8;16.4;14.3;-0.2;3.6;0.16;2.7;2.7;0;708;257;106;82;96357;5.08;0;0.34;0.36
1998;7;22;203;28.2;23.7;17.7;20.2;17.2;13.6;-0.1;0.3;0.16;2.7;2.7;0;598;219;88;68;96464;4.01;0.26;0.34;0.36
1998;7;23;204;28.9;24;18.2;20.1;18.4;16.9;0.3;0.4;0.16;2.7;2.7;0;649;215;88;62;96377;3.77;0.17;0.33;0.36
1998;7;24;205;26.5;22.8;19.5;18.7;18;16.8;0.9;-2.2;0.16;2.7;2.7;0;626;202;86;55;96472;3.62;0.45;0.33;0.36
1998;7;25;206;23.4;20.1;17.7;18.3;17.4;16.2;0;-1.6;0.16;2.7;2.7;0;479;150;64;38;96470;2.92;21.09;0.33;0.36
1998;7;26;207;24;20.5;16.8;17.4;15.9;14.8;0.1;-1.1;0.16;2.7;2.7;0;619;181;76;48;96396;3.51;1.65;0.35;0.36
1998;7;27;208;27;22.1;16.5;19.1;17.4;15.4;0.3;2.3;0.16;2.7;2.7;0;552;187;74;48;95925;3.71;7.65;0.34;0.36
1998;7;28;209;21.4;19;16.8;16;14.1;12.3;1.5;-1.7;0.16;2.7;2.7;0;372;121;80;41;95768;2.93;5.42;0.35;0.36
1998;7;29;210;21.1;18.4;15.9;14.5;11.8;10;1.4;-1.3;0.16;2.7;2.7;0;587;187;89;62;95912;3.42;0.22;0.35;0.36
1998;7;30;211;26.3;21.2;15.1;16.3;14.3;12.4;0.6;2.7;0.16;2.7;2.7;0;684;236;102;72;95972;4.31;0;0.35;0.36
1998;7;31;212;23.7;19.8;16.8;17.6;15.9;13.7;0.2;-1.6;0.16;2.7;2.7;0;476;159;70;46;96264;3.05;7.88;0.34;0.36
1998;8;1;213;25.2;20.5;15.7;17.9;16.2;14.3;0.2;0.6;0.16;2.7;2.7;0;555;169;75;49;96411;3.34;9.05;0.35;0.36
1998;8;2;214;30.3;25;20;21.5;20;17.3;0.4;2.7;0.16;2.7;2.7;0;670;232;89;65;96382;4.28;0;0.35;0.36
1998;8;3;215;28.3;24.3;20.2;21.5;20.4;18.4;0.3;-0.9;0.16;2.7;2.7;0;601;199;77;56;96660;3.67;1.39;0.35;0.36
1998;8;4;216;24.9;22.1;19.2;19;18;16.9;0.8;-2.7;0.16;2.6;2.7;0;480;158;56;36;96811;3.35;1.63;0.35;0.36
1998;8;5;217;21.4;19.2;16.9;16.7;14.5;11.5;1;-3.2;0.16;2.6;2.7;0;517;132;79;46;97052;3.12;4.16;0.35;0.36
1998;8;6;218;21.4;17.8;14.3;12.3;10.9;9.4;0.3;-2;0.16;2.6;2.7;0;460;181;102;72;97293;3.23;0;0.34;0.36
1998;8;7;219;25;19.4;11.9;16;13;10.6;0.4;0.4;0.16;2.6;2.7;0;691;241;120;85;97049;3.84;0;0.34;0.36
1998;8;8;220;27.6;21.8;14.3;17.7;14.9;12.9;0.5;0;0.16;2.6;2.7;0;679;237;113;79;96780;4.01;0;0.34;0.36
1998;8;9;221;29.3;23.4;16.2;17.7;15.4;13.4;0.6;-1.3;0.16;2.6;2.7;0;681;229;109;79;96428;4.18;0;0.33;0.36
1998;8;10;222;24;19.9;15.6;14.8;11.1;8.9;-0.1;-1.3;0.16;2.6;2.7;0;624;222;116;83;96882;3.78;0;0.33;0.36
1998;8;11;223;27.6;21.5;14.6;18.1;15.3;12.6;0.3;0.9;0.16;2.6;2.7;0;672;226;102;75;96837;3.63;0;0.33;0.36
1998;8;12;224;31.3;24.5;17.3;18.9;15.9;13.5;1;1.8;0.16;2.6;2.7;0;671;219;112;78;96462;3.96;0.19;0.32;0.36
1998;8;13;225;28.3;23.4;18.3;17.3;15.5;13.1;1.2;0;0.16;2.6;2.7;0;632;209;108;76;96009;3.96;5.73;0.32;0.36
1998;8;14;226;22.6;19.6;17;16.5;14.2;12;0.4;-2.1;0.16;2.6;2.7;0;553;179;86;53;96213;3.39;1.51;0.32;0.36
1998;8;15;227;24.2;20.4;17.3;17.7;15.2;12.8;-0.5;0.6;0.16;2.6;2.7;0;461;125;72;38;96471;2.26;0.48;0.32;0.36
1998;8;16;228;25.3;20.5;15.8;18.1;16.9;15.1;0.7;-0.2;0.16;2.6;2.7;0;531;157;74;53;96691;2.54;1.54;0.32;0.36
1998;8;17;229;27.4;21.8;15.1;17.9;15.9;14.1;0.8;0.1;0.15;2.6;2.7;0;635;199;99;65;96527;3.39;0.36;0.32;0.36
1998;8;18;230;27.3;22.4;16.6;18.7;16.5;14.7;1;0.5;0.15;2.6;2.7;0;621;194;97;64;96265;3.27;2.36;0.31;0.36
1998;8;19;231;23.9;20.4;17.3;16.2;15.3;13.6;1;-2.3;0.15;2.6;2.7;0;609;166;85;50;96359;3.17;1.53;0.31;0.36
1998;8;20;232;24.6;20.5;16.3;16.6;13.9;13.1;0.1;0;0.15;2.6;2.7;0;616;187;100;67;96406;3.04;0.07;0.31;0.36
1998;8;21;233;24.6;20;15.8;16.5;14.4;11.9;0.8;0.4;0.15;2.6;2.7;0;612;186;103;61;95770;3.41;3.84;0.31;0.36
1998;8;22;234;20.3;17.3;13.5;15.2;10.9;7.9;1.6;-0.7;0.15;2.6;2.7;0;540;166;104;58;95624;3.06;13.63;0.31;0.36
1998;8;23;235;19.2;15.4;12.7;12.4;9.1;4.9;1.2;-0.8;0.15;2.5;2.7;0;559;186;114;65;96147;3.33;9.92;0.33;0.36
1998;8;24;236;20.7;16.4;13.6;15.4;12.8;10.4;0.7;0.9;0.15;2.5;2.7;0;410;106;70;44;95883;2.14;14.88;0.33;0.36
1998;8;25;237;17.8;14.3;10.8;10.3;7.4;5.2;2.1;-2.1;0.15;2.5;2.7;0;637;191;105;78;96458;3.32;0.06;0.34;0.35
1998;8;26;238;21;15.7;10;11.4;9.4;6.7;0.7;1.3;0.15;2.5;2.7;0;495;165;102;67;96269;2.74;0.44;0.33;0.35
1998;8;27;239;18.2;14.2;10.8;12.7;10.4;9;1.1;-1.7;0.15;2.5;2.7;0;373;119;71;44;95955;2.27;11.88;0.33;0.35
1998;8;28;240;15.2;12.1;9.1;8.5;5;3;1.6;-2.5;0.15;2.5;2.7;0;447;141;76;60;96275;2.88;0.83;0.34;0.35
1998;8;29;241;14.8;12.1;9.4;7;5.3;3;1.6;-2.6;0.15;2.5;2.7;0;380;132;76;63;96394;2.16;0.06;0.34;0.35
1998;8;30;242;15.9;12.1;8.4;9.5;7.2;5.4;1.2;-1.1;0.15;2.5;2.7;0;466;149;88;72;96541;2.17;1.29;0.34;0.35
1998;8;31;243;16.4;12.1;7.1;10.6;8.3;6.1;1.1;-0.4;0.15;2.5;2.7;0;517;154;91;64;96416;2.68;3.53;0.34;0.35
1998;9;1;244;18.2;13.3;7;10.5;8.4;5.5;-0.1;0;0.15;2.5;2.7;0;527;162;104;64;96711;2.31;0.14;0.34;0.35
1998;9;2;245;18;15.1;12.5;13.4;11.8;10;-0.8;1.7;0.15;2.5;2.7;0;315;78;34;17;96790;1.29;0.32;0.34;0.35
1998;9;3;246;16;14.4;12.1;13.7;12.6;11.4;-1.7;0.8;0.15;2.5;2.7;0;190;45;17;11;96460;1.07;6.89;0.34;0.35
1998;9;4;247;18.4;15;11.5;13.3;12.6;11.2;-1;0.6;0.15;2.5;2.7;0;339;101;52;22;96359;1.78;4.63;0.34;0.35
1998;9;5;248;16;14.5;12.5;15.3;12.9;10;-0.8;1.5;0.15;2.5;2.7;0;134;34;19;10;95803;1.4;37.89;0.35;0.35
1998;9;6;249;18;14.5;11.6;11.9;10.9;9.4;1.9;-1.7;0.15;2.5;2.7;0;488;131;81;40;95791;2.93;5.84;0.37;0.35
1998;9;7;250;19.5;15;9.6;13.4;11.4;8.8;-0.2;1.5;0.15;2.5;2.7;0;524;156;88;61;95904;2.29;0.37;0.37;0.35
1998;9;8;251;17.6;15.3;12.8;13.6;13;12.1;-0.8;1.6;0.15;2.5;2.7;0;199;65;50;25;96061;1.05;0.3;0.37;0.35
1998;9;9;252;20.7;16.8;13.4;14.4;13;12.4;0.1;2.5;0.15;2.5;2.7;0;509;145;86;52;96400;2.26;0.17;0.37;0.35
1998;9;10;253;19.8;16.7;14;14.1;13.5;13;0.1;4.1;0.15;2.5;2.7;0;483;134;75;50;96246;1.93;0;0.37;0.35
1998;9;11;254;21.4;17.7;13.6;15.9;14.5;13;-0.2;2.7;0.15;2.5;2.7;0;359;108;63;41;95633;1.84;0.58;0.36;0.35
1998;9;12;255;20.6;15.7;9.9;17;13.8;7.6;0.2;1.9;0.15;2.5;2.7;0;297;51;42;18;94373;2.44;48.59;0.37;0.35
1998;9;13;256;13.2;10.4;8.3;8;6.5;4.5;1.7;-1.9;0.15;2.5;2.7;0;295;64;79;27;94236;2.49;9.22;0.4;0.35
1998;9;14;257;11.9;8.6;6.5;6.5;5;4.2;1.4;-1.1;0.15;2.5;2.7;0;181;61;80;40;94699;2.04;3.77;0.4;0.36
1998;9;15;258;13.7;10.3;6.8;6.4;5.2;4;2;1.1;0.15;2.5;2.7;0;246;60;54;38;95253;1.43;1.43;0.4;0.36
1998;9;16;259;16.5;12;7.8;10.8;7.9;4.1;1.4;1;0.15;2.4;2.7;0;351;85;68;43;95550;1.53;2.11;0.4;0.36
1998;9;17;260;14.8;11.1;7.6;9.3;8;6;1.1;0.4;0.15;2.4;2.7;0;449;110;87;50;95688;1.97;6.91;0.4;0.36
1998;9;18;261;14.5;11;7.7;9.2;7.6;5.7;1.6;-2.5;0.14;2.4;2.7;0;510;139;93;59;96591;2.4;3.03;0.4;0.36
1998;9;19;262;14.8;11.4;8.6;8.1;7.4;6.8;1.1;-3.7;0.14;2.4;2.7;0;489;136;92;72;97411;1.96;0.73;0.4;0.36
1998;9;20;263;13.7;11.5;9;9.1;8.1;7.3;1.2;-4.8;0.14;2.3;2.7;0;211;59;71;40;97513;1.15;0.71;0.4;0.36
1998;9;21;264;14.4;11.8;10;9;7.7;6.9;0.6;-4.7;0.14;2.3;2.7;0;375;107;66;44;97397;1.67;0.3;0.39;0.36
1998;9;22;265;14.1;11.3;8.4;8.5;7.8;7.2;0.7;-2.3;0.14;2.3;2.7;0;363;102;73;50;97160;1.31;0.01;0.39;0.36
1998;9;23;266;15.8;11.3;7.3;9.1;8;6.2;0.7;-1.5;0.14;2.3;2.7;0;467;128;95;68;97007;1.53;0;0.39;0.36
1998;9;24;267;17.9;12.3;6;11;8.8;5.8;0.2;1.7;0.14;2.2;2.7;0;489;146;111;74;96905;1.79;0;0.39;0.36
1998;9;25;268;18.1;13.7;9.3;11.3;10.2;8.5;0.3;2.9;0.14;2.2;2.7;0;468;130;106;67;96330;1.64;0.43;0.38;0.36
1998;9;26;269;20.9;15.3;8.9;12.7;10.9;7.8;0.8;2.1;0.14;2.2;2.7;0;537;145;106;74;95764;2.06;0;0.38;0.36
1998;9;27;270;21.1;16.3;13.6;15.6;13.5;10.5;1.3;1.6;0.14;2.1;2.7;0;425;88;83;41;95321;1.53;5.37;0.38;0.36
1998;9;28;271;14.8;13.3;12.2;13.3;11.6;8.6;2;-1.8;0.14;2.1;2.6;0;141;29;27;17;95152;1.78;14.27;0.39;0.36
1998;9;29;272;17;13.5;9.9;10.1;8.9;7.8;2.2;-1.5;0.14;2.1;2.6;0;332;92;67;54;95505;1.57;0.1;0.39;0.36
1998;9;30;273;17.9;13.3;7.9;12;10.1;6.9;-0.4;0.8;0.14;2.1;2.6;0;450;112;91;52;95658;1.38;0.9;0.39;0.36
1998;10;1;274;17.8;14.5;11.2;14;12.6;10.2;-0.4;1.9;0.14;2;2.6;0;267;66;47;25;95407;1.16;2.66;0.39;0.36
1998;10;2;275;14.5;12.8;9.6;14.1;12.4;9;-0.4;-0.5;0.14;2;2.6;0;163;45;25;10;95346;1.01;7.96;0.39;0.36
1998;10;3;276;10.9;9.5;8.2;8.7;7.5;5.9;-0.4;-1.4;0.14;2;2.6;0;132;37;29;18;95633;0.69;0.1;0.4;0.36
1998;10;4;277;12.6;9.3;6.5;6.7;5.6;4.6;-0.2;-0.7;0.14;2;2.6;0;282;76;54;36;95656;1.02;0;0.39;0.36
1998;10;5;278;13.8;11.1;8.3;11.6;9.3;6.8;-0.3;1.4;0.14;1.9;2.6;0;166;45;51;20;95718;0.81;6.56;0.39;0.37
1998;10;6;279;14.7;12.8;10.8;14.3;12.4;10.7;-1;0.6;0.14;1.9;2.6;0;70;20;14;3;96069;0.42;14.62;0.4;0.37
1998;10;7;280;19.2;15.5;12.9;15.5;14;12.8;-2.1;1.5;0.14;1.9;2.6;0;346;74;71;26;96059;1.17;3.88;0.41;0.37
1998;10;8;281;15;13.5;12.3;13.3;12.7;12.2;-1.2;0.6;0.14;1.9;2.6;0;152;32;53;15;96395;0.66;5.22;0.41;0.37
1998;10;9;282;17.2;13.6;10;12.7;10.7;8.5;0.5;2.2;0.14;1.8;2.6;0;342;90;97;48;96636;1.17;0.02;0.41;0.37
1998;10;10;283;15.4;11.1;7;10.3;8.2;6.3;0.7;0.8;0.14;1.8;2.6;0;410;101;88;67;96137;1.36;2.46;0.41;0.37
1998;10;11;284;14.9;10.8;5.7;11.3;8.4;4.7;0.2;0.1;0.14;1.8;2.6;0;387;92;80;47;96081;1.21;5.83;0.41;0.37
1998;10;12;285;14.7;10.8;8.2;9.4;7.9;3.5;0.9;0.4;0.14;1.8;2.6;0;321;71;69;31;95706;1.66;7.99;0.41;0.37
1998;10;13;286;10.2;8;6.2;3.4;2.8;2.2;2.6;-3.2;0.14;1.7;2.6;0;379;105;89;73;96440;1.43;0.58;0.41;0.37
1998;10;14;287;13.4;8.9;3.5;7.4;4.6;2.2;1.2;0.8;0.14;1.7;2.6;0;401;87;91;47;96892;1.09;2.14;0.41;0.37
1998;10;15;288;14.7;11.1;7.6;12.7;9.9;6.6;0.8;0.6;0.14;1.7;2.6;0;166;38;49;27;96820;0.51;2.18;0.41;0.37
1998;10;16;289;14.9;12.3;8.6;11.5;10.5;8.3;0.1;0.9;0.14;1.7;2.6;0;295;47;68;30;96844;0.59;2.22;0.41;0.37
1998;10;17;290;17.7;12.8;9.2;10.4;9.1;7.6;1.3;2.2;0.13;1.7;2.6;0;388;96;92;67;96135;1.12;0;0.41;0.38
1998;10;18;291;15.4;11.1;8.2;9.6;7.8;6;0.8;-0.7;0.13;1.6;2.6;0;271;57;67;39;96297;1.11;5.06;0.41;0.38
1998;10;19;292;9.2;7.9;5.9;7.3;6.1;4.7;0.4;-1.4;0.13;1.6;2.6;0;128;26;22;15;96337;1.05;12.99;0.41;0.38
1998;10;20;293;10.1;7.1;4.8;5;2.3;0.6;2;-2.4;0.13;1.6;2.6;0;247;72;99;55;96569;1.34;3.32;0.42;0.38
1998;10;21;294;10.9;6.7;2.7;2.9;2;0.7;0.9;2.1;0.13;1.6;2.6;0;382;95;102;76;97357;0.91;0;0.41;0.38
1998;10;22;295;15.3;8.8;3.2;7.2;4.1;1;0.8;1.2;0.13;1.6;2.6;0;424;109;119;81;97361;1.01;0;0.41;0.38
1998;10;23;296;16.2;9.7;5;6.8;5.1;2.6;0.8;1.7;0.13;1.6;2.6;0;418;108;114;78;97027;1.1;0;0.41;0.38
1998;10;24;297;12.2;8.3;5.9;8.9;6.5;4.6;0.4;1.1;0.13;1.6;2.6;0;167;47;69;48;96250;0.39;0.41;0.4;0.38
1998;10;25;298;8.6;7.1;3.7;6.7;5.7;3.1;1.3;2.6;0.13;1.6;2.6;0;53;12;66;25;95015;0.84;10.3;0.41;0.38
1998;10;26;299;10.2;5.7;2;2.9;0.7;-1;2.2;-0.8;0.13;1.6;2.6;0;389;98;108;77;95641;1.17;0.06;0.41;0.38
1998;10;27;300;9.1;6.3;2.8;2.1;0.3;-0.9;1.8;0.1;0.13;1.6;2.6;0;361;89;88;55;96392;1.06;0.55;0.41;0.38
1998;10;28;301;11.9;8.5;5;6;3.1;-0.3;1.9;2.6;0.13;1.5;2.6;0;165;29;63;40;95663;0.76;1.17;0.4;0.38
1998;10;29;302;13.1;9.2;6.4;9.6;5.4;-0.1;1.7;-0.8;0.13;1.5;2.6;0;269;49;85;33;95465;1.52;4.92;0.4;0.38
1998;10;30;303;10.9;6.9;3.9;0.6;-0.9;-2.7;2.3;0.2;0.13;1.5;2.6;0;402;88;115;79;95988;1.07;0.36;0.4;0.39
1998;10;31;304;8.6;5.2;2;0.5;-1.5;-5.2;1.8;-0.1;0.12;1.5;2.6;0;295;77;94;66;96024;0.99;0.25;0.4;0.39
1998;11;1;305;12.2;7.1;3.9;6.2;1.6;-1.9;2.2;1.7;0.12;1.5;2.6;0;310;48;95;54;94751;1.11;1.75;0.4;0.39
1998;11;2;306;10.1;5.2;0.3;1.5;-0.5;-2.1;1.2;0.7;0.12;1.5;2.6;0;358;84;100;76;95641;0.8;0.05;0.4;0.39
1998;11;3;307;13.9;8;3.7;6.7;3.8;-1.1;0.8;1.8;0.12;1.5;2.6;0;348;83;100;54;95084;0.8;2.84;0.4;0.39
1998;11;4;308;9;6.9;5.4;6.7;5.2;3.6;0.6;-0.6;0.12;1.5;2.6;0;110;21;21;11;95047;0.88;11.04;0.4;0.39
1998;11;5;309;7.9;4.4;0.1;3.7;0.5;-2.7;1.6;0.3;0.12;1.5;2.6;0.04;318;59;111;56;96236;0.88;4.44;0.41;0.39
1998;11;6;310;10.1;3.9;-1.1;1.9;-1;-4;1.4;0.8;0.12;1.4;2.6;0.04;378;91;122;78;96992;0.69;0;0.41;0.39
1998;11;7;311;7.3;3.4;-0.1;2.2;0.2;-1.1;0.8;-1.6;0.12;1.4;2.6;0.01;275;67;84;60;97533;0.53;0.1;0.41;0.39
1998;11;8;312;9.1;3.5;-0.8;2.4;0.6;-1.7;1;1.3;0.12;1.4;2.6;0;351;82;112;66;97333;0.54;0;0.4;0.39
1998;11;9;313;7.3;5.2;2.2;5.2;2.9;-0.2;0.8;0.7;0.12;1.4;2.6;0;101;20;26;10;96839;0.4;4.52;0.4;0.39
1998;11;10;314;9.2;7.7;6.4;8.6;7.1;5.4;0.6;0.5;0.12;1.4;2.6;0;61;10;11;3;96086;0.19;14.05;0.41;0.39
1998;11;11;315;8.1;5.8;2.3;6.8;2.3;-0.8;2.2;-3.9;0.12;1.4;2.6;0;302;63;95;62;96198;0.95;0.65;0.42;0.39
1998;11;12;316;5.2;2;-1.5;-0.6;-1.6;-2.9;0.1;-0.7;0.12;1.4;2.6;0;296;67;93;73;96174;0.47;0;0.41;0.39
1998;11;13;317;5.8;1.1;-2.6;-0.4;-1.8;-3.9;0.4;0.6;0.12;1.4;2.6;0;337;67;105;66;95970;0.37;0;0.41;0.39
1998;11;14;318;3.8;1.2;-0.7;0;-1.1;-2.2;0.4;2.8;0.12;1.4;2.6;0.01;249;50;71;47;95294;0.31;0.38;0.41;0.39
1998;11;15;319;6.3;2.6;0;1.3;-0.8;-1.5;1.7;-1.2;0.12;1.3;2.6;0.17;309;63;96;55;95353;0.63;0.9;0.41;0.39
1998;11;16;320;5;1.4;-1.5;0.1;-1.1;-2.6;1.1;-1.6;0.12;1.3;2.6;0.22;207;49;75;56;96106;0.46;0.77;0.4;0.39
1998;11;17;321;1.7;-0.3;-2.2;-1.4;-4;-6.5;1.9;-2.6;0.13;1.4;2.6;0.94;277;60;84;61;96564;0.57;1.21;0.4;0.39
1998;11;18;322;0.7;-1.5;-3.6;-6.6;-7.6;-9;2.1;-2.1;0.13;1.4;2.6;1.23;277;54;91;74;96828;0.46;0.06;0.4;0.39
1998;11;19;323;1.5;-1.7;-4.6;-6.3;-8;-9.3;0.9;0.2;0.13;1.4;2.6;1.25;265;60;100;66;96847;0.15;0.22;0.4;0.39
1998;11;20;324;-1.7;-3.5;-6.6;-5.7;-8.4;-11.9;0.6;-3.8;0.15;1.4;2.6;2.06;242;58;86;65;97179;0.17;1.51;0.4;0.39
1998;11;21;325;-5.2;-6.7;-8.1;-11.6;-12.8;-14.1;0.8;-4.8;0.16;1.4;2.6;3.06;218;48;82;51;97769;0.21;1.03;0.4;0.39
1998;11;22;326;-1.6;-4.1;-7;-5.7;-8.2;-11.9;-0.3;-1.1;0.18;1.4;2.6;3.87;232;44;70;34;97773;0.06;0.33;0.39;0.39
1998;11;23;327;0.1;-2.2;-4.4;-1.8;-3.8;-5.7;0.5;-0.7;0.24;1.4;2.6;7.46;70;14;48;19;96928;0.05;4.58;0.39;0.39
1998;11;24;328;4.7;-0.5;-3.8;0.7;-2.3;-5.3;0.8;-0.4;0.25;1.4;2.6;7.77;236;51;86;46;96604;0;0;0.39;0.39
1998;11;25;329;1.4;-0.7;-2.7;-0.9;-1.9;-3.4;-0.1;0.3;0.23;1.4;2.6;6.88;103;27;41;25;96456;0.03;0;0.39;0.4
1998;11;26;330;1.9;-0.2;-1.3;-1;-1.7;-2.6;-0.1;-0.2;0.24;1.4;2.6;7.23;126;24;68;20;96440;0.11;1.17;0.39;0.4
1998;11;27;331;3.7;-0.1;-2.2;-0.7;-1.9;-3;0.2;1.4;0.23;1.4;2.6;7.01;246;53;97;53;96527;0.16;0.08;0.39;0.4
1998;11;28;332;1.7;-0.2;-1.6;-0.6;-1.3;-2.3;-0.5;-0.2;0.22;1.4;2.6;6.29;138;26;50;17;96826;0.1;0.04;0.39;0.4
1998;11;29;333;1.2;-0.2;-1.3;-0.5;-1.2;-2.2;-0.7;1;0.21;1.4;2.6;6.15;98;21;27;11;96287;0.12;0.69;0.39;0.4
1998;11;30;334;1.5;0.3;-0.9;0.4;-0.4;-1.2;-0.7;-0.1;0.22;1.4;2.6;6.49;67;14;26;10;96813;0.09;1.24;0.39;0.4
1998;12;1;335;-0.6;-2.5;-4;-1.5;-5.4;-6.8;-0.1;-2.2;0.23;1.4;2.6;7.13;89;17;24;12;97564;0.45;0.92;0.39;0.4
1998;12;2;336;-1.2;-2.7;-4.1;-3.5;-4.9;-6.7;-0.2;-0.1;0.25;1.4;2.6;8.6;95;16;28;13;97595;0.19;1.5;0.39;0.4
1998;12;3;337;-0.6;-1.7;-2.2;-2.9;-3.4;-3.9;-0.5;2.9;0.26;1.4;2.6;8.91;123;24;38;21;96860;0.24;0;0.39;0.4
1998;12;4;338;-1.7;-2.3;-2.7;-3.5;-3.9;-4.7;-0.4;0.4;0.31;1.4;2.6;12.24;80;13;22;11;95302;0.21;9.29;0.38;0.4
1998;12;5;339;0.3;-3.4;-8.5;-4.9;-7;-11.5;1.9;-0.4;0.39;1.4;2.6;18.14;170;34;84;51;95092;0.35;0.38;0.38;0.4
1998;12;6;340;-0.7;-5.6;-9.3;-7.1;-9.7;-12.4;2.4;0.3;0.39;1.4;2.6;18.17;172;34;105;53;95512;0.4;2.15;0.38;0.4
1998;12;7;341;-2.1;-6.8;-11.1;-7.9;-10.6;-13.9;2.3;-0.8;0.39;1.4;2.6;19.79;167;32;88;59;96465;0.26;0.15;0.38;0.4
1998;12;8;342;-3.5;-6.3;-9.8;-7.8;-9.7;-12.4;2;-2.6;0.39;1.4;2.6;19.91;168;30;63;46;97207;0.32;0.67;0.38;0.4
1998;12;9;343;-2;-8.7;-13.9;-7.1;-11.9;-16.9;1.6;-0.6;0.39;1.4;2.6;20.03;184;40;100;59;97326;0.21;0.02;0.38;0.4
1998;12;10;344;-1.5;-8.6;-15.8;-6.5;-12;-18.9;0.8;-0.6;0.39;1.4;2.6;19.58;184;39;101;45;96924;0.23;0.28;0.38;0.4
1998;12;11;345;-4.9;-7.1;-9.9;-7.3;-8.8;-11.2;-0.5;1.3;0.38;1.4;2.6;19.88;150;30;54;24;96850;0.16;0.73;0.38;0.4
1998;12;12;346;0.8;-4.3;-7.7;-1.8;-6.2;-9.2;0.8;1.1;0.38;1.4;2.6;20.12;98;22;64;34;97147;0.12;0.21;0.38;0.4
1998;12;13;347;5.4;2;-5.4;2;-1.5;-7.3;2.7;0;0.37;1.4;2.6;18.53;93;19;84;38;96921;0.3;1.75;0.38;0.4
1998;12;14;348;4.6;3.4;2.4;1.5;0;-1.4;3;-2.3;0.33;1.4;2.6;14.13;81;18;80;35;97289;0.46;5.05;0.38;0.39
1998;12;15;349;8.4;4.5;1.1;5.4;3;0;1.6;-1.4;0.26;1.4;2.6;9.16;91;20;66;20;97383;-0.03;1.51;0.39;0.39
1998;12;16;350;8.3;3.6;-0.2;4.4;0.7;-1.3;2.1;-1.5;0.2;1.4;2.6;5.93;208;41;90;55;97323;0.29;0.11;0.4;0.39
1998;12;17;351;7.9;3.1;-2.5;2.2;-0.3;-4.1;1.3;-1.1;0.17;1.4;2.6;3.89;213;39;92;52;97591;0.29;0.08;0.4;0.39
1998;12;18;352;7.9;0.7;-2.6;3.4;-2.3;-5.7;1.1;0.8;0.15;1.4;2.6;3.14;240;50;101;64;97036;0.17;0;0.4;0.39
1998;12;19;353;4.8;-0.6;-3.5;0.1;-3.4;-6;0.8;0.9;0.15;1.4;2.6;2.66;241;50;101;60;96071;0.15;0;0.4;0.4
1998;12;20;354;4.4;-0.3;-3.3;-0.5;-2.5;-5.1;0.7;0.9;0.15;1.3;2.6;2.49;185;37;74;45;95544;0.08;1.12;0.39;0.4
1998;12;21;355;0.5;-0.4;-1.6;-0.9;-3.7;-6.6;0.9;-3.4;0.19;1.3;2.6;4.77;127;26;81;31;95817;0.34;2.15;0.39;0.4
1998;12;22;356;0.5;-1.3;-2.3;-4.2;-6.5;-8.2;1.3;-3.2;0.2;1.3;2.6;5.31;186;40;89;64;96872;0.34;0.44;0.39;0.4
1998;12;23;357;-0.5;-1.8;-3.3;-3.3;-3.8;-4.7;-0.4;-0.3;0.22;1.3;2.6;6.68;125;25;53;28;97336;0.1;1.59;0.39;0.4
1998;12;24;358;-2.7;-3.8;-5;-4.9;-6.8;-8.1;0;3.4;0.23;1.3;2.6;7.03;151;30;57;44;97178;0.21;0;0.39;0.4
1998;12;25;359;-0.5;-4.8;-8;-4.7;-7.5;-9.4;0.2;1.7;0.22;1.3;2.6;6.89;203;41;89;55;97501;0.11;0.03;0.39;0.4
1998;12;26;360;1;-3.9;-8.5;-3.7;-7.7;-11.3;0.7;1.8;0.22;1.3;2.6;6.8;148;31;73;49;97107;0.16;0;0.39;0.4
1998;12;27;361;3;-1.5;-5.3;-3.2;-6.1;-8.3;0.7;2.1;0.22;1.3;2.6;6.61;112;24;64;41;96480;0.22;0;0.39;0.4
1998;12;28;362;2.4;-2;-5;-1.2;-4.2;-7;0.1;1.8;0.21;1.3;2.6;6.37;195;40;79;50;96439;0.03;0;0.39;0.4
1998;12;29;363;3.5;-0.7;-3.8;-0.5;-2.8;-5.2;0.2;-0.3;0.2;1.3;2.6;5.82;202;43;84;48;96809;0.06;0.12;0.39;0.4
1998;12;30;364;0.5;-1.3;-2.7;-1.4;-2.2;-3.2;-0.3;2.4;0.2;1.3;2.6;5.61;114;23;25;15;96810;0.09;0.15;0.39;0.4
1998;12;31;365;-0.3;-1.7;-2.8;-2.2;-2.6;-3.4;-0.5;4;0.2;1.3;2.6;5.62;126;22;28;13;96949;0.06;0.04;0.38;0.4
1999;1;1;1;0.9;-1.7;-3.3;-1.6;-2.8;-4;-0.2;3.4;0.2;1.3;2.6;5.62;141;26;55;20;96635;0.07;0;0.38;0.4
1999;1;2;2;3.2;-0.7;-3.2;0.5;-1.9;-3.8;0;1.9;0.19;1.3;2.6;5.36;193;35;70;36;96225;0.01;0.51;0.38;0.4
1999;1;3;3;3.5;-0.2;-2.6;1.5;-0.9;-3.1;0.4;0.5;0.19;1.3;2.6;4.93;142;27;65;25;95961;0.08;0.33;0.38;0.4
1999;1;4;4;6.5;3.5;0.6;2;0.8;-0.7;1.7;-0.6;0.17;1.2;2.6;4;234;49;92;34;96396;0.41;0.41;0.38;0.4
1999;1;5;5;10.1;4.1;0.8;7.9;3;-0.1;1.4;0.9;0.15;1.2;2.6;2.59;218;41;84;39;96912;-0.01;0;0.38;0.4
1999;1;6;6;9.4;2.5;-0.8;6.6;0.9;-2.4;1.1;0.8;0.14;1.2;2.6;1.76;253;55;94;57;96733;0.13;0;0.38;0.4
1999;1;7;7;8.9;1.9;-1.9;4.4;-1.1;-5;1.3;0.5;0.13;1.2;2.5;1.3;260;56;103;58;95753;0.21;0.01;0.38;0.4
1999;1;8;8;4.7;2;-0.8;3.2;0.7;-1.7;1.3;0.5;0.12;1.2;2.5;1.03;94;17;58;16;95188;0.12;3.97;0.38;0.4
1999;1;9;9;5.4;1.2;-2.5;0.6;-1.4;-4;1.3;-0.3;0.12;1.2;2.5;1.04;216;43;82;48;95140;0.36;1.16;0.39;0.4
1999;1;10;10;4.1;0;-3;0.1;-2;-4.7;-0.2;0.9;0.12;1.2;2.5;0.93;279;57;104;54;95937;0.1;0.02;0.39;0.4
1999;1;11;11;1.6;0.3;-0.8;1.3;-0.4;-2;-0.4;2.7;0.15;1.2;2.5;2.69;48;10;45;10;95597;0.11;3.12;0.38;0.4
1999;1;12;12;2.2;0.2;-1.9;-0.1;-1.7;-4.3;0.4;0.4;0.16;1.2;2.5;3.15;113;28;49;30;95823;0.27;1.86;0.38;0.39
1999;1;13;13;2.5;-0.6;-2.7;-1.6;-3.6;-5.8;0.3;-0.1;0.17;1.2;2.5;3.74;164;34;73;35;95484;0.31;0.28;0.38;0.39
1999;1;14;14;4.2;0.1;-4.5;-2.8;-5.2;-7.2;1.2;1.3;0.16;1.2;2.5;3.52;264;48;96;55;95713;0.21;0;0.38;0.39
1999;1;15;15;6;0.9;-3.2;-0.8;-3.2;-5.4;1.4;1.2;0.16;1.2;2.5;3.19;182;45;89;62;96306;0.15;0;0.38;0.39
1999;1;16;16;6.5;1.2;-1.7;1.7;-3.2;-7.1;1.1;1.1;0.15;1.2;2.5;2.69;173;36;65;46;96267;0.06;0;0.38;0.39
1999;1;17;17;3.9;0.3;-2.6;0.1;-3.3;-7.1;0;0.2;0.14;1.2;2.5;2.26;241;53;81;60;96376;0.06;0;0.38;0.39
1999;1;18;18;2.1;0.5;-2;1;-0.7;-3.3;0.1;-0.5;0.14;1.2;2.5;2.01;97;20;32;15;96903;0.02;0.08;0.38;0.39
1999;1;19;19;5.8;0;-3.2;1.3;-2.1;-4.6;0.6;0.9;0.13;1.2;2.5;1.69;291;64;105;63;97262;0.13;0;0.38;0.39
1999;1;20;20;3.4;-0.5;-2.2;-0.1;-2.2;-3.8;-0.2;1.3;0.13;1.2;2.5;1.42;262;53;85;46;97303;0.11;0.08;0.38;0.39
1999;1;21;21;2;-1.1;-2.7;-1.5;-2.6;-3.5;-0.5;1.3;0.13;1.2;2.5;1.36;211;48;80;39;97255;0.14;0.1;0.38;0.39
1999;1;22;22;2.5;-1.2;-3.2;-2.1;-3.3;-4.1;-0.1;0.3;0.13;1.1;2.5;1.23;268;58;97;56;97152;0.08;0;0.38;0.39
1999;1;23;23;3.7;-0.7;-3;-0.8;-2.7;-4;-0.3;0.9;0.13;1.1;2.5;1.06;239;56;83;51;97102;0.04;0;0.38;0.39
1999;1;24;24;3.3;-1.3;-3.5;-2.2;-3.7;-4.8;0.2;1.3;0.13;1.1;2.5;0.94;306;62;101;60;97135;0.06;0.01;0.38;0.39
1999;1;25;25;7;0.5;-3.7;0.1;-3;-6;1.1;1.4;0.12;1.1;2.5;0.82;311;71;107;61;97028;0.1;0;0.38;0.39
1999;1;26;26;8;1.1;-3.1;0.3;-2.5;-4.8;1.2;0.9;0.12;1.1;2.5;0.66;296;70;96;61;95982;0.2;0.19;0.38;0.39
1999;1;27;27;4.9;1.1;-1.4;1.3;-0.7;-2.9;1;-0.2;0.12;1.1;2.5;0.74;283;56;83;37;95068;0.42;2.54;0.38;0.39
1999;1;28;28;3.7;0.8;-1;-2.5;-3.4;-4.5;1.2;-1.2;0.12;1.1;2.5;0.83;263;64;101;62;95077;0.42;0.71;0.38;0.39
1999;1;29;29;-1.1;-3.8;-8.1;-2;-7.4;-13.3;0.8;-4.5;0.18;1.1;2.5;4.12;310;62;105;59;95801;0.35;3.77;0.38;0.39
1999;1;30;30;-6.5;-8.4;-10.2;-13.3;-14.7;-16.1;1.6;-6;0.19;1.1;2.5;5.07;244;58;92;78;96991;0.31;0.49;0.37;0.39
1999;1;31;31;-6.4;-8.1;-9.6;-11.9;-14.4;-16.4;2.1;-5.4;0.2;1.1;2.5;5.12;292;67;96;70;97425;0.24;0.08;0.37;0.39
1999;2;1;32;-2.1;-5.7;-10.2;-7.9;-13.5;-16.5;1.7;-2.7;0.19;1.1;2.5;4.97;295;65;92;58;97472;0.26;0.5;0.37;0.39
1999;2;2;33;0.6;-0.6;-2.8;-2.4;-4.2;-7.3;2.5;-3.1;0.24;1.1;2.5;7.72;89;19;36;13;97314;0.3;3.76;0.37;0.39
1999;2;3;34;4.6;2.4;0.6;0.2;-1;-2.1;2.7;-2.6;0.25;1.1;2.5;8.14;245;40;63;34;97300;0.52;2.61;0.37;0.39
1999;2;4;35;5.8;2.9;0.2;1.5;0.1;-1.9;2.6;-1.1;0.22;1.1;2.5;6.68;137;23;62;28;96496;0.6;3.57;0.38;0.39
1999;2;5;36;8.3;3.7;0.6;1.6;-1.2;-5.6;3.4;-1.3;0.19;1.1;2.5;4.97;268;66;92;55;94955;0.81;1.53;0.38;0.39
1999;2;6;37;3.2;0.7;-0.8;-5.2;-6.3;-7;3.9;-1.9;0.18;1.1;2.5;4.16;344;79;96;88;94813;0.63;0.25;0.38;0.39
1999;2;7;38;3.9;0.2;-2.7;-3.9;-5.9;-7.4;1.5;1;0.17;1.1;2.5;4.04;195;44;92;59;94459;0.24;0.23;0.38;0.39
1999;2;8;39;0.8;-1.4;-3.9;-6.2;-8.2;-10;2.3;-1.9;0.17;1.1;2.5;4;299;66;97;65;94682;0.24;0.09;0.38;0.39
1999;2;9;40;3.3;-1.2;-4.7;-2.2;-6.9;-13.1;0.6;1.1;0.18;1.1;2.5;4.28;292;65;76;45;94438;0.18;2.69;0.38;0.39
1999;2;10;41;-2.6;-3.8;-5.3;-5.6;-8.1;-9.5;0.9;-4.6;0.25;1.1;2.5;8.41;158;39;37;29;94900;0.43;3.13;0.38;0.39
1999;2;11;42;-5;-6.1;-7.1;-9.1;-10.1;-11.3;1.7;-6;0.32;1.1;2.5;12.08;203;40;37;26;95298;0.52;6.69;0.38;0.39
1999;2;12;43;-5;-6.5;-8;-10.1;-10.7;-11.5;2.5;-6.6;0.39;1.1;2.5;17.22;230;52;64;38;96068;0.76;4.81;0.38;0.39
1999;2;13;44;-3.9;-5.1;-6.8;-7.1;-8.6;-10.5;2.8;-5.2;0.4;1.1;2.5;21.92;186;43;44;22;96449;0.59;5.96;0.37;0.39
1999;2;14;45;-2;-4.2;-6.9;-6.1;-7.2;-8.7;1.2;-2.7;0.41;1.1;2.5;25.63;200;49;51;31;96853;0.33;1.3;0.37;0.39
1999;2;15;46;-0.5;-6.7;-12.7;-4.9;-9.3;-14.4;1;-0.5;0.4;1.1;2.5;25.68;274;65;86;56;96924;0.21;0.03;0.37;0.39
1999;2;16;47;2.2;-5.3;-16.1;-2.3;-8.8;-18.3;1.3;1;0.4;1.1;2.5;24.95;258;56;77;43;95692;0.3;0.32;0.37;0.39
1999;2;17;48;3.3;-1.6;-5.2;-2.9;-6.4;-9.1;2.7;-0.3;0.39;1.1;2.5;23.77;245;59;94;67;95035;0.58;0.92;0.37;0.39
1999;2;18;49;0.5;-2.7;-5;-7.4;-8.7;-10.1;3;-2.3;0.38;1.1;2.5;22.62;247;66;94;79;95787;0.78;0.07;0.37;0.39
1999;2;19;50;2.5;-1.4;-7.5;-0.6;-4.5;-11.1;1.1;1;0.38;1.1;2.5;22.92;156;34;71;23;96309;0.21;4.37;0.37;0.39
1999;2;20;51;6.6;3.3;1.3;2.8;1.4;-0.3;1.5;-0.1;0.36;1.1;2.5;19.44;246;43;67;19;95829;-0.2;4.91;0.38;0.39
1999;2;21;52;4.1;1.9;-0.5;2.4;1.1;-0.7;0.7;1.1;0.31;1.1;2.5;13.71;121;30;49;19;95485;-0.11;4.24;0.39;0.39
1999;2;22;53;5.6;1.8;-0.6;2.5;-2;-6.4;1.9;-0.7;0.28;1.1;2.5;11.42;148;33;56;38;94125;0.48;1.75;0.4;0.39
1999;2;23;54;2.8;0;-2;-4.4;-5.8;-7.2;3.3;-2.3;0.26;1.1;2.5;10.48;328;74;90;71;94452;0.77;0.98;0.4;0.39
1999;2;24;55;3.9;-0.1;-2.6;-4.2;-5.6;-6.6;2.3;-1.1;0.26;1.1;2.5;10.33;358;80;104;68;95296;0.63;1.13;0.4;0.39
1999;2;25;56;3.4;-0.9;-4.6;-4.9;-6.7;-8.7;1.9;-1.5;0.25;1.1;2.5;9.67;403;105;116;73;96238;0.57;0;0.4;0.39
1999;2;26;57;4.6;0.2;-6.4;-1.1;-5.1;-10.5;1.1;1;0.23;1.2;2.5;8.58;172;39;51;27;96478;0.2;0;0.4;0.39
1999;2;27;58;12.8;4.7;-2.2;6;0.4;-4.3;0.6;0.4;0.2;1.2;2.5;6.13;438;118;115;66;96203;0.28;0;0.4;0.39
1999;2;28;59;13.3;5.2;-1.2;4.9;0.9;-3.2;1.1;-1;0.17;1.2;2.5;3.43;442;118;109;60;96647;0.59;0;0.4;0.39
1999;3;1;60;12.1;5.4;-1.2;4.5;1.1;-1.7;1.1;1.3;0.15;1.2;2.5;1.89;465;125;112;64;96540;0.73;0.02;0.4;0.39
1999;3;2;61;11.1;6.9;2.8;4.6;3.2;0.9;1.9;0.3;0.13;1.2;2.5;0.97;293;74;64;30;95926;0.62;0.69;0.4;0.39
1999;3;3;62;13.6;8;2.4;5.8;3.5;1.5;1.4;2.4;0.13;1.2;2.5;0.48;447;114;104;58;95242;0.91;0.03;0.4;0.39
1999;3;4;63;13.3;9.2;5.4;4.7;3.7;2.9;1.6;5.2;0.13;1.2;2.5;0.13;504;134;111;82;94551;1.17;0.03;0.39;0.39
1999;3;5;64;8.8;5.8;-0.3;6.4;3.7;-0.8;0.2;2.1;0.12;1.2;2.5;0.04;237;60;79;46;94128;1.01;6.28;0.39;0.39
1999;3;6;65;7.2;2.8;-2.8;4.7;1.4;-3.6;0;0.8;0.12;1.2;2.5;0.05;340;89;68;49;94802;0.93;4.92;0.4;0.39
1999;3;7;66;6.1;2.5;0;3.4;1;-1.4;0.4;0.9;0.13;1.2;2.5;0.16;291;72;72;45;95064;0.69;4.65;0.4;0.39
1999;3;8;67;7.9;2.6;-1.3;-1.6;-3.9;-7.2;1;0.1;0.13;1.2;2.5;0.43;479;121;101;68;95756;1.16;0.69;0.4;0.39
1999;3;9;68;10.9;4.7;0;3.6;-0.6;-5.1;0.6;1.6;0.13;1.2;2.5;0.29;488;108;98;53;95614;0.79;0.15;0.4;0.39
1999;3;10;69;13.6;6.7;-0.5;4.8;1.9;-1.8;0.6;0.9;0.13;1.3;2.5;0.16;475;122;109;63;95791;0.92;0;0.4;0.39
1999;3;11;70;9.9;5.8;0.1;5.3;1.1;-2.9;0.9;-2.1;0.13;1.3;2.5;0.06;402;102;98;63;96242;1.14;1.57;0.4;0.39
1999;3;12;71;8.6;3.8;-0.5;2.2;-0.1;-3.3;-0.6;0.1;0.13;1.3;2.5;0.04;471;124;101;64;96677;0.77;0;0.4;0.39
1999;3;13;72;9.2;4.1;-1.1;3;0.7;-2.4;-0.2;-1;0.13;1.3;2.6;0.01;474;139;101;73;96651;0.88;0.1;0.39;0.39
1999;3;14;73;9.7;3.9;-1.5;2.5;0.3;-2.8;-0.6;1;0.13;1.3;2.6;0;493;140;101;69;96976;0.88;0;0.39;0.39
1999;3;15;74;9.3;4.3;-0.6;4.5;1.8;-1.2;0.3;-1;0.13;1.3;2.6;0;346;79;77;44;97046;0.67;0.97;0.39;0.39
1999;3;16;75;2.9;1;-1.4;0.4;-2.7;-5.7;0.2;-3.5;0.14;1.3;2.6;0.4;389;100;76;41;97276;0.89;1.32;0.39;0.39
1999;3;17;76;2.2;-0.4;-2.1;-4.5;-5;-5.7;-0.3;-2.9;0.15;1.3;2.6;2;280;78;86;44;97395;0.7;2.06;0.39;0.39
1999;3;18;77;3.7;0.3;-3.3;-3.8;-4.9;-6.2;-0.6;-1.9;0.16;1.4;2.6;2.38;474;129;102;68;96847;0.85;0.27;0.39;0.39
1999;3;19;78;6.9;2.5;-2;-2.8;-4.1;-4.9;0.4;-2.4;0.16;1.4;2.6;1.95;539;150;110;64;96153;1.07;0;0.39;0.39
1999;3;20;79;6;3.1;0.6;-1.2;-2.3;-3.5;2;-4.2;0.15;1.4;2.6;1.46;417;128;87;67;96278;1.27;0.95;0.39;0.39
1999;3;21;80;9;3.4;-0.4;0.5;-2.1;-3.4;1.7;-1.1;0.15;1.4;2.6;1.13;388;108;89;64;96020;1.03;0.34;0.39;0.39
1999;3;22;81;10.8;4.4;-1.9;1.7;-0.4;-3.1;1;1.9;0.14;1.4;2.6;0.72;454;122;79;57;95246;1.07;0.43;0.38;0.39
1999;3;23;82;9.5;5;0.9;2;-0.6;-3;1.9;-1.1;0.14;1.5;2.6;0.43;469;100;84;43;95645;1.24;0.88;0.38;0.39
1999;3;24;83;11.2;6.4;1.2;4.5;2.3;-0.3;1.2;-0.4;0.14;1.5;2.6;0.24;354;104;84;54;96272;0.98;0.31;0.38;0.39
1999;3;25;84;15.9;9.6;2.8;3.1;0.9;-1.6;0.8;4.4;0.14;1.5;2.6;0.1;612;187;126;92;95800;2.07;0;0.38;0.39
1999;3;26;85;16.4;10.9;6.5;5.3;3.1;-1.9;1.5;4.5;0.14;1.5;2.6;0.02;603;173;111;82;95279;1.92;0;0.38;0.39
1999;3;27;86;14.7;10.2;6.5;7.2;6;5;0.3;3.4;0.14;1.5;2.6;0;466;134;98;67;95033;1.4;0.89;0.38;0.39
1999;3;28;87;12.2;8.1;3.1;8.1;5.8;3;0.1;-0.7;0.14;1.6;2.6;0;476;117;93;43;95290;1.68;6.25;0.38;0.39
1999;3;29;88;9.6;7.4;5.4;5.9;5;3.7;2.4;-3.6;0.14;1.6;2.6;0;314;101;60;30;96098;1.35;1.96;0.38;0.39
1999;3;30;89;11.9;8.5;5.7;5.4;4.8;3.8;1.4;-3.4;0.14;1.6;2.6;0;398;114;90;42;96414;1.49;0.86;0.38;0.39
1999;3;31;90;14.1;10.3;6.3;5;3.4;1.9;1;-3.3;0.14;1.6;2.6;0;632;171;116;68;96440;1.88;0;0.38;0.39
1999;4;1;91;14.6;10.3;5.9;4.2;3;1.6;0.8;-2.6;0.14;1.6;2.6;0;627;190;120;88;96316;2.09;0;0.37;0.39
1999;4;2;92;13.8;9.4;4.7;4.4;1.5;-0.4;1;-3.6;0.14;1.7;2.6;0;635;165;118;69;96166;2.01;0.28;0.37;0.39
1999;4;3;93;15.4;10.7;6.4;2.9;1.6;0.1;1;-3.5;0.14;1.7;2.6;0;646;202;128;93;96553;2.36;0;0.37;0.39
1999;4;4;94;16.8;11.2;4;5.6;3.4;1.2;1.3;-1.7;0.14;1.7;2.6;0;603;175;107;78;96782;2.09;0.2;0.37;0.39
1999;4;5;95;15.2;11.3;7.9;6.6;5.7;4.9;2.1;-2.3;0.14;1.7;2.6;0;528;169;96;67;97208;2.18;0.87;0.36;0.39
1999;4;6;96;18.1;11.9;5.2;7.7;5;3.2;1.1;0.2;0.14;1.7;2.6;0;597;171;115;73;97028;2.03;0;0.36;0.39
1999;4;7;97;17.6;11.1;6.7;9.9;6.6;3.5;1;-0.9;0.14;1.8;2.6;0;573;152;99;53;95926;2.45;13.74;0.36;0.39
1999;4;8;98;10.8;8.4;6.2;5;3.7;1.9;0.9;-3.2;0.14;1.8;2.6;0;304;93;61;35;96142;1.84;1.5;0.37;0.39
1999;4;9;99;10.7;7.8;4.7;3.9;2.9;2.5;0.4;-3.3;0.15;1.8;2.6;0;429;124;76;58;96781;1.41;0.28;0.37;0.39
1999;4;10;100;14.1;9.7;5.6;4.4;2.8;1.5;0.5;-1.5;0.15;1.8;2.6;0;472;164;103;64;96433;1.93;0.02;0.37;0.39
1999;4;11;101;13.9;10.6;7.4;6.7;5.1;2.3;2.2;-2.3;0.15;1.8;2.6;0;382;88;49;30;95804;1.53;1.05;0.37;0.39
1999;4;12;102;11.7;9.1;6;5.8;4.1;1.3;1.1;0.9;0.15;1.9;2.6;0;378;106;81;57;95387;1.36;0.08;0.36;0.39
1999;4;13;103;10;7.7;5.7;7;4.6;1.4;1.2;0;0.15;1.9;2.6;0;238;80;85;42;94596;1.59;7.84;0.37;0.39
1999;4;14;104;10.2;7.6;1.7;5.6;1.6;-2.2;0.6;1.6;0.15;1.9;2.6;0;464;161;108;80;95112;1.92;1.09;0.37;0.39
1999;4;15;105;16.5;11.8;7.3;5.7;3.3;2.1;1.4;5.2;0.15;1.9;2.6;0;667;212;114;90;95213;2.77;0;0.37;0.39
1999;4;16;106;11.8;9.7;7.3;8.9;6.7;2.8;-0.2;3;0.15;2;2.6;0;320;67;80;34;95155;1.55;14.39;0.37;0.39
1999;4;17;107;10;6.2;3.6;7.6;2.8;0.1;1.1;-0.7;0.15;2;2.6;0.17;285;66;79;30;94867;1.77;11.54;0.39;0.39
1999;4;18;108;9.6;5.9;2.8;2.1;-0.1;-1.7;1;-2.8;0.15;2;2.6;0.22;434;138;94;58;95555;1.95;1.04;0.39;0.39
1999;4;19;109;9.7;5.7;2.1;1.4;-0.1;-1.2;1.6;-1.8;0.15;2.1;2.7;0.12;531;175;91;80;96173;1.99;1.03;0.38;0.39
1999;4;20;110;9.7;5;1;3;0.8;-1.2;1.1;-0.4;0.15;2.1;2.7;0.05;622;186;99;82;96228;2.21;3.42;0.38;0.39
1999;4;21;111;15;8.2;-0.4;6.9;3.8;-1.1;0.6;2.7;0.15;2.1;2.7;0.02;629;185;95;66;95817;2.15;0.5;0.38;0.39
1999;4;22;112;16;10.8;6.9;10.2;7.7;5.1;0.6;0.7;0.15;2.2;2.7;0;609;171;113;50;96136;2.52;9.79;0.38;0.39
1999;4;23;113;14;9.8;5.3;9.9;8.1;4.8;-0.1;-0.9;0.15;2.2;2.7;0;509;138;71;48;96128;2.12;13.98;0.39;0.39
1999;4;24;114;16.1;11;5.9;10.1;8.2;5.4;0.7;-2;0.16;2.2;2.7;0;601;182;93;58;95880;2.44;5.14;0.4;0.39
1999;4;25;115;14.9;10.8;6.9;9.7;8;5.9;0.6;-2.4;0.16;2.3;2.7;0;591;186;85;61;96029;2.61;2.68;0.4;0.39
1999;4;26;116;15.5;11;4.3;9.1;6.7;4.1;0.2;-0.5;0.16;2.3;2.7;0;565;181;95;65;96096;2.33;0.34;0.4;0.39
1999;4;27;117;17.5;12;6.9;11.6;9;5.6;-0.1;0.4;0.16;2.3;2.7;0;606;192;103;67;96094;2.39;1.69;0.39;0.39
1999;4;28;118;16;12;6.5;11.6;9.4;6.3;0.8;-1.3;0.16;2.4;2.7;0;465;157;81;46;96413;2.15;1.3;0.39;0.39
1999;4;29;119;17.5;12.8;6.4;11.7;9.3;5.8;-0.3;0.1;0.16;2.4;2.7;0;541;151;90;57;96085;2.05;0.23;0.39;0.39
1999;4;30;120;16.6;12.7;9.8;10.7;8.7;7.8;0.5;-1.5;0.16;2.4;2.7;0;465;151;77;50;96039;2.14;0.33;0.39;0.39
1999;5;1;121;19.4;14.2;10.4;13.2;10.5;8.4;1;0.2;0.16;2.5;2.7;0;647;188;101;59;96306;2.76;8.53;0.39;0.39
1999;5;2;122;17.4;13.1;8.8;12;10.3;7.6;0.7;-1.4;0.16;2.5;2.7;0;478;155;73;57;96476;2.45;5.72;0.39;0.39
1999;5;3;123;19.9;14.1;6.9;12.6;9.9;6.7;-0.1;0.9;0.16;2.6;2.7;0;458;174;94;56;96592;2.63;0.21;0.39;0.39
1999;5;4;124;14.6;12.4;9.3;12.6;11;8.5;-0.9;-1.3;0.16;2.6;2.7;0;213;63;45;23;96281;1.2;8.44;0.39;0.39
1999;5;5;125;13;9.4;7;7.4;5.1;3.4;-0.7;-1.5;0.16;2.6;2.7;0;436;116;75;36;96255;2.23;1.82;0.4;0.39
1999;5;6;126;12.6;9.3;6.2;4.6;2.5;0.9;-1.9;0.9;0.16;2.7;2.7;0;674;226;117;69;96852;3.06;0.47;0.39;0.39
1999;5;7;127;11.7;9.1;6.5;5.8;5.4;4.3;-0.3;3.3;0.16;2.7;2.7;0;208;70;50;27;96588;1.41;0.51;0.39;0.39
1999;5;8;128;18.9;13.2;7.4;11;8.9;5.9;-0.3;1.6;0.16;2.7;2.7;0;669;206;102;62;96063;2.89;1.23;0.39;0.39
1999;5;9;129;17.7;13.7;8.7;10.9;8.6;6.4;1;-2.4;0.16;2.8;2.7;0;557;180;103;56;96557;3.29;2.36;0.39;0.39
1999;5;10;130;20.8;15;6.8;10.9;8.9;5.6;0.8;2.3;0.16;2.8;2.7;0;716;254;120;83;96515;3.82;0;0.39;0.39
1999;5;11;131;17.4;14.8;12.1;12;10.5;9.4;1;-0.7;0.17;2.8;2.8;0;368;123;63;38;96195;2.31;4.07;0.38;0.39
1999;5;12;132;17.8;14.5;12.4;11.7;10.6;8.9;0.9;-0.5;0.17;2.9;2.8;0;447;118;70;34;95944;2.59;5.76;0.38;0.39
1999;5;13;133;18.6;14.6;10.7;11.3;9.8;8.2;1.4;-0.7;0.17;2.9;2.8;0;531;179;98;54;95923;3.21;2.83;0.39;0.39
1999;5;14;134;13.4;12.1;9;12.7;11.1;8.3;0;-0.1;0.17;2.9;2.8;0;162;40;55;21;95724;0.8;14.42;0.39;0.39
1999;5;15;135;16.4;12.3;7.6;10;7.4;5.3;1.4;-1.4;0.17;3;2.8;0;560;178;85;60;95686;3.24;2.26;0.4;0.39
1999;5;16;136;13;10.1;7.1;5.3;3.6;1.8;1.2;-3.4;0.17;3;2.8;0;606;204;89;68;96195;3.14;0.06;0.39;0.39
1999;5;17;137;14.5;11;4.9;6.9;5.4;3.5;-0.8;1;0.17;3;2.8;0;601;175;111;59;96659;2.59;0.1;0.39;0.39
1999;5;18;138;11.7;9.9;6.5;8.1;6.5;4.7;-1.6;1.7;0.17;3;2.8;0;221;68;78;33;96816;1.22;0.81;0.39;0.39
1999;5;19;139;16.6;11.7;4.9;7;5.4;3.1;-0.9;3.3;0.17;3;2.8;0;724;259;117;89;96785;3.73;0;0.39;0.39
1999;5;20;140;19.8;14.8;8.7;13.6;11.1;6.9;-1.1;2;0.17;3;2.8;0;665;207;97;58;95849;3.03;6.67;0.38;0.39
1999;5;21;141;17.4;13.9;8.7;13.1;10.7;8.1;-0.4;2.2;0.17;3;2.8;0;623;186;102;48;95267;3.38;15.44;0.4;0.39
1999;5;22;142;18.3;13.6;6.6;11.2;9.2;6.3;1.2;-1.2;0.17;3;2.8;0;582;209;93;71;96005;3.42;1.42;0.39;0.39
1999;5;23;143;15.7;13.1;10;9.5;7.5;5.7;1.1;-4.1;0.17;3;2.8;0;558;199;86;68;96680;3.14;0.19;0.39;0.39
1999;5;24;144;17.6;13.3;7.6;10.1;7;5.2;0.2;-1.4;0.17;3;2.8;0;652;231;106;78;96913;3.58;0;0.39;0.39
1999;5;25;145;20.2;15.2;8;12.8;10.2;6.9;0.2;-0.2;0.17;3;2.8;0;654;217;104;68;96466;3.29;0.08;0.38;0.39
1999;5;26;146;20.7;16.3;11.6;14.5;11.9;9.6;0.9;-1;0.17;3;2.8;0;611;222;92;66;96597;3.5;1.67;0.38;0.39
1999;5;27;147;22.9;17.2;9.8;15.8;13.5;9.7;-0.4;0.9;0.17;3;2.8;0;647;233;99;69;96807;3.77;1.45;0.38;0.39
1999;5;28;148;24.2;18.3;11.7;17.5;14.4;11;-0.1;1.3;0.17;3;2.8;0;705;240;103;69;96907;3.95;3.11;0.38;0.39
1999;5;29;149;24.5;19.3;12.8;16.2;14.7;12.2;0.3;1.6;0.17;3;2.8;0;692;235;103;72;96860;4.15;1.27;0.37;0.39
1999;5;30;150;25.7;20.5;14.2;17;15.5;13.2;0.5;1.4;0.17;3;2.8;0;701;245;102;75;96414;4.2;0.25;0.37;0.39
1999;5;31;151;27.1;21.6;15;15.3;13.2;9.8;1.4;-1.1;0.17;3;2.8;0;669;223;109;71;96469;4.41;0.17;0.37;0.39
1999;6;1;152;22.1;18.2;14.6;14.8;12.5;11.3;0;-2;0.17;3;2.8;0;597;206;88;61;96791;3.69;0.16;0.36;0.39
1999;6;2;153;24.9;20;13.9;17.8;15.5;11.9;-0.1;2.3;0.17;3;2.8;0;437;164;78;44;96309;2.95;0;0.36;0.39
1999;6;3;154;22.7;19.4;16.3;16.9;11.8;8.4;1.1;-1.2;0.17;3;2.8;0;628;206;91;63;96127;4.19;0.45;0.36;0.39
1999;6;4;155;18.8;16.5;14.2;14.7;10.9;8.8;1.6;-1.6;0.17;3;2.8;0;498;171;75;49;95847;3.4;4.42;0.35;0.39
1999;6;5;156;22.1;17.5;12.4;11.3;10;8.5;0.5;0.7;0.17;3;2.8;0;689;244;110;85;95977;4.19;0;0.35;0.39
1999;6;6;157;24.8;19.4;13.5;14.9;12.3;10.1;0.4;2.9;0.17;3;2.8;0;735;248;105;75;95857;4.41;0;0.35;0.39
1999;6;7;158;24.9;19.6;14.1;15.4;13.2;10.2;0.2;0.8;0.17;3;2.8;0;708;248;105;74;96391;4.23;0.02;0.34;0.39
1999;6;8;159;23.7;17.9;12.5;17.6;13.2;6.7;1.6;0.4;0.17;3;2.8;0;533;178;73;55;96431;3.64;9.22;0.34;0.39
1999;6;9;160;19.6;15.4;11.6;10.4;8;6.1;0.6;-2.7;0.17;3;2.8;0;732;267;118;89;97173;4.31;0;0.34;0.39
1999;6;10;161;21.4;16.6;10;12.4;10.4;7.4;-0.3;0.4;0.17;3;2.8;0;659;228;107;76;96940;3.64;0;0.34;0.38
1999;6;11;162;21.7;17.2;13.2;15.5;13.6;11.3;0.5;-0.5;0.17;3;2.8;0;562;163;73;44;96480;3.35;17.7;0.34;0.38
1999;6;12;163;19.2;15.8;12.6;12.8;12;9.9;1.8;-3.2;0.17;3;2.8;0;460;149;73;37;96559;3.34;11.37;0.36;0.38
1999;6;13;164;18.5;15.2;11.3;12.4;10.9;8.9;0.6;-2.9;0.17;3;2.8;0;489;179;71;58;96608;2.93;0.01;0.36;0.38
1999;6;14;165;19.8;16.3;12.7;14;12.7;11.6;0.1;-2.1;0.17;3;2.8;0;421;167;73;48;96584;2.71;0.18;0.36;0.38
1999;6;15;166;19.8;16.7;13.7;14.4;13.6;12.7;0.5;-2.7;0.17;3;2.8;0;397;138;49;37;96710;2.55;2.88;0.35;0.38
1999;6;16;167;18.4;15.6;13.8;16;14.5;13.2;1;-2;0.17;3;2.8;0;326;86;61;23;96682;1.78;6.35;0.36;0.38
1999;6;17;168;21.1;17.4;13.9;15.8;14.2;13.1;1.3;-2.7;0.17;3;2.8;0;567;176;85;40;96352;3.14;1.39;0.36;0.38
1999;6;18;169;19.1;15.9;12.2;14.1;11.9;7.9;1.9;-3.4;0.17;3;2.8;0;428;141;92;52;96120;3.02;2.99;0.36;0.38
1999;6;19;170;18.4;14.7;10.7;8.5;7.7;7.1;1.5;-3;0.17;3;2.8;0;649;237;103;76;96489;4.02;0.02;0.35;0.38
1999;6;20;171;20.4;16.5;12.1;13.6;10.8;6.9;0.4;-0.6;0.17;3;2.8;0;485;178;88;55;96248;3.12;0.25;0.35;0.38
1999;6;21;172;18.8;14.1;10.4;13.4;10.7;8.1;1.6;-2.3;0.17;3;2.8;0;324;91;54;28;95520;3.4;23.04;0.35;0.38
1999;6;22;173;10.6;9.8;8.3;8.4;6.1;3.5;2.3;-7.1;0.17;3;2.8;0;210;74;49;23;95726;4.77;13.77;0.38;0.38
1999;6;23;174;16.7;12.8;9.7;5.2;4.1;2.6;1.8;-4.8;0.17;3;2.8;0;629;236;100;77;96645;4.08;0;0.37;0.38
1999;6;24;175;16.5;12.9;8.1;8.8;6.8;4.5;0.5;-2.4;0.16;3;2.8;0;521;197;97;72;96939;3.16;0.21;0.37;0.38
1999;6;25;176;18;14.1;7.5;11.3;8.9;6.4;-0.3;0.5;0.16;2.9;2.8;0;533;188;105;69;96747;2.9;0.26;0.37;0.38
1999;6;26;177;22.9;17.7;10.9;12.6;11;8.3;0.5;3.1;0.16;2.9;2.8;0;729;266;112;85;96200;4.53;0.01;0.36;0.38
1999;6;27;178;23.4;18.5;13.3;15.8;13.7;10.7;-0.1;2.9;0.16;2.9;2.8;0;666;210;83;67;95978;3.71;1.02;0.36;0.38
1999;6;28;179;23;18.2;14.2;16.5;13.6;10.5;0.7;-0.7;0.16;2.9;2.8;0;670;219;94;64;96184;4.38;13.36;0.36;0.38
1999;6;29;180;23;18.7;14.1;15.5;12.4;9.9;0.1;-1.2;0.16;2.9;2.8;0;675;252;109;76;96759;4.34;0.02;0.36;0.38
1999;6;30;181;23.1;19.4;13.9;15.5;13.6;12.2;0.8;-1.7;0.16;2.9;2.8;0;593;206;79;59;96546;3.72;0.1;0.36;0.38
1999;7;1;182;23.2;19.6;16.8;14.3;13.5;11.9;1.7;-2.9;0.16;2.9;2.8;0;694;227;94;67;96512;4.15;0.11;0.36;0.38
1999;7;2;183;24.4;20.1;15.1;16.7;13.4;11.2;0.7;-1.3;0.16;2.9;2.8;0;553;212;84;65;96395;3.89;0.3;0.35;0.38
1999;7;3;184;25.1;20.5;14.6;17;15.1;13.4;-0.2;-0.4;0.16;2.9;2.8;0;625;226;92;65;96348;3.92;0.09;0.35;0.38
1999;7;4;185;28.5;22.9;15.7;18.8;17.3;14.8;-0.4;2;0.16;2.9;2.7;0;703;263;101;73;96211;4.63;0;0.34;0.38
1999;7;5;186;27.9;23.8;18.8;18.2;16.5;15.6;-0.3;3.6;0.16;2.9;2.7;0;693;249;88;71;96063;4.75;0.03;0.34;0.38
1999;7;6;187;30.1;24.5;18.5;17.4;15.2;11.9;1.5;2.4;0.16;2.8;2.7;0;717;266;110;85;95842;5.27;0.01;0.34;0.38
1999;7;7;188;21.2;18.8;16.4;13.7;12.1;9.5;1.4;-3.4;0.16;2.8;2.7;0;561;176;69;54;96382;4.24;6.39;0.33;0.38
1999;7;8;189;16.9;15.4;14;13.4;12.2;10.4;2.9;-4.3;0.16;2.8;2.7;0;318;111;50;23;96547;2.71;3.8;0.34;0.38
1999;7;9;190;18.4;15.9;14;17;14.7;11.1;1.3;-3.2;0.16;2.8;2.7;0;155;62;38;12;96524;1.69;25.82;0.34;0.38
1999;7;10;191;19.9;17.6;16.6;19.3;17.4;16.5;-0.3;-1.8;0.16;2.8;2.7;0;191;47;18;5;96224;0.98;53.98;0.38;0.38
1999;7;11;192;22.5;18.7;15.7;18;16.9;15.4;-0.9;0.4;0.16;2.8;2.7;0;484;150;75;31;96265;3.03;14.1;0.4;0.38
1999;7;12;193;23.1;19.2;15.3;18.8;17;15;-0.7;1.7;0.16;2.8;2.7;0;489;164;75;39;96153;2.86;2.35;0.4;0.38
1999;7;13;194;24.7;20.9;16.9;18;17.2;16.7;0;1.4;0.16;2.8;2.7;0;590;201;88;49;95673;3.83;1.43;0.4;0.38
1999;7;14;195;24.1;19.6;16.1;17.2;14.6;10.5;1.8;-1.2;0.16;2.8;2.7;0;522;165;80;57;95425;3.5;4.32;0.4;0.38
1999;7;15;196;21.2;18;15.1;11.5;10.3;9.7;2.1;-2.4;0.16;2.8;2.7;0;654;213;102;70;96049;4.13;0.03;0.4;0.38
1999;7;16;197;21.5;17.3;12.8;14.8;11.9;10.2;0.8;-1.5;0.16;2.8;2.7;0;577;211;89;67;96526;3.71;3.37;0.39;0.38
1999;7;17;198;21.3;18;13.6;14.3;12.4;11.4;0.3;-1.2;0.16;2.8;2.7;0;567;212;88;68;96790;3.78;0.71;0.39;0.38
1999;7;18;199;23.2;18.8;12.4;14.7;12.9;11.4;-0.4;0.5;0.16;2.8;2.7;0;669;235;108;78;96711;3.89;0.05;0.39;0.38
1999;7;19;200;24.7;20;13.6;15.5;13.4;11.8;0.3;2.3;0.16;2.7;2.7;0;689;238;103;77;96538;4.32;0;0.38;0.38
1999;7;20;201;27.2;21.6;15.1;18.2;15.9;12.9;0.5;1.1;0.16;2.7;2.7;0;683;248;103;76;96346;4.38;0.53;0.38;0.38
1999;7;21;202;26.8;21.8;16.7;19.1;17.2;14.8;0.9;0;0.16;2.7;2.7;0;673;221;104;63;96270;4.03;7.35;0.38;0.38
1999;7;22;203;19;17.2;12.1;17.1;14.6;8.2;0.6;-1.4;0.16;2.7;2.7;0;205;60;38;24;96136;2.57;16.8;0.38;0.38
1999;7;23;204;17.1;14.4;12.2;10.7;9.9;9;2.6;-3.8;0.16;2.7;2.7;0;374;114;69;31;96211;3.3;10.14;0.4;0.38
1999;7;24;205;18.7;15.6;12.7;11.5;10.6;9.3;0.9;-3.9;0.16;2.7;2.7;0;540;174;77;51;96738;3.09;0.68;0.4;0.38
1999;7;25;206;21.7;17.6;14;14.9;12.3;9.2;0.5;-2.5;0.16;2.7;2.7;0;507;160;77;47;96631;2.92;0.06;0.39;0.38
1999;7;26;207;23.8;19.5;15.6;18.2;15.7;12.6;0.7;-2.2;0.16;2.7;2.7;0;472;143;62;45;96255;2.82;5.23;0.39;0.38
1999;7;27;208;22.2;19.7;17;17.8;16.1;14.2;0.7;-3.6;0.16;2.7;2.7;0;472;170;63;50;96351;3.25;1.09;0.39;0.38
1999;7;28;209;22.7;19.2;15.1;15;13.7;12.4;0.4;-3;0.16;2.7;2.7;0;634;213;88;64;96380;3.79;0.02;0.39;0.38
1999;7;29;210;22;18.4;15;14;12.2;10.9;0.3;-3.1;0.16;2.7;2.7;0;598;209;92;69;96356;3.81;0.45;0.38;0.38
1999;7;30;211;20.3;17.5;14.1;11.8;10.4;9.6;0.4;-2.6;0.16;2.7;2.7;0;563;189;92;69;96298;3.54;0.35;0.38;0.38
1999;7;31;212;21.9;17.9;13.6;13;11.6;9.5;0.3;-2.1;0.16;2.7;2.7;0;656;225;99;75;96240;3.82;0.13;0.37;0.38
1999;8;1;213;22.3;18.1;12.2;14;12.3;10.1;0.2;-1.2;0.16;2.7;2.7;0;626;225;101;72;96330;3.66;0.57;0.37;0.38
1999;8;2;214;22;17.9;12.4;14.4;12.4;10.8;0.3;-1.6;0.16;2.7;2.7;0;635;206;97;71;96369;3.43;0.47;0.37;0.38
1999;8;3;215;22;18.1;12;14.7;11.9;9.8;0.1;-1;0.16;2.7;2.7;0;633;208;103;72;96290;3.36;0.16;0.36;0.38
1999;8;4;216;22.7;18.6;13.4;14.7;12.8;11.1;-0.1;0.1;0.16;2.6;2.7;0;591;203;98;70;96269;3.33;0.33;0.36;0.38
1999;8;5;217;23.3;19.2;15.1;18.8;16.6;14.1;-0.1;1.2;0.16;2.6;2.7;0;441;131;60;37;96184;2.34;2.06;0.36;0.38
1999;8;6;218;25.4;21.3;16.2;19.9;18;15.3;0.3;0.8;0.16;2.6;2.7;0;501;174;75;51;96055;2.87;1.06;0.36;0.38
1999;8;7;219;26.9;21.3;17.1;19;17.9;16.6;0.3;-0.2;0.16;2.6;2.7;0;649;206;93;51;95600;3.65;7.31;0.36;0.38
1999;8;8;220;28.2;21.8;15.8;19;17.4;14.9;1.5;1.6;0.16;2.6;2.7;0;558;199;82;58;95300;3.73;0.31;0.36;0.38
1999;8;9;221;29.7;23.9;17.4;20;18.2;16.1;0.7;0.4;0.16;2.6;2.7;0;647;216;85;60;95508;3.9;0.05;0.35;0.38
1999;8;10;222;24.7;20.4;16.3;19.9;17;12.5;0.8;-1.3;0.16;2.6;2.7;0;508;138;69;43;95828;3.07;10.29;0.35;0.38
1999;8;11;223;22.8;18.8;14.8;14.9;13.2;12.2;1.3;-1.3;0.16;2.6;2.7;0;563;166;79;54;96220;3.16;0.59;0.36;0.38
1999;8;12;224;20.4;17.2;15;12.5;11.4;9.4;0.1;-2.4;0.16;2.6;2.7;0;620;162;84;56;96277;2.88;0.15;0.36;0.38
1999;8;13;225;18.2;15.1;12.5;10;8;6.4;1.1;-3;0.16;2.6;2.7;0;444;127;84;51;96105;2.63;0.34;0.35;0.38
1999;8;14;226;20.8;15.9;9.5;10.6;8.9;7;0.7;1.2;0.16;2.6;2.7;0;529;185;103;76;96002;3.05;0.07;0.35;0.38
1999;8;15;227;22.1;17.6;13.4;15.6;13.4;10.5;0.6;0.4;0.16;2.6;2.7;0;586;159;90;50;95780;2.74;3.07;0.35;0.38
1999;8;16;228;17.7;16.3;14;15.6;14.3;12.7;-0.5;-0.6;0.16;2.6;2.7;0;192;57;32;15;95860;1.57;37.38;0.35;0.38
1999;8;17;229;21.3;16.9;13.2;15.3;13.5;11.8;0.5;0.1;0.15;2.6;2.7;0;502;144;71;40;95731;2.69;9.84;0.38;0.38
1999;8;18;230;20.2;17.8;15.5;16.2;15;14;0.3;2.1;0.15;2.6;2.7;0;293;85;56;27;95841;1.72;0.16;0.38;0.38
1999;8;19;231;20.5;18.6;16.4;16.1;14.2;12.5;0.2;-0.1;0.15;2.6;2.7;0;235;78;52;29;96217;1.52;0.26;0.38;0.38
1999;8;20;232;17.7;15.8;14.2;15;13.9;11.8;0.4;-1.5;0.15;2.6;2.7;0;130;34;32;16;96488;1.44;29.5;0.39;0.38
1999;8;21;233;20.4;16.4;13.3;12.2;10.1;8.4;1.1;-2;0.15;2.6;2.7;0;487;149;87;55;96533;3.05;0.01;0.4;0.38
1999;8;22;234;18.3;14.9;11.7;11.3;10.3;9.4;0.2;-1.8;0.15;2.6;2.7;0;480;159;83;64;96647;2.47;0.39;0.4;0.38
1999;8;23;235;18.2;14.8;10.3;11.7;10.1;8.4;-0.6;0.1;0.15;2.5;2.7;0;524;149;96;55;96738;2.31;0.18;0.39;0.38
1999;8;24;236;19.9;16.3;11.7;13.2;11.6;9.7;-0.3;0.6;0.15;2.5;2.7;0;473;151;91;56;96772;2.48;0.77;0.39;0.38
1999;8;25;237;21.2;16.7;12.3;13.8;12.4;11.1;-0.5;0.6;0.15;2.5;2.7;0;537;172;92;64;96885;2.75;0.6;0.39;0.38
1999;8;26;238;21.2;17.2;12.5;13.3;11.5;10.5;-0.6;2.6;0.15;2.5;2.7;0;569;166;83;56;96735;2.9;0;0.39;0.38
1999;8;27;239;18;15.4;13;13.3;12.4;10.6;-0.5;1.7;0.15;2.5;2.7;0;354;71;54;31;96740;1.69;4.58;0.39;0.38
1999;8;28;240;21.3;17.2;12;16.1;14.1;11.7;-0.2;0.4;0.15;2.5;2.7;0;461;131;69;42;96652;2.04;0.2;0.38;0.38
1999;8;29;241;17.7;16;14.5;16.1;14.9;13.8;0.5;-1;0.15;2.5;2.7;0;234;52;53;22;96472;1.06;14.76;0.39;0.38
1999;8;30;242;16.1;14.9;13.9;14.6;13.6;12.3;1;-2.5;0.15;2.5;2.7;0;181;54;23;18;96368;2.01;9.21;0.4;0.38
1999;8;31;243;20.2;16.7;13.7;13.3;12;11.1;1.2;-2.7;0.15;2.5;2.7;0;544;158;82;50;96190;2.98;0.33;0.4;0.38
1999;9;1;244;18.2;14.6;11.3;12.2;10.8;7.7;1.5;-2.9;0.15;2.5;2.7;0;503;147;85;62;96364;2.84;3.57;0.4;0.38
1999;9;2;245;13.1;11.7;10.9;11;9.6;7.8;1.7;-3.7;0.15;2.5;2.7;0;324;79;63;36;96574;2.24;6.8;0.4;0.38
1999;9;3;246;16.5;13.5;11.1;14.6;12.3;10.3;1;-2.2;0.15;2.5;2.7;0;204;48;42;20;96642;1.29;10.7;0.41;0.38
1999;9;4;247;17.1;14.5;12.8;14.8;13.4;12.4;-0.9;-0.1;0.15;2.5;2.7;0;319;81;70;24;96812;1.32;2.65;0.41;0.38
1999;9;5;248;15.6;13.8;12.1;14.4;12.9;11.3;-0.8;1.1;0.15;2.5;2.7;0;249;61;52;27;96757;1.07;2.7;0.41;0.38
1999;9;6;249;19.9;15.6;11.6;12.9;11.9;11;0.3;2.5;0.15;2.5;2.7;0;398;132;76;51;96435;2.24;0.01;0.41;0.38
1999;9;7;250;20.7;16.1;11.3;15.1;13.3;10.5;0.5;-0.3;0.15;2.5;2.7;0;504;139;83;53;96349;2.08;3.49;0.4;0.38
1999;9;8;251;21.2;17.5;14.4;15.2;13.8;12.5;1.4;-2.7;0.15;2.5;2.7;0;580;168;89;55;96660;2.95;1;0.4;0.38
1999;9;9;252;22.5;18.5;14.7;14.7;13.2;12.2;1;-3;0.15;2.5;2.7;0;588;182;96;73;96873;2.99;0;0.4;0.38
1999;9;10;253;22.4;18.6;15.4;14.3;12.5;11.4;0.7;-3;0.15;2.5;2.7;0;597;184;103;79;97199;3.12;0;0.39;0.38
1999;9;11;254;22.1;17.3;12.5;15;13.4;11.2;0.3;-1;0.15;2.5;2.7;0;576;176;101;74;97063;2.56;0;0.39;0.38
1999;9;12;255;22.5;17.5;12.2;15.3;13;10.7;0.1;0.1;0.15;2.5;2.7;0;593;182;111;78;96609;2.62;0;0.39;0.38
1999;9;13;256;23.1;17.2;10.6;15;12.9;9.9;0.3;1.1;0.15;2.5;2.7;0;574;177;108;78;96224;2.59;0;0.38;0.38
1999;9;14;257;23;17.5;11.6;15.4;13.6;10.6;0.4;1.5;0.15;2.5;2.7;0;571;173;104;75;96126;2.47;0;0.38;0.38
1999;9;15;258;22.5;17.6;11.5;16.2;14.6;11;-0.1;0.8;0.15;2.5;2.7;0;511;147;84;60;96105;2.13;0.22;0.38;0.38
1999;9;16;259;22.8;17.6;12;16.7;14.6;11.7;0.3;0.4;0.15;2.4;2.7;0;480;136;84;55;95829;1.95;0.36;0.37;0.38
1999;9;17;260;21.1;17.7;14.2;16;15;13.3;0.2;0.5;0.15;2.4;2.7;0;375;107;73;48;95848;1.56;0.27;0.37;0.38
1999;9;18;261;19.7;16.7;14;16.4;15;13.1;-0.1;1;0.14;2.4;2.7;0;280;92;72;42;95836;1.48;9.94;0.38;0.38
1999;9;19;262;20.6;17.4;14.1;17.8;15.4;13.6;-0.6;3.2;0.14;2.4;2.7;0;323;102;62;40;95668;1.92;1.46;0.38;0.38
1999;9;20;263;22.9;19.2;15.4;15.5;14.4;13.3;-0.5;5;0.14;2.3;2.7;0;501;149;77;64;95538;2.57;0.01;0.38;0.38
1999;9;21;264;18.3;16.3;12;15.9;14.3;11.6;-0.2;2.6;0.14;2.3;2.7;0;134;40;66;33;95607;1.28;10.05;0.38;0.38
1999;9;22;265;20.9;15.4;9.6;13.9;12.2;9.5;0.4;1.5;0.14;2.3;2.7;0;539;150;108;69;96160;2.2;0;0.38;0.38
1999;9;23;266;21.3;16.2;11;15.3;13.3;10;0;0.4;0.14;2.3;2.7;0;451;135;82;61;96323;1.82;0;0.38;0.38
1999;9;24;267;21.7;16.6;11.1;16.2;13.8;10.6;0.8;-0.4;0.14;2.2;2.7;0;483;130;86;58;96678;1.71;0.04;0.38;0.38
1999;9;25;268;22.4;17.7;12.7;16.5;14.3;12.1;0.9;1.4;0.14;2.2;2.7;0;507;139;88;58;96190;2;0;0.38;0.38
1999;9;26;269;24.7;18.6;13.3;17.6;14.8;11.6;0.8;0.1;0.14;2.2;2.7;0;459;135;88;49;95680;2.47;5.65;0.37;0.38
1999;9;27;270;18.2;15.7;13.5;12.8;12.2;11.6;0.3;1;0.14;2.1;2.7;0;335;82;67;45;95989;1.34;0.02;0.38;0.38
1999;9;28;271;20.4;14.8;10.9;13.7;11.4;8.3;1.5;0.1;0.14;2.1;2.6;0;379;99;73;46;95568;2.35;6.44;0.38;0.38
1999;9;29;272;18.8;15;11.6;10.3;8.7;7;1.5;-0.3;0.14;2.1;2.6;0;408;104;92;59;95876;1.83;0.01;0.38;0.38
1999;9;30;273;21.2;16.5;11.9;12.5;10.9;8.6;1;3;0.14;2.1;2.6;0;483;137;96;69;95155;2.16;0;0.38;0.38
1999;10;1;274;17.3;13.9;10.7;11.9;9.7;5.9;0.9;0.2;0.14;2;2.6;0;304;67;95;42;95803;1.29;1.82;0.37;0.38
1999;10;2;275;18.5;14.5;9.9;11.4;10.5;9;0.6;3.6;0.14;2;2.6;0;439;110;89;54;95984;1.63;0;0.37;0.38
1999;10;3;276;21.1;16;11.8;12.5;11;6.2;1.7;2.3;0.14;2;2.6;0;487;123;94;65;95507;1.94;0.76;0.37;0.38
1999;10;4;277;10.8;8.7;7.6;7.3;6.5;5.5;1.2;-2.7;0.14;2;2.6;0;162;29;30;16;95945;2.29;16.21;0.38;0.38
1999;10;5;278;12.3;9.5;7.6;6;5;3.5;1.9;-3.8;0.14;1.9;2.6;0;445;114;86;64;96194;1.65;0.19;0.38;0.38
1999;10;6;279;11.2;8.6;6.8;4.6;3.9;2.9;2.1;-3.6;0.14;1.9;2.6;0;456;119;97;69;96739;1.53;0.58;0.38;0.38
1999;10;7;280;12.2;8.4;4.7;4.5;3.4;2.8;1.5;-1.8;0.14;1.9;2.6;0;373;112;91;74;97249;1.32;0.23;0.38;0.38
1999;10;8;281;14.1;8.3;2.6;6.9;4;1.7;0.8;0.3;0.14;1.9;2.6;0;386;107;86;65;97192;1.15;0;0.38;0.38
1999;10;9;282;14.7;10.5;6.5;8.4;6.5;4.2;1.7;0.2;0.14;1.8;2.6;0;287;57;67;30;96795;0.93;0.83;0.38;0.38
1999;10;10;283;15;12.9;11;9.2;8.2;6.5;2.9;-1.8;0.14;1.8;2.6;0;249;63;60;37;96836;1.02;0.02;0.37;0.38
1999;10;11;284;18.6;13.3;8.7;10.8;9.3;7.6;0.7;-0.6;0.14;1.8;2.6;0;411;106;88;54;97130;1.26;0.04;0.37;0.38
1999;10;12;285;15.6;12.6;10.3;11.3;10;9.1;0.4;-0.4;0.14;1.8;2.6;0;181;42;53;27;97273;0.61;0.82;0.37;0.38
1999;10;13;286;10.8;9.8;7.9;9.3;7.1;6.1;-0.3;-0.5;0.14;1.7;2.6;0;100;27;43;20;97318;0.56;0.74;0.37;0.38
1999;10;14;287;14.3;10.4;6.9;7.8;5.3;3.2;1.6;-1.8;0.14;1.7;2.6;0;327;85;87;48;96808;1.16;0.11;0.37;0.38
1999;10;15;288;10.5;8.3;5.8;7.1;3.9;1;0.6;-2.7;0.14;1.7;2.6;0;404;100;101;60;96734;1.32;1.09;0.37;0.38
1999;10;16;289;9;5.9;3.4;2.7;0.2;-1.3;1;-2.7;0.14;1.7;2.6;0;366;94;99;73;96743;1.05;0.13;0.37;0.38
1999;10;17;290;6.3;3.6;0.6;0.9;-0.9;-2;0.4;-2.2;0.13;1.7;2.6;0;295;79;94;70;96947;0.79;0.23;0.37;0.38
1999;10;18;291;6.6;3.2;0.3;0.6;-1.4;-2.7;-0.8;0.7;0.13;1.6;2.6;0;362;89;91;60;96932;0.78;0.26;0.37;0.38
1999;10;19;292;6;3.1;0.3;-0.6;-1.6;-3.5;-1.3;-0.5;0.13;1.6;2.6;0;347;87;96;58;96459;0.67;0;0.37;0.38
1999;10;20;293;6.3;3.4;-0.1;1.3;-0.2;-2.7;-1.1;2;0.13;1.6;2.6;0;319;66;74;41;96465;0.57;0.2;0.36;0.38
1999;10;21;294;6.1;4.6;3.1;4.5;2.9;1.2;-1.5;3.2;0.13;1.6;2.6;0;79;20;23;11;96176;0.22;0.13;0.36;0.38
1999;10;22;295;8;6.2;4.5;5.5;4.7;3.9;-0.8;3.1;0.13;1.6;2.6;0;181;40;28;14;96058;0.61;1.08;0.36;0.38
1999;10;23;296;13.3;9.6;6.5;10.2;7.9;5.2;0.1;4.4;0.13;1.6;2.6;0;229;51;57;22;95575;0.47;2.95;0.36;0.38
1999;10;24;297;16.4;12.5;9.5;10.2;9.2;8;0.6;3.4;0.13;1.6;2.6;0;228;60;93;38;95213;0.98;5.5;0.37;0.38
1999;10;25;298;19.8;15.9;12.4;13.6;12.2;9.9;1.9;4;0.13;1.6;2.6;0;349;85;81;56;95384;1.04;0.09;0.37;0.38
1999;10;26;299;15.3;12.7;9.7;11.7;10.5;8.1;0.5;0.1;0.13;1.6;2.6;0;143;35;54;27;96399;0.59;4.62;0.37;0.38
1999;10;27;300;15.1;11.1;7.7;8.6;6;4.8;2.1;-1.6;0.13;1.6;2.6;0;375;96;102;74;97072;1.26;0;0.37;0.38
1999;10;28;301;17.2;10.8;4.9;10.6;7.3;3.8;1;0.6;0.13;1.5;2.6;0;410;102;122;73;97275;0.91;0;0.37;0.38
1999;10;29;302;13.7;11.3;8.2;11.4;8.8;6.5;0.5;-1.7;0.13;1.5;2.6;0;269;43;63;36;97383;0.81;5.63;0.37;0.38
1999;10;30;303;13.3;9.9;6;8.8;7.7;5.5;0.1;3.4;0.13;1.5;2.6;0;325;77;79;44;97041;0.68;0.01;0.37;0.38
1999;10;31;304;17;11.5;8.1;11;7.9;5;1;-0.4;0.12;1.5;2.6;0;338;69;97;58;96879;0.76;0.29;0.37;0.38
1999;11;1;305;13.6;9.5;5.4;7.7;5.8;3.8;0.7;2.1;0.12;1.5;2.6;0;357;84;102;68;97383;0.77;0;0.37;0.38
1999;11;2;306;15.1;9.4;5;9.9;7.2;4.4;0.5;1.1;0.12;1.5;2.6;0;381;91;111;76;96776;0.62;0;0.37;0.38
1999;11;3;307;11.6;8.5;5.2;9;7;4.7;1;-2.1;0.12;1.5;2.6;0;63;14;52;14;97165;0.57;1.6;0.37;0.38
1999;11;4;308;8.8;7.5;6.3;6.1;5.5;4.9;0;-0.8;0.12;1.5;2.6;0;137;25;42;19;97287;0.44;0.28;0.37;0.38
1999;11;5;309;10.2;8.3;7;6.7;6.2;5.8;0.1;3;0.12;1.5;2.6;0;146;37;65;31;96585;0.39;0.11;0.37;0.38
1999;11;6;310;14.6;9.7;6.9;8.4;6.6;3.2;1.2;1.7;0.12;1.4;2.6;0;318;75;100;53;95720;0.85;0.57;0.37;0.38
1999;11;7;311;8.3;6.4;5.1;4.1;2.9;1.4;2;-4.5;0.12;1.4;2.6;0;247;42;44;23;96523;1.35;3.36;0.37;0.38
1999;11;8;312;6.8;5.2;4.2;4.1;3.2;1.7;1.2;-3.6;0.12;1.4;2.6;0;111;25;64;29;96911;1.2;3.74;0.37;0.38
1999;11;9;313;4.3;3.5;2.6;3.6;3;2.2;0;-2.4;0.13;1.4;2.6;0.41;60;13;36;9;96855;0.57;19.41;0.38;0.38
1999;11;10;314;3.8;3.2;2.6;3.7;2.4;1.7;-1.5;0.1;0.15;1.4;2.6;1.85;83;16;12;6;96770;0.6;10.54;0.4;0.38
1999;11;11;315;4.7;3.4;1.8;3.2;2.4;1.7;-0.5;-0.6;0.14;1.4;2.6;1.58;98;22;45;15;97459;0.52;1.48;0.4;0.38
1999;11;12;316;8.1;4.9;2.6;3.7;3.2;2.4;0.1;1.8;0.13;1.4;2.6;1.09;254;57;60;35;97518;0.54;0.07;0.4;0.38
1999;11;13;317;6.6;4.8;3.7;3.4;3.1;2.7;0.1;2.5;0.12;1.4;2.6;0.58;149;37;30;24;96680;0.29;0.2;0.4;0.38
1999;11;14;318;8;4.3;0.7;2.8;1.6;0.4;0.6;-0.2;0.12;1.4;2.6;0.36;297;66;99;50;95660;0.57;1.33;0.39;0.38
1999;11;15;319;3;0.6;-2.4;1.2;-3.4;-6;0.6;-3.3;0.12;1.3;2.6;0.63;204;46;91;49;96364;0.77;1.13;0.39;0.38
1999;11;16;320;1;-1;-3.6;-3;-5.6;-7;-0.5;1.7;0.12;1.3;2.6;0.76;166;41;80;44;96500;0.35;0.09;0.39;0.38
1999;11;17;321;3;0.4;-1.2;-0.1;-3;-6.7;-0.1;-0.2;0.15;1.4;2.6;2.02;206;37;46;24;95648;0.36;5.36;0.39;0.38
1999;11;18;322;3.2;0.2;-2.8;-2.6;-4.2;-5.9;1.3;-0.6;0.22;1.4;2.6;6.12;221;50;85;52;95185;0.52;0.9;0.39;0.38
1999;11;19;323;-1.4;-2.3;-3.5;-2.4;-4;-5.9;-0.3;-1.8;0.28;1.4;2.6;9.81;60;13;70;24;94877;0.18;9.4;0.39;0.38
1999;11;20;324;0;-2.7;-4.5;-5.7;-6.9;-9;1.5;-1.6;0.38;1.4;2.6;15.17;201;42;87;62;95781;0.52;0.05;0.39;0.38
1999;11;21;325;-1.8;-3.8;-6.1;-4.6;-6.5;-10;0;0.1;0.38;1.4;2.6;16.5;98;22;40;22;95939;0.21;5.61;0.39;0.38
1999;11;22;326;-0.6;-3.2;-5.7;-5.2;-6.4;-8.1;1.4;-2.6;0.4;1.4;2.6;20.03;158;33;73;43;95703;0.51;0.02;0.39;0.38
1999;11;23;327;0.3;-1.4;-3.8;-4;-5.1;-7.7;2;-3.9;0.39;1.4;2.6;19.74;150;33;78;52;96009;0.7;0.54;0.39;0.38
1999;11;24;328;1.2;0.2;-0.9;-1.4;-3.6;-5.4;2.7;-4.7;0.39;1.4;2.6;20.36;130;25;47;26;96663;0.89;2.77;0.39;0.38
1999;11;25;329;4.2;1.9;-0.3;1;-0.2;-1.5;1.1;-1.7;0.38;1.4;2.6;19.82;145;25;51;29;97576;0.15;0.22;0.39;0.38
1999;11;26;330;5.7;0.8;-2.9;2.1;-0.9;-4.2;0.6;1.3;0.35;1.4;2.6;16.35;213;46;93;55;97765;-0.02;0.01;0.39;0.38
1999;11;27;331;5.8;0.2;-2.7;1;-1.8;-3.8;0.6;1.4;0.31;1.4;2.6;13.23;232;50;97;63;97586;0.18;0;0.39;0.38
1999;11;28;332;5.8;0.5;-2.4;0.4;-2.2;-4.1;0.4;1.7;0.27;1.4;2.6;11.07;230;47;100;53;97920;0.26;0.01;0.39;0.38
1999;11;29;333;2.2;-1.1;-3.9;-1.9;-3.6;-5.3;-0.1;2.5;0.25;1.4;2.6;9.92;198;41;76;48;97660;0.41;0.08;0.39;0.38
1999;11;30;334;1.5;-2.4;-5.3;-1.7;-4.7;-8.2;0.2;0.7;0.24;1.4;2.6;9.35;237;49;102;57;97540;0.2;0.02;0.39;0.38
1999;12;1;335;3.2;-0.8;-4.7;-1.4;-5;-9.1;1.2;0.9;0.23;1.4;2.6;8.53;173;36;62;37;96711;0.34;0;0.39;0.38
1999;12;2;336;6.7;3.1;-0.1;1.8;-0.4;-3.4;1.6;-0.4;0.21;1.4;2.6;7.31;168;27;75;22;96581;0.34;0.44;0.39;0.38
1999;12;3;337;6.8;2.8;-1.4;2.4;-0.4;-4;1.9;1.9;0.19;1.4;2.6;5.45;237;48;91;73;96534;0.28;0;0.39;0.38
1999;12;4;338;7.4;2.8;-0.7;3;0;-3.3;0.9;0.4;0.17;1.4;2.6;4.1;173;40;80;50;95724;0.14;0.03;0.39;0.38
1999;12;5;339;2.4;1.5;0.1;1.6;-2.2;-5.1;1.7;-3.1;0.16;1.4;2.6;3.65;131;26;91;45;96052;0.54;0.64;0.39;0.38
1999;12;6;340;2.3;-0.1;-1.9;-4.7;-6.4;-8;1.6;-1.1;0.16;1.4;2.6;3.51;266;57;110;82;97123;0.5;0;0.39;0.38
1999;12;7;341;5.7;1.3;-0.6;-2.7;-5.6;-8.9;1.2;2.2;0.15;1.4;2.6;3.29;249;54;96;62;96612;0.48;0;0.39;0.38
1999;12;8;342;7.3;1.9;-1.5;2.6;-1.2;-4.1;1.1;0.8;0.15;1.4;2.6;2.83;254;50;98;58;96349;0.16;0.02;0.39;0.38
1999;12;9;343;6.5;2.5;-1.7;2.5;-0.1;-3;1.4;2.9;0.14;1.4;2.6;2.24;232;49;87;65;95667;0.18;0;0.39;0.38
1999;12;10;344;7.1;3.5;1.5;3.8;2;0.8;1;0.6;0.13;1.4;2.6;1.54;219;47;94;51;95280;0.18;4.68;0.39;0.38
1999;12;11;345;5.9;2.7;0.5;2.1;1;-0.7;0.8;-0.5;0.13;1.4;2.6;1.61;226;39;89;45;95557;0.42;4.5;0.4;0.39
1999;12;12;346;5.5;3.5;0.7;2.4;0.9;-0.7;1.2;2.9;0.13;1.4;2.6;1.3;133;28;56;28;94912;0.6;5.77;0.4;0.39
1999;12;13;347;5;3;0.3;1.9;-0.9;-4;2.4;-1.5;0.12;1.4;2.6;1.01;144;31;84;50;95239;0.6;1.53;0.4;0.39
1999;12;14;348;3.8;0.9;-1.9;-0.3;-2.8;-5.8;1.3;2;0.12;1.4;2.6;0.95;154;33;81;51;94814;0.24;1.23;0.4;0.39
1999;12;15;349;2.2;0.5;-0.6;-0.8;-3;-5.1;0.5;-1.4;0.13;1.4;2.6;1.14;126;26;48;34;94948;0.36;0.35;0.4;0.39
1999;12;16;350;-0.2;-1.1;-2.3;-4.2;-6.4;-7.9;0.5;-3.8;0.13;1.4;2.6;1.39;176;35;86;47;96182;0.42;0.33;0.4;0.39
1999;12;17;351;0.2;-2.3;-4.2;-6.3;-7.1;-7.8;0.5;0.6;0.13;1.4;2.6;1.41;259;55;112;90;96925;0.14;0;0.4;0.39
1999;12;18;352;2.8;-0.1;-2.8;-1;-4.3;-9.6;1.1;1.3;0.13;1.4;2.6;1.34;126;22;78;27;96078;0.13;0.75;0.4;0.39
1999;12;19;353;1.7;0.1;-1.4;0.8;-1.1;-3.8;0.4;-1.4;0.13;1.4;2.6;1.61;61;13;47;14;95519;0.27;2.86;0.4;0.39
1999;12;20;354;-1.5;-2.3;-2.8;-4.1;-6.5;-8.1;1.5;-4.4;0.19;1.3;2.6;5.17;117;24;74;40;96156;0.44;2.26;0.4;0.39
1999;12;21;355;-0.4;-2.1;-3.6;-6;-6.7;-7.7;1.4;-4.5;0.2;1.3;2.6;5.62;193;40;91;68;97123;0.31;0.52;0.39;0.39
1999;12;22;356;-2.8;-4.7;-7.9;-6.4;-8.3;-9.7;-0.1;-1.2;0.21;1.3;2.6;5.79;234;48;100;79;98064;0.11;0.02;0.39;0.39
1999;12;23;357;-2.6;-5.9;-8.1;-9.4;-10;-10.7;0.2;3.4;0.2;1.3;2.6;5.73;242;51;109;84;97768;0.13;0;0.39;0.39
1999;12;24;358;-4.6;-6.7;-7.7;-10.8;-11.7;-12.3;0.1;3.7;0.2;1.3;2.6;5.59;180;37;84;54;97268;0.16;0;0.39;0.39
1999;12;25;359;-2.7;-5.4;-8.3;-4.9;-9.8;-12.4;0.2;2.9;0.2;1.3;2.6;5.77;125;21;70;29;95658;0.26;2.88;0.39;0.39
1999;12;26;360;2.8;-1.3;-5;1.8;-3.9;-7;1.3;2.1;0.22;1.3;2.6;6.55;103;20;85;46;94457;0.27;1.81;0.39;0.39
1999;12;27;361;4.6;0.1;-2.9;-2;-4.1;-7.1;1.9;0;0.21;1.3;2.6;6.13;152;29;76;46;93927;0.26;0.15;0.39;0.39
1999;12;28;362;-0.4;-0.8;-2.6;-1;-2.5;-6.2;-0.2;-1.5;0.31;1.3;2.6;16.44;23;5;51;15;93431;0.13;23.73;0.39;0.39
1999;12;29;363;0.4;-2;-6.8;-3.2;-4.7;-8.6;2.2;-2.8;0.4;1.3;2.6;29.36;143;28;68;52;95196;0.29;0.18;0.39;0.39
1999;12;30;364;0.7;-4.5;-10.1;-3.8;-7.1;-12.2;2;-0.6;0.4;1.3;2.6;29.4;140;27;90;49;96648;0.15;0.31;0.39;0.39
1999;12;31;365;-0.1;-9.1;-16.1;-5.5;-12;-17.9;1.4;0;0.39;1.3;2.6;29.21;181;38;92;55;96969;0.13;0;0.39;0.39
2000;1;1;1;-0.6;-6.3;-15.1;-2.9;-8.4;-16.9;1;0.5;0.39;1.3;2.6;29.21;143;29;59;23;97093;0.16;2.45;0.39;0.39
2000;1;2;2;-0.7;-1.6;-3.6;-1.4;-2.3;-4.4;0.2;-0.5;0.39;1.3;2.6;35.24;47;10;45;9;97330;0.03;6.09;0.39;0.39
2000;1;3;3;2.6;-3.8;-8.4;-2.7;-6.2;-9.8;1.4;0.6;0.39;1.3;2.6;36.99;156;33;79;49;97326;0.01;0;0.39;0.39
2000;1;4;4;1.4;-4.8;-9.8;-3.1;-7.6;-11.8;1.3;0.8;0.39;1.2;2.6;36.41;174;38;87;52;96940;0.09;0;0.39;0.39
2000;1;5;5;4.2;-1.3;-5.6;0.9;-3.3;-8;1.7;0;0.38;1.2;2.6;35.15;134;25;58;34;96875;-0.02;0.05;0.39;0.39
2000;1;6;6;1.5;-2.3;-4.9;-0.1;-3.1;-5.8;0.4;0.9;0.38;1.2;2.6;33.58;160;34;72;37;97069;-0.04;0;0.39;0.39
2000;1;7;7;1.4;-2.9;-8.3;-1.1;-4.5;-9.8;0.5;0.8;0.37;1.2;2.5;32.71;153;32;56;31;97239;0.07;0;0.39;0.39
2000;1;8;8;1.8;-2.4;-4.9;-1;-3.7;-5.9;0.2;1.7;0.37;1.2;2.5;32.04;183;36;78;46;97169;0.01;0.01;0.39;0.39
2000;1;9;9;-1.4;-4.4;-7;-3.4;-5.4;-7.9;-0.1;1.1;0.36;1.2;2.5;31.74;129;28;47;25;97158;0.11;0.03;0.39;0.39
2000;1;10;10;-0.5;-2.9;-6.4;-1.7;-4.2;-7.3;0.4;-1.2;0.36;1.2;2.5;31.9;123;25;54;20;97783;0.16;0.83;0.39;0.39
2000;1;11;11;-0.6;-2.4;-5;-1.7;-3.9;-5.8;0.5;-1.8;0.36;1.2;2.5;32.36;185;38;77;38;98292;0.17;0.14;0.39;0.39
2000;1;12;12;-1;-3.8;-5.7;-3.3;-4.9;-6.6;0;1.3;0.36;1.2;2.5;32.49;100;20;60;27;98042;0.07;0.46;0.38;0.39
2000;1;13;13;-2.8;-4.4;-5.5;-5.3;-6.1;-6.9;-0.2;3.2;0.36;1.2;2.5;32.67;111;25;60;34;97280;0.14;0.24;0.38;0.39
2000;1;14;14;-0.9;-4.2;-6.8;-4.1;-5.9;-8;-0.1;0.9;0.36;1.2;2.5;32.64;208;44;96;46;97099;0.18;0.04;0.38;0.39
2000;1;15;15;-0.6;-4.2;-6.8;-3.7;-5.9;-7.5;0.6;-1.5;0.36;1.2;2.5;32.68;177;36;94;34;97403;0.12;0.14;0.38;0.39
2000;1;16;16;-1.8;-4.4;-8.2;-5.6;-7;-10.7;1.3;-2.6;0.36;1.2;2.5;32.63;208;42;78;58;97499;0.23;0.13;0.38;0.39
2000;1;17;17;3.8;-0.3;-8.3;-0.5;-4.3;-10.9;4.3;-2.6;0.35;1.2;2.5;31.72;109;21;43;17;96005;0.59;1.22;0.38;0.39
2000;1;18;18;3.5;1.5;-1;0.6;-1.7;-5.1;3.7;-5.1;0.36;1.2;2.5;29.18;115;16;91;38;95126;0.55;16.85;0.39;0.39
2000;1;19;19;0;-1.4;-2.4;-5;-6.1;-6.6;3.3;-5.3;0.37;1.2;2.5;30.87;203;45;96;79;96308;0.87;0.87;0.4;0.39
2000;1;20;20;1;-1.5;-4.1;-5.3;-6.5;-8;2.9;-1.8;0.37;1.2;2.5;30.57;222;46;98;68;96851;0.67;0.07;0.4;0.39
2000;1;21;21;2.2;-0.8;-6;-1.5;-5.7;-11.6;4;-3.5;0.37;1.2;2.5;31.41;164;34;94;60;95780;0.96;4.98;0.4;0.39
2000;1;22;22;-3.6;-5.6;-8.3;-7.5;-9.1;-12.2;1;1.1;0.38;1.1;2.5;33.92;143;29;92;37;96085;0.38;1.93;0.4;0.39
2000;1;23;23;-2.9;-5.6;-8.6;-5.7;-7.7;-11.1;0;-1.4;0.38;1.1;2.5;35.19;152;31;71;28;95547;0.24;1.34;0.39;0.39
2000;1;24;24;-7.8;-9.6;-11.7;-12;-13;-14.7;2.1;-4.4;0.38;1.1;2.5;35.67;212;47;89;73;96427;0.36;0.33;0.39;0.39
2000;1;25;25;-6.7;-11.2;-18.7;-12.4;-14.7;-21.3;1.3;-1.8;0.38;1.1;2.5;35.67;215;49;94;71;97253;0.23;0.1;0.39;0.39
2000;1;26;26;-1.7;-9.9;-19.2;-10.5;-15.6;-22.2;2.2;-0.4;0.38;1.1;2.5;35.44;234;52;95;52;97363;0.4;0;0.39;0.39
2000;1;27;27;3.2;-4.8;-12.3;-5.4;-9.8;-14.5;1.7;-0.1;0.37;1.1;2.5;34.83;220;50;109;60;97299;0.29;0;0.39;0.39
2000;1;28;28;1.6;-6.6;-13.6;-3.5;-10.1;-16.3;1.5;0.8;0.37;1.1;2.5;34.14;242;54;102;62;96776;0.22;0;0.39;0.39
2000;1;29;29;3.8;-1.6;-8;-2.9;-6.1;-10.9;1.6;2;0.36;1.1;2.5;32.98;197;44;82;38;95862;0.46;0.96;0.39;0.39
2000;1;30;30;6;2.6;-0.7;2.6;0.3;-2.9;2.2;0.4;0.35;1.1;2.5;29.92;226;44;70;36;95763;-0.05;6.56;0.4;0.39
2000;1;31;31;9.4;5.2;0.5;4.2;1.5;-1.2;1.9;0.1;0.31;1.1;2.5;22.94;220;51;75;38;96665;-0.1;0.85;0.41;0.39
2000;2;1;32;9.5;4.1;-1.2;3.8;1.3;-2.7;1.5;0.9;0.26;1.1;2.5;14.53;289;68;100;54;96991;0.05;0;0.41;0.39
2000;2;2;33;11.2;3.7;-1.1;4.5;-0.1;-3.8;1.3;0.3;0.23;1.1;2.5;10.61;274;66;100;46;96285;0.17;0.23;0.42;0.39
2000;2;3;34;5.4;3.9;1.9;3;-0.7;-2.3;3.2;-3.3;0.2;1.1;2.5;7.95;226;59;86;60;97109;0.72;0.27;0.42;0.39
2000;2;4;35;5.7;1.5;-2.1;-1.5;-3.3;-4.8;1.4;-0.7;0.18;1.1;2.5;6.87;278;67;96;69;98088;0.51;0;0.41;0.39
2000;2;5;36;8.9;5;-1.8;3.3;0.8;-4.8;2.6;-1;0.17;1.1;2.5;5.41;226;51;71;39;97521;0.27;0.04;0.41;0.39
2000;2;6;37;14;5.4;-0.4;7.4;2.8;-1.3;1.1;1;0.15;1.1;2.5;3.36;352;85;104;65;97244;0.22;0;0.41;0.39
2000;2;7;38;11.2;4.3;-0.7;5.8;1.7;-2.3;0.9;0.1;0.14;1.1;2.5;2.15;347;83;98;56;96700;0.39;0.25;0.41;0.4
2000;2;8;39;11.1;5.5;0.4;5.1;2.8;-0.1;1.2;1.4;0.13;1.1;2.5;1.47;300;64;96;35;96063;0.57;0.92;0.41;0.4
2000;2;9;40;6.5;4.5;1.1;3.3;-1.2;-5;2.8;-1.8;0.12;1.1;2.5;0.86;333;73;92;62;96118;0.78;0.09;0.41;0.4
2000;2;10;41;6.4;2.8;0;0.4;-2.4;-4;2;-1.7;0.12;1.1;2.5;0.74;367;82;97;75;97057;0.61;0.01;0.41;0.4
2000;2;11;42;6.6;2.2;-1.4;1.6;-1.1;-4.9;0.8;-0.6;0.12;1.1;2.5;0.62;259;51;83;53;97147;0.24;0.09;0.4;0.4
2000;2;12;43;5.8;1.3;-2.7;-0.8;-1.9;-3.6;0.4;0.1;0.12;1.1;2.5;0.48;357;81;97;58;97171;0.4;0;0.4;0.4
2000;2;13;44;8.5;2.8;-2.6;1;-1.5;-3.6;1.4;1.1;0.12;1.1;2.5;0.41;388;88;102;56;96667;0.57;1.66;0.4;0.4
2000;2;14;45;5.2;1.9;-0.8;0.6;-4.1;-5.9;2.5;-2.6;0.12;1.1;2.5;0.45;382;98;102;84;96663;0.9;0.11;0.4;0.4
2000;2;15;46;4;0.6;-2.5;0;-2.9;-5.7;1.3;1.8;0.12;1.1;2.5;0.64;186;40;81;43;96447;0.34;0.98;0.4;0.4
2000;2;16;47;8.7;2.7;-0.8;3.1;-0.6;-2.5;1.5;0.8;0.13;1.1;2.5;0.78;348;69;72;41;95328;1.19;4.1;0.4;0.4
2000;2;17;48;3.5;0.9;-0.6;-2.8;-5.8;-9;2.3;-2.9;0.13;1.1;2.5;1.04;403;92;101;63;95111;0.85;0.27;0.4;0.4
2000;2;18;49;4.3;1;-1.2;-5.3;-6.1;-7.9;1.2;-1.4;0.13;1.1;2.5;1.11;390;91;96;66;95707;0.69;0.12;0.4;0.4
2000;2;19;50;6.2;2.1;-1.2;1.9;-1;-5.5;0.8;0.8;0.13;1.1;2.5;1.12;334;74;83;45;95305;0.6;2.82;0.39;0.4
2000;2;20;51;5.1;1.2;-1.7;-0.6;-2.3;-4.1;1.8;-3.1;0.13;1.1;2.5;1.06;356;89;84;59;96090;0.9;1.11;0.4;0.4
2000;2;21;52;1.4;-1.2;-2.8;-4.6;-6.9;-8.4;1.3;-4.4;0.14;1.1;2.5;1.57;320;81;91;73;97083;0.67;0.56;0.39;0.4
2000;2;22;53;1.4;-1.8;-3.8;-6.4;-8;-9.2;0.3;-1.1;0.14;1.1;2.5;1.72;392;97;89;74;97239;0.36;0.06;0.39;0.4
2000;2;23;54;2.6;-0.7;-3.2;-0.9;-4.3;-8.1;0.8;-0.4;0.16;1.1;2.5;3.06;320;68;67;40;97088;0.41;4.33;0.39;0.4
2000;2;24;55;4.9;0.7;-3.8;-1;-3.1;-5.7;1.2;0.5;0.19;1.1;2.5;4.44;311;69;86;43;97307;0.47;1.85;0.39;0.4
2000;2;25;56;11.6;5.1;0.7;4.4;1.7;-1.1;1.5;-0.3;0.17;1.1;2.5;3.38;333;67;76;35;96861;0.69;1.05;0.39;0.4
2000;2;26;57;7.7;3.4;0;-1;-2.6;-4;1.2;-1.6;0.15;1.2;2.5;1.89;432;107;110;72;97674;0.79;0;0.39;0.4
2000;2;27;58;7;2.1;-2.2;-0.7;-2.4;-3.7;0;0.3;0.14;1.2;2.5;1.37;381;99;100;65;97874;0.52;0;0.39;0.4
2000;2;28;59;9.5;4.3;0.3;0.5;-1.8;-3.3;0.7;4.8;0.13;1.2;2.5;0.93;480;131;120;93;97481;0.91;0;0.39;0.4
2000;2;29;60;11.4;5.7;-0.9;2.1;-0.4;-3;0.9;2.5;0.13;1.2;2.5;0.52;473;128;118;86;96610;0.93;0;0.39;0.4
2000;3;1;61;9.7;6.4;4.6;4.3;2.6;0.1;1.5;2.5;0.13;1.2;2.5;0.23;235;65;66;44;95242;0.58;7.11;0.39;0.4
2000;3;2;62;5.6;3.2;0.1;3.6;-1.7;-4.8;2.4;-4.7;0.13;1.2;2.5;0.35;446;109;105;63;96054;1.54;2.68;0.39;0.4
2000;3;3;63;8.2;3.3;-2.7;-3.4;-4.5;-5.7;1.5;2.3;0.13;1.2;2.5;0.41;460;103;91;62;96211;0.92;0;0.39;0.4
2000;3;4;64;7.1;3.5;-0.1;2.2;-2.8;-7.5;1.9;-1.6;0.13;1.2;2.5;0.31;248;70;108;57;95912;0.76;0.75;0.39;0.4
2000;3;5;65;2.3;0;-1.7;-7.4;-8.4;-9.2;3.1;-3;0.13;1.2;2.5;0.45;477;132;109;88;97214;0.98;0.5;0.39;0.4
2000;3;6;66;7.1;1.4;-2.6;-3.5;-5.4;-8;1.5;0.1;0.13;1.2;2.5;0.54;448;126;115;81;97638;0.84;0;0.39;0.4
2000;3;7;67;12.3;4.1;-3.1;1.2;-2.6;-6.8;1.4;-0.1;0.13;1.2;2.5;0.37;527;150;128;85;97040;0.98;0;0.39;0.4
2000;3;8;68;11.7;7.1;-0.2;4.2;1.5;-2.6;2.9;0;0.13;1.2;2.5;0.19;361;79;63;40;96738;0.94;1.24;0.39;0.4
2000;3;9;69;16.3;11.2;8.1;6.9;4.7;2.8;4.6;-1.5;0.13;1.2;2.5;0.04;517;129;102;68;96139;1.44;0.45;0.39;0.4
2000;3;10;70;9.1;5.2;0.8;4.5;-0.7;-4.2;1.7;-3.6;0.13;1.3;2.5;0.03;430;120;106;63;96682;1.87;5.79;0.39;0.4
2000;3;11;71;12.4;5.7;0.9;4.8;1.2;-3.4;2;0.8;0.14;1.3;2.5;1.22;339;78;75;33;96216;1.38;5.31;0.39;0.4
2000;3;12;72;6.4;4.6;1.1;1.9;-0.5;-1.6;1.2;-3.1;0.13;1.3;2.5;0.57;276;90;95;57;96896;0.89;0.14;0.39;0.4
2000;3;13;73;9.4;4.5;-0.3;2;0.2;-1.9;-0.4;1.3;0.13;1.3;2.6;0.36;455;115;100;55;97198;0.84;0.28;0.39;0.4
2000;3;14;74;10.9;5.6;-1.3;5.5;2.3;-2.1;0.8;0.8;0.13;1.3;2.6;0.21;458;103;87;50;96664;0.88;1.11;0.39;0.4
2000;3;15;75;5.8;3.6;0.1;3.4;-3.5;-9.9;2.4;-3.4;0.13;1.3;2.6;0.17;509;144;105;71;96398;1.76;2.11;0.39;0.4
2000;3;16;76;4.5;1.3;-1.3;-0.4;-3.2;-7.3;1.8;-2.2;0.16;1.3;2.6;2.3;395;117;82;57;96431;1.44;6.88;0.39;0.4
2000;3;17;77;1.1;-0.6;-3.1;0.2;-2.7;-5.6;1;-1.9;0.31;1.3;2.6;11.57;140;29;98;41;96314;0.32;14.39;0.39;0.4
2000;3;18;78;1.9;-0.9;-3.1;-4.5;-5.7;-6.6;1.7;-4.5;0.38;1.4;2.6;15.96;361;105;89;70;96650;1.44;1.08;0.39;0.4
2000;3;19;79;2.8;-0.7;-4.2;-2.8;-4.5;-7.1;1.4;-3.6;0.36;1.4;2.6;15.48;339;89;91;53;96932;1.03;2.36;0.39;0.4
2000;3;20;80;4.3;0.6;-2.6;-3.7;-4.2;-4.8;1.2;-3.3;0.34;1.4;2.6;15.06;376;103;103;56;97034;1.28;0.11;0.39;0.4
2000;3;21;81;6.6;3.4;0.1;2.6;0.4;-3;1.4;-2;0.3;1.4;2.6;11.91;127;40;58;23;96806;0.44;1.09;0.39;0.4
2000;3;22;82;13.3;5.7;-1.9;4.8;1.5;-3.1;0.5;0.8;0.23;1.4;2.6;6.87;529;156;114;72;96666;1.07;0;0.39;0.4
2000;3;23;83;16.4;8.3;-1;5.3;1.7;-2.5;0.7;0.3;0.17;1.5;2.6;3.07;574;166;128;78;96300;1.46;0;0.4;0.4
2000;3;24;84;14.9;8.9;1.6;7.9;4.3;-0.8;-0.1;-0.5;0.15;1.5;2.6;1.31;553;160;115;66;96019;1.32;0.11;0.39;0.4
2000;3;25;85;11.4;8;4.9;8.4;6.2;4.1;0.2;0.5;0.14;1.5;2.6;0.5;359;67;74;34;96337;0.82;6.33;0.4;0.4
2000;3;26;86;14.7;8.8;2.9;6.4;4.6;2.8;0.4;2.5;0.14;1.5;2.6;0.22;460;141;92;61;95846;1.56;1.36;0.4;0.4
2000;3;27;87;12.5;7.5;3.2;6.4;4.9;2.3;0.4;1.8;0.14;1.5;2.6;0.06;440;114;74;52;95174;1.39;3.98;0.4;0.4
2000;3;28;88;11.1;6.3;2.2;3.7;2.5;1.1;0.5;0;0.14;1.6;2.6;0.01;475;133;101;55;95647;1.58;2.16;0.4;0.4
2000;3;29;89;11.7;7.9;3.2;8.6;5.7;1.8;-1.4;1.4;0.14;1.6;2.6;0;403;88;58;26;95771;1.28;18.57;0.4;0.4
2000;3;30;90;9.9;5.6;2.9;5.7;3.4;2.3;0.3;1.1;0.14;1.6;2.6;0.08;425;128;81;50;95397;1.99;12.47;0.41;0.4
2000;3;31;91;12;6.8;1.3;3.3;1.3;-1.1;1.2;0.2;0.14;1.6;2.6;0.23;481;149;99;60;95520;1.75;0.83;0.42;0.4
2000;4;1;92;10.1;6.6;1.9;6;3.8;0.6;0;-0.4;0.14;1.6;2.6;0.11;465;100;80;40;95243;1.16;10.37;0.42;0.4
2000;4;2;93;13.1;8.4;4.5;3.7;2;0.2;0.8;-0.5;0.14;1.7;2.6;0.03;591;168;113;68;95471;2.25;0.8;0.42;0.4
2000;4;3;94;14;9.6;5;4.9;3.5;1.6;0.6;5;0.14;1.7;2.6;0;598;155;95;70;94848;1.78;0.08;0.42;0.4
2000;4;4;95;17.4;11.7;7.8;7;5.2;3.8;1.4;3.9;0.14;1.7;2.6;0;647;170;113;72;94426;2.11;0.01;0.41;0.4
2000;4;5;96;12.8;9;5.1;8.3;6.4;4.3;1.8;-2.9;0.14;1.7;2.6;0;242;74;60;35;94511;1.98;5.47;0.41;0.4
2000;4;6;97;7.1;4.1;2.6;5;-4.3;-9;1.9;-5.5;0.14;1.7;2.6;0;530;159;96;65;96283;1.73;0;0.41;0.4
2000;4;7;98;8.9;4.9;0.8;0.3;-3.3;-7.9;1.9;-4.5;0.14;1.8;2.6;0;446;145;95;71;97049;1.52;0.3;0.4;0.4
2000;4;8;99;8.2;4.5;1.3;0.4;-2;-4.3;1.1;-3.3;0.15;1.8;2.6;0.05;581;176;105;80;96850;1.87;0.6;0.4;0.4
2000;4;9;100;9.5;4.9;-1.1;0.3;-1.6;-4.2;-0.7;2.5;0.15;1.8;2.6;0.05;464;138;76;57;96352;1.44;0.02;0.4;0.4
2000;4;10;101;12.5;7.3;2.2;2;0.6;-1.4;-0.9;3.2;0.15;1.8;2.6;0.02;622;172;105;70;95649;1.83;0.02;0.4;0.4
2000;4;11;102;12.8;8.8;3.4;6.4;4.1;1.3;0;3.3;0.15;1.8;2.6;0;510;159;82;67;94850;1.7;0.28;0.39;0.4
2000;4;12;103;15.7;9.7;5.8;7.1;4.6;1.4;1.6;3.5;0.15;1.9;2.6;0;530;159;105;55;94560;2.17;2.1;0.39;0.4
2000;4;13;104;16.2;10.5;5.6;5.7;3.8;2.5;1.3;2.7;0.15;1.9;2.6;0;553;173;95;62;95122;2.34;0.03;0.39;0.4
2000;4;14;105;17.3;11.3;3.5;6.9;4.4;2.5;1.4;3.1;0.15;1.9;2.6;0;591;185;109;77;95223;2.42;0;0.39;0.4
2000;4;15;106;18.6;13.1;7.3;7.3;5.9;4.2;1.8;3.3;0.15;1.9;2.6;0;638;200;109;85;94928;2.64;0.01;0.38;0.4
2000;4;16;107;15.9;11.6;6.6;4.9;3.8;2.7;0.6;2;0.15;2;2.6;0;696;208;137;78;95490;2.97;2.99;0.38;0.4
2000;4;17;108;20.4;14.5;8.5;8.3;5.3;0.6;1.1;3.4;0.15;2;2.6;0;618;197;106;86;95235;2.93;0;0.38;0.4
2000;4;18;109;17.8;13.5;9.7;10.7;8.3;6.4;1.2;-2.9;0.15;2;2.6;0;599;203;95;75;95588;2.44;0.78;0.37;0.4
2000;4;19;110;21;14.4;8.2;11.5;8.9;5.4;1.1;-2;0.15;2.1;2.7;0;682;221;128;86;95561;2.96;0.87;0.37;0.4
2000;4;20;111;19.6;15.1;10.6;11.8;9.2;5.2;1.5;-3.5;0.15;2.1;2.7;0;609;211;102;79;96094;2.7;0;0.37;0.4
2000;4;21;112;22.5;16.8;10.1;13;10;7.5;0.8;-1.6;0.15;2.1;2.7;0;674;222;118;86;96328;3.15;0.15;0.36;0.4
2000;4;22;113;23.5;17.2;9.6;11.4;8.8;6.9;-0.3;0.4;0.15;2.2;2.7;0;682;229;130;92;96388;3.31;0;0.36;0.4
2000;4;23;114;24;17.8;10.6;11.5;8.9;6.6;-1.1;2.5;0.15;2.2;2.7;0;693;234;121;86;96001;3.49;0;0.36;0.4
2000;4;24;115;21.1;15;10.9;12.1;8.7;5.8;1.1;-0.9;0.16;2.2;2.7;0;633;191;106;76;95511;2.83;3.23;0.35;0.4
2000;4;25;116;16.5;13.2;10.3;9.5;8.5;6;2.1;-3.5;0.16;2.3;2.7;0;490;156;66;52;95969;2.48;1.3;0.35;0.4
2000;4;26;117;18.2;14.2;10;11.7;10.3;8.9;-0.6;-0.1;0.16;2.3;2.7;0;499;143;97;50;96230;2.06;0.58;0.35;0.4
2000;4;27;118;20;15.6;9.8;12.8;10.8;8.7;-0.9;2.1;0.16;2.3;2.7;0;483;176;97;67;96334;2.52;0.66;0.35;0.4
2000;4;28;119;20.6;16.6;11.2;12.2;10;8.7;-1.4;3;0.16;2.4;2.7;0;555;195;92;72;96203;2.92;0.08;0.35;0.4
2000;4;29;120;21.6;16.9;12.7;13.1;11.4;9.5;-1.2;1.2;0.16;2.4;2.7;0;615;190;96;62;96439;2.7;0.94;0.34;0.4
2000;4;30;121;22.4;17.2;12;13.2;11.2;9.6;-0.3;0.2;0.16;2.4;2.7;0;658;207;110;69;96682;3.06;2.75;0.34;0.4
2000;5;1;122;18.6;15.2;10.9;14.9;12.8;9.7;0.2;-1;0.16;2.5;2.7;0;444;163;77;57;96395;2.7;13.9;0.35;0.4
2000;5;2;123;20.8;15.6;10.2;13.5;10.6;4.9;-0.2;-1.8;0.16;2.5;2.7;0;675;214;101;72;96437;3.44;1.09;0.35;0.4
2000;5;3;124;17.8;12.7;6.9;8;5.2;1.6;-1.2;1.3;0.16;2.6;2.7;0;723;253;136;100;96767;3.41;0;0.35;0.4
2000;5;4;125;19.1;14.4;9.4;10;8.2;7.1;-0.4;2.3;0.16;2.6;2.7;0;553;192;96;67;96621;2.93;0.09;0.34;0.4
2000;5;5;126;17.7;14.1;9.9;9.8;7.1;5.8;-0.1;1.9;0.16;2.6;2.7;0;617;188;110;70;96571;2.89;0.18;0.34;0.4
2000;5;6;127;20.6;15;7.7;9.2;7;4.4;0;2.4;0.16;2.7;2.7;0;706;247;118;88;96500;3.62;0;0.34;0.4
2000;5;7;128;23.3;17.4;9.8;11.9;9.7;7.6;0;2.8;0.16;2.7;2.7;0;704;234;113;79;96554;3.74;0.03;0.33;0.4
2000;5;8;129;21.7;17.1;13;12.8;10.8;9.2;0.6;3.4;0.16;2.7;2.7;0;636;214;102;73;96570;3.25;0.04;0.33;0.4
2000;5;9;130;20.6;16.5;11.1;14.1;12.5;9.9;0.5;1.1;0.16;2.8;2.7;0;564;165;78;59;96637;2.8;3.4;0.33;0.4
2000;5;10;131;25.1;19;10.9;15.1;12.3;10.4;0.4;0.3;0.16;2.8;2.7;0;700;236;114;78;96438;3.64;0.41;0.33;0.39
2000;5;11;132;23.9;18.4;13.1;16.4;13.9;10;0.7;-0.5;0.17;2.8;2.8;0;625;194;90;62;96355;3.11;6.16;0.33;0.39
2000;5;12;133;23;18.2;13;14.3;11;1.9;0.2;-2.2;0.17;2.9;2.8;0;509;156;86;60;96459;3.11;0.71;0.33;0.39
2000;5;13;134;17.5;13.2;9.3;6.4;2.2;-1.6;0.5;-2.4;0.17;2.9;2.8;0;688;232;127;88;97010;3.72;0;0.32;0.39
2000;5;14;135;20.7;14.8;7.5;8.1;5.5;3;0.5;-1.5;0.17;2.9;2.8;0;725;265;134;96;97142;3.87;0;0.32;0.39
2000;5;15;136;23;17.1;9.2;10.8;8.1;5.2;0.3;0.8;0.17;3;2.8;0;717;254;124;91;97036;3.92;0;0.32;0.39
2000;5;16;137;24.7;18.8;12.1;12.4;9.8;6.9;1.1;2.1;0.17;3;2.8;0;686;250;122;89;96660;4.01;0.36;0.31;0.39
2000;5;17;138;25.3;19.6;13.8;13.7;11.6;9.9;1;2.2;0.17;3;2.8;0;710;242;110;81;96177;4.01;0.23;0.31;0.39
2000;5;18;139;23.9;18.3;13.4;13.5;11.3;7.3;1.1;0;0.17;3;2.8;0;593;205;103;71;95651;3.53;1.17;0.31;0.39
2000;5;19;140;15.1;12.1;7.6;8.6;7.1;4.8;1.5;-1.8;0.17;3;2.8;0;344;100;98;49;95740;2.55;5.13;0.31;0.39
2000;5;20;141;13;9.6;5.7;6.9;4.3;1.9;1.5;-0.8;0.17;3;2.8;0;353;114;100;63;95843;2.18;3.88;0.31;0.39
2000;5;21;142;17.6;12.2;4.5;5.3;3.6;2.2;0.7;1.6;0.17;3;2.8;0;660;236;123;91;95908;3.39;0.32;0.31;0.39
2000;5;22;143;15.4;11.3;9.1;7.9;5.5;3.5;2;-1;0.17;3;2.8;0;545;128;100;63;96025;2.53;4.48;0.31;0.39
2000;5;23;144;16;12.4;8.9;7.9;6.1;4.3;2;-2.8;0.17;3;2.8;0;461;183;91;69;96717;2.56;0.02;0.31;0.39
2000;5;24;145;21.7;15.4;7;11;8.5;5.8;0.3;1.8;0.17;3;2.8;0;709;244;116;83;96595;3.52;0.06;0.3;0.39
2000;5;25;146;23.4;18.1;11.9;12;10.4;9.1;0.4;2.9;0.17;3;2.8;0;720;254;114;85;96376;3.84;0.07;0.3;0.39
2000;5;26;147;22.7;18.7;13.9;14.1;12.5;10.5;0;0;0.17;3;2.8;0;591;212;93;67;96564;3.29;0.33;0.3;0.39
2000;5;27;148;26.3;20.1;14.4;13.1;10;7.4;0.9;2.3;0.17;3;2.8;0;729;266;124;89;96173;4.37;0.04;0.3;0.39
2000;5;28;149;24.7;18.9;12.1;11.6;10.1;8.3;1.1;1.9;0.17;3;2.8;0;679;244;114;83;95977;3.77;0.12;0.29;0.39
2000;5;29;150;15.3;12.4;10;10.3;7.4;3.7;1.2;-2;0.17;3;2.8;0;276;67;50;30;96142;2.31;7.18;0.29;0.39
2000;5;30;151;17.7;13.7;8.8;4.9;3.2;1.6;0.8;0.4;0.17;3;2.8;0;566;214;106;76;96457;3.3;0;0.29;0.39
2000;5;31;152;16.2;13.3;10.2;11.5;8.2;4.4;0.7;-0.3;0.17;3;2.8;0;397;128;77;50;96250;2.82;5.75;0.29;0.39
2000;6;1;153;17.9;13.3;8.8;8;5.7;4.3;0;-1.8;0.17;3;2.8;0;734;262;126;91;97261;3.46;0;0.29;0.38
2000;6;2;154;22;16.4;9;10.5;8.2;4.9;0.2;2.3;0.17;3;2.8;0;716;263;115;85;97147;3.67;0;0.29;0.38
2000;6;3;155;25.1;19.3;12.4;13.3;11.4;8.8;-0.1;2;0.17;3;2.8;0;725;264;122;90;96869;3.91;0;0.29;0.38
2000;6;4;156;26.4;20.7;14.2;17.8;13.4;9.4;0.7;1.7;0.17;3;2.8;0;707;242;108;73;96652;3.73;0.94;0.28;0.38
2000;6;5;157;27.6;22.5;15.4;16.4;14.6;13.2;0.2;2;0.17;3;2.8;0;697;251;102;73;96396;3.99;0.28;0.28;0.38
2000;6;6;158;25.4;20.5;15;15.7;14.5;12.4;1.6;-1.8;0.17;3;2.8;0;590;205;89;60;96118;3.7;7.45;0.28;0.38
2000;6;7;159;19.1;15.4;13;11.4;8.2;5.8;1.9;-3.4;0.17;3;2.8;0;418;151;104;56;96679;3.42;1.66;0.28;0.38
2000;6;8;160;20.9;15.9;9.5;10.7;8.3;6;-0.1;0.5;0.17;3;2.8;0;539;204;98;77;97006;2.99;0.04;0.28;0.38
2000;6;9;161;25.1;19.4;11.7;13.3;11.1;8;-0.6;2.5;0.17;3;2.8;0;723;268;114;85;96733;3.84;0;0.28;0.38
2000;6;10;162;27.9;22;14.8;13.7;12.5;11.4;-0.9;2.8;0.17;3;2.8;0;723;267;115;84;96494;4.08;0;0.27;0.38
2000;6;11;163;28.3;23.1;16.3;14.4;13.2;12;-0.1;2.9;0.17;3;2.8;0;677;246;108;79;96393;3.85;0.11;0.27;0.38
2000;6;12;164;26.7;22.7;17.5;18.3;16.5;13.1;0.8;-0.9;0.17;3;2.8;0;607;229;89;67;96977;3.81;5.05;0.27;0.38
2000;6;13;165;28.7;22.8;18.1;18.9;16.8;15.4;0.3;0.3;0.17;3;2.8;0;693;197;98;59;97192;3.66;4.91;0.27;0.38
2000;6;14;166;27.4;22.3;17.2;18.4;16.6;15.2;0.9;-0.6;0.17;3;2.8;0;591;216;95;68;96764;3.81;3;0.27;0.38
2000;6;15;167;24.9;20.5;16.7;15.6;14.1;11.6;2.2;-2.7;0.17;3;2.8;0;620;197;78;54;96604;3.67;1.03;0.27;0.38
2000;6;16;168;18.7;16;12.9;10.9;5.8;1.7;1.3;-3.9;0.17;3;2.8;0;619;210;106;72;96848;3.24;0.04;0.27;0.38
2000;6;17;169;16.6;13.3;10.2;3.9;0.8;-1.8;0.7;-3.9;0.17;3;2.8;0;696;226;116;87;97412;3.25;0.54;0.27;0.38
2000;6;18;170;21.6;15.5;7.3;8.4;4.4;1.9;0.3;-0.5;0.17;3;2.8;0;741;276;138;101;97586;3.54;0;0.26;0.38
2000;6;19;171;24.8;18.9;11.9;10.9;8.8;5.5;-0.5;1.3;0.17;3;2.8;0;727;269;126;90;97243;3.54;0;0.26;0.37
2000;6;20;172;27.9;21.9;13.1;13.2;11.4;9.6;-0.3;1.1;0.17;3;2.8;0;728;271;132;92;96762;3.74;0;0.26;0.37
2000;6;21;173;30.4;24.4;17.7;17;12.4;8.3;0.2;0;0.17;3;2.8;0;729;268;137;95;96416;3.81;0;0.26;0.37
2000;6;22;174;32.1;25.2;16.9;18.4;14.6;12.3;0.8;0.9;0.17;3;2.8;0;718;256;125;82;96331;3.71;1.63;0.25;0.37
2000;6;23;175;26.9;21.1;16.5;16.2;13.7;9.2;1.7;-3;0.17;3;2.8;0;685;210;101;62;96383;3.32;3.16;0.25;0.37
2000;6;24;176;21.2;18.1;14.3;12.7;10.4;9;0.8;-1.8;0.16;3;2.8;0;501;135;86;46;96273;2.28;3.5;0.25;0.37
2000;6;25;177;16.6;13.2;11.2;11;8.3;6.7;1.9;-2.8;0.16;2.9;2.8;0;315;93;96;40;96252;3.02;12.41;0.26;0.37
2000;6;26;178;17.9;14.5;10.9;7.4;6.2;5.3;1.7;-2.2;0.16;2.9;2.8;0;559;206;95;82;96578;2.92;0.27;0.26;0.37
2000;6;27;179;18.1;14.3;9.8;7.1;4.5;3;1.3;-1.9;0.16;2.9;2.8;0;465;184;110;77;96672;2.65;0.05;0.26;0.37
2000;6;28;180;21.2;16.1;10.5;9.6;6.6;3.8;0;-0.4;0.16;2.9;2.8;0;662;231;115;82;96287;2.99;0.19;0.26;0.37
2000;6;29;181;19.6;15.6;10.4;7.9;5.6;4.2;0.7;-2;0.16;2.9;2.8;0;536;171;95;69;96356;2.45;0.03;0.26;0.37
2000;6;30;182;21.3;16.1;9.8;14;9.1;5.4;0.8;0.1;0.16;2.9;2.8;0;565;204;101;71;96326;2.65;3.58;0.26;0.37
2000;7;1;183;25;19;10.7;15.5;12.6;9.8;0.5;0.7;0.16;2.9;2.8;0;674;237;111;78;96158;3.43;0.57;0.26;0.37
2000;7;2;184;26.9;21.3;15;17.2;14.7;13.5;0.6;0.3;0.16;2.9;2.8;0;630;207;102;69;96201;3.12;0.84;0.25;0.37
2000;7;3;185;30.5;23.5;16.3;18.6;15.7;14.2;1.1;0.8;0.16;2.9;2.8;0;612;223;101;71;95909;3.37;0.03;0.25;0.37
2000;7;4;186;31.3;23.5;16.9;17.9;15.6;12.8;1.2;1.3;0.16;2.9;2.7;0;674;220;98;70;95597;3.4;1.29;0.25;0.37
2000;7;5;187;24.2;20.1;17;14.3;11.7;9.9;1.7;-1.1;0.16;2.9;2.7;0;487;138;92;52;96195;2.81;1.67;0.25;0.37
2000;7;6;188;24.6;20.4;15.5;12.7;10.9;9.3;1.3;-1;0.16;2.8;2.7;0;552;197;101;67;96648;2.84;0.06;0.25;0.37
2000;7;7;189;25.5;20.4;16;17.1;14;9.8;0.1;1.3;0.16;2.8;2.7;0;613;156;75;47;96091;2.43;19.66;0.25;0.37
2000;7;8;190;23.5;18.2;11.6;15.9;12.3;7;2.1;-2;0.16;2.8;2.7;0;626;198;100;55;95502;3.93;8.43;0.27;0.37
2000;7;9;191;17.9;13.7;9.8;9.4;7.5;6.2;1.6;-2.7;0.16;2.8;2.7;0;576;171;99;53;95718;3.87;4.38;0.27;0.36
2000;7;10;192;23.2;18.1;12.1;12.5;10.1;6.8;1.1;3.4;0.16;2.8;2.7;0;705;220;101;68;95084;3.53;0;0.27;0.36
2000;7;11;193;18;15.4;12.6;15.5;12.1;8.7;0.7;0.8;0.16;2.8;2.7;0;225;85;55;31;94946;2.28;18.46;0.27;0.36
2000;7;12;194;17.2;14;11.8;11.1;9.2;7.2;1.7;-1.8;0.16;2.8;2.7;0;549;151;86;53;95703;2.75;2.85;0.28;0.36
2000;7;13;195;16.4;13.3;9.9;7.1;5.9;5;2.1;-2.9;0.16;2.8;2.7;0;586;200;95;78;96130;2.96;0.12;0.28;0.36
2000;7;14;196;18.7;13.6;8.3;11.8;8.5;5.4;1;0;0.16;2.8;2.7;0;523;134;82;47;95568;2.3;6.94;0.28;0.36
2000;7;15;197;16.1;12.6;10.6;10.6;9.4;7.7;1.3;-2.1;0.16;2.8;2.7;0;430;114;59;34;95315;3;10.64;0.29;0.36
2000;7;16;198;15.2;12.7;10.6;10.2;8.1;7.2;2.7;-3.5;0.16;2.8;2.7;0;442;139;69;44;95659;2.94;3.02;0.29;0.36
2000;7;17;199;18;14.6;11;8.3;7.2;6.3;2.7;-2.2;0.16;2.8;2.7;0;634;202;92;70;96248;3.28;0.09;0.29;0.36
2000;7;18;200;18.7;14.7;8.8;12;8.8;6.6;1.2;-0.6;0.16;2.8;2.7;0;474;180;94;65;96455;2.8;0.73;0.29;0.36
2000;7;19;201;19.8;15.8;11.4;11.7;9.4;7.2;1.6;-1.1;0.16;2.7;2.7;0;579;178;89;62;96339;2.97;0.52;0.29;0.36
2000;7;20;202;18.3;14.7;12.3;10.8;8.7;6.5;1.6;-2.7;0.16;2.7;2.7;0;453;140;79;52;96538;2.66;1.61;0.29;0.36
2000;7;21;203;20;15.9;11.9;12.4;9.4;5.6;1.2;-1.6;0.16;2.7;2.7;0;558;194;84;62;96639;3.09;1.31;0.29;0.36
2000;7;22;204;19.1;15.7;12.1;14.7;13;11.1;0.1;0.1;0.16;2.7;2.7;0;472;171;86;56;96536;2.77;4.52;0.28;0.36
2000;7;23;205;23.1;18.1;10.9;16.5;14.4;10.5;0;0.2;0.16;2.7;2.7;0;681;218;97;60;96322;3.32;2.19;0.29;0.36
2000;7;24;206;25.9;21.1;15.2;17.4;15.4;11.1;0.7;1.7;0.16;2.7;2.7;0;600;189;79;56;95717;3.4;0.39;0.28;0.36
2000;7;25;207;24;20.6;16.6;17.2;14;9.5;0.7;0.5;0.16;2.7;2.7;0;575;196;86;64;95663;3.41;4.26;0.28;0.36
2000;7;26;208;25.1;19.4;15;16.5;15;13.5;1.4;0;0.16;2.7;2.7;0;596;183;84;57;95766;3.29;4.12;0.29;0.36
2000;7;27;209;22.8;18.9;13.6;14;12.3;10.6;1.3;-0.9;0.16;2.7;2.7;0;520;183;91;61;96390;3.07;0;0.28;0.36
2000;7;28;210;19.4;17;13.8;15.7;13.6;11.2;0.9;-0.8;0.16;2.7;2.7;0;287;90;49;34;96060;2.44;12.61;0.28;0.36
2000;7;29;211;20.2;16.7;13.4;11;9.8;8.8;3.4;-2.6;0.16;2.7;2.7;0;639;217;97;72;96093;3.75;0.13;0.29;0.36
2000;7;30;212;19.6;16.4;13.5;11.8;10.7;9.5;2.4;-2.7;0.16;2.7;2.7;0;512;181;81;71;96634;2.86;0.65;0.29;0.36
2000;7;31;213;21;17;13.4;12.9;11.7;10.5;1.5;-2.4;0.16;2.7;2.7;0;571;207;93;72;97071;3.16;0.66;0.29;0.36
2000;8;1;214;22.8;18.2;11.8;14.1;12.4;10.6;0.1;0.3;0.16;2.7;2.7;0;505;188;94;70;97061;2.87;0.28;0.29;0.36
2000;8;2;215;27.1;21.4;13.8;15.6;13.9;11.1;0.8;2.2;0.16;2.7;2.7;0;696;242;109;75;96685;3.84;0.02;0.28;0.36
2000;8;3;216;24.1;20.7;18.1;16.5;15.1;13.9;-0.1;-0.3;0.16;2.7;2.7;0;489;157;80;49;96615;2.71;0.69;0.28;0.36
2000;8;4;217;20.5;17.7;14.7;13.1;12.2;11.1;1;-2.6;0.16;2.6;2.7;0;497;162;73;50;96710;2.89;3.14;0.28;0.36
2000;8;5;218;20.7;17.2;14.1;16.8;14.8;12.4;0.1;-1.4;0.16;2.6;2.7;0;468;132;68;36;96706;2.61;11.51;0.28;0.36
2000;8;6;219;22.1;18;15;17.2;15.4;13.3;0.1;-0.9;0.16;2.6;2.7;0;473;139;80;41;96362;2.52;13.01;0.3;0.36
2000;8;7;220;19.9;17.2;14.6;14.1;13;12.1;1.9;-2.8;0.16;2.6;2.7;0;494;160;79;56;96504;2.72;1.52;0.3;0.36
2000;8;8;221;20.8;17.3;14.7;13.6;11.6;9.4;0.9;-1.8;0.16;2.6;2.7;0;532;160;80;57;96778;2.72;0.05;0.3;0.36
2000;8;9;222;22.2;18;13.7;15.9;13.4;10.8;0.9;-0.9;0.16;2.6;2.7;0;540;168;85;55;96841;2.52;0.34;0.29;0.35
2000;8;10;223;22.9;18.8;12.5;15.3;13.5;11.6;0.3;0.8;0.16;2.6;2.7;0;528;181;90;65;96719;2.93;0.7;0.29;0.35
2000;8;11;224;25.6;20.6;15.1;18.1;15.7;13.1;0.7;0.5;0.16;2.6;2.7;0;582;192;98;65;96361;3.17;2.83;0.29;0.35
2000;8;12;225;27.6;21.1;14.4;17.1;15.4;12.7;0.6;0.3;0.16;2.6;2.7;0;665;214;106;74;96295;3.52;0.95;0.29;0.35
2000;8;13;226;26.9;21.5;15.3;18.4;16.1;14;0.6;-0.7;0.16;2.6;2.7;0;658;216;104;68;96605;3.54;0.88;0.29;0.35
2000;8;14;227;26.8;21.6;16.5;16.9;15.8;14.9;0.8;-1.1;0.16;2.6;2.7;0;596;194;95;64;96794;3.21;0.3;0.29;0.35
2000;8;15;228;27.2;22.1;15.8;17;14.5;11.8;0.8;-0.6;0.16;2.6;2.7;0;613;191;99;71;96787;3.16;0.01;0.28;0.35
2000;8;16;229;27.5;22.7;16.2;18.1;15.5;14;0.8;0;0.16;2.6;2.7;0;552;187;92;67;96561;3.02;0.07;0.28;0.35
2000;8;17;230;29.5;23.1;16.7;17.3;15.9;14.1;1.2;1;0.15;2.6;2.7;0;626;199;102;70;96380;3.32;0.62;0.28;0.35
2000;8;18;231;29.7;24;17.8;18.1;15.7;14.1;0.4;0.7;0.15;2.6;2.7;0;659;221;114;78;96502;3.52;0;0.28;0.35
2000;8;19;232;32;25.4;18.8;17.6;14.8;11.1;1;2.6;0.15;2.6;2.7;0;663;214;110;79;96432;3.62;0;0.27;0.35
2000;8;20;233;31.8;24.9;19.3;19;16.4;12;0.8;0.7;0.15;2.6;2.7;0;652;208;112;81;96272;3.37;2.09;0.27;0.35
2000;8;21;234;31.5;25.6;18.2;16.5;14.5;13;0.6;0.6;0.15;2.6;2.7;0;653;212;114;84;96094;3.49;0;0.27;0.35
2000;8;22;235;25.5;22.5;18.4;13.4;12.2;10.9;1.4;-2.5;0.15;2.6;2.7;0;638;188;99;71;96475;3.15;0.16;0.27;0.35
2000;8;23;236;23.5;19.9;16.3;14;12.5;10.1;-0.1;-2.2;0.15;2.5;2.7;0;595;170;90;64;96864;2.48;0.03;0.26;0.35
2000;8;24;237;25.1;19.6;14.4;13.7;11.4;9.9;0;-0.1;0.15;2.5;2.7;0;608;196;113;78;96937;2.64;0;0.26;0.35
2000;8;25;238;23.4;19;14.7;13.2;9.6;6.1;1.3;-3;0.15;2.5;2.7;0;568;187;109;79;96638;2.51;0;0.26;0.35
2000;8;26;239;19.8;15.7;12.4;9;7;5.4;-0.4;-2.2;0.15;2.5;2.7;0;642;210;129;94;96748;2.38;0;0.26;0.35
2000;8;27;240;20.9;16.3;10.2;9.3;7.6;6.6;-0.8;2.1;0.15;2.5;2.7;0;605;199;108;83;96608;2.16;0;0.26;0.35
2000;8;28;241;20.4;16.5;13.8;11.9;9.7;7.6;0.5;0.3;0.15;2.5;2.7;0;488;127;80;46;96685;1.79;1.34;0.25;0.35
2000;8;29;242;21.4;17.1;13;12.4;11;10.4;0.9;-1.7;0.15;2.5;2.7;0;489;159;89;66;96790;2.02;0.22;0.25;0.35
2000;8;30;243;23.6;18.4;11.4;13.8;11.8;9.8;0;0.7;0.15;2.5;2.7;0;505;176;110;69;96417;2.09;0.4;0.25;0.35
2000;8;31;244;21.1;17.3;14.9;16;14.4;12;-0.7;0.1;0.15;2.5;2.7;0;490;110;69;33;95748;1.97;21.86;0.26;0.35
2000;9;1;245;20.7;16.7;13.6;15;12.8;10.6;0.8;-2.4;0.15;2.5;2.7;0;502;136;91;44;95557;2.47;1.89;0.27;0.35
2000;9;2;246;19.4;15.7;12.8;13.6;10.6;9.2;0.9;-0.8;0.15;2.5;2.7;0;427;97;58;40;95649;1.71;3.07;0.27;0.35
2000;9;3;247;19.3;15.1;11;10.6;8.3;6.2;2.5;-0.9;0.15;2.5;2.7;0;544;185;110;74;95772;2.81;0.33;0.27;0.35
2000;9;4;248;17.6;13.7;10;8;6.9;6.3;2;-2;0.15;2.5;2.7;0;541;174;105;81;96246;2.27;0.14;0.27;0.35
2000;9;5;249;14.5;11.9;9.7;6.4;5.4;3.2;1.8;-3.8;0.15;2.5;2.7;0;487;156;92;77;96664;2.02;0.43;0.27;0.35
2000;9;6;250;15.9;12.4;8.9;8;6.8;5.9;0.9;-1.2;0.15;2.5;2.7;0;468;140;87;64;96519;1.94;1.09;0.27;0.35
2000;9;7;251;16.8;12.9;10.5;11;8.3;6.5;1.2;-0.8;0.15;2.5;2.7;0;361;85;84;41;95977;1.74;5.51;0.27;0.35
2000;9;8;252;17.1;13.5;9.9;10;8.9;8.1;0.5;-2.5;0.15;2.5;2.7;0;455;123;78;56;97008;1.78;0.63;0.27;0.35
2000;9;9;253;19.9;14.4;7.8;11.5;9.1;7.2;0.3;1.7;0.15;2.5;2.7;0;568;180;118;84;97369;2.16;0;0.27;0.35
2000;9;10;254;21.8;15.5;9.3;11.3;9.1;7.3;0.4;1.6;0.15;2.5;2.7;0;613;192;129;94;97065;2.35;0;0.27;0.35
2000;9;11;255;22.1;15.9;9;11.3;9.5;7.3;0.8;-0.9;0.15;2.5;2.7;0;594;184;124;83;96553;2.28;0;0.27;0.35
2000;9;12;256;22.3;17.4;12.1;13.8;11.9;9.3;0.2;-0.2;0.15;2.5;2.7;0;509;152;98;66;96396;1.88;0.02;0.26;0.34
2000;9;13;257;24.5;18.5;13.6;14.9;13.2;10.7;0.9;0.7;0.15;2.5;2.7;0;557;167;107;66;96134;2.35;4.27;0.26;0.34
2000;9;14;258;22;17.5;13.3;15;13.5;12.3;1.3;-0.9;0.15;2.5;2.7;0;423;140;78;58;96385;2.26;1.9;0.27;0.34
2000;9;15;259;20.1;16.3;13.4;15.4;14.1;12.6;0;0.1;0.15;2.5;2.7;0;425;111;75;40;96521;1.9;8.83;0.27;0.34
2000;9;16;260;23.2;17.1;11.2;15.7;13.6;8.7;0.3;1;0.15;2.4;2.7;0;500;124;80;33;95977;2.83;27.17;0.27;0.34
2000;9;17;261;17.7;14;9.8;9.9;9;7.9;1.7;-0.1;0.15;2.4;2.7;0;413;113;79;51;95828;2;0.74;0.29;0.34
2000;9;18;262;15.7;13.1;10;10.7;9.8;7.9;-0.3;-1.1;0.14;2.4;2.7;0;361;87;78;38;95952;1.5;1.8;0.29;0.34
2000;9;19;263;13.4;11.5;9.4;10.6;8.6;6.2;-0.8;-0.2;0.14;2.4;2.7;0;215;58;29;14;95910;1.02;0.21;0.29;0.34
2000;9;20;264;20;14.7;12.1;13.9;12.5;10.7;-0.6;-0.5;0.14;2.3;2.7;0;378;97;60;29;95774;1.22;0.16;0.29;0.34
2000;9;21;265;17.9;14.2;12;13.9;11.6;7;0.1;-1;0.14;2.3;2.7;0;193;56;59;23;95851;1.29;3.31;0.29;0.34
2000;9;22;266;13.3;12.1;10.3;8.3;7.7;6.4;2.3;-4.4;0.14;2.3;2.7;0;238;58;64;37;96804;0.98;0;0.29;0.34
2000;9;23;267;12.5;10.6;8.5;7.5;6.8;6.3;0.5;-3.3;0.14;2.3;2.7;0;194;56;78;34;97216;0.87;0.15;0.29;0.34
2000;9;24;268;11.5;10.6;9.7;9.2;8.1;6.5;-0.7;0.7;0.14;2.2;2.7;0;117;32;23;15;97160;0.5;0.23;0.29;0.34
2000;9;25;269;15.1;12.3;9.8;10.8;9.7;9.1;-0.5;1;0.14;2.2;2.7;0;177;55;40;23;97125;0.76;0.59;0.29;0.34
2000;9;26;270;16;13.2;10.5;12.1;11.2;10.2;-0.6;0.7;0.14;2.2;2.7;0;243;62;43;24;97208;0.84;0.3;0.29;0.34
2000;9;27;271;19.9;14.6;10.4;12.5;10.7;9.1;0;2.5;0.14;2.1;2.7;0;478;131;90;65;96897;1.56;0;0.29;0.34
2000;9;28;272;19.2;14.5;10.3;11.6;9.8;7.9;-0.4;2.6;0.14;2.1;2.6;0;472;141;102;73;96425;1.63;0;0.29;0.34
2000;9;29;273;19.4;14.7;10.3;11.4;9.5;7.4;-0.9;3.2;0.14;2.1;2.6;0;511;143;102;77;95983;1.64;0;0.29;0.34
2000;9;30;274;19.8;15.5;10.7;12;10.6;8.5;-0.8;3.5;0.14;2.1;2.6;0;463;124;91;62;95916;1.52;0.4;0.29;0.34
2000;10;1;275;17.3;15.4;14;15.5;13.2;11.9;-1;3.1;0.14;2;2.6;0;255;61;35;23;95792;1.28;5.52;0.29;0.34
2000;10;2;276;19.7;15.6;12.8;13.2;12.1;10.5;0;1.9;0.14;2;2.6;0;447;102;83;44;95726;1.59;2.41;0.29;0.34
2000;10;3;277;14.4;13.3;11.9;13.3;11.8;9.9;0.8;-1.8;0.14;2;2.6;0;113;30;33;11;96562;1.02;16.38;0.3;0.34
2000;10;4;278;19.7;14.8;11.3;15;12.8;10;0.4;-0.4;0.14;2;2.6;0;337;88;86;46;96825;1.05;1.48;0.31;0.34
2000;10;5;279;19.1;14.4;10.6;13.9;11.6;10;0.1;0.9;0.14;1.9;2.6;0;460;120;100;59;96514;1.4;0.23;0.31;0.34
2000;10;6;280;16.7;12.8;9.3;10.5;9.4;6.1;1;-2.2;0.14;1.9;2.6;0;399;97;78;46;96436;1.54;1.94;0.31;0.34
2000;10;7;281;10.4;8.7;7;7;5.9;4.4;2.2;-3;0.14;1.9;2.6;0;182;40;23;8;96563;2.1;8.72;0.31;0.34
2000;10;8;282;10.3;8.4;6.8;6.4;5.1;3.6;2;-2.6;0.14;1.9;2.6;0;197;48;44;17;96521;1.36;1.66;0.31;0.34
2000;10;9;283;9.7;8.9;7.8;8.2;6.9;5.9;0.4;-1;0.14;1.8;2.6;0;119;24;16;10;96038;0.91;8.38;0.32;0.34
2000;10;10;284;12.3;9.6;6.6;8.2;7;5.6;0.2;2.7;0.14;1.8;2.6;0;218;53;56;27;95224;0.88;3.59;0.32;0.34
2000;10;11;285;16.8;13.3;9.2;11.2;8.5;5.8;0.5;5.1;0.14;1.8;2.6;0;358;94;87;45;94773;1.54;1.96;0.32;0.34
2000;10;12;286;20.2;16.7;13.3;11;9.7;6.6;1.3;5.2;0.14;1.8;2.6;0;352;91;90;68;95410;1.59;0;0.32;0.34
2000;10;13;287;22.2;17.8;14.9;14.1;12.3;9.7;0.6;3.6;0.14;1.7;2.6;0;443;120;105;82;96197;1.62;0;0.32;0.34
2000;10;14;288;22.7;17.2;13.3;15.4;13.8;11.7;0.3;2.6;0.14;1.7;2.6;0;446;119;101;76;96519;1.31;0;0.32;0.34
2000;10;15;289;18.4;14.3;11;13.5;12.4;10.9;-0.5;2.1;0.14;1.7;2.6;0;415;100;104;68;96414;0.92;0;0.32;0.34
2000;10;16;290;18.4;14.6;12;12.2;10.5;9.1;0.2;3.3;0.14;1.7;2.6;0;412;96;108;62;96442;1.15;0;0.32;0.34
2000;10;17;291;18.5;14;10.1;10.5;9.4;7.8;0.5;-0.1;0.13;1.7;2.6;0;434;112;114;76;96861;1.32;0.85;0.32;0.34
2000;10;18;292;14.7;11.8;8.8;11.3;10;8.3;1;-1.6;0.13;1.6;2.6;0;265;72;65;46;97042;1.1;3.22;0.32;0.34
2000;10;19;293;13.9;10.9;7.9;11.5;9.6;7.3;-0.2;0.5;0.13;1.6;2.6;0;224;57;54;38;97047;0.66;1.86;0.32;0.34
2000;10;20;294;12.9;9.7;7.1;8.6;6.2;3.5;-0.8;2.8;0.13;1.6;2.6;0;342;89;92;61;97506;1.08;0;0.32;0.34
2000;10;21;295;11.2;7.8;5.1;3.9;3.2;1.7;-0.4;3.4;0.13;1.6;2.6;0;434;111;114;90;97774;0.94;0;0.32;0.34
2000;10;22;296;13;8.1;4.5;5;3.8;2;0;2.6;0.13;1.6;2.6;0;435;112;119;91;97854;0.92;0;0.32;0.34
2000;10;23;297;13.8;8.2;4.2;4.8;3.7;2.2;0.5;2.6;0.13;1.6;2.6;0;436;112;124;96;97503;0.97;0;0.32;0.34
2000;10;24;298;16.2;9.5;2.2;9.1;5.5;0.5;0.7;0.9;0.13;1.6;2.6;0;412;102;110;65;97024;0.88;0.04;0.32;0.34
2000;10;25;299;17;11.2;7.6;9.9;7.8;6.4;1;1.1;0.13;1.6;2.6;0;386;90;108;66;96565;0.8;0.1;0.32;0.34
2000;10;26;300;18.2;11.8;6.6;10.4;7.8;4.7;0.7;0.2;0.13;1.6;2.6;0;409;102;114;69;96184;0.95;0.19;0.31;0.34
2000;10;27;301;12.1;9.2;5.4;7;4.3;3.3;1.6;-1.4;0.13;1.6;2.6;0;349;79;102;59;96646;1.23;2.24;0.32;0.34
2000;10;28;302;12.6;8.9;5.5;7.5;5.8;3.7;0.8;1.8;0.13;1.5;2.6;0;174;34;83;40;96879;0.36;0.12;0.32;0.34
2000;10;29;303;14;9.2;5.7;8.5;6.5;4.3;0.3;1.5;0.13;1.5;2.6;0;363;91;104;69;96539;0.67;0.01;0.31;0.34
2000;10;30;304;15.7;11.5;6.6;9.3;7.9;6.1;1.2;3.7;0.13;1.5;2.6;0;368;86;93;64;95925;0.81;0.02;0.31;0.34
2000;10;31;305;17.6;13.9;9.1;10.7;9.4;7.2;1.6;4.2;0.12;1.5;2.6;0;339;85;96;68;95302;1.06;2.94;0.31;0.34
2000;11;1;306;10.1;6.5;4.3;6.4;4.3;2.9;1;-0.9;0.12;1.5;2.6;0.01;192;32;87;36;95772;1.2;18.91;0.33;0.34
2000;11;2;307;11.8;7.6;2.6;6.7;4.5;1.3;0.6;3;0.12;1.5;2.6;0;364;88;105;78;95818;0.68;0;0.33;0.34
2000;11;3;308;14.3;10.9;7.7;9.5;8.1;6.1;0.8;5.1;0.12;1.5;2.6;0;316;67;84;55;95438;0.98;2.54;0.33;0.34
2000;11;4;309;11.3;9.2;6.1;9.4;7;3.8;0.6;-0.3;0.12;1.5;2.6;0;118;26;49;19;95682;1.24;12.88;0.34;0.34
2000;11;5;310;9.2;6.2;4.4;4.6;3.3;2.3;0.2;1.3;0.12;1.5;2.6;0;290;66;81;56;96376;0.85;0.9;0.35;0.34
2000;11;6;311;11.6;9.1;5.4;6.7;5.4;4.1;-0.2;6.4;0.12;1.4;2.6;0;253;52;63;40;95011;0.7;0.41;0.34;0.34
2000;11;7;312;12.8;10.1;7.6;9.8;6.9;4;0.2;4.7;0.12;1.4;2.6;0;234;46;96;53;94085;1.12;4.64;0.35;0.34
2000;11;8;313;12.2;8.8;6.7;4.9;3.9;2.4;1.3;3.2;0.12;1.4;2.6;0;346;76;104;75;94922;0.77;0.06;0.35;0.34
2000;11;9;314;11.9;7.8;4.2;4.4;3.6;2.2;0.8;1.8;0.12;1.4;2.6;0;352;83;117;80;95846;0.73;0.06;0.35;0.34
2000;11;10;315;10.2;5.6;0.6;3.3;2;-0.2;1.2;-0.3;0.12;1.4;2.6;0;322;67;92;62;96673;0.59;0.34;0.35;0.34
2000;11;11;316;9.9;4.2;-1.2;3.7;1.3;-2.4;0.6;1.4;0.12;1.4;2.6;0;346;79;111;79;97249;0.65;0.39;0.35;0.34
2000;11;12;317;9;4.9;1.3;2.7;1.6;0;0.5;3.3;0.12;1.4;2.6;0;334;80;105;85;96472;0.54;0;0.35;0.34
2000;11;13;318;14.6;9.3;3.4;9.4;5.7;0.6;2.2;3.3;0.12;1.4;2.6;0;334;77;102;79;95618;0.59;0;0.34;0.34
2000;11;14;319;17;14.3;11.8;11.4;10.1;9.2;1.8;5;0.12;1.4;2.6;0;289;59;71;58;95558;0.78;0.17;0.34;0.34
2000;11;15;320;13.3;9.1;7.5;10;7.1;5.9;-0.3;-0.4;0.11;1.3;2.6;0;133;27;60;25;96361;0.66;5.16;0.35;0.34
2000;11;16;321;8.5;7.7;7.2;8;5.9;4.3;0.2;0;0.11;1.3;2.6;0;58;12;20;10;96312;0.63;5.57;0.35;0.34
2000;11;17;322;12.7;9.3;6.9;8.6;7.2;5.4;0.2;1.7;0.11;1.4;2.6;0;281;60;102;53;95836;0.45;3.29;0.35;0.34
2000;11;18;323;6.5;4.6;2.1;5.4;2.4;-0.4;1.3;-2.6;0.11;1.4;2.6;0;80;14;65;19;96154;1.37;11.97;0.37;0.34
2000;11;19;324;7.6;3.5;-1.5;4.3;1.2;-3.1;0.1;0.7;0.11;1.4;2.6;0;264;52;76;40;95825;0.49;1.56;0.37;0.34
2000;11;20;325;8.3;5.9;4.3;6.4;4.1;3.3;0.2;2.4;0.11;1.4;2.6;0;226;42;69;36;95584;0.47;0.33;0.37;0.34
2000;11;21;326;12.2;8.8;7;8.3;7;5.3;-0.1;3.1;0.11;1.4;2.6;0;182;40;55;41;95692;0.35;0.65;0.37;0.34
2000;11;22;327;10.5;7.9;5.4;7.2;6.5;5.2;0.3;1.4;0.11;1.4;2.6;0;234;50;78;48;96204;0.3;0;0.37;0.34
2000;11;23;328;9.6;7.4;4.3;6.2;4.7;3.8;0.8;3.9;0.11;1.4;2.6;0;186;42;85;62;95929;0.38;0;0.36;0.34
2000;11;24;329;12.5;8.8;6.6;7;6.1;4.9;1;2.9;0.11;1.4;2.6;0;269;62;98;67;95721;0.45;0.86;0.36;0.34
2000;11;25;330;8.3;6.9;5.8;7.8;6.5;5.3;-0.6;-0.3;0.11;1.4;2.6;0;101;20;12;7;95724;0.44;10.88;0.36;0.34
2000;11;26;331;9.2;6.2;2.5;6;4;0.9;1;-0.3;0.11;1.4;2.6;0;170;32;79;31;95306;0.64;3.02;0.38;0.34
2000;11;27;332;7;4.7;2;0.6;-0.5;-1.1;2.3;-2.8;0.11;1.4;2.6;0;200;45;87;68;96352;0.6;0;0.38;0.34
2000;11;28;333;7.7;3.8;-0.7;2.2;-0.2;-2.2;0.9;0.9;0.11;1.4;2.6;0;272;57;98;51;96939;0.44;0.12;0.37;0.34
2000;11;29;334;10;5.3;2.1;3.8;1.8;0.3;0.3;2.6;0.11;1.4;2.6;0;275;61;102;73;96668;0.47;0;0.37;0.34
2000;11;30;335;7.7;3.3;0;3.6;1.3;-1;0;1.1;0.11;1.4;2.6;0;265;54;96;68;96774;0.25;0;0.37;0.34
2000;12;1;336;4.1;1.8;-0.2;2.5;1.2;-0.4;-0.3;0.7;0.11;1.4;2.6;0;146;27;56;28;96778;0.13;0.06;0.37;0.34
2000;12;2;337;7.5;2.5;0.1;3.7;1.3;-0.2;0.2;0.7;0.11;1.4;2.6;0;230;49;93;48;96780;0.26;0.08;0.37;0.34
2000;12;3;338;5.9;2.5;0.2;3.5;1.5;-0.1;0.4;-0.3;0.11;1.4;2.6;0;200;41;79;40;96745;0.2;0.04;0.37;0.34
2000;12;4;339;6.3;3.2;0.5;4.5;2.4;0;0.2;1;0.11;1.4;2.6;0;133;27;42;24;96934;0.12;0.19;0.37;0.34
2000;12;5;340;5.2;3.6;2.5;4.3;3.1;2.2;0.1;1.2;0.11;1.4;2.6;0;114;21;25;11;97042;0.16;0.24;0.37;0.34
2000;12;6;341;4.4;3.4;2.6;3.5;3;2.4;-0.4;3.1;0.11;1.4;2.6;0;97;18;12;7;96839;0.14;0.16;0.37;0.34
2000;12;7;342;6;3.8;2.1;5.2;3.1;1.4;-0.4;2.6;0.11;1.4;2.6;0;151;24;32;12;96627;0.15;0.04;0.37;0.34
2000;12;8;343;11;6.9;3.7;7.4;5.6;3.3;1.1;1.7;0.11;1.4;2.6;0;154;34;67;34;96065;0.19;0;0.37;0.34
2000;12;9;344;7.3;5.1;2.4;5.8;4.4;2;0.1;-0.3;0.11;1.4;2.6;0;139;28;44;21;96574;0.28;2.96;0.37;0.34
2000;12;10;345;9;6.1;4.7;6.2;5.1;4.4;0.4;0.3;0.11;1.4;2.6;0;164;33;84;25;96742;0.33;0.89;0.37;0.34
2000;12;11;346;9.7;5.7;2;7;3.7;0.4;1.9;0.2;0.11;1.4;2.6;0;144;30;76;54;97186;0.59;2.36;0.37;0.34
2000;12;12;347;12;5.9;1.3;8;3.5;-0.5;1.7;0.6;0.11;1.4;2.6;0;164;32;71;45;97149;0.23;0.03;0.37;0.34
2000;12;13;348;13.2;7.8;4.4;6.1;3.8;2;1.5;0.3;0.11;1.4;2.6;0;159;35;73;40;96613;0.34;0;0.37;0.34
2000;12;14;349;9.2;4.8;1.9;5.6;3.2;0.1;1;0.6;0.11;1.4;2.6;0;192;40;77;52;96024;0.15;0.09;0.37;0.34
2000;12;15;350;6.7;3.5;1.1;5.5;2;-1;1.4;-0.1;0.11;1.4;2.6;0;84;13;54;31;95186;0.33;5.95;0.37;0.34
2000;12;16;351;5.1;2.3;0.2;-1.3;-3.7;-5.6;2.9;-0.7;0.11;1.4;2.6;0;260;49;101;81;95490;0.61;0.03;0.37;0.34
2000;12;17;352;5.1;0.6;-2.4;-0.7;-3.2;-5.4;0.7;0.4;0.11;1.4;2.6;0;209;44;84;66;96121;0.19;0.11;0.37;0.34
2000;12;18;353;4;0.6;-1.4;-0.1;-1.4;-2.7;0.5;-0.2;0.12;1.4;2.6;0.19;195;41;76;38;96695;0.3;0.89;0.37;0.34
2000;12;19;354;1.9;0.2;-1.6;0.7;-0.7;-2.7;0.2;-1;0.14;1.4;2.6;1.79;87;17;70;20;96797;0.25;5.3;0.37;0.34
2000;12;20;355;-0.8;-2.4;-3.9;-3;-5.1;-6.4;0.1;-1.6;0.18;1.3;2.6;3.97;243;50;99;70;97426;0.39;0.07;0.37;0.34
2000;12;21;356;-1.5;-2.9;-3.8;-4.2;-6.4;-8.4;-0.7;2.3;0.18;1.3;2.6;4.13;147;28;76;48;97437;0.17;0.2;0.37;0.34
2000;12;22;357;-2.4;-4;-5;-8.3;-9.3;-10.6;-0.8;1.6;0.18;1.3;2.6;4.16;153;33;98;59;97318;0.08;0.03;0.37;0.34
2000;12;23;358;0.3;-4;-6.5;-8;-10;-11.4;0.5;2.7;0.18;1.3;2.6;4.1;246;52;110;89;96362;0.13;0;0.37;0.35
2000;12;24;359;0.5;-4.2;-7;-7.1;-10;-14.5;0.3;0.6;0.18;1.3;2.6;3.99;248;52;115;76;95566;0.06;0;0.37;0.35
2000;12;25;360;5.9;0.5;-5.1;3.5;-2.1;-9.3;1.6;1.5;0.17;1.3;2.6;3.54;185;34;77;43;94523;-0.08;0.09;0.37;0.35
2000;12;26;361;1.8;-0.3;-2.1;1;-1;-3.2;0.3;-0.1;0.17;1.3;2.6;3.36;71;16;29;16;94306;0.08;5.04;0.37;0.35
2000;12;27;362;4.1;1.1;-1.6;2.3;0.6;-2.2;0.2;0.1;0.16;1.3;2.6;3.2;207;42;80;24;94253;0.08;4.71;0.37;0.35
2000;12;28;363;5.8;2.2;-0.4;1.7;0.7;-1.6;1.4;-1.1;0.16;1.3;2.6;3.2;217;40;74;27;94162;0.37;13.03;0.39;0.35
2000;12;29;364;2.2;-0.2;-2.5;-0.6;-1.9;-3.7;0;-0.5;0.16;1.3;2.6;3.14;134;26;53;33;94699;0.11;3.36;0.39;0.35
2000;12;30;365;1.2;-0.6;-3.2;-0.9;-3.8;-7;1.9;-2.4;0.3;1.3;2.6;11.01;106;20;91;42;94621;0.42;6.79;0.39;0.35
2000;12;31;366;1.4;-2.2;-4.1;-4.6;-6.7;-8.1;1.4;-0.6;0.32;1.3;2.6;12.24;183;39;98;57;96088;0.27;0;0.39;0.35
2001;1;1;1;0.1;-2.7;-5.8;-4.9;-6.4;-8.8;0.6;2.8;0.31;1.3;2.6;11.59;213;45;104;65;96218;0.3;0;0.39;0.35
2001;1;2;2;1.3;-1.7;-3.4;-2.5;-4.5;-5.2;-0.1;1.9;0.3;1.3;2.6;11.21;176;37;84;47;95568;0.23;0.04;0.39;0.35
2001;1;3;3;3;-0.4;-3.1;1.9;-1.8;-4.4;0.8;0.2;0.29;1.3;2.6;11.04;55;13;63;21;95793;-0.05;1.69;0.39;0.35
2001;1;4;4;3.3;0.5;-3.6;2.5;-0.4;-4.7;0.9;2;0.26;1.2;2.6;9.65;111;22;55;27;95776;-0.09;0.08;0.39;0.35
2001;1;5;5;7.3;3.3;-0.3;3.2;1.2;-1.5;1.2;2.9;0.22;1.2;2.6;7.2;225;45;90;46;95611;0.21;0.38;0.39;0.35
2001;1;6;6;10.1;5.1;2.8;5.5;2.7;0.6;1.3;1.1;0.17;1.2;2.6;4.11;218;46;85;40;95296;0.2;0.03;0.39;0.35
2001;1;7;7;5.1;4.2;2.9;3.7;3.1;2.6;0.3;-1;0.15;1.2;2.5;2.71;56;9;13;0;95925;0.16;2.39;0.39;0.35
2001;1;8;8;3.6;2.5;1.2;3.1;1.7;0.4;1;-2.4;0.15;1.2;2.5;2.59;52;9;22;5;95679;0.5;14.02;0.4;0.35
2001;1;9;9;2.9;1;-2.8;0.4;-2.3;-5.5;2.2;-3.3;0.18;1.2;2.5;4.83;207;42;85;55;96002;0.79;2.03;0.4;0.35
2001;1;10;10;4.1;-0.1;-3;-0.9;-3.2;-5.9;0.1;0.6;0.17;1.2;2.5;4.44;263;54;110;61;96360;0.21;0;0.4;0.35
2001;1;11;11;4.3;0.5;-2.6;1.1;-1.1;-3.8;0.2;-1.1;0.17;1.2;2.5;3.93;163;34;50;28;96539;0.14;0.64;0.4;0.35
2001;1;12;12;0.1;-1.1;-2.5;-1.6;-4.6;-7.2;0.1;-2.8;0.16;1.2;2.5;3.69;248;50;84;50;97099;0.55;0.02;0.4;0.35
2001;1;13;13;-1.8;-3.2;-4.9;-6.8;-7.4;-8.2;-0.1;-2.5;0.16;1.2;2.5;3.67;206;43;91;60;97737;0.13;0.07;0.4;0.35
2001;1;14;14;-1.6;-3.9;-5.4;-6.5;-7.2;-8.4;-0.3;-0.9;0.16;1.2;2.5;3.62;244;53;82;67;97963;0.09;0.07;0.4;0.35
2001;1;15;15;-1.8;-4.3;-6;-7;-7.7;-8.8;-0.5;0.1;0.16;1.2;2.5;3.55;281;62;108;77;97710;0.08;0;0.4;0.36
2001;1;16;16;-2;-4.5;-7.4;-6;-7.6;-8.7;-0.7;1.6;0.16;1.2;2.5;3.61;193;44;71;47;97408;0.07;0.55;0.39;0.36
2001;1;17;17;-1.1;-3.1;-5.1;-4.7;-6.5;-7.9;-0.4;2.8;0.17;1.2;2.5;3.88;234;48;79;50;97109;0.07;0;0.39;0.36
2001;1;18;18;0.7;-1.5;-3;-2.6;-3.2;-4.5;-0.4;2.8;0.17;1.2;2.5;3.84;136;29;46;23;96982;0.06;0.15;0.39;0.36
2001;1;19;19;1.2;-0.7;-2.1;-1.2;-2.2;-3;-0.3;2.5;0.17;1.2;2.5;3.97;122;28;54;26;97039;0.06;0;0.39;0.36
2001;1;20;20;0.4;-0.7;-1.7;-1.3;-2.2;-3.6;-0.7;1.8;0.17;1.2;2.5;3.95;93;22;22;13;97212;0.06;0.04;0.39;0.36
2001;1;21;21;-0.4;-1.6;-2.5;-3.6;-3.9;-4.1;-0.8;1.5;0.17;1.2;2.5;4.25;104;23;39;24;97328;0.07;1.02;0.39;0.36
2001;1;22;22;-0.5;-1.6;-2.6;-3.4;-4.2;-4.9;-0.6;3.5;0.18;1.1;2.5;5;135;28;42;23;96820;0.09;0.41;0.39;0.36
2001;1;23;23;2.1;-0.7;-2.8;-0.3;-2;-3.4;-0.5;1.5;0.19;1.1;2.5;5.32;103;20;45;19;96152;0.04;0.51;0.39;0.36
2001;1;24;24;5.3;1.5;-1.6;4.5;1;-1.9;-0.2;3.8;0.19;1.1;2.5;4.95;64;14;15;5;95965;-0.07;0.27;0.39;0.36
2001;1;25;25;4.5;2.3;0.8;4.3;2;0.7;0.2;1.3;0.16;1.1;2.5;3;51;11;18;1;95892;-0.05;3.52;0.39;0.36
2001;1;26;26;5.8;3;0.9;5.3;2.4;0.6;0.4;0.3;0.14;1.1;2.5;1.99;89;16;17;7;95675;0.08;2.55;0.39;0.36
2001;1;27;27;7.2;2.7;0.2;2.5;0.7;-1.4;1.1;1.9;0.13;1.1;2.5;1.5;215;43;48;21;95134;0.45;1.32;0.39;0.36
2001;1;28;28;5.9;1.5;-1.2;-0.1;-2.2;-4.4;0.7;1.9;0.13;1.1;2.5;1.28;333;71;111;62;95335;0.54;0;0.39;0.36
2001;1;29;29;3.1;1.3;-0.3;0.1;-1.1;-2;0.6;-1.8;0.13;1.1;2.5;1.11;199;48;66;33;95785;0.3;0.03;0.39;0.36
2001;1;30;30;0.2;-0.3;-0.8;-2.1;-3.5;-4.3;1.4;-5.1;0.14;1.1;2.5;2.37;77;19;34;22;96192;0.27;2.64;0.39;0.36
2001;1;31;31;0.8;-0.8;-2;-4.4;-5.6;-6.8;1.7;-5.7;0.17;1.1;2.5;3.7;203;49;71;47;96174;0.54;0.8;0.39;0.36
2001;2;1;32;-0.3;-2;-3.2;-5.1;-7;-8.7;1.1;-5;0.19;1.1;2.5;5.03;256;61;84;64;96416;0.53;1.24;0.39;0.36
2001;2;2;33;-0.8;-3.5;-7.6;-7.4;-8.8;-12.3;1.9;-2.2;0.19;1.1;2.5;5.28;319;78;107;86;96384;0.24;0.34;0.39;0.36
2001;2;3;34;0.9;-2.3;-7.7;-3.7;-6.8;-12.5;0.6;1.5;0.21;1.1;2.5;6.29;259;45;87;30;95826;0.15;2.43;0.39;0.36
2001;2;4;35;5.8;1.2;-1.5;1.9;-1.5;-4.7;1.4;1.1;0.23;1.1;2.5;7.02;200;29;60;28;95546;0.17;0.79;0.39;0.36
2001;2;5;36;8.7;2.7;-1.8;3.3;0.1;-3.4;1.7;1.3;0.2;1.1;2.5;5.4;253;57;72;46;95494;0.38;1.41;0.39;0.36
2001;2;6;37;11.6;5;0.5;4.1;1.2;-1.7;0.9;1.4;0.17;1.1;2.5;3.61;341;65;100;49;96141;0.4;0;0.39;0.36
2001;2;7;38;12.2;6;1.3;5.7;2.6;-0.1;1;1.7;0.15;1.1;2.5;2.25;319;73;107;57;95920;0.36;0;0.39;0.36
2001;2;8;39;13.4;8.6;4.9;5.2;3.3;2.2;2;4;0.13;1.1;2.5;0.93;379;85;108;73;95510;0.73;0;0.39;0.36
2001;2;9;40;12.4;7.6;4.4;5.5;4.2;2.7;1.2;0.4;0.12;1.1;2.5;0.27;338;83;99;64;96014;0.77;3.73;0.39;0.36
2001;2;10;41;7;4.5;1.6;3.7;1.3;-1.9;0.8;-3.8;0.12;1.1;2.5;0.13;329;84;87;61;97616;0.76;0.24;0.39;0.37
2001;2;11;42;8.1;2.8;-1.4;1.6;-0.5;-2.9;0.3;-1.6;0.12;1.1;2.5;0.05;408;101;118;84;98479;0.56;0;0.39;0.37
2001;2;12;43;11.3;3.9;-2.3;1.4;-1.3;-4.9;1;1.9;0.12;1.1;2.5;0.05;414;103;125;80;97788;0.69;0;0.39;0.37
2001;2;13;44;9.2;4.5;0.6;3.4;0.9;-2.6;0.8;-2.1;0.12;1.1;2.5;0.02;287;63;72;44;97085;0.47;0.24;0.39;0.37
2001;2;14;45;5.8;3;0.7;-0.5;-1;-1.6;1.1;-3.6;0.12;1.1;2.5;0;374;91;91;64;97616;0.58;0;0.38;0.37
2001;2;15;46;8.7;3.1;-1.4;2.1;-0.4;-2.7;0.5;-0.4;0.12;1.1;2.5;0;412;105;109;80;97779;0.53;0;0.38;0.37
2001;2;16;47;9.9;2.9;-2;3.6;-0.2;-4;0.6;0.2;0.12;1.1;2.5;0;429;110;120;78;97432;0.53;0;0.38;0.37
2001;2;17;48;8.2;2.9;-1.8;2.4;-0.2;-3;1.2;-2.7;0.12;1.1;2.5;0;353;92;93;62;97422;0.53;0.01;0.38;0.37
2001;2;18;49;7.3;2.8;-0.4;-1;-2.6;-4;2.3;-4.1;0.12;1.1;2.5;0;408;105;108;68;97360;0.75;0.15;0.38;0.37
2001;2;19;50;4.8;2.3;-0.3;-2.5;-3.8;-5.2;2.5;-4.4;0.12;1.1;2.5;0.13;339;79;81;64;97362;0.69;0.06;0.38;0.37
2001;2;20;51;4.7;2;0.5;-1.3;-2.8;-4.7;2.8;-3.4;0.12;1.1;2.5;0.55;393;78;85;51;96712;1.24;3.61;0.38;0.37
2001;2;21;52;5.9;3.3;0.7;-1.6;-2.6;-4.6;3.7;-2.7;0.14;1.1;2.5;1.77;337;69;75;50;96264;0.79;0.58;0.38;0.37
2001;2;22;53;5.1;3;1.7;-1.8;-3.2;-4.4;4.2;-2.6;0.14;1.1;2.5;1.67;332;88;82;71;95288;1;1.06;0.38;0.37
2001;2;23;54;4.2;1.2;-3.1;0.4;-3.4;-6.9;2.3;-1.1;0.15;1.1;2.5;2.42;260;63;89;66;94648;0.8;3.12;0.38;0.37
2001;2;24;55;0.3;-2.4;-4.4;-7.1;-9;-11.1;0.5;-1.9;0.16;1.1;2.5;2.87;340;83;90;69;95288;0.6;0.1;0.38;0.37
2001;2;25;56;0.4;-2.9;-6.3;-7.4;-8.6;-10.3;-0.6;0.2;0.16;1.1;2.5;2.86;371;98;101;72;95664;0.19;0.27;0.38;0.37
2001;2;26;57;0.8;-2.4;-4.6;-7.8;-9;-10.5;0.7;-2.4;0.16;1.2;2.5;2.98;289;82;95;63;95316;0.19;0.21;0.38;0.37
2001;2;27;58;2.5;-1.4;-4.5;-7.4;-8.7;-9.9;0.2;0.5;0.16;1.2;2.5;2.93;350;99;110;80;95347;0.25;0.04;0.37;0.37
2001;2;28;59;1.2;-1.2;-3.3;-2.4;-6.5;-9.5;-0.9;3.9;0.16;1.2;2.5;3.16;316;77;87;59;95130;0.25;2.39;0.37;0.37
2001;3;1;60;6.1;0.8;-3.3;-0.8;-2.5;-4.5;0;0.9;0.19;1.2;2.5;4.72;400;98;101;51;94583;0.43;0.95;0.37;0.37
2001;3;2;61;6.8;1.2;-5.5;0.3;-2.8;-6.7;0.1;1;0.18;1.2;2.5;3.78;457;109;107;59;94961;0.85;2.68;0.37;0.37
2001;3;3;62;10.9;4.9;2.2;5.7;3.1;1.2;0.3;1.6;0.16;1.2;2.5;2.69;329;70;64;25;94144;0.56;5.48;0.38;0.37
2001;3;4;63;13.6;7.7;1.3;7.2;5.5;1.2;0.8;1.5;0.14;1.2;2.5;1.25;328;86;68;28;94683;0.9;4.27;0.38;0.37
2001;3;5;64;8.4;4.8;-0.1;4.7;0.8;-4.2;1.1;-3;0.13;1.2;2.5;0.49;284;66;91;42;95914;1.07;5.56;0.39;0.37
2001;3;6;65;4.4;1;-2.5;-2.9;-3.9;-5;-0.5;-0.3;0.13;1.2;2.5;0.36;487;128;93;72;97223;0.78;0;0.39;0.37
2001;3;7;66;6;2.9;0.1;-1.6;-2.8;-4.5;0;4;0.13;1.2;2.5;0.28;366;108;99;60;96887;0.84;0;0.39;0.37
2001;3;8;67;10.7;5.9;1.5;4.1;1.4;-1.5;0.7;4.7;0.13;1.2;2.5;0.18;466;121;82;65;95811;0.87;0.02;0.39;0.37
2001;3;9;68;15.2;9;4.6;7.6;5.2;2.8;1.3;1.3;0.13;1.2;2.5;0.04;505;128;104;58;95511;1.16;2.98;0.39;0.37
2001;3;10;69;13.4;9;6;5.9;4;2.4;0.8;1.3;0.13;1.3;2.5;0;367;107;98;45;95793;1.18;0.39;0.39;0.37
2001;3;11;70;15.6;9.4;3.2;7.3;4.5;1.6;0.9;0.1;0.13;1.3;2.5;0;450;125;102;60;96006;1.18;0.86;0.39;0.37
2001;3;12;71;16.5;11;6;8.2;6.2;4.9;0.8;2.4;0.13;1.3;2.5;0;501;138;109;65;95712;1.47;0.7;0.38;0.37
2001;3;13;72;8.4;6.2;1.7;5.7;3.8;0.2;1.7;-0.6;0.13;1.3;2.6;0;118;33;80;36;95254;1.12;11.07;0.39;0.37
2001;3;14;73;9.7;5.2;0.4;2.2;-0.7;-2.5;2.3;-0.7;0.13;1.3;2.6;0;505;139;118;74;95531;1.43;0.78;0.39;0.37
2001;3;15;74;10.2;5.4;0.7;4.6;2;-1.4;1;0.6;0.13;1.3;2.6;0;281;63;67;33;95936;0.96;3.92;0.39;0.37
2001;3;16;75;15;8.9;3.6;6;4.9;3.4;0.1;1.6;0.13;1.3;2.6;0;507;134;108;57;96016;1.33;1.15;0.39;0.37
2001;3;17;76;15.6;9.5;3.8;8.2;5.3;2.7;1.5;2.4;0.13;1.3;2.6;0;500;115;93;66;94966;1.21;0.62;0.39;0.37
2001;3;18;77;15.2;10.3;6.7;6;4.6;2.2;1.3;-0.5;0.13;1.4;2.6;0;457;127;107;53;95138;1.63;1.29;0.39;0.37
2001;3;19;78;12.1;7.5;4.2;7.3;2.7;-4.4;1.6;-0.4;0.13;1.4;2.6;0;368;89;71;51;95361;1.79;8.86;0.39;0.37
2001;3;20;79;10.2;5.4;1.7;3.9;-2.7;-6.6;1.2;-1;0.13;1.4;2.6;0;495;137;105;61;96065;1.46;2.62;0.39;0.37
2001;3;21;80;3.4;2;-0.5;2.4;0.7;-1.9;-0.9;-0.4;0.16;1.4;2.6;1.77;143;39;23;11;95459;0.66;4.82;0.4;0.37
2001;3;22;81;9.4;5.2;2.4;7;4.1;2.1;0.3;1.1;0.16;1.4;2.6;1.4;208;55;48;20;94899;0.76;5.61;0.4;0.37
2001;3;23;82;12.5;8.8;4.9;8.1;5.8;3.3;0.7;-0.2;0.14;1.5;2.6;0.53;354;84;60;34;95564;1.23;3.86;0.4;0.37
2001;3;24;83;15.8;10.3;5.1;10.7;8.1;4.4;0.1;1;0.14;1.5;2.6;0.2;481;99;80;46;95240;1.07;1.24;0.4;0.37
2001;3;25;84;14.5;9.6;5.8;9.5;7.4;5.2;0.8;-1.1;0.14;1.5;2.6;0.03;351;86;62;35;94451;1.13;9.49;0.4;0.37
2001;3;26;85;12.3;7.3;1.1;6.5;1.9;-3.8;1.6;-2;0.14;1.5;2.6;0;585;161;111;60;95114;1.88;0.74;0.41;0.37
2001;3;27;86;2.8;0.2;-2;-3.8;-5;-6.7;0.3;-3.6;0.15;1.5;2.6;1.06;336;94;74;39;96019;0.86;1.2;0.41;0.37
2001;3;28;87;6.5;2.2;-3;0;-2.9;-6.4;-0.2;0.3;0.15;1.6;2.6;0.97;523;146;89;60;96184;1.13;0;0.4;0.37
2001;3;29;88;8;4.3;1.2;4.6;1.4;-1.2;-1;3.9;0.15;1.6;2.6;0.6;228;57;28;19;95693;0.54;0.2;0.4;0.38
2001;3;30;89;9.7;6.7;3.9;5.1;4.4;3.3;-0.9;0.6;0.14;1.6;2.6;0.23;285;70;31;16;95874;0.67;0.3;0.4;0.38
2001;3;31;90;12;8;4.9;6.5;5.1;3.8;0.3;-1.8;0.14;1.6;2.6;0.08;467;129;102;48;97026;1.49;1.7;0.4;0.38
2001;4;1;91;12.7;7.8;2.6;5.4;3.4;1.8;0.2;-1.2;0.14;1.6;2.6;0.01;581;172;108;76;97312;1.7;0.12;0.4;0.38
2001;4;2;92;14.9;8.7;0.3;4.7;1.8;-0.6;0.5;2.2;0.14;1.7;2.6;0;638;200;129;92;96977;2.13;0;0.39;0.38
2001;4;3;93;17.4;10.9;4.6;7.4;4.6;0.9;0.1;1.9;0.14;1.7;2.6;0;619;190;120;89;96525;2.05;0;0.39;0.38
2001;4;4;94;17.2;11.5;5.4;5.8;4.3;3;0.2;3.2;0.14;1.7;2.6;0;639;197;121;85;95993;2.35;0.01;0.39;0.38
2001;4;5;95;9.1;7.2;4.6;4.4;1.9;-1.7;2.3;-3.4;0.14;1.7;2.6;0;337;88;86;49;96052;1.87;2.9;0.39;0.38
2001;4;6;96;12.9;7.8;2.1;4.1;0.1;-3.1;1.3;-0.1;0.14;1.7;2.6;0;619;157;119;75;96099;1.85;0.41;0.38;0.38
2001;4;7;97;14.9;9.7;4.7;5.9;3.3;0.5;1;2.8;0.14;1.8;2.6;0;496;141;85;54;95388;1.96;3.17;0.38;0.38
2001;4;8;98;8.5;6.7;4.4;6.6;4.4;1.6;1.6;-2.2;0.14;1.8;2.6;0;277;56;45;20;95462;1.69;17.35;0.4;0.38
2001;4;9;99;9.1;6.4;4.1;4.6;2.9;1.1;1.8;-4.6;0.15;1.8;2.6;0;325;110;80;48;96246;2.3;3.15;0.4;0.38
2001;4;10;100;12.9;7.1;2.3;4.1;2;0.1;0.2;-1.3;0.15;1.8;2.6;0;629;185;117;79;96012;1.9;0;0.4;0.38
2001;4;11;101;10.5;7.8;3.7;6.1;4.6;2.7;0.4;-1.8;0.15;1.8;2.6;0;276;79;38;26;95983;1.41;3.6;0.39;0.38
2001;4;12;102;11.2;8;4.6;5.9;4.1;0.5;1.2;-3.7;0.15;1.9;2.6;0;537;142;86;52;96320;1.83;0.51;0.39;0.38
2001;4;13;103;5.7;3;-0.1;-0.4;-4.3;-7.7;1.8;-4;0.16;1.9;2.6;0.42;611;199;107;84;96393;2.16;1.93;0.39;0.38
2001;4;14;104;4.4;1.1;-1.5;-3.1;-5;-6.7;1.7;-3.8;0.16;1.9;2.6;0.96;630;197;105;88;96512;1.71;1.52;0.39;0.38
2001;4;15;105;8.2;3.3;-2.7;0.5;-4.5;-6.3;1.4;1.8;0.16;1.9;2.6;1.04;447;155;96;61;95912;1.64;0.33;0.39;0.38
2001;4;16;106;8.8;4.7;-0.9;4;1.7;-2.3;0.4;0.3;0.16;2;2.6;0.71;399;127;86;51;95735;1.67;3.64;0.39;0.38
2001;4;17;107;9.7;5.9;1.9;2.1;0.3;-1.2;1.4;-2.9;0.16;2;2.6;0.38;530;157;97;66;95902;1.97;0.13;0.39;0.38
2001;4;18;108;12;7;0.3;0.6;-0.6;-2.1;0.9;1.5;0.15;2;2.6;0.2;624;186;118;83;95493;2.2;0.05;0.39;0.38
2001;4;19;109;10.2;5.8;2.9;5.9;2.9;0.6;0.2;-0.8;0.15;2.1;2.7;0.11;451;122;71;34;95444;2.01;10.95;0.39;0.38
2001;4;20;110;12.4;7.3;3.6;6;4.2;2.3;-0.3;0.2;0.15;2.1;2.7;0.18;380;111;87;29;95186;1.65;2.57;0.39;0.38
2001;4;21;111;7.5;5.8;4.3;5.3;3.2;0.8;1.7;-2.7;0.15;2.1;2.7;0.13;163;50;19;10;94629;1.22;1.96;0.39;0.38
2001;4;22;112;8;5.1;3.3;1.3;0.6;-0.5;2.6;-4;0.16;2.2;2.7;0.09;428;93;49;30;94634;1.53;1.43;0.39;0.38
2001;4;23;113;12.1;7.6;3.2;3.1;1.5;-0.8;1.8;-3.6;0.16;2.2;2.7;0.05;597;181;84;67;94880;2.13;0;0.39;0.38
2001;4;24;114;14.7;9.8;4.6;5.5;2;0.1;2;-2.7;0.16;2.2;2.7;0.01;661;211;112;84;95893;2.82;0;0.39;0.38
2001;4;25;115;19.6;11.9;2.6;9.7;6;1;0.2;1.4;0.16;2.3;2.7;0;679;229;118;78;96067;2.91;0.11;0.38;0.38
2001;4;26;116;12.5;9.6;4.8;4.9;3.4;1.9;1.7;-2.1;0.16;2.3;2.7;0;355;110;79;47;96551;2.07;1.35;0.38;0.38
2001;4;27;117;16.1;10.2;2;4.2;2.3;0.2;0.9;1.7;0.16;2.3;2.7;0;710;236;129;91;96562;3.11;0;0.38;0.38
2001;4;28;118;18.1;12.7;5.3;9;5.4;2.1;0.2;0.5;0.16;2.4;2.7;0;666;221;122;81;96203;3.01;0.22;0.38;0.38
2001;4;29;119;20.2;14.4;6.6;9;7.2;4.5;-0.2;2.6;0.16;2.4;2.7;0;698;234;118;83;96192;3.41;0;0.37;0.38
2001;4;30;120;20.7;15.9;9.3;13.1;10.4;7;-0.5;2.8;0.16;2.4;2.7;0;649;205;104;70;96224;3.04;0.5;0.37;0.38
2001;5;1;121;23.1;17.4;10.9;13.8;12.3;10.2;-0.5;2.8;0.16;2.5;2.7;0;692;232;110;80;96488;3.36;0.03;0.37;0.38
2001;5;2;122;23.5;17.5;10.6;13.4;11.6;9.7;-0.7;1.9;0.16;2.5;2.7;0;699;233;114;83;96440;3.54;0.38;0.36;0.38
2001;5;3;123;22.4;17.2;10.3;11.7;9.7;7.7;-0.1;2.4;0.16;2.6;2.7;0;674;232;114;83;95751;3.62;0;0.36;0.38
2001;5;4;124;23.3;17.4;10.7;12.1;10.1;8.2;0.1;1.6;0.16;2.6;2.7;0;669;228;117;79;95301;3.63;1.01;0.36;0.38
2001;5;5;125;20.7;15.9;11.3;13.1;11.9;9.7;-0.3;1.4;0.16;2.6;2.7;0;632;215;98;68;95286;3.2;2.67;0.35;0.38
2001;5;6;126;18.7;14.5;10.3;13.2;11.7;9.6;0.9;-3.3;0.16;2.7;2.7;0;554;177;86;54;95610;2.99;2.3;0.35;0.38
2001;5;7;127;14.3;12.2;10.4;9.5;8.9;8.1;1.5;-4.9;0.16;2.7;2.7;0;354;109;39;24;96168;1.83;1.18;0.35;0.38
2001;5;8;128;17.2;12.9;9.6;10.5;9.4;8.1;1.9;-4;0.16;2.7;2.7;0;477;142;79;41;96582;2.69;3.44;0.35;0.38
2001;5;9;129;18.4;14.5;11.2;13.1;9.7;6.4;0.4;-2.8;0.16;2.8;2.7;0;591;187;96;65;96704;3.03;3.14;0.35;0.38
2001;5;10;130;17.5;13.8;9;7.5;6.1;5.1;-0.1;-1.7;0.16;2.8;2.7;0;670;200;116;76;96641;3.1;0.01;0.35;0.38
2001;5;11;131;18.4;14;10;10.5;7.9;5.2;0.9;-3.3;0.17;2.8;2.8;0;632;213;98;75;96274;3.6;2.6;0.35;0.38
2001;5;12;132;14;11.1;8;4.6;3;1.9;0;-4.4;0.17;2.9;2.8;0;638;188;103;76;96465;3.04;0;0.35;0.38
2001;5;13;133;15.5;11.1;6.1;5.8;2.8;1.6;0;-1.3;0.17;2.9;2.8;0;574;207;112;82;96410;3.04;0;0.34;0.38
2001;5;14;134;17.8;13;6.6;6.8;4.8;2.8;0.3;3.6;0.17;2.9;2.8;0;710;252;120;90;96052;3.66;0;0.34;0.38
2001;5;15;135;20.9;15.2;8.5;11.2;8.4;5.2;0.7;2.1;0.17;3;2.8;0;631;201;92;73;95723;3.21;0.16;0.34;0.38
2001;5;16;136;21.9;16.7;9.6;11.2;9.5;8.1;0.5;1.9;0.17;3;2.8;0;659;231;116;81;96137;3.71;0.3;0.33;0.38
2001;5;17;137;24.8;18.5;10.9;12;10.6;8.7;1.3;2.3;0.17;3;2.8;0;704;239;116;83;95992;3.97;0.02;0.33;0.38
2001;5;18;138;17.9;13.9;8.8;12.9;9.5;2.9;1.7;-2.3;0.17;3;2.8;0;377;122;60;42;96027;2.91;6.99;0.33;0.38
2001;5;19;139;16;12;8.5;5.7;4.4;2.9;1.5;-2.9;0.17;3;2.8;0;413;165;87;70;96869;2.77;0.13;0.33;0.38
2001;5;20;140;17.1;12.7;6.7;8.7;6.9;4.9;0;0.9;0.17;3;2.8;0;396;150;89;56;97119;2.31;0.26;0.33;0.38
2001;5;21;141;19.5;14.4;7.5;10.8;8.3;5.5;0.2;1.4;0.17;3;2.8;0;618;206;99;74;96711;2.97;0;0.33;0.38
2001;5;22;142;18.3;14.2;8.7;10.3;8.2;3.9;0;-2.1;0.17;3;2.8;0;599;206;97;69;96514;3.05;0.24;0.32;0.38
2001;5;23;143;18.2;13.7;9.9;7.3;5.4;2.9;-0.7;0.6;0.17;3;2.8;0;649;213;123;70;97117;3.23;0;0.32;0.38
2001;5;24;144;21.3;15.6;8.8;7.9;6.5;5.4;0.1;2.4;0.17;3;2.8;0;746;272;135;101;96770;3.9;0;0.32;0.37
2001;5;25;145;21.9;16.8;9;9;7.2;5.5;0.2;-1.9;0.17;3;2.8;0;648;232;111;83;96320;3.62;0;0.31;0.37
2001;5;26;146;20.4;16.2;11.7;9.2;6.1;4.7;0.3;-2.5;0.17;3;2.8;0;743;270;131;98;96770;3.89;0;0.31;0.37
2001;5;27;147;24;18.5;11.3;12.7;9.1;6.5;1.5;-0.7;0.17;3;2.8;0;570;205;97;67;96862;3.3;0.11;0.31;0.37
2001;5;28;148;25.4;20.4;15;13.4;11.7;10.1;2;-1.5;0.17;3;2.8;0;586;195;83;52;96772;3.26;0.26;0.3;0.37
2001;5;29;149;26.1;22;17.5;12.9;11.3;10.1;2.9;-1.8;0.17;3;2.8;0;665;222;99;71;96473;3.88;0.05;0.3;0.37
2001;5;30;150;24.9;19.8;14.8;10.8;8.6;5.7;0.7;-2.2;0.17;3;2.8;0;669;247;118;85;96338;3.8;0.05;0.3;0.37
2001;5;31;151;21.3;17.1;12.3;15.8;11.6;7.4;0.7;0.4;0.17;3;2.8;0;611;183;84;60;95974;3.21;6.5;0.3;0.37
2001;6;1;152;15.8;13.1;10;7.7;5.3;4;2.3;-3.4;0.17;3;2.8;0;595;216;95;83;96230;3.46;2.74;0.3;0.37
2001;6;2;153;18;13.8;7.6;8.4;4.9;3.2;1.2;0.7;0.17;3;2.8;0;551;185;100;69;96041;2.78;0.29;0.3;0.37
2001;6;3;154;14.4;10.5;7.2;9;6.8;4.1;1.2;-2.1;0.17;3;2.8;0;468;124;79;41;95741;3.54;12.07;0.3;0.37
2001;6;4;155;12;9.5;7.1;3.8;2.1;0;4;-5;0.17;3;2.8;0;580;189;84;54;96459;2.89;0.18;0.3;0.37
2001;6;5;156;16.8;12.4;8.4;7.9;4.6;0.4;1.4;-2.3;0.17;3;2.8;0;659;210;97;72;96843;2.98;0.26;0.3;0.37
2001;6;6;157;19.5;13.2;7.8;11.6;8.5;5.7;0.9;-0.4;0.17;3;2.8;0;725;186;114;55;96143;3.29;5.02;0.3;0.37
2001;6;7;158;20.1;15.7;10.9;11.8;8.9;7.4;1.3;-1.5;0.17;3;2.8;0;583;205;92;66;96255;3.37;0.17;0.3;0.37
2001;6;8;159;23.9;17.7;9.9;14.6;11.4;8.3;0.6;0.9;0.17;3;2.8;0;701;229;108;68;96039;3.5;0.53;0.3;0.37
2001;6;9;160;17.8;15.3;12.9;12.8;11.9;11.2;-0.1;-0.4;0.17;3;2.8;0;261;76;52;29;96050;1.46;1.57;0.3;0.37
2001;6;10;161;22.7;16.9;11.8;13.5;12.4;11.2;0.5;0.5;0.17;3;2.8;0;370;138;61;40;95813;2.51;2.47;0.3;0.37
2001;6;11;162;13.5;12.1;9.1;10.9;8.4;3.5;2.1;-2.5;0.17;3;2.8;0;300;79;83;30;96261;3.37;10.42;0.3;0.37
2001;6;12;163;18.8;13.4;7.9;6.8;5;3.7;0.9;0.4;0.17;3;2.8;0;616;216;127;87;96879;3.3;0;0.3;0.37
2001;6;13;164;20.9;15.5;8.4;9.8;8;5.9;0;1.4;0.17;3;2.8;0;676;242;113;81;96410;3.61;0;0.3;0.37
2001;6;14;165;20.5;15.5;10.1;12.4;10.3;8.5;1.2;-1.5;0.17;3;2.8;0;608;184;91;65;96142;2.84;2.41;0.3;0.37
2001;6;15;166;21.5;17.7;12.3;11.6;10.1;9.1;0.3;-0.3;0.17;3;2.8;0;605;218;100;77;96324;3.53;0.42;0.3;0.37
2001;6;16;167;24;18.1;13.9;15.3;13;10.4;0.3;0.2;0.17;3;2.8;0;636;216;97;68;95896;3.68;6.96;0.29;0.37
2001;6;17;168;17.2;14.9;12.5;13.2;11.5;9.4;1.2;-1.4;0.17;3;2.8;0;307;83;75;38;95812;2.21;8.85;0.3;0.37
2001;6;18;169;18.8;15.3;12.6;10.1;9.4;9;2.7;-3.9;0.17;3;2.8;0;625;217;84;63;95920;3.43;0.42;0.3;0.37
2001;6;19;170;16;13.8;12.3;9.8;8.3;7.2;1.7;-6.4;0.17;3;2.8;0;451;172;67;46;96428;2.9;1.17;0.3;0.37
2001;6;20;171;17;14.4;11.3;8.4;7.9;7.5;2;-6.3;0.17;3;2.8;0;456;166;62;39;96401;3.26;1.28;0.3;0.37
2001;6;21;172;22.2;17.4;12.9;10.3;8.4;7.2;1.5;-2.8;0.17;3;2.8;0;725;261;120;79;96063;4.19;0.03;0.3;0.37
2001;6;22;173;21.2;17.1;12.8;13;9.7;6.3;1.6;-1;0.17;3;2.8;0;560;179;88;63;95840;3.24;2.4;0.29;0.37
2001;6;23;174;19.7;15.5;10.7;7.2;5.6;4.2;2.7;-2.2;0.17;3;2.8;0;628;233;101;83;96309;3.71;0.14;0.29;0.37
2001;6;24;175;21.7;17;11.6;10.4;7.9;5.9;1.5;-2.5;0.16;3;2.8;0;669;253;113;86;96746;3.84;0;0.29;0.36
2001;6;25;176;23;17.9;11.6;10.4;9.3;7.8;1.1;-2.5;0.16;2.9;2.8;0;617;225;104;72;96961;3.53;0.03;0.29;0.36
2001;6;26;177;24.1;19.4;12.5;12.7;10;8.9;0.3;-1.3;0.16;2.9;2.8;0;716;260;122;84;96828;3.79;0;0.28;0.36
2001;6;27;178;27.6;21.7;13.9;16;12.9;9.9;0.3;1.2;0.16;2.9;2.8;0;730;265;119;84;96356;3.9;0.01;0.28;0.36
2001;6;28;179;26.5;21;14.9;17.3;15.7;14.1;0.9;-1.2;0.16;2.9;2.8;0;585;190;87;57;96293;3.1;3.14;0.28;0.36
2001;6;29;180;23.3;20;17.3;14.9;13.9;12.4;1.3;-3.3;0.16;2.9;2.8;0;520;175;85;50;96779;3.05;0.74;0.28;0.36
2001;6;30;181;24.2;20.3;15.4;15.5;13.1;10.9;0.5;-1.4;0.16;2.9;2.8;0;631;223;97;71;96828;3.44;0.25;0.27;0.36
2001;7;1;182;21.2;17.8;15.3;15.2;12.6;10.3;2;-3.2;0.16;2.9;2.8;0;583;156;72;48;96783;3.05;3.09;0.27;0.36
2001;7;2;183;20.6;17.5;14.5;10.6;9.4;8.8;1.3;-4;0.16;2.9;2.8;0;573;205;88;69;97027;3.21;1.09;0.27;0.36
2001;7;3;184;19.3;15.4;12.9;10.9;8.7;5.9;0.3;-3.2;0.16;2.9;2.8;0;567;198;95;61;96795;2.94;3.17;0.27;0.36
2001;7;4;185;19.2;15.6;12.6;13;12;11.1;-0.4;-0.1;0.16;2.9;2.7;0;473;137;89;43;96381;2.62;3.54;0.27;0.36
2001;7;5;186;22.2;17.1;11.1;12.6;10.8;9;-0.6;0.5;0.16;2.9;2.7;0;604;225;107;76;96435;3.12;0.21;0.27;0.36
2001;7;6;187;24.5;19.8;12.3;16.6;14.3;10.6;-0.2;2.9;0.16;2.8;2.7;0;457;169;70;52;96392;2.54;0.46;0.27;0.36
2001;7;7;188;30.2;23.9;18.1;17.6;14.6;9.3;0.9;3.4;0.16;2.8;2.7;0;719;263;110;78;95751;4.14;0.67;0.27;0.36
2001;7;8;189;25.5;20;15.9;15.2;11.6;9.6;1.6;-0.8;0.16;2.8;2.7;0;639;217;110;69;96077;3.75;2.15;0.27;0.36
2001;7;9;190;23.5;19;15.1;14.2;12.3;9.6;1.4;-0.2;0.16;2.8;2.7;0;492;181;99;57;96309;2.82;0.82;0.27;0.36
2001;7;10;191;24.6;19.3;13.1;15.5;14.1;11.7;0.6;1.5;0.16;2.8;2.7;0;650;220;93;67;96305;3.18;2.83;0.26;0.36
2001;7;11;192;27.7;21;13.6;16.2;13.8;12;0.3;-0.1;0.16;2.8;2.7;0;689;233;115;65;96217;3.95;4.72;0.26;0.36
2001;7;12;193;19.6;16.9;14.1;13.7;12.1;10.7;0.7;-0.6;0.16;2.8;2.7;0;236;70;88;37;96488;1.8;1.78;0.27;0.36
2001;7;13;194;24.5;19.6;13.6;16.5;12.8;8.1;0.5;0.9;0.16;2.8;2.7;0;657;206;92;60;96184;3.19;1.21;0.26;0.36
2001;7;14;195;27;22.4;15.1;15.8;15;13.7;0.3;2.2;0.16;2.8;2.7;0;676;238;101;73;96140;3.52;0.02;0.26;0.36
2001;7;15;196;30.3;25.1;19;18.4;14.4;10.3;0.2;3.3;0.16;2.8;2.7;0;673;234;106;79;96005;3.75;0;0.26;0.36
2001;7;16;197;29.8;22.6;15.3;19.4;15.1;10.1;0.4;0.4;0.16;2.8;2.7;0;566;204;99;68;95795;3.65;5.55;0.26;0.36
2001;7;17;198;16.3;14.8;12.9;12.8;11;10;2.3;-2.5;0.16;2.8;2.7;0;212;71;71;33;95653;2.59;12.36;0.27;0.36
2001;7;18;199;23.5;17.8;10;15.1;12;8.8;0.1;1.1;0.16;2.8;2.7;0;693;240;109;75;95672;3.38;1.2;0.27;0.36
2001;7;19;200;24.7;19.6;13.2;15.7;14.1;12.6;-0.2;1.6;0.16;2.7;2.7;0;542;186;82;58;95571;3.09;5.42;0.27;0.36
2001;7;20;201;17.9;16.3;15;16.3;14.3;10.2;1.7;-2;0.16;2.7;2.7;0;234;80;49;25;95374;2.71;22.63;0.28;0.36
2001;7;21;202;17.1;15;13.7;12.3;10.9;9.5;3.8;-4.2;0.16;2.7;2.7;0;131;42;34;22;96271;3.08;8.56;0.3;0.35
2001;7;22;203;20.7;17.7;15;12.2;11;9.7;1.7;-4.7;0.16;2.7;2.7;0;441;150;69;47;96528;3.12;1.18;0.3;0.35
2001;7;23;204;19;17.2;15.9;15.1;13.2;11.1;2.2;-3.9;0.16;2.7;2.7;0;293;65;51;23;96224;2.92;5.91;0.3;0.35
2001;7;24;205;20.7;17.9;16.3;15.8;14.3;12.5;2.3;-3.3;0.16;2.7;2.7;0;363;108;65;29;96032;2.41;3.08;0.3;0.35
2001;7;25;206;22.4;19.6;16.8;15.5;14.3;13.3;2.3;-3.1;0.16;2.7;2.7;0;410;150;71;42;96186;2.89;0.9;0.3;0.35
2001;7;26;207;24;20.3;17.7;17.2;14.9;12.8;1.4;-2.8;0.16;2.7;2.7;0;603;199;85;60;96337;3.54;2.32;0.3;0.35
2001;7;27;208;24.1;20.6;16.3;15.9;14.6;13.6;0.8;-2.1;0.16;2.7;2.7;0;503;192;82;64;96494;3.38;0.2;0.3;0.35
2001;7;28;209;25.2;21.1;14.8;16.1;14.2;13.2;0.3;-1.4;0.16;2.7;2.7;0;609;212;95;69;96697;3.54;0.06;0.29;0.35
2001;7;29;210;26;21.4;15.5;15;13.8;12.7;0.3;-1.7;0.16;2.7;2.7;0;670;230;102;73;96765;3.8;0.03;0.29;0.35
2001;7;30;211;24.9;21.2;17.7;15.9;14.8;12.9;1;-2.5;0.16;2.7;2.7;0;671;215;91;65;96972;3.78;1.17;0.29;0.35
2001;7;31;212;28;22.6;15.8;16.2;14.6;13.6;0.2;-0.2;0.16;2.7;2.7;0;692;245;115;81;96954;3.97;0;0.28;0.35
2001;8;1;213;26.1;22.6;18.3;16.4;15.5;14.1;0.7;-2.2;0.16;2.7;2.7;0;543;188;79;55;96824;3.28;0.38;0.28;0.35
2001;8;2;214;27.6;22.4;16.6;16.3;15;13.9;-0.4;1.4;0.16;2.7;2.7;0;596;196;85;63;96684;3.27;0;0.28;0.35
2001;8;3;215;30.8;25.6;19.7;19.3;17.7;16.3;-0.2;2.9;0.16;2.7;2.7;0;665;228;93;72;96232;3.88;0.02;0.27;0.35
2001;8;4;216;31.2;23.9;19.1;17.9;16.2;12.5;0.7;-0.8;0.16;2.6;2.7;0;665;223;101;69;96386;3.71;0.19;0.27;0.35
2001;8;5;217;20.6;18.7;17.4;14.6;11;9.1;1.4;-3;0.16;2.6;2.7;0;430;128;56;39;96628;3.02;2.88;0.27;0.35
2001;8;6;218;23.6;19.7;16.3;11.8;10;8.8;0.2;-0.6;0.16;2.6;2.7;0;557;181;95;66;96607;2.91;0.04;0.27;0.35
2001;8;7;219;26.2;20.9;14.8;16.1;12.7;10.7;0.8;0.3;0.16;2.6;2.7;0;634;215;110;74;96350;3.07;0.24;0.27;0.35
2001;8;8;220;28.5;22.1;15.9;16.7;14.3;12.6;0.8;1.8;0.16;2.6;2.7;0;663;217;100;65;96145;3.52;7.32;0.27;0.35
2001;8;9;221;25.5;20.8;16.4;16.3;15;13.4;-0.1;0.7;0.16;2.6;2.7;0;499;139;81;48;96449;2.42;0.18;0.27;0.35
2001;8;10;222;22.2;18.2;14.1;16.2;14.1;10.1;1.2;-2.9;0.16;2.6;2.7;0;478;139;62;39;96600;3.23;16.47;0.27;0.35
2001;8;11;223;17.8;15.4;13.4;10.8;8.7;6.6;1.2;-4.2;0.16;2.6;2.7;0;459;146;88;53;97069;3.31;2.41;0.28;0.35
2001;8;12;224;19.7;15.7;12.1;8.8;7.4;6.2;0.4;-2.8;0.16;2.6;2.7;0;674;233;118;88;97022;3.27;0;0.28;0.35
2001;8;13;225;24.1;17.9;9.9;14;10.6;7.7;0.6;-0.2;0.16;2.6;2.7;0;658;211;112;75;96578;3.06;0;0.28;0.35
2001;8;14;226;25.4;21.2;15.3;16.2;14;12.6;-0.2;-0.2;0.16;2.6;2.7;0;602;167;92;52;96774;2.7;0;0.27;0.35
2001;8;15;227;27.2;22.3;15.9;16.4;14.3;13.4;-0.4;2.2;0.16;2.6;2.7;0;650;218;101;70;96956;3.41;0;0.27;0.35
2001;8;16;228;27.8;23;17.8;17.6;15.2;14.3;-0.1;2.6;0.16;2.6;2.7;0;594;190;86;65;96683;3.06;0;0.27;0.35
2001;8;17;229;27.4;23;18.2;17.6;15.3;13.7;-0.3;1.5;0.15;2.6;2.7;0;531;183;97;63;96562;2.9;0.17;0.27;0.35
2001;8;18;230;27.8;23;17.3;17.2;14.7;13.7;-0.3;1.8;0.15;2.6;2.7;0;541;188;92;66;96334;2.89;0.15;0.26;0.35
2001;8;19;231;27.4;22.9;17.8;17.7;15.5;13.1;0.6;0.9;0.15;2.6;2.7;0;536;165;92;59;96099;2.65;1.23;0.26;0.35
2001;8;20;232;29.3;22.9;16.9;18.3;15.8;13.1;0.7;0;0.15;2.6;2.7;0;637;200;102;66;96062;3.19;0.45;0.26;0.35
2001;8;21;233;23.5;19.9;16.6;14.9;14.1;13.1;1.5;-2.4;0.15;2.6;2.7;0;491;153;75;49;96479;2.87;3.33;0.26;0.35
2001;8;22;234;23.8;20;17;16.8;15.4;13.5;1.2;-3;0.15;2.6;2.7;0;520;154;80;52;96740;2.32;0.97;0.26;0.34
2001;8;23;235;24.6;20.2;17.3;16.6;16;15.4;0.8;-2.9;0.15;2.5;2.7;0;586;177;88;55;96761;2.44;2.27;0.26;0.34
2001;8;24;236;24.5;20.3;16.3;17.6;15.9;14.4;0.3;-1.4;0.15;2.5;2.7;0;542;158;79;53;96765;2.41;0.4;0.26;0.34
2001;8;25;237;26.5;21.8;15.6;17.6;15.3;14.2;0.2;-0.4;0.15;2.5;2.7;0;562;186;98;66;96770;2.63;0.34;0.26;0.34
2001;8;26;238;28.4;23.1;15.7;17.7;14.6;12.9;0;-0.5;0.15;2.5;2.7;0;614;196;110;73;96695;2.73;0.01;0.25;0.34
2001;8;27;239;28.9;23.6;17.2;16.8;14.4;12.2;1.4;-0.1;0.15;2.5;2.7;0;600;172;97;65;96211;2.54;0.09;0.25;0.34
2001;8;28;240;21.6;17.7;13.9;11;8.7;7.3;0.7;-2.9;0.15;2.5;2.7;0;577;176;96;74;96345;2.19;0;0.25;0.34
2001;8;29;241;20.1;15.8;11.6;9.8;6.7;4.3;1;-2.8;0.15;2.5;2.7;0;630;207;127;91;96191;2.2;0;0.25;0.34
2001;8;30;242;21.6;16.3;10.7;9.3;8.3;6.9;-0.5;1.9;0.15;2.5;2.7;0;629;195;111;83;96121;2;0;0.25;0.34
2001;8;31;243;17.8;15.4;13.4;11.4;9.9;8.2;-0.4;2.1;0.15;2.5;2.7;0;309;97;64;44;95932;1.75;3.18;0.25;0.34
2001;9;1;244;19.2;15.3;12.9;12.5;10.3;8.8;1.6;-1;0.15;2.5;2.7;0;388;97;75;43;95881;1.64;2.28;0.25;0.34
2001;9;2;245;18.4;15;12.6;10.4;9.4;8.5;1.8;-2.5;0.15;2.5;2.7;0;477;133;97;61;96205;1.78;0.93;0.25;0.34
2001;9;3;246;20.5;15.8;9.9;9.4;8.6;7.3;0.6;0.6;0.15;2.5;2.7;0;512;120;91;61;96335;1.55;0;0.25;0.34
2001;9;4;247;21.3;15.8;11.4;14.4;11.8;8.9;0.4;0.2;0.15;2.5;2.7;0;454;122;89;50;95806;1.96;14.63;0.25;0.34
2001;9;5;248;12.7;11.9;10.8;10.5;9.6;8.6;2.2;-4.2;0.15;2.5;2.7;0;139;36;36;17;95642;2.91;19.16;0.27;0.34
2001;9;6;249;12.8;11.7;10.6;9.7;9;8.1;3.2;-5;0.15;2.5;2.7;0;106;32;45;24;95800;3.02;10.32;0.28;0.34
2001;9;7;250;16.7;13.3;11.1;9.4;7.8;6.4;2.4;-2.6;0.15;2.5;2.7;0;441;111;85;57;95966;1.76;0.37;0.28;0.34
2001;9;8;251;18.9;13.8;11;11.4;9.7;7.2;1.2;0.6;0.15;2.5;2.7;0;352;75;57;31;95546;1.56;3.41;0.28;0.34
2001;9;9;252;13.9;11;8.3;11;5.1;1.6;1.8;-0.8;0.15;2.5;2.7;0;469;114;94;54;95450;2.55;8.09;0.29;0.34
2001;9;10;253;15.5;10.7;5.4;5.3;3.5;0.7;2;-0.1;0.15;2.5;2.7;0;471;140;87;63;95735;2.09;0.55;0.29;0.34
2001;9;11;254;14.4;11.3;8.9;6.3;4.6;3.3;2.9;-2.8;0.15;2.5;2.7;0;473;144;99;63;96035;2.34;0.51;0.29;0.34
2001;9;12;255;14;10.1;6.5;8.8;5.5;2.8;1.8;0.4;0.15;2.5;2.7;0;375;84;80;59;96205;1.48;4.41;0.29;0.34
2001;9;13;256;18.6;13.1;5.9;9.4;7.6;5;0.8;2.2;0.15;2.5;2.7;0;552;133;92;51;96145;2.06;0.14;0.29;0.34
2001;9;14;257;19.1;14;9.4;13.6;9.9;7.3;1.4;1.4;0.15;2.5;2.7;0;422;109;71;40;95542;2.32;23.97;0.29;0.34
2001;9;15;258;13.2;10.9;9.2;7.8;7.1;6.2;1.4;-2.6;0.15;2.5;2.7;0;142;45;31;18;95978;2.01;3.31;0.31;0.34
2001;9;16;259;14.9;11.4;8.6;8.6;6.5;4.6;1.7;-0.8;0.15;2.4;2.7;0;387;107;71;52;95713;1.87;1.81;0.31;0.34
2001;9;17;260;8.9;8.4;7.8;7.4;6.6;4.8;1.8;-2.9;0.15;2.4;2.7;0;122;30;39;15;95561;1.88;16.26;0.32;0.34
2001;9;18;261;13.3;9.7;7.3;7.9;6.3;4.7;1.3;0.1;0.14;2.4;2.7;0;327;96;66;38;96030;1.99;8.56;0.33;0.34
2001;9;19;262;14.5;10.4;5.8;8.3;6.9;5.2;0;3.1;0.14;2.4;2.7;0;340;107;94;58;96541;1.6;0.22;0.33;0.34
2001;9;20;263;17.9;12.5;7.6;9.3;7.9;6.1;0.3;2.3;0.14;2.3;2.7;0;568;169;118;88;96456;2.07;0;0.33;0.34
2001;9;21;264;17.3;12;6.4;10.7;8.7;5.4;0.7;0.2;0.14;2.3;2.7;0;393;114;85;58;96304;1.41;0.56;0.33;0.34
2001;9;22;265;16.1;12;8.9;10.6;9.5;8.2;0.2;0.6;0.14;2.3;2.7;0;292;72;67;37;96247;1.15;1.5;0.33;0.34
2001;9;23;266;13.3;11.6;8.5;12.5;10.8;8;0;1;0.14;2.3;2.7;0;119;26;48;14;95861;0.61;8.05;0.33;0.34
2001;9;24;267;20.1;15.2;12.1;13.8;12.8;11.4;0.7;-0.1;0.14;2.2;2.7;0;380;96;52;28;95594;1.7;2.8;0.33;0.34
2001;9;25;268;15.2;13.3;11.3;12.7;10.7;9.3;1.1;-2.3;0.14;2.2;2.7;0;206;58;35;20;96191;1.84;6.24;0.34;0.34
2001;9;26;269;12.5;11.3;10.1;9.2;8.5;7.7;1.4;-2.7;0.14;2.2;2.7;0;163;41;53;25;96561;1.29;1.25;0.34;0.34
2001;9;27;270;16.4;11.9;8.3;9.1;7.7;6.2;0.4;-0.6;0.14;2.1;2.7;0;374;102;85;53;96728;1.35;0;0.34;0.34
2001;9;28;271;20.3;13.9;7.4;11.6;8.8;5.9;0.7;-0.2;0.14;2.1;2.6;0;509;142;115;73;96530;1.78;0;0.34;0.34
2001;9;29;272;18.1;13.9;9.7;12;10.5;8.1;-0.4;0.9;0.14;2.1;2.6;0;457;107;92;55;96470;1.22;0.03;0.34;0.34
2001;9;30;273;16;13;9.8;12.6;11.5;9.4;0.2;-0.5;0.14;2.1;2.6;0;181;50;43;22;96376;0.57;3.13;0.34;0.34
2001;10;1;274;20.6;15.8;10.3;13.8;12;9.7;1;1.8;0.14;2;2.6;0;512;141;106;56;96534;1.96;0.62;0.34;0.34
2001;10;2;275;23;17.6;13.2;14.6;12.7;10.1;0.9;2.1;0.14;2;2.6;0;498;139;110;70;96509;2.05;0;0.34;0.34
2001;10;3;276;22.8;16;11;15.6;13.1;9.6;0.5;0.3;0.14;2;2.6;0;437;123;90;68;96235;1.41;0;0.33;0.34
2001;10;4;277;18.8;14.4;12;14.6;11.7;9.3;1.6;-1.5;0.14;2;2.6;0;251;54;46;25;96262;1.35;3.73;0.33;0.34
2001;10;5;278;17.1;13.4;10.2;10.2;9.4;8.2;0.2;0.4;0.14;1.9;2.6;0;444;105;91;51;96374;1.48;0;0.34;0.34
2001;10;6;279;19.5;13.9;8.5;12.6;10.6;7.8;0.1;0.8;0.14;1.9;2.6;0;488;133;111;76;96310;1.43;0;0.33;0.34
2001;10;7;280;20.4;15.8;11.6;15.1;13.2;10.8;0.4;3.2;0.14;1.9;2.6;0;395;97;74;55;96076;1.08;0.01;0.33;0.34
2001;10;8;281;22.1;17.4;14.1;15.4;13.4;11.3;1.1;2.3;0.14;1.9;2.6;0;368;108;93;61;96030;1.56;0.39;0.33;0.34
2001;10;9;282;19.6;15.3;11.2;14.6;12.9;9.8;0.1;-0.1;0.14;1.8;2.6;0;354;87;69;50;96490;0.98;0.23;0.33;0.34
2001;10;10;283;18.9;14.6;11.4;13.9;12.4;10.5;1;-1.4;0.14;1.8;2.6;0;284;73;68;41;97138;0.89;0.08;0.33;0.34
2001;10;11;284;19.9;14.1;9.1;11.9;9.7;8.2;1.6;-0.9;0.14;1.8;2.6;0;426;116;105;74;97675;1.35;0;0.33;0.34
2001;10;12;285;18.6;13.1;8.2;12;9.6;7.2;0.4;0;0.14;1.8;2.6;0;458;123;107;73;97713;1.23;0;0.33;0.34
2001;10;13;286;19.3;12.7;6.6;13.1;10;6.5;0.6;0.3;0.14;1.7;2.6;0;463;121;117;69;97428;1.15;0;0.33;0.34
2001;10;14;287;19.1;13.3;8.8;12.6;10.4;7.7;0.2;1.2;0.14;1.7;2.6;0;436;117;114;73;97120;1.03;0;0.33;0.34
2001;10;15;288;18;13.3;9.7;11.2;9.9;8.8;0.3;2.5;0.14;1.7;2.6;0;456;118;109;82;96856;1.14;0;0.32;0.34
2001;10;16;289;18.2;13.3;7.7;12.7;10.7;7;0.2;-0.3;0.14;1.7;2.6;0;368;88;77;50;97300;0.87;0.29;0.32;0.34
2001;10;17;290;16.7;13.5;11.8;12.1;11.1;9.9;-0.3;1.1;0.13;1.7;2.6;0;268;61;74;37;97286;0.74;0.25;0.32;0.34
2001;10;18;291;16;12.6;10.1;10.9;10.3;9.7;0;2.5;0.13;1.6;2.6;0;223;63;81;51;96641;0.61;0.03;0.32;0.34
2001;10;19;292;14.4;11.8;9.8;10.8;10.2;9.8;-0.5;0;0.13;1.6;2.6;0;204;46;46;21;96582;0.49;0.11;0.32;0.34
2001;10;20;293;13.6;12;10.5;12.1;10.8;9.6;-0.7;2.5;0.13;1.6;2.6;0;120;27;23;11;96327;0.34;0.43;0.32;0.34
2001;10;21;294;20.3;14.4;9.8;13.3;11.3;7.5;1.5;1.5;0.13;1.6;2.6;0;366;86;73;45;95595;1.31;5.98;0.32;0.34
2001;10;22;295;16.2;12.1;9.7;9;7.3;6.5;2.1;-0.7;0.13;1.6;2.6;0;366;87;88;58;96210;1.17;0.22;0.33;0.34
2001;10;23;296;15.2;11.2;7.6;8.8;7.9;6.4;0.2;-1.2;0.13;1.6;2.6;0;342;80;90;50;96679;0.76;0.07;0.32;0.34
2001;10;24;297;9.6;8.8;7.9;7.9;6.8;5.7;-0.2;-0.6;0.13;1.6;2.6;0;116;26;24;12;97135;0.83;4.27;0.33;0.34
2001;10;25;298;12.3;9.4;7.9;9.8;8.4;7.7;-0.4;0.5;0.13;1.6;2.6;0;256;56;50;22;97339;0.96;7.17;0.33;0.34
2001;10;26;299;9.3;7.6;4.9;7.9;5.3;0.5;-0.6;2.4;0.13;1.6;2.6;0;159;39;72;30;97381;0.69;0.72;0.33;0.34
2001;10;27;300;10.1;6.6;4;5.4;3.2;0;-0.2;2.3;0.13;1.6;2.6;0;281;75;80;54;97207;0.61;0;0.33;0.34
2001;10;28;301;14.3;9;4.5;9.7;7.2;3.9;0.8;1.2;0.13;1.5;2.6;0;349;68;92;44;97183;0.72;2.66;0.33;0.34
2001;10;29;302;13.5;10.8;8.2;10.2;9.1;7.4;1.1;-0.1;0.13;1.5;2.6;0;189;46;56;30;97083;0.64;2.74;0.34;0.34
2001;10;30;303;17.6;13.2;9.9;11.3;9.1;7.1;2.1;0;0.13;1.5;2.6;0;262;60;79;51;96960;0.86;0.02;0.34;0.34
2001;10;31;304;21.1;14.9;10.3;9.3;7.3;4.7;1.9;1.8;0.12;1.5;2.6;0;390;96;121;79;96732;1.36;0.05;0.34;0.34
2001;11;1;305;13.4;8.8;6.6;8.7;1.1;-0.4;3.2;-4;0.12;1.5;2.6;0;354;68;106;66;97376;1.1;0.29;0.33;0.34
2001;11;2;306;7.6;6;4.1;1.4;-0.5;-2;1.2;-4.2;0.12;1.5;2.6;0;254;69;98;70;98125;0.8;0.05;0.33;0.34
2001;11;3;307;8.2;5.3;3.2;4.4;3.3;1;0.2;-0.3;0.12;1.5;2.6;0;155;35;72;41;97923;0.25;0.05;0.33;0.34
2001;11;4;308;11.3;5.8;1.7;4.9;2.5;0.9;0.5;1.6;0.12;1.5;2.6;0;361;87;104;72;96999;0.63;0;0.33;0.34
2001;11;5;309;10.2;5.8;0.6;4.8;2.3;0;1.2;-1.2;0.12;1.5;2.6;0;275;64;70;53;96742;0.51;0.03;0.33;0.34
2001;11;6;310;9.2;6.1;4.5;3.2;3;2.6;0.6;1.4;0.12;1.4;2.6;0;264;48;76;36;96436;0.43;0.34;0.33;0.34
2001;11;7;311;10.6;6.6;3;5.2;3.8;1.7;1.1;0.9;0.12;1.4;2.6;0;249;44;68;40;95829;0.49;0.97;0.33;0.34
2001;11;8;312;9.5;7.7;5.9;6.3;5.3;4.2;1.2;1.8;0.12;1.4;2.6;0;127;29;55;36;94607;0.49;0.84;0.33;0.34
2001;11;9;313;7.3;3;0.4;4.3;-1;-4.7;1.4;-3.6;0.12;1.4;2.6;0.33;139;32;85;43;95333;1.41;4.03;0.33;0.34
2001;11;10;314;2.3;0.3;-1.6;-3.1;-4.8;-5.7;0.4;-2.9;0.13;1.4;2.6;0.5;327;75;98;72;97360;0.5;0;0.33;0.34
2001;11;11;315;4.9;1.4;-1.3;0;-1.7;-4.5;-0.2;2.1;0.12;1.4;2.6;0.47;244;56;69;52;97091;0.33;0.01;0.33;0.34
2001;11;12;316;2.1;1.3;-0.2;1.4;0.6;-0.7;-0.1;-0.5;0.12;1.4;2.6;0.53;35;8;42;12;95986;0.2;3.72;0.33;0.34
2001;11;13;317;4.3;2;0.4;2.2;0;-2.5;1.5;-3.5;0.13;1.4;2.6;1.02;71;18;58;22;95474;0.93;5.24;0.34;0.34
2001;11;14;318;2.4;0.7;-0.7;-2.8;-4.9;-6.2;1.1;-5.2;0.14;1.4;2.6;1.69;299;61;84;61;96580;0.67;0;0.34;0.34
2001;11;15;319;3.3;-0.3;-2.9;-3.2;-4.5;-7.3;0.6;-1.2;0.14;1.3;2.6;1.63;337;76;119;84;98081;0.41;0;0.34;0.34
2001;11;16;320;5.6;1;-3.4;-0.9;-4.6;-10.6;1.6;-1.7;0.13;1.3;2.6;1.48;208;50;81;57;97903;0.28;0;0.34;0.34
2001;11;17;321;4.8;1.3;-1.2;0;-1.3;-2.8;0.2;0.2;0.13;1.4;2.6;1.28;306;68;110;72;97999;0.23;0;0.34;0.34
2001;11;18;322;2.9;0;-2.3;-0.8;-1.9;-3.8;-0.2;0.1;0.13;1.4;2.6;1.12;241;54;72;49;96984;0.24;0;0.34;0.34
2001;11;19;323;3.8;1.5;-1;-1;-1.6;-2.2;1.1;-2.3;0.13;1.4;2.6;1.04;206;45;71;29;96551;0.36;0.09;0.34;0.34
2001;11;20;324;4.5;3;2.1;0.3;-1.6;-4;1.6;-3.6;0.13;1.4;2.6;0.92;266;51;88;41;97037;0.72;0.57;0.34;0.34
2001;11;21;325;6.3;2.5;-2;-1.1;-2.3;-4.3;1.7;-1;0.12;1.4;2.6;0.78;272;61;100;66;97478;0.45;0;0.34;0.34
2001;11;22;326;8.3;2.2;-2.4;-0.2;-2.4;-5.4;1.2;1;0.12;1.4;2.6;0.66;273;60;93;60;96220;0.32;1.05;0.34;0.34
2001;11;23;327;1.8;0.3;-0.9;-0.2;-4.6;-7.3;2.5;-4;0.13;1.4;2.6;1.18;275;56;94;67;95706;0.87;1.88;0.34;0.34
2001;11;24;328;2.6;0.3;-1.1;-3.8;-5.5;-7.2;2.6;-4.8;0.13;1.4;2.6;1.48;247;56;90;80;96217;0.57;0.37;0.34;0.34
2001;11;25;329;2.3;-0.1;-1.8;-4.1;-5;-6.2;1.5;-4;0.14;1.4;2.6;1.71;276;56;92;78;96199;0.42;0.16;0.34;0.34
2001;11;26;330;4.3;1.5;-1.6;2.2;-0.2;-3.9;0.5;-0.4;0.13;1.4;2.6;1.58;134;30;75;29;95760;0.14;5.48;0.34;0.34
2001;11;27;331;2.2;1;0;1.6;0.7;-0.2;-0.6;1.1;0.13;1.4;2.6;1.39;79;17;25;9;95931;0.27;3.73;0.34;0.34
2001;11;28;332;6.2;2.1;0.4;1.3;0.1;-1.1;0.4;0;0.13;1.4;2.6;1.37;257;58;111;47;96291;0.43;0.21;0.35;0.34
2001;11;29;333;5.2;2.5;1.1;0.5;-0.6;-1.6;1.5;-1.9;0.13;1.4;2.6;1.16;247;54;81;53;96634;0.39;1.71;0.35;0.34
2001;11;30;334;2.1;0.5;-1.9;0.8;-0.7;-3.9;0.1;-2.1;0.15;1.4;2.6;2.71;120;20;79;30;96471;0.35;5.1;0.35;0.34
2001;12;1;335;2;-0.8;-2.6;-2;-3.3;-4.6;0;-0.7;0.16;1.4;2.6;3.15;246;51;90;61;97114;0.26;0;0.35;0.34
2001;12;2;336;2.6;-1.2;-3.2;-0.5;-2.4;-4.1;-0.1;0.7;0.15;1.4;2.6;2.83;244;51;87;52;97460;0.09;0;0.35;0.34
2001;12;3;337;0.4;-1.8;-2.7;-2.1;-2.6;-3.1;-0.6;0.7;0.15;1.4;2.6;2.71;162;30;55;25;97373;0.12;0.08;0.35;0.34
2001;12;4;338;0.4;-1.4;-2.7;-2.2;-2.7;-3.2;-0.5;1.7;0.16;1.4;2.6;2.84;127;27;38;19;97026;0.15;1.08;0.35;0.34
2001;12;5;339;4.5;0.7;-1.6;2.4;-0.2;-2.4;0.6;0.8;0.15;1.4;2.6;2.83;202;40;78;30;96954;0.26;0.8;0.35;0.34
2001;12;6;340;3.5;0.7;-1.3;2.6;0.1;-2;-0.1;0.4;0.16;1.4;2.6;3.58;131;23;30;15;96570;0.32;11.95;0.36;0.34
2001;12;7;341;1.8;-0.4;-3.4;-1.2;-2.5;-6.5;0.8;-4;0.21;1.4;2.6;6.27;150;30;67;40;97740;0.49;0.93;0.36;0.34
2001;12;8;342;-2.9;-4;-5.2;-6.8;-7.8;-9.1;0.6;-3.5;0.21;1.4;2.6;6.35;198;42;79;62;98362;0.35;0;0.36;0.34
2001;12;9;343;-2.5;-4.9;-6.2;-8.8;-9.8;-11;0.6;-2.3;0.21;1.4;2.6;6.21;245;51;105;83;98522;0.14;0;0.36;0.34
2001;12;10;344;0.5;-3.3;-6.9;-6.9;-9.4;-12.1;0.3;-0.1;0.2;1.4;2.6;5.97;239;50;110;58;98348;0.11;0.06;0.36;0.34
2001;12;11;345;0.7;-1;-2.1;-2;-3.3;-7.6;0.5;-1.7;0.26;1.4;2.6;8.71;138;19;44;12;97597;0.13;4.22;0.36;0.34
2001;12;12;346;0.3;-0.9;-3.2;-0.8;-2.3;-4.7;0.6;-2.7;0.33;1.4;2.6;13.29;52;12;73;21;96743;0.09;7.58;0.36;0.34
2001;12;13;347;-4.2;-11.5;-14.1;-5.9;-15.6;-18.6;0.8;-4.6;0.38;1.4;2.6;17.52;140;30;84;48;97156;0.44;0.8;0.36;0.34
2001;12;14;348;-7.1;-10.9;-13.6;-13;-15.5;-17.7;1.1;-2.5;0.38;1.4;2.6;17.55;187;39;92;63;98092;0.3;0;0.36;0.34
2001;12;15;349;-3.2;-7.8;-13.3;-7.8;-12;-17.8;1.1;-2.1;0.38;1.4;2.6;17.23;152;33;73;45;97691;0.32;0.28;0.36;0.34
2001;12;16;350;-3.3;-5.6;-7.2;-7.2;-8.7;-9.7;0.6;-4.1;0.38;1.4;2.6;17.76;139;28;74;54;97371;0.34;1.44;0.36;0.34
2001;12;17;351;-2.2;-3.9;-6.7;-4.2;-6.5;-9.4;0.5;-3.9;0.38;1.4;2.6;18.68;107;20;60;32;97351;0.33;1.59;0.36;0.34
2001;12;18;352;-0.4;-1.7;-2.5;-3.9;-4.6;-5.7;1.8;-3.1;0.39;1.4;2.6;20.34;81;17;61;31;97481;0.37;1.18;0.36;0.34
2001;12;19;353;1;-3.4;-6.9;-3.9;-7;-9.6;1.5;0.2;0.38;1.4;2.6;20.03;129;30;81;49;97086;0.18;0;0.36;0.34
2001;12;20;354;1.3;-4.3;-7.6;-4.6;-8.6;-11.5;1.6;-1.3;0.37;1.3;2.6;19.4;182;37;96;57;96577;0.36;0.26;0.36;0.34
2001;12;21;355;-2;-5.9;-13.5;-8;-10.6;-16.2;1.1;2.1;0.37;1.3;2.6;19.01;182;37;96;50;96216;0.41;0.11;0.36;0.34
2001;12;22;356;2.1;-2;-4.7;-3.1;-6.4;-8.6;1;0.6;0.36;1.3;2.6;18.48;160;29;93;37;95206;0.26;0.65;0.36;0.34
2001;12;23;357;-1.2;-4.7;-10.9;-4.5;-8.6;-15.2;1.6;-2.3;0.37;1.3;2.6;19.44;128;26;93;52;95724;0.36;1.06;0.36;0.34
2001;12;24;358;-2.4;-9.6;-15.1;-10.6;-16.3;-20.5;1.4;1.2;0.37;1.3;2.6;19.27;192;40;116;68;96167;0.28;0;0.36;0.34
2001;12;25;359;-0.6;-3.6;-11.6;-6.9;-11.4;-19.4;1.2;2.1;0.36;1.3;2.6;18.77;88;19;57;21;95123;0.59;0.04;0.35;0.34
2001;12;26;360;1.3;-1.9;-4.5;-2.5;-5.7;-9.6;0.6;-0.1;0.36;1.3;2.6;18.47;119;22;57;28;94854;0.08;1.21;0.36;0.34
2001;12;27;361;-1.2;-3.3;-9.5;-4.5;-7.9;-14.1;2.1;-3.2;0.37;1.3;2.6;18.86;168;32;94;62;95682;0.59;0.23;0.35;0.34
2001;12;28;362;2.4;-2.8;-11;-4.1;-8.3;-15.6;1.3;2;0.36;1.3;2.6;18.53;156;28;78;36;95381;0.41;0.12;0.35;0.34
2001;12;29;363;2.9;0.6;-2.1;-0.5;-3;-6.3;1.5;1.4;0.35;1.3;2.6;17.71;103;20;61;28;94608;0.25;0.59;0.36;0.34
2001;12;30;364;1.6;-0.5;-4.1;-1;-6;-10.7;3.3;-2.1;0.34;1.3;2.6;17.27;168;31;109;69;94894;0.92;1.32;0.36;0.34
2001;12;31;365;-1.4;-3.6;-5.2;-6.9;-9.3;-10.9;1.3;-2;0.33;1.3;2.6;17.13;189;37;98;66;96467;0.41;0.97;0.36;0.34
2002;1;1;1;-2.1;-5;-7;-8.4;-10.4;-12.3;2.1;-1.8;0.33;1.3;2.6;17.16;136;29;87;65;97721;0.43;0.07;0.36;0.34
2002;1;2;2;0.3;-2.2;-6.7;-5.7;-8.9;-12.2;3.7;-3;0.33;1.3;2.6;17.02;110;26;89;50;97146;0.8;0.92;0.36;0.34
2002;1;3;3;-4.6;-7.4;-10.5;-9.4;-13.1;-15.7;1.1;-5.1;0.33;1.3;2.6;16.85;192;39;95;81;97863;0.59;0.03;0.36;0.34
2002;1;4;4;-4.2;-9.5;-13.3;-11.2;-14.8;-18.3;0.6;-2;0.32;1.2;2.6;16.45;210;45;103;73;98138;0.27;0;0.35;0.34
2002;1;5;5;0.6;-5.1;-11.8;-10.2;-13.8;-17.5;1.5;-2;0.32;1.2;2.6;16;150;28;84;47;97975;0.6;0;0.35;0.34
2002;1;6;6;3.4;-3.9;-7.6;-4.6;-12.3;-16.5;1.3;-1;0.3;1.2;2.6;14.87;223;48;126;68;97617;0.16;0.01;0.36;0.34
2002;1;7;7;2;-0.7;-5.5;-2.6;-4.8;-12.6;1.4;-2;0.3;1.2;2.5;14.12;188;38;79;35;97556;0.35;0.08;0.36;0.34
2002;1;8;8;1.5;-0.5;-2;-1;-2.2;-4.1;0.4;-1;0.29;1.2;2.5;13.71;93;18;53;21;97952;0.07;0.02;0.36;0.34
2002;1;9;9;2.9;-0.9;-3.4;-0.7;-2.8;-4.9;0.4;0.3;0.27;1.2;2.5;12.76;209;45;91;49;98321;0.07;0;0.36;0.34
2002;1;10;10;2.1;-1.7;-3.7;-1.4;-3.5;-5.9;-0.1;0.6;0.25;1.2;2.5;11.54;215;44;86;38;98212;0.11;0.01;0.36;0.34
2002;1;11;11;0.7;-2.4;-5.1;-2.9;-4.1;-6.6;-0.1;0.6;0.25;1.2;2.5;10.98;179;34;84;37;98008;0.11;0.1;0.36;0.34
2002;1;12;12;2.6;-2.6;-6.3;-2.4;-5.7;-10.1;0.4;0.2;0.24;1.2;2.5;10.35;242;51;102;55;97900;0.11;0;0.36;0.34
2002;1;13;13;-0.3;-2.9;-5;-2.6;-4.1;-6.1;-0.4;0.1;0.24;1.2;2.5;10.45;143;26;44;23;97764;0.08;1.55;0.36;0.34
2002;1;14;14;-1.2;-2.9;-4.7;-4.1;-4.8;-5.9;-0.9;-0.5;0.27;1.2;2.5;11.46;102;20;47;16;97593;0.13;0.57;0.36;0.34
2002;1;15;15;-2;-3.9;-7.5;-5.6;-6.6;-9.4;-1;1.2;0.27;1.2;2.5;11.61;132;28;60;30;97166;0.14;0.05;0.36;0.34
2002;1;16;16;-1.2;-4.7;-8.2;-5.4;-7.3;-10.1;-0.5;1.1;0.27;1.2;2.5;11.5;168;34;66;31;96863;0.19;0;0.36;0.34
2002;1;17;17;-1.2;-3.4;-4.7;-4.9;-5.7;-6.7;-0.4;-0.1;0.27;1.2;2.5;11.46;149;28;52;24;97175;0.16;0.11;0.36;0.34
2002;1;18;18;0.1;-2.6;-4.7;-3.5;-4.7;-6.2;-0.2;0.6;0.26;1.2;2.5;11.25;152;36;78;34;97036;0.1;0;0.36;0.34
2002;1;19;19;3.1;-1.2;-5.4;-2;-4.5;-8;0.8;1.1;0.25;1.2;2.5;10.4;207;44;79;39;96770;0.12;0.58;0.36;0.34
2002;1;20;20;6.7;1.2;-2.7;1.5;-1.8;-4;1.6;0.5;0.23;1.2;2.5;9.11;239;53;93;49;96797;0.2;0.12;0.36;0.34
2002;1;21;21;7.8;4.9;1;4.1;1.2;-2.1;2.5;0.1;0.2;1.2;2.5;6.87;139;30;54;26;96213;0.21;0.72;0.36;0.34
2002;1;22;22;8.9;2.5;-1.6;5.8;1.3;-2.5;0.8;0.3;0.16;1.1;2.5;4.08;287;65;95;58;96089;0.03;0;0.36;0.34
2002;1;23;23;7.9;2.3;-2.2;3.2;0.1;-3.1;1;2;0.15;1.1;2.5;2.89;300;65;102;64;96039;0.18;0;0.36;0.34
2002;1;24;24;7.9;4.3;1.7;3.4;2;0.2;1.9;2.4;0.14;1.1;2.5;1.92;215;47;58;42;95460;0.22;0.6;0.36;0.34
2002;1;25;25;6.9;2.7;-0.8;4.6;0.4;-2.1;1.5;-0.3;0.13;1.1;2.5;1.26;183;44;75;42;96478;0.43;0.84;0.37;0.34
2002;1;26;26;6.3;2.9;-0.8;4.4;1.6;-1.7;1.4;1.8;0.12;1.1;2.5;0.96;107;24;79;38;96716;-0.03;0.38;0.37;0.34
2002;1;27;27;9;4.4;1.6;4.4;1.2;-1.9;1.7;1.2;0.12;1.1;2.5;0.78;173;30;72;32;95986;0.26;0.11;0.37;0.34
2002;1;28;28;13.7;8.2;3.1;7.3;4.6;0.5;2;0.1;0.12;1.1;2.5;0.4;286;63;100;43;96781;0.48;0.07;0.37;0.34
2002;1;29;29;14.8;6.6;0.9;2;-0.9;-4.2;1.9;0.6;0.12;1.1;2.5;0.22;339;73;114;73;97214;0.55;0;0.36;0.34
2002;1;30;30;12.8;6.1;1.1;4.1;0;-3.4;1.1;0.7;0.11;1.1;2.5;0.15;318;73;105;65;97149;0.39;0;0.36;0.34
2002;1;31;31;12;6;0.9;4.5;0.2;-5;1.1;0.2;0.11;1.1;2.5;0.1;243;54;73;51;96578;0.32;0;0.36;0.34
2002;2;1;32;12.1;5.7;1.4;5.9;2.7;0.4;1.1;0.7;0.11;1.1;2.5;0.04;335;67;104;51;97296;0.35;0.03;0.36;0.34
2002;2;2;33;13.4;5.7;-0.8;5.7;1.9;-1.7;0.8;1.7;0.11;1.1;2.5;0.02;352;83;112;76;97862;0.44;0;0.36;0.34
2002;2;3;34;10.4;6.1;3.2;4.7;2.5;0.3;0.1;3.9;0.11;1.1;2.5;0;367;88;110;89;97405;0.48;0;0.36;0.34
2002;2;4;35;11.6;4.6;-0.8;4.1;1.2;-1.5;0.6;0.3;0.11;1.1;2.5;0;362;87;113;82;97032;0.45;0;0.36;0.34
2002;2;5;36;9.8;2.8;-1.7;4.2;0.5;-2.7;0.5;1.4;0.11;1.1;2.5;0;365;88;118;76;96422;0.37;0;0.36;0.34
2002;2;6;37;9.2;3.3;0.1;3.6;1.1;-0.9;0.2;0.8;0.11;1.1;2.5;0;312;72;97;58;95390;0.4;0;0.36;0.34
2002;2;7;38;6.7;3.1;0.1;3.5;1.7;-0.2;0.6;-1;0.11;1.1;2.5;0;127;30;41;21;96438;0.34;1.09;0.36;0.34
2002;2;8;39;8.6;4.4;0.9;5.1;2.1;0;1.1;0.5;0.11;1.1;2.5;0;211;40;72;35;96910;0.27;0.28;0.36;0.34
2002;2;9;40;13.1;6.1;1;5.9;3.6;0.7;0.9;1.3;0.12;1.1;2.5;0;304;73;99;45;96346;0.61;2.1;0.36;0.34
2002;2;10;41;8.3;5.5;3.8;3.5;0.5;-2.2;2.4;-0.9;0.12;1.1;2.5;0;275;62;110;52;95749;0.8;2.71;0.36;0.34
2002;2;11;42;11.8;6.1;1.5;1.9;0.5;-0.8;1.7;0.7;0.12;1.1;2.5;0;348;61;88;52;96197;0.54;0;0.36;0.34
2002;2;12;43;14.6;8.8;2.9;4.8;2.7;-0.8;1.6;0.4;0.12;1.1;2.5;0;329;80;90;51;96105;0.6;0;0.36;0.34
2002;2;13;44;13;7.7;4.4;6.4;4.1;1.9;0.5;-0.7;0.12;1.1;2.5;0;229;55;69;36;96156;0.54;2.3;0.36;0.34
2002;2;14;45;4.3;2.7;-1.1;3.1;-0.7;-6;-0.3;-2.6;0.12;1.1;2.5;0.13;177;41;65;30;96880;0.68;2.55;0.36;0.34
2002;2;15;46;3.3;-0.2;-2.6;-4;-5.4;-6.7;-0.6;0.2;0.12;1.1;2.5;0.18;348;80;112;65;97673;0.43;0;0.36;0.34
2002;2;16;47;3.7;0.7;-2.2;-1.5;-3.4;-5.6;-0.6;1.2;0.12;1.1;2.5;0.18;195;52;53;37;97707;0.24;0.2;0.36;0.34
2002;2;17;48;7.5;3.3;0.3;2.8;0.9;-1.8;-0.1;2.8;0.12;1.1;2.5;0.19;352;78;89;37;97074;0.6;1.25;0.36;0.34
2002;2;18;49;8.8;4;0.1;4.3;1.7;-0.7;0.7;-0.2;0.12;1.1;2.5;0.1;260;60;92;46;96404;0.46;2.02;0.36;0.34
2002;2;19;50;8.2;4.4;1.6;-0.3;-2.5;-5.5;2.1;-0.9;0.12;1.1;2.5;0.05;372;91;105;61;96438;0.79;0.16;0.36;0.34
2002;2;20;51;6.5;3.6;-0.2;1;-1.1;-3.6;1.4;2.2;0.12;1.1;2.5;0.09;118;32;64;38;95263;0.3;0;0.36;0.34
2002;2;21;52;6.1;2.8;-2.1;2;-1.8;-8.6;1.8;-2.6;0.12;1.1;2.5;0.1;245;56;72;41;95021;0.82;1.49;0.36;0.34
2002;2;22;53;2.7;-0.5;-3.9;-7.2;-8.8;-9.8;0.9;0.8;0.12;1.1;2.5;0.19;470;116;125;76;96106;0.77;0.31;0.36;0.34
2002;2;23;54;8.1;3.4;-0.2;4.2;-0.3;-6;0.6;1.4;0.12;1.1;2.5;0.21;320;67;77;40;95128;0.95;3.91;0.36;0.34
2002;2;24;55;4.8;2;-0.1;-0.4;-5.5;-8.1;3.3;-2.6;0.13;1.1;2.5;0.58;394;109;114;73;95221;1.19;2.49;0.36;0.34
2002;2;25;56;4.3;1.5;-1.9;1;-3.7;-7.3;1.4;1.4;0.15;1.1;2.5;2.08;119;31;93;33;95676;0.37;3.36;0.36;0.34
2002;2;26;57;12.1;6.1;0.7;2.4;0.4;-0.2;1.5;2;0.15;1.2;2.5;2.28;446;98;107;50;95507;0.97;0;0.36;0.34
2002;2;27;58;13.5;7.6;2.7;6.4;2.2;-0.6;0.7;0.6;0.14;1.2;2.5;1.15;447;103;105;47;95347;0.94;0.97;0.36;0.34
2002;2;28;59;8.8;6.2;4.1;5.3;3.8;2.9;0.4;1.2;0.13;1.2;2.5;0.51;166;45;54;30;95520;0.7;1.89;0.36;0.34
2002;3;1;60;7.4;5;3.1;3;1.7;0.3;1.3;2.4;0.13;1.2;2.5;0.29;308;77;72;38;95996;0.84;0.5;0.37;0.34
2002;3;2;61;6;4.5;2.9;4.1;2.8;1.6;0.4;-1.1;0.12;1.2;2.5;0.17;168;32;27;14;95697;0.53;3.38;0.37;0.34
2002;3;3;62;6.6;3.4;0.3;1.8;-2.1;-6.1;0.7;-1.9;0.13;1.2;2.5;0.2;265;72;74;44;96196;0.98;1.96;0.37;0.34
2002;3;4;63;8.9;3.1;-2.5;0.3;-2.2;-5.9;0.3;1;0.13;1.2;2.5;0.18;490;129;112;76;96768;0.83;0;0.37;0.34
2002;3;5;64;11.5;5.8;1.5;3.6;0.6;-2.6;0.6;3.4;0.13;1.2;2.5;0.1;509;142;112;86;96100;0.98;0;0.37;0.34
2002;3;6;65;15.8;8.8;1.2;6.1;3.8;0.1;1.6;2.8;0.12;1.2;2.5;0.03;466;123;107;70;95665;1.12;0;0.37;0.34
2002;3;7;66;16.2;9.7;3.3;6.5;4.2;2.4;1.9;-0.4;0.12;1.2;2.5;0;491;118;106;65;95926;1.13;1.46;0.36;0.34
2002;3;8;67;9.6;6;1.3;4.1;-0.6;-2.8;1.1;-1.7;0.12;1.2;2.5;0;437;131;112;73;97120;1.43;0.57;0.36;0.34
2002;3;9;68;11.9;6.2;1.4;0;-1.5;-2.8;0.8;3.1;0.13;1.2;2.5;0;544;154;129;94;96378;1.3;0;0.36;0.34
2002;3;10;69;9.7;6.1;2.5;2.4;-2.4;-5.8;1.8;-1.8;0.13;1.3;2.5;0;553;144;130;80;96510;1.25;0;0.36;0.34
2002;3;11;70;10.9;4.8;-0.2;-1.2;-3.2;-4.7;0.4;2.7;0.13;1.3;2.5;0;554;159;131;93;97106;1.27;0;0.36;0.35
2002;3;12;71;12.1;6.2;0.3;-0.8;-3.1;-5.9;0.8;3.4;0.13;1.3;2.5;0;566;164;135;102;96720;1.44;0;0.36;0.35
2002;3;13;72;14.5;7.6;1.6;4.7;1.4;-2;0.4;1.8;0.13;1.3;2.6;0;497;138;124;87;96286;1.14;0;0.36;0.35
2002;3;14;73;16.4;8.6;1.2;5;2.8;-0.4;0.5;1.3;0.13;1.3;2.6;0;557;162;133;86;95746;1.37;0;0.36;0.35
2002;3;15;74;14.2;7.8;2.4;5.6;3.9;1.7;0.6;-1.5;0.13;1.3;2.6;0;540;135;106;62;96050;1.07;0.03;0.35;0.35
2002;3;16;75;11.8;6.8;1.6;6;4.3;1.4;0;-0.8;0.13;1.3;2.6;0;439;108;80;51;96496;0.87;0.36;0.35;0.35
2002;3;17;76;12.4;7.9;2.7;6.8;4.9;2.2;-0.3;2.5;0.13;1.3;2.6;0;319;85;53;35;96421;0.73;0.01;0.35;0.35
2002;3;18;77;13.5;8.6;4.6;5.9;4.4;2.8;-0.6;1.9;0.13;1.4;2.6;0;517;138;102;67;95999;1.08;0.01;0.35;0.35
2002;3;19;78;11.5;7.6;2.5;8.5;5.2;2;1;0;0.13;1.4;2.6;0;189;51;61;37;95354;0.86;2.46;0.35;0.35
2002;3;20;79;9.7;7.5;5.8;8.6;5.2;2;1.2;-0.3;0.13;1.4;2.6;0;124;32;65;28;95913;0.73;18.81;0.36;0.35
2002;3;21;80;10;7.6;6.2;7.4;6.2;5;0.6;-0.2;0.13;1.4;2.6;0;207;48;60;22;96220;0.91;15.22;0.38;0.35
2002;3;22;81;11.3;6.9;1.4;5.6;3;-2.3;2.7;-3.1;0.13;1.4;2.6;0;535;144;97;59;96047;2.23;4.41;0.38;0.35
2002;3;23;82;4.1;1.7;0;-1.2;-3.1;-4;2.1;-5.1;0.14;1.5;2.6;0.4;460;141;100;76;96278;1.64;3.21;0.38;0.35
2002;3;24;83;4.1;0.9;-0.8;-1.5;-3.5;-4.9;0.8;-5.8;0.16;1.5;2.6;1.97;454;126;91;61;96731;1.23;2.78;0.38;0.35
2002;3;25;84;3;0.6;-1.1;-4.8;-5.4;-6.1;1.6;-6.5;0.17;1.5;2.6;2.57;423;128;75;61;96975;1.09;0.14;0.38;0.35
2002;3;26;85;4.2;1.2;-1.2;-2.8;-3.8;-5.5;1.1;-5;0.17;1.5;2.6;2.4;404;119;71;50;97051;1.02;0.4;0.38;0.35
2002;3;27;86;4.4;1.3;-1.6;-3.1;-4.5;-5.4;0.4;-4.2;0.17;1.5;2.6;2.38;378;125;93;69;97352;1.05;0.14;0.38;0.35
2002;3;28;87;7.8;3.1;-1.1;-1.5;-2.8;-4.6;0.7;-3.3;0.16;1.6;2.6;1.92;600;181;125;92;97525;1.31;0;0.38;0.35
2002;3;29;88;11.7;5.2;-1.7;3.7;0.4;-3.1;0.5;-1.1;0.15;1.6;2.6;1.19;612;190;130;89;97364;1.46;0;0.38;0.35
2002;3;30;89;14.9;7.3;-0.9;2.9;0.5;-3;0.2;1.1;0.15;1.6;2.6;0.58;630;197;137;92;96989;1.86;0;0.38;0.35
2002;3;31;90;16.2;9;0.2;4.1;1.7;-2;0.3;0.8;0.14;1.6;2.6;0.24;632;198;137;91;96589;2;0;0.37;0.35
2002;4;1;91;15.6;9.1;1.9;7.5;4.3;0.3;0.4;-0.6;0.14;1.6;2.6;0.09;607;186;120;80;96496;1.83;0.7;0.37;0.35
2002;4;2;92;15.4;9.3;2.7;6;4.3;1.9;0.6;-1.4;0.14;1.7;2.6;0.01;611;191;122;82;96603;2.04;0.52;0.37;0.35
2002;4;3;93;13.2;8.1;2.4;4.2;2.3;-0.7;-1.4;-1.1;0.14;1.7;2.6;0;559;176;110;81;96298;1.94;0.72;0.37;0.35
2002;4;4;94;10.2;5.6;-0.1;2.1;-0.3;-2.4;-1;-1.1;0.14;1.7;2.6;0;660;196;132;79;95839;1.67;0;0.37;0.35
2002;4;5;95;8.4;4.6;0;0.5;-3.6;-9;0.5;-3.6;0.14;1.7;2.6;0;612;184;113;73;95372;1.66;0.03;0.36;0.35
2002;4;6;96;4.4;1.1;-1.7;-5.3;-7.4;-8.6;0.9;-3.4;0.14;1.7;2.6;0.11;491;163;99;78;96015;1.43;0.45;0.36;0.35
2002;4;7;97;5.3;1.5;-2.1;-4.4;-5.9;-7.4;-0.1;-1.5;0.15;1.8;2.6;0.47;518;156;121;72;96775;1.3;0.63;0.36;0.35
2002;4;8;98;7.9;3.7;-1.1;-1.8;-4.5;-6.6;-0.9;1.1;0.15;1.8;2.6;0.43;578;185;114;74;96712;1.48;0.04;0.36;0.35
2002;4;9;99;8.8;5;0.1;-0.9;-2.2;-3.3;-1;0;0.15;1.8;2.6;0.29;568;157;102;56;96390;1.56;0.46;0.36;0.35
2002;4;10;100;3;2.5;1.9;2;0.4;-2.1;-1.3;-1.2;0.16;1.8;2.6;0.64;126;44;33;16;96147;0.86;4.77;0.36;0.35
2002;4;11;101;8.1;5.3;2.2;4.8;3.2;1.8;-0.4;2.8;0.15;1.8;2.6;0.63;267;80;30;15;95999;0.83;0.26;0.36;0.35
2002;4;12;102;8;6.1;4.7;7.1;5.4;3.7;-1;1.6;0.15;1.9;2.6;0.24;126;36;24;8;95060;0.57;4.89;0.36;0.35
2002;4;13;103;13.5;9.3;6;9.6;7.7;5.8;0;3.2;0.15;1.9;2.6;0.07;312;94;75;29;94739;1.24;1.57;0.36;0.35
2002;4;14;104;11.3;8.3;4.5;8.5;6.4;2.6;0.8;0.2;0.15;1.9;2.6;0;239;74;59;41;95118;1.07;8.03;0.37;0.35
2002;4;15;105;9.3;6.6;3.4;4.1;2.4;1.7;1.1;-1.1;0.15;1.9;2.6;0;250;86;64;38;95816;1.18;0.27;0.37;0.35
2002;4;16;106;11.9;7.9;3.3;3.2;1.6;-0.1;0.5;-1.6;0.15;2;2.6;0;574;153;94;58;96109;1.74;0.03;0.37;0.35
2002;4;17;107;12.2;8.7;6.1;4;2.6;-0.1;1.3;-2.6;0.15;2;2.6;0;456;123;73;41;96189;2.26;3.54;0.37;0.35
2002;4;18;108;13.4;9.9;6.1;7.1;5;2.5;1.2;-2.7;0.15;2;2.6;0;460;134;63;45;96418;2.2;2.33;0.37;0.35
2002;4;19;109;14.5;10.1;5.8;8.1;6.9;5.4;0.5;-1.1;0.15;2.1;2.7;0;460;137;82;43;96618;2.13;6.85;0.37;0.35
2002;4;20;110;12.1;8.5;4.5;7;5.3;3.4;1.5;-2.3;0.15;2.1;2.7;0;477;123;81;45;97024;2.17;3.48;0.37;0.35
2002;4;21;111;14.5;10.9;7.3;9;6.9;3.8;1.3;-3.8;0.15;2.1;2.7;0;522;169;76;56;97650;2.65;3.2;0.37;0.35
2002;4;22;112;14.9;11.4;7.3;6.9;6.3;5.9;1.1;-3.6;0.15;2.2;2.7;0;547;184;83;69;97605;2.26;0.02;0.37;0.35
2002;4;23;113;15.8;12.2;8.4;7.5;6.2;5;1.3;-2.9;0.15;2.2;2.7;0;626;196;104;68;97241;2.71;2.37;0.37;0.35
2002;4;24;114;14.1;10.7;7.6;9.9;7.6;5;1.3;-3.2;0.16;2.2;2.7;0;566;187;98;61;96824;2.99;4.52;0.37;0.35
2002;4;25;115;14.5;10.7;6.4;5.9;4.6;3.2;0.5;-1.8;0.16;2.3;2.7;0;599;193;92;70;96762;2.5;0.05;0.37;0.35
2002;4;26;116;18.2;13.1;7.7;8.3;6.5;4.2;0.9;0.9;0.16;2.3;2.7;0;612;175;99;55;95942;2.82;1.44;0.37;0.35
2002;4;27;117;11.3;9.7;5.1;8.4;3.6;-1.1;1.8;-1.2;0.16;2.3;2.7;0;273;77;83;47;95772;1.81;6.04;0.37;0.35
2002;4;28;118;15.1;9.8;1.7;3.7;1.8;-0.2;0.9;3.1;0.16;2.4;2.7;0;711;240;123;90;96001;3.1;0.03;0.37;0.35
2002;4;29;119;17.8;12.7;6.1;6.8;4.8;2.4;1.2;0.9;0.16;2.4;2.7;0;668;222;122;76;95804;3.55;1.25;0.37;0.35
2002;4;30;120;16;12.1;7.3;6.1;4.4;3;1.3;1.2;0.16;2.4;2.7;0;589;170;107;74;96417;2.65;0.09;0.36;0.35
2002;5;1;121;20.6;14.8;8.5;9.4;7.5;5.1;0.3;4;0.16;2.5;2.7;0;672;240;111;90;95908;3.52;0;0.36;0.35
2002;5;2;122;22.1;16.8;9.9;10;8.4;6.6;1.1;4.1;0.16;2.5;2.7;0;712;245;117;91;95709;3.99;0;0.36;0.35
2002;5;3;123;22.7;18.2;12.8;10.7;9.4;7.4;0.2;3.6;0.16;2.6;2.7;0;616;218;105;83;95869;3.78;0;0.35;0.35
2002;5;4;124;22.7;18.3;13.2;11.1;10;9;-0.1;3.4;0.16;2.6;2.7;0;699;229;107;77;95797;3.88;0.09;0.35;0.35
2002;5;5;125;16.4;13.2;10.3;11;10.1;8.3;-0.5;0.6;0.16;2.6;2.7;0;386;125;86;51;96055;2.21;5;0.35;0.35
2002;5;6;126;17.3;13.3;9.4;10.7;9.1;7.5;-0.6;-0.1;0.16;2.7;2.7;0;509;180;98;59;96648;3.02;2.09;0.35;0.35
2002;5;7;127;18.3;13.6;6.7;13.6;10.2;6.3;-0.6;1;0.16;2.7;2.7;0;600;194;93;68;96874;2.59;0.76;0.35;0.35
2002;5;8;128;21.1;15.7;9.6;10;7.8;5.9;-1.8;2.1;0.16;2.7;2.7;0;713;251;117;85;96573;3.75;0;0.34;0.35
2002;5;9;129;19.9;15;9.7;12.7;9.4;6.2;-1.2;2.4;0.16;2.8;2.7;0;680;198;100;63;96209;3.09;1.7;0.34;0.35
2002;5;10;130;19.9;15.6;11.5;14;11.2;8.7;-0.4;2.6;0.16;2.8;2.7;0;497;172;89;57;95807;3.04;1.51;0.34;0.35
2002;5;11;131;21.1;15.4;8;11.5;9.5;7.2;-0.1;1.8;0.17;2.8;2.8;0;615;219;106;79;95669;3.32;0.37;0.34;0.35
2002;5;12;132;19.5;14.9;9.4;13.2;11.3;8.4;0.2;-0.3;0.17;2.9;2.8;0;584;203;92;65;96010;3.16;8.42;0.34;0.35
2002;5;13;133;19.9;15.7;10.9;13.8;11.8;9.3;0.2;-0.1;0.17;2.9;2.8;0;626;193;95;60;96429;3.27;3.12;0.34;0.35
2002;5;14;134;21.5;16.7;11.4;13.6;10.6;6.2;1.4;-0.1;0.17;2.9;2.8;0;634;194;101;67;96606;3.51;4.18;0.34;0.35
2002;5;15;135;19.1;15.5;11.4;9.7;7;5.8;1.5;-2.3;0.17;3;2.8;0;564;209;97;78;97267;3.74;0.02;0.34;0.35
2002;5;16;136;21.6;16.2;10.2;11.5;9.4;7.6;-0.1;0.4;0.17;3;2.8;0;589;216;112;75;97165;3.41;0;0.34;0.35
2002;5;17;137;25.3;18.7;12.3;14.9;12.7;9.9;0.7;1.4;0.17;3;2.8;0;716;246;119;81;96262;4.03;0.82;0.33;0.35
2002;5;18;138;23.2;18.6;14.3;14.1;12.5;9.3;0.4;-1.7;0.17;3;2.8;0;643;232;94;71;96071;3.76;1;0.33;0.35
2002;5;19;139;19;15.9;12.4;12.2;10.7;9.5;1.9;-2.9;0.17;3;2.8;0;485;181;76;52;96386;2.95;0.5;0.33;0.35
2002;5;20;140;15.4;13.8;12.3;10.7;10;9.6;1.2;-2.9;0.17;3;2.8;0;266;78;47;24;96416;1.85;2.1;0.33;0.35
2002;5;21;141;19.9;15.6;10.3;12.9;11.5;9.5;-0.3;1.3;0.17;3;2.8;0;575;213;98;64;96092;3.27;2.22;0.33;0.35
2002;5;22;142;20.1;16.4;12.7;12.5;12.1;11.3;-0.7;3.6;0.17;3;2.8;0;383;128;75;41;95866;2.62;0.62;0.33;0.35
2002;5;23;143;24.6;19.1;13.5;13.4;11.7;10.7;1.2;3.7;0.17;3;2.8;0;694;228;102;72;95403;3.99;0.06;0.32;0.35
2002;5;24;144;19.8;16.5;13.3;11.6;10.3;9.1;1.9;-1.6;0.17;3;2.8;0;562;174;72;54;95738;2.99;1.24;0.32;0.35
2002;5;25;145;19.9;16;12.7;12.7;10.8;9.2;0.3;-1.4;0.17;3;2.8;0;487;139;90;36;96129;2.59;6.83;0.32;0.35
2002;5;26;146;15.7;13.6;11.4;12.8;11.3;9.6;0.8;-1.7;0.17;3;2.8;0;271;82;54;21;95840;2.44;19.25;0.34;0.35
2002;5;27;147;19.7;15.5;11;12.6;11.4;10;-0.3;0.9;0.17;3;2.8;0;420;162;75;50;95536;2.66;0.3;0.34;0.35
2002;5;28;148;15.8;13.4;11;12;9.4;7.1;2.6;-2.5;0.17;3;2.8;0;483;170;78;58;95415;2.74;1.23;0.34;0.35
2002;5;29;149;19;15.4;11.7;8.7;7.3;5.9;3.2;-4.5;0.17;3;2.8;0;577;198;82;66;96015;3.68;0;0.34;0.35
2002;5;30;150;19.3;15.5;11.7;8;6.6;5.1;1.7;-3.9;0.17;3;2.8;0;661;241;101;84;96862;4.21;0;0.33;0.35
2002;5;31;151;19.8;15.5;10;10.1;7.4;5.9;0.6;-1.5;0.17;3;2.8;0;593;206;94;68;97059;3.51;0.02;0.33;0.35
2002;6;1;152;18.7;15.3;11.2;8.6;7.3;3.9;0.7;-2.5;0.17;3;2.8;0;561;200;92;61;96966;3.4;0.2;0.32;0.35
2002;6;2;153;16.5;13.6;10.5;6.5;4.8;3.4;0.7;-3.3;0.17;3;2.8;0;598;204;100;71;96801;3.36;0.04;0.32;0.35
2002;6;3;154;19.6;15.4;9.5;11.9;7.8;4.7;0.5;-2.2;0.17;3;2.8;0;668;208;100;70;96278;3.31;0;0.32;0.35
2002;6;4;155;22.3;17.4;9.9;12.6;10.2;8.5;-0.2;-0.5;0.17;3;2.8;0;659;243;113;78;95993;3.68;0.07;0.31;0.35
2002;6;5;156;21.8;17.9;12.3;15;13;9.5;-0.8;3.8;0.17;3;2.8;0;497;172;67;51;95626;2.68;0.52;0.31;0.34
2002;6;6;157;21.4;17.3;14.9;16.9;15.2;13.8;-1.3;2.5;0.17;3;2.8;0;405;111;59;31;95238;2.35;25.63;0.32;0.34
2002;6;7;158;15.2;14.4;13.5;14.4;12.2;10;1.5;3.4;0.17;3;2.8;0;466;105;75;25;94868;3.48;19.69;0.34;0.34
2002;6;8;159;20.2;15.9;12.6;12.6;11.1;8.9;0.9;0.2;0.17;3;2.8;0;493;135;78;37;95581;3.04;6.07;0.35;0.34
2002;6;9;160;19.4;15.4;12.8;14.6;12.9;11.6;-0.3;-0.7;0.17;3;2.8;0;428;132;66;35;95578;2.19;7.37;0.35;0.34
2002;6;10;161;17.7;14.7;12.9;12.9;11.4;8.4;2.3;-3.9;0.17;3;2.8;0;368;112;71;36;95477;3.32;4.79;0.36;0.34
2002;6;11;162;19.1;15.2;11.7;8.2;6.9;5.3;2.5;-4;0.17;3;2.8;0;688;243;104;84;96387;4.35;0;0.35;0.34
2002;6;12;163;22.2;17;9.3;12.9;9.6;6.9;0.2;0.8;0.17;3;2.8;0;647;222;105;75;96825;3.83;0.05;0.35;0.34
2002;6;13;164;26.3;20;12.8;16.8;13.5;10;1.1;1.4;0.17;3;2.8;0;679;238;103;75;96640;4.34;1.36;0.35;0.34
2002;6;14;165;26.3;21.5;15.3;18.2;15;12.9;0.4;-0.4;0.17;3;2.8;0;625;220;95;65;96666;3.99;0.8;0.34;0.34
2002;6;15;166;28.9;22.1;16.7;20.1;17.3;14;0.3;0.5;0.17;3;2.8;0;716;255;102;71;96637;4.46;3.2;0.34;0.34
2002;6;16;167;25.9;21;15.6;19.9;17.5;14.8;0.7;-0.5;0.17;3;2.8;0;642;173;83;51;96643;3.25;3.3;0.34;0.34
2002;6;17;168;26.4;22;17.2;18.6;16.4;15.7;0;-1.2;0.17;3;2.8;0;604;226;88;64;96947;4.25;0.19;0.34;0.34
2002;6;18;169;28.2;23.4;17.7;16.9;15.8;13.9;-0.6;1.2;0.17;3;2.8;0;716;263;108;77;96991;4.84;0;0.34;0.34
2002;6;19;170;29;23.8;18;18;15.6;13.9;-0.2;2.4;0.17;3;2.8;0;720;267;105;80;96904;5.1;0;0.33;0.34
2002;6;20;171;29.2;24;17.5;17.6;15.1;13.9;0.2;2.8;0.17;3;2.8;0;729;271;111;81;96822;5.15;0;0.33;0.34
2002;6;21;172;28.8;24.5;19.4;20.2;17.2;15.3;0.5;-1;0.17;3;2.8;0;676;239;95;61;96815;4.41;0.01;0.32;0.34
2002;6;22;173;28;24.4;20.6;19.6;17.2;15.5;0.5;-1.6;0.17;3;2.8;0;655;235;89;62;96903;4.32;0.07;0.32;0.34
2002;6;23;174;30.3;25;18.7;22.2;18.8;16;1;1.2;0.17;3;2.8;0;674;230;91;63;96714;4.08;1.74;0.31;0.34
2002;6;24;175;26.1;22.1;16.2;19.9;16.6;12.5;1;-2.5;0.16;3;2.8;0;552;193;73;54;96638;3.57;1.09;0.31;0.34
2002;6;25;176;21.5;17.7;14.6;11.9;8.5;5.7;0.1;-3.3;0.16;2.9;2.8;0;659;218;103;72;97188;4.02;0.09;0.31;0.34
2002;6;26;177;22.9;18.2;12.4;11;8.5;6.8;-0.4;-0.9;0.16;2.9;2.8;0;701;264;126;92;97049;4.03;0;0.31;0.34
2002;6;27;178;25.5;20.6;13.8;11.6;9.7;7.7;1.1;2.8;0.16;2.9;2.8;0;713;251;113;81;96338;4.15;0.34;0.3;0.34
2002;6;28;179;19.6;16.5;14.4;15.9;13;7;1.1;-1.8;0.16;2.9;2.8;0;223;73;51;33;95955;2.69;24.18;0.31;0.34
2002;6;29;180;19;15.3;11.5;8.4;5.9;3.9;1.8;-2.3;0.16;2.9;2.8;0;676;248;113;86;96638;4.25;0.21;0.32;0.34
2002;6;30;181;21;16;9;9.2;8.1;6.5;0.8;1.8;0.16;2.9;2.8;0;521;205;101;78;96642;3.46;0.28;0.32;0.34
2002;7;1;182;24.3;19.4;12.6;12.3;10.4;8.1;0.3;2.9;0.16;2.9;2.8;0;670;244;106;84;96191;4.33;0.03;0.31;0.34
2002;7;2;183;26.6;21.4;15.3;14.6;12.7;10.7;1.6;2.7;0.16;2.9;2.8;0;713;232;99;74;95733;4.36;0.09;0.31;0.34
2002;7;3;184;27.7;22.5;16.6;17.1;15.4;13.2;0.4;2.1;0.16;2.9;2.8;0;696;232;93;63;95808;4.1;0.16;0.31;0.34
2002;7;4;185;20.2;16.9;13.4;16.5;10.5;6.5;2.1;-2.2;0.16;2.9;2.7;0;310;93;97;51;96111;2.92;6.29;0.31;0.34
2002;7;5;186;22.4;17.3;10.2;9.3;8.4;7.4;0.1;1.5;0.16;2.9;2.7;0;660;254;120;91;96678;4.03;0;0.31;0.34
2002;7;6;187;25.5;19.8;13.7;14.4;11.6;9.2;0.6;2.1;0.16;2.8;2.7;0;716;228;97;68;96199;3.94;3.05;0.3;0.34
2002;7;7;188;22.6;18.7;15.1;13.9;12.7;11.8;1.6;-2.9;0.16;2.8;2.7;0;578;182;84;58;96490;3.77;4.93;0.3;0.34
2002;7;8;189;25.8;20.5;13.9;15.1;12.9;11.7;-0.1;-0.4;0.16;2.8;2.7;0;723;268;121;86;96611;4.28;0;0.3;0.34
2002;7;9;190;28.2;22.9;15.8;15.7;14;11.1;-0.2;2.7;0.16;2.8;2.7;0;677;256;106;76;96227;4.35;0;0.3;0.34
2002;7;10;191;29.2;24.2;18;18.1;16.1;14.3;0.3;2;0.16;2.8;2.7;0;672;247;95;71;95934;4.37;0.28;0.29;0.34
2002;7;11;192;23.9;20.5;17.5;13.6;11.2;9.2;1.4;-4;0.16;2.8;2.7;0;648;230;104;74;96626;3.88;0;0.29;0.34
2002;7;12;193;24.4;20.4;15.9;13.5;11.4;10.1;0.6;-3.4;0.16;2.8;2.7;0;679;224;92;70;96734;3.58;0.29;0.29;0.34
2002;7;13;194;25.6;20.6;17;19;16.8;13.4;-0.2;-0.1;0.16;2.8;2.7;0;618;188;78;48;96216;3.3;9.15;0.29;0.34
2002;7;14;195;25.7;21.3;17;17.6;15.3;14.4;0.8;-2.5;0.16;2.8;2.7;0;597;214;82;54;96341;3.82;0.65;0.29;0.34
2002;7;15;196;25.1;21.2;17.7;18.9;17.2;14.8;0.1;-1.5;0.16;2.8;2.7;0;608;181;79;41;96244;3.61;6.63;0.29;0.34
2002;7;16;197;24.4;21;18.3;19.7;18.5;17.5;-0.1;-0.4;0.16;2.8;2.7;0;423;145;61;36;95768;2.76;19.65;0.31;0.34
2002;7;17;198;25.1;20.4;16.4;18.7;16.8;14.9;0.2;0.2;0.16;2.8;2.7;0;614;184;89;49;95592;3.71;5.36;0.31;0.34
2002;7;18;199;21.5;18.4;15.5;15.3;12.9;10.7;3.1;-3.2;0.16;2.8;2.7;0;554;203;85;53;95857;3.81;0.53;0.31;0.34
2002;7;19;200;20.9;17.6;14;12.5;11.2;10.3;1.6;-3;0.16;2.7;2.7;0;474;162;80;48;96283;3.55;1.89;0.31;0.34
2002;7;20;201;23;19.3;14.8;14.3;12.2;10.7;0.6;-1.3;0.16;2.7;2.7;0;499;192;86;63;96477;3.32;0.06;0.3;0.34
2002;7;21;202;28.7;21.5;13.7;16.5;13.8;11.9;0.9;0.3;0.16;2.7;2.7;0;724;255;122;75;96239;4.72;8.08;0.3;0.34
2002;7;22;203;21.7;18.6;14.5;15.4;12;8.9;1.7;-1.8;0.16;2.7;2.7;0;563;182;85;64;96363;3.71;1.1;0.3;0.34
2002;7;23;204;23.2;18.5;13;13.8;11.4;9.9;0.5;0.3;0.16;2.7;2.7;0;537;193;95;68;96374;3.19;0.21;0.3;0.34
2002;7;24;205;24.2;19.4;14.2;16.4;13.6;11.9;1.2;-0.1;0.16;2.7;2.7;0;544;180;88;58;96020;3.17;2.99;0.3;0.34
2002;7;25;206;19.8;16.6;14.3;12.2;10.9;8.7;1.5;-3.1;0.16;2.7;2.7;0;572;175;93;58;96126;3.18;1.26;0.3;0.34
2002;7;26;207;19.4;16.3;12.7;11.2;9.8;8.7;1.2;-3.1;0.16;2.7;2.7;0;642;202;90;68;96495;3.29;0.62;0.3;0.33
2002;7;27;208;22.7;18.5;13.8;11.9;10.4;8.9;0.4;-3.1;0.16;2.7;2.7;0;708;245;113;81;96790;3.84;0.09;0.3;0.33
2002;7;28;209;25.7;20.5;14.3;15.8;13.8;10.6;-0.4;-1.4;0.16;2.7;2.7;0;587;204;89;61;96859;3.35;0.55;0.29;0.33
2002;7;29;210;27.8;22.9;17.3;17.2;15.6;14.2;0;-2;0.16;2.7;2.7;0;665;232;90;60;96528;3.84;0.51;0.29;0.33
2002;7;30;211;26.4;22.3;17.7;17.3;15.8;14.6;0.6;-2;0.16;2.7;2.7;0;649;216;91;63;95962;3.57;1.32;0.29;0.33
2002;7;31;212;23.8;20.2;17.1;19;17.8;16.4;-0.2;0;0.16;2.7;2.7;0;503;148;68;45;95690;2.86;11.91;0.29;0.33
2002;8;1;213;24.3;20;16.5;18.9;17.6;16.4;0.4;-0.2;0.16;2.7;2.7;0;528;143;69;34;95794;2.73;11.16;0.3;0.33
2002;8;2;214;23.7;19.8;16.6;17.8;15.6;14.6;1.4;-1.4;0.16;2.7;2.7;0;415;136;68;44;96202;2.67;1.36;0.3;0.33
2002;8;3;215;26.4;21.2;15.9;18.3;16.2;14.6;0.5;0;0.16;2.7;2.7;0;603;211;94;67;96293;3.47;2.54;0.3;0.33
2002;8;4;216;23.4;19.7;16.6;18.3;16.9;14.8;0.3;-0.5;0.16;2.6;2.7;0;548;135;71;46;96030;2.65;16.07;0.3;0.33
2002;8;5;217;24.9;20.5;16.2;15.7;14.1;12.4;1.5;-1.8;0.16;2.6;2.7;0;609;211;91;61;96080;3.94;0;0.31;0.33
2002;8;6;218;22.6;19;16;17.2;15;12.1;0.2;0.1;0.16;2.6;2.7;0;391;120;55;39;95871;2.45;21.59;0.31;0.33
2002;8;7;219;17.2;16;15.1;15.9;14.1;12.2;2;-2.4;0.16;2.6;2.7;0;254;60;29;12;95487;2.57;28.27;0.34;0.33
2002;8;8;220;21.2;17.5;14.4;14.7;13.6;12.5;2;-2.7;0.16;2.6;2.7;0;536;155;75;41;95855;3.26;6.16;0.35;0.33
2002;8;9;221;23;18.3;12.8;16;14.2;11.5;-0.2;0.6;0.16;2.6;2.7;0;643;208;96;67;95623;3.42;3.95;0.35;0.33
2002;8;10;222;22.4;18.6;13.6;14.8;13.8;12.9;-0.3;2.9;0.16;2.6;2.7;0;590;178;76;51;95319;3.44;0.23;0.35;0.33
2002;8;11;223;18.9;17;15.3;17.7;15.7;14.1;-1.4;1.1;0.16;2.6;2.7;0;137;49;58;22;94945;1.52;25.15;0.36;0.33
2002;8;12;224;17.8;15.8;14.5;15.1;12.9;10.4;2.5;-0.3;0.16;2.6;2.7;0;323;77;48;21;94820;3.23;16.64;0.38;0.33
2002;8;13;225;19.5;16.6;15.1;12.1;11.4;11;4.3;-3.4;0.16;2.6;2.7;0;297;75;53;29;95766;3.74;5.4;0.38;0.33
2002;8;14;226;20.3;17.6;15.2;12.2;11.3;10.2;2.7;-3.7;0.16;2.6;2.7;0;469;126;65;42;96347;2.78;0.12;0.38;0.33
2002;8;15;227;21;18.4;16.3;15.3;13.8;12.1;2.1;-4;0.16;2.6;2.7;0;494;146;76;41;96357;2.88;1.32;0.38;0.33
2002;8;16;228;22.1;19.2;16.9;17.8;15.6;13.4;1.7;-3.7;0.16;2.6;2.7;0;541;162;66;51;96380;2.75;0.82;0.37;0.33
2002;8;17;229;23.3;20;16.9;16.1;15.5;14.5;0.8;-3.1;0.15;2.6;2.7;0;582;195;90;62;96347;3.45;1.07;0.37;0.33
2002;8;18;230;24.7;20.2;14.8;16.3;15;13.4;-0.1;-0.8;0.15;2.6;2.7;0;654;210;99;67;96420;3.51;0.16;0.37;0.33
2002;8;19;231;24.2;19.9;14.4;17.4;15.8;12.8;-0.1;0.1;0.15;2.6;2.7;0;586;182;91;66;96678;2.93;1.17;0.36;0.33
2002;8;20;232;23.6;19.6;15.5;15.9;14.6;13.6;-1.1;1.1;0.15;2.6;2.7;0;651;202;100;70;96647;3.39;0.58;0.36;0.33
2002;8;21;233;20.5;16.9;13.6;16.8;15.1;13.3;-0.1;1;0.15;2.6;2.7;0;415;118;60;46;96351;2.31;20.95;0.37;0.33
2002;8;22;234;20.2;16.8;14.2;15.8;14.4;13.4;0.4;-0.8;0.15;2.6;2.7;0;466;108;74;42;96417;2.18;11.58;0.39;0.33
2002;8;23;235;23.1;18.7;12.8;15.8;14.1;12.1;0.2;1.3;0.15;2.5;2.7;0;526;184;92;61;96582;2.94;0.14;0.38;0.34
2002;8;24;236;23.9;19.7;15;17.8;15.9;13.8;-0.1;1.7;0.15;2.5;2.7;0;595;187;90;65;96749;2.95;0.28;0.38;0.34
2002;8;25;237;24.6;20.2;14.9;17.6;15.9;13.6;-0.2;1.5;0.15;2.5;2.7;0;563;187;93;64;96898;3.08;0.35;0.38;0.34
2002;8;26;238;25;20.8;16.4;17.3;15.3;14.1;-0.7;1.8;0.15;2.5;2.7;0;577;187;92;60;96740;3.23;0.09;0.37;0.34
2002;8;27;239;22.3;19.3;16.3;18.5;16.7;14.4;-0.6;1.8;0.15;2.5;2.7;0;523;144;70;46;96372;2.56;7.68;0.37;0.34
2002;8;28;240;21.5;18.6;15.1;18.9;16.8;15.1;-0.5;0.5;0.15;2.5;2.7;0;391;122;66;38;96267;2.04;3.27;0.38;0.34
2002;8;29;241;22.8;18.7;15;16.2;15;14;-0.2;-1;0.15;2.5;2.7;0;511;156;87;52;96370;2.77;0.6;0.37;0.34
2002;8;30;242;24;19.5;14.7;16.9;14.8;12.6;0.6;-1.2;0.15;2.5;2.7;0;614;190;94;64;96643;3.11;0.33;0.37;0.34
2002;8;31;243;24.3;20;14.8;16.3;14.5;12.9;-0.1;-0.1;0.15;2.5;2.7;0;553;179;101;62;96559;2.96;0.57;0.37;0.34
2002;9;1;244;22.4;18.6;15.4;15.8;14.6;13.2;-0.1;-2.2;0.15;2.5;2.7;0;613;172;95;56;96755;3.21;2.34;0.37;0.34
2002;9;2;245;19.2;15.8;13.1;12.4;9.4;7.2;0.7;-4;0.15;2.5;2.7;0;544;174;96;69;97217;3.01;0;0.36;0.34
2002;9;3;246;22.2;17.1;11.9;13.9;12;8.1;-0.3;0.9;0.15;2.5;2.7;0;599;180;101;67;96949;2.74;0.17;0.36;0.34
2002;9;4;247;23.4;18.4;14;14.7;13.5;11.9;0;2.1;0.15;2.5;2.7;0;607;178;94;63;96509;2.88;0.49;0.36;0.34
2002;9;5;248;22.4;17.6;13.2;16.3;14.4;12;0.1;0.7;0.15;2.5;2.7;0;505;155;83;59;96264;2.47;3.9;0.36;0.34
2002;9;6;249;20.8;16.7;13.4;13.9;12.2;10.6;0.7;-1.9;0.15;2.5;2.7;0;555;169;91;69;96398;2.87;0.17;0.36;0.34
2002;9;7;250;21.2;16.8;11.8;13.3;11.6;9.7;0.4;-1.1;0.15;2.5;2.7;0;530;171;97;72;96379;2.54;0.1;0.35;0.34
2002;9;8;251;23.6;17.9;11.8;15.1;13.1;10.1;0.3;0.9;0.15;2.5;2.7;0;590;172;101;64;96337;2.69;0.48;0.35;0.34
2002;9;9;252;23.7;18.6;13.2;15.7;14.3;11.6;0.1;1.9;0.15;2.5;2.7;0;564;165;91;63;96343;2.59;0.94;0.35;0.34
2002;9;10;253;22.1;17.1;13.6;15.6;14;10.4;0.7;-1.2;0.15;2.5;2.7;0;567;142;93;56;96315;2.6;8.86;0.35;0.34
2002;9;11;254;18.7;15.8;13.4;11.8;10.5;8.8;2.1;-3.7;0.15;2.5;2.7;0;452;136;78;51;96674;2.46;0.51;0.35;0.34
2002;9;12;255;15.4;12.6;9.3;9.5;4.5;1.6;0.1;-4;0.15;2.5;2.7;0;594;186;119;95;96861;2.86;0;0.35;0.34
2002;9;13;256;15.6;11.4;7;6;4.1;1.6;0.8;-2.3;0.15;2.5;2.7;0;504;162;101;78;96848;2.28;0;0.35;0.34
2002;9;14;257;17.1;12.7;7;7.7;5.8;3.2;1.7;-1.5;0.15;2.5;2.7;0;520;145;98;69;96418;2.06;0;0.35;0.34
2002;9;15;258;14.3;12.2;10.1;8.9;7.1;5.8;2.3;-2.8;0.15;2.5;2.7;0;486;131;90;62;96065;2.25;1.8;0.34;0.34
2002;9;16;259;14.5;11.4;9;7.3;6;4.8;1.7;-2.5;0.15;2.4;2.7;0;549;153;92;69;96357;2.08;0.44;0.34;0.34
2002;9;17;260;17.7;12.7;8.4;9;6.5;4.3;1.2;-0.7;0.15;2.4;2.7;0;548;143;106;63;96354;2.07;0.02;0.34;0.34
2002;9;18;261;20.2;14;7.8;9.6;7.2;5.9;0.9;-0.3;0.14;2.4;2.7;0;582;168;120;81;96339;2.29;0;0.34;0.34
2002;9;19;262;20;14.5;8.2;12.2;9.9;6;0.3;0.3;0.14;2.4;2.7;0;502;146;107;63;96402;1.8;1.01;0.34;0.34
2002;9;20;263;17.8;15.1;13;14.8;13.3;11.9;0.1;0.1;0.14;2.3;2.7;0;285;75;61;30;96381;1.34;6.49;0.34;0.34
2002;9;21;264;17;13.9;10.9;11.4;9.4;8.4;0.1;-1;0.14;2.3;2.7;0;505;125;100;51;96255;2.07;3.45;0.34;0.34
2002;9;22;265;13.5;11.6;10;10.9;10;9.1;-0.6;0.2;0.14;2.3;2.7;0;205;43;48;23;95540;0.96;2.57;0.34;0.34
2002;9;23;266;11.5;10.2;9.2;9.6;9;8.2;0.2;-2.6;0.14;2.3;2.7;0;141;39;35;19;95282;1.3;14.44;0.35;0.34
2002;9;24;267;9;6.7;5.4;8.7;5.8;4;0.9;-3.4;0.14;2.2;2.7;0;52;15;6;5;95574;1.44;9.89;0.36;0.34
2002;9;25;268;8.5;6.6;5.1;6;3.6;0.8;1.5;-2.8;0.14;2.2;2.7;0;257;62;73;28;95866;1.65;3.65;0.37;0.34
2002;9;26;269;10.4;7.9;4.9;5.5;3.1;0.7;2.4;-3.3;0.14;2.2;2.7;0;393;100;68;42;96044;1.3;0.16;0.37;0.34
2002;9;27;270;11.8;9.4;6.8;6.7;5.4;3.6;2.5;-2.8;0.14;2.1;2.7;0;356;91;86;54;96371;1.48;1.24;0.37;0.34
2002;9;28;271;8.3;7.2;5.8;4.7;4;3.5;1.2;-4;0.14;2.1;2.6;0;245;62;72;40;97121;1.38;2.06;0.37;0.34
2002;9;29;272;12.4;8.8;6.3;4.1;2.9;1.6;0.6;-3.2;0.14;2.1;2.6;0;531;149;112;76;97542;1.79;0.02;0.36;0.34
2002;9;30;273;13.4;9;4.2;5.2;4;1.6;0.8;-2.2;0.14;2.1;2.6;0;533;153;117;86;97453;1.57;0;0.36;0.34
2002;10;1;274;15;10;5;6.6;5.3;3.3;0.9;-1.8;0.14;2;2.6;0;523;141;110;73;97238;1.56;0;0.36;0.34
2002;10;2;275;15.7;10.5;5;7.9;6.4;3.7;0.2;0.4;0.14;2;2.6;0;451;136;109;73;97240;1.46;0;0.36;0.34
2002;10;3;276;17.4;12.2;7.9;10.7;8.5;6.4;0.7;0.9;0.14;2;2.6;0;398;113;95;64;96978;1.21;0;0.36;0.34
2002;10;4;277;16.8;12.6;9.2;11.3;9.7;7.4;1.4;-1.4;0.14;2;2.6;0;346;76;63;36;96792;1.38;4.38;0.36;0.34
2002;10;5;278;14.3;10.7;7.7;7.9;5.9;4.3;1.8;-1.5;0.14;1.9;2.6;0;450;118;92;68;96759;1.67;0.04;0.36;0.34
2002;10;6;279;12.4;9.4;7.2;8.4;7.1;5.6;0.6;1.1;0.14;1.9;2.6;0;199;51;66;35;95822;0.93;2.75;0.36;0.34
2002;10;7;280;9.6;6.8;3.7;6.5;0.8;-2.4;1.6;-2.9;0.14;1.9;2.6;0;462;125;104;68;96123;1.69;0.14;0.36;0.34
2002;10;8;281;11.1;6.8;3.5;3.9;2.1;-0.8;0.9;-0.3;0.14;1.9;2.6;0;362;97;95;64;96115;1.12;0.43;0.36;0.34
2002;10;9;282;8.1;6.1;2.8;4.3;3.1;1.1;-0.5;1.3;0.14;1.8;2.6;0;199;53;64;32;96342;0.54;0.18;0.36;0.34
2002;10;10;283;10.2;8.4;6.8;8.4;6.8;4.5;-0.7;0.8;0.14;1.8;2.6;0;127;30;15;8;96012;0.45;4.19;0.36;0.34
2002;10;11;284;8.9;7.5;4.8;8.4;7.2;4.3;0.1;-2.1;0.14;1.8;2.6;0;68;17;7;3;95843;0.67;14.16;0.36;0.34
2002;10;12;285;4.7;3.9;3;4.2;3.1;2.1;1.3;-3.1;0.14;1.8;2.6;0;30;7;26;5;95617;1.01;25.75;0.38;0.34
2002;10;13;286;9.1;5.6;2.5;4.4;3.4;1.9;0.4;-1.6;0.14;1.7;2.6;0;231;62;66;33;96039;0.83;0.69;0.39;0.34
2002;10;14;287;13.3;8;3.4;6.8;5.3;3;0.3;2.1;0.14;1.7;2.6;0;363;95;90;55;96320;0.85;0.17;0.39;0.34
2002;10;15;288;15.7;10.6;5.6;9.6;7.9;5.1;0.3;1.6;0.14;1.7;2.6;0;377;103;87;55;96276;1.01;0.17;0.39;0.34
2002;10;16;289;18.4;12.7;7;11.3;9.4;6.5;0.7;1.8;0.14;1.7;2.6;0;435;113;97;68;95691;1.17;0;0.39;0.34
2002;10;17;290;18.2;13.5;9.7;12.5;10.2;7.7;1.3;1.4;0.13;1.7;2.6;0;266;68;71;44;95085;1.22;9.81;0.38;0.34
2002;10;18;291;9.7;7.4;4.3;7.5;4.5;2.2;1.8;-0.9;0.13;1.6;2.6;0;207;50;96;41;95624;1.85;15.92;0.4;0.34
2002;10;19;292;11.1;6.6;2.8;6;2.7;0;1.3;-0.4;0.13;1.6;2.6;0;405;95;102;67;96354;1.24;6.67;0.41;0.34
2002;10;20;293;10.4;5.5;0.8;4.7;2.3;-0.7;0.2;0.4;0.13;1.6;2.6;0;322;75;86;59;96734;0.7;0.34;0.4;0.34
2002;10;21;294;14.8;8;2.2;7.7;5.4;2.2;0.8;2;0.13;1.6;2.6;0;305;73;73;48;95823;0.76;0;0.4;0.35
2002;10;22;295;15.8;11.2;7.8;12.6;9;5.5;1;1.7;0.13;1.6;2.6;0;250;54;58;44;95023;0.4;1.37;0.4;0.35
2002;10;23;296;15.9;10.8;6.7;10.8;8.3;5;1.1;-0.2;0.13;1.6;2.6;0;402;100;108;60;95113;1.44;4.82;0.4;0.35
2002;10;24;297;12;8.2;3.9;4.9;2.6;0.3;1.5;-1.3;0.13;1.6;2.6;0;439;94;115;64;96167;1.56;0.89;0.4;0.35
2002;10;25;298;12.6;8.7;3.8;6.7;4.6;1.8;0.5;3.3;0.13;1.6;2.6;0;379;89;87;50;96098;1.15;1.01;0.4;0.35
2002;10;26;299;16.5;11.3;6.2;8.8;4.7;1.6;2.5;-0.5;0.13;1.6;2.6;0;395;98;109;79;96168;1.33;0.06;0.4;0.35
2002;10;27;300;14.3;10.4;5;9.1;6.1;1.7;2.1;2;0.13;1.6;2.6;0;352;68;82;62;96381;0.98;0.55;0.39;0.35
2002;10;28;301;11.9;8.8;6.1;0.8;-0.5;-2;4.7;-2.7;0.13;1.5;2.6;0;381;98;104;92;96870;1.28;0;0.39;0.35
2002;10;29;302;11.4;7.2;3.9;3.1;0.9;-0.8;1.2;0;0.13;1.5;2.6;0;392;98;113;78;97155;0.99;0.1;0.39;0.35
2002;10;30;303;12.3;8.2;4.8;7.8;4.5;0.9;0.4;-0.2;0.13;1.5;2.6;0;245;38;62;30;96278;0.64;1.48;0.39;0.35
2002;10;31;304;7.1;6;5;6.2;5.1;4.4;-0.6;0.9;0.12;1.5;2.6;0;51;11;13;7;96729;0.54;4.38;0.39;0.35
2002;11;1;305;10.7;8.6;7.3;8;7.1;6.2;0.3;1.1;0.12;1.5;2.6;0;110;22;51;18;96797;0.27;0.1;0.39;0.35
2002;11;2;306;11.1;8.6;5.6;9.2;7.4;5;1.1;-0.1;0.12;1.5;2.6;0;101;25;49;29;96131;0.45;4.65;0.39;0.35
2002;11;3;307;6;4.9;3.4;5.1;2.6;0.9;-0.4;-0.3;0.12;1.5;2.6;0;172;36;49;15;96055;0.77;6.72;0.39;0.35
2002;11;4;308;5.5;4.6;3.8;5.2;4.4;3.7;-0.7;-0.6;0.12;1.5;2.6;0;59;14;21;8;95827;0.42;4.32;0.4;0.35
2002;11;5;309;3.4;0.7;-1.5;3.2;-3.5;-6.9;0.9;-4.4;0.12;1.5;2.6;0.11;215;52;68;39;96690;0.79;0.48;0.4;0.35
2002;11;6;310;0.9;-1.5;-3.5;-5;-6.6;-7.9;0;-1.8;0.12;1.4;2.6;0.17;342;85;103;75;97130;0.52;0;0.4;0.36
2002;11;7;311;3.3;0.3;-2;-2;-3.3;-4.9;-0.3;1.7;0.12;1.4;2.6;0.2;314;61;76;49;95998;0.36;0.04;0.39;0.36
2002;11;8;312;6.1;2.3;-2;1.3;-0.8;-3.3;1.2;-0.5;0.12;1.4;2.6;0.23;220;36;76;33;96119;0.39;0.71;0.39;0.36
2002;11;9;313;3.9;2;-2.4;1.1;-0.9;-3.7;1.5;2.1;0.12;1.4;2.6;0.2;152;31;77;44;95051;0.61;1.42;0.39;0.36
2002;11;10;314;6.3;2.8;-1.1;-0.5;-1.8;-3.7;2.1;-1.8;0.12;1.4;2.6;0.21;326;74;94;72;95667;0.76;0.33;0.39;0.36
2002;11;11;315;9.4;5;-0.7;6;2.1;-2.9;1.7;1.4;0.12;1.4;2.6;0.17;174;33;76;34;95357;0.76;2.48;0.39;0.36
2002;11;12;316;11.6;6.7;1.6;6.1;3.7;0.5;0.7;1.7;0.12;1.4;2.6;0.07;325;74;103;73;96283;0.52;0;0.39;0.36
2002;11;13;317;11.5;7.2;2.4;6.2;4.7;1.3;1;2;0.12;1.4;2.6;0.02;306;70;96;74;95549;0.36;0;0.39;0.36
2002;11;14;318;15.4;11.6;6.7;9.8;8.4;5.7;1.5;4.7;0.12;1.4;2.6;0;320;65;89;61;94868;0.71;0;0.39;0.36
2002;11;15;319;17.2;14.1;11.4;11.2;10.2;9;-0.4;4.7;0.11;1.3;2.6;0;227;49;72;57;94963;0.61;0.04;0.39;0.36
2002;11;16;320;18.6;15.6;13;10.9;9.8;8.4;0.2;5.5;0.11;1.3;2.6;0;271;62;93;72;95214;1.03;0.23;0.38;0.36
2002;11;17;321;15.6;12.3;8.9;10.7;7.7;6.4;1.1;2;0.11;1.4;2.6;0;309;69;105;68;96027;0.69;0.21;0.38;0.36
2002;11;18;322;11.1;9.4;8;10.5;8.7;6.7;-0.1;0.4;0.11;1.4;2.6;0;66;14;41;16;96214;0.2;5.77;0.39;0.36
2002;11;19;323;13.3;9.4;6.9;8.5;6.8;5.1;0.5;1.6;0.11;1.4;2.6;0;211;51;90;40;95533;0.68;1.15;0.39;0.36
2002;11;20;324;8.6;5.8;2;5.1;4;1.8;-0.2;0.1;0.11;1.4;2.6;0;190;35;69;42;96226;0.4;0.11;0.39;0.36
2002;11;21;325;12.4;7.2;0.5;7.8;4.6;0.1;0.8;3.6;0.11;1.4;2.6;0;284;59;95;58;95496;0.51;0.01;0.38;0.36
2002;11;22;326;11.3;8.7;5.2;9.3;6.8;2.8;0.3;1.6;0.11;1.4;2.6;0;186;32;60;26;94942;0.72;15.9;0.38;0.36
2002;11;23;327;9.6;5.7;1.2;5.1;3.2;0.5;1;1;0.11;1.4;2.6;0;154;35;97;48;95879;0.51;0.78;0.39;0.36
2002;11;24;328;11.3;5.8;-0.5;6.7;3.5;-1.2;0.6;2.5;0.11;1.4;2.6;0;257;57;91;66;96161;0.34;0;0.39;0.36
2002;11;25;329;11.6;9.5;7.1;8.7;7.1;5;0.2;3.8;0.11;1.4;2.6;0;181;42;68;55;95934;0.23;0;0.39;0.36
2002;11;26;330;13.7;10.2;7.4;11;9.1;7.4;0.1;2.5;0.11;1.4;2.6;0;203;40;68;43;96108;0.34;1.25;0.39;0.36
2002;11;27;331;9.1;7.9;7;7.7;7.4;6.8;-0.6;0.7;0.11;1.4;2.6;0;101;21;22;11;96506;0.25;0.07;0.39;0.36
2002;11;28;332;8.5;7.3;6.5;6.9;6.7;6.4;-0.5;1.5;0.11;1.4;2.6;0;93;19;25;10;96500;0.17;0.11;0.39;0.36
2002;11;29;333;9.7;7.4;6;7.8;6.5;5.6;-0.4;0.9;0.11;1.4;2.6;0;122;22;20;10;96159;0.28;10.36;0.39;0.36
2002;11;30;334;9.7;5.8;1.5;5.4;3.5;0.6;0.7;-0.5;0.11;1.4;2.6;0;222;44;89;46;96362;0.6;1.17;0.4;0.36
2002;12;1;335;7.7;3.5;-0.2;3.8;1.7;-1.6;0.4;0.1;0.11;1.4;2.6;0;207;38;85;44;96428;0.23;0.2;0.4;0.36
2002;12;2;336;4.8;3.1;0.5;3.7;2.5;0.2;-1;0.9;0.12;1.4;2.6;0.36;60;11;18;7;95572;0.38;5.67;0.4;0.36
2002;12;3;337;5.1;3.4;0.7;5;3.2;0.4;-0.3;-1.1;0.17;1.4;2.6;3.07;38;8;6;1;95676;0.14;7.52;0.4;0.36
2002;12;4;338;5.3;4.7;3.6;5.2;4.4;3.1;0.3;-1.9;0.15;1.4;2.6;1.93;38;8;16;4;96030;0.24;3.89;0.41;0.37
2002;12;5;339;4.3;3.1;1.2;3;2.2;0.1;0.9;-2.8;0.13;1.4;2.6;1.04;87;15;26;8;96126;0.83;6.7;0.41;0.37
2002;12;6;340;1.1;0.6;-0.2;-0.3;-0.8;-1.6;1.2;-3.1;0.14;1.4;2.6;1.63;39;8;4;1;96602;0.95;7.88;0.41;0.37
2002;12;7;341;-0.4;-1.2;-2.4;-1.9;-3.9;-6.9;0.5;-2.5;0.18;1.4;2.6;4.3;56;10;36;7;96906;0.43;2.46;0.41;0.37
2002;12;8;342;-1.2;-3.2;-4.7;-7.3;-8.3;-10.2;-0.5;-1.8;0.2;1.4;2.6;5.27;235;51;106;73;97354;0.31;0.01;0.41;0.37
2002;12;9;343;-4.4;-5.8;-7.2;-9.8;-11;-14.1;-1.8;0.3;0.2;1.4;2.6;5.24;188;40;83;58;97613;0.12;0.11;0.41;0.37
2002;12;10;344;-5.1;-6.2;-7.1;-10.5;-12;-12.8;-0.9;2.8;0.2;1.4;2.6;5.24;156;35;90;57;97596;0.23;0;0.41;0.37
2002;12;11;345;-4.4;-6.2;-7.9;-9.7;-10.5;-12.1;-1.2;2.1;0.2;1.4;2.6;5.14;159;32;66;48;97541;0.08;0.01;0.4;0.37
2002;12;12;346;-3.8;-5.1;-6.5;-7.3;-8.6;-10.1;-0.7;3.3;0.2;1.4;2.6;5.08;120;23;47;33;97423;0.07;0.03;0.4;0.37
2002;12;13;347;-1.9;-3.9;-5.4;-5.6;-6.3;-7.3;-0.5;-0.3;0.2;1.4;2.6;5.02;141;27;62;36;97274;0.05;0.03;0.4;0.37
2002;12;14;348;-0.2;-2.7;-4.3;-4.4;-5.2;-6;-0.8;1;0.19;1.4;2.6;4.92;232;46;93;45;97200;0.04;0;0.4;0.37
2002;12;15;349;-1.6;-2.6;-3.5;-4;-4.6;-5.3;-1.1;2.8;0.2;1.4;2.6;5.38;68;12;16;10;96933;0.05;1.72;0.4;0.37
2002;12;16;350;0.6;-2.2;-3.7;-2.5;-3.9;-4.8;-0.5;1.8;0.24;1.4;2.6;7.4;195;36;86;35;96767;0.05;1.18;0.39;0.37
2002;12;17;351;0.6;-1.5;-2.7;-1.2;-2.8;-3.8;-0.1;1.2;0.25;1.4;2.6;8.2;125;23;70;24;96506;0.06;1.11;0.39;0.38
2002;12;18;352;1;-0.5;-2.2;-0.7;-2.7;-6.6;0.8;-3;0.26;1.4;2.6;8.64;176;37;82;48;96982;0.28;0.35;0.39;0.38
2002;12;19;353;0;-1.6;-3.8;-3.6;-4.8;-6.8;0.4;-2.7;0.26;1.4;2.6;9;158;31;76;44;97613;0.21;0.66;0.39;0.38
2002;12;20;354;0.6;-3.2;-5.6;-3.4;-5.6;-7.7;0.2;1.8;0.26;1.3;2.6;9.01;192;39;91;48;97046;0.14;0;0.39;0.38
2002;12;21;355;3;0.5;-3.1;1.6;-1.2;-5.7;1;0.6;0.25;1.3;2.6;8.67;89;17;31;4;96476;0.13;1.95;0.39;0.38
2002;12;22;356;1.6;0.8;0.2;1.3;0.6;-0.3;-0.2;0.7;0.23;1.3;2.6;7.64;50;8;10;1;96422;0.01;5.12;0.39;0.38
2002;12;23;357;0.9;-0.6;-3.2;0.3;-1.4;-4;0.3;-1.1;0.22;1.3;2.6;7.34;56;9;49;14;96223;0.14;4.04;0.4;0.38
2002;12;24;358;-1.9;-3.4;-5.1;-3.5;-6.4;-10.7;-1.5;1.7;0.24;1.3;2.6;8.09;70;14;40;15;96826;0.37;1.06;0.4;0.38
2002;12;25;359;-3.2;-4.4;-5.1;-7.5;-9.8;-11.7;-1.2;2;0.24;1.3;2.6;8.27;91;19;40;18;97014;0.37;0;0.4;0.38
2002;12;26;360;-1.1;-2.8;-4;-4.4;-5.5;-7.3;-0.3;3.4;0.24;1.3;2.6;8.08;147;31;59;35;96675;0.24;0;0.39;0.38
2002;12;27;361;3;-0.7;-4.3;0.2;-2.5;-5.8;-0.2;1.9;0.23;1.3;2.6;7.68;207;41;84;39;95751;0.11;0.01;0.39;0.38
2002;12;28;362;6;1.7;-1.5;3.7;0.6;-1.9;1.1;0.8;0.21;1.3;2.6;6.56;179;30;57;23;94973;-0.01;3.43;0.39;0.38
2002;12;29;363;6.9;3.5;0;4;1.6;-1.1;1.8;-1;0.17;1.3;2.6;4.25;217;43;93;36;95506;0.28;2.03;0.4;0.38
2002;12;30;364;10.2;5.1;2.6;5.7;2.9;0.7;1.7;1.5;0.15;1.3;2.6;2.55;208;35;58;29;95086;0.31;0.43;0.4;0.38
2002;12;31;365;5;0.4;-5.2;4.1;-2.5;-12.8;1.1;-2;0.13;1.3;2.6;1.67;72;12;60;18;95479;0.45;1.6;0.4;0.38
2003;1;1;1;-0.1;-2.8;-5.4;-4.6;-9.4;-14.3;0.3;0.7;0.13;1.3;2.6;1.58;220;44;82;54;96092;0.16;0;0.4;0.38
2003;1;2;2;5.5;1.7;-1.3;1.1;-1;-4.4;1.5;2.7;0.13;1.3;2.6;1.47;180;33;60;32;94787;0.53;4.6;0.4;0.38
2003;1;3;3;8.7;2.8;-1.1;1.5;-0.8;-3.4;2.4;0.5;0.13;1.3;2.6;1.13;186;42;89;63;94690;0.4;0.01;0.4;0.38
2003;1;4;4;7.8;3.1;0.4;3;0.7;-1.4;0.9;-0.6;0.12;1.2;2.6;0.93;227;42;82;33;94853;0.2;2.49;0.4;0.38
2003;1;5;5;-0.6;-4.3;-6.4;-1.3;-8.2;-10.7;0.9;-4.3;0.22;1.2;2.6;6.5;176;37;72;39;95253;0.68;5.11;0.4;0.38
2003;1;6;6;-2.3;-4.9;-7.3;-6.9;-8.5;-10.9;-1;-0.3;0.23;1.2;2.6;7.23;141;28;72;41;95747;0.2;1.31;0.4;0.38
2003;1;7;7;-6.1;-7.9;-9.2;-8.2;-11.1;-12.7;0.8;-4.5;0.35;1.2;2.5;13.37;75;13;45;17;95573;0.44;9.19;0.4;0.38
2003;1;8;8;-7.5;-10.5;-14.2;-12.3;-13.5;-15.6;1;-1.9;0.4;1.2;2.5;17.1;191;41;97;62;96116;0.23;0.23;0.4;0.38
2003;1;9;9;-9.4;-11.4;-14.5;-11.4;-13.6;-16.5;0.3;-1.5;0.4;1.2;2.5;18.15;58;13;33;11;96077;0.2;2.27;0.4;0.38
2003;1;10;10;-6.9;-7.9;-9.5;-9.6;-11;-12.1;1.9;-4.1;0.4;1.2;2.5;19.66;138;28;51;28;96169;0.38;2.03;0.39;0.38
2003;1;11;11;-6.4;-8.1;-11.7;-9;-10.9;-14;0.8;-3.7;0.4;1.2;2.5;21.11;171;37;79;59;97353;0.2;0.55;0.39;0.38
2003;1;12;12;-5.4;-12;-16.3;-11.8;-15.7;-19.1;1.5;-1.4;0.4;1.2;2.5;21.05;206;45;106;74;97575;0.13;0;0.39;0.38
2003;1;13;13;-1.4;-8.1;-17.4;-4.4;-11.4;-20;1;0.8;0.4;1.2;2.5;20.88;173;37;78;30;97277;0.27;0.69;0.39;0.38
2003;1;14;14;4.1;0.8;-2.2;0;-1.5;-4.1;1.6;0.1;0.39;1.2;2.5;21.12;96;14;63;19;97411;0.06;1.22;0.39;0.38
2003;1;15;15;3.8;-1.7;-7.1;1;-3.2;-8.3;1.2;0.6;0.38;1.2;2.5;18.75;197;44;94;55;97430;-0.17;0;0.39;0.38
2003;1;16;16;4;-1.2;-7.2;-0.1;-3.8;-8.6;1.6;-0.8;0.36;1.2;2.5;15.86;202;44;96;51;97229;-0.03;0;0.39;0.38
2003;1;17;17;4.1;-0.8;-5.6;-0.6;-3.3;-7;0.4;1.7;0.33;1.2;2.5;13.52;225;50;100;67;97445;0.14;0;0.4;0.38
2003;1;18;18;1.7;-1.5;-3.4;-1.5;-3.2;-4.9;-0.2;1.3;0.3;1.2;2.5;12.22;212;44;82;48;96844;0.1;0;0.4;0.38
2003;1;19;19;0.7;-2.6;-4.1;-2.4;-4;-5.2;-0.4;1.8;0.29;1.2;2.5;11.74;223;47;95;43;96426;0.13;0.02;0.4;0.38
2003;1;20;20;2.3;-2.1;-4.3;-1.9;-4.1;-5.7;-0.1;1.6;0.28;1.2;2.5;11.2;196;38;75;38;96143;0.1;0.02;0.39;0.38
2003;1;21;21;1.8;-2;-5.1;0.8;-3.5;-6.4;0;3.9;0.28;1.2;2.5;10.88;130;30;67;27;95133;0.24;0.35;0.39;0.38
2003;1;22;22;1.8;0.4;-2.4;0.9;-0.1;-3.1;0.1;1;0.28;1.1;2.5;11.11;50;10;40;12;95008;-0.01;5.23;0.4;0.38
2003;1;23;23;7;0.6;-3.8;2.2;-1.6;-4.6;1.3;-0.5;0.29;1.1;2.5;10.96;242;52;94;49;95976;0.12;0.32;0.4;0.38
2003;1;24;24;3.7;1.5;-0.1;0.9;-0.4;-1.7;1.3;-3;0.25;1.1;2.5;8.97;166;38;56;36;97299;0.28;0.67;0.4;0.38
2003;1;25;25;2.5;0.5;-0.7;-1;-1.4;-1.8;0.4;-2.3;0.23;1.1;2.5;7.98;174;43;57;46;97827;0.34;0.03;0.4;0.38
2003;1;26;26;3.1;0.2;-1.6;-1.3;-2.8;-4.3;0.7;-1.1;0.22;1.1;2.5;7.28;201;45;69;39;97429;0.24;0;0.4;0.38
2003;1;27;27;4.3;1.1;-2.2;2.4;-1.4;-4.4;1;0.2;0.21;1.1;2.5;6.78;249;38;79;31;96906;0.09;6.82;0.4;0.38
2003;1;28;28;9.1;4.5;0.5;5.5;0.9;-5.1;2.4;-1.2;0.19;1.1;2.5;4.81;210;43;95;52;95719;0.49;1.16;0.4;0.39
2003;1;29;29;4.6;0.6;-2.5;-3.5;-5;-6.4;1.3;1;0.17;1.1;2.5;3.68;274;61;95;62;94769;0.43;0.33;0.4;0.39
2003;1;30;30;3;-0.9;-3.5;-2.2;-4.4;-6.3;0.7;0.1;0.17;1.1;2.5;3.73;225;49;87;52;94556;0.3;0.95;0.4;0.39
2003;1;31;31;0.3;-1.4;-2.8;-2.4;-3.5;-5.2;0;-2.9;0.19;1.1;2.5;5.24;153;33;77;38;95169;0.2;2.8;0.4;0.39
2003;2;1;32;-2.6;-4.8;-10.5;-5.5;-8.6;-13.2;0.5;-3.9;0.22;1.1;2.5;6.65;303;71;104;77;96436;0.27;0.24;0.4;0.39
2003;2;2;33;-1.8;-5.6;-9.6;-9.7;-11.2;-13.1;0.3;0.4;0.21;1.1;2.5;6.4;329;76;123;74;96239;0.14;0.09;0.4;0.39
2003;2;3;34;3;-1.8;-5.6;-6.2;-8.6;-10.9;0.9;3.2;0.21;1.1;2.5;6.16;301;59;94;65;95061;0.36;0.09;0.4;0.39
2003;2;4;35;0.6;-1.1;-2.2;-1.8;-3.4;-5.8;0.5;-1.1;0.22;1.1;2.5;6.82;105;26;72;35;93892;0.12;2.55;0.4;0.39
2003;2;5;36;0;-1.7;-2.8;-5.9;-7.2;-8.6;2.5;-5.7;0.25;1.1;2.5;8.12;296;63;87;64;94308;0.66;0.1;0.4;0.39
2003;2;6;37;-0.6;-2.4;-3.9;-6.9;-8;-9;3;-5.3;0.24;1.1;2.5;7.79;237;55;91;62;95523;0.55;0.26;0.39;0.39
2003;2;7;38;-0.2;-2.8;-4.8;-5.1;-8.2;-9.6;2.2;-3.7;0.24;1.1;2.5;7.57;295;67;94;64;96656;0.41;0.73;0.39;0.39
2003;2;8;39;-1.2;-3.4;-7.8;-4.3;-6.3;-10.6;-0.1;-1.3;0.28;1.1;2.5;9.8;135;31;60;29;96884;0.15;2.46;0.39;0.39
2003;2;9;40;-1.5;-5.5;-10.7;-7;-9.1;-12.5;0.6;-2.2;0.29;1.1;2.5;10.25;249;59;76;51;96961;0.29;0;0.39;0.39
2003;2;10;41;0.9;-2.4;-5.5;-3.8;-5.9;-8.7;-0.1;-1;0.27;1.1;2.5;9.69;257;61;78;38;97020;0.24;0.06;0.39;0.39
2003;2;11;42;-2.3;-3.3;-4.4;-5.7;-6.7;-7.8;0;-3;0.27;1.1;2.5;9.55;129;31;36;23;97314;0.31;1.49;0.39;0.39
2003;2;12;43;-1.5;-4.1;-6.9;-6.3;-7.8;-9.6;-0.4;-1.7;0.29;1.1;2.5;10.69;272;66;83;55;97525;0.28;0.33;0.39;0.39
2003;2;13;44;-1.8;-4;-5.5;-8.3;-9.7;-11.1;-1;-0.4;0.28;1.1;2.5;10.17;334;81;109;62;97388;0.27;0;0.39;0.39
2003;2;14;45;-0.6;-3.5;-5.5;-7.2;-9.7;-11.1;-0.3;0;0.27;1.1;2.5;9.48;356;90;121;73;97201;0.24;0;0.39;0.39
2003;2;15;46;-2.3;-4.8;-9.2;-6.8;-10.2;-14.3;1;-3.6;0.26;1.1;2.5;9.08;280;67;75;51;97180;0.38;0.5;0.39;0.39
2003;2;16;47;-1.2;-4;-7.4;-6;-7;-9.3;-0.5;-2.5;0.28;1.1;2.5;10.1;246;68;84;57;97608;0.22;2.23;0.39;0.39
2003;2;17;48;-1.3;-5.8;-10.2;-7.1;-9.2;-12.9;-0.2;-1.9;0.3;1.1;2.5;11.39;306;70;83;51;97886;0.34;0.21;0.39;0.39
2003;2;18;49;-2.1;-5.5;-10.1;-8.1;-10.5;-13.1;1;-3.2;0.3;1.1;2.5;11.1;350;87;106;71;97214;0.44;0;0.38;0.39
2003;2;19;50;-0.9;-3.2;-5.7;-5.4;-6.8;-8.2;1.1;-3.1;0.29;1.1;2.5;10.78;181;50;79;44;96678;0.34;0.07;0.38;0.39
2003;2;20;51;1.7;-2.4;-6.3;-3.7;-5.6;-8.5;0.6;-1.9;0.28;1.1;2.5;10.44;315;79;96;55;96454;0.32;0;0.38;0.39
2003;2;21;52;2.9;-0.7;-3.4;-1.3;-3.3;-5.3;-0.4;0.3;0.26;1.1;2.5;9.15;316;79;86;42;97168;0.15;0.01;0.38;0.39
2003;2;22;53;2.3;-1.4;-5.8;-2.8;-5.1;-8.5;-0.9;1.5;0.24;1.1;2.5;7.92;327;74;79;50;97801;0.25;0.08;0.38;0.39
2003;2;23;54;3.4;-2;-5.8;-4.7;-6.3;-8.1;0;2;0.22;1.1;2.5;7.09;425;110;126;81;98013;0.29;0;0.38;0.39
2003;2;24;55;7;1.1;-2.8;-1.6;-5.8;-7.4;0.3;0.1;0.21;1.1;2.5;5.78;440;117;138;84;97749;0.17;0;0.38;0.39
2003;2;25;56;6.5;0.4;-4.8;-4.5;-6.2;-8.3;-0.2;2.4;0.18;1.1;2.5;4.49;451;121;128;88;97459;0.21;0;0.38;0.39
2003;2;26;57;5.9;0.3;-3.3;-3.3;-4.9;-6.6;-0.3;3.4;0.17;1.2;2.5;3.74;466;126;126;97;96896;0.24;0;0.38;0.39
2003;2;27;58;7.9;0.8;-3.5;-1.3;-3.2;-4.7;0.2;1.2;0.16;1.2;2.5;2.99;427;116;127;85;96570;0.25;0;0.38;0.39
2003;2;28;59;8.7;1.9;-3.4;1.3;-2.2;-4.8;0.9;0.3;0.15;1.2;2.5;2.07;408;109;104;69;97084;0.25;0.04;0.38;0.39
2003;3;1;60;11.4;4.4;-1.5;3;-1.1;-5.4;0.6;0.3;0.14;1.2;2.5;1.28;484;130;123;71;96923;0.6;0;0.38;0.39
2003;3;2;61;9.2;4.1;-1.3;3.1;0.2;-3.5;0.2;-0.1;0.13;1.2;2.5;0.76;474;123;111;61;96197;0.58;0.57;0.38;0.39
2003;3;3;62;5.6;3.3;0.5;2.7;1.5;0.3;0.6;-2.4;0.13;1.2;2.5;0.53;208;57;58;23;96222;0.69;4.24;0.38;0.39
2003;3;4;63;5.4;2.4;0.1;1.2;0.4;-0.9;0;-2.1;0.13;1.2;2.5;0.37;321;80;74;39;96924;0.45;0.21;0.38;0.39
2003;3;5;64;7.5;2.6;-0.7;1.1;-0.3;-2.1;-0.5;0.2;0.13;1.2;2.5;0.26;358;96;85;42;96961;0.54;0.09;0.38;0.39
2003;3;6;65;3.3;0.7;-1.1;0;-3.7;-5.7;-1.1;0.1;0.13;1.2;2.5;0.45;458;115;104;48;96651;0.77;0.49;0.38;0.39
2003;3;7;66;3.7;1.2;-0.9;0.7;-1.1;-3.1;-0.2;0.9;0.14;1.2;2.5;0.9;224;49;42;22;96863;0.27;1.2;0.38;0.39
2003;3;8;67;8.9;3.3;-1.7;1.8;-0.1;-2.3;0.8;-0.4;0.14;1.2;2.5;0.88;382;103;86;49;96974;0.73;0.03;0.38;0.39
2003;3;9;68;11.3;4.8;-1.6;3.1;0.5;-2.5;1.7;0;0.13;1.2;2.5;0.51;427;100;84;44;96980;0.72;0.45;0.38;0.39
2003;3;10;69;13.9;7.4;2.2;3.7;1.6;-0.6;1.5;-1.2;0.13;1.3;2.5;0.26;537;150;123;67;97122;1.45;0.96;0.38;0.39
2003;3;11;70;16.5;9.2;1.9;4.4;1.9;-1.2;1.2;1.5;0.13;1.3;2.5;0.11;470;132;113;64;96942;1.27;0;0.38;0.39
2003;3;12;71;17.3;9.7;5.2;6.1;2.6;0.4;2.6;-1.8;0.13;1.3;2.5;0.02;460;99;106;52;96349;1.18;0.37;0.38;0.39
2003;3;13;72;4.9;2.5;-0.3;1.2;-3.6;-7.5;1.3;-5.2;0.13;1.3;2.6;0.28;438;131;103;75;97034;1.37;1.99;0.38;0.39
2003;3;14;73;2.3;-0.1;-1.8;-2.2;-4.5;-6.6;1;-4.7;0.15;1.3;2.6;1.83;355;94;69;49;97350;0.86;5.15;0.37;0.39
2003;3;15;74;2.9;0.2;-2.4;-2.6;-3.4;-4.7;0.7;-3.9;0.2;1.3;2.6;5.1;389;94;77;50;98033;0.84;1.04;0.37;0.39
2003;3;16;75;2.9;1;-1;-2;-2.6;-4;0.7;-3.8;0.2;1.3;2.6;5.42;186;58;85;40;98271;0.51;0.37;0.37;0.39
2003;3;17;76;9.7;4.1;-1.5;-0.9;-2.7;-5.3;1.5;-2.5;0.19;1.3;2.6;4.23;537;156;118;87;97559;1.23;0.01;0.37;0.39
2003;3;18;77;6.4;3.5;0.4;-1.2;-2;-2.7;1.1;-4;0.17;1.4;2.6;2.88;424;122;82;63;97413;0.98;0.01;0.37;0.39
2003;3;19;78;10.6;6.2;2.2;0.2;-1;-2.5;2;-2.9;0.15;1.4;2.6;1.87;428;124;94;66;96953;1.23;0;0.37;0.39
2003;3;20;79;10.2;5.1;2;-0.5;-1.5;-2.7;0.9;-4;0.15;1.4;2.6;1.05;515;155;116;74;96743;1.34;0;0.37;0.39
2003;3;21;80;2.9;0.1;-3.6;-2.3;-7.9;-11.1;-0.4;-3.5;0.14;1.4;2.6;0.93;597;169;133;83;97308;1.27;0.24;0.37;0.39
2003;3;22;81;2.7;-1.6;-4.8;-6.2;-9;-11.3;-0.3;-0.5;0.14;1.4;2.6;0.85;604;183;136;102;97597;0.97;0;0.37;0.39
2003;3;23;82;7;1.1;-3.5;-3.8;-7;-8.6;0.5;-0.5;0.14;1.5;2.6;0.64;601;183;133;94;97605;0.92;0;0.37;0.39
2003;3;24;83;14.4;5.8;-2.8;2.5;-3.6;-7.2;0.8;0;0.14;1.5;2.6;0.4;605;184;135;88;97364;1.43;0;0.37;0.39
2003;3;25;84;16;7.9;-0.5;3.3;-1.2;-4.7;1.3;-0.6;0.14;1.5;2.6;0.21;617;188;138;87;96928;1.77;0;0.36;0.39
2003;3;26;85;15;9.5;1.9;6.5;2.8;-1.4;0;-0.6;0.14;1.5;2.6;0.09;600;173;119;74;96733;1.55;0.11;0.36;0.39
2003;3;27;86;16.8;10.1;2.4;3.9;1.2;-0.8;0;2.3;0.14;1.5;2.6;0.02;620;191;136;88;96693;2.03;0;0.36;0.39
2003;3;28;87;17.2;10.4;2.9;6.4;2.9;-0.2;0.3;0.5;0.14;1.6;2.6;0;593;186;123;82;96255;1.83;0.05;0.36;0.39
2003;3;29;88;16.5;10.1;3;6.9;3.7;0.7;0.5;-1;0.14;1.6;2.6;0;587;178;118;76;96131;1.82;0.37;0.35;0.39
2003;3;30;89;15.9;9.7;3.2;9.6;6.6;2.1;0.9;0.2;0.14;1.6;2.6;0;480;131;91;53;96085;1.65;4.45;0.35;0.39
2003;3;31;90;12.3;8.4;4.2;7.8;1.7;-5.1;0.9;-3.2;0.14;1.6;2.6;0;493;159;112;74;96424;1.85;0.31;0.36;0.39
2003;4;1;91;11.5;6.5;-0.3;-1.7;-3.2;-4.3;0.7;2;0.14;1.6;2.6;0;646;203;137;103;96758;1.97;0;0.35;0.39
2003;4;2;92;13.4;6.3;2.5;5.3;0.7;-3.9;1.6;0.3;0.14;1.7;2.6;0;560;135;102;61;95115;1.87;7.8;0.35;0.39
2003;4;3;93;8.6;5.2;2.5;1.6;0.3;-1;1.5;-3.2;0.14;1.7;2.6;0;325;85;64;38;95808;1.5;0.96;0.36;0.39
2003;4;4;94;7.6;4.4;1.8;-0.5;-1.7;-2.9;0.9;-3.7;0.14;1.7;2.6;0.08;527;156;112;67;96733;1.81;1.16;0.36;0.39
2003;4;5;95;8.8;4.5;-0.4;0.7;-1.6;-4;3.4;-4.2;0.14;1.7;2.6;0.15;518;146;91;62;95903;1.82;3.5;0.35;0.39
2003;4;6;96;3;-0.5;-3.2;-5.1;-9.3;-13.5;2.1;-5.1;0.16;1.7;2.6;1.87;615;189;107;90;95973;1.81;1.58;0.35;0.39
2003;4;7;97;0.1;-2.1;-4.7;-7.4;-9.7;-12.4;1.7;-5.3;0.19;1.8;2.6;3.51;440;149;92;69;96060;1.16;2.7;0.35;0.39
2003;4;8;98;2.6;-0.6;-2.8;-7.3;-8.9;-10.2;2.2;-4.1;0.21;1.8;2.6;5;466;149;104;63;96432;1.45;0.45;0.35;0.39
2003;4;9;99;3.7;0.4;-2.2;-3;-5.6;-8.3;-0.2;1;0.21;1.8;2.6;4.82;449;135;78;52;96025;1.05;0.84;0.35;0.38
2003;4;10;100;8.6;3.8;-2.4;2.5;-0.5;-4.9;0.9;3.2;0.2;1.8;2.6;3.7;468;133;86;45;95241;1.21;1.91;0.35;0.38
2003;4;11;101;7.2;3.3;-0.3;1.5;-1.5;-2.7;1.2;0.1;0.18;1.8;2.6;2.36;256;82;92;52;95892;1.1;0.67;0.35;0.38
2003;4;12;102;7.4;3.8;-1.2;4.6;1.8;-2.4;-0.2;1.2;0.17;1.9;2.6;1.66;261;73;62;24;96442;0.62;1.25;0.35;0.38
2003;4;13;103;12.6;7.8;2.8;3.7;1.3;-0.2;0.8;-3;0.16;1.9;2.6;0.82;655;208;112;78;96909;2.29;0;0.35;0.38
2003;4;14;104;13.9;8.3;1.6;7;2.8;-0.5;-0.5;0.1;0.15;1.9;2.6;0.31;584;166;99;66;97130;1.7;0.01;0.35;0.38
2003;4;15;105;15.3;9.9;2.9;6.3;3.8;1.2;0.1;-0.4;0.15;1.9;2.6;0.1;586;167;103;63;97268;1.89;0.02;0.35;0.38
2003;4;16;106;15.7;10.2;4.4;4.7;3.3;1.8;-0.3;-1.3;0.15;2;2.6;0.02;677;216;128;87;97270;2.39;0;0.35;0.38
2003;4;17;107;14.2;9.5;3.4;4.2;2.1;0.4;-0.3;-1.9;0.15;2;2.6;0;626;205;114;84;97297;2.33;0.3;0.34;0.38
2003;4;18;108;13.7;8.9;4.9;4.3;2.3;0.3;0.8;-3.4;0.15;2;2.6;0;671;207;113;80;96610;2.6;2.44;0.34;0.38
2003;4;19;109;13.2;8.3;2.7;4.6;2.5;1.4;-0.7;0.7;0.15;2.1;2.7;0;629;188;104;73;96392;2.3;0.76;0.34;0.38
2003;4;20;110;15.2;10.6;5.4;3.9;2.8;2.1;-1.2;3.1;0.15;2.1;2.7;0;653;192;110;76;96478;2.36;0;0.34;0.38
2003;4;21;111;15.4;10.9;4.6;3;1.3;-1.6;-1.2;1.4;0.15;2.1;2.7;0;598;209;123;86;96315;2.56;0;0.34;0.38
2003;4;22;112;16.9;11;4.1;4.4;0.2;-1.9;0.2;-0.9;0.15;2.2;2.7;0;699;219;138;87;96058;2.77;0;0.34;0.38
2003;4;23;113;16.7;10.3;5;7.5;4.2;0.1;1.9;-1.4;0.15;2.2;2.7;0;534;152;87;64;95827;2.24;4.38;0.33;0.38
2003;4;24;114;14.7;10.3;5.3;4.7;2.9;1.6;1.3;-3.4;0.16;2.2;2.7;0;623;208;106;82;96348;2.77;0.31;0.33;0.38
2003;4;25;115;16.9;11.6;4.7;5.5;3.7;2.1;-0.1;-0.4;0.16;2.3;2.7;0;631;221;123;88;96714;2.69;0.02;0.33;0.38
2003;4;26;116;21.2;15;7.7;7.1;5.4;2.4;0.6;3.3;0.16;2.3;2.7;0;682;231;117;81;96076;3.25;0.01;0.33;0.38
2003;4;27;117;16.6;12.8;7.9;9.2;7.4;5;2.2;-0.6;0.16;2.3;2.7;0;544;140;100;53;96038;2.68;3.84;0.33;0.38
2003;4;28;118;20.4;14;5.7;8.3;6.3;3.8;1.1;2.2;0.16;2.4;2.7;0;608;210;109;80;96167;2.99;0.16;0.33;0.38
2003;4;29;119;24;17;8.5;13.3;9;6.3;0.6;1.2;0.16;2.4;2.7;0;695;233;128;88;96189;3.26;0;0.32;0.38
2003;4;30;120;24.5;18.3;10.9;12.6;10;7.6;1.6;3.6;0.16;2.4;2.7;0;673;213;107;74;96282;3.32;0;0.32;0.38
2003;5;1;121;17.7;15;12.6;9;7.6;5.5;1;0;0.16;2.5;2.7;0;374;105;81;48;96847;1.83;0.23;0.32;0.38
2003;5;2;122;24.2;17.6;9.5;11.4;9.4;7.1;0.6;1.2;0.16;2.5;2.7;0;651;215;109;69;96434;3.17;0.01;0.32;0.38
2003;5;3;123;15.8;12.8;6.3;12;7.3;2.8;2;-1.5;0.16;2.6;2.7;0;437;115;105;54;96707;1.88;1.5;0.31;0.38
2003;5;4;124;20.3;13.7;4.8;7.4;4.4;2.4;0.7;2.4;0.16;2.6;2.7;0;712;247;127;96;97247;3.34;0;0.31;0.38
2003;5;5;125;23.6;17.2;9.8;8.2;6.3;4.1;-0.2;3.3;0.16;2.6;2.7;0;723;253;130;100;96801;3.7;0;0.31;0.38
2003;5;6;126;27.6;20.4;12.4;10.6;7.8;6.2;0.5;3.3;0.16;2.7;2.7;0;717;251;131;100;96537;4;0;0.31;0.38
2003;5;7;127;26.4;20.4;13;14.9;11.9;6.4;0.3;-0.7;0.16;2.7;2.7;0;710;247;127;95;96690;3.48;0;0.3;0.38
2003;5;8;128;27.4;21;13.4;16.1;14.1;11.9;0;0.1;0.16;2.7;2.7;0;699;233;116;79;96484;3.27;0;0.3;0.38
2003;5;9;129;25.7;19.8;15.2;16;13.2;11.6;1.1;-1.1;0.16;2.8;2.7;0;615;206;98;70;96278;3.21;3.48;0.3;0.38
2003;5;10;130;21.2;17.5;13.5;14;12.3;10.6;0.5;-0.6;0.16;2.8;2.7;0;541;165;83;56;96674;2.68;3.15;0.3;0.38
2003;5;11;131;20.8;17;13.7;14.7;13.5;11.8;-0.1;-0.4;0.17;2.8;2.8;0;477;153;73;49;96655;2.77;8.21;0.3;0.38
2003;5;12;132;23.3;17.4;12;14.3;13;11;0.7;-0.3;0.17;2.9;2.8;0;666;203;102;63;96498;3.22;2.08;0.3;0.38
2003;5;13;133;24;17.3;10.6;14.1;11.4;6.9;1.5;0.5;0.17;2.9;2.8;0;673;210;106;64;96039;3.9;2.95;0.3;0.38
2003;5;14;134;11.5;9.7;7.6;5.9;3.3;1.4;1.9;-3.2;0.17;2.9;2.8;0;243;70;46;28;96562;2.38;2.21;0.3;0.37
2003;5;15;135;13.8;10;6.8;2.7;2.1;1.1;1.9;-3.2;0.17;3;2.8;0;683;231;113;82;96760;2.99;0.37;0.3;0.37
2003;5;16;136;16;10.7;4;3.2;1.2;-0.9;-0.3;0.4;0.17;3;2.8;0;634;233;116;93;96698;3.09;0.02;0.3;0.37
2003;5;17;137;19.1;13.5;6.6;5.1;3.3;0.2;0.2;2.9;0.17;3;2.8;0;731;254;124;90;96453;3.48;0;0.3;0.37
2003;5;18;138;20.1;14.5;7.8;13.3;9.3;3.9;0.8;-0.1;0.17;3;2.8;0;713;217;113;72;96496;2.92;5.49;0.29;0.37
2003;5;19;139;24;18.3;10.6;12.2;10.2;8.1;0.7;2.3;0.17;3;2.8;0;555;191;100;68;96335;3.32;0.02;0.3;0.37
2003;5;20;140;16.8;12.9;9.8;10.3;8.5;6.9;1.9;-2;0.17;3;2.8;0;238;59;65;30;96376;2.46;9.57;0.3;0.37
2003;5;21;141;13.5;11.3;9.7;7;5.9;4.4;2.2;-4.3;0.17;3;2.8;0;431;130;57;38;96594;2.92;2.25;0.3;0.37
2003;5;22;142;15.3;12.2;8.9;6.5;5.4;4.5;1.9;-5.3;0.17;3;2.8;0;549;166;87;52;96854;2.95;0.86;0.3;0.37
2003;5;23;143;18.9;14.9;10.3;11.1;7.6;4.7;0.8;-2.2;0.17;3;2.8;0;622;212;100;76;96712;3.11;0.02;0.3;0.37
2003;5;24;144;23.1;17.4;9.3;10.6;9.2;7.4;-0.1;2.5;0.17;3;2.8;0;661;234;98;75;96197;3.66;0;0.29;0.37
2003;5;25;145;24.3;19.6;13.1;15.7;12.1;10.3;-0.1;1.9;0.17;3;2.8;0;687;232;104;75;96011;3.53;0.17;0.29;0.37
2003;5;26;146;23.1;18.4;13.2;16.6;14.5;11.4;1.3;-2.1;0.17;3;2.8;0;604;174;87;54;96339;2.97;12.96;0.29;0.37
2003;5;27;147;23.2;19;15.3;15.7;14.8;13.8;0.8;-3.6;0.17;3;2.8;0;650;214;92;59;96615;3.68;0.59;0.3;0.37
2003;5;28;148;23.5;19.2;14.9;15;14.3;13.1;1;-3.9;0.17;3;2.8;0;695;221;92;64;96567;3.46;0.05;0.3;0.37
2003;5;29;149;23.9;19.3;14.9;15.1;13.7;11.9;0.5;-2.8;0.17;3;2.8;0;695;240;98;71;96418;3.78;0.68;0.29;0.37
2003;5;30;150;23.1;19;13.8;14.3;12.3;11.1;-0.7;0.2;0.17;3;2.8;0;620;214;98;66;96373;3.49;0.41;0.29;0.37
2003;5;31;151;25.1;19.6;14.4;16.1;14;11.5;0.6;1;0.17;3;2.8;0;595;219;100;64;96140;3.61;4.21;0.29;0.37
2003;6;1;152;22.4;17.8;14.7;15.3;14.3;12.8;1;-1.6;0.17;3;2.8;0;578;171;76;51;96086;3.22;6.09;0.29;0.37
2003;6;2;153;22;17.9;13.5;15.5;14.1;12;0.2;-0.7;0.17;3;2.8;0;490;180;86;52;96154;3.22;4.44;0.29;0.37
2003;6;3;154;24;19.1;13.2;17.5;15.8;12.5;-0.2;0.5;0.17;3;2.8;0;622;218;93;64;96408;3.46;2.44;0.29;0.37
2003;6;4;155;26;21;14.2;17;14.4;13.1;-0.1;2.1;0.17;3;2.8;0;630;242;98;72;96657;4.12;0.11;0.29;0.37
2003;6;5;156;28.7;22.9;17;18.2;15.5;12.7;0.6;2.1;0.17;3;2.8;0;687;246;107;80;96682;4.25;0.3;0.29;0.37
2003;6;6;157;27.8;22.2;16.2;18.5;16.5;14.1;1;-0.9;0.17;3;2.8;0;651;236;96;66;96643;4.03;7.75;0.29;0.37
2003;6;7;158;24.9;21.7;18.1;19.2;17.7;16.7;0.5;-1.8;0.17;3;2.8;0;565;198;74;55;96697;3.64;1.74;0.29;0.37
2003;6;8;159;28.4;23.3;16.2;18.7;16.6;15.1;0.1;1.8;0.17;3;2.8;0;636;240;89;68;96445;4.33;0.53;0.29;0.37
2003;6;9;160;26.2;22.3;18.3;16.8;16.1;15;1.2;-1.7;0.17;3;2.8;0;681;214;92;63;96644;3.85;1.13;0.28;0.37
2003;6;10;161;28.2;23.2;16.2;17.9;16.6;15.3;0;1.1;0.17;3;2.8;0;584;227;93;67;96742;3.86;0.17;0.28;0.36
2003;6;11;162;31;25.2;18.5;19.6;16.2;13.2;1;-0.4;0.17;3;2.8;0;668;226;103;72;96692;4.02;0.11;0.28;0.36
2003;6;12;163;30.2;25.1;19;18.1;16.5;15.3;-0.2;0.3;0.17;3;2.8;0;694;252;101;73;96821;4.32;0.03;0.27;0.36
2003;6;13;164;30;24.4;20.1;19.6;17;15.2;0.8;-1;0.17;3;2.8;0;680;212;99;64;96707;3.69;0.74;0.27;0.36
2003;6;14;165;24.8;21.9;18.6;17.6;16.1;15;-0.2;-1.4;0.17;3;2.8;0;550;198;81;60;96788;3.13;0.33;0.27;0.36
2003;6;15;166;21.8;19.1;16.5;17.7;15.6;14.5;0.3;-1.4;0.17;3;2.8;0;473;136;68;40;96460;3.06;14.2;0.28;0.36
2003;6;16;167;22.2;18.5;14.7;16;13.9;11.8;0.4;-1.2;0.17;3;2.8;0;519;196;97;62;96201;3.45;9.61;0.29;0.36
2003;6;17;168;22.7;19.3;14.2;14.3;12.8;11.6;-0.7;0.3;0.17;3;2.8;0;597;203;95;62;96284;3.5;0.81;0.28;0.36
2003;6;18;169;21;18.2;15.2;16.9;14.6;12;0.6;0.2;0.17;3;2.8;0;291;103;62;48;96327;2.11;18.26;0.29;0.36
2003;6;19;170;21.9;18.6;15.4;13.5;12.4;11.9;2.1;-3.8;0.17;3;2.8;0;561;206;77;61;96665;4.17;1.51;0.3;0.36
2003;6;20;171;23.8;19.5;15.4;14;13.1;12.1;2.5;-1.4;0.17;3;2.8;0;556;200;80;62;96366;3.58;0.42;0.29;0.36
2003;6;21;172;20.7;16.9;13.4;11.2;8.8;6;1.2;-2.2;0.17;3;2.8;0;506;168;102;67;96404;3.28;0.34;0.29;0.36
2003;6;22;173;24;18.2;12.1;13.5;10.4;7.7;-0.3;-0.6;0.17;3;2.8;0;685;240;106;78;96372;3.83;0;0.29;0.36
2003;6;23;174;28.6;22.3;14.3;18.5;15.5;11.1;0.1;1.5;0.17;3;2.8;0;724;266;110;76;96183;4.22;0.02;0.29;0.36
2003;6;24;175;27.8;23.4;18.3;18.3;17;15.1;1.3;-0.5;0.16;3;2.8;0;666;214;95;70;96371;3.99;4.97;0.28;0.36
2003;6;25;176;27.1;22.4;17.2;16.8;13.1;8.5;1.2;-2.4;0.16;2.9;2.8;0;588;234;111;78;96455;4.53;0.15;0.28;0.36
2003;6;26;177;23.4;18.9;13.9;12.5;10.3;8.1;-0.6;-1.7;0.16;2.9;2.8;0;686;240;109;79;96412;3.89;0.01;0.28;0.36
2003;6;27;178;21.6;18.3;14.9;12.6;11.3;10;0;-1.4;0.16;2.9;2.8;0;626;202;97;65;96308;3.19;0.46;0.28;0.36
2003;6;28;179;23.8;19.6;14;14.5;11;8.6;-0.1;-0.3;0.16;2.9;2.8;0;678;230;108;74;96287;3.59;0.08;0.27;0.36
2003;6;29;180;23.7;19.7;15.4;16.6;14.4;11.6;0.1;2.2;0.16;2.9;2.8;0;557;193;83;57;95998;3.21;4.4;0.27;0.36
2003;6;30;181;28.9;23.2;15.8;16.7;15.2;13.9;0.6;2.3;0.16;2.9;2.8;0;720;251;110;80;95607;4.09;0.01;0.27;0.36
2003;7;1;182;30.2;22.3;15.7;17.3;14.8;10.9;1.5;-0.9;0.16;2.9;2.8;0;718;245;101;70;95064;4.36;2.89;0.27;0.36
2003;7;2;183;23.1;18.8;14.4;11.5;10.1;8;1.3;0.2;0.16;2.9;2.8;0;457;181;109;58;95603;3.65;0.98;0.27;0.36
2003;7;3;184;22.9;17.8;14.3;15.7;13.1;11.2;0.6;-0.6;0.16;2.9;2.8;0;585;180;95;52;95861;3.19;18.12;0.27;0.36
2003;7;4;185;19.2;16.3;12.7;12.3;11.2;9;1.2;-0.8;0.16;2.9;2.7;0;387;126;68;51;96092;2.42;1.81;0.28;0.36
2003;7;5;186;20.9;17.3;14.1;10.3;9.5;8.7;2.7;-2.7;0.16;2.9;2.7;0;654;228;101;73;96117;3.64;0.07;0.28;0.36
2003;7;6;187;21.9;17.8;14.9;13.2;11.2;9.7;1.7;-2.2;0.16;2.8;2.7;0;551;195;92;60;96461;3.32;1.54;0.28;0.35
2003;7;7;188;22.1;17.7;13.7;10.8;9.4;8;0.8;-3.3;0.16;2.8;2.7;0;598;226;101;73;96808;3.54;0;0.27;0.35
2003;7;8;189;21.5;17.6;13.5;9.1;8.3;7.7;1.1;-3.2;0.16;2.8;2.7;0;527;194;100;69;96685;3.22;0;0.27;0.35
2003;7;9;190;22.6;18.2;13.6;13.8;10.9;7.8;1.4;-2.2;0.16;2.8;2.7;0;545;192;87;64;96452;3.11;2.11;0.27;0.35
2003;7;10;191;21.7;18.1;14.5;13.2;11.8;10.4;1.4;-2;0.16;2.8;2.7;0;548;183;80;63;96463;2.88;0.64;0.27;0.35
2003;7;11;192;22.9;18.3;13.6;12.7;9.8;7.6;0.5;-1.9;0.16;2.8;2.7;0;682;236;105;78;96602;3.51;0;0.27;0.35
2003;7;12;193;24.5;19.4;14.2;17.4;14.1;9.6;0.8;-0.6;0.16;2.8;2.7;0;515;171;83;54;96539;2.71;4.85;0.26;0.35
2003;7;13;194;20.5;17.4;14.2;14.2;9.9;7.6;0.5;-3.1;0.16;2.8;2.7;0;605;193;99;62;96558;3.22;0.2;0.27;0.35
2003;7;14;195;21.6;17.3;12.3;10.9;9.2;8;0.2;-2.2;0.16;2.8;2.7;0;624;217;101;79;96556;3.05;0.03;0.26;0.35
2003;7;15;196;24.8;19.8;12.5;13.4;11.2;9.1;-0.1;0.5;0.16;2.8;2.7;0;676;217;111;76;96276;3.05;0.03;0.26;0.35
2003;7;16;197;28.9;22.8;14.9;16.3;14.4;11.6;-0.4;1.8;0.16;2.8;2.7;0;720;254;110;74;96093;3.63;0.01;0.26;0.35
2003;7;17;198;28.2;23;17.7;18.2;16.7;14.7;0.3;-1.6;0.16;2.8;2.7;0;609;204;87;50;96291;3.61;12.46;0.26;0.35
2003;7;18;199;23.6;20;16.3;14;12;10.5;1.9;-4.4;0.16;2.8;2.7;0;646;214;92;64;96797;4.42;2.68;0.27;0.35
2003;7;19;200;25;21;16.8;13.6;12.4;11.3;0.3;-3.3;0.16;2.7;2.7;0;695;240;101;81;96945;3.79;0;0.26;0.35
2003;7;20;201;27.4;22;15.4;16.9;14.2;12.5;-0.3;-0.4;0.16;2.7;2.7;0;698;253;116;84;96703;3.74;0;0.26;0.35
2003;7;21;202;30.9;24.5;17.2;18.6;16.4;14.2;0.1;1.5;0.16;2.7;2.7;0;690;251;110;74;96545;3.83;0.16;0.26;0.35
2003;7;22;203;30.4;24.4;18.9;18.2;16.6;14.3;0.6;-0.4;0.16;2.7;2.7;0;699;220;106;68;96635;3.52;0.8;0.25;0.35
2003;7;23;204;24.8;21.1;17.3;17.2;15.5;14;0.7;-1.2;0.16;2.7;2.7;0;553;155;77;58;96587;2.86;2.99;0.25;0.35
2003;7;24;205;27.8;22.5;15.3;15.9;13.5;11.5;0.1;0.6;0.16;2.7;2.7;0;695;249;126;82;96304;3.66;0.88;0.25;0.35
2003;7;25;206;23.3;20;16.2;16.2;13.1;11.5;1.6;-1.7;0.16;2.7;2.7;0;542;155;76;50;96242;3.02;2.39;0.25;0.35
2003;7;26;207;27.8;21.7;14.3;16;13.8;12;0;0.3;0.16;2.7;2.7;0;644;221;105;74;96348;3.1;0;0.25;0.35
2003;7;27;208;31.3;25.4;18.8;17.1;14.5;13.1;0.1;3.2;0.16;2.7;2.7;0;701;251;115;79;96291;3.73;0;0.25;0.35
2003;7;28;209;27.5;22.7;18.5;16.2;15.1;14.2;1;-2;0.16;2.7;2.7;0;620;194;96;58;96549;3.61;5.24;0.25;0.35
2003;7;29;210;22.6;18.9;16.2;16.1;13.2;10.6;1.8;-4;0.16;2.7;2.7;0;673;167;94;52;96792;3.05;1.91;0.25;0.35
2003;7;30;211;19.1;17.6;16.3;14;12.4;11;1.6;-3.7;0.16;2.7;2.7;0;330;89;67;40;96507;2.02;2.13;0.25;0.35
2003;7;31;212;20.5;17.9;16.5;16.8;15.2;13.6;1.3;-3.2;0.16;2.7;2.7;0;321;97;44;31;96119;2.1;11.26;0.25;0.35
2003;8;1;213;25.3;20.8;16.2;17.1;16.3;15.5;1.2;-3.3;0.16;2.7;2.7;0;599;198;94;53;96413;3.15;0.56;0.26;0.35
2003;8;2;214;27.2;23.1;18.7;17.3;16;14.3;0.4;-1.7;0.16;2.7;2.7;0;671;219;96;68;96766;3.3;0.04;0.25;0.34
2003;8;3;215;29.4;24.6;17.4;18.4;16.1;14.9;0.2;-0.6;0.16;2.7;2.7;0;634;219;104;68;96957;3.29;0.02;0.25;0.34
2003;8;4;216;30.7;25.6;19;18.8;17.4;16.5;0.1;-0.8;0.16;2.6;2.7;0;658;217;99;63;97040;3.31;0.38;0.25;0.34
2003;8;5;217;29.8;25.3;20.3;19.2;16.8;15.4;0;-2;0.16;2.6;2.7;0;611;217;99;65;97060;3.25;0.07;0.25;0.34
2003;8;6;218;28.5;23.9;19.4;16;14.4;11.4;-0.3;-1.8;0.16;2.6;2.7;0;645;205;104;68;96985;3.01;0.11;0.24;0.34
2003;8;7;219;27.1;22.5;17.2;12.8;11.4;10.2;-0.1;-1.4;0.16;2.6;2.7;0;692;242;129;89;96957;3.13;0;0.24;0.34
2003;8;8;220;29.2;23.8;16.2;14;12.6;10.5;0.2;-0.7;0.16;2.6;2.7;0;659;219;118;81;96758;2.88;0;0.24;0.34
2003;8;9;221;28.8;23.8;18.2;14.3;12;10;0.3;-2.2;0.16;2.6;2.7;0;655;231;125;85;96672;2.92;0;0.24;0.34
2003;8;10;222;30.5;24.6;17.3;15.7;12.3;10.3;0.3;-1.1;0.16;2.6;2.7;0;689;238;136;88;96473;2.93;0.07;0.23;0.34
2003;8;11;223;26.5;22;18;10.6;8.6;5.8;-0.5;-2.5;0.16;2.6;2.7;0;689;240;129;97;96790;2.69;0;0.23;0.34
2003;8;12;224;29;22.8;14.9;13.3;10.6;6.5;-0.3;0.5;0.16;2.6;2.7;0;684;230;133;90;97069;2.61;0;0.23;0.34
2003;8;13;225;33.1;26.5;18.6;17.2;13.5;10.7;1.3;-0.1;0.16;2.6;2.7;0;642;205;118;77;96681;2.68;0.86;0.23;0.34
2003;8;14;226;32.3;25.2;20.3;19.1;15.9;13.4;1.2;0;0.16;2.6;2.7;0;642;180;122;68;96288;2.56;5.62;0.23;0.34
2003;8;15;227;24;21.1;17.8;18.2;16.3;14.5;1;-0.8;0.16;2.6;2.7;0;458;154;83;57;96218;2.74;6.17;0.24;0.34
2003;8;16;228;24.9;20.6;17.5;18.1;16;14.6;0.3;0.4;0.16;2.6;2.7;0;536;170;85;54;96513;2.64;4.67;0.24;0.34
2003;8;17;229;27.6;22.5;16.5;19.5;17.4;15.4;0.1;0.7;0.15;2.6;2.7;0;643;202;102;62;96580;3.07;4.17;0.24;0.34
2003;8;18;230;30.9;24.3;17.5;18.7;17.3;15;0.6;0.3;0.15;2.6;2.7;0;644;211;106;68;96447;3.34;0.71;0.24;0.34
2003;8;19;231;25.7;22.3;18;15.1;13.5;12.2;1.8;-1.6;0.15;2.6;2.7;0;559;178;91;69;96682;2.81;0.37;0.24;0.34
2003;8;20;232;26.2;21.6;16;16.6;13.5;11.3;0.4;-0.2;0.15;2.6;2.7;0;574;190;112;75;96676;2.5;0.03;0.23;0.34
2003;8;21;233;25.8;21.4;16.6;17.6;15.7;14.2;0.6;0.4;0.15;2.6;2.7;0;524;166;98;63;96476;2.28;1.2;0.23;0.34
2003;8;22;234;28.6;23.1;16.8;17.8;16;14.7;1;-0.3;0.15;2.6;2.7;0;608;191;109;68;96479;2.72;2.92;0.23;0.34
2003;8;23;235;29.1;23.8;18.7;18.4;14.3;12.3;1.3;-1;0.15;2.5;2.7;0;631;183;103;72;96493;2.66;0.04;0.23;0.34
2003;8;24;236;26.4;21.8;17;13.9;11.6;9.6;0.6;-2.3;0.15;2.5;2.7;0;552;170;92;69;96365;2.3;0;0.23;0.34
2003;8;25;237;23.2;19.2;15.5;10.7;9.1;7.4;0.1;-2.4;0.15;2.5;2.7;0;599;192;116;82;96257;2.23;0;0.23;0.34
2003;8;26;238;24.4;19.6;14.3;12.2;10.2;7.9;0.7;-0.1;0.15;2.5;2.7;0;491;161;95;72;96061;1.98;0.24;0.23;0.34
2003;8;27;239;29;22.4;15.4;13.2;9.7;7.3;1.9;-0.7;0.15;2.5;2.7;0;607;195;119;83;95772;2.4;0;0.23;0.34
2003;8;28;240;26.4;21;14.8;12.8;10.1;6.9;-0.2;1.1;0.15;2.5;2.7;0;587;184;112;79;95922;2.08;0;0.22;0.34
2003;8;29;241;28.9;23.8;17.6;17.2;15.1;12.2;2;3.5;0.15;2.5;2.7;0;606;145;99;62;95368;2.19;4.03;0.22;0.34
2003;8;30;242;24.6;20.1;16.1;16;12.2;10.1;0.7;0.1;0.15;2.5;2.7;0;441;152;97;57;95904;2.23;9.77;0.23;0.33
2003;8;31;243;16.3;14.1;11.6;14.7;10.9;7;1.4;-2.1;0.15;2.5;2.7;0;155;48;82;37;96217;2.27;12.45;0.24;0.33
2003;9;1;244;18.3;14.1;10.5;10.5;7.1;4.9;1;-0.8;0.15;2.5;2.7;0;497;157;96;76;96439;2.15;0.51;0.24;0.33
2003;9;2;245;15.4;12.6;10.1;8.3;5.9;3.9;1.9;-2.8;0.15;2.5;2.7;0;593;184;115;81;96750;2.2;0.54;0.24;0.33
2003;9;3;246;15.4;11.5;8.1;5.5;2.6;-0.9;0.8;-2.8;0.15;2.5;2.7;0;580;177;114;89;97431;2;0.1;0.24;0.33
2003;9;4;247;18.1;13.4;7.3;8.3;5.1;1.2;1.3;-1.3;0.15;2.5;2.7;0;540;131;97;58;97530;1.67;0.01;0.24;0.33
2003;9;5;248;18.5;14.2;8.8;9;7.8;6.5;-0.2;-0.6;0.15;2.5;2.7;0;507;153;105;71;97240;1.64;0;0.24;0.33
2003;9;6;249;19.6;15.2;10.6;10.3;9;7.3;-0.3;1.6;0.15;2.5;2.7;0;553;115;89;52;96884;1.36;0.08;0.24;0.33
2003;9;7;250;21.4;16.9;13.5;10.1;7.9;6.1;-0.8;2.6;0.15;2.5;2.7;0;506;161;103;63;96675;1.97;0;0.24;0.33
2003;9;8;251;21.2;16.7;11.8;11.2;7.9;4.8;-0.4;1.9;0.15;2.5;2.7;0;560;150;99;65;95928;1.79;0.02;0.23;0.33
2003;9;9;252;18.4;15.3;13;14.3;11.6;9;0.2;-1.1;0.15;2.5;2.7;0;318;77;54;33;95625;1.34;10.34;0.23;0.33
2003;9;10;253;16.2;14.3;13.3;12.9;11.6;9;1.5;-2.7;0.15;2.5;2.7;0;271;60;59;31;95985;1.99;10.7;0.25;0.33
2003;9;11;254;19.1;13.9;11.4;10.4;7.4;4.4;2.1;-1.9;0.15;2.5;2.7;0;452;108;89;57;96107;1.91;2.14;0.25;0.33
2003;9;12;255;15.3;12.9;10.7;8.1;6.6;4.9;1.7;-4.2;0.15;2.5;2.7;0;384;95;72;45;96662;1.71;1.28;0.25;0.33
2003;9;13;256;14.6;12.4;11;11.9;10.3;8.3;1.4;-4.3;0.15;2.5;2.7;0;253;56;36;17;97066;2.44;13.98;0.25;0.33
2003;9;14;257;16.5;12.9;9;9.9;7.2;6;0.6;-3.6;0.15;2.5;2.7;0;545;148;91;64;97492;2.22;0.01;0.26;0.33
2003;9;15;258;17.8;13.2;9;8.7;7.4;6.3;0.5;-1.4;0.15;2.5;2.7;0;578;175;117;84;97482;2.11;0;0.26;0.33
2003;9;16;259;19.9;13.8;7;11.2;8.2;5.6;0.6;0.1;0.15;2.4;2.7;0;586;172;126;82;97174;2.05;0;0.26;0.33
2003;9;17;260;21.8;15.5;8.7;12.2;9.7;6.7;1.2;-1;0.15;2.4;2.7;0;575;180;116;79;97105;2.17;0;0.26;0.33
2003;9;18;261;22.5;16.7;10.8;12.6;11.1;8.5;0.2;0.3;0.14;2.4;2.7;0;568;172;118;79;97123;2.12;0;0.26;0.33
2003;9;19;262;24.8;18.4;12.3;14.6;12.8;10;0.4;2;0.14;2.4;2.7;0;569;172;117;83;97110;2.12;0;0.25;0.33
2003;9;20;263;25.1;19.2;13.5;15.1;12.8;11.3;0.4;2.4;0.14;2.3;2.7;0;567;171;119;89;97253;2.21;0;0.25;0.33
2003;9;21;264;25.8;19.7;14.4;15.2;13.4;11.4;0.6;2;0.14;2.3;2.7;0;561;167;118;87;97042;2.12;0;0.25;0.33
2003;9;22;265;25.2;19.3;13.2;14.6;9.8;6.1;0.7;3.2;0.14;2.3;2.7;0;568;170;131;96;96458;2.3;0;0.25;0.33
2003;9;23;266;24.4;18.9;13.9;13.3;10.3;6.3;1.4;0.5;0.14;2.3;2.7;0;528;152;113;77;96058;2.57;5.91;0.25;0.33
2003;9;24;267;13.4;11.7;9.4;11.4;7;3.5;0.9;-3.9;0.14;2.2;2.7;0;226;59;88;43;97286;1.93;3.16;0.25;0.33
2003;9;25;268;14.7;10.6;6.9;5.2;3.7;2.4;0.4;-2;0.14;2.2;2.7;0;553;162;121;94;97779;1.62;0;0.25;0.33
2003;9;26;269;16.5;11.2;5.5;6.3;4.8;2.7;0.2;2.2;0.14;2.2;2.7;0;547;155;120;86;97197;1.53;0;0.25;0.33
2003;9;27;270;20.3;13.9;7.2;9.4;7.5;4.8;0.5;1.4;0.14;2.1;2.7;0;507;146;109;82;96630;1.59;0.01;0.25;0.33
2003;9;28;271;19.1;14.2;8.9;10;8.3;6.6;0.4;2.7;0.14;2.1;2.6;0;533;156;123;89;96181;1.56;0;0.25;0.33
2003;9;29;272;13.6;12.1;10.6;11.8;9.3;4.7;1.4;-1.2;0.14;2.1;2.6;0;107;22;78;32;95964;1.43;10.29;0.25;0.33
2003;9;30;273;16.4;11.7;7.8;7.2;5.5;4;0.4;-1.3;0.14;2.1;2.6;0;448;134;116;84;96462;1.46;0;0.26;0.33
2003;10;1;274;17;12.8;6.8;10.4;8.5;5.2;0.2;2.6;0.14;2;2.6;0;356;89;64;48;96333;0.95;0;0.26;0.33
2003;10;2;275;23.1;15.9;9.4;15.1;11.7;8;0.8;0.4;0.14;2;2.6;0;499;131;102;62;96142;1.45;0.45;0.25;0.33
2003;10;3;276;20.7;16.3;12.4;14.7;13.5;11.3;0.4;0.1;0.14;2;2.6;0;338;86;62;39;95912;1.01;5.56;0.25;0.33
2003;10;4;277;18.4;14.6;11.5;13.6;12.1;9.5;0.6;0.1;0.14;2;2.6;0;402;57;95;39;95413;0.93;12.31;0.27;0.33
2003;10;5;278;16.1;11.3;6.9;12.9;8.7;3.2;0.6;-0.4;0.14;1.9;2.6;0;293;52;71;22;94809;1.56;19.84;0.29;0.33
2003;10;6;279;11.5;8.1;4.8;4.1;1.8;-0.8;1.9;-1.9;0.14;1.9;2.6;0;470;129;110;72;95920;1.5;0.19;0.29;0.33
2003;10;7;280;12.4;8.3;4.4;6.4;4.1;1.5;1.2;1.2;0.14;1.9;2.6;0;254;58;64;43;95401;1.05;2.66;0.29;0.33
2003;10;8;281;9.5;7.2;5.4;2.4;1.2;0.4;4;-3.5;0.14;1.9;2.6;0;429;106;93;63;95364;1.37;0.37;0.29;0.33
2003;10;9;282;10.8;8.2;5.4;4.4;3;0.5;3.2;-2;0.14;1.8;2.6;0;383;110;91;63;95757;1.88;2.54;0.29;0.33
2003;10;10;283;14.9;10.6;7.7;9.8;7.6;4.6;1;0.5;0.14;1.8;2.6;0;188;44;84;33;96588;0.72;1.06;0.29;0.33
2003;10;11;284;18.1;12.7;8.6;10.7;7.5;5.7;1.4;-0.3;0.14;1.8;2.6;0;362;92;99;48;96917;1.08;0;0.29;0.33
2003;10;12;285;12;9.3;5.2;9;5.5;2.1;0.3;-2;0.14;1.8;2.6;0;175;54;90;49;97104;0.77;0.63;0.29;0.33
2003;10;13;286;10.5;7.2;3.5;3.9;2.7;1.3;0;-0.8;0.14;1.7;2.6;0;338;87;84;55;97201;0.76;0;0.29;0.33
2003;10;14;287;8.7;6;3.8;2.8;0.5;-1.4;-0.2;-2.4;0.14;1.7;2.6;0;378;104;105;66;97404;0.92;0.04;0.29;0.33
2003;10;15;288;8.6;5.6;3.1;2.5;1.4;0.4;0.4;-2.3;0.14;1.7;2.6;0;343;83;79;58;97663;0.69;0.05;0.29;0.33
2003;10;16;289;7;4.5;1.7;1.5;-0.1;-1.4;0.2;-3.1;0.14;1.7;2.6;0;350;93;94;67;97559;0.84;0.38;0.29;0.33
2003;10;17;290;6.6;3.2;-0.3;-0.2;-1;-1.9;0.1;-0.8;0.13;1.7;2.6;0;429;109;108;74;97566;0.7;0;0.29;0.33
2003;10;18;291;7.6;4.6;1.6;1.4;0.3;-1.4;-0.6;3.2;0.13;1.6;2.6;0;363;87;82;54;96889;0.65;0.11;0.28;0.33
2003;10;19;292;7.4;4.5;2.6;2.2;1.7;0.8;-0.4;3;0.13;1.6;2.6;0;221;56;67;45;95894;0.42;0.01;0.28;0.33
2003;10;20;293;14.4;8.1;3.2;9.3;5.5;2.2;0.6;1.5;0.13;1.6;2.6;0;397;84;90;39;94873;0.73;2.81;0.28;0.33
2003;10;21;294;11.1;7.3;4.9;7.9;4.7;0.1;0.6;-1;0.13;1.6;2.6;0;164;41;51;27;95167;0.87;0.95;0.29;0.33
2003;10;22;295;5.9;4.7;3.3;1.2;0.6;-0.3;-0.4;-1.4;0.13;1.6;2.6;0;182;39;53;32;96022;0.48;0.51;0.29;0.33
2003;10;23;296;4.1;2;-0.6;0.7;-0.5;-1.8;0.3;-2.7;0.15;1.6;2.6;1.3;161;40;58;27;95618;0.74;11.81;0.29;0.33
2003;10;24;297;0.4;-1.9;-5.9;-2.1;-5.4;-9;1.5;-3.4;0.38;1.6;2.6;15.04;282;62;83;48;96017;0.87;6.45;0.29;0.33
2003;10;25;298;2.8;-4.4;-11.6;-4.3;-8.8;-14.2;1.5;0.6;0.37;1.6;2.6;14.66;315;82;113;75;96636;0.57;0;0.29;0.33
2003;10;26;299;7;-0.9;-8.9;-2.7;-6.2;-11.7;1.1;0.8;0.33;1.6;2.6;12.21;305;76;103;56;96257;0.57;0;0.29;0.33
2003;10;27;300;4.9;1;-2.1;-0.4;-2.8;-6.6;0.9;-1.8;0.28;1.6;2.6;9.56;275;57;71;46;96526;0.44;0.02;0.29;0.33
2003;10;28;301;4.4;1.8;-0.2;0.9;-0.8;-1.9;-0.1;2.3;0.24;1.5;2.6;7.36;234;51;84;42;96871;0.36;0;0.29;0.32
2003;10;29;302;7.6;3.4;0.5;3.3;1.3;-0.5;-0.1;4;0.2;1.5;2.6;5.27;219;49;82;26;95573;0.35;0.67;0.3;0.32
2003;10;30;303;7.2;4.7;1.7;4.8;3.7;1.2;0.1;0.5;0.16;1.5;2.6;2.55;124;28;60;17;94410;0.31;2.93;0.3;0.32
2003;10;31;304;11.7;6.5;-0.1;6.4;2.9;-0.8;1.5;4;0.14;1.5;2.6;1.43;367;87;97;71;94489;0.73;0;0.3;0.32
2003;11;1;305;16;12.8;8.7;10.5;8.9;5.4;0.9;3.7;0.13;1.5;2.6;0.19;221;50;75;52;94600;0.64;2.33;0.3;0.32
2003;11;2;306;11.2;7.2;3.2;6.7;4.6;1.7;1.9;-2;0.12;1.5;2.6;0.01;229;40;89;35;95586;1.52;15.5;0.32;0.32
2003;11;3;307;13.6;6.7;2.4;6.1;3.4;1;1.1;1.2;0.12;1.5;2.6;0;381;92;115;76;96563;0.67;0;0.32;0.32
2003;11;4;308;14;6.9;0.9;5.8;2.9;0;1.5;-0.8;0.12;1.5;2.6;0;376;92;114;73;97618;0.72;0;0.32;0.32
2003;11;5;309;10;5.6;1.2;4.6;2.8;0.5;0.5;-1.8;0.12;1.5;2.6;0;369;88;106;74;98122;0.54;0;0.32;0.32
2003;11;6;310;6.4;2.8;-1.7;2.2;0.8;-2.2;0.6;-1.9;0.12;1.4;2.6;0.04;231;58;67;46;97840;0.44;3.23;0.32;0.32
2003;11;7;311;5.9;3.9;1.8;4;2.8;1.2;-0.6;-1.1;0.12;1.4;2.6;0.27;154;40;52;22;97818;0.77;2.61;0.32;0.32
2003;11;8;312;6.9;5.2;3.9;4.3;4;3.8;-0.8;1.8;0.12;1.4;2.6;0.18;142;30;34;16;97774;0.41;0.3;0.32;0.32
2003;11;9;313;8.7;5.4;2.3;5.9;4.3;2.2;-0.1;0;0.12;1.4;2.6;0.05;213;52;75;43;97388;0.28;0.02;0.32;0.32
2003;11;10;314;4.7;3.3;2;2.9;1.9;1.1;-1.2;0.9;0.12;1.4;2.6;0.05;179;38;39;19;97540;0.27;0.08;0.32;0.32
2003;11;11;315;4.2;1.4;-1.5;0.9;-1.4;-3.4;-1.1;0.7;0.12;1.4;2.6;0.02;330;72;107;69;97509;0.43;0.01;0.32;0.32
2003;11;12;316;3.8;0.9;-2;-0.7;-2.7;-3.7;-0.6;2.3;0.12;1.4;2.6;0.05;213;48;71;49;97364;0.31;0.07;0.32;0.32
2003;11;13;317;5.5;1.4;-1.2;-1.1;-2.1;-3.6;-0.1;1.8;0.12;1.4;2.6;0.12;321;70;90;62;97300;0.4;0.79;0.32;0.32
2003;11;14;318;4.9;1.7;-1.2;1.4;0;-2;0;1.8;0.12;1.4;2.6;0.47;235;50;71;38;97191;0.53;0.9;0.32;0.32
2003;11;15;319;7.6;2.8;-1;3.7;1.4;-1.8;0.2;1.3;0.12;1.3;2.6;0.44;270;57;90;54;96800;0.21;0;0.32;0.32
2003;11;16;320;5.4;2.9;1.3;2.6;2;1.1;-0.3;0.8;0.12;1.3;2.6;0.3;151;32;61;27;96477;0.17;0;0.32;0.32
2003;11;17;321;6.9;4.7;2.1;4.2;1.9;-1.1;1.9;-0.7;0.12;1.4;2.6;0.21;134;22;80;39;96686;0.56;2.81;0.32;0.32
2003;11;18;322;8.5;4.4;-0.2;3.8;1.3;-2;1.2;0.7;0.12;1.4;2.6;0.16;187;31;76;34;97143;0.2;0.02;0.32;0.32
2003;11;19;323;14.8;8;2.8;9.9;5.7;1.9;1.3;0.5;0.12;1.4;2.6;0.08;307;68;99;58;96902;0.34;0;0.32;0.32
2003;11;20;324;13.1;7.4;3.2;8;5.3;2.4;0.8;0.6;0.11;1.4;2.6;0.02;305;69;105;66;96794;0.32;0;0.32;0.32
2003;11;21;325;12;6.2;1.6;7.9;4.8;0.8;0.3;1;0.11;1.4;2.6;0;302;66;97;55;96534;0.31;0;0.32;0.32
2003;11;22;326;10.8;6.3;3.8;6.5;4.6;3.3;0;1.2;0.11;1.4;2.6;0;249;52;81;45;96307;0.25;0.04;0.32;0.32
2003;11;23;327;12.4;7.2;3.8;7.5;5.2;3;1.4;1.8;0.11;1.4;2.6;0;221;49;75;53;96041;0.26;0;0.32;0.32
2003;11;24;328;11.9;7.7;3.5;8.8;6;3;0.7;1.5;0.11;1.4;2.6;0;210;42;62;45;95844;0.2;0;0.32;0.32
2003;11;25;329;12.9;8.7;5.6;8.6;7;5.2;0.8;1.5;0.11;1.4;2.6;0;276;58;96;60;95946;0.24;0;0.32;0.32
2003;11;26;330;9.3;7.6;5;9.1;7.2;4.6;-0.1;1.5;0.11;1.4;2.6;0;86;16;47;16;95700;0.1;2.77;0.32;0.32
2003;11;27;331;12.2;9.8;8.5;9.1;8.5;7.9;0.3;4.1;0.11;1.4;2.6;0;155;32;77;34;95101;0.42;0.02;0.32;0.32
2003;11;28;332;11.6;9.2;6.4;8.8;8;5.5;-1.2;0.8;0.11;1.4;2.6;0;222;40;62;27;95179;0.48;8.71;0.32;0.32
2003;11;29;333;7.6;5.4;2.9;3.8;2.3;1.6;0.2;-1.1;0.11;1.4;2.6;0;197;43;94;39;96080;0.57;0.06;0.33;0.32
2003;11;30;334;8.4;5.7;3.3;5.3;3.6;2.5;0;2.1;0.11;1.4;2.6;0;164;37;67;34;96346;0.25;0.01;0.33;0.32
2003;12;1;335;5.8;5;3.9;5;3.8;2.9;-0.3;4.8;0.11;1.4;2.6;0;68;15;30;13;96366;0.11;0.02;0.33;0.32
2003;12;2;336;6.5;4.7;3.5;4.2;3.5;2.9;-0.4;4;0.11;1.4;2.6;0;134;27;44;22;96836;0.16;0.01;0.33;0.32
2003;12;3;337;6.5;4.6;3.5;4.1;3.6;3.1;-0.4;3.2;0.11;1.4;2.6;0;151;30;45;21;97164;0.13;0.06;0.33;0.32
2003;12;4;338;6.3;4.1;3;3.4;2.8;2.4;-0.3;2.4;0.11;1.4;2.6;0;156;31;60;23;97137;0.28;0.22;0.33;0.32
2003;12;5;339;7.1;3.3;-1.1;3.3;1.6;-1.6;0.2;-0.3;0.11;1.4;2.6;0;185;39;92;48;97086;0.21;0.11;0.33;0.32
2003;12;6;340;7.4;1.4;-1.4;1.7;-2.1;-6.5;2.2;-2.4;0.11;1.4;2.6;0.07;205;33;90;54;96148;0.77;1.91;0.33;0.32
2003;12;7;341;0;-1.6;-3.3;-5.4;-6.5;-7.8;0.7;-3.6;0.12;1.4;2.6;0.24;236;53;102;87;97404;0.28;0.04;0.33;0.32
2003;12;8;342;0.5;-2.8;-4.6;-5.7;-7.1;-8.5;0.4;-0.8;0.12;1.4;2.6;0.25;266;57;108;81;97444;0.09;0;0.33;0.32
2003;12;9;343;1.5;-2.2;-4;-5.3;-7;-9.6;-0.1;0.9;0.12;1.4;2.6;0.25;263;55;98;69;97230;0.04;0;0.33;0.32
2003;12;10;344;-0.3;-2.6;-4.3;-4.5;-5.3;-6.4;-0.3;2.4;0.12;1.4;2.6;0.25;188;41;78;55;97188;0.05;0;0.33;0.32
2003;12;11;345;3.7;-0.1;-2.1;-0.9;-2.7;-4.5;-0.1;2.3;0.12;1.4;2.6;0.21;247;50;84;60;96809;0.01;0;0.33;0.32
2003;12;12;346;7;1.6;-2.3;2.7;-0.2;-3;1.2;-1;0.12;1.4;2.6;0.19;227;33;86;39;96862;0.11;0.22;0.33;0.32
2003;12;13;347;4.7;1.7;-1.4;1.6;-0.2;-1.9;0.8;2;0.11;1.4;2.6;0.18;195;38;75;36;96882;0.35;0.98;0.33;0.32
2003;12;14;348;7.5;3.8;1.1;5.4;0.5;-2.3;2.3;-0.2;0.11;1.4;2.6;0.15;191;32;92;39;95323;0.76;2.65;0.33;0.32
2003;12;15;349;2.6;0.7;-1.7;-0.4;-4.5;-7.6;2.8;-1.7;0.12;1.4;2.6;0.97;198;38;93;60;95445;0.68;5.28;0.33;0.32
2003;12;16;350;0.7;-1;-2.3;-4.3;-5.9;-7.6;3.1;-4.1;0.19;1.4;2.6;5.05;164;34;82;61;96197;0.52;2.46;0.33;0.32
2003;12;17;351;1.6;-1.4;-3.4;-1.2;-4.2;-6.9;1.2;-1.3;0.21;1.4;2.6;5.85;192;33;84;58;97258;0.2;0.26;0.33;0.32
2003;12;18;352;5.4;-0.7;-4.5;0.3;-3.4;-7.1;0.9;0.8;0.2;1.4;2.6;5.46;220;47;95;58;97257;0.14;0;0.33;0.32
2003;12;19;353;2.8;-1.6;-4.2;-0.8;-3.8;-5.9;0.6;0.6;0.19;1.4;2.6;4.91;231;48;97;63;96963;0.11;0;0.33;0.32
2003;12;20;354;5.6;0.1;-3.6;1;-2.7;-5.7;0.8;1.2;0.18;1.3;2.6;4.35;187;40;80;50;96919;0.02;0.02;0.33;0.32
2003;12;21;355;5.5;2;-0.4;1;-0.9;-3.1;1.3;2.3;0.17;1.3;2.6;3.71;175;35;68;42;95508;0.24;1.85;0.33;0.32
2003;12;22;356;3.3;0.9;-1.2;0;-2.3;-5.6;1.4;-1.9;0.16;1.3;2.6;3.42;156;32;68;44;95647;0.41;0.81;0.34;0.32
2003;12;23;357;-1.5;-3.8;-6.5;-5.9;-10;-12.4;1.5;-5.2;0.16;1.3;2.6;3.34;207;43;95;76;96907;0.4;0.14;0.34;0.32
2003;12;24;358;-3.7;-6.2;-7.7;-12.6;-13.7;-14.8;1.1;-3;0.16;1.3;2.6;3.24;256;54;114;99;97790;0.09;0;0.34;0.32
2003;12;25;359;-0.8;-5.7;-9.9;-12.4;-15.3;-18;0.8;0.5;0.16;1.3;2.6;3.13;257;54;124;85;97525;0.03;0;0.34;0.32
2003;12;26;360;2.8;-3;-6.1;-8.8;-12.2;-16.1;0.6;1;0.15;1.3;2.6;2.96;246;52;109;70;96753;0.04;0;0.34;0.32
2003;12;27;361;2.3;-2.7;-6.3;-4.6;-6.4;-9.1;0.2;1;0.15;1.3;2.6;2.82;214;45;81;57;95940;0.05;0;0.34;0.32
2003;12;28;362;5.9;1.8;-3.6;2.5;-0.5;-5.8;1;4.2;0.15;1.3;2.6;2.39;170;36;73;46;95414;0.08;0;0.34;0.32
2003;12;29;363;3.5;1.6;0.7;1.9;1.1;0.3;0.4;-0.2;0.14;1.3;2.6;2.16;59;10;46;11;95902;0.01;10.13;0.34;0.32
2003;12;30;364;5.2;1.9;0.4;3.9;1.5;0.3;-0.2;0.7;0.15;1.3;2.6;2.49;124;22;46;10;95910;0.02;3.91;0.35;0.32
2003;12;31;365;2.2;1;-0.9;1.7;0.3;-2.9;1.2;-2.8;0.17;1.3;2.6;4.08;68;11;14;5;96091;0.39;12.44;0.35;0.32
2004;1;1;1;-0.7;-1.6;-3.1;-3.2;-4.4;-5.5;1.3;-3.7;0.29;1.3;2.6;10.99;100;20;63;25;96020;0.49;1.01;0.35;0.32
2004;1;2;2;-3.1;-4;-5;-5.7;-8;-9.2;0.8;-3.9;0.29;1.3;2.6;10.95;164;31;81;50;95943;0.38;0.05;0.35;0.32
2004;1;3;3;-3.9;-5.3;-7.1;-8.9;-10.2;-11.9;0.8;-4.1;0.28;1.3;2.6;10.71;141;31;88;64;96492;0.4;0.08;0.35;0.32
2004;1;4;4;-4.2;-6.6;-9;-9.4;-11.1;-12.9;0.3;-1.3;0.28;1.2;2.6;10.56;177;36;87;57;96310;0.19;0.84;0.35;0.32
2004;1;5;5;-2.5;-6.3;-11.3;-4.7;-8.5;-13.6;0.4;-1.5;0.35;1.2;2.6;15.08;108;21;78;32;96299;0.11;6.16;0.35;0.32
2004;1;6;6;-7.2;-11.9;-15.6;-11.8;-15.1;-17.8;1;-0.8;0.37;1.2;2.6;17.18;198;43;99;69;97202;0.15;0.01;0.35;0.32
2004;1;7;7;-0.2;-4.4;-10.1;-2.6;-6.4;-12.8;0.7;1;0.39;1.2;2.5;19.68;106;21;57;15;96610;0.2;3.59;0.35;0.32
2004;1;8;8;1;-3.9;-8.4;-1.7;-5.4;-9.8;0.4;1.1;0.39;1.2;2.5;20.01;168;36;79;43;96470;-0.02;0;0.35;0.32
2004;1;9;9;-0.1;-2.5;-7.6;-1.2;-3.4;-8.5;0;2;0.38;1.2;2.5;20.56;45;10;48;23;95605;0.07;2.09;0.35;0.33
2004;1;10;10;2.5;-2.7;-9.8;-0.8;-4.7;-10.9;1.8;-1;0.38;1.2;2.5;21.23;133;23;79;35;95826;0.12;1.01;0.35;0.33
2004;1;11;11;3.5;0.4;-4.9;-0.8;-2.3;-6.1;1.4;1.4;0.37;1.2;2.5;19.88;179;35;72;47;96281;0.2;3.49;0.35;0.33
2004;1;12;12;4.4;1.7;-0.7;2.2;0.1;-2.2;0.8;1.9;0.35;1.2;2.5;17.99;192;40;97;43;95379;-0.07;2.36;0.36;0.33
2004;1;13;13;4.9;3.3;1.4;2.4;0.9;-0.1;1.5;1.2;0.3;1.2;2.5;13.43;119;22;67;34;94477;0.06;1.33;0.37;0.33
2004;1;14;14;6;2.5;-3.8;2.1;-2.4;-6.1;3.1;-1.1;0.24;1.2;2.5;9.67;254;56;105;69;94632;0.77;0.24;0.37;0.33
2004;1;15;15;4.3;1.2;-3.6;-0.3;-2.2;-5.7;2.4;-1.7;0.23;1.2;2.5;8.92;158;32;71;40;94817;0.52;2.63;0.37;0.33
2004;1;16;16;3.9;0.4;-4.7;-4.1;-5.1;-7.2;1.6;2.3;0.22;1.2;2.5;8.57;231;48;89;64;95359;0.53;0.21;0.37;0.33
2004;1;17;17;4.1;1.4;-1;1.4;-1.9;-5.7;1.5;0.2;0.21;1.2;2.5;7.94;89;19;71;36;94873;0.21;1.47;0.37;0.33
2004;1;18;18;4;-0.5;-6.2;0.1;-2.4;-7.7;0.5;-1.4;0.2;1.2;2.5;7.34;229;43;83;51;95958;0.24;0.81;0.37;0.33
2004;1;19;19;2.1;-1.4;-3.4;-3.7;-5;-6.1;0.8;-0.3;0.2;1.2;2.5;7.15;262;56;98;63;96257;0.43;0.06;0.37;0.33
2004;1;20;20;2.7;-0.4;-3;0.1;-4;-8.6;1.2;-1.1;0.23;1.2;2.5;8.65;88;18;84;34;95052;0.51;3.4;0.37;0.33
2004;1;21;21;-1.9;-3.4;-5.5;-7.4;-8.2;-8.9;1.4;-4.2;0.24;1.2;2.5;9.22;224;50;88;77;95980;0.43;0.39;0.37;0.33
2004;1;22;22;-5.1;-6.6;-9;-9.1;-11.9;-14.5;0.7;-3.8;0.25;1.1;2.5;9.48;251;56;99;83;96556;0.32;0.52;0.37;0.33
2004;1;23;23;-4.7;-8.3;-12;-11.8;-13.4;-15.8;0.9;-2.5;0.25;1.1;2.5;9.39;267;62;103;86;96751;0.19;0;0.37;0.33
2004;1;24;24;-2.4;-7.2;-10;-11.9;-13.2;-14.7;1.2;-2.3;0.24;1.1;2.5;9.21;286;66;114;89;96352;0.23;0;0.37;0.33
2004;1;25;25;0.2;-5.5;-11.2;-5.6;-10.8;-17.9;0.6;-0.6;0.24;1.1;2.5;8.99;248;58;99;52;95864;0.15;1.51;0.37;0.33
2004;1;26;26;0.1;-2.7;-5;-4.1;-4.9;-5.8;-1;2;0.29;1.1;2.5;10.84;251;54;92;37;95598;0.22;1.31;0.37;0.33
2004;1;27;27;-0.2;-2.6;-4;-2.5;-4.4;-5.9;-0.7;1.6;0.3;1.1;2.5;11.79;157;29;37;24;94724;0.19;3.41;0.37;0.33
2004;1;28;28;-1.6;-5.5;-15.3;-4;-7.9;-17.1;0.8;-1.4;0.34;1.1;2.5;14.95;244;50;91;43;94700;0.28;1.08;0.37;0.33
2004;1;29;29;0.5;-7.1;-15.6;-5.5;-10.5;-17.4;1.6;0.4;0.34;1.1;2.5;14.73;265;60;115;59;95007;0.33;0.18;0.37;0.33
2004;1;30;30;1.1;-4.6;-8.7;-5.3;-8.7;-12.1;1.6;1;0.34;1.1;2.5;14.37;230;47;105;66;96351;0.28;0.02;0.37;0.33
2004;1;31;31;3.5;-3.7;-8.6;-3.9;-8;-11.7;1.1;2;0.33;1.1;2.5;13.75;273;63;117;70;96574;0.28;0;0.37;0.33
2004;2;1;32;7.3;-0.4;-7.7;-1.7;-5.7;-10.8;1.4;0.2;0.3;1.1;2.5;11.8;277;65;113;58;96701;0.16;0;0.37;0.33
2004;2;2;33;9.9;3.8;-1.8;3;0.1;-3.7;1.6;-0.1;0.25;1.1;2.5;8.79;204;46;71;29;96998;0.04;7.29;0.37;0.33
2004;2;3;34;10.7;6.1;1.8;5.4;3.4;0.7;1.9;-1.3;0.18;1.1;2.5;3.91;254;56;78;24;97534;0.37;4.66;0.39;0.33
2004;2;4;35;13.3;6;2.1;4.3;0.5;-3.1;2.1;0;0.15;1.1;2.5;2.19;273;58;91;44;97627;0.39;0;0.39;0.33
2004;2;5;36;15;8.4;3.2;1;-1.8;-3.2;2.6;-0.5;0.13;1.1;2.5;1.4;224;53;78;45;97220;0.62;0.03;0.39;0.33
2004;2;6;37;11.1;5.7;1;6.4;1.2;-2.1;1.8;0.5;0.13;1.1;2.5;0.88;174;39;57;40;96992;0.12;0;0.39;0.33
2004;2;7;38;13.1;6.3;1.2;5.3;0;-2.6;1.9;-0.1;0.12;1.1;2.5;0.59;276;66;94;47;96132;0.43;0.01;0.39;0.33
2004;2;8;39;8;3.2;-1.5;1.1;-1.7;-3.6;2.2;0.7;0.12;1.1;2.5;0.38;359;76;101;72;95982;0.72;1.33;0.38;0.33
2004;2;9;40;2.8;1.1;-0.9;-3.8;-5.8;-7.5;4.6;-3.1;0.12;1.1;2.5;0.7;328;82;93;75;96448;0.94;1.9;0.38;0.33
2004;2;10;41;2.9;-0.3;-2.5;-5.2;-6.4;-7.9;2.2;-1.6;0.14;1.1;2.5;1.8;311;79;90;70;97393;0.57;0.39;0.38;0.33
2004;2;11;42;3.4;-0.4;-5.2;-0.9;-4.7;-10.4;1.4;-2.3;0.15;1.1;2.5;2.52;173;39;88;38;96315;0.59;2.73;0.38;0.33
2004;2;12;43;-3.2;-5.4;-7.2;-9.4;-11.8;-14.8;0.5;-4.3;0.18;1.1;2.5;3.94;347;82;95;82;97354;0.26;0.77;0.38;0.33
2004;2;13;44;2.5;-2.3;-7.5;-0.7;-5.7;-12.7;1.2;-1.6;0.22;1.1;2.5;6.52;133;28;87;25;97328;0.19;4.79;0.38;0.33
2004;2;14;45;5.3;2.7;0.7;1.4;-0.5;-1.7;2.1;-3.3;0.24;1.1;2.5;7.3;215;43;79;35;96708;0.73;2.08;0.38;0.34
2004;2;15;46;3.3;2;-0.3;0.6;-1.7;-3.8;1.1;-3.9;0.21;1.1;2.5;5.86;306;68;84;49;96487;0.85;2.19;0.38;0.34
2004;2;16;47;3.3;0.7;-2.1;-0.5;-2.3;-5;1;-2.9;0.22;1.1;2.5;6.62;312;54;94;46;96980;0.76;3.01;0.38;0.34
2004;2;17;48;5.8;-0.3;-4.8;-1.9;-4.3;-6.9;0.9;0.4;0.21;1.1;2.5;5.99;382;98;114;74;97103;0.46;0;0.38;0.34
2004;2;18;49;5;0.4;-4.1;-2.2;-3.8;-6.5;1.7;-1.3;0.19;1.1;2.5;4.95;265;64;70;50;96372;0.32;0.17;0.38;0.34
2004;2;19;50;1.8;-0.8;-3.1;-3.2;-5.2;-7.2;-0.7;-2.4;0.19;1.1;2.5;4.76;293;70;86;54;96721;0.42;0.23;0.38;0.34
2004;2;20;51;1.4;-1.6;-4.4;-5;-6.5;-9.6;-0.6;1.1;0.18;1.1;2.5;4.52;286;74;70;56;97490;0.3;0;0.38;0.34
2004;2;21;52;1.8;-2;-5.3;-7.8;-11;-13.1;-0.8;4.5;0.18;1.1;2.5;4.21;419;107;100;74;97193;0.5;0;0.38;0.34
2004;2;22;53;6.6;1.3;-2.5;2.2;-1.6;-7.3;0.1;3.3;0.17;1.1;2.5;3.58;270;69;73;34;95481;0.25;0.02;0.38;0.34
2004;2;23;54;0.1;-0.7;-2.8;0;-1.9;-5.6;0.7;-2.7;0.21;1.1;2.5;6.52;41;11;50;16;95197;0.43;12.28;0.38;0.34
2004;2;24;55;-0.7;-2.5;-3.6;-5.7;-6.3;-7.6;0.8;-3.5;0.3;1.1;2.5;11.31;268;66;70;45;95902;0.68;0.86;0.38;0.34
2004;2;25;56;2.9;-1.9;-6.1;-5.4;-7.8;-11.6;0.9;1.6;0.3;1.1;2.5;11.1;383;101;115;74;95683;0.59;0;0.38;0.34
2004;2;26;57;1.4;-1;-2.7;-0.3;-3.4;-7.2;-0.4;0.3;0.3;1.2;2.5;11.59;182;44;40;22;94964;0.16;8.23;0.38;0.34
2004;2;27;58;1;-1.4;-4.6;-2.3;-3.5;-6.1;0.7;-2.8;0.4;1.2;2.5;22.77;259;67;80;36;94342;0.46;6.48;0.38;0.34
2004;2;28;59;0.6;-2.9;-6.4;-4.3;-6.1;-8.1;0.4;-1.8;0.39;1.2;2.5;23.42;350;83;111;48;94950;0.54;1.84;0.38;0.34
2004;2;29;60;-1.6;-3.5;-5.7;-5.4;-6.3;-8.1;2.1;-4.6;0.4;1.2;2.5;27.39;273;69;79;45;95552;0.57;4.24;0.38;0.34
2004;3;1;61;-1.6;-4.5;-6.9;-6;-7.7;-9.1;1.2;-3.8;0.39;1.2;2.5;28.31;277;74;84;64;96725;0.48;0.45;0.38;0.34
2004;3;2;62;1.2;-3.1;-9.3;-4.2;-7.2;-12.6;2;-1.3;0.39;1.2;2.5;28.15;259;63;77;45;97043;0.56;0.29;0.38;0.34
2004;3;3;63;3.8;0.8;-1.3;-3.1;-3.9;-4.7;3.1;-2.3;0.38;1.2;2.5;27.22;281;71;76;54;97016;0.91;0.34;0.38;0.34
2004;3;4;64;0.4;-2.4;-5.9;-3.2;-7.1;-9;0.6;-3.1;0.37;1.2;2.5;26.38;331;93;90;74;97097;0.8;0.11;0.38;0.34
2004;3;5;65;-2.5;-5.9;-10.5;-8.9;-10.5;-12.5;0.5;-2.9;0.37;1.2;2.5;25.9;244;71;90;59;97074;0.54;0.09;0.38;0.34
2004;3;6;66;-0.2;-4.6;-12.7;-7.6;-9.7;-15.3;0;3.6;0.37;1.2;2.5;25.31;346;94;103;56;97010;0.78;0.03;0.38;0.34
2004;3;7;67;2.1;-1.4;-4.1;-1.3;-4;-7.5;-0.5;1;0.36;1.2;2.5;25.09;216;53;48;23;96968;0.28;3.27;0.38;0.34
2004;3;8;68;-0.3;-1.7;-3.4;-1.4;-3.3;-4.7;0.2;-3.4;0.39;1.2;2.5;31.16;142;35;24;15;96776;0.31;10.8;0.38;0.34
2004;3;9;69;-0.6;-1.8;-3;-3.3;-4.5;-5.5;2.3;-4.7;0.4;1.2;2.5;40.25;216;52;45;22;96587;0.6;5.65;0.38;0.34
2004;3;10;70;2.5;-2.1;-6.4;-3.5;-5.6;-7.9;0.2;0.3;0.39;1.3;2.5;41.27;371;102;111;71;96892;0.35;0.04;0.38;0.34
2004;3;11;71;1.8;-2.2;-7.1;-1.3;-4.3;-8.6;-0.4;1.8;0.39;1.3;2.5;39.39;338;92;80;42;96935;0.3;0.52;0.38;0.34
2004;3;12;72;4.3;1.3;-2.1;-0.2;-1;-2.6;-0.6;2.8;0.38;1.3;2.5;36.57;384;95;90;38;96976;0.37;0.18;0.38;0.34
2004;3;13;73;6.3;2.4;-0.3;1.7;0.5;-0.8;-0.4;2.8;0.36;1.3;2.6;30.72;250;65;67;39;97043;0.04;0;0.38;0.34
2004;3;14;74;10.5;3.4;-3.1;4.3;0.8;-3.9;0.4;-0.1;0.33;1.3;2.6;22.3;357;102;95;54;97503;0.1;0;0.39;0.34
2004;3;15;75;13.5;4.7;-3.2;4.9;0.7;-3.8;1.1;0.1;0.27;1.3;2.6;13.31;468;132;114;62;97961;0.39;0;0.4;0.35
2004;3;16;76;15.8;6.6;-1.3;7.4;1.5;-2.6;1.4;-0.2;0.2;1.3;2.6;6.88;505;146;115;62;97961;0.97;0;0.4;0.35
2004;3;17;77;18.6;8.9;0.5;8.8;3.4;-0.9;1;-0.1;0.16;1.3;2.6;3.24;540;156;121;66;97728;1.14;0;0.4;0.35
2004;3;18;78;19.8;10.2;0.3;7.1;3.3;-2;0.9;1.4;0.15;1.4;2.6;1.36;578;172;139;86;97301;1.52;0;0.4;0.35
2004;3;19;79;18.9;11.5;2.6;9.3;4.5;-0.5;1.3;-0.1;0.14;1.4;2.6;0.53;572;162;124;79;96773;1.53;0;0.4;0.35
2004;3;20;80;15.9;10.5;5.3;7.4;5.4;2.8;1.4;0.5;0.13;1.4;2.6;0.22;367;85;80;40;96384;0.9;0.08;0.4;0.35
2004;3;21;81;18.1;11.4;5;9.1;6.4;3.6;0.9;0.4;0.13;1.4;2.6;0.07;529;142;111;58;95710;1.62;3.62;0.4;0.35
2004;3;22;82;8.5;6.6;3.8;5.1;3.1;0.7;1;0.7;0.13;1.4;2.6;0;252;68;58;36;95980;1.16;4.63;0.4;0.35
2004;3;23;83;4.6;3.4;1.9;3.6;2;-0.5;0.6;-2.3;0.14;1.5;2.6;0.63;108;29;65;20;95468;0.86;18.21;0.4;0.35
2004;3;24;84;5.1;3.4;2.4;2.6;1.5;0.4;2.9;-3.4;0.16;1.5;2.6;1.84;194;56;27;8;94726;2.26;18.17;0.42;0.35
2004;3;25;85;2.8;1.8;0.6;0.2;-1.5;-3.3;3.6;-4;0.18;1.5;2.6;3.94;146;40;24;15;95294;1.59;7.64;0.42;0.35
2004;3;26;86;1.3;0;-1.7;-3;-3.8;-4.4;1.6;-3.6;0.23;1.5;2.6;7.41;211;62;66;31;95922;0.71;4.29;0.42;0.36
2004;3;27;87;2.4;-0.4;-2.7;-2.5;-3.6;-5.4;1.1;-3;0.29;1.5;2.6;11.52;302;78;74;33;96087;0.8;3.63;0.42;0.36
2004;3;28;88;5.1;1;-3.3;-1.6;-3.9;-5.8;0.8;-1.3;0.29;1.6;2.6;10.88;284;89;65;41;96576;0.87;0.24;0.41;0.36
2004;3;29;89;8.5;3.3;-2.4;0.5;-1.3;-4.4;-0.4;0.6;0.24;1.6;2.6;7.54;497;151;105;64;96963;1.04;0;0.41;0.36
2004;3;30;90;7.6;4.4;1.1;0.3;-1.1;-1.8;-0.9;1.6;0.2;1.6;2.6;4.64;439;124;98;55;97047;1.02;0;0.41;0.36
2004;3;31;91;9.7;4.9;-0.2;2.5;0.2;-2.3;-0.1;2.9;0.18;1.6;2.6;2.85;473;142;81;65;96546;1.15;0;0.41;0.36
2004;4;1;92;12.3;6.9;0.2;7.2;4;-0.9;-0.5;0.5;0.16;1.6;2.6;1.36;538;126;94;44;96283;0.96;0.08;0.41;0.36
2004;4;2;93;13.2;8.8;4.1;5.4;3.6;2.4;-1.3;2.1;0.15;1.7;2.6;0.5;543;160;106;58;96680;1.61;0;0.41;0.37
2004;4;3;94;15.8;10.3;4.4;9.3;5.9;2.6;-0.6;0.9;0.14;1.7;2.6;0.16;600;171;110;62;96880;1.67;0.08;0.4;0.37
2004;4;4;95;16.4;10.7;5.4;10.1;7.6;4.1;0.9;0.3;0.14;1.7;2.6;0.02;491;147;92;52;96884;1.7;4.22;0.4;0.37
2004;4;5;96;11;7.6;4;8;4.3;0.9;1.5;0.1;0.14;1.7;2.6;0;262;76;89;51;96184;1.44;5.71;0.4;0.37
2004;4;6;97;8.5;5.2;2.5;3.8;2.6;0.4;1.3;2;0.14;1.7;2.6;0.01;374;95;62;35;95512;1.18;5.82;0.4;0.37
2004;4;7;98;7.8;4.8;2.4;1.8;-0.3;-2.7;1.7;-1.7;0.14;1.8;2.6;0.04;350;104;89;55;95262;1.54;0.76;0.41;0.37
2004;4;8;99;10.7;5.1;0.1;2.4;-0.6;-2.9;1.4;-0.4;0.15;1.8;2.6;0.02;642;198;127;85;95920;2.02;3.34;0.4;0.37
2004;4;9;100;10.5;5.3;-1.7;3.2;1;-3.2;-0.1;0.6;0.15;1.8;2.6;0;549;160;104;60;95964;1.68;0.73;0.4;0.37
2004;4;10;101;9.7;6.6;3.6;4.7;3.3;2.4;0;0.6;0.15;1.8;2.6;0;337;81;58;31;95682;1.04;0.77;0.4;0.37
2004;4;11;102;11.2;6.1;0.7;4.6;2.7;0.2;1.1;-1.8;0.15;1.8;2.6;0;511;157;88;65;96061;1.84;1.95;0.4;0.37
2004;4;12;103;10;6.6;3;2.2;0.1;-1.2;0.1;-3.4;0.15;1.9;2.6;0;461;138;80;61;96585;1.57;0.09;0.4;0.37
2004;4;13;104;10.9;7.4;3.9;2.6;0.6;-0.8;0.9;-4.2;0.15;1.9;2.6;0;525;134;79;41;96109;2.73;3.56;0.4;0.37
2004;4;14;105;10.1;6.8;3.9;5.1;2.3;-0.4;0.5;-2.6;0.15;1.9;2.6;0;369;90;59;24;96568;2.01;2.96;0.4;0.37
2004;4;15;106;12;8.2;1.8;4.9;2.6;0.3;-0.7;3;0.15;1.9;2.6;0;551;158;104;60;97117;1.78;0.11;0.39;0.37
2004;4;16;107;15.3;10.5;5.4;6.2;5.1;4.1;0.3;3.2;0.15;2;2.6;0;559;169;92;64;96479;2.08;0.16;0.39;0.37
2004;4;17;108;12.6;9.8;7.6;8.6;7.2;5.6;-0.7;2.2;0.15;2;2.6;0;306;93;51;31;95478;1.55;2.71;0.39;0.37
2004;4;18;109;15.5;11;7.3;9.7;8.1;7.2;-0.5;2.4;0.15;2;2.6;0;350;122;96;34;94789;1.69;1.24;0.39;0.37
2004;4;19;110;15.3;10.7;7.5;10;8.1;6.3;-0.5;2.4;0.15;2.1;2.7;0;507;148;78;46;94591;2.08;11.74;0.39;0.37
2004;4;20;111;9.8;7.7;6.3;6.5;5.6;4.7;1.6;-2.5;0.15;2.1;2.7;0;196;53;56;13;95530;1.9;10.68;0.4;0.37
2004;4;21;112;16.9;12.1;7.4;9.1;6.1;4.5;0.7;-1.1;0.15;2.1;2.7;0;591;196;98;66;96410;2.63;0.04;0.4;0.37
2004;4;22;113;19.4;13.1;4.2;9.7;7.4;3.7;0.3;-0.1;0.15;2.2;2.7;0;680;213;125;77;96253;2.72;0.08;0.4;0.37
2004;4;23;114;19.4;14.2;7.1;10.8;8;5.2;0.6;-1.4;0.15;2.2;2.7;0;591;200;101;71;96200;2.84;0.22;0.39;0.37
2004;4;24;115;11.5;9.7;6.5;9.4;6;2.5;1.6;-3.7;0.16;2.2;2.7;0;351;105;73;44;96385;2.12;5.33;0.4;0.38
2004;4;25;116;10.3;7.7;5.4;4.2;3.3;2.8;0.7;-4.6;0.16;2.3;2.7;0;545;173;77;61;96743;2.28;1.28;0.39;0.38
2004;4;26;117;12.9;9.6;6.1;5.2;4.1;2.7;0.4;-3.1;0.16;2.3;2.7;0;373;133;90;46;96761;1.88;0.08;0.39;0.38
2004;4;27;118;15.3;10.4;3.9;6.6;4.8;2;-0.4;1.3;0.16;2.3;2.7;0;626;193;105;68;96323;2.46;0.29;0.39;0.38
2004;4;28;119;17.8;12.6;5.5;7.7;6.1;3.2;-0.1;2.6;0.16;2.4;2.7;0;691;227;116;84;96002;3.05;0.05;0.39;0.38
2004;4;29;120;20.1;14.3;7.9;9.3;7.8;6.9;0;2.9;0.16;2.4;2.7;0;697;227;116;85;95521;3.32;0;0.38;0.38
2004;4;30;121;18.5;14.1;9.5;8.5;7.2;5.9;-0.1;3.2;0.16;2.4;2.7;0;623;204;102;77;95388;3.12;0;0.38;0.38
2004;5;1;122;18.5;14;9.4;11.5;9.5;7;0;2.5;0.16;2.5;2.7;0;592;196;95;67;95478;2.81;1.35;0.37;0.38
2004;5;2;123;17.4;13;8.4;11.7;9.9;7.6;0.5;-0.1;0.16;2.5;2.7;0;533;185;89;62;95609;2.92;5.99;0.37;0.38
2004;5;3;124;18.8;13.6;7.4;10.6;8;6.4;0.5;2.1;0.16;2.6;2.7;0;554;196;94;70;95477;3.2;0.73;0.38;0.38
2004;5;4;125;18.2;13.9;10.2;11;9.2;6.5;-0.2;3.9;0.16;2.6;2.7;0;545;182;87;67;94826;2.7;0.69;0.37;0.38
2004;5;5;126;16.8;12.9;9.7;9.9;8.5;6.1;0.2;4.5;0.16;2.6;2.7;0;582;202;98;72;94179;2.88;1.03;0.37;0.38
2004;5;6;127;14.7;10.8;6.7;9.8;7.6;3.4;0.3;1.5;0.16;2.7;2.7;0;419;107;87;46;94017;2.32;6.18;0.37;0.38
2004;5;7;128;12.8;8.5;5.4;7.5;5.5;3.1;0.5;0.7;0.16;2.7;2.7;0;451;148;78;52;94735;2.49;14.78;0.37;0.38
2004;5;8;129;10.5;7.7;3.6;6.9;5.2;2.9;0.4;-0.2;0.16;2.7;2.7;0;416;120;76;51;95182;2.13;7.65;0.39;0.38
2004;5;9;130;14.9;9.2;2;7.4;5.1;1.3;0.7;0.8;0.16;2.8;2.7;0;641;217;106;73;95286;3.03;3.45;0.39;0.38
2004;5;10;131;14.3;10.1;5.4;6.2;4.1;3;1.8;-1.5;0.16;2.8;2.7;0;555;190;88;68;95727;3.14;0.48;0.39;0.38
2004;5;11;132;16.3;11.8;6.8;9.2;6.7;3.9;1.6;-1.2;0.17;2.8;2.8;0;540;161;91;61;96200;2.4;0.51;0.38;0.38
2004;5;12;133;18.5;12.7;5.3;10.7;8.3;4.4;0.3;0;0.17;2.9;2.8;0;663;227;110;71;96094;3.34;3.59;0.38;0.38
2004;5;13;134;15;11.6;8.9;12;9;5.8;0.8;-3.5;0.17;2.9;2.8;0;566;158;76;50;95747;3.31;8.81;0.38;0.38
2004;5;14;135;12.4;9;5.9;5.4;1.8;-0.4;0.2;-4.3;0.17;2.9;2.8;0;625;216;104;79;96669;3.17;0;0.39;0.38
2004;5;15;136;15.5;11.1;4.1;8.1;4.4;0;1;-1.9;0.17;3;2.8;0;609;182;103;59;96936;2.92;2.75;0.38;0.38
2004;5;16;137;13;10.6;8.1;8;5.1;1.9;0.7;-4.1;0.17;3;2.8;0;644;200;98;60;96731;3.74;12.24;0.39;0.38
2004;5;17;138;14.6;10.7;7;9.4;7;3.1;1;-2.6;0.17;3;2.8;0;562;184;86;67;97041;2.66;3.09;0.39;0.38
2004;5;18;139;18.4;13.4;6.2;11.9;8.8;5.2;0.4;-0.4;0.17;3;2.8;0;564;171;86;58;97019;2.62;0.15;0.39;0.38
2004;5;19;140;19.8;15.3;9.7;12.6;10.8;8.5;1.2;-0.6;0.17;3;2.8;0;659;183;98;60;96857;2.97;1.25;0.39;0.38
2004;5;20;141;22.8;17.5;9.9;13.1;9.5;6.7;0.6;-0.5;0.17;3;2.8;0;677;214;108;72;96557;3.81;0;0.38;0.38
2004;5;21;142;19.1;15.4;10.4;14.4;11.8;9.1;0.4;-0.9;0.17;3;2.8;0;572;176;88;57;95968;2.6;2.16;0.38;0.38
2004;5;22;143;13.6;9.5;7.1;12.1;7.6;4.9;1.1;-3.1;0.17;3;2.8;0;340;76;36;20;96236;2.98;13.04;0.39;0.38
2004;5;23;144;10.9;8.2;4.8;4.8;1.5;-2.5;2.8;-2.4;0.17;3;2.8;0;603;229;115;80;96466;3.52;0.77;0.39;0.38
2004;5;24;145;12.9;8.7;4.8;3.1;1.2;0.1;1.6;-2.5;0.17;3;2.8;0;676;236;111;87;96882;3.62;1.08;0.39;0.38
2004;5;25;146;15.3;10.6;3.9;6.3;3.4;1.9;0.4;-0.2;0.17;3;2.8;0;514;176;103;65;96763;2.74;0.13;0.38;0.38
2004;5;26;147;19.2;13.8;6.3;10.1;7.1;3.8;0.7;1.3;0.17;3;2.8;0;704;249;121;83;96453;3.83;0.45;0.38;0.38
2004;5;27;148;15;12.2;9.3;10.3;8.3;5.7;0.4;-2.1;0.17;3;2.8;0;567;184;81;53;96666;3.03;7.17;0.38;0.38
2004;5;28;149;10.6;9.8;8.8;9.1;7.9;6;0.7;-2.2;0.17;3;2.8;0;235;53;54;24;96955;1.87;22.61;0.39;0.38
2004;5;29;150;15.3;12.1;8.1;6.9;6.2;5.3;0.5;-3.6;0.17;3;2.8;0;507;177;74;59;97080;3.07;0.12;0.4;0.38
2004;5;30;151;18.7;13.8;8.8;9;6.3;4.5;0.8;-2.2;0.17;3;2.8;0;734;251;117;84;96970;4.06;0;0.39;0.38
2004;5;31;152;20.2;15.2;7.2;12.2;8.3;4.7;0.2;0;0.17;3;2.8;0;676;243;112;77;96558;3.86;0.4;0.39;0.38
2004;6;1;153;17.6;14.2;10.7;12.5;10.9;8.9;0.4;-0.7;0.17;3;2.8;0;531;175;81;46;96410;3.13;6.52;0.39;0.38
2004;6;2;154;14.7;12.3;10.1;12;10.1;6.8;1;-1.1;0.17;3;2.8;0;318;72;70;36;96209;1.52;17.6;0.4;0.38
2004;6;3;155;13.3;11.9;9.2;12.3;10;6.5;1.1;-2.3;0.17;3;2.8;0;233;97;58;29;96258;2.21;16.62;0.4;0.38
2004;6;4;156;17.5;13.4;10.9;13.3;12.1;10;0.8;-1.4;0.17;3;2.8;0;420;88;72;23;96451;1.58;9.59;0.42;0.38
2004;6;5;157;16.1;13.2;9.8;11.5;10.4;9;1.2;-0.8;0.17;3;2.8;0;329;117;58;39;96108;2.21;2.6;0.42;0.38
2004;6;6;158;17.5;14.2;10.6;10.7;9.4;8.3;1.7;-3.5;0.17;3;2.8;0;563;189;83;55;96446;3.61;1.73;0.41;0.38
2004;6;7;159;19.9;16.1;11.5;11.6;9.6;8.3;0.7;-1.8;0.17;3;2.8;0;577;226;100;78;96902;3.88;0.04;0.41;0.38
2004;6;8;160;24;18.3;10;15.3;11.8;8.7;0.9;-0.4;0.17;3;2.8;0;640;242;104;74;96947;4.14;0.05;0.4;0.38
2004;6;9;161;27.6;21.2;14.1;17.8;13.9;10.9;0.9;-0.8;0.17;3;2.8;0;671;237;104;71;96892;4.32;0.27;0.4;0.38
2004;6;10;162;26.2;21;14.7;19;16.1;12.8;0.9;0.4;0.17;3;2.8;0;640;210;87;64;96793;3.77;2.36;0.39;0.38
2004;6;11;163;23.3;20.2;16.2;17.8;16.7;15;1;-0.1;0.17;3;2.8;0;513;158;63;47;96500;3.16;10.18;0.39;0.38
2004;6;12;164;22.1;17.9;14.4;15.9;14;12.5;1;-0.7;0.17;3;2.8;0;569;165;80;44;96452;3.41;13.71;0.4;0.38
2004;6;13;165;16.9;14.7;12.9;11.8;9.8;8.5;1.4;-3.6;0.17;3;2.8;0;549;171;69;47;96850;3.62;1.4;0.4;0.38
2004;6;14;166;19.6;15.7;11.9;11.6;9.9;8.8;0.9;-2.6;0.17;3;2.8;0;619;219;96;69;97217;3.8;0.04;0.4;0.38
2004;6;15;167;23.5;17.9;10.4;14.2;10.9;8.4;0.9;-0.1;0.17;3;2.8;0;600;236;111;75;96515;4.11;0;0.39;0.38
2004;6;16;168;17.5;15.2;11.7;12.7;9;5.7;1.3;-2.6;0.17;3;2.8;0;562;150;99;54;96117;2.85;0.36;0.39;0.38
2004;6;17;169;19.7;15.1;9.1;11;8.4;6;0.4;1.1;0.17;3;2.8;0;507;202;102;74;96146;3.47;0.23;0.39;0.38
2004;6;18;170;20.2;16.3;12.3;15.4;12.9;9.6;0.8;0.5;0.17;3;2.8;0;566;190;85;63;95558;3.36;16.69;0.39;0.38
2004;6;19;171;21.3;16.5;10.6;15;13;10;0.6;1.2;0.17;3;2.8;0;605;192;82;53;95428;3.68;6.01;0.39;0.38
2004;6;20;172;15.7;14;12;13.8;11.6;8.3;0.7;-1.9;0.17;3;2.8;0;289;88;36;19;95449;2.67;11.41;0.4;0.38
2004;6;21;173;19;15;10.3;11.9;8.8;7.1;0.6;-0.5;0.17;3;2.8;0;579;211;91;65;96154;3.58;0.27;0.4;0.38
2004;6;22;174;21.5;16.4;10.4;14.9;12.8;9.1;0.5;1.5;0.17;3;2.8;0;630;218;88;63;96594;3.43;2.16;0.4;0.38
2004;6;23;175;23.6;18.6;10.7;15.4;13.7;10.4;0.7;1.8;0.17;3;2.8;0;728;255;106;67;96199;4.46;1.25;0.39;0.38
2004;6;24;176;22.7;18.8;15;15.1;12.7;9.9;0.7;-0.2;0.16;3;2.8;0;525;177;87;50;96095;3.64;6.35;0.39;0.38
2004;6;25;177;15;13.7;10.7;14.1;11.7;8.6;0.7;-1.1;0.16;2.9;2.8;0;158;55;88;36;96533;1.72;23.09;0.41;0.38
2004;6;26;178;20.6;15.8;9.2;12.3;9.4;7;0.3;-0.3;0.16;2.9;2.8;0;557;224;99;75;96957;3.74;0.38;0.41;0.38
2004;6;27;179;24.5;18.5;11.3;16.4;13.4;10.1;0.7;1.1;0.16;2.9;2.8;0;662;209;95;60;96827;3.58;0.06;0.41;0.38
2004;6;28;180;24.9;20;15.1;16.4;14.3;10.9;1.6;-1.3;0.16;2.9;2.8;0;658;209;89;60;96841;4.04;1.68;0.4;0.38
2004;6;29;181;18.9;15.8;11.8;13.1;11.3;9.9;0.5;-0.9;0.16;2.9;2.8;0;486;168;74;59;96982;3.17;7.91;0.4;0.39
2004;6;30;182;21.6;16.8;10;14.9;12.2;8.9;0.4;0.6;0.16;2.9;2.8;0;637;230;103;72;96747;3.91;0.79;0.4;0.39
2004;7;1;183;25.6;18.6;13.7;16.5;14.1;11.4;0.8;1;0.16;2.9;2.8;0;730;228;102;57;96181;4.54;7.84;0.4;0.39
2004;7;2;184;16.5;14.8;12.8;14.3;12.8;11;0.7;0.3;0.16;2.9;2.8;0;184;62;44;31;96299;1.52;8.08;0.4;0.39
2004;7;3;185;20.3;16.5;10.6;12.6;10.1;8.4;1.3;-0.1;0.16;2.9;2.8;0;619;217;93;70;96542;3.98;0.58;0.4;0.39
2004;7;4;186;20.8;17.4;14.7;13.8;12.5;11.6;0.1;1.7;0.16;2.9;2.7;0;593;163;78;49;96760;2.84;0.16;0.4;0.39
2004;7;5;187;26.7;20.4;14.3;17.3;14.5;12.2;1.1;1.1;0.16;2.9;2.7;0;720;242;112;72;96560;4.35;1.7;0.39;0.39
2004;7;6;188;21.7;17.6;14.3;15.8;14;10.8;0.1;-2;0.16;2.8;2.7;0;518;141;65;39;96691;2.83;0.85;0.39;0.39
2004;7;7;189;21;17.4;13.5;14.9;12.9;10.7;-0.2;1.2;0.16;2.8;2.7;0;627;173;76;45;96720;3.18;1.78;0.39;0.39
2004;7;8;190;28.7;21.7;14.5;17.5;15.6;11.3;0.8;3.3;0.16;2.8;2.7;0;656;209;94;59;96044;4.2;0.04;0.39;0.39
2004;7;9;191;21.2;18.6;15.6;15.3;11.5;9.5;1.4;-1;0.16;2.8;2.7;0;475;151;79;54;96036;3.46;5.49;0.38;0.39
2004;7;10;192;19;15.6;11.3;10.5;8.8;7.1;1.2;-2.1;0.16;2.8;2.7;0;480;126;81;47;96293;2.8;0.73;0.38;0.39
2004;7;11;193;15.3;12.7;8.6;10.6;8.7;6.3;1.1;-0.1;0.16;2.8;2.7;0;410;140;88;63;96066;2.49;3.32;0.38;0.39
2004;7;12;194;17.9;13.7;7.5;10.3;7.9;5.6;1.6;-0.9;0.16;2.8;2.7;0;609;207;98;73;95796;3.35;0.53;0.38;0.39
2004;7;13;195;17.8;14.4;11.1;10.6;9;7.7;2.1;-2.9;0.16;2.8;2.7;0;621;218;92;71;96016;3.44;0.49;0.38;0.39
2004;7;14;196;17.8;14.5;11.4;10.7;9.4;8.2;1.5;-2.3;0.16;2.8;2.7;0;604;212;92;70;96488;3.3;0.73;0.37;0.39
2004;7;15;197;18.8;15.2;11.9;12.9;11.2;8.6;1.6;-0.6;0.16;2.8;2.7;0;322;85;64;28;96418;1.74;2.49;0.37;0.39
2004;7;16;198;23;18.5;13.8;17.8;15.4;12.8;0.6;0.5;0.16;2.8;2.7;0;643;182;78;44;96537;3.2;9.12;0.37;0.39
2004;7;17;199;24.8;20.2;13.9;19.2;16.9;13.1;0.2;1;0.16;2.8;2.7;0;622;224;83;64;96672;3.68;1.32;0.38;0.39
2004;7;18;200;27.3;21.6;14.8;19;16.5;14.3;0.3;0.8;0.16;2.8;2.7;0;688;244;102;73;96617;4.34;1.38;0.37;0.39
2004;7;19;201;26.5;21.4;15.1;18.8;16.3;14;1.2;-1;0.16;2.7;2.7;0;690;212;90;61;96612;3.83;0.09;0.37;0.38
2004;7;20;202;26.5;22.5;16.2;18.6;17.2;15.1;0.4;1.9;0.16;2.7;2.7;0;692;238;93;64;96451;4.18;0.03;0.37;0.38
2004;7;21;203;27.5;23.2;18.5;19.5;16.8;15.4;0.9;-0.9;0.16;2.7;2.7;0;692;233;97;69;96571;4.29;0.03;0.36;0.38
2004;7;22;204;27.8;22.7;17.2;20.3;18.6;16;0.8;-0.2;0.16;2.7;2.7;0;642;200;83;60;96691;3.61;4.52;0.36;0.38
2004;7;23;205;26.3;22;17.4;18;16.7;15.2;0.6;-2;0.16;2.7;2.7;0;635;224;92;66;96718;4.04;0.06;0.36;0.38
2004;7;24;206;24.6;20.2;16.6;17.8;16.4;14.5;1.1;-2.2;0.16;2.7;2.7;0;549;138;70;48;96532;2.7;2.5;0.36;0.38
2004;7;25;207;23;19.6;17;16.2;14.9;12.3;1.2;-3.6;0.16;2.7;2.7;0;630;192;84;54;96373;3.39;0.27;0.35;0.38
2004;7;26;208;22.6;19.1;16.2;14.3;12.4;10.6;1.1;-2.6;0.16;2.7;2.7;0;489;169;75;58;96010;3.33;1.16;0.35;0.38
2004;7;27;209;18.6;15.7;13.8;11.6;9.9;8.3;1.9;-4.3;0.16;2.7;2.7;0;549;150;78;55;96250;3.1;1.63;0.35;0.38
2004;7;28;210;17.5;15.4;12.9;9.4;8.4;7;1.4;-4.5;0.16;2.7;2.7;0;443;122;80;47;96483;2.63;0.86;0.35;0.38
2004;7;29;211;16.1;15.2;14.5;12.5;10.9;7.9;1.5;-4.2;0.16;2.7;2.7;0;246;68;47;22;96455;2.07;3.85;0.35;0.38
2004;7;30;212;22.3;18.7;14.7;14.3;13;11.3;0.9;-3.4;0.16;2.7;2.7;0;507;170;73;47;96567;3.17;0.32;0.35;0.38
2004;7;31;213;25;20.2;15.1;13.3;11.7;10.4;0.9;-2.6;0.16;2.7;2.7;0;714;259;121;85;96676;4.43;0;0.34;0.38
2004;8;1;214;24;19.6;14.8;17;15.2;12.1;1.2;-0.9;0.16;2.7;2.7;0;585;185;83;59;96418;3.19;6.88;0.34;0.38
2004;8;2;215;23.5;19.8;15.6;15.7;14.1;12.8;1.2;-1.6;0.16;2.7;2.7;0;543;180;79;60;96237;3.25;0.21;0.34;0.38
2004;8;3;216;23.7;19.3;13.9;15.7;13.9;12.2;0.7;-0.5;0.16;2.7;2.7;0;617;180;87;64;96010;3.08;3.65;0.34;0.38
2004;8;4;217;25;20.1;13.7;15.1;13.1;11.8;0;-1;0.16;2.6;2.7;0;599;209;98;69;96065;3.64;0.08;0.34;0.38
2004;8;5;218;24.6;20.6;14.8;16.7;14.7;11.5;-0.3;0;0.16;2.6;2.7;0;606;196;95;64;96109;3.23;1.36;0.34;0.38
2004;8;6;219;23.6;19.4;15.3;17.7;16.7;15;-0.4;0.1;0.16;2.6;2.7;0;511;172;70;47;96247;3.33;15.05;0.33;0.38
2004;8;7;220;23.5;18.9;15.1;17.7;15.8;14.3;0;-1.2;0.16;2.6;2.7;0;535;161;89;52;96311;2.94;2.58;0.35;0.38
2004;8;8;221;22.6;19;14.6;17.9;15.7;14.3;-0.7;-0.5;0.16;2.6;2.7;0;563;184;86;52;96204;3.11;1.36;0.34;0.38
2004;8;9;222;23.2;18.8;14.7;17.3;15.1;13.6;0.1;-0.8;0.16;2.6;2.7;0;599;192;85;64;96235;3.34;3.75;0.34;0.38
2004;8;10;223;24.8;19.8;14;15.9;14.2;12.6;0.3;-0.1;0.16;2.6;2.7;0;633;211;97;72;96384;3.61;0.16;0.34;0.38
2004;8;11;224;25.5;20.8;15.3;17.2;15.7;13.6;0.8;2.1;0.16;2.6;2.7;0;621;188;80;60;96174;3.25;0;0.34;0.38
2004;8;12;225;26.5;22.1;15.8;19.8;17.9;14.8;0.4;2;0.16;2.6;2.7;0;542;186;73;53;95877;3.3;1.1;0.34;0.38
2004;8;13;226;21.7;19.1;15.6;17.7;13;10.2;1.9;-0.2;0.16;2.6;2.7;0;314;94;83;48;95751;2.51;3.18;0.34;0.38
2004;8;14;227;21.6;17.8;15.2;12;10.6;9.6;3.1;-2.1;0.16;2.6;2.7;0;611;200;98;65;96117;3.56;0.45;0.33;0.38
2004;8;15;228;21.1;17.7;14.2;14.1;12.9;11.4;1.3;-2.2;0.16;2.6;2.7;0;534;164;82;58;96682;2.72;0.66;0.33;0.38
2004;8;16;229;23.1;19;13.2;14.6;12.9;11.5;0.8;2.6;0.16;2.6;2.7;0;576;187;91;67;96407;3.12;0.01;0.33;0.38
2004;8;17;230;25.5;20.8;15.3;15.4;13.9;11.5;0.2;3.3;0.15;2.6;2.7;0;658;221;100;75;96128;3.7;0;0.33;0.38
2004;8;18;231;28.3;22.2;16.4;18.6;15.9;13.7;1;1.2;0.15;2.6;2.7;0;647;214;103;77;96049;3.67;1.39;0.32;0.38
2004;8;19;232;28.8;22.9;16.3;18.7;16.1;13.6;0.5;0.3;0.15;2.6;2.7;0;659;211;101;72;96046;3.52;0;0.32;0.38
2004;8;20;233;24.9;20;17.4;17.8;14.8;11.3;1.3;-1.8;0.15;2.6;2.7;0;508;126;74;40;95875;2.58;2.11;0.32;0.38
2004;8;21;234;19.1;16.6;14;14.4;11.6;8.5;1.8;-2.5;0.15;2.6;2.7;0;308;78;47;30;96029;2.4;3.2;0.32;0.38
2004;8;22;235;19.6;15.9;12.9;10.8;9.6;9;2.7;-3.6;0.15;2.6;2.7;0;574;183;86;69;96726;2.88;0.24;0.32;0.38
2004;8;23;236;21.6;16.9;11.2;12.6;10.7;8.7;0.7;1.5;0.15;2.5;2.7;0;532;183;104;71;97012;2.68;0;0.31;0.38
2004;8;24;237;25.2;19.5;14.4;15;13.6;11.5;1;2.9;0.15;2.5;2.7;0;597;187;93;67;96434;2.9;0.26;0.31;0.38
2004;8;25;238;20.1;17.6;14.3;14.5;12.1;10.2;0.4;0;0.15;2.5;2.7;0;403;103;60;36;96251;2.22;5.3;0.31;0.38
2004;8;26;239;15.2;14.2;13.5;13.2;11.7;10.1;1.8;-2.5;0.15;2.5;2.7;0;118;39;70;30;95841;2.12;8.25;0.32;0.38
2004;8;27;240;19.3;15.5;11.4;10.9;8.9;6.7;2.5;-2.7;0.15;2.5;2.7;0;538;182;106;76;96249;2.85;0.08;0.32;0.37
2004;8;28;241;23.6;17.6;10.1;13.2;11.1;8;0.6;1.3;0.15;2.5;2.7;0;638;206;116;78;96406;3.06;0;0.32;0.37
2004;8;29;242;23.7;18.9;13.2;15.3;13.5;11.7;0.2;2.2;0.15;2.5;2.7;0;609;187;102;69;96432;2.8;0.11;0.31;0.37
2004;8;30;243;23.7;19.1;13.5;15.8;14.2;12.7;0.5;0.9;0.15;2.5;2.7;0;572;174;96;64;96293;2.73;0.82;0.31;0.37
2004;8;31;244;16.5;14.2;12.1;13;11.4;10.1;0.4;-1.6;0.15;2.5;2.7;0;170;35;48;25;96521;1.55;5.45;0.31;0.37
2004;9;1;245;17.5;14.2;10.6;11.3;9.7;8.8;0.6;0.6;0.15;2.5;2.7;0;358;105;83;47;96742;1.67;0.08;0.31;0.37
2004;9;2;246;19.3;14.8;9.3;12.4;10.7;8;0.2;1.2;0.15;2.5;2.7;0;449;140;84;57;96903;1.88;0.01;0.31;0.37
2004;9;3;247;22.7;17;12.2;13.9;12.6;11.3;0.5;-0.1;0.15;2.5;2.7;0;478;155;85;60;97176;2.22;0;0.31;0.37
2004;9;4;248;22.7;18.1;12.6;14.4;12.8;10.8;0.8;-1.8;0.15;2.5;2.7;0;507;158;85;65;97386;2.39;0.26;0.31;0.37
2004;9;5;249;20.8;17.3;13.6;12.2;11.3;9.3;0.5;-2.2;0.15;2.5;2.7;0;562;142;91;63;97489;2.17;0.07;0.3;0.37
2004;9;6;250;22.1;17.5;13.1;13.4;11.6;10.6;-0.4;0.7;0.15;2.5;2.7;0;550;168;110;72;97479;2.27;0;0.3;0.37
2004;9;7;251;22.5;17.3;12.3;13.6;11.5;10.1;0.4;0.7;0.15;2.5;2.7;0;500;166;111;72;97423;2.26;0;0.3;0.37
2004;9;8;252;21.6;17;12.8;12.3;8.2;4.2;1.2;-3.2;0.15;2.5;2.7;0;545;164;113;77;97323;2.5;0.08;0.3;0.37
2004;9;9;253;16.4;13;8.9;5.4;3.3;1.8;-0.1;-3.1;0.15;2.5;2.7;0;619;193;126;99;97680;2.39;0;0.3;0.37
2004;9;10;254;16.9;12.3;7.9;6.2;4.8;1.8;-0.1;1.3;0.15;2.5;2.7;0;605;195;126;95;97527;2.08;0;0.29;0.37
2004;9;11;255;20.2;14.8;9.8;8.8;6.9;4.1;0.8;3.3;0.15;2.5;2.7;0;576;184;116;88;96998;2.22;0;0.29;0.37
2004;9;12;256;22.2;15.5;9.7;15.2;11.7;8.2;0.7;0;0.15;2.5;2.7;0;575;142;100;56;96526;2.03;8.64;0.29;0.37
2004;9;13;257;20.6;16;10.1;12.9;11;9.5;0.9;1.6;0.15;2.5;2.7;0;548;166;105;73;96604;2.4;0;0.3;0.37
2004;9;14;258;23.2;17.8;11.2;13.7;12.3;10.3;0.4;2.3;0.15;2.5;2.7;0;577;177;120;82;96332;2.35;0.01;0.3;0.37
2004;9;15;259;17.2;15.6;12.9;14.4;13.1;10.8;0.8;-1.5;0.15;2.5;2.7;0;147;35;52;21;96374;1.46;7.22;0.3;0.37
2004;9;16;260;17.1;14.2;11.3;10.4;7.8;4;1.1;-3.3;0.15;2.4;2.7;0;526;124;81;52;97023;2.21;0.08;0.3;0.37
2004;9;17;261;16.1;12.2;8.4;7.5;4.5;3.5;0.1;-1.1;0.15;2.4;2.7;0;582;178;128;92;97411;2.16;0;0.3;0.37
2004;9;18;262;18;12.6;6.9;8.7;7;4.3;-0.2;2.3;0.14;2.4;2.7;0;577;173;119;85;97002;1.93;0;0.29;0.37
2004;9;19;263;18.2;13.7;8.5;11;9;6;0.1;1.9;0.14;2.4;2.7;0;451;127;97;64;96590;1.47;0;0.29;0.37
2004;9;20;264;21.2;16;10.3;12.9;11.7;9.5;0.6;1.5;0.14;2.3;2.7;0;508;137;102;62;96514;1.72;0.04;0.29;0.37
2004;9;21;265;19.2;15.5;11.3;12.5;9.4;3.6;1.9;-1.2;0.14;2.3;2.7;0;265;84;71;48;96222;1.4;0.31;0.29;0.37
2004;9;22;266;15;12.4;10.1;5.7;3.5;2.3;3.4;-1.6;0.14;2.3;2.7;0;500;141;103;82;96225;1.79;0.34;0.29;0.37
2004;9;23;267;14.5;12.3;9.4;12;10;5.1;1;1;0.14;2.3;2.7;0;146;34;29;17;95326;1.28;11.09;0.29;0.37
2004;9;24;268;11.6;9.9;8.3;10.2;6.5;5.1;1.5;-2.1;0.14;2.2;2.7;0;195;47;46;32;95597;2.12;5.05;0.3;0.37
2004;9;25;269;13.2;10.2;7.8;6.5;5.5;4.4;2;-3.6;0.14;2.2;2.7;0;458;115;77;55;96113;1.62;0.09;0.3;0.37
2004;9;26;270;13.5;10.5;8.4;7.3;5.4;3.1;1.7;-3.6;0.14;2.2;2.7;0;389;114;95;66;96615;1.32;0.02;0.3;0.37
2004;9;27;271;14.4;10.9;7.8;7.1;5.4;3.9;1.9;-2.8;0.14;2.1;2.7;0;442;100;78;56;96758;1.28;0.13;0.3;0.37
2004;9;28;272;16;12.1;9.4;10.6;9;5.8;0.8;0.5;0.14;2.1;2.6;0;272;66;69;31;96757;0.93;1.14;0.3;0.37
2004;9;29;273;19.1;13.4;8;11.8;9.6;7.5;0.9;0.9;0.14;2.1;2.6;0;494;124;107;56;96446;1.53;2.16;0.3;0.37
2004;9;30;274;16.2;12.4;8.2;11.4;9.7;7.2;0.9;-0.6;0.14;2.1;2.6;0;374;91;70;48;96710;1.49;3.6;0.3;0.37
2004;10;1;275;14.5;11.2;7.2;10.7;9.2;6.5;0.2;0.6;0.14;2;2.6;0;284;64;59;30;96956;0.89;2;0.3;0.37
2004;10;2;276;18.1;13.5;9.9;12.2;11.1;9.3;0.7;0.8;0.14;2;2.6;0;465;128;98;54;96941;1.55;1.78;0.3;0.36
2004;10;3;277;18.2;13.9;10.5;11.7;9.6;7.4;0.8;-0.7;0.14;2;2.6;0;420;112;88;52;97166;1.55;0.15;0.3;0.36
2004;10;4;278;17.3;13.2;9.7;11.3;10;8.8;0.6;2.8;0.14;2;2.6;0;341;86;85;55;97055;0.98;0.02;0.3;0.36
2004;10;5;279;19.8;14.3;9.4;13.9;11.8;8.9;0;2.1;0.14;1.9;2.6;0;478;123;107;72;96856;1.09;0;0.3;0.36
2004;10;6;280;18.8;14.8;11.8;12.7;12.2;11.1;0;2.9;0.14;1.9;2.6;0;462;110;103;63;96683;1.05;0;0.3;0.36
2004;10;7;281;18.5;14;10.6;14;12.2;10.2;0.3;-0.3;0.14;1.9;2.6;0;305;84;63;43;96680;0.95;1.02;0.3;0.36
2004;10;8;282;19.1;14.2;9.1;13.1;11.6;8.9;0.8;1.9;0.14;1.9;2.6;0;343;88;78;50;96356;1;0;0.3;0.36
2004;10;9;283;12.7;11.4;9.8;11.8;8.8;6.7;0.6;-2.6;0.14;1.8;2.6;0;255;57;52;25;96254;1.01;2.41;0.3;0.36
2004;10;10;284;9.7;8;6.2;7.2;5.9;2.9;-0.1;-2.5;0.14;1.8;2.6;0;196;31;47;13;96232;1.3;5.3;0.3;0.36
2004;10;11;285;9;6;2.8;3.1;1;-2.1;-0.1;-2.8;0.14;1.8;2.6;0;339;93;81;57;96944;1.22;0.33;0.3;0.36
2004;10;12;286;7.9;5.3;2.6;4.7;0.6;-2.6;-1.6;1;0.14;1.8;2.6;0;379;84;82;44;97494;0.83;0.69;0.3;0.36
2004;10;13;287;6.2;4.7;3.8;4.8;2;0.7;-1.5;3.1;0.14;1.7;2.6;0;117;30;28;18;97254;0.94;1.36;0.3;0.36
2004;10;14;288;6.7;5.1;3.9;3.8;2.7;1.6;-0.8;3.6;0.14;1.7;2.6;0;171;38;30;15;96403;0.36;0;0.3;0.36
2004;10;15;289;8.3;6.2;4.3;6.4;4.7;2.7;0.1;3.5;0.14;1.7;2.6;0;143;27;55;20;95552;0.36;0.57;0.3;0.36
2004;10;16;290;8.7;7.2;2.8;8;5.8;2.2;0.7;0.3;0.14;1.7;2.6;0;58;14;76;23;95077;0.59;9.56;0.31;0.36
2004;10;17;291;9.6;5.2;2.4;4.7;2.9;1.2;0.9;0.5;0.13;1.7;2.6;0;210;42;101;51;95435;0.61;3.65;0.31;0.36
2004;10;18;292;12.9;7.1;1.3;5.8;3;-0.2;0.6;0.5;0.13;1.6;2.6;0;399;110;114;76;95993;0.94;0.08;0.31;0.36
2004;10;19;293;13.4;7.8;1.8;7.3;4.7;0.8;0.7;0.8;0.13;1.6;2.6;0;384;100;101;63;96141;0.81;0;0.31;0.36
2004;10;20;294;14.2;9.8;3.8;10.6;7.1;3;0.1;1.5;0.13;1.6;2.6;0;351;90;90;49;96200;0.76;0;0.31;0.36
2004;10;21;295;17.1;12.9;9.5;13.1;11.4;8.6;0.3;0.1;0.13;1.6;2.6;0;326;71;75;32;96257;0.57;0.84;0.31;0.36
2004;10;22;296;13.2;12.1;11.3;13.1;11.9;11.1;-0.2;0;0.13;1.6;2.6;0;84;14;12;4;96865;0.18;10.17;0.32;0.36
2004;10;23;297;18.1;13.2;10.5;12.5;11.4;9.7;0.4;1.2;0.13;1.6;2.6;0;383;89;104;48;96715;0.88;0.02;0.32;0.36
2004;10;24;298;17.6;11.7;6.9;11.9;9.3;6.4;0.7;1.1;0.13;1.6;2.6;0;387;100;115;80;96477;0.77;0;0.32;0.36
2004;10;25;299;15.4;9.8;5.6;10.4;7.9;4.9;0.2;0.4;0.13;1.6;2.6;0;321;76;93;55;96262;0.68;0.06;0.32;0.36
2004;10;26;300;15.2;10.1;7;11.4;9;6.7;0.2;0.4;0.13;1.6;2.6;0;252;58;69;37;95900;0.43;0;0.32;0.36
2004;10;27;301;16.1;11.3;6.7;12.3;9.8;6.6;0.5;2;0.13;1.6;2.6;0;276;62;71;44;95669;0.49;0;0.32;0.36
2004;10;28;302;17.7;14.2;11.1;12.1;10.9;8.6;0.8;4.1;0.13;1.5;2.6;0;338;83;94;62;95490;0.9;0;0.32;0.36
2004;10;29;303;17.6;14.1;10.6;11.3;9.8;7.8;1.4;4.3;0.13;1.5;2.6;0;361;83;88;66;95285;1.16;0.77;0.32;0.36
2004;10;30;304;19;14.5;10.6;12.9;11.2;8.5;1;2.1;0.13;1.5;2.6;0;343;79;97;55;95548;1.02;0.49;0.32;0.36
2004;10;31;305;11;10.2;9.3;9.6;8.7;7.3;0.7;-1.8;0.12;1.5;2.6;0;91;15;46;16;96316;0.63;6.56;0.32;0.36
2004;11;1;306;14.3;11.4;8.5;10.6;9.5;7.5;0.2;0.5;0.12;1.5;2.6;0;227;54;55;38;96590;0.53;0;0.32;0.36
2004;11;2;307;16.4;13.1;10.5;12.9;11.7;10;-0.4;1.6;0.12;1.5;2.6;0;212;47;47;23;96721;0.47;0.34;0.32;0.36
2004;11;3;308;16.3;13.3;12.1;12.6;12.1;11.6;-0.6;2.3;0.12;1.5;2.6;0;235;43;48;23;97037;0.48;0.22;0.32;0.36
2004;11;4;309;14.6;12.2;10.1;11.6;10.4;9;-0.2;3.4;0.12;1.5;2.6;0;254;55;62;36;97021;0.5;0.06;0.32;0.36
2004;11;5;310;13.1;10.6;8.3;10.1;8.9;6.6;-0.2;-0.2;0.12;1.5;2.6;0;166;32;45;23;96921;0.5;0.75;0.32;0.36
2004;11;6;311;9.7;7.3;5;5.7;1.8;0.2;1.4;-2.2;0.12;1.4;2.6;0;294;60;82;62;96654;0.77;0.01;0.32;0.36
2004;11;7;312;7.1;4.3;2.2;1.6;0.2;-1.5;1.2;-2;0.12;1.4;2.6;0;295;71;91;73;96248;0.59;0.24;0.32;0.36
2004;11;8;313;4.5;2.6;0.9;0.1;-0.7;-1.7;1;-4.6;0.12;1.4;2.6;0.19;248;60;70;48;95972;0.62;4.94;0.32;0.36
2004;11;9;314;1.8;0.5;-2.2;0.6;-0.6;-2.4;1.6;-0.8;0.3;1.4;2.6;11.85;60;12;68;24;95298;0.42;15.97;0.32;0.36
2004;11;10;315;5;1.5;-3;2.6;0.3;-3.3;-0.1;-0.3;0.33;1.4;2.6;13.31;149;32;55;23;95900;0.15;0.08;0.33;0.36
2004;11;11;316;9;6.2;4.2;6.5;5.2;2.9;0;-0.3;0.25;1.4;2.6;8.7;140;33;32;8;96384;0.12;1.42;0.33;0.36
2004;11;12;317;13.5;9.5;6.2;9.1;7.8;5.3;0.2;1.1;0.18;1.4;2.6;3.94;284;59;82;25;96670;0.32;0.03;0.34;0.36
2004;11;13;318;7.3;4.8;2.2;7;2;-1.8;1.6;-3.4;0.14;1.4;2.6;1.72;107;21;55;27;96221;1.14;2.23;0.34;0.36
2004;11;14;319;3.7;1.8;0.4;-1.9;-3.8;-5.9;0.9;-6.6;0.13;1.4;2.6;1.47;214;47;78;45;96764;0.61;0.11;0.34;0.36
2004;11;15;320;2.9;1;-0.1;-4.3;-5.2;-6.1;1.8;-5.1;0.13;1.3;2.6;1.54;199;44;74;44;96744;0.57;0.16;0.34;0.36
2004;11;16;321;5.2;3.2;0.3;-0.3;-3.3;-7.7;2.7;-2.7;0.13;1.3;2.6;1.39;156;33;80;45;96805;0.47;0;0.34;0.36
2004;11;17;322;9.7;5.3;1.3;3.7;1.5;-0.9;1.3;0.6;0.13;1.4;2.6;0.99;244;39;70;41;96847;0.27;0.01;0.34;0.36
2004;11;18;323;11.1;5.7;2.1;3.6;1.1;-0.3;1.5;0.7;0.12;1.4;2.6;0.72;230;52;81;54;96082;0.36;0;0.34;0.36
2004;11;19;324;8;2.9;-0.3;2.3;-1.8;-4.7;2.6;-1.9;0.12;1.4;2.6;0.69;212;44;94;53;95019;0.84;2.64;0.34;0.36
2004;11;20;325;2;0;-0.9;-5;-6.2;-8.2;3.4;-1.9;0.13;1.4;2.6;1.34;315;69;107;82;96156;0.6;0.23;0.34;0.36
2004;11;21;326;2.1;-0.5;-3.6;-4.9;-6.3;-8.1;3.2;-2.3;0.14;1.4;2.6;1.6;290;65;101;85;96851;0.51;0.34;0.34;0.36
2004;11;22;327;3;0;-4.9;0.1;-4.1;-10.1;1.4;1.4;0.15;1.4;2.6;2.38;86;20;75;31;96744;0.24;1.74;0.34;0.36
2004;11;23;328;9.7;4.9;1.1;4.1;1.2;-3.9;2.6;-1;0.15;1.4;2.6;2.05;262;57;84;56;96385;0.96;2.91;0.34;0.36
2004;11;24;329;2.4;0.4;-1.8;-4.4;-7.3;-9.4;2.6;-4.4;0.13;1.4;2.6;1.46;307;66;113;95;97424;0.67;0;0.34;0.36
2004;11;25;330;2.4;-1.3;-3;-6.6;-8.2;-9.3;0.8;-0.7;0.13;1.4;2.6;1.39;302;67;116;88;97627;0.41;0;0.34;0.36
2004;11;26;331;6.5;0;-3.2;-1.3;-5.2;-9.2;0.9;0.5;0.13;1.4;2.6;1.22;290;64;103;66;97076;0.25;0;0.34;0.36
2004;11;27;332;7.1;2.1;-1.5;2.5;-0.2;-3.9;1.3;0.1;0.13;1.4;2.6;1.04;185;35;85;32;96906;0.14;0.35;0.34;0.36
2004;11;28;333;7.9;2.4;-1.6;3.4;0.5;-2.3;0.9;1.3;0.13;1.4;2.6;0.82;278;57;92;57;96580;0.32;0;0.34;0.36
2004;11;29;334;5.7;2.3;-0.3;2.2;0.6;-1.4;0.2;-0.4;0.12;1.4;2.6;0.64;161;34;62;32;96278;0.13;0.01;0.34;0.36
2004;11;30;335;2.7;2.2;1.5;2.5;1.8;1.2;-1.1;0.7;0.12;1.4;2.6;0.54;85;13;11;5;96480;0.1;0.95;0.34;0.36
2004;12;1;336;6;4.1;2.6;4.4;3.3;1.6;-0.2;2.3;0.12;1.4;2.6;0.36;119;21;57;12;96129;0.28;1.22;0.34;0.36
2004;12;2;337;8.1;3;-1;3;0.4;-3;0.4;0;0.12;1.4;2.6;0.19;276;58;99;65;95924;0.29;0;0.34;0.36
2004;12;3;338;6.5;2.3;-0.4;3.2;0.9;-1;0.6;-0.1;0.12;1.4;2.6;0.16;161;34;77;41;96609;0.15;0.01;0.34;0.36
2004;12;4;339;4.9;2.1;-0.9;2.6;0.9;-1.8;0.1;-0.5;0.11;1.4;2.6;0.16;113;22;45;21;97566;0.1;0.06;0.34;0.36
2004;12;5;340;5.6;2.7;1.1;2.9;1.6;0.6;0.1;1.4;0.11;1.4;2.6;0.12;159;32;70;34;97476;0.15;0.21;0.34;0.36
2004;12;6;341;6;1.7;-2;1.3;-0.8;-3.1;0.9;-0.6;0.11;1.4;2.6;0.07;215;43;98;52;97415;0.3;0;0.34;0.36
2004;12;7;342;4.5;0.7;-2.2;2.3;-0.5;-3.3;0.3;0.8;0.11;1.4;2.6;0.04;230;44;65;46;97618;0.11;0;0.34;0.36
2004;12;8;343;3.7;0.6;-1.8;0.2;-0.7;-2.9;0.1;-0.8;0.11;1.4;2.6;0.09;183;36;71;39;97671;0.18;0.07;0.34;0.36
2004;12;9;344;3.3;0.1;-2.9;-0.3;-1.5;-3.8;-0.2;0.1;0.11;1.4;2.6;0.08;261;52;107;57;97733;0.13;0.05;0.34;0.36
2004;12;10;345;2.4;-0.8;-2.9;-1.7;-2.7;-4.6;-0.4;1.2;0.11;1.4;2.6;0.15;194;44;89;52;97508;0.17;0.02;0.34;0.36
2004;12;11;346;4.3;-0.7;-3.2;-0.7;-3.3;-5.2;-0.1;1;0.11;1.4;2.6;0.15;252;53;103;68;97480;0.05;0;0.34;0.36
2004;12;12;347;0.5;-1.9;-3.2;-2.5;-3.5;-4.3;-0.4;-0.3;0.11;1.4;2.6;0.15;168;35;60;45;97609;0.04;0;0.34;0.36
2004;12;13;348;0.4;-2.2;-3.6;-3.8;-4.3;-4.6;-0.5;0;0.11;1.4;2.6;0.15;192;40;81;47;97719;0.03;0.01;0.34;0.36
2004;12;14;349;0.7;-2.7;-4.4;-4.1;-4.8;-5.9;-0.4;1;0.11;1.4;2.6;0.15;217;45;92;61;97750;0.02;0;0.34;0.36
2004;12;15;350;0.1;-3.2;-4.8;-4.8;-5.8;-6.3;-0.5;1.4;0.11;1.4;2.6;0.15;206;44;93;61;97442;0.02;0;0.34;0.36
2004;12;16;351;-0.9;-3.5;-5.6;-5.1;-6.2;-6.9;-0.4;2.1;0.11;1.4;2.6;0.15;215;44;86;52;96744;0;0.02;0.34;0.36
2004;12;17;352;1.2;-1.1;-2.9;-0.5;-2.3;-5;0.2;1.4;0.11;1.4;2.6;0.16;107;21;43;20;95419;0.12;0.95;0.34;0.36
2004;12;18;353;3.7;0.8;-0.9;-0.8;-3.5;-8.7;2.5;-1.9;0.12;1.4;2.6;0.36;192;36;95;49;94889;0.4;0.74;0.34;0.36
2004;12;19;354;3.8;-0.4;-3.5;-1.1;-6.3;-9.7;0.8;0.2;0.12;1.4;2.6;0.41;233;47;96;59;95205;0.07;0.82;0.34;0.36
2004;12;20;355;0.1;-2.3;-4.2;-4.4;-8.7;-11.9;1.2;-2.9;0.13;1.3;2.6;1.15;257;54;112;84;96520;0.07;0.01;0.34;0.36
2004;12;21;356;1;-2.8;-5.5;-4;-7.7;-12.3;0.4;-0.3;0.13;1.3;2.6;1.12;255;54;109;77;97092;0;0;0.34;0.36
2004;12;22;357;0.3;-3.8;-6.2;-4.3;-6.5;-9;0.6;0.8;0.13;1.3;2.6;1.05;247;50;103;70;96931;0.02;0;0.34;0.36
2004;12;23;358;4.3;-0.1;-5;1.1;-6.1;-8.6;1.6;1.2;0.13;1.3;2.6;1.07;95;16;66;21;95974;0.01;0.2;0.34;0.36
2004;12;24;359;8.1;3.3;0.3;4.1;0.7;-1.7;1.2;0.6;0.12;1.3;2.6;0.88;211;40;78;41;95786;0.02;0;0.34;0.36
2004;12;25;360;7.2;3.3;-0.1;2.3;0.4;-2.1;1.4;3.5;0.12;1.3;2.6;0.67;254;53;99;65;95089;0.16;0;0.34;0.36
2004;12;26;361;5.7;4.4;2.9;4.8;3.5;2.4;-0.4;2.7;0.12;1.3;2.6;0.36;97;16;49;16;94886;0.09;4.9;0.34;0.36
2004;12;27;362;3.2;1.9;-0.4;2.1;0.8;-1.8;0.9;-1;0.12;1.3;2.6;0.59;60;13;41;12;95491;0.3;7.31;0.35;0.36
2004;12;28;363;2.3;0.4;-0.9;0.3;-0.8;-2;0.2;0.1;0.13;1.3;2.6;1.01;90;19;61;20;95765;0.19;1.16;0.35;0.36
2004;12;29;364;3.3;1.1;-0.2;-0.7;-2.8;-4.3;2;-4.1;0.13;1.3;2.6;1.18;243;50;89;68;96423;0.56;0.05;0.35;0.36
2004;12;30;365;2.1;0.1;-2.6;-3.2;-3.8;-4.7;1.3;-3.2;0.13;1.3;2.6;1.16;205;42;78;61;97631;0.26;0.01;0.35;0.36
2004;12;31;366;4;0.1;-3.2;-0.9;-3.8;-7.1;1.1;0.8;0.13;1.3;2.6;1.09;113;24;63;33;97329;0.05;0.01;0.35;0.36
2005;1;1;1;5;2.2;-0.1;2.6;0.4;-1.7;1.5;-0.3;0.13;1.3;2.6;0.99;86;18;46;16;97028;0.16;1.66;0.35;0.36
2005;1;2;2;8.7;3.2;-0.8;4.1;0.2;-3.9;2.1;-0.6;0.12;1.3;2.6;0.76;236;40;86;46;96596;0.6;0.82;0.35;0.36
2005;1;3;3;4.2;2.1;0;-2.7;-3.9;-5.2;4;-2.3;0.12;1.3;2.6;0.61;261;54;100;77;97172;0.58;0.31;0.35;0.36
2005;1;4;4;6;4.4;3.4;-0.1;-2.1;-6;2.9;-1.3;0.12;1.2;2.6;0.71;105;21;75;45;97061;0.65;1.09;0.35;0.36
2005;1;5;5;8.8;3.2;-0.6;-1.4;-3.1;-5.1;1.6;0;0.12;1.2;2.6;0.62;239;48;90;50;97261;0.3;0;0.35;0.36
2005;1;6;6;8;4.1;1.3;4.3;0.2;-2.9;2.2;-2.1;0.12;1.2;2.6;0.49;227;39;86;46;97230;0.45;1.69;0.35;0.36
2005;1;7;7;9.3;3.4;-0.3;3.4;0.3;-2;1.3;1;0.11;1.2;2.5;0.32;243;49;82;59;97761;0.24;0;0.35;0.36
2005;1;8;8;10.7;3;-0.8;5;-0.7;-4.9;1.3;0.7;0.11;1.2;2.5;0.24;279;61;112;70;97113;0.15;0;0.35;0.36
2005;1;9;9;9.8;3.4;-1.1;5.1;0.6;-5;1.2;0.3;0.11;1.2;2.5;0.19;236;41;70;41;97447;0.12;0;0.35;0.36
2005;1;10;10;10.6;3.2;-0.9;3.7;0.4;-2.3;1.5;1.3;0.11;1.2;2.5;0.15;270;59;96;63;97525;0.28;0;0.35;0.36
2005;1;11;11;8.3;1.5;-2.2;3.7;-1.2;-4;1.4;0;0.11;1.2;2.5;0.1;206;49;97;61;97484;0.09;0;0.35;0.36
2005;1;12;12;7.7;1.8;-2.1;2.9;-1.5;-4.1;1.2;0.5;0.11;1.2;2.5;0.05;278;59;104;62;97295;0.16;0;0.35;0.36
2005;1;13;13;6;1.4;-1.7;3.1;-1.5;-4.1;1.8;-0.9;0.11;1.2;2.5;0.05;137;29;86;46;97088;0.23;0.47;0.35;0.36
2005;1;14;14;3;0.6;-1.2;-2.2;-3.4;-4;2.1;-2.4;0.11;1.2;2.5;0.14;260;58;95;77;97318;0.32;0.3;0.35;0.36
2005;1;15;15;2.3;0.1;-2.5;-1.9;-3.1;-4.3;1.4;-2.9;0.11;1.2;2.5;0.28;183;45;92;67;97508;0.21;0.32;0.35;0.36
2005;1;16;16;2.1;-1.6;-3.8;-3.5;-5.1;-7.3;0.1;0.7;0.11;1.2;2.5;0.38;299;66;114;82;97692;0.14;0;0.35;0.36
2005;1;17;17;3.2;-1.3;-3.6;-5.8;-6.9;-7.9;0.3;2.6;0.11;1.2;2.5;0.34;305;69;115;91;97216;0.06;0;0.35;0.36
2005;1;18;18;-0.9;-3.1;-4.6;-5.8;-6.7;-7.9;-0.4;3;0.11;1.2;2.5;0.33;176;42;86;59;95618;0.01;0.12;0.35;0.36
2005;1;19;19;3.5;-1.1;-4.2;-4.5;-5;-6.2;0.9;-1.4;0.13;1.2;2.5;0.92;287;64;106;65;95595;0.05;0.6;0.35;0.36
2005;1;20;20;2.9;0.1;-3.7;-0.5;-3.9;-6.6;1.8;2.1;0.13;1.2;2.5;1.07;119;25;69;41;95507;0.2;1.79;0.35;0.36
2005;1;21;21;4.9;3;1.1;1.9;-1.6;-5.5;3.8;-1.4;0.13;1.2;2.5;1.19;254;45;88;55;94688;0.84;7.74;0.36;0.36
2005;1;22;22;2.9;0.8;-0.5;-4;-5;-6.3;4.1;-2.7;0.13;1.1;2.5;1.3;270;60;96;83;95458;0.47;0.34;0.36;0.36
2005;1;23;23;2.5;-1.4;-5.6;-3.7;-5.2;-8.1;1.7;-0.7;0.14;1.1;2.5;1.77;285;59;91;68;96027;0.27;1.03;0.36;0.36
2005;1;24;24;1.2;-2.8;-6.4;-4.5;-6.8;-9.7;1.1;0;0.15;1.1;2.5;2.49;196;43;73;48;95636;0.15;2.24;0.36;0.36
2005;1;25;25;-2.3;-4;-5.9;-6.6;-8.6;-9.9;1;-4.5;0.18;1.1;2.5;4.21;226;51;70;49;95762;0.26;0.45;0.36;0.36
2005;1;26;26;-5;-6.3;-8;-7.9;-9.5;-10.7;1.8;-6.3;0.26;1.1;2.5;8.63;94;20;64;23;95441;0.28;11.9;0.36;0.36
2005;1;27;27;-6.9;-8;-9.5;-10;-11.6;-12.8;1.9;-4.9;0.4;1.1;2.5;18.23;157;36;69;43;95666;0.45;3.21;0.36;0.36
2005;1;28;28;-6;-10.5;-14.3;-10;-13.3;-16.8;0.6;-1.8;0.4;1.1;2.5;18.6;219;46;81;57;95943;0.14;0.18;0.35;0.36
2005;1;29;29;-6.2;-8.5;-12.1;-10.7;-11.7;-13.9;1.2;-3.6;0.4;1.1;2.5;18.64;234;54;90;58;96409;0.33;0.15;0.35;0.36
2005;1;30;30;-5.6;-8.2;-10.9;-10.9;-12;-14.6;1.9;-3.3;0.4;1.1;2.5;18.35;248;59;100;83;97072;0.3;0;0.35;0.36
2005;1;31;31;1.9;-2.1;-11.2;-2.6;-6.7;-14.9;3.3;-1.1;0.39;1.1;2.5;18.52;141;25;57;19;96306;0.59;1.93;0.35;0.36
2005;2;1;32;1.4;-0.3;-2.1;-2.2;-3.7;-4.9;2.2;-3.7;0.39;1.1;2.5;20.34;224;49;84;61;95998;0.54;2.56;0.35;0.36
2005;2;2;33;0.8;-1.3;-3;-3.5;-4.9;-6.5;2.1;-3.2;0.39;1.1;2.5;21.39;218;53;78;63;96586;0.51;1.15;0.35;0.36
2005;2;3;34;0.6;-1.7;-3.3;-1.6;-3.3;-4.9;0.5;-2.1;0.39;1.1;2.5;26.58;135;28;80;34;96924;0.19;7.6;0.35;0.36
2005;2;4;35;-0.7;-3.5;-6.5;-5.2;-6.3;-8.5;1;-3;0.39;1.1;2.5;29.09;244;54;86;64;97716;0.29;0.11;0.35;0.36
2005;2;5;36;-2.6;-7.8;-14.7;-6.5;-10;-16.1;0.4;-0.6;0.39;1.1;2.5;28.91;260;61;92;67;97621;0.15;0;0.35;0.36
2005;2;6;37;-2.5;-9.8;-15.1;-6.3;-11.9;-16.4;0.2;1.6;0.38;1.1;2.5;28.66;278;66;110;60;97763;0.17;0;0.35;0.36
2005;2;7;38;-4.5;-9.3;-13.5;-9;-11.8;-14.8;-0.1;2.4;0.38;1.1;2.5;28.48;270;62;110;55;98017;0.21;0.02;0.35;0.36
2005;2;8;39;-4;-8.7;-12.1;-9.9;-12.6;-15.6;0;2.9;0.38;1.1;2.5;28.2;292;72;110;82;98142;0.31;0;0.35;0.36
2005;2;9;40;-1.4;-9;-15.6;-8;-13.8;-19.1;0.3;1.6;0.38;1.1;2.5;27.77;299;74;126;76;98078;0.38;0;0.35;0.36
2005;2;10;41;2.2;-3.6;-9.7;-2.8;-9.3;-16.6;0.7;0.8;0.37;1.1;2.5;26.52;289;71;111;51;97731;0.34;0.02;0.35;0.36
2005;2;11;42;2.8;1.3;-0.1;1.2;-0.4;-2.5;1;0.9;0.37;1.1;2.5;24.6;75;20;24;9;96965;-0.03;2.26;0.36;0.36
2005;2;12;43;2.5;1.6;0.7;0.5;0.2;-0.4;1;1.8;0.36;1.1;2.5;22;54;12;42;11;95659;0;4.35;0.36;0.36
2005;2;13;44;4.8;1.1;-3.9;0;-3.7;-8.3;2.2;0;0.33;1.1;2.5;18.93;310;72;110;60;94275;0.55;1.78;0.37;0.36
2005;2;14;45;2.5;-2.3;-6.9;-4.4;-7;-10.2;1.6;-1.6;0.31;1.1;2.5;16.86;311;80;98;63;94529;0.45;0.19;0.37;0.36
2005;2;15;46;-0.7;-3.2;-7.3;-5.3;-6.8;-9.2;1.4;-4.8;0.31;1.1;2.5;16.61;189;46;55;33;94764;0.59;4.16;0.37;0.36
2005;2;16;47;-0.5;-2.1;-3;-4.6;-5.2;-5.8;2.1;-4.3;0.37;1.1;2.5;21.68;203;49;64;36;95344;0.56;2.59;0.37;0.36
2005;2;17;48;-0.6;-2;-2.7;-4.5;-5.2;-5.8;2.3;-4.8;0.37;1.1;2.5;21.91;204;52;57;36;96126;0.6;1.22;0.37;0.36
2005;2;18;49;-0.5;-3.2;-6.5;-5.4;-6.8;-9.1;1.5;-3.3;0.37;1.1;2.5;22.66;267;65;78;52;96335;0.52;0.49;0.37;0.36
2005;2;19;50;2.1;-3.6;-10.3;-3.3;-7.4;-13.4;0.6;0.8;0.36;1.1;2.5;21.5;276;68;100;56;95709;0.29;0.1;0.37;0.36
2005;2;20;51;2;-1.8;-5.6;-3.4;-5.8;-8.8;-0.1;0.7;0.34;1.1;2.5;19.88;252;63;85;43;95432;0.32;0.58;0.37;0.36
2005;2;21;52;-2;-3;-5.5;-3;-4.7;-7.3;-1.2;-1;0.36;1.1;2.5;22.38;76;21;36;13;95288;0.16;6.59;0.37;0.36
2005;2;22;53;2.4;-1.3;-3.8;-2.4;-3.4;-4.4;-0.2;1.2;0.4;1.1;2.5;31.94;330;77;110;42;94958;0.32;7.91;0.37;0.36
2005;2;23;54;1.8;-1.6;-5.6;-1.6;-3.7;-7;-0.1;-0.4;0.39;1.1;2.5;32.16;305;76;95;43;95353;0.2;2.18;0.37;0.36
2005;2;24;55;1.5;-1.2;-4.4;-2.2;-3.9;-6.2;1.4;-1.9;0.39;1.1;2.5;36.78;201;49;71;35;95737;0.38;4.52;0.37;0.36
2005;2;25;56;-0.5;-3.2;-7.7;-2.3;-4.6;-8.6;0.4;-1.4;0.39;1.1;2.5;38.03;176;42;71;26;95955;0.17;2.16;0.37;0.36
2005;2;26;57;0.3;-4.8;-10.7;-3.9;-7.9;-12.7;1;-1.4;0.39;1.2;2.5;38.9;307;77;98;65;95637;0.32;0.07;0.37;0.36
2005;2;27;58;-3.9;-7.1;-11.6;-6.6;-10.8;-15.6;1.4;-4.4;0.38;1.2;2.5;38.7;260;66;87;56;95388;0.48;0.48;0.37;0.36
2005;2;28;59;-6.9;-10.4;-14;-13.4;-15;-17.2;1.3;-3.1;0.38;1.2;2.5;38.71;337;90;95;79;96163;0.41;0.53;0.37;0.36
2005;3;1;60;-3.9;-11.3;-21.6;-11.6;-16.2;-24.3;0.8;1.5;0.38;1.2;2.5;38.57;372;102;122;83;95988;0.38;0;0.37;0.36
2005;3;2;61;-4.1;-9.4;-14.8;-10.8;-14.2;-18;0.4;2.8;0.38;1.2;2.5;38.15;377;104;117;87;95764;0.42;0;0.37;0.36
2005;3;3;62;-1.4;-7;-13.4;-6.8;-10.6;-15.8;-0.2;2.4;0.38;1.2;2.5;37.75;375;103;112;73;95781;0.36;0.37;0.37;0.36
2005;3;4;63;-0.8;-5;-10.3;-4.7;-6.9;-11.8;0;-1;0.39;1.2;2.5;41.1;285;55;83;37;95562;0.25;4.56;0.37;0.36
2005;3;5;64;-1.1;-6.7;-12.3;-6.3;-9.8;-14.1;1.1;-2.3;0.39;1.2;2.5;41.98;330;92;99;66;95130;0.33;0.02;0.37;0.36
2005;3;6;65;-2.1;-5.8;-9.5;-8.7;-10.1;-11.8;2.2;-3.5;0.38;1.2;2.5;41.71;303;89;93;74;95514;0.55;0.37;0.37;0.36
2005;3;7;66;-1.8;-4.9;-8.1;-9;-10.5;-12;3.2;-3.1;0.38;1.2;2.5;41.31;372;102;94;76;96005;0.79;0.09;0.37;0.36
2005;3;8;67;2.3;-0.6;-4.2;-2.3;-5.1;-8.7;3;-3;0.38;1.2;2.5;41.4;275;72;60;39;96070;0.72;1.47;0.37;0.36
2005;3;9;68;1.6;0.1;-2.1;-1.1;-2.3;-3.8;1.3;-2.9;0.38;1.2;2.5;42.36;257;63;78;41;96435;0.38;5.17;0.37;0.36
2005;3;10;69;-2.6;-6.3;-12.2;-4.1;-10.6;-14.2;0.6;-3.2;0.38;1.3;2.5;45.2;378;108;101;64;97105;0.65;1.46;0.37;0.36
2005;3;11;70;3.1;-4.1;-12.5;-2.7;-8.1;-14.6;1.3;1.8;0.38;1.3;2.5;44.57;387;100;106;64;95951;0.43;0;0.37;0.36
2005;3;12;71;6.6;0.5;-4.9;0;-3.7;-7.8;1.9;0.2;0.38;1.3;2.5;41.19;382;101;105;61;94853;0.34;2.28;0.37;0.36
2005;3;13;72;5.1;-0.8;-6.9;-3.5;-6.1;-9.6;2.3;-0.4;0.37;1.3;2.6;36.91;353;107;104;77;95708;0.63;0.01;0.38;0.36
2005;3;14;73;6;-1.3;-9.8;-0.1;-5.1;-11.4;1.1;1.3;0.36;1.3;2.6;32.01;419;119;118;66;96343;0.24;0;0.38;0.36
2005;3;15;74;9;1.7;-4.3;1.1;-2.6;-7;1.2;0.3;0.33;1.3;2.6;24.5;421;117;117;62;97029;0.13;0.01;0.39;0.36
2005;3;16;75;15.6;4.9;-3.1;3.8;-0.6;-4.9;1.7;0.4;0.28;1.3;2.6;15.68;475;138;125;68;97435;0.19;0;0.4;0.36
2005;3;17;76;18.9;8;-1.6;5.4;0.8;-3.5;2.1;0.4;0.22;1.3;2.6;8.19;510;149;124;70;97207;0.82;0;0.4;0.36
2005;3;18;77;16.6;11.6;5.9;7;5;1.8;3.2;-1.4;0.16;1.4;2.6;3.14;496;132;105;51;96956;1.13;0.07;0.4;0.36
2005;3;19;78;11;5.2;-2.3;8.3;2.1;-7.9;0.5;-2.8;0.14;1.4;2.6;1;166;35;60;18;96855;1.11;6.39;0.41;0.36
2005;3;20;79;4.1;-0.3;-4.9;-4.6;-6.4;-9.3;-0.6;-0.9;0.14;1.4;2.6;1.05;572;169;124;90;97131;0.94;0;0.41;0.36
2005;3;21;80;5.4;1.7;-1.8;-0.5;-3;-6;-0.6;0.2;0.14;1.4;2.6;0.84;502;130;95;60;96800;0.59;0;0.4;0.36
2005;3;22;81;9.9;3.9;-1.8;0.6;-1.4;-4;-0.3;2.3;0.14;1.4;2.6;0.56;561;173;119;78;96676;1.12;0;0.4;0.36
2005;3;23;82;12.9;5.9;-0.9;5;1.4;-2.8;0;1.7;0.14;1.5;2.6;0.3;541;150;103;64;96828;1.13;0;0.4;0.36
2005;3;24;83;14.4;7.6;0.8;7.2;4.2;-0.2;-0.6;0.9;0.14;1.5;2.6;0.12;595;176;118;76;96715;1.33;0;0.4;0.36
2005;3;25;84;13.3;8.6;4.2;9;6.6;3.4;0;0.7;0.14;1.5;2.6;0.04;421;100;68;33;96458;0.75;7.72;0.39;0.36
2005;3;26;85;15.4;10.1;3.7;9;6.8;3.3;-0.1;1.1;0.14;1.5;2.6;0;576;161;112;60;95927;1.6;0.15;0.4;0.36
2005;3;27;86;13.3;9.3;4.7;8.6;7.5;4.7;-0.6;-0.7;0.14;1.5;2.6;0;232;76;81;25;95545;0.74;1.84;0.4;0.37
2005;3;28;87;13.8;9.8;6.7;7.9;6.2;4.9;0.9;-3.2;0.14;1.6;2.6;0;541;153;104;59;95805;1.61;0.81;0.4;0.37
2005;3;29;88;12.8;8.6;3.2;6.9;5.4;2.6;-0.1;-0.4;0.14;1.6;2.6;0;523;129;95;55;96245;1.41;1.6;0.4;0.37
2005;3;30;89;9.9;7.5;4.3;7.4;5.8;3.4;-0.3;-1.1;0.14;1.6;2.6;0;312;74;39;24;96357;1.12;4.89;0.4;0.37
2005;3;31;90;9.7;5.6;2.2;3.5;-0.3;-5.1;-0.3;-1.9;0.14;1.6;2.6;0;541;144;109;63;96941;1.59;0.1;0.4;0.37
2005;4;1;91;8.6;4.1;-1;-1;-3.4;-5.1;-0.3;-1.4;0.14;1.6;2.6;0;643;198;130;93;97520;1.66;0;0.39;0.37
2005;4;2;92;10.8;5.1;-1.8;0.5;-2.2;-4.7;0.3;1.4;0.14;1.7;2.6;0;652;206;135;95;97595;1.8;0;0.39;0.37
2005;4;3;93;13;6.9;0.2;1;-1.3;-3.5;0.5;2.4;0.14;1.7;2.6;0;658;209;135;98;97500;2.05;0;0.39;0.37
2005;4;4;94;14.3;8.3;1.2;1.5;-0.3;-2.4;0.2;2.7;0.14;1.7;2.6;0;657;210;133;96;97441;2.21;0;0.39;0.37
2005;4;5;95;16;9.6;2.6;4.2;1.6;-1.2;0.5;1.6;0.14;1.7;2.6;0;652;202;133;94;97206;2.21;0.05;0.38;0.37
2005;4;6;96;17.2;11.1;4.4;6.1;2.2;-2;0.5;1.4;0.14;1.7;2.6;0;636;196;125;86;97011;2.3;0.01;0.38;0.37
2005;4;7;97;16.1;11.1;5.4;4.9;2.3;-1.8;0.9;3.4;0.14;1.8;2.6;0;557;171;104;84;95887;2.17;0;0.38;0.37
2005;4;8;98;16.6;11.9;7.3;5.5;3.4;1.9;2;3.5;0.14;1.8;2.6;0;484;159;98;68;95129;2.23;0.08;0.37;0.37
2005;4;9;99;8.5;6.7;5;6.1;5;3.7;0.8;-2.3;0.15;1.8;2.6;0;108;33;51;14;95435;1.4;15.77;0.38;0.37
2005;4;10;100;7.9;5.4;3.6;3.4;-0.1;-3.9;0.9;-4.8;0.15;1.8;2.6;0.04;498;105;62;32;96595;2.08;2.96;0.39;0.37
2005;4;11;101;10.7;7.1;3.7;2.5;0;-1.7;0.1;-3.8;0.15;1.8;2.6;0.09;451;134;71;39;97061;2;1.21;0.38;0.37
2005;4;12;102;12.3;8.4;4.5;5.5;3.7;1.6;0.6;-2.2;0.15;1.9;2.6;0.02;535;148;85;51;96514;2.11;3.69;0.39;0.37
2005;4;13;103;13.7;8.9;3.2;7.4;5.5;2;0.8;-1.9;0.15;1.9;2.6;0;512;134;80;53;95848;1.76;1.46;0.39;0.37
2005;4;14;104;16.9;12.2;7.4;7.4;6.2;5;1.3;-2.6;0.15;1.9;2.6;0;599;193;100;78;95499;2.38;0.41;0.38;0.37
2005;4;15;105;18.1;12.8;5.7;9.2;6.9;4.1;0.4;-0.1;0.15;1.9;2.6;0;546;192;113;80;95354;2.28;0.16;0.38;0.37
2005;4;16;106;18;12.4;4.9;8.6;6;3.4;-0.3;2.1;0.15;2;2.6;0;685;220;126;76;95018;2.69;0.1;0.38;0.37
2005;4;17;107;15;11.2;6.9;7.9;5.5;2.9;-0.4;1.5;0.15;2;2.6;0;570;184;113;74;94461;2.3;0.49;0.38;0.37
2005;4;18;108;11.4;8.9;7.2;7;5.3;3;3.4;-2.3;0.15;2;2.6;0;256;75;53;27;94436;2.04;9.05;0.38;0.37
2005;4;19;109;14.7;11.3;8.2;9.3;7.5;6.7;1.2;-2.3;0.15;2.1;2.7;0;440;134;60;36;94895;2.01;9.37;0.38;0.37
2005;4;20;110;11.5;7.8;3.3;6.2;4.6;1.1;1.5;-2.2;0.15;2.1;2.7;0;274;80;42;22;95157;1.93;4.4;0.39;0.37
2005;4;21;111;6.4;3.5;0.9;-0.1;-5.9;-7.1;0.6;-4.8;0.15;2.1;2.7;0;660;209;113;82;96108;2.39;0;0.39;0.37
2005;4;22;112;10.3;5.3;-1.2;-0.1;-3.9;-6.8;0.9;-2;0.15;2.2;2.7;0;659;208;116;81;96329;2.37;0;0.38;0.37
2005;4;23;113;14.7;8.4;-0.5;4.6;1.3;-2.6;0;0.4;0.15;2.2;2.7;0;713;229;137;89;96170;2.66;0.03;0.38;0.37
2005;4;24;114;16.4;10.5;2.9;6.7;4.8;1.5;-0.1;1.4;0.16;2.2;2.7;0;664;211;115;75;96097;2.61;0.04;0.38;0.37
2005;4;25;115;16;11.4;7.8;9.4;6.8;4.2;1.8;1.4;0.16;2.3;2.7;0;401;138;68;44;95526;2.46;6.11;0.38;0.37
2005;4;26;116;14.4;10.6;7.9;9;7;5.8;2.6;-2.4;0.16;2.3;2.7;0;592;151;96;50;95993;2.65;5.23;0.38;0.37
2005;4;27;117;18.8;12.5;5.1;9.8;7.2;4.2;0.9;-0.5;0.16;2.3;2.7;0;648;205;110;65;96524;3.23;5.15;0.38;0.37
2005;4;28;118;14.9;11.1;7.4;6.1;4.1;2.6;2;-2.5;0.16;2.4;2.7;0;680;218;111;84;96866;3.43;1.05;0.38;0.37
2005;4;29;119;15.8;11.3;5.2;6.6;4.3;2.3;0.2;-1.9;0.16;2.4;2.7;0;694;232;119;80;96947;3.02;0.01;0.38;0.37
2005;4;30;120;16.7;12.2;7.2;9;7.7;5.2;0;0.5;0.16;2.4;2.7;0;613;170;104;58;96699;2.37;0.7;0.38;0.37
2005;5;1;121;21.9;15.7;8.6;13.7;10.5;6.6;0.6;1.5;0.16;2.5;2.7;0;683;221;112;74;96399;3.15;0.17;0.37;0.37
2005;5;2;122;25.2;18.7;10.7;14.8;12.2;8.8;0.3;0.9;0.16;2.5;2.7;0;679;232;110;80;96494;3.66;0;0.37;0.37
2005;5;3;123;25.5;19.2;11.5;15.2;13.3;10.2;0.8;-0.3;0.16;2.6;2.7;0;641;194;107;69;96118;3.28;3.03;0.37;0.37
2005;5;4;124;18.2;14.6;11.9;12.7;8.9;6.6;2.8;-2.1;0.16;2.6;2.7;0;526;147;102;52;95840;3.84;5.44;0.37;0.37
2005;5;5;125;15.1;12.3;10.1;9.2;7.6;6.1;2;-2.9;0.16;2.6;2.7;0;491;163;77;62;95733;2.64;2.9;0.37;0.37
2005;5;6;126;13;10.3;7.9;6.9;4.5;3.4;2.3;-3.4;0.16;2.7;2.7;0;486;179;94;71;95840;2.59;0.15;0.37;0.37
2005;5;7;127;13.8;9.6;6.7;7.4;3.9;1.7;1.7;-1.7;0.16;2.7;2.7;0;626;212;108;73;95641;3.04;5.81;0.37;0.37
2005;5;8;128;11.2;8.1;3.7;5.8;1;-1.6;2.5;-1.7;0.16;2.7;2.7;0;660;214;111;75;95598;3.48;1.44;0.37;0.37
2005;5;9;129;12.4;7.4;2.5;4.9;2.1;-0.2;1.1;1.2;0.16;2.8;2.7;0;589;161;88;59;95972;2.49;3.36;0.37;0.37
2005;5;10;130;12.7;7.7;0.4;6.1;3.1;-0.5;0.5;1.3;0.16;2.8;2.7;0;544;151;84;65;96239;2.18;0.24;0.37;0.37
2005;5;11;131;13.1;9.1;5.1;4.4;2.6;1.1;1;-2.8;0.17;2.8;2.8;0;700;230;116;77;96585;3.2;0.43;0.36;0.37
2005;5;12;132;13.5;9;2.1;4.5;2.6;0.6;-0.3;-0.7;0.17;2.9;2.8;0;604;232;114;84;96895;3.03;0.85;0.36;0.37
2005;5;13;133;16.2;11.5;6.1;5.2;3.2;0.7;-0.7;1.9;0.17;2.9;2.8;0;691;222;117;81;96838;3.26;0;0.36;0.37
2005;5;14;134;17.9;13.6;7.8;10.5;7.2;2.6;-0.2;3.5;0.17;2.9;2.8;0;562;180;82;65;96193;2.85;0.19;0.36;0.37
2005;5;15;135;18.9;14.7;11.8;11.9;8.8;6.8;1.3;-0.3;0.17;3;2.8;0;460;142;71;46;96164;2.61;2.39;0.35;0.37
2005;5;16;136;17.7;14.1;10.9;11.7;10.2;8.7;-0.4;1.1;0.17;3;2.8;0;450;138;73;42;96107;2.39;1.45;0.35;0.37
2005;5;17;137;17.2;13.9;11;10.7;9.5;7.4;0.1;-0.5;0.17;3;2.8;0;538;166;87;51;95947;3.08;8.84;0.35;0.37
2005;5;18;138;12.8;10.1;7.3;12.6;9.2;5.9;1.2;-3.3;0.17;3;2.8;0;157;44;26;11;95940;1.87;25.68;0.37;0.37
2005;5;19;139;10.2;8.1;6.1;5.6;3.5;0.7;0.9;-5.7;0.17;3;2.8;0;393;125;84;43;96881;3.53;8.29;0.39;0.37
2005;5;20;140;15.9;10.8;5.4;6.7;2.9;0.1;0.7;-2.5;0.17;3;2.8;0;750;272;131;101;97007;3.94;0;0.38;0.37
2005;5;21;141;21.3;14.3;4.4;12.4;8.6;3.8;0.1;1.1;0.17;3;2.8;0;731;264;127;92;96614;3.91;0;0.38;0.37
2005;5;22;142;22.1;16.8;10.6;12.8;10.8;8.6;-0.3;2.8;0.17;3;2.8;0;695;241;100;78;96277;3.98;0;0.37;0.37
2005;5;23;143;23.5;17.4;10.7;14.3;11.1;8.1;0.6;1.3;0.17;3;2.8;0;638;238;99;74;96184;4.24;0.46;0.37;0.37
2005;5;24;144;17.9;14.8;12.1;9.6;8.8;7.9;1.8;-3.8;0.17;3;2.8;0;518;178;86;58;97018;3.24;0.04;0.37;0.37
2005;5;25;145;20.1;15.7;11;9.4;8.7;7.7;0.4;-3.6;0.17;3;2.8;0;678;255;112;88;97337;4.21;0;0.36;0.37
2005;5;26;146;22.8;17.1;10.2;13.7;9.3;7.1;0.2;-1;0.17;3;2.8;0;743;272;130;95;97162;4.37;0;0.36;0.37
2005;5;27;147;26;19.8;11.4;15.1;12.2;8.2;0.3;2;0.17;3;2.8;0;732;268;118;86;96778;4.54;0;0.35;0.37
2005;5;28;148;27.5;21.7;14.3;16.1;13.8;12.4;0.1;2.2;0.17;3;2.8;0;718;265;116;83;96677;4.68;0;0.35;0.37
2005;5;29;149;28.8;23;16;16.3;14;12.1;0.6;2.2;0.17;3;2.8;0;729;265;117;85;96582;4.85;0;0.35;0.37
2005;5;30;150;29.1;22.7;16.8;17.6;15.7;14;1.1;0.7;0.17;3;2.8;0;701;240;104;71;96263;4.69;6.18;0.34;0.37
2005;5;31;151;18.4;15.7;12.5;15;8.3;5.2;2.1;-4.1;0.17;3;2.8;0;650;185;105;60;96770;4.01;1.25;0.34;0.37
2005;6;1;152;17.7;14.4;10.8;9;6.2;3.8;1;-2.6;0.17;3;2.8;0;628;210;92;75;96846;3.61;0.14;0.34;0.37
2005;6;2;153;19.4;15.2;10.1;9.7;8.1;7.3;0.1;1.3;0.17;3;2.8;0;556;187;86;66;96704;3.13;0.64;0.34;0.37
2005;6;3;154;23.3;18.1;11;11.2;9.3;6.9;0.3;2.5;0.17;3;2.8;0;690;247;103;81;96486;4.23;0.14;0.33;0.37
2005;6;4;155;23;17.4;13.1;15;11.6;7.4;0.8;-0.2;0.17;3;2.8;0;567;175;89;59;96233;3.46;7.97;0.33;0.37
2005;6;5;156;19.1;15.4;11.5;11.8;9.4;6.6;1.6;-0.7;0.17;3;2.8;0;571;188;106;62;96445;3.48;2.42;0.34;0.37
2005;6;6;157;18.9;14.8;10.7;9.7;8.6;7.5;1.2;-1.1;0.17;3;2.8;0;664;191;99;67;96458;3.18;1.12;0.33;0.36
2005;6;7;158;13;10.9;8.5;8.9;5.8;2.3;1.6;-3.5;0.17;3;2.8;0;537;165;103;70;96872;3.12;3.9;0.33;0.36
2005;6;8;159;13.5;10;7.7;7.4;4.7;2.1;2;-5.3;0.17;3;2.8;0;636;212;91;70;97256;3.27;3.87;0.33;0.36
2005;6;9;160;11;8.8;6.9;6.8;3.7;0.4;1.4;-5.6;0.17;3;2.8;0;314;102;84;39;96832;3.08;6.39;0.33;0.36
2005;6;10;161;16;12.5;8.9;6.2;3.7;2.1;2.4;-4.8;0.17;3;2.8;0;391;149;92;48;96141;3.38;0.23;0.34;0.36
2005;6;11;162;18.5;14.3;10.2;11.1;7.9;5.4;1.2;-0.6;0.17;3;2.8;0;589;211;98;71;95973;3.37;0.76;0.33;0.36
2005;6;12;163;18.1;13.2;7.7;12.7;10.2;7.1;-0.2;0.2;0.17;3;2.8;0;392;164;86;54;95904;2.35;3.44;0.33;0.36
2005;6;13;164;23.9;17;7.8;13;10.9;7.6;0.6;2.3;0.17;3;2.8;0;735;264;115;75;95877;4.52;0.01;0.33;0.36
2005;6;14;165;24.2;19;11.5;13.7;11.9;10.5;0.2;2.6;0.17;3;2.8;0;676;236;100;71;96116;4.14;0.16;0.33;0.36
2005;6;15;166;22.3;18.5;14.1;15.8;13.9;11.3;0.2;0.1;0.17;3;2.8;0;559;199;88;59;96468;3.54;7.04;0.33;0.36
2005;6;16;167;23.3;19.2;14.5;15.2;13.8;12.5;1.3;-2.6;0.17;3;2.8;0;696;233;92;64;96881;4.16;0.42;0.33;0.36
2005;6;17;168;24;20.3;15.6;13.7;12.5;10.9;1.8;-2.4;0.17;3;2.8;0;604;214;89;68;97152;4.06;0.17;0.32;0.36
2005;6;18;169;22.7;19.5;15.7;15.8;11.4;4.9;1.6;-3.5;0.17;3;2.8;0;642;203;110;65;96871;3.9;0.61;0.32;0.36
2005;6;19;170;20.7;17.1;13.5;9.3;7.8;5.8;0.7;-3.3;0.17;3;2.8;0;557;194;85;66;96769;3.63;0.01;0.32;0.36
2005;6;20;171;22;18.2;13.9;12.1;10.2;8.9;0.4;-2.5;0.17;3;2.8;0;502;193;87;60;96597;3.44;0.3;0.31;0.36
2005;6;21;172;25;19.3;11.9;12.4;9.8;8.2;0.6;-1.6;0.17;3;2.8;0;740;276;127;91;96640;4.38;0;0.31;0.36
2005;6;22;173;26.8;20.8;14.2;18.3;14.7;11.2;1;-0.7;0.17;3;2.8;0;626;224;95;63;96692;3.73;4.95;0.31;0.36
2005;6;23;174;24.1;19.9;15.9;15.6;11.5;9.3;0.1;-2.6;0.17;3;2.8;0;713;249;109;74;96904;4.51;0;0.31;0.36
2005;6;24;175;25.7;20.6;15.5;13.1;11.3;8.4;-0.4;2.1;0.16;3;2.8;0;730;263;114;84;96766;4.17;0;0.3;0.36
2005;6;25;176;28.4;22.6;16.2;19.1;15.5;10.8;0.5;1.9;0.16;2.9;2.8;0;708;245;98;73;96429;4.04;0.53;0.3;0.36
2005;6;26;177;24.9;21.1;17.5;18;17;16;1.3;-2.4;0.16;2.9;2.8;0;542;167;66;50;96748;3.03;5.99;0.3;0.36
2005;6;27;178;24.5;20.3;16.2;16.8;16;14.9;0.5;-1.3;0.16;2.9;2.8;0;535;190;79;56;96781;3.36;3.33;0.3;0.36
2005;6;28;179;26.7;21.5;15.6;17.7;16.2;14.5;1.3;-0.3;0.16;2.9;2.8;0;663;216;87;61;96370;3.98;4.12;0.3;0.36
2005;6;29;180;25.5;20.4;15.7;18.4;16.7;14.3;0.4;-0.3;0.16;2.9;2.8;0;594;169;82;54;95849;2.96;10.78;0.3;0.36
2005;6;30;181;24.9;20.4;16.7;17.3;14.9;12;1.4;-1.1;0.16;2.9;2.8;0;617;185;83;51;95706;3.74;4.49;0.31;0.36
2005;7;1;182;19.8;16.6;13.8;16;13.7;10.8;1.7;-1.3;0.16;2.9;2.8;0;248;86;54;30;95960;3.15;16.29;0.32;0.36
2005;7;2;183;18.2;15.8;13.8;13.8;12.3;11.1;2.4;-5;0.16;2.9;2.8;0;371;138;65;41;96412;3.69;4.48;0.32;0.36
2005;7;3;184;21.9;18.4;14.8;12.6;11.5;10.5;0.8;-3.1;0.16;2.9;2.8;0;585;223;93;76;96667;3.97;0.16;0.32;0.36
2005;7;4;185;23.4;19.1;12;13.4;11.6;10.3;0.1;2.2;0.16;2.9;2.7;0;648;222;100;74;96194;3.94;0.01;0.32;0.36
2005;7;5;186;17.6;13.6;10.2;14.4;10.5;7.3;2;-2.1;0.16;2.9;2.7;0;140;39;47;17;95944;2.95;18.61;0.32;0.36
2005;7;6;187;19.9;15.6;10.1;10.8;7.2;5;1.5;-1.9;0.16;2.8;2.7;0;657;227;98;74;95984;4.05;0;0.33;0.36
2005;7;7;188;20.6;16.5;11;14.4;11.2;8.1;0.2;-0.3;0.16;2.8;2.7;0;536;176;86;53;96049;2.94;2.45;0.33;0.36
2005;7;8;189;14.3;13.1;11.8;12.4;11.2;9.7;1.2;-1.8;0.16;2.8;2.7;0;224;60;33;15;96251;2.18;21.95;0.34;0.36
2005;7;9;190;18.5;15.2;11.4;12.7;11.3;9.3;1.1;-2.5;0.16;2.8;2.7;0;475;170;68;38;96419;3.48;8.68;0.35;0.36
2005;7;10;191;18.7;15.7;13.9;14.4;13.2;11.8;0.9;-1.1;0.16;2.8;2.7;0;386;101;52;22;96380;2.25;9.07;0.35;0.36
2005;7;11;192;20.8;16.3;13.8;15.9;14.6;13.2;0.3;-2.2;0.16;2.8;2.7;0;474;146;84;30;96540;2.96;11.2;0.36;0.36
2005;7;12;193;18;16.1;14.4;16;14.4;13.3;0.6;-2.6;0.16;2.8;2.7;0;243;89;42;28;96754;2.34;11.47;0.37;0.36
2005;7;13;194;23.5;19;14.3;14.3;12.9;11.2;0.6;-3;0.16;2.8;2.7;0;669;234;99;66;96737;4.5;0.57;0.37;0.36
2005;7;14;195;24.5;20.3;16.2;16;13.6;11.3;1.2;-2.5;0.16;2.8;2.7;0;702;247;99;73;96724;4.54;0.49;0.37;0.36
2005;7;15;196;25.5;20.8;13.8;15.6;13.8;12.5;0.5;1;0.16;2.8;2.7;0;627;231;97;76;96644;4.21;0.1;0.36;0.36
2005;7;16;197;28.5;22.4;17;17.8;15;13.1;1.6;0;0.16;2.8;2.7;0;662;220;94;69;96245;4.25;1.02;0.36;0.36
2005;7;17;198;25.3;21.3;17;16.8;15.4;14.5;1.1;-1.2;0.16;2.8;2.7;0;649;209;88;60;96255;3.85;0.92;0.36;0.36
2005;7;18;199;28.6;23.1;15.5;19.8;17.5;13.8;0.4;1.7;0.16;2.8;2.7;0;709;244;105;66;95979;4.39;3.07;0.35;0.36
2005;7;19;200;22.9;20.4;17.4;18;14;11.3;2.6;-1.5;0.16;2.7;2.7;0;438;151;84;56;96186;3.45;0.37;0.35;0.36
2005;7;20;201;23.5;19.3;15.2;13.7;11.2;9.8;1.3;-0.9;0.16;2.7;2.7;0;527;197;96;71;96753;3.74;0.08;0.35;0.36
2005;7;21;202;20.8;17;14.2;12.9;9.6;5.7;1.7;-0.9;0.16;2.7;2.7;0;695;196;106;62;96333;3.77;0.87;0.35;0.36
2005;7;22;203;21.9;17.7;13.1;13.4;11.9;10.6;0.9;-0.1;0.16;2.7;2.7;0;638;190;91;66;95953;3.28;2.03;0.34;0.36
2005;7;23;204;19.8;16.3;13.1;14.8;13;10.8;0.4;0.4;0.16;2.7;2.7;0;605;179;100;59;95902;3.33;14.12;0.34;0.36
2005;7;24;205;21.6;17.9;12.9;16;13.9;11.8;0.4;1;0.16;2.7;2.7;0;644;209;95;62;95994;3.69;5.77;0.35;0.36
2005;7;25;206;26.6;21.1;15.9;18.2;16.3;13.7;0.7;1.7;0.16;2.7;2.7;0;674;221;94;55;95933;4.02;0.78;0.35;0.36
2005;7;26;207;23.7;20.3;16.2;18.6;17.4;15.3;0.1;-0.5;0.16;2.7;2.7;0;519;159;61;47;96103;3.01;6.14;0.35;0.36
2005;7;27;208;27.8;22.8;16.4;19.3;17.9;16.1;0.1;1.4;0.16;2.7;2.7;0;605;230;95;62;96345;4.12;0.02;0.35;0.36
2005;7;28;209;31.2;25.6;19.3;20.6;19.3;17.8;0.4;2.3;0.16;2.7;2.7;0;701;249;99;71;96366;4.69;0;0.35;0.36
2005;7;29;210;31.3;26.4;20.2;22;20.1;19;-0.1;3;0.16;2.7;2.7;0;693;248;94;69;96278;4.8;0.01;0.34;0.35
2005;7;30;211;30.5;25.3;20.2;20.9;19.1;17.3;0.3;0.4;0.16;2.7;2.7;0;682;231;90;60;96056;4.77;16.38;0.34;0.35
2005;7;31;212;23.4;20;17;17.7;14.7;13.5;1.7;-3.4;0.16;2.7;2.7;0;530;184;64;43;96161;5.12;23;0.37;0.35
2005;8;1;213;24.8;20.5;17;14.3;13.1;12.3;0.7;-2.2;0.16;2.7;2.7;0;631;216;91;65;96425;4.22;0.01;0.37;0.35
2005;8;2;214;27;21.4;14.9;15.5;13.7;11.5;-0.2;0.3;0.16;2.7;2.7;0;698;240;112;73;96417;4.35;0.38;0.36;0.35
2005;8;3;215;22.8;19.1;15.4;19.1;16.1;12.1;0.9;-1;0.16;2.7;2.7;0;306;79;45;28;96205;2.81;20.44;0.36;0.35
2005;8;4;216;17.6;16;14.8;12.3;10.5;7.1;2.2;-5.2;0.16;2.6;2.7;0;187;51;42;28;96483;2.84;2.57;0.38;0.35
2005;8;5;217;18.9;15.7;11.9;10;8.3;7.1;0.7;-4.3;0.16;2.6;2.7;0;395;138;100;59;96685;2.9;0.03;0.37;0.35
2005;8;6;218;21;16.2;9.8;12.6;9.6;8.1;1.9;-1.5;0.16;2.6;2.7;0;560;204;97;70;96223;3.56;0.55;0.37;0.35
2005;8;7;219;17.4;13.5;10.4;10.7;8.5;6.2;1.5;-0.7;0.16;2.6;2.7;0;581;143;83;52;95921;2.99;5.22;0.37;0.35
2005;8;8;220;16.5;12.8;9.7;6.9;6.1;5.1;2.8;-2.9;0.16;2.6;2.7;0;582;212;104;82;96109;3.42;0.47;0.37;0.35
2005;8;9;221;20;14.9;7.7;10.7;7.3;5.2;1.3;0.5;0.16;2.6;2.7;0;579;211;116;79;96271;3.37;0.19;0.37;0.35
2005;8;10;222;23;16.5;9.7;14.7;11.5;7.7;0.7;0.5;0.16;2.6;2.7;0;663;225;112;76;96086;3.49;4.55;0.36;0.35
2005;8;11;223;20.5;16.4;10;15;12.8;9.6;0.6;0.6;0.16;2.6;2.7;0;462;166;82;53;96149;3;1.98;0.36;0.35
2005;8;12;224;19;16.3;12.8;13.2;11.4;8.6;0.7;-0.5;0.16;2.6;2.7;0;384;113;85;48;96296;2.27;2.37;0.36;0.35
2005;8;13;225;22.3;17;10.3;14.4;11.9;9.4;1.2;-1.1;0.16;2.6;2.7;0;582;186;95;65;96454;3.19;5.84;0.36;0.35
2005;8;14;226;21.1;16.9;12;13.3;11.8;10.1;0.6;0.6;0.16;2.6;2.7;0;521;169;85;54;96377;3.29;12.64;0.36;0.35
2005;8;15;227;15.2;13.4;12.3;11;10.5;9.9;2.4;-3.2;0.16;2.6;2.7;0;256;68;42;22;96039;2.86;22.92;0.39;0.35
2005;8;16;228;17;14.6;12.3;14.6;12.9;10.6;1.5;-3;0.16;2.6;2.7;0;349;97;42;17;96084;2.25;3.6;0.39;0.36
2005;8;17;229;17.3;15.5;14.3;16.1;14.3;12.6;1.2;-3.5;0.15;2.6;2.7;0;124;41;43;14;96438;1.41;9.06;0.39;0.36
2005;8;18;230;22.4;18;13.9;14;13.3;12.5;1.1;-2.4;0.15;2.6;2.7;0;657;216;98;69;96499;3.58;0;0.39;0.36
2005;8;19;231;22.9;18.3;12.7;16;14.1;11.9;0.9;-1.3;0.15;2.6;2.7;0;613;192;89;58;96373;3.13;0.31;0.39;0.36
2005;8;20;232;22.7;18.4;14;17;15.4;13.2;0.2;-0.6;0.15;2.6;2.7;0;503;166;80;47;96390;2.86;6.67;0.39;0.36
2005;8;21;233;19.3;16.9;15.1;17.7;16.1;14.4;-0.9;-0.5;0.15;2.6;2.7;0;239;67;30;16;96092;1.71;37.53;0.4;0.36
2005;8;22;234;19.6;16.5;12.9;16.8;15.4;12.6;-1;0.3;0.15;2.6;2.7;0;381;86;65;25;95666;1.84;10.43;0.42;0.36
2005;8;23;235;20.3;16.4;12.3;13.9;13.1;12.1;0.8;-1.3;0.15;2.5;2.7;0;500;144;87;45;95720;2.62;1.69;0.41;0.36
2005;8;24;236;19.4;17;14.8;13.2;12.5;12;2.3;-2.5;0.15;2.5;2.7;0;455;146;68;51;96038;2.57;0.29;0.41;0.36
2005;8;25;237;23.8;18.7;12.4;14.9;13.2;11.1;0.4;1.1;0.15;2.5;2.7;0;649;212;113;73;95995;3.46;0.2;0.4;0.36
2005;8;26;238;19;17.1;14.3;14.7;12.1;9.6;1.2;-2;0.15;2.5;2.7;0;281;73;37;24;96533;2.04;3.89;0.4;0.37
2005;8;27;239;18;15.8;13.3;14.9;13.3;12;0.1;0.2;0.15;2.5;2.7;0;318;98;50;30;96757;2.08;10.28;0.4;0.37
2005;8;28;240;18.6;16.1;13.8;17.1;15.2;13.6;0.4;-1.3;0.15;2.5;2.7;0;275;68;50;21;96792;1.34;7.19;0.41;0.37
2005;8;29;241;22.6;18.1;12.9;16.2;14.7;12.1;-0.1;0.1;0.15;2.5;2.7;0;561;168;84;55;97297;2.7;0.09;0.41;0.37
2005;8;30;242;22.8;19.1;15.5;18;16;14.3;-0.1;-0.2;0.15;2.5;2.7;0;468;152;78;51;97310;2.46;1.18;0.4;0.37
2005;8;31;243;23.5;19.2;14.1;18.5;16.2;12.9;0;0.1;0.15;2.5;2.7;0;522;164;80;56;96887;2.5;0.63;0.4;0.37
2005;9;1;244;24.5;19.9;14.2;18.3;16.3;13.7;0;1;0.15;2.5;2.7;0;592;183;89;61;96627;2.98;0.69;0.4;0.37
2005;9;2;245;23.7;19.4;14.8;16.9;15.4;13.4;0.3;-1.6;0.15;2.5;2.7;0;549;173;87;61;96964;2.93;0.43;0.39;0.37
2005;9;3;246;20.9;17.2;13.6;13.4;12.7;12;0;-1.5;0.15;2.5;2.7;0;587;175;102;66;97388;2.73;0.02;0.39;0.37
2005;9;4;247;19;16.1;13.2;13.4;12;10.2;-0.1;-0.4;0.15;2.5;2.7;0;341;108;71;51;97359;1.75;0.5;0.39;0.37
2005;9;5;248;20.4;16.4;12.7;12.2;10.1;8.7;-0.2;1.5;0.15;2.5;2.7;0;555;177;107;77;96984;2.76;0;0.38;0.37
2005;9;6;249;21.2;16.8;12.4;13.4;10.2;9.1;-0.2;2.9;0.15;2.5;2.7;0;583;186;101;78;96638;3.11;0;0.38;0.37
2005;9;7;250;22.4;17.4;12.3;12.8;11.7;9.4;0;3.5;0.15;2.5;2.7;0;604;185;100;80;96525;2.96;0;0.38;0.37
2005;9;8;251;24.1;18.9;12.6;16.2;14.5;11.6;0.1;2;0.15;2.5;2.7;0;607;189;110;81;96642;2.82;0;0.37;0.37
2005;9;9;252;24.7;19.9;15.4;16.3;15.3;14;0.6;3.9;0.15;2.5;2.7;0;571;159;80;61;96225;2.72;0;0.37;0.37
2005;9;10;253;21;18.3;16;17.7;16.3;14.9;0.1;1.9;0.15;2.5;2.7;0;354;108;62;44;95893;1.73;3.53;0.37;0.37
2005;9;11;254;21;17.4;14;18.1;16;14;0;1.1;0.15;2.5;2.7;0;368;105;54;34;95811;1.87;1.99;0.37;0.37
2005;9;12;255;21.8;16.9;13.9;17.2;14.7;12.8;0.9;-0.6;0.15;2.5;2.7;0;453;124;83;47;96084;2.18;3.27;0.37;0.37
2005;9;13;256;19.9;16.7;14.3;14.6;13.7;12.6;0.9;-2.1;0.15;2.5;2.7;0;423;124;73;51;96883;2.37;3.4;0.37;0.37
2005;9;14;257;20.4;16.7;13.1;13.7;12.3;10.5;0.9;-2.1;0.15;2.5;2.7;0;455;131;78;58;96958;2.18;0.11;0.37;0.37
2005;9;15;258;19.5;16.3;13.5;13.4;11.8;10.5;1.5;-1;0.15;2.5;2.7;0;337;83;66;44;96575;1.53;0.01;0.37;0.37
2005;9;16;259;23.3;17.7;13;15.1;13.8;11.8;0.9;1.2;0.15;2.4;2.7;0;562;154;105;59;95532;2.39;3.89;0.36;0.37
2005;9;17;260;15.2;11.6;8.8;13.9;10.2;6.6;1.1;-4;0.15;2.4;2.7;0;149;37;39;18;95953;2.33;12.36;0.37;0.37
2005;9;18;261;13.3;10.3;8.2;6.2;5;3.7;0.5;-4.2;0.14;2.4;2.7;0;250;67;37;25;96872;1.55;0.2;0.37;0.37
2005;9;19;262;10.9;9.6;8;8.6;5.8;2.1;0.9;-2.8;0.14;2.4;2.7;0;225;44;36;16;96864;1.59;8.63;0.37;0.37
2005;9;20;263;9.6;8.8;8.1;7.8;6.6;5.7;1.4;-3.2;0.14;2.3;2.7;0;72;16;9;5;96750;1.96;6.66;0.38;0.37
2005;9;21;264;13.4;11;9.4;7.4;6.7;5.8;0.9;-2.6;0.14;2.3;2.7;0;314;63;66;20;96897;1.24;0.19;0.38;0.37
2005;9;22;265;16.6;13.4;10.9;11.7;9.5;7.4;0;-0.9;0.14;2.3;2.7;0;373;77;62;27;96919;1.19;0.01;0.38;0.37
2005;9;23;266;17.6;13.3;9.6;11.1;9.5;8.1;0;0.3;0.14;2.3;2.7;0;501;129;94;59;96784;1.68;0;0.38;0.37
2005;9;24;267;18.8;13.3;7.6;12.7;9.8;7;0.3;0.1;0.14;2.2;2.7;0;531;139;104;65;96686;1.76;0.02;0.38;0.37
2005;9;25;268;18.8;13.7;8.8;11.6;9.8;8.1;0.3;1.8;0.14;2.2;2.7;0;460;129;93;61;96568;1.74;0;0.38;0.37
2005;9;26;269;20;14.7;9.1;13;11.4;8.4;0.4;1.9;0.14;2.2;2.7;0;529;148;100;73;96855;1.86;0.24;0.37;0.37
2005;9;27;270;18.2;13.7;9.9;13.9;11.8;9.4;0.3;0.1;0.14;2.1;2.7;0;342;89;74;45;97005;1.26;7.66;0.37;0.37
2005;9;28;271;18.8;13.5;8.8;13.7;10.8;8.5;0.7;0.6;0.14;2.1;2.6;0;466;117;97;55;96914;1.59;0.11;0.38;0.37
2005;9;29;272;14.2;11.8;10.3;12.7;10.5;8.3;1.1;0;0.14;2.1;2.6;0;152;29;49;29;96527;0.69;8.77;0.38;0.37
2005;9;30;273;12.2;9.9;7.9;7.4;5.6;4.5;1.8;-3.7;0.14;2.1;2.6;0;402;118;84;72;96810;2.06;1.24;0.38;0.37
2005;10;1;274;13.3;9.4;6.3;5.7;4.6;3.9;0.4;-0.9;0.14;2;2.6;0;437;124;108;78;96621;1.47;0;0.38;0.37
2005;10;2;275;13.1;10.8;7.8;9.2;7.1;4.7;0.1;1;0.14;2;2.6;0;207;55;42;23;96421;0.98;2.36;0.38;0.37
2005;10;3;276;14.8;12.6;10.2;13.2;11;8.6;-0.4;-0.6;0.14;2;2.6;0;135;36;24;10;96954;0.64;8.9;0.38;0.37
2005;10;4;277;17.3;14.3;12.5;15.1;13.4;11.4;-1.4;-0.2;0.14;2;2.6;0;183;42;50;20;97058;0.73;14.75;0.4;0.37
2005;10;5;278;18.6;14;9.7;13.1;11.5;9.7;-1.2;-0.7;0.14;1.9;2.6;0;386;100;82;51;97203;1.32;0.14;0.4;0.37
2005;10;6;279;17.5;13.2;8.7;11.8;10.2;7.8;-0.6;-0.4;0.14;1.9;2.6;0;468;120;103;64;97297;1.38;0.41;0.4;0.37
2005;10;7;280;16.7;13;9.8;10.4;9.2;7.8;-1.3;1.4;0.14;1.9;2.6;0;405;111;95;59;97367;1.29;0.03;0.39;0.37
2005;10;8;281;13.7;10.5;7.8;7.8;5.9;4.8;-0.9;1.2;0.14;1.9;2.6;0;373;97;82;60;97234;1.14;0;0.39;0.37
2005;10;9;282;14.6;9.9;6.4;9.3;7.1;4.3;0.4;1.1;0.14;1.8;2.6;0;341;66;82;48;97374;0.62;0.03;0.39;0.37
2005;10;10;283;15.7;10.8;7;8.7;7;5.6;0.1;1.5;0.14;1.8;2.6;0;397;106;95;64;97531;1.19;0;0.39;0.37
2005;10;11;284;15.1;10.6;6.2;9.3;7.1;4.5;-0.3;2;0.14;1.8;2.6;0;448;111;105;67;97374;1.12;0.04;0.39;0.37
2005;10;12;285;13.7;9.6;6.1;8.4;6.6;5.2;-0.1;1.7;0.14;1.8;2.6;0;358;93;81;62;97155;0.98;0.28;0.38;0.37
2005;10;13;286;14.3;9.4;5.8;7.1;5.6;4.4;0.6;1.3;0.14;1.7;2.6;0;407;107;94;65;96794;1.13;0.03;0.38;0.37
2005;10;14;287;14;9.3;4.6;7.9;6.1;3.3;0.6;-1.2;0.14;1.7;2.6;0;391;100;85;59;97320;1.02;0.36;0.38;0.37
2005;10;15;288;14.2;8.7;3.5;7.5;5.6;2.9;1;-0.9;0.14;1.7;2.6;0;411;106;97;71;97555;1.01;0;0.38;0.37
2005;10;16;289;10.2;7.7;5.7;5.9;3;1;0.8;-3.6;0.14;1.7;2.6;0;434;116;108;77;97266;1.1;0;0.38;0.37
2005;10;17;290;7.7;6;4.1;2.4;0.4;-1;0.7;-3.9;0.13;1.7;2.6;0;267;73;83;51;97252;0.96;0.12;0.38;0.37
2005;10;18;291;10.1;5.5;2;2.6;1.5;-0.1;0.5;-1.9;0.13;1.6;2.6;0;436;117;114;86;97216;0.93;0;0.37;0.37
2005;10;19;292;8.3;4.2;-0.2;3.4;2;-1;0.2;1.9;0.13;1.6;2.6;0;298;80;95;62;97079;0.56;0;0.37;0.37
2005;10;20;293;11.6;6.5;1.6;6.4;4.5;1;0;2;0.13;1.6;2.6;0;391;88;95;59;96578;0.6;0;0.37;0.37
2005;10;21;294;13.9;9.5;6.2;10.1;8.2;6;0.1;1.5;0.13;1.6;2.6;0;208;44;69;25;96080;0.33;0.04;0.37;0.37
2005;10;22;295;16.1;10.6;5.6;10.5;8.4;5.1;0.6;0.6;0.13;1.6;2.6;0;369;90;83;60;95975;0.7;0;0.37;0.37
2005;10;23;296;16.1;10.9;5;11.4;8.7;4.3;0.7;-0.1;0.13;1.6;2.6;0;367;92;94;52;96245;0.86;6.54;0.37;0.37
2005;10;24;297;16.3;12.1;7.8;9.7;8.2;6.2;0.8;0.2;0.13;1.6;2.6;0;371;85;95;57;96900;1.12;0.34;0.37;0.37
2005;10;25;298;16.3;12;9;10.5;9.3;8;0.9;1.4;0.13;1.6;2.6;0;352;83;93;57;96646;0.78;0;0.37;0.37
2005;10;26;299;20;13.2;7.6;13;9.5;4.9;1.1;0.5;0.13;1.6;2.6;0;361;88;98;59;96864;0.88;0.03;0.37;0.37
2005;10;27;300;18.1;12.7;7.4;12.9;10.3;6.7;0.3;0.6;0.13;1.6;2.6;0;390;98;101;66;97195;0.83;0;0.37;0.37
2005;10;28;301;16.1;11.5;6.6;11.6;9.3;6;-0.5;1.4;0.13;1.5;2.6;0;330;77;76;41;97283;0.76;0.01;0.37;0.37
2005;10;29;302;12.8;9.6;6.9;5.7;4.5;2.7;-0.9;2.8;0.13;1.5;2.6;0;348;86;102;64;97273;0.91;0;0.37;0.37
2005;10;30;303;9.8;6.6;3.8;5.2;3.9;2.4;-0.9;2.7;0.13;1.5;2.6;0;339;81;92;61;97177;0.58;0;0.37;0.37
2005;10;31;304;7.8;5.7;4.3;4.3;3.3;2.2;-0.8;3.1;0.12;1.5;2.6;0;190;46;63;37;97027;0.39;0.03;0.37;0.37
2005;11;1;305;8.8;6;3.5;5;3.9;2.6;0.1;2.8;0.12;1.5;2.6;0;266;63;67;42;96872;0.42;0.15;0.36;0.37
2005;11;2;306;12.6;8.4;5.6;8.1;6.9;4.8;0.1;-0.3;0.12;1.5;2.6;0;314;57;66;33;96971;0.6;2.77;0.37;0.37
2005;11;3;307;11.4;8.6;4.9;8.7;7.6;4.9;0.2;2.6;0.12;1.5;2.6;0;120;29;42;17;97017;0.33;1.07;0.37;0.37
2005;11;4;308;11;8.9;6.5;8.5;7.8;6.2;-0.2;2.7;0.12;1.5;2.6;0;169;44;52;28;96772;0.45;0;0.37;0.37
2005;11;5;309;11;9.1;7.4;8.3;7.9;7.2;-0.2;-0.8;0.12;1.5;2.6;0;150;32;28;16;97012;0.31;0.29;0.36;0.37
2005;11;6;310;9.5;8.5;7.3;7.5;6.7;6;-0.2;-0.6;0.12;1.4;2.6;0;152;31;42;21;97546;0.67;1.24;0.36;0.37
2005;11;7;311;11.7;8.9;7;7.7;6.9;6;-0.2;0.7;0.12;1.4;2.6;0;204;45;47;29;97350;0.42;0.1;0.36;0.37
2005;11;8;312;11.8;7.6;3.9;6.6;5.4;3.5;0;0.5;0.12;1.4;2.6;0;339;76;96;64;97615;0.5;0;0.36;0.37
2005;11;9;313;11.7;7.2;3.6;6.9;5.4;3.2;0.2;2.4;0.12;1.4;2.6;0;320;74;95;68;97264;0.48;0;0.36;0.37
2005;11;10;314;12.8;6.6;1.7;5.9;3.9;1;0.9;-1;0.12;1.4;2.6;0;351;78;110;68;97773;0.57;0;0.36;0.37
2005;11;11;315;11.9;6.8;3.2;6.7;4.7;2.5;0.6;0.8;0.12;1.4;2.6;0;314;75;107;66;97748;0.41;0;0.36;0.37
2005;11;12;316;8.8;5.7;3.7;4.6;4;3.3;0;2.2;0.12;1.4;2.6;0;249;58;72;44;97011;0.42;0.08;0.36;0.37
2005;11;13;317;5.9;4.7;3.8;3.5;3.2;2.4;-0.7;2.3;0.12;1.4;2.6;0;114;25;26;13;97027;0.35;0.39;0.36;0.37
2005;11;14;318;5.2;3.8;2.8;2.2;1.5;1.2;-0.3;3;0.12;1.4;2.6;0;150;32;33;20;97157;0.36;0.14;0.36;0.37
2005;11;15;319;9.7;4.6;1.2;3.9;1.9;0.5;0.7;1.4;0.11;1.3;2.6;0;330;72;111;68;95966;0.38;0;0.36;0.37
2005;11;16;320;8;4.6;1.1;4.5;2.6;0.2;0.9;0;0.11;1.3;2.6;0;147;33;60;32;94832;0.54;4.43;0.36;0.37
2005;11;17;321;5.3;2.6;-1.8;0.5;-3.2;-5.2;2.2;-1.9;0.11;1.4;2.6;0;280;63;98;70;95455;0.78;0.08;0.36;0.37
2005;11;18;322;4.1;0.2;-2;-1.3;-3.3;-4.9;1.2;-1.3;0.11;1.4;2.6;0.05;276;64;84;71;96282;0.4;0.61;0.36;0.37
2005;11;19;323;0.9;-1.1;-2.3;-3.6;-4.6;-6.2;1.5;-3.4;0.12;1.4;2.6;0.6;276;65;91;76;96942;0.54;1.18;0.36;0.37
2005;11;20;324;2.1;0;-2;-1.9;-4.5;-6.2;2;-1.4;0.14;1.4;2.6;1.75;253;49;82;48;97143;0.38;3.95;0.36;0.37
2005;11;21;325;2.5;0.4;-2;-1.3;-2.5;-3.9;1.6;-3.3;0.2;1.4;2.6;4.96;230;51;78;61;96890;0.7;1.67;0.36;0.37
2005;11;22;326;-0.7;-2.3;-5.3;-3.3;-4.8;-7.4;0.7;-3.7;0.24;1.4;2.6;7.21;148;31;64;44;97323;0.33;5.1;0.36;0.37
2005;11;23;327;-1.9;-4.9;-8.6;-6.7;-7.9;-10.6;0.1;-2.5;0.29;1.4;2.6;10.09;216;46;81;51;97547;0.45;0.29;0.36;0.37
2005;11;24;328;-2.7;-3.9;-4.9;-5.8;-6.7;-7.7;0.6;-2.1;0.32;1.4;2.6;11.35;90;20;64;18;96228;0.33;2.13;0.36;0.37
2005;11;25;329;-0.1;-3.7;-10.8;-3.3;-6.4;-11.6;0.7;1.6;0.33;1.4;2.6;12.05;185;40;72;37;94641;0.35;1.91;0.36;0.37
2005;11;26;330;2.4;-0.3;-2.3;1.3;-1.3;-3;0;0.9;0.39;1.4;2.6;17.45;121;23;41;11;94581;0.08;7.35;0.36;0.37
2005;11;27;331;2.4;0.4;-1.6;1.3;-1;-3;1;-1;0.4;1.4;2.6;23.43;49;9;29;10;94387;0.16;18.34;0.37;0.37
2005;11;28;332;1.2;-2.6;-6.7;-1.9;-4.4;-8.4;1.2;1.3;0.39;1.4;2.6;26.89;130;29;95;52;95055;0.1;0.65;0.37;0.37
2005;11;29;333;1.6;-3.4;-10.8;-0.7;-5.7;-12.4;1;1.6;0.39;1.4;2.6;26.47;150;34;82;44;95504;0.2;1.9;0.37;0.37
2005;11;30;334;2.5;-0.4;-2.6;-0.8;-2.5;-4.6;0.8;-1.8;0.38;1.4;2.6;26.67;178;37;75;56;95831;0.19;0.25;0.37;0.37
2005;12;1;335;1;-2.4;-5.2;-2.8;-4.8;-7;0.6;-1.3;0.37;1.4;2.6;25.81;191;42;94;67;96129;0.13;0.01;0.37;0.37
2005;12;2;336;1.9;-3;-6.4;-1.3;-5;-8.3;0.1;1.8;0.37;1.4;2.6;24.72;201;43;95;56;95644;0.13;0;0.37;0.37
2005;12;3;337;5.7;0.8;-5.7;4;-1.1;-7.7;0.9;1.8;0.35;1.4;2.6;21.17;140;28;51;22;95234;-0.17;1.44;0.37;0.37
2005;12;4;338;6.7;1.8;-3.4;2.4;-0.2;-4.2;1.1;2.3;0.3;1.4;2.6;15.14;216;44;91;60;95463;0.13;0.04;0.38;0.37
2005;12;5;339;4.4;2;-1.5;3.3;1.1;-2;1.1;0.7;0.26;1.4;2.6;11.52;51;11;64;29;95111;-0.01;6.91;0.39;0.37
2005;12;6;340;1.9;0.8;-1.6;0.5;-0.4;-2.3;2.2;-2.8;0.3;1.4;2.6;15.29;33;7;47;17;94889;0.25;15.06;0.39;0.37
2005;12;7;341;3.7;0.9;-2.8;-1.1;-2.6;-5.1;2.2;-0.9;0.34;1.4;2.6;18.5;184;37;82;56;95873;0.51;0.06;0.4;0.37
2005;12;8;342;5.1;-0.4;-4.1;-1.3;-3.9;-6.2;1;0.1;0.32;1.4;2.6;17.05;208;44;102;55;96489;0.16;0;0.4;0.37
2005;12;9;343;2.6;-1.1;-4.4;-0.8;-3.2;-6;0.9;-2.5;0.3;1.4;2.6;15.89;174;36;83;48;97535;0.33;0.45;0.4;0.37
2005;12;10;344;-1.6;-2.7;-4.3;-3.8;-6.1;-7.8;0.4;-3.4;0.3;1.4;2.6;15.57;198;39;83;58;98416;0.54;0.11;0.4;0.37
2005;12;11;345;-0.7;-4.3;-7.7;-4.6;-7.7;-10.3;0.5;-0.7;0.29;1.4;2.6;15.25;218;46;108;71;98335;0.26;0;0.39;0.37
2005;12;12;346;1.8;-2.9;-8;-3.4;-7.2;-13.4;0.1;0.7;0.29;1.4;2.6;14.77;215;44;97;48;97643;0.19;2.17;0.39;0.38
2005;12;13;347;1.5;-0.7;-2;-1.1;-2.2;-3.2;0.3;-1.2;0.37;1.4;2.6;21.69;108;21;61;23;97463;0.13;6.36;0.39;0.38
2005;12;14;348;1.6;-0.8;-3.8;-2.2;-3.6;-5.6;1.3;-2.1;0.37;1.4;2.6;22.19;125;26;71;36;96870;0.38;0;0.39;0.38
2005;12;15;349;2.4;0.3;-3;-2.5;-3.9;-5.9;2.3;-0.4;0.36;1.4;2.6;21.22;172;37;92;59;96031;0.47;0.28;0.39;0.38
2005;12;16;350;3.8;2.1;0.7;0.5;-1.4;-4;3;-0.2;0.34;1.4;2.6;20.52;55;11;74;37;94506;0.52;4.53;0.39;0.38
2005;12;17;351;1;-1;-2.8;-4.3;-6;-7.3;3;-2.8;0.33;1.4;2.6;19.83;149;31;82;66;94672;0.86;0.78;0.39;0.38
2005;12;18;352;-1.1;-2.5;-3.7;-6.9;-7.7;-8.8;2.8;-3;0.33;1.4;2.6;19.68;185;40;104;71;95908;0.79;0.11;0.39;0.38
2005;12;19;353;0.6;-1.5;-2.8;-4.3;-6;-7;2.4;-0.9;0.33;1.4;2.6;19.67;175;34;85;49;96740;0.56;1.55;0.39;0.38
2005;12;20;354;2.9;0.4;-2.5;-2.3;-3.3;-5.2;2.6;-0.6;0.34;1.3;2.6;20.76;167;33;79;39;96955;0.53;1.16;0.39;0.38
2005;12;21;355;1.4;-0.1;-3.1;-2;-3.3;-5.6;1.8;-3.6;0.34;1.3;2.6;20.96;169;33;73;50;97341;0.67;0.78;0.39;0.38
2005;12;22;356;1.5;-1.4;-5.6;-2.4;-4.7;-8.1;2.3;-1.1;0.33;1.3;2.6;21.28;54;11;70;36;97174;0.33;1.08;0.39;0.38
2005;12;23;357;3.4;0.4;-1.4;-0.8;-2.3;-3.7;1.6;-1.2;0.33;1.3;2.6;20.84;179;37;87;50;97092;0.24;0.08;0.39;0.38
2005;12;24;358;4;1;-1.7;1.2;-1;-3;1.5;0.1;0.31;1.3;2.6;19.28;76;14;45;21;96693;0.03;0.18;0.39;0.38
2005;12;25;359;4.4;1;-0.9;-0.8;-1.6;-2.8;1.5;-1.1;0.29;1.3;2.6;17.32;190;38;77;41;96318;0.27;0.25;0.39;0.38
2005;12;26;360;1.3;-1;-2.5;-1.9;-2.5;-3.4;-0.5;0.8;0.3;1.3;2.6;17.64;122;25;47;25;95864;0.21;2.8;0.39;0.38
2005;12;27;361;-2.3;-3.2;-3.7;-3.5;-4.7;-5.2;-1.1;-0.6;0.35;1.3;2.6;21.32;46;10;23;13;95420;0.15;5.03;0.39;0.38
2005;12;28;362;-1.6;-2.9;-4.2;-4;-5;-6.1;1.1;-2;0.39;1.3;2.6;30.46;77;14;38;12;94879;0.3;10.9;0.39;0.38
2005;12;29;363;-3.4;-4.9;-7.7;-5.3;-6.4;-8.7;0.2;-0.1;0.4;1.3;2.6;36.6;96;16;39;17;96020;0.09;5.6;0.39;0.38
2005;12;30;364;-4.5;-6;-11.2;-6.9;-9.8;-13.8;2.5;-2.5;0.41;1.3;2.6;42.14;108;20;61;28;96065;0.48;3.29;0.39;0.38
2005;12;31;365;-1.4;-6.5;-12.8;-4.7;-9.8;-16.5;1.1;1.8;0.41;1.3;2.6;43.11;84;14;66;28;95629;0.15;0.55;0.39;0.38
2006;1;1;1;1.3;-0.8;-2.7;-0.7;-2.4;-5.8;0.5;0.3;0.4;1.3;2.6;44.48;77;15;61;21;95456;0.14;6.33;0.39;0.38
2006;1;2;2;0.6;0.1;-0.5;-0.6;-1;-1.4;1.5;-3.7;0.41;1.3;2.6;60.29;38;7;20;10;95704;0.24;24.18;0.39;0.38
2006;1;3;3;0.9;0.4;-0.2;-1.2;-1.6;-1.8;1.7;-3.7;0.4;1.3;2.6;73.4;81;14;35;17;96605;0.4;3.62;0.39;0.38
2006;1;4;4;-0.2;-0.9;-1.7;-1.7;-2.2;-2.6;0.7;-3;0.39;1.2;2.6;74.72;73;18;51;24;97092;0.25;1.76;0.39;0.38
2006;1;5;5;-0.5;-1.3;-2.2;-0.9;-1.9;-2.8;0.3;-1.3;0.39;1.2;2.6;78.35;48;10;25;7;96769;0.06;6.89;0.39;0.38
2006;1;6;6;0.8;0;-0.7;-0.1;-0.5;-1.1;0.2;-0.9;0.39;1.2;2.6;83.88;76;13;19;5;96854;0.03;2.69;0.39;0.38
2006;1;7;7;1.1;-0.5;-2.4;-0.3;-1.1;-2.8;-0.8;0.1;0.38;1.2;2.5;84.8;76;16;48;22;97409;0.04;0.37;0.38;0.38
2006;1;8;8;-0.8;-2.5;-3.7;-2.9;-3.8;-5.1;-1;1.3;0.37;1.2;2.5;85.2;114;22;65;28;97855;0.23;0.65;0.38;0.38
2006;1;9;9;0.1;-4.9;-8.2;-5.1;-7.7;-11.3;0.6;1.7;0.37;1.2;2.5;85.3;204;44;97;68;97810;0.15;0;0.38;0.38
2006;1;10;10;2;-4.7;-9.7;-2.9;-8;-13;1;-0.1;0.37;1.2;2.5;85.22;198;43;91;56;97692;0.07;0;0.38;0.38
2006;1;11;11;2.4;-3.8;-8.3;-1.4;-6.1;-10.6;0.9;-0.1;0.37;1.2;2.5;85.23;204;44;95;58;97587;0.02;0;0.38;0.38
2006;1;12;12;0.7;-4.5;-8.8;-4;-7.5;-11.3;0.5;-0.8;0.37;1.2;2.5;85.23;205;44;96;60;97871;0.07;0;0.38;0.38
2006;1;13;13;0.2;-3.2;-5.4;-3;-5.1;-6.8;-0.2;0.9;0.36;1.2;2.5;85.24;173;36;72;35;98134;0.09;0;0.38;0.38
2006;1;14;14;0.2;-4.1;-7.2;-4.7;-6.8;-8.9;-0.2;1.5;0.36;1.2;2.5;85.23;187;41;88;50;97944;0.14;0.01;0.38;0.38
2006;1;15;15;-1.7;-4.4;-6.2;-6.5;-7.4;-8.8;-0.1;3;0.36;1.2;2.5;85.13;198;42;88;55;97731;0.28;0.01;0.38;0.38
2006;1;16;16;-1.8;-4.9;-8.3;-6.1;-7.6;-10.2;0.1;2.9;0.36;1.2;2.5;84.93;173;37;83;51;97143;0.27;0.03;0.38;0.38
2006;1;17;17;-1.4;-5.8;-10;-6.6;-9.2;-11.8;0.4;2.1;0.36;1.2;2.5;84.8;204;44;90;51;96298;0.26;0;0.38;0.38
2006;1;18;18;2.5;-0.9;-4.6;-0.8;-4.1;-8;1.8;-0.4;0.36;1.2;2.5;85.46;140;24;70;35;95168;0.26;2.11;0.38;0.38
2006;1;19;19;0;-1.8;-3.3;-2.4;-4.7;-5.8;0.7;-3.4;0.36;1.2;2.5;86.55;178;35;72;46;96722;0.57;0.39;0.38;0.38
2006;1;20;20;2.5;-1.6;-4.4;-1.2;-3.8;-5.8;0.2;1;0.36;1.2;2.5;86.45;173;36;78;37;96907;0.12;0;0.38;0.38
2006;1;21;21;4.5;0.7;-3.2;-1.9;-3.5;-5.4;2;-0.4;0.35;1.2;2.5;85.98;226;51;102;53;96456;0.43;0.3;0.38;0.38
2006;1;22;22;0.7;-5.6;-14;-1.2;-9.3;-19.6;1;-4.8;0.36;1.1;2.5;86.19;207;41;95;56;97274;0.9;1.31;0.37;0.38
2006;1;23;23;-11.1;-13.6;-15.5;-18;-19.6;-21.1;1.3;-4.3;0.35;1.1;2.5;85.89;243;55;92;79;98304;0.52;0;0.37;0.38
2006;1;24;24;-6;-11.6;-16.4;-13.4;-17.6;-21.4;-0.1;0.2;0.35;1.1;2.5;85.65;246;57;109;72;98419;0.13;0;0.37;0.38
2006;1;25;25;-6.7;-11.1;-15.9;-14.3;-16.8;-19.7;0.4;3.8;0.35;1.1;2.5;85.5;221;51;88;62;97149;0.41;0;0.37;0.38
2006;1;26;26;-6.9;-10;-12.5;-13.6;-15;-16.6;-0.3;2.9;0.35;1.1;2.5;85.13;196;45;76;63;96766;0.35;0;0.37;0.38
2006;1;27;27;-3.5;-8;-11.6;-10.2;-12.7;-15.6;-0.3;2.9;0.35;1.1;2.5;84.79;246;55;87;67;97125;0.32;0;0.37;0.38
2006;1;28;28;-0.1;-5.4;-9.9;-5.4;-8.8;-12.3;-0.3;0.7;0.35;1.1;2.5;84.55;246;56;94;60;97323;0.11;0;0.37;0.38
2006;1;29;29;-0.9;-4.4;-7.9;-5.1;-7.1;-8.8;-0.1;-0.5;0.34;1.1;2.5;84.45;212;42;57;31;97526;0.11;0;0.37;0.38
2006;1;30;30;0.8;-3.3;-5.8;-3.1;-5.6;-7.7;0.1;0;0.34;1.1;2.5;84.34;195;46;90;46;97322;0.12;0;0.37;0.38
2006;1;31;31;3.1;-3.7;-9.1;-3.3;-7.2;-11.4;0.7;-1.3;0.34;1.1;2.5;84.19;262;61;97;66;96883;0.23;0;0.37;0.38
2006;2;1;32;4;-3.8;-9.8;-2.5;-7.8;-12.8;0.9;-0.1;0.34;1.1;2.5;83.92;270;64;112;69;96827;0.14;0;0.37;0.38
2006;2;2;33;3.8;-3.6;-9.4;-1.9;-7.4;-12.7;1.1;-0.3;0.34;1.1;2.5;83.59;279;66;115;74;96429;0.16;0;0.37;0.38
2006;2;3;34;2.1;-4.5;-9.7;-3.8;-7.8;-12.3;0.5;-0.6;0.34;1.1;2.5;83.24;282;68;112;74;96319;0.22;0;0.37;0.38
2006;2;4;35;-0.1;-4.7;-10;-5.2;-7.7;-11.8;0.7;-2.3;0.34;1.1;2.5;83.16;230;57;83;50;96686;0.28;0.8;0.37;0.38
2006;2;5;36;-4.7;-7.7;-10.6;-7.5;-12.1;-13.9;0.5;-3.1;0.34;1.1;2.5;83.39;294;70;109;69;97267;0.51;0.02;0.37;0.38
2006;2;6;37;-5.4;-9.2;-13;-12;-13.4;-15.4;0.6;-2.3;0.34;1.1;2.5;83.05;284;69;102;73;97173;0.31;0.01;0.37;0.38
2006;2;7;38;0.9;-4.9;-14;-2;-8.2;-16.2;1.5;1.4;0.35;1.1;2.5;84.37;119;27;56;17;96310;0.15;5.14;0.37;0.38
2006;2;8;39;3.2;1.2;-1.4;0.6;-0.9;-2.3;0.8;0.5;0.36;1.1;2.5;87.09;217;38;90;30;95431;0.08;1.16;0.37;0.38
2006;2;9;40;3.5;-0.8;-4.4;-2.7;-4.6;-6.1;2;-0.1;0.36;1.1;2.5;85.73;262;66;95;64;95171;0.5;0.62;0.37;0.38
2006;2;10;41;2.3;-1.4;-4.5;-4.2;-5.7;-7.9;2;-0.2;0.35;1.1;2.5;85.71;189;48;79;52;95561;0.41;0.76;0.37;0.38
2006;2;11;42;0;-1.7;-3.5;-4.2;-5.4;-6.8;1.8;-4.3;0.36;1.1;2.5;86.93;223;55;83;59;96638;0.67;1.87;0.37;0.38
2006;2;12;43;-0.1;-2.7;-4.9;-6.5;-7.3;-8;1.7;-2.7;0.36;1.1;2.5;87.09;242;57;82;66;96974;0.53;0.24;0.37;0.38
2006;2;13;44;0.2;-2.7;-4.6;-5.4;-6.8;-7.7;1.5;-2.3;0.36;1.1;2.5;86.95;184;49;71;43;96879;0.41;0.38;0.37;0.38
2006;2;14;45;2.8;-1.6;-5.7;-3.4;-5.9;-9.3;0.6;-0.5;0.36;1.1;2.5;86.84;228;56;89;41;96819;0.21;0.18;0.37;0.38
2006;2;15;46;2.9;-0.3;-3.3;-1.9;-2.9;-4.6;0.3;2;0.36;1.1;2.5;86.74;172;43;60;31;96015;0.24;0.1;0.37;0.38
2006;2;16;47;6.2;2;-1.1;1.2;-0.3;-2.8;1;1.1;0.35;1.1;2.5;84.89;233;50;76;26;94521;0.04;1.12;0.37;0.38
2006;2;17;48;6;0.9;-2.2;1.7;-0.8;-3.1;1.1;0.5;0.35;1.1;2.5;81.17;156;33;93;36;94642;0.01;2.62;0.37;0.38
2006;2;18;49;6.7;2;-3.3;1;-1;-4.9;1.3;2.2;0.35;1.1;2.5;76.83;267;67;79;50;95294;0.18;1.53;0.38;0.38
2006;2;19;50;7.9;3.8;-1.1;3.1;0.4;-2.5;1.3;2.4;0.35;1.1;2.5;69.01;323;79;102;67;95481;0.13;1.44;0.39;0.38
2006;2;20;51;9.3;5.7;2.6;3.9;2.7;1.1;1.5;3.7;0.33;1.1;2.5;53.88;251;63;75;53;95252;-0.17;1.3;0.4;0.38
2006;2;21;52;6.9;3.2;-0.4;3;1.4;-1.1;0;-0.6;0.31;1.1;2.5;42.61;338;68;94;37;95828;0.09;0.45;0.41;0.38
2006;2;22;53;2.8;0.7;-1.3;0.4;-1.8;-3.5;0.4;-2.9;0.29;1.1;2.5;38.46;218;57;55;38;96544;0.55;0.03;0.41;0.38
2006;2;23;54;2.6;-0.2;-2.1;-2.3;-3.7;-4.7;-0.5;-1.6;0.29;1.1;2.5;37.26;310;73;91;38;96641;0.66;0.34;0.41;0.38
2006;2;24;55;3.6;0.8;-1.2;-0.5;-2.2;-3.5;-0.3;-2.6;0.28;1.1;2.5;36.8;272;60;61;25;96312;0.68;3.1;0.41;0.38
2006;2;25;56;-0.4;-1.6;-2.5;-2.2;-3.8;-5.1;-0.2;-2.1;0.32;1.1;2.5;39.71;144;35;22;12;95879;0.56;3.84;0.41;0.39
2006;2;26;57;-1.1;-2.8;-4.7;-4.3;-6.2;-8.2;0.9;-3.1;0.36;1.2;2.5;42.07;170;44;44;25;95690;0.76;1.96;0.41;0.39
2006;2;27;58;-1.2;-4.3;-7.1;-8.3;-10.4;-12.6;0.8;-2.4;0.36;1.2;2.5;42.27;267;74;90;62;96038;0.69;0.3;0.4;0.39
2006;2;28;59;-1.3;-5.2;-9.3;-8.6;-10.5;-13.4;0.1;1.3;0.35;1.2;2.5;41.71;355;92;107;62;95534;0.5;0.05;0.4;0.39
2006;3;1;60;3.5;-3;-9.3;-3.4;-7.7;-13;1.2;0.3;0.34;1.2;2.5;40.88;361;97;114;69;95111;0.39;2.3;0.4;0.39
2006;3;2;61;1.8;-3.3;-8.6;-5.8;-8.9;-10.6;0.9;0.2;0.34;1.2;2.5;40.89;292;80;108;63;95324;0.47;0.4;0.4;0.39
2006;3;3;62;4;-1.4;-7.4;-1.7;-6.4;-12.7;1.6;2.8;0.33;1.2;2.5;39.96;352;91;92;67;94987;0.62;0.1;0.4;0.39
2006;3;4;63;4.7;1.3;-1.5;1.3;-0.8;-2.7;0.1;-0.2;0.32;1.2;2.5;39.55;142;30;53;26;94369;0.16;8.45;0.4;0.39
2006;3;5;64;-1.5;-2.1;-3.5;-2.4;-4.2;-7.6;0.8;-3.2;0.38;1.2;2.5;49.21;70;20;76;24;94870;0.4;11.4;0.4;0.39
2006;3;6;65;0.9;-2;-4;-6.2;-7.3;-8.1;1.8;-3.4;0.4;1.2;2.5;53.29;317;85;102;76;95704;0.78;0.05;0.4;0.39
2006;3;7;66;1.1;-1.8;-3.8;-5.7;-6.5;-7;1.8;-3.7;0.39;1.2;2.5;53.19;342;93;104;78;96051;0.75;1.17;0.4;0.39
2006;3;8;67;1.7;-2.1;-7;-5.6;-8;-9.2;0.2;0.2;0.39;1.2;2.5;53.05;303;88;107;69;96123;0.78;0.31;0.4;0.39
2006;3;9;68;5;1.1;-2.2;0.6;-2.1;-7.1;0.9;2.6;0.38;1.2;2.5;53.98;209;44;49;21;95001;0.27;4.96;0.4;0.39
2006;3;10;69;5.6;2;-1.1;2.6;-0.4;-3.2;1.4;-0.4;0.37;1.3;2.5;50.09;181;43;52;34;95082;-0.04;1.63;0.4;0.39
2006;3;11;70;5.3;1.1;-3.3;-2;-3.5;-5.5;1.8;-2.2;0.35;1.3;2.5;46.05;367;106;99;74;95028;0.65;0.45;0.41;0.39
2006;3;12;71;-0.7;-2.8;-5.5;-5;-7.8;-9.8;2.5;-4.9;0.34;1.3;2.5;44.7;407;99;97;46;96015;1.21;1.16;0.41;0.39
2006;3;13;72;-3.2;-4.8;-6.3;-8.9;-9.8;-11.6;1.9;-6.8;0.34;1.3;2.6;44.45;225;62;55;32;96842;0.98;1.92;0.41;0.39
2006;3;14;73;-2.2;-3.6;-4.9;-6;-7.6;-9;1.8;-5.2;0.37;1.3;2.6;47.53;148;41;54;20;96716;0.73;3.52;0.4;0.39
2006;3;15;74;-0.1;-2.4;-4.5;-4.9;-5.8;-6.8;0.4;-2.5;0.37;1.3;2.6;48.12;228;64;49;32;96603;0.52;0.04;0.4;0.39
2006;3;16;75;1.8;-0.6;-3;-2;-3.8;-5.8;0;-1.3;0.37;1.3;2.6;47.6;214;60;52;30;96620;0.31;0.76;0.4;0.39
2006;3;17;76;2;-0.6;-3.1;-3.1;-3.9;-5.2;0.7;-2.6;0.36;1.3;2.6;47.46;203;64;82;44;96590;0.49;1.01;0.4;0.39
2006;3;18;77;2.7;-0.5;-4;-2;-3.7;-5.7;0.5;-1.9;0.35;1.4;2.6;46.84;302;73;56;37;96510;0.36;0.16;0.4;0.39
2006;3;19;78;6.5;1.1;-4.3;-0.2;-2.2;-5.7;0.6;1.2;0.32;1.4;2.6;43.3;423;129;118;70;96011;0.32;0;0.4;0.39
2006;3;20;79;8.8;2.1;-4.7;1.9;-1.9;-6.8;0.7;0.4;0.29;1.4;2.6;36.68;485;145;124;79;95637;0.36;0;0.41;0.39
2006;3;21;80;10.6;4.3;-3.1;2.7;-0.4;-5.2;0.4;0.7;0.26;1.4;2.6;29.33;498;142;118;66;95419;0.56;0;0.41;0.39
2006;3;22;81;11;5.1;-1.5;4.2;1.6;-2.3;0.3;-1.5;0.24;1.4;2.6;22.19;511;128;102;48;95305;0.51;0.36;0.42;0.39
2006;3;23;82;4.6;1.2;-2;-0.6;-5.1;-8.2;1;-4.9;0.23;1.5;2.6;17.65;544;158;119;80;95723;1.28;0;0.42;0.4
2006;3;24;83;6.2;1.6;-4;-1.9;-4.7;-8.7;-0.1;2.8;0.22;1.5;2.6;15.98;555;164;119;85;95938;1.01;0;0.41;0.4
2006;3;25;84;11.3;5.2;-1.1;5.5;1.6;-2.7;0.7;1.3;0.21;1.5;2.6;12.57;366;102;68;49;95938;0.53;0.7;0.41;0.4
2006;3;26;85;10.7;6.5;1.7;8.6;4.8;0.5;1.6;1;0.19;1.5;2.6;8.73;121;36;51;25;96366;0.09;2.19;0.42;0.4
2006;3;27;86;20.6;11.8;3.4;10.4;7.4;2.6;1.1;1.2;0.17;1.5;2.6;5.01;575;157;112;56;95939;1.46;0;0.42;0.4
2006;3;28;87;15.6;10.8;7.1;10.2;7.4;5.7;0.9;-0.6;0.15;1.6;2.6;2.24;372;112;87;37;95434;1.35;4.87;0.41;0.4
2006;3;29;88;10.4;6.7;4.1;4.2;1.8;0;3.3;-2.6;0.15;1.6;2.6;1.07;346;100;105;48;95594;1.94;7.34;0.42;0.4
2006;3;30;89;14.8;9.1;1.2;4.5;1.9;-0.3;1.5;1;0.14;1.6;2.6;0.58;558;161;112;66;96150;1.75;0;0.41;0.4
2006;3;31;90;16.1;10.4;5.5;8.2;4.6;1.6;2.1;0.3;0.14;1.6;2.6;0.28;472;127;98;55;95921;1.72;1.27;0.41;0.41
2006;4;1;91;17.3;10.4;3.6;6.8;3.9;2.1;1.4;0.8;0.14;1.6;2.6;0.11;592;161;112;72;96227;1.87;0.06;0.41;0.41
2006;4;2;92;15.4;10.1;5.5;7.4;5.3;1.8;1.2;-1;0.14;1.7;2.6;0.05;546;145;99;63;96181;1.72;1.89;0.4;0.41
2006;4;3;93;12.6;9.2;5.8;6.5;3;0.8;2;-1.8;0.14;1.7;2.6;0.01;486;134;91;57;96236;1.74;0.9;0.4;0.41
2006;4;4;94;11.6;7.4;3;2.6;1.3;-1.9;1.3;-1.4;0.14;1.7;2.6;0;615;185;109;83;96227;1.94;0.33;0.4;0.41
2006;4;5;95;10.9;6.4;1.8;4.3;2;0.3;1.1;1.6;0.14;1.7;2.6;0.01;405;111;60;42;95381;1.45;2.81;0.4;0.41
2006;4;6;96;5.8;3.2;0.9;0.5;-3.4;-5.8;0.7;-3.7;0.15;1.7;2.6;0.35;340;90;82;47;95978;1.5;0.79;0.4;0.41
2006;4;7;97;9;3.9;-2.1;-1.1;-3.7;-5.4;0.4;-1.6;0.15;1.8;2.6;0.34;537;188;111;83;96297;1.73;0;0.39;0.41
2006;4;8;98;13.7;6.7;-1.6;1.4;-0.8;-3.7;0.9;2.1;0.15;1.8;2.6;0.19;668;216;132;94;96199;2.15;0;0.39;0.41
2006;4;9;99;16;9.1;1.9;5.9;2.4;-0.5;0.6;1.8;0.15;1.8;2.6;0.07;528;185;115;80;95917;2.07;0;0.39;0.41
2006;4;10;100;16.1;10.7;3.2;6.3;5;2.5;1.6;2.3;0.15;1.8;2.6;0.01;597;152;107;61;95480;1.85;0.75;0.38;0.41
2006;4;11;101;7.5;4.2;2.9;5.2;1.2;-0.8;2.2;-5.2;0.15;1.8;2.6;0.29;243;67;61;23;95648;1.8;15.03;0.39;0.41
2006;4;12;102;9.7;5.1;2.1;-0.5;-2.2;-4;2.3;-4.8;0.15;1.9;2.6;0.31;543;135;98;57;95751;1.69;0.13;0.39;0.41
2006;4;13;103;10.8;6.9;2.8;1.7;0;-1.3;2.3;-3.4;0.15;1.9;2.6;0.19;518;167;83;62;95870;1.95;0.22;0.39;0.41
2006;4;14;104;13.2;8.9;2.7;6.7;3.7;0.5;1.9;-0.2;0.15;1.9;2.6;0.08;420;124;74;46;96013;1.55;0.6;0.39;0.41
2006;4;15;105;13.2;10.1;4.4;7.3;5.9;3.4;0.2;1.7;0.15;1.9;2.6;0.02;371;104;98;44;96329;1.28;0.37;0.39;0.41
2006;4;16;106;14.2;10.5;6.6;10.8;7.8;5;1.5;0.5;0.15;2;2.6;0;240;78;72;43;95876;1.35;4.86;0.39;0.41
2006;4;17;107;15.1;10.3;5.1;7.7;5.9;3.9;1.3;-0.7;0.15;2;2.6;0;512;175;101;69;95992;2.12;0.64;0.39;0.41
2006;4;18;108;14.7;10.2;4.2;7.5;5.7;3.4;0.9;-1.1;0.15;2;2.6;0;493;167;83;60;96059;2.34;1.88;0.38;0.4
2006;4;19;109;15.1;11.2;7.2;5.9;4.3;3.1;0.6;-2.7;0.15;2.1;2.7;0;594;180;93;66;96141;2.49;0.01;0.38;0.4
2006;4;20;110;16.5;11.7;6.6;5.5;3.8;2.2;0.7;-1.9;0.15;2.1;2.7;0;657;221;122;84;96293;2.87;0.07;0.38;0.4
2006;4;21;111;17.5;12;4.8;7.6;4.5;2.3;0;-0.6;0.15;2.1;2.7;0;657;225;128;89;96487;2.89;0;0.37;0.4
2006;4;22;112;18.6;12.8;4.9;8.1;5.6;3.1;0.5;1.3;0.15;2.2;2.7;0;617;216;119;82;96374;2.91;0.28;0.37;0.4
2006;4;23;113;18.9;12.6;6.7;11;8.1;4.8;0.8;0.4;0.15;2.2;2.7;0;601;180;103;67;96320;2.48;6.32;0.37;0.4
2006;4;24;114;20.1;14.1;6.8;10.4;7.9;5.2;0.3;1.2;0.16;2.2;2.7;0;632;209;110;78;96600;3.04;0.15;0.37;0.4
2006;4;25;115;21.1;15.7;9.4;10.2;7.9;6.3;0.5;2.2;0.16;2.3;2.7;0;616;199;103;74;96528;3.14;0;0.37;0.4
2006;4;26;116;21.3;15.1;8.8;12.3;9.4;6.2;0.3;-0.1;0.16;2.3;2.7;0;619;194;104;65;96353;2.9;3.15;0.36;0.4
2006;4;27;117;18.3;13.5;9.7;12.4;10.5;8.5;0.7;-1.5;0.16;2.3;2.7;0;492;154;80;50;96123;2.54;9.07;0.36;0.4
2006;4;28;118;15;12;10.1;11.9;10.5;9.2;0.2;-1.4;0.16;2.4;2.7;0;311;85;42;26;95797;1.79;20.05;0.37;0.4
2006;4;29;119;10.5;8.3;6.2;9.6;7.1;4.9;0.9;-3;0.16;2.4;2.7;0;142;35;20;11;95662;1.78;23.99;0.39;0.4
2006;4;30;120;5.8;4.6;3.7;3.8;2.6;1.6;0.9;-3;0.16;2.4;2.7;0.16;214;57;20;12;96090;2.08;15.19;0.41;0.4
2006;5;1;121;13;8.3;3.7;5.4;4;2.8;-0.1;0.1;0.16;2.5;2.7;0.23;439;144;79;45;96145;2.17;0.99;0.41;0.4
2006;5;2;122;16.1;11;5.9;8.5;7;4.7;-0.3;2.2;0.16;2.5;2.7;0.08;608;184;94;63;96592;2.37;0.12;0.41;0.4
2006;5;3;123;16.5;11.9;5.6;9.3;7.9;5.4;-0.8;1.6;0.16;2.6;2.7;0;559;189;89;70;97031;2.59;1.03;0.41;0.4
2006;5;4;124;15.8;11.6;7;7.5;5.8;4.4;-1.1;2;0.16;2.6;2.7;0;690;208;106;77;97231;2.94;0.18;0.4;0.4
2006;5;5;125;16.9;12.1;5.8;7.5;4.4;2.9;-0.2;0.6;0.16;2.6;2.7;0;627;230;118;87;97209;3.29;0.14;0.4;0.4
2006;5;6;126;16.4;11.4;5.4;7.6;5;1.6;0.2;-2.1;0.16;2.7;2.7;0;631;216;116;71;96834;3.1;1.68;0.39;0.4
2006;5;7;127;15.3;10.9;5.5;9;7.3;4.6;0.4;-2.2;0.16;2.7;2.7;0;660;194;104;69;96725;2.89;2.53;0.39;0.4
2006;5;8;128;16.8;11.8;7.3;9.7;6.8;3.2;0.5;-1.2;0.16;2.7;2.7;0;661;218;112;77;96412;3.12;1.47;0.39;0.4
2006;5;9;129;17.6;12.8;6.6;9.7;7.9;4.9;-0.1;0.5;0.16;2.8;2.7;0;687;225;108;75;96111;3.14;0.53;0.39;0.4
2006;5;10;130;17.1;13;9.3;7.5;5.2;2.7;0.9;-3.6;0.16;2.8;2.7;0;702;239;116;81;96026;3.87;0.09;0.38;0.4
2006;5;11;131;15.6;11.6;7.1;5.4;3.8;2.6;0.6;-2.4;0.17;2.8;2.8;0;608;194;106;81;96435;3.15;0.03;0.38;0.4
2006;5;12;132;20.3;14.2;5;8.9;5.7;2.9;0.3;1.5;0.17;2.9;2.8;0;730;248;129;90;96658;3.92;0;0.37;0.4
2006;5;13;133;21.4;14.8;8.3;12.8;10.3;7.3;0.6;0.3;0.17;2.9;2.8;0;672;201;113;71;96484;3.15;4.49;0.37;0.4
2006;5;14;134;16.6;13.5;8.7;11.2;9.2;7.9;1.8;-1.7;0.17;2.9;2.8;0;473;154;69;52;96543;2.98;4.43;0.37;0.4
2006;5;15;135;18.6;14.8;9.9;9.6;8.6;7.9;0.2;0;0.17;3;2.8;0;565;205;104;75;96821;3.32;0.32;0.37;0.4
2006;5;16;136;22.3;17.1;11;14.6;12.1;8.8;1.1;0.8;0.17;3;2.8;0;548;194;97;63;96491;3.4;2.4;0.37;0.4
2006;5;17;137;17.9;15.1;11.1;13.2;11.1;9.5;1.4;-1.8;0.17;3;2.8;0;499;152;85;49;96536;3.04;5.18;0.37;0.4
2006;5;18;138;23.4;17.5;9.8;17.1;13.2;9.2;0.5;1.6;0.17;3;2.8;0;682;225;96;56;96450;3.73;7.66;0.37;0.4
2006;5;19;139;19;15.4;11.8;14.7;11.5;7.9;1.3;-0.7;0.17;3;2.8;0;431;114;68;37;96097;2.75;20.87;0.38;0.4
2006;5;20;140;17.1;13.9;11.6;10.8;9.4;8.3;1.1;1.7;0.17;3;2.8;0;658;167;84;45;95692;3.19;3.91;0.39;0.4
2006;5;21;141;14.7;12.8;9.8;12;10.3;8.7;0.1;0.5;0.17;3;2.8;0;234;63;60;27;95904;1.3;5.72;0.39;0.4
2006;5;22;142;23;16.6;8.6;12.6;10.7;8.1;1.3;3.5;0.17;3;2.8;0;551;206;91;65;95807;3.94;0;0.39;0.4
2006;5;23;143;19.3;15.6;12.6;11.1;8.6;6.2;1.2;-2.1;0.17;3;2.8;0;653;182;91;56;96357;3.43;0.57;0.38;0.4
2006;5;24;144;14.3;11.9;7.9;8.4;6.7;4.7;0.9;-2.5;0.17;3;2.8;0;387;86;66;30;96833;2.43;3.48;0.38;0.4
2006;5;25;145;18.9;13.4;6.5;9.7;5.9;3.7;1.1;-0.1;0.17;3;2.8;0;560;205;100;72;96835;3.59;0.13;0.38;0.4
2006;5;26;146;18.1;14.1;9.2;12.6;10.4;7.1;1.1;0;0.17;3;2.8;0;502;145;78;39;96758;2.43;6.48;0.38;0.4
2006;5;27;147;19;16.3;13.2;13;11.5;9.8;2.2;-1.4;0.17;3;2.8;0;571;201;90;48;96616;3.98;2.9;0.38;0.4
2006;5;28;148;21;15.8;12.1;14.8;11.4;7.4;1.8;-1;0.17;3;2.8;0;414;134;79;51;96196;2.99;4.22;0.38;0.4
2006;5;29;149;12.3;11.3;9;10.5;8.5;6.8;0.4;1;0.17;3;2.8;0;212;77;67;34;95885;2.01;9.71;0.38;0.4
2006;5;30;150;10.2;8.6;6.7;8;5.4;3.1;1.9;-2.9;0.17;3;2.8;0;303;103;57;39;95247;2.7;4.1;0.39;0.4
2006;5;31;151;12.5;9;5.8;3.1;2.2;1.2;2.6;-3.1;0.17;3;2.8;0;684;235;107;82;95871;3.6;0.41;0.39;0.4
2006;6;1;152;13.6;8.8;4.4;7.3;4.4;1.5;1.3;-1.5;0.17;3;2.8;0;663;206;104;71;96495;3.15;5.17;0.38;0.4
2006;6;2;153;11;8.8;6.9;7.4;5.8;3.7;1.1;-5.8;0.17;3;2.8;0;263;86;57;24;96495;2.96;25.63;0.39;0.4
2006;6;3;154;11;9.5;8.1;8.8;7.5;6;1.2;-4.9;0.17;3;2.8;0;155;47;40;12;96385;2.46;11.31;0.41;0.4
2006;6;4;155;14.1;10.8;7.5;9.3;6.5;3.3;2.1;-3.9;0.17;3;2.8;0;422;151;83;59;96352;2.69;1.73;0.41;0.4
2006;6;5;156;14.6;10.7;6.3;7.2;4.3;3;1.4;-2;0.17;3;2.8;0;617;215;98;69;96689;3.32;0.47;0.41;0.4
2006;6;6;157;13.4;10.5;7.2;7.9;6.5;4.6;0.1;-1.2;0.17;3;2.8;0;560;172;84;56;96980;3.01;4.54;0.4;0.4
2006;6;7;158;15;11.2;6.8;8.2;6.7;4.3;1.1;-3.3;0.17;3;2.8;0;709;254;109;80;97145;3.6;0.76;0.4;0.4
2006;6;8;159;15.9;12.3;8;6.5;5.2;4.1;0.5;-2.8;0.17;3;2.8;0;709;236;100;83;97321;3.79;0.56;0.4;0.4
2006;6;9;160;17.7;14;8.7;9.6;7.7;4.2;0.7;-2.3;0.17;3;2.8;0;710;247;106;78;97131;3.82;0.26;0.39;0.4
2006;6;10;161;15.7;12.8;10.6;11.1;7.1;3.8;0.2;-3.6;0.17;3;2.8;0;634;164;96;51;96885;3.8;11.21;0.4;0.4
2006;6;11;162;17.3;13.4;8.6;10.3;7.9;5.2;0.3;-2.1;0.17;3;2.8;0;473;170;84;63;97446;2.82;0.29;0.4;0.4
2006;6;12;163;22;16.8;9.1;12.5;10;6.7;0.7;-1.5;0.17;3;2.8;0;668;251;108;80;97392;4.21;0;0.39;0.4
2006;6;13;164;22.5;17.5;11.9;14.4;11.6;9.1;0.7;-1.9;0.17;3;2.8;0;694;241;102;71;96988;4.23;1.5;0.39;0.4
2006;6;14;165;22.3;18.3;13.1;13.6;12.1;11;0.3;-1.8;0.17;3;2.8;0;670;238;98;70;96547;4.22;0.26;0.38;0.4
2006;6;15;166;24.8;19.3;11.9;15.5;12.1;10;0;-0.4;0.17;3;2.8;0;723;268;120;82;96631;4.61;0;0.38;0.4
2006;6;16;167;26.6;21.2;13.6;18.8;16.2;12.4;0.3;1.4;0.17;3;2.8;0;689;246;98;68;96516;4.29;0.43;0.37;0.4
2006;6;17;168;26;21.1;16.6;18.5;16.6;14.3;0.9;0.1;0.17;3;2.8;0;667;198;95;62;96475;3.59;2.32;0.37;0.4
2006;6;18;169;24.1;20.5;16;19.6;17.5;15;0.3;-0.4;0.17;3;2.8;0;605;194;81;56;96591;3.43;10.63;0.37;0.4
2006;6;19;170;26.1;21.3;15.1;19.9;18.2;15;0.5;0.1;0.17;3;2.8;0;644;215;87;55;96431;3.78;1.45;0.37;0.4
2006;6;20;171;28.2;23.6;17.5;19.4;16.2;14.5;1;-0.5;0.17;3;2.8;0;692;239;92;67;96535;4.6;0.23;0.37;0.4
2006;6;21;172;29.5;24.1;17.2;20.6;18.8;15.9;0.2;1.7;0.17;3;2.8;0;699;235;91;61;96300;4.53;1.67;0.37;0.4
2006;6;22;173;26.7;21.9;18;18.5;17.4;16.5;0.9;-1.1;0.17;3;2.8;0;631;212;89;55;96177;4.34;9.3;0.36;0.4
2006;6;23;174;22.3;19.6;17.3;16.5;15.4;14.2;1;-2.4;0.17;3;2.8;0;555;169;75;45;96442;3.7;5.56;0.37;0.4
2006;6;24;175;25.8;21.3;15.3;17.6;15.7;13.4;-0.2;0.4;0.16;3;2.8;0;638;239;86;67;96522;4.29;0.31;0.37;0.39
2006;6;25;176;28;23.5;17.4;19.3;17.3;15.9;-0.2;3.2;0.16;2.9;2.8;0;656;244;89;63;96398;4.86;0.17;0.36;0.39
2006;6;26;177;30.7;25.3;19.7;20.2;18.4;16.1;0.2;1.4;0.16;2.9;2.8;0;704;245;97;68;96286;5.01;0.98;0.36;0.39
2006;6;27;178;27.2;23;18.9;21;19;17.1;0.3;-1.6;0.16;2.9;2.8;0;587;198;78;51;96572;3.77;0.79;0.35;0.39
2006;6;28;179;28.5;23.1;18.9;18.5;17.1;15.7;0.7;-0.7;0.16;2.9;2.8;0;682;230;101;63;96528;4.58;6.64;0.35;0.39
2006;6;29;180;22.3;19.6;18.1;18.9;17.5;16.7;0.3;-1.1;0.16;2.9;2.8;0;352;100;47;26;96563;2.38;14.83;0.36;0.39
2006;6;30;181;20.7;18.1;16;17.3;14.2;12.4;2.7;-2.4;0.16;2.9;2.8;0;476;167;59;38;96651;3.87;8.83;0.37;0.39
2006;7;1;182;18.4;16.6;15.5;13.3;12.6;11.6;1.5;-4.9;0.16;2.9;2.8;0;348;114;51;21;96905;2.5;0.98;0.37;0.39
2006;7;2;183;19.1;17;14.9;15.3;13.2;11.2;0.2;-2.8;0.16;2.9;2.8;0;319;107;40;18;96905;2.55;3.72;0.37;0.39
2006;7;3;184;19.7;17.3;15.1;16;14.6;12.8;-1;0.3;0.16;2.9;2.8;0;381;123;50;30;96842;2.45;2.66;0.37;0.39
2006;7;4;185;21.8;18.2;14.1;14.5;13.6;12.3;-0.4;1.9;0.16;2.9;2.7;0;511;181;87;56;96907;3.51;0.87;0.37;0.39
2006;7;5;186;24.1;19.5;13.3;12.8;11.4;10.4;0;3.1;0.16;2.9;2.7;0;739;272;117;88;96959;4.97;0;0.36;0.39
2006;7;6;187;26.1;21.3;15.5;15.1;13.5;10.4;-0.1;3.1;0.16;2.8;2.7;0;725;266;103;80;96738;5.03;0;0.36;0.39
2006;7;7;188;26.5;21.2;15.9;19;16.8;14.7;0.2;0.7;0.16;2.8;2.7;0;665;242;92;68;96398;4.31;2.9;0.35;0.39
2006;7;8;189;24.7;20.6;16.6;18.1;16.7;15;0.8;-1.6;0.16;2.8;2.7;0;631;220;87;56;96562;4.4;9.86;0.36;0.39
2006;7;9;190;26;21.2;16;19;16.7;14.2;0.4;-0.9;0.16;2.8;2.7;0;661;236;94;63;96710;4.3;2.65;0.36;0.39
2006;7;10;191;27;22.5;17;17.3;16.6;15.7;0.8;-2.1;0.16;2.8;2.7;0;675;231;80;59;97055;4.55;0.27;0.35;0.39
2006;7;11;192;28.6;23.9;18.3;17.9;16.6;15;0.1;-0.8;0.16;2.8;2.7;0;643;234;94;65;97007;4.49;0.11;0.35;0.39
2006;7;12;193;28.2;23.2;18.4;18.2;17;15.5;0.4;-0.9;0.16;2.8;2.7;0;632;220;88;59;96851;4.38;2.72;0.35;0.39
2006;7;13;194;27.1;22.6;18.5;18.3;17;15.5;0.4;-1.8;0.16;2.8;2.7;0;675;224;82;62;96737;4.44;1.06;0.34;0.39
2006;7;14;195;28.1;22.5;18.9;17.8;16.4;15.1;1;-3.1;0.16;2.8;2.7;0;694;219;87;60;96790;4.52;1.91;0.34;0.39
2006;7;15;196;22.3;19.3;16.5;14.8;9.8;6.6;0.3;-4.2;0.16;2.8;2.7;0;717;262;118;91;97250;4.86;0.01;0.34;0.39
2006;7;16;197;20.5;17.5;14.6;9.5;7.3;5.6;0.4;-3.9;0.16;2.8;2.7;0;715;255;120;91;97302;4.38;0.03;0.33;0.39
2006;7;17;198;23.4;18.5;13.4;9.9;8.1;6;0.5;-3.1;0.16;2.8;2.7;0;704;258;111;91;97194;4.48;0;0.33;0.39
2006;7;18;199;26.2;20.5;12.5;15.6;11.5;9.2;0.6;-0.6;0.16;2.8;2.7;0;726;266;125;90;97076;4.22;0;0.32;0.39
2006;7;19;200;29.6;23;14.2;15.8;13.5;10.9;0.5;0.3;0.16;2.7;2.7;0;726;266;129;90;96977;4.37;0;0.32;0.39
2006;7;20;201;30.4;24.6;16.6;16.2;14.5;13.2;0.9;1.9;0.16;2.7;2.7;0;728;263;123;86;96873;4.48;0;0.32;0.39
2006;7;21;202;31.3;25.1;18.5;19.7;16.8;14.9;1.1;-0.1;0.16;2.7;2.7;0;696;221;107;67;96797;4.12;2.37;0.31;0.39
2006;7;22;203;29.3;24.4;18.9;19;17.8;16.9;1;-0.5;0.16;2.7;2.7;0;615;225;94;62;96596;4.28;3.03;0.31;0.39
2006;7;23;204;29.4;24.6;19.4;19.8;17.9;15.8;1;-0.8;0.16;2.7;2.7;0;654;222;90;60;96547;4.21;2.6;0.31;0.38
2006;7;24;205;29;24.2;20.1;18.3;16.7;14.6;1.2;-1.4;0.16;2.7;2.7;0;643;222;98;65;96678;4.2;1.5;0.31;0.38
2006;7;25;206;29.1;24;18.3;19.7;17.4;14.8;0.5;-1.1;0.16;2.7;2.7;0;642;215;88;62;96641;3.95;0.41;0.31;0.38
2006;7;26;207;29.6;24.7;18.5;19;16.1;13.4;0.4;-0.9;0.16;2.7;2.7;0;649;227;107;73;96581;3.9;0;0.3;0.38
2006;7;27;208;30.5;24.9;18.8;18.9;15.6;12.1;0.8;-0.6;0.16;2.7;2.7;0;557;194;110;70;96436;3.43;0.17;0.3;0.38
2006;7;28;209;30.8;25.4;18.9;17.9;14.6;11.8;0.1;0.8;0.16;2.7;2.7;0;635;222;113;77;96003;3.8;0;0.3;0.38
2006;7;29;210;26.5;22.4;18.8;18.4;16.7;15.5;0.9;-1.4;0.16;2.7;2.7;0;653;198;82;57;95678;3.85;16.51;0.3;0.38
2006;7;30;211;26;22.3;18.9;16.2;15.3;14;1.8;-2.5;0.16;2.7;2.7;0;585;205;81;61;96103;3.79;0.08;0.3;0.38
2006;7;31;212;27.3;22.7;17.7;19.2;16.7;15;1.2;-0.5;0.16;2.7;2.7;0;563;188;85;60;96208;3.46;2.9;0.3;0.38
2006;8;1;213;21.9;19.5;16.2;18.2;17.4;15.7;0.4;-0.5;0.16;2.7;2.7;0;354;90;55;38;95877;1.89;11.52;0.31;0.38
2006;8;2;214;21.5;18.5;15.8;15.9;13.2;11.5;1.5;-0.9;0.16;2.7;2.7;0;385;125;70;42;95796;3.07;2.47;0.31;0.38
2006;8;3;215;19.3;16.8;13.6;16.1;13.8;11.6;-0.1;-0.1;0.16;2.7;2.7;0;279;75;44;26;95362;1.95;12.28;0.31;0.38
2006;8;4;216;18;15.4;13.7;11.5;10.8;10.2;1.9;-3.2;0.16;2.6;2.7;0;425;129;70;44;95461;2.7;1.39;0.32;0.38
2006;8;5;217;19.7;16;12.8;12.3;10.8;9.9;2.1;-1.9;0.16;2.6;2.7;0;555;181;82;58;95878;3.18;5.83;0.32;0.38
2006;8;6;218;19.1;16.2;13.6;13.5;12.7;12.1;2;-0.3;0.16;2.6;2.7;0;398;102;74;32;95756;2.58;9.58;0.33;0.38
2006;8;7;219;16.9;15.5;14.3;14.7;13.3;12;3;-2.3;0.16;2.6;2.7;0;285;41;23;11;95426;3.38;34.17;0.34;0.38
2006;8;8;220;17.9;16.3;15.2;13.3;12;11.1;2.9;-3.4;0.16;2.6;2.7;0;429;91;55;30;95663;3.96;7.02;0.36;0.38
2006;8;9;221;20.4;16.9;13.8;11.9;10.9;9.1;1.5;-2.6;0.16;2.6;2.7;0;516;181;89;69;95987;3.12;0.04;0.36;0.38
2006;8;10;222;20.6;17.1;12.7;13.2;10.1;8.8;0.6;-1.5;0.16;2.6;2.7;0;557;173;81;63;95969;3.05;0.03;0.35;0.38
2006;8;11;223;19.8;16.4;12.9;11.6;9.4;8;1.3;-1.8;0.16;2.6;2.7;0;638;198;97;71;95834;3.37;0.31;0.35;0.38
2006;8;12;224;15.1;13.2;11.9;11.7;10.5;9.8;0.3;-1.5;0.16;2.6;2.7;0;242;69;46;28;95634;1.71;10.28;0.35;0.38
2006;8;13;225;17.8;14.1;10.7;9.9;9.2;8.4;0.6;0.6;0.16;2.6;2.7;0;450;149;92;54;95626;2.91;3.28;0.36;0.38
2006;8;14;226;18.8;14.5;9.8;14.1;10.8;8;0.3;0.8;0.16;2.6;2.7;0;519;160;98;61;95852;2.57;5.03;0.36;0.38
2006;8;15;227;22.1;16.2;8.6;13.1;10.3;8;0.3;0.9;0.16;2.6;2.7;0;544;199;98;75;96121;3.33;0;0.36;0.38
2006;8;16;228;23.6;18.3;11.3;14.5;12.8;10.6;0.8;3.6;0.16;2.6;2.7;0;666;198;95;68;95875;3.42;0;0.36;0.38
2006;8;17;229;26.7;21.4;15.3;16;14.2;11.7;1.1;3.2;0.15;2.6;2.7;0;673;228;105;82;95756;4.15;0;0.35;0.38
2006;8;18;230;26.8;22.1;18.2;17.4;15.5;13.6;1.6;1.9;0.15;2.6;2.7;0;653;203;89;66;95895;3.87;0.3;0.35;0.38
2006;8;19;231;26.3;21.4;15.9;18.1;15.6;13.2;0.2;1.1;0.15;2.6;2.7;0;633;192;95;63;96469;3.36;0;0.34;0.38
2006;8;20;232;24.7;19.8;15.5;17.3;14.5;9.1;1.6;-1.9;0.15;2.6;2.7;0;538;157;81;48;96565;3.97;18.98;0.35;0.38
2006;8;21;233;21.7;17.4;13.2;13.2;11.1;9;1.5;-1.2;0.15;2.6;2.7;0;544;180;88;71;96662;3.16;0.57;0.35;0.38
2006;8;22;234;19.5;16.1;12;13.5;11;9.2;1.4;-0.7;0.15;2.6;2.7;0;398;143;93;66;96402;2.71;5.4;0.36;0.38
2006;8;23;235;20.6;16.5;12.3;13;10.7;8.7;1;-0.5;0.15;2.5;2.7;0;592;180;96;71;96394;2.86;0.22;0.35;0.38
2006;8;24;236;22.1;17.4;11.3;14.7;13.1;10.4;0.7;1.8;0.15;2.5;2.7;0;500;162;83;57;95991;2.7;0.5;0.35;0.38
2006;8;25;237;19.1;15.5;11.9;13.7;11.5;9.9;1.1;-0.6;0.15;2.5;2.7;0;285;85;78;41;95800;1.94;2.44;0.35;0.38
2006;8;26;238;21.2;15.5;9.3;13.6;10.9;8.2;1;0.1;0.15;2.5;2.7;0;590;192;113;77;95851;2.99;4.07;0.35;0.38
2006;8;27;239;19.9;14.9;10.3;13.7;11.5;9.1;1;-0.5;0.15;2.5;2.7;0;550;142;87;60;95966;2.55;9.15;0.35;0.37
2006;8;28;240;19.3;15.2;12;12.1;10.3;8.6;1.2;-0.9;0.15;2.5;2.7;0;514;152;94;57;95809;2.7;5.02;0.36;0.37
2006;8;29;241;17.2;13.8;10.6;12.2;7.1;4.3;2.3;-1.8;0.15;2.5;2.7;0;645;199;117;68;95505;3.58;4.31;0.36;0.37
2006;8;30;242;14.4;12;10.6;7.3;5.9;4.7;3.2;-2.3;0.15;2.5;2.7;0;477;126;93;58;95965;2.23;0.93;0.36;0.37
2006;8;31;243;16.8;13.8;11.3;7.9;6.8;5.9;3.6;-3.2;0.15;2.5;2.7;0;481;162;96;72;96715;2.67;0;0.36;0.37
2006;9;1;244;20.8;15.2;8.6;11.9;9;5.7;0.9;-0.1;0.15;2.5;2.7;0;614;179;103;76;96864;2.71;0;0.35;0.37
2006;9;2;245;22.6;17;10.4;14;11.9;9;0.4;1.4;0.15;2.5;2.7;0;577;187;109;72;96575;2.83;0;0.35;0.37
2006;9;3;246;24.3;18.9;13.7;17.4;15.2;12.3;1.1;0.8;0.15;2.5;2.7;0;467;108;70;44;96586;1.76;0.03;0.35;0.37
2006;9;4;247;26.2;21.3;16.1;17.4;15;14;2.3;-1;0.15;2.5;2.7;0;579;181;90;60;96814;3.3;0;0.35;0.37
2006;9;5;248;23.9;20;16.6;14.8;13.3;12;2.2;-2.4;0.15;2.5;2.7;0;569;170;86;65;96995;3.08;0.01;0.34;0.37
2006;9;6;249;24.1;18.9;14;15.9;14;12.2;0;0.2;0.15;2.5;2.7;0;584;159;88;60;96877;2.5;0.02;0.34;0.37
2006;9;7;250;24.2;19.8;14.9;17.5;16.1;13.6;0.6;2.8;0.15;2.5;2.7;0;494;130;65;46;96420;2.13;0;0.34;0.37
2006;9;8;251;18.2;16.1;12.7;16.6;9.5;5;1.5;-3.6;0.15;2.5;2.7;0;489;116;94;62;96867;2.51;1.12;0.34;0.37
2006;9;9;252;18.4;14.6;9.7;9.1;7.2;5.9;0;-1;0.15;2.5;2.7;0;502;170;114;84;97537;2.43;0;0.33;0.37
2006;9;10;253;20.1;15.2;9.8;10.1;8.5;6.2;-0.1;2.1;0.15;2.5;2.7;0;609;191;119;87;97551;2.59;0;0.33;0.37
2006;9;11;254;21.1;15.7;9.6;11.2;9.9;7.4;-0.3;2.4;0.15;2.5;2.7;0;600;180;108;83;97381;2.48;0;0.33;0.37
2006;9;12;255;21.2;16.3;11.3;12.7;9.5;8.2;-0.3;2.7;0.15;2.5;2.7;0;587;184;118;86;97143;2.69;0;0.33;0.37
2006;9;13;256;21.1;16.3;11.2;11;9;7.4;-0.2;2.8;0.15;2.5;2.7;0;581;182;116;90;96906;2.62;0;0.32;0.37
2006;9;14;257;22.5;17.4;11.7;13.3;11.6;8.9;-0.3;3.4;0.15;2.5;2.7;0;577;175;102;77;96386;2.43;0;0.32;0.37
2006;9;15;258;20.9;17.3;13.9;13.2;12.7;12.2;-1.3;2;0.15;2.5;2.7;0;462;106;74;43;96107;1.63;0.92;0.32;0.37
2006;9;16;259;18.1;15.8;14.2;15;13.2;11.7;-1.4;0.4;0.15;2.4;2.7;0;333;76;50;25;96180;1.85;15.41;0.32;0.37
2006;9;17;260;21.2;16.4;12.1;14.8;13.4;11.6;-1.4;1.1;0.15;2.4;2.7;0;514;138;85;43;96022;2.25;1.48;0.33;0.37
2006;9;18;261;18.1;15.4;13.5;16;14.5;13.1;-0.7;-0.4;0.14;2.4;2.7;0;305;62;46;20;95948;1.34;12.78;0.34;0.37
2006;9;19;262;18.2;15.4;12.6;14.5;13.1;11.8;1.1;-1.8;0.14;2.4;2.7;0;270;81;63;35;96098;1.76;4.68;0.35;0.37
2006;9;20;263;19.8;16.1;12.5;11.6;10.8;9.8;1.5;-2.8;0.14;2.3;2.7;0;519;141;95;67;96585;2.33;0.01;0.34;0.37
2006;9;21;264;20.5;15.6;10.4;12.8;11.1;9;-0.1;0.1;0.14;2.3;2.7;0;529;149;105;69;96804;2.08;0;0.34;0.37
2006;9;22;265;19;15.2;11.8;13.8;11.4;8.6;-1.1;0.9;0.14;2.3;2.7;0;420;114;73;52;96647;1.65;0.24;0.34;0.37
2006;9;23;266;18.8;14;9.5;9.6;8.2;6.6;-0.2;1.1;0.14;2.3;2.7;0;555;164;116;82;96743;2.17;0;0.34;0.37
2006;9;24;267;20.4;15.6;10.1;11.9;10.5;7.9;-0.1;2.3;0.14;2.2;2.7;0;527;141;95;65;96469;1.97;0;0.34;0.37
2006;9;25;268;20.3;16;12.4;12.8;11.9;11.1;-0.4;3.3;0.14;2.2;2.7;0;455;135;77;67;96060;1.93;0;0.34;0.37
2006;9;26;269;20.9;16.1;11.1;14.2;11.8;10;-0.3;-0.7;0.14;2.2;2.7;0;487;134;93;66;96123;1.86;0.33;0.33;0.37
2006;9;27;270;19;15.2;12.6;13.8;12.5;10.5;1.1;-2.2;0.14;2.1;2.7;0;388;115;83;59;96188;1.82;2.63;0.33;0.37
2006;9;28;271;19.8;15.4;11.7;13.3;12;10.4;0.9;-1.5;0.14;2.1;2.6;0;501;135;94;64;96087;1.88;0.48;0.33;0.37
2006;9;29;272;21;15.5;9.8;13.8;11.7;9;0.4;0.6;0.14;2.1;2.6;0;446;131;94;62;96215;1.74;0.08;0.33;0.37
2006;9;30;273;21.3;15.9;10.4;15.1;13;9.9;0.3;0.8;0.14;2.1;2.6;0;413;115;75;56;96328;1.42;0.2;0.33;0.37
2006;10;1;274;20.4;16;10.9;14.9;13.2;10.5;0.6;0.4;0.14;2;2.6;0;383;95;76;47;96349;1.17;0.38;0.33;0.37
2006;10;2;275;18.5;16;13.4;15;14.1;12.6;0.7;1;0.14;2;2.6;0;164;40;54;31;96307;0.61;1.84;0.33;0.37
2006;10;3;276;23.6;18.3;12.8;15.1;13.5;12.6;2.2;3.3;0.14;2;2.6;0;459;128;86;61;95343;1.96;0;0.33;0.37
2006;10;4;277;17.9;14.5;12.3;13.5;8.2;6.4;1.4;-1.5;0.14;2;2.6;0;230;50;64;30;95863;1.67;2.39;0.33;0.37
2006;10;5;278;16.1;12.5;8.2;7.6;6.1;4.4;1.3;-1.5;0.14;1.9;2.6;0;438;97;92;54;96648;1.47;0.06;0.33;0.37
2006;10;6;279;17.1;11.5;5.4;7.5;5.3;4.1;0.8;1.3;0.14;1.9;2.6;0;505;141;125;86;96768;1.67;0;0.33;0.37
2006;10;7;280;18.2;13.1;8.8;9.9;7.7;5.3;1;0.6;0.14;1.9;2.6;0;468;119;102;61;96350;1.91;1.96;0.32;0.37
2006;10;8;281;14.8;11.2;6.6;8.1;5.9;4.8;1.1;-2.4;0.14;1.9;2.6;0;455;129;110;78;97070;1.65;0.01;0.32;0.37
2006;10;9;282;17.8;11.2;5.3;8.1;5.7;3.7;0.5;1.2;0.14;1.8;2.6;0;494;137;125;87;97102;1.46;0;0.32;0.37
2006;10;10;283;18.3;12.1;6.1;9.7;8;5;0.4;1.8;0.14;1.8;2.6;0;481;133;119;86;97055;1.28;0;0.32;0.37
2006;10;11;284;17.6;12.8;8.2;9.8;8.5;6.7;0.2;2.7;0.14;1.8;2.6;0;479;129;112;82;96765;1.28;0;0.32;0.37
2006;10;12;285;18;12.7;8.5;10.6;9.2;7.3;0.1;1.7;0.14;1.8;2.6;0;454;118;96;73;96914;1.16;0;0.32;0.37
2006;10;13;286;16.8;12.9;9.2;11.5;9.8;8.4;0.4;-1.3;0.14;1.7;2.6;0;299;73;72;40;97415;0.84;0.32;0.32;0.37
2006;10;14;287;14.7;12;9;10.9;9.3;7.3;0.1;-0.4;0.14;1.7;2.6;0;304;79;73;47;97598;0.83;0.86;0.32;0.37
2006;10;15;288;15;10;5.8;8.9;6.7;4.4;0.6;-2.1;0.14;1.7;2.6;0;392;101;110;68;97419;0.99;0;0.32;0.37
2006;10;16;289;11.5;8.4;3.8;6.4;3;1.2;0.5;-3.1;0.14;1.7;2.6;0;426;111;119;73;97254;1.09;0.07;0.32;0.37
2006;10;17;290;11.9;6.9;1.4;4.2;2.5;0.2;0.1;2.3;0.13;1.7;2.6;0;459;121;117;89;96983;0.89;0;0.32;0.37
2006;10;18;291;12.8;7.8;3.7;3.3;2.6;1.4;0.2;3.6;0.13;1.6;2.6;0;461;123;122;98;96364;1;0;0.31;0.37
2006;10;19;292;13.9;9;5.1;7.5;5.3;2.4;-0.1;3.5;0.13;1.6;2.6;0;436;112;102;79;95669;0.82;0;0.31;0.37
2006;10;20;293;17.3;12.2;7.8;10.4;8.7;6.5;1.4;3.5;0.13;1.6;2.6;0;357;86;79;54;95352;0.81;0;0.31;0.37
2006;10;21;294;17.5;12.3;7.8;11;9.4;7.4;0.6;0.5;0.13;1.6;2.6;0;420;106;106;62;95608;0.87;0;0.31;0.37
2006;10;22;295;17.9;12.7;7.6;11.6;10;6.8;0.2;0.9;0.13;1.6;2.6;0;408;98;104;64;95953;0.79;0;0.31;0.37
2006;10;23;296;19.2;14.1;10.3;11.1;10.3;9.5;1;2.7;0.13;1.6;2.6;0;387;94;102;71;95511;0.92;0;0.31;0.37
2006;10;24;297;17.6;14.4;10.5;14.9;12.2;9.4;0.8;0.9;0.13;1.6;2.6;0;171;40;71;37;95466;0.73;9.43;0.31;0.36
2006;10;25;298;16.7;11.9;6.3;11.3;9.1;5.3;0.4;1.1;0.13;1.6;2.6;0;331;79;87;62;96429;0.86;0;0.32;0.36
2006;10;26;299;16.8;12.5;8.6;12.6;10.9;8.4;0;2.5;0.13;1.6;2.6;0;253;56;74;44;96574;0.39;0;0.32;0.36
2006;10;27;300;22;14.2;7.9;14.4;11.1;7.1;0.9;0;0.13;1.6;2.6;0;387;94;104;65;96904;0.84;0;0.32;0.36
2006;10;28;301;15.7;12.9;9.7;12.6;11;8.8;1;-0.5;0.13;1.5;2.6;0;202;48;65;36;97177;0.51;0.81;0.32;0.36
2006;10;29;302;17.2;13.1;9.9;10.8;8.8;5.3;3;-1.7;0.13;1.5;2.6;0;340;64;90;54;96179;1.07;0.8;0.32;0.36
2006;10;30;303;9.3;5.7;2.1;5.6;-0.2;-2.6;0.4;-3.5;0.13;1.5;2.6;0;404;98;115;84;96810;1.05;0.28;0.32;0.36
2006;10;31;304;10.9;6.2;1.8;3.3;1;-1.1;0.7;3.3;0.12;1.5;2.6;0;380;93;100;70;96298;0.78;0.12;0.31;0.36
2006;11;1;305;8.8;6.8;3.1;6.9;2;-2.7;1.7;-0.6;0.12;1.5;2.6;0;129;30;90;44;95675;0.87;3.87;0.32;0.36
2006;11;2;306;2.5;0.5;-1.1;-2.5;-8.1;-12.2;2.4;-4.3;0.13;1.5;2.6;0.24;356;86;104;85;96612;0.82;0.46;0.32;0.36
2006;11;3;307;2.1;-0.6;-2.1;-4.4;-6.1;-7.8;1.7;-2.9;0.14;1.5;2.6;1.01;365;82;96;75;96978;0.7;1.5;0.32;0.36
2006;11;4;308;4.1;1.5;-2;-0.3;-3.2;-7.6;2.7;-1.8;0.15;1.5;2.6;1.57;137;34;87;48;97233;0.71;1.7;0.32;0.36
2006;11;5;309;8.5;6.3;4.2;1.8;0.7;-1;4.5;-2.1;0.14;1.5;2.6;1.18;272;54;74;43;96733;1.12;1.27;0.32;0.36
2006;11;6;310;9.6;7.8;6.5;3.1;1.7;0.3;3.4;-2.8;0.13;1.4;2.6;0.41;234;48;79;55;96907;0.61;0.04;0.32;0.36
2006;11;7;311;13;6.5;0.9;5.3;2.1;-0.6;0.9;0.2;0.12;1.4;2.6;0.18;367;88;121;83;97122;0.6;0;0.32;0.36
2006;11;8;312;14.3;7.1;1.4;7.1;3.1;-1.3;1;0.6;0.12;1.4;2.6;0.1;365;85;121;73;97050;0.55;0;0.32;0.36
2006;11;9;313;13.9;8.1;3.6;7.3;4.2;1.3;2;-0.4;0.12;1.4;2.6;0.03;178;40;76;51;96922;0.53;0.67;0.32;0.36
2006;11;10;314;7.5;4.8;0.8;1.6;-0.4;-1.4;2.3;-3;0.12;1.4;2.6;0;323;75;100;82;97664;0.67;0.09;0.32;0.36
2006;11;11;315;6.3;3.5;0.6;0.2;-1;-2.6;1.1;1.5;0.12;1.4;2.6;0;176;43;74;44;96811;0.37;0.09;0.32;0.36
2006;11;12;316;9.1;5.5;3.5;5.1;1;-0.9;3;-1.2;0.12;1.4;2.6;0;299;65;90;58;95749;0.9;1.88;0.32;0.36
2006;11;13;317;7.9;5.5;2.9;1.4;-0.2;-1.1;2.3;-1;0.12;1.4;2.6;0.05;260;55;80;52;95974;0.65;0.31;0.32;0.36
2006;11;14;318;13.5;9.3;6.9;7.8;5.8;1.9;1.6;0.7;0.12;1.4;2.6;0.03;172;39;68;34;96219;0.39;0.42;0.32;0.36
2006;11;15;319;14.7;9;4.9;9.1;6.7;4.2;0.8;0.8;0.11;1.3;2.6;0;311;72;100;64;96649;0.35;0;0.32;0.36
2006;11;16;320;14.4;8.5;3.9;8.1;5.6;2.7;0.9;1.9;0.11;1.3;2.6;0;304;72;103;75;96216;0.43;0;0.32;0.36
2006;11;17;321;13.2;7.8;3.7;8.9;6.2;2.9;0.5;0.1;0.11;1.4;2.6;0;295;62;81;53;96239;0.32;0.1;0.32;0.36
2006;11;18;322;13.7;8;4.5;9;6.6;4.2;0.6;0.2;0.11;1.4;2.6;0;202;48;77;44;96520;0.35;0;0.32;0.36
2006;11;19;323;12.4;8.3;4;8.5;6.7;3.6;0.4;1;0.11;1.4;2.6;0;234;51;64;38;96873;0.29;0.03;0.31;0.36
2006;11;20;324;8.4;7.1;5.1;7.4;5.6;4.3;1.1;-1;0.11;1.4;2.6;0;61;13;50;20;96503;0.52;1.56;0.32;0.36
2006;11;21;325;9.5;6.5;4.4;4.9;4.3;3.8;0.5;2.5;0.11;1.4;2.6;0;198;46;70;45;95419;0.41;0;0.32;0.36
2006;11;22;326;5;4.4;2.9;3.8;3.2;2.3;1.2;-1.9;0.12;1.4;2.6;0.16;44;10;68;19;94862;0.93;17.47;0.33;0.36
2006;11;23;327;9.2;5.3;3.2;2;1.1;0;0.8;0;0.12;1.4;2.6;0.19;281;58;105;57;95382;0.72;0.08;0.33;0.36
2006;11;24;328;9.2;6;3;5.8;3.6;1;-0.2;2.6;0.12;1.4;2.6;0.1;265;55;91;61;95903;0.29;0;0.33;0.36
2006;11;25;329;13.6;9.1;5.3;9.3;7.3;4.7;1.2;2.7;0.11;1.4;2.6;0.03;204;45;85;50;96102;0.29;0;0.33;0.36
2006;11;26;330;10.7;7.5;4.7;9;6.7;3.9;0.3;0.1;0.11;1.4;2.6;0;129;26;51;25;96960;0.15;0.2;0.33;0.36
2006;11;27;331;10.9;7.9;5.3;8.7;7.2;5.2;0;0.4;0.11;1.4;2.6;0;203;37;53;22;97321;0.23;0.13;0.33;0.36
2006;11;28;332;9.4;7.6;6.2;7.7;6.7;5.6;-0.4;1.9;0.11;1.4;2.6;0;132;28;32;17;97245;0.27;0.3;0.33;0.36
2006;11;29;333;10.5;7.6;5.8;5.8;5.3;4.9;0.3;-0.5;0.11;1.4;2.6;0;227;47;94;37;97505;0.4;0.16;0.33;0.36
2006;11;30;334;9.3;7.7;6.3;6.9;6.1;5.2;0;-1.3;0.11;1.4;2.6;0;169;31;48;22;98199;0.58;1.44;0.33;0.36
2006;12;1;335;8.4;6.5;4.6;4.5;3.3;1.8;0.3;2.9;0.11;1.4;2.6;0;192;38;67;38;97923;0.48;0.03;0.33;0.36
2006;12;2;336;6.5;3.9;0.2;2.7;1.7;-0.2;0;2.6;0.11;1.4;2.6;0;200;40;80;50;97231;0.27;0.01;0.33;0.36
2006;12;3;337;6.1;2.2;-1.3;2.5;0.7;-2.3;0.1;1;0.11;1.4;2.6;0;202;41;71;49;96563;0.23;0.05;0.33;0.36
2006;12;4;338;7.8;3.3;-1.1;1.9;-0.3;-2.1;0.7;0.5;0.11;1.4;2.6;0;237;44;79;41;96000;0.3;0.09;0.33;0.36
2006;12;5;339;11.2;6;2;7.8;3.9;-0.1;1.2;1.7;0.11;1.4;2.6;0;196;29;73;43;96147;0.32;1.06;0.33;0.36
2006;12;6;340;12;6.8;4.2;7.7;4.9;3;1.5;2;0.11;1.4;2.6;0;258;53;96;62;95707;0.32;0;0.33;0.36
2006;12;7;341;8;7;6;6.7;5.2;4.2;0.7;1.2;0.11;1.4;2.6;0;72;14;61;21;96141;0.27;0.76;0.33;0.36
2006;12;8;342;12.4;9.4;6.4;8.2;6.8;5.9;1.5;5;0.11;1.4;2.6;0;261;49;89;60;95530;0.46;0;0.33;0.36
2006;12;9;343;11.6;9.3;4.8;8.3;6.8;2.2;0.2;3;0.11;1.4;2.6;0;149;28;80;42;95592;0.77;8.08;0.33;0.36
2006;12;10;344;6.1;4;1.1;2.2;0.8;-1;1.7;-1.7;0.11;1.4;2.6;0;165;30;79;58;97184;0.57;0.45;0.34;0.36
2006;12;11;345;6.1;1;-2.5;1.3;-1.2;-3.7;0.9;0.6;0.11;1.4;2.6;0;269;57;110;78;97562;0.23;0;0.34;0.36
2006;12;12;346;4.2;0.4;-2.8;-0.3;-2.5;-4.3;1.4;0.8;0.11;1.4;2.6;0;108;18;74;37;97195;0.11;0.02;0.34;0.36
2006;12;13;347;7.4;1.6;-1.4;1.1;-1.7;-4.6;1.3;0.9;0.11;1.4;2.6;0;254;53;104;63;97618;0.25;0;0.34;0.36
2006;12;14;348;8.6;2;-1.3;4.1;-0.8;-3.7;1.4;0.8;0.11;1.4;2.6;0;258;54;102;66;97789;0.22;0;0.33;0.36
2006;12;15;349;4.4;0.4;-2.4;1;-2.4;-5.8;0.2;0.3;0.11;1.4;2.6;0;244;50;89;62;97706;0.16;0;0.33;0.36
2006;12;16;350;5.1;0;-2.8;0.7;-2.3;-4.6;0.5;0.6;0.11;1.4;2.6;0;247;51;98;62;97343;0.1;0;0.33;0.36
2006;12;17;351;4.3;1.2;-1.9;2.6;-0.7;-4.2;0.7;0;0.11;1.4;2.6;0;105;22;50;23;97132;0.11;1.52;0.33;0.36
2006;12;18;352;2.5;1.6;0.4;2;-0.1;-1.6;0.2;-3.2;0.11;1.4;2.6;0.11;105;22;33;16;97147;0.44;3.34;0.34;0.36
2006;12;19;353;1.2;-0.1;-1.1;-1.4;-3.8;-5.4;0.8;-4.3;0.12;1.4;2.6;0.61;170;33;82;53;97421;0.31;0.17;0.34;0.36
2006;12;20;354;3.4;0.8;-1.4;-2;-3.4;-5.2;1.7;-2.8;0.12;1.3;2.6;0.67;201;42;86;60;97765;0.29;0.39;0.34;0.36
2006;12;21;355;3.4;1.9;0.7;1.6;0.3;-1.6;0.5;-2.8;0.12;1.3;2.6;0.89;113;21;46;27;98200;0.5;2.38;0.34;0.36
2006;12;22;356;3.5;1.7;0.4;0.3;-0.4;-1.2;0.3;-1.4;0.12;1.3;2.6;0.93;131;26;42;25;98574;0.32;0.06;0.34;0.36
2006;12;23;357;4.9;1.2;-0.8;1.4;-0.2;-1.8;0.7;-1.7;0.12;1.3;2.6;0.82;206;41;81;50;98516;0.15;0.02;0.34;0.36
2006;12;24;358;4.7;0.9;-1.2;1.8;-0.4;-2;0.4;-1.6;0.12;1.3;2.6;0.68;198;37;58;45;98072;0.08;0.01;0.34;0.36
2006;12;25;359;3.1;1.7;0.5;-0.4;-0.8;-1.2;1;-3.7;0.12;1.3;2.6;0.61;164;30;58;36;97886;0.25;0.05;0.34;0.36
2006;12;26;360;2.4;0.1;-3.1;-0.6;-2.8;-4.5;0.4;-1.9;0.12;1.3;2.6;0.59;230;48;98;63;98144;0.29;0.03;0.34;0.36
2006;12;27;361;3.3;-1.9;-4.8;-1.5;-4.1;-6.1;0.9;0.6;0.12;1.3;2.6;0.56;259;55;111;76;97857;0.06;0;0.34;0.36
2006;12;28;362;4.3;-1.4;-4.7;-2.4;-5.3;-8.7;0.8;0.3;0.12;1.3;2.6;0.49;257;55;107;65;97275;0.04;0.16;0.34;0.36
2006;12;29;363;4.6;1.1;-1.7;0.7;-1.2;-3.6;1.2;-0.6;0.12;1.3;2.6;0.48;192;36;71;42;97561;0.09;0.08;0.34;0.36
2006;12;30;364;3.1;-0.1;-2;-0.6;-1.8;-3;0.2;2;0.12;1.3;2.6;0.43;195;40;78;47;97707;0.04;0.01;0.34;0.36
2006;12;31;365;7.8;1.6;-0.7;2.9;-0.9;-2.8;1.1;0.9;0.12;1.3;2.6;0.4;222;46;98;51;97677;0.11;0.01;0.34;0.36
2007;1;1;1;5.2;2.8;-0.4;0.8;-0.9;-2.1;1.8;1.2;0.11;1.3;2.6;0.35;97;19;58;22;96667;0.37;1.07;0.34;0.36
2007;1;2;2;4.2;1.7;-2.4;1.5;-1.9;-4.7;1.7;-1.3;0.11;1.3;2.6;0.29;136;29;78;55;96394;0.32;0.21;0.34;0.36
2007;1;3;3;4.6;2.4;1;-0.6;-1.9;-3.2;2.5;-3.5;0.12;1.3;2.6;0.5;240;47;87;68;97037;0.39;0.42;0.34;0.36
2007;1;4;4;4.3;2.2;0.4;-0.6;-1.6;-2.9;1.3;1.4;0.12;1.2;2.6;0.54;70;15;51;24;96457;0.26;0.48;0.34;0.36
2007;1;5;5;7.2;2.7;-1.1;1.8;-0.2;-2.3;2.3;-0.2;0.12;1.2;2.6;0.47;235;48;81;56;96545;0.26;0.23;0.34;0.36
2007;1;6;6;8.7;4.1;1.4;4.3;1.9;0.1;1.3;0.9;0.11;1.2;2.6;0.36;183;30;54;28;96944;0.11;0.05;0.34;0.36
2007;1;7;7;11.1;4.9;0.5;6.1;2.2;-0.2;1.6;-0.1;0.11;1.2;2.5;0.26;256;50;96;50;96667;0.33;0.27;0.34;0.36
2007;1;8;8;7.8;2.7;-0.7;4.3;1.1;-1.2;1.1;1.3;0.11;1.2;2.5;0.18;222;50;90;58;96320;0.13;0;0.34;0.36
2007;1;9;9;9.5;4.6;0;5.8;2.4;-2;1.4;0.7;0.11;1.2;2.5;0.14;127;20;55;21;96595;0.04;0.14;0.34;0.36
2007;1;10;10;11.3;5.7;2.1;6.3;3.7;1.2;1;0.8;0.11;1.2;2.5;0.08;263;55;94;53;96883;0.19;0.11;0.34;0.36
2007;1;11;11;11.7;6.7;1.8;6.8;4.3;1.4;1;0.9;0.11;1.2;2.5;0.04;260;53;87;48;96586;0.34;0.32;0.34;0.36
2007;1;12;12;7.8;6.4;4.6;3.5;0.6;-2.3;3.7;-2.2;0.11;1.2;2.5;0.01;273;59;101;73;96575;0.68;0.33;0.34;0.36
2007;1;13;13;12;6.7;2.4;4.5;1.6;-1.8;1.4;0.5;0.11;1.2;2.5;0;265;57;99;59;96968;0.38;0;0.34;0.36
2007;1;14;14;10.5;5.7;0.7;4.6;2.1;-0.4;2.2;-1.3;0.11;1.2;2.5;0;201;44;85;60;97216;0.27;0;0.34;0.36
2007;1;15;15;9.1;3.2;-2;3.9;1.2;-2.6;0.9;1.2;0.11;1.2;2.5;0;286;64;109;78;97655;0.18;0;0.33;0.36
2007;1;16;16;7;2.1;-1.6;1.5;-0.7;-2.7;0.9;0.5;0.11;1.2;2.5;0;292;62;105;70;97091;0.27;0;0.33;0.36
2007;1;17;17;8.7;2.3;-1.5;2.4;-1;-4.2;1.3;0.9;0.11;1.2;2.5;0;281;59;91;57;96934;0.24;0;0.33;0.36
2007;1;18;18;8.5;4.8;0.5;1.2;-0.3;-2.1;2.1;2.9;0.11;1.2;2.5;0;181;34;66;44;95771;0.34;0;0.33;0.36
2007;1;19;19;7.3;5.6;4.1;5;3.2;-0.3;2.3;0.1;0.11;1.2;2.5;0.13;79;13;59;25;95638;0.71;30.31;0.35;0.36
2007;1;20;20;10.2;7;2.9;7.7;5;2.3;1.4;0.3;0.11;1.2;2.5;0.18;178;23;76;35;96498;0.24;0.61;0.36;0.36
2007;1;21;21;11.2;5.7;1.9;7.9;2.2;-2.4;1.5;-0.1;0.11;1.2;2.5;0.09;259;47;85;47;96158;0.68;2.21;0.36;0.36
2007;1;22;22;4.2;2.6;1.5;2.3;1.2;-0.7;0.5;1.5;0.11;1.1;2.5;0.2;74;16;59;22;96431;0.43;3.15;0.36;0.36
2007;1;23;23;1.6;0.4;-0.5;1;0;-1;-0.6;-0.9;0.2;1.1;2.5;5.33;46;9;13;4;95497;0.31;12.35;0.37;0.36
2007;1;24;24;1.7;-0.2;-3.7;0.9;-3.8;-8.6;1.4;-1.4;0.27;1.1;2.5;9.2;139;30;65;25;94252;0.72;0.85;0.37;0.36
2007;1;25;25;-1.9;-3.8;-5.5;-8.4;-8.9;-9.5;1.5;-3.4;0.27;1.1;2.5;9.13;182;44;87;64;95948;0.6;0.23;0.37;0.36
2007;1;26;26;-1.7;-4.5;-6.7;-7.8;-9.2;-9.9;0;-0.7;0.26;1.1;2.5;9.02;207;43;88;54;96612;0.34;0.02;0.37;0.36
2007;1;27;27;0.3;-2.7;-6.6;-5.1;-7.7;-10.9;2.6;-1.7;0.27;1.1;2.5;9.45;251;54;88;59;96392;0.42;2.25;0.37;0.36
2007;1;28;28;3.9;0.8;-2.3;-2.8;-4.5;-6.6;3.1;-1;0.29;1.1;2.5;10.61;222;48;79;54;96769;0.64;0.31;0.37;0.36
2007;1;29;29;4.9;3.6;2.1;0.1;-1.3;-3.9;4.2;-3.4;0.26;1.1;2.5;9.02;262;57;84;53;96083;0.95;1;0.37;0.36
2007;1;30;30;6.3;3.6;1.5;-0.3;-0.7;-1.5;2.5;-2;0.22;1.1;2.5;6.62;213;41;58;41;96663;0.46;0;0.37;0.36
2007;1;31;31;8.8;2.6;-2;2;-0.9;-3.1;1;0.4;0.19;1.1;2.5;4.86;317;75;114;67;96618;0.34;0;0.37;0.36
2007;2;1;32;7;4.5;0.2;-0.6;-1.4;-3.2;3.5;-4.1;0.16;1.1;2.5;3.47;293;69;94;58;96635;0.77;0.05;0.37;0.36
2007;2;2;33;7.5;4.3;1.6;1.5;0.2;-0.8;1.1;-1.3;0.15;1.1;2.5;2.49;277;55;73;40;97379;0.35;0.01;0.37;0.36
2007;2;3;34;5.3;3.7;1.7;2.6;-0.5;-2.6;2.8;-4;0.14;1.1;2.5;1.77;326;73;91;54;97099;1.14;1.76;0.37;0.36
2007;2;4;35;5.3;2.7;1.1;-0.9;-2.2;-3.5;1.7;-3.8;0.13;1.1;2.5;1.52;253;59;87;62;97276;0.61;0.15;0.37;0.36
2007;2;5;36;11.5;3.8;-1.8;1.7;-1.5;-4.8;1.2;0.7;0.13;1.1;2.5;1.23;373;89;123;69;96171;0.56;0;0.37;0.36
2007;2;6;37;5.2;3.1;1.7;2.9;1.6;-0.9;-0.4;-0.2;0.13;1.1;2.5;1.01;164;32;38;13;95265;0.47;7.56;0.37;0.36
2007;2;7;38;6;3.3;0.9;2.8;1.4;0.5;-0.2;1.4;0.13;1.1;2.5;1.06;265;57;65;25;95049;0.47;0.79;0.38;0.36
2007;2;8;39;9.4;5.5;1.5;2.4;0.8;-0.1;1.2;2.2;0.12;1.1;2.5;0.64;372;86;115;55;94840;0.66;0.23;0.38;0.36
2007;2;9;40;9.8;5.3;1.5;2.9;1.2;-1.9;0.7;0.1;0.12;1.1;2.5;0.37;345;78;107;53;95392;0.73;4.26;0.38;0.36
2007;2;10;41;9.7;4;-0.4;3.8;1.9;-1;0.8;1.2;0.12;1.1;2.5;0.25;369;84;97;51;95576;0.48;0;0.38;0.36
2007;2;11;42;9.2;3.7;-1.3;2.4;0.6;-2.3;0.7;1;0.12;1.1;2.5;0.17;391;92;112;63;95679;0.55;0.08;0.38;0.36
2007;2;12;43;10.3;5.4;-0.1;3;1;-1.8;1.1;1.6;0.12;1.1;2.5;0.08;367;83;104;57;95097;0.69;1.69;0.38;0.36
2007;2;13;44;8.7;6;4.5;3.1;1.3;-0.2;2.7;-3;0.12;1.1;2.5;0.04;314;73;90;56;95136;1.07;1.74;0.38;0.36
2007;2;14;45;10.1;6;2.7;2;0;-1.3;0.7;0.5;0.12;1.1;2.5;0.01;401;103;122;83;95880;0.8;0;0.38;0.36
2007;2;15;46;7;4.9;3.6;5;1.2;-1.1;1.8;-1.4;0.12;1.1;2.5;0;115;27;87;36;96114;0.65;3.68;0.38;0.36
2007;2;16;47;5.6;3.3;1.8;1.3;0.4;-0.3;1.3;-4.1;0.12;1.1;2.5;0.38;275;69;58;37;97057;1.04;2.7;0.38;0.36
2007;2;17;48;5.5;2.8;0.4;1.5;-0.9;-3;-0.8;0.9;0.12;1.1;2.5;0.34;416;100;119;62;97237;0.6;0.01;0.38;0.36
2007;2;18;49;4.3;1.7;0;-0.2;-1;-1.5;0;3.9;0.12;1.1;2.5;0.26;318;75;83;50;96695;0.4;0;0.38;0.36
2007;2;19;50;8.1;3.1;-1.5;1.4;-0.3;-2.9;0.4;0;0.12;1.1;2.5;0.22;352;78;88;49;96094;0.44;0.14;0.38;0.36
2007;2;20;51;10.1;4.4;0.2;3.1;1.5;-0.5;0.6;1.1;0.12;1.1;2.5;0.14;390;103;109;70;96083;0.62;0;0.38;0.36
2007;2;21;52;9.3;4;-0.8;4.7;2.3;-1.8;-0.2;0.2;0.12;1.1;2.5;0.07;376;98;91;56;96260;0.5;0;0.38;0.36
2007;2;22;53;12.2;6.4;2.4;4;2.8;2;0.6;-0.7;0.12;1.1;2.5;0.04;440;97;112;44;96081;0.74;0.13;0.37;0.36
2007;2;23;54;7.3;5.1;3;2.8;2.3;1.5;-0.7;0.3;0.12;1.1;2.5;0;251;57;56;31;96240;0.43;0.21;0.37;0.36
2007;2;24;55;6.6;3.9;1.8;2.6;0.7;-1.1;-1.2;3.5;0.12;1.1;2.5;0;244;42;39;22;96109;0.46;0.14;0.37;0.36
2007;2;25;56;7.2;3.7;-0.8;3.4;1;-1.8;0;3.1;0.12;1.1;2.5;0.05;397;92;67;42;95622;0.76;2.05;0.37;0.36
2007;2;26;57;8.4;3.7;0.6;3.5;1.4;-0.8;0.6;-0.3;0.14;1.2;2.5;1.39;327;71;89;37;95426;0.71;13.31;0.38;0.36
2007;2;27;58;7.7;3.7;0.1;1.6;-0.9;-2.3;2.5;-1.1;0.14;1.2;2.5;1.16;452;112;102;67;95938;0.83;0.7;0.38;0.36
2007;2;28;59;10.9;5.8;1.8;6.3;3.1;-1;1.1;1.7;0.14;1.2;2.5;1.2;334;69;77;39;95380;0.88;5.15;0.39;0.36
2007;3;1;60;11.1;6.2;1.2;4.4;2.8;0.3;1.4;1.7;0.13;1.2;2.5;0.71;186;50;72;43;95056;0.55;0.77;0.39;0.36
2007;3;2;61;9.4;5.2;2.2;5.4;0.9;-2.2;1.8;-0.5;0.13;1.2;2.5;0.39;335;65;103;53;95298;0.78;4.19;0.39;0.36
2007;3;3;62;10;4.7;-0.7;5;1.5;-2.8;1.7;1.4;0.13;1.2;2.5;0.23;273;53;78;46;95512;0.75;1.4;0.39;0.36
2007;3;4;63;8.1;4.9;0.3;1.1;-0.7;-2.3;2.2;-2.4;0.13;1.2;2.5;0.15;434;109;83;66;96706;1.23;0.74;0.39;0.36
2007;3;5;64;11.7;5.8;0;4.7;1.8;-1.3;0.2;2;0.12;1.2;2.5;0.09;506;136;112;64;96903;0.92;0;0.39;0.36
2007;3;6;65;13.8;8.6;1.7;5.4;3.6;0.9;0.7;3.1;0.12;1.2;2.5;0.02;494;129;98;68;96735;1.09;0;0.39;0.36
2007;3;7;66;14.9;10.2;6.5;7;5.2;2.2;0.6;4;0.12;1.2;2.5;0;467;119;87;70;95705;1.08;0.03;0.38;0.36
2007;3;8;67;9.4;7.2;5.2;8;5.9;3;0.6;-0.7;0.12;1.2;2.5;0;96;24;51;20;96209;1.01;12.46;0.38;0.36
2007;3;9;68;8.8;5.9;3.1;3.6;1.5;-0.4;0.6;-3.7;0.13;1.2;2.5;0;324;92;90;46;97180;1.51;1.67;0.39;0.36
2007;3;10;69;9.4;5.4;1.8;2.4;0.2;-1.2;1;-4;0.13;1.3;2.5;0;460;120;89;63;97502;1.12;0.33;0.39;0.36
2007;3;11;70;9.5;5;1.8;-0.6;-1.3;-2.3;0.9;-3.2;0.13;1.3;2.5;0;547;151;127;90;97971;1.18;0;0.39;0.36
2007;3;12;71;13.2;6.9;0.5;6.1;2.5;-1.9;0.6;-1.1;0.13;1.3;2.5;0;531;152;116;77;97610;1.11;0;0.39;0.36
2007;3;13;72;15.8;8.6;1.1;8.4;4.6;0.3;0.5;-0.1;0.13;1.3;2.6;0;545;157;129;82;97346;1.21;0;0.39;0.36
2007;3;14;73;14.9;9;2.5;6.5;3.9;1.3;1.5;-2.9;0.13;1.3;2.6;0;537;139;104;76;97497;1.27;0.02;0.38;0.36
2007;3;15;74;11.4;7.2;3.3;2.6;1.3;-0.4;0.3;-2.1;0.13;1.3;2.6;0;559;163;123;93;97494;1.31;0;0.38;0.36
2007;3;16;75;14.2;7.4;0.5;4.4;2.2;-0.7;0.7;-0.2;0.13;1.3;2.6;0;557;148;123;76;97062;1.27;0;0.38;0.36
2007;3;17;76;14.5;8;1.3;5.5;1.6;-0.6;2.6;-1;0.13;1.3;2.6;0;475;116;106;66;96526;1.24;0;0.38;0.37
2007;3;18;77;17.3;10.7;4.7;6.1;3.8;1.4;1.4;1.4;0.13;1.4;2.6;0;524;153;112;70;95467;1.59;1.36;0.38;0.37
2007;3;19;78;8.2;3.1;0.4;6.6;2.1;0;-0.1;-1.9;0.18;1.4;2.6;3.26;114;25;24;14;94171;0.96;29.27;0.39;0.37
2007;3;20;79;1.6;0.5;-0.7;-0.2;-1.4;-2.9;2;-3.3;0.4;1.4;2.6;23.57;159;40;72;28;93670;0.48;17.22;0.39;0.37
2007;3;21;80;4.1;1.5;-0.5;-2.6;-3.6;-4.9;2.2;-3.4;0.39;1.4;2.6;24.78;291;81;72;54;94634;1.3;0.06;0.39;0.37
2007;3;22;81;4.5;0.7;-3.5;-2.4;-4.4;-6.4;0.5;-1.1;0.37;1.4;2.6;21.11;381;99;103;58;95498;0.85;0.12;0.4;0.37
2007;3;23;82;5.7;1.7;-4.7;2.3;-1.8;-7.9;2.5;-4.2;0.33;1.5;2.6;16.8;293;77;68;29;94945;0.87;13.56;0.4;0.37
2007;3;24;83;3.9;2.8;1.8;3.2;1.6;0.2;0.3;-2.5;0.31;1.5;2.6;15.96;138;33;23;6;95354;0.26;19.11;0.42;0.37
2007;3;25;84;10.6;5.1;0;3.9;1.8;-0.2;-1.1;-1.1;0.26;1.5;2.6;10.65;505;137;108;57;96652;0.98;0.25;0.43;0.37
2007;3;26;85;10.5;6.1;1.8;2.9;0.7;-1.9;-1.6;-1.1;0.21;1.5;2.6;5.67;560;138;106;61;96984;1.3;0.59;0.42;0.37
2007;3;27;86;10.6;6.3;0.8;3.2;-0.1;-2.7;-0.7;-0.5;0.17;1.5;2.6;3.05;571;153;111;65;96956;1.31;0.1;0.42;0.37
2007;3;28;87;11;6.8;2.7;2.2;-0.2;-1.7;-1.1;1.2;0.15;1.6;2.6;1.67;589;160;116;70;96681;1.48;0.29;0.42;0.38
2007;3;29;88;8.8;5.7;3.9;5.1;3.1;2.1;-1.1;1.7;0.15;1.6;2.6;0.84;462;100;88;35;96544;1.21;1.51;0.41;0.38
2007;3;30;89;10.4;6.6;1.7;4.3;3;0.5;-0.9;1.8;0.14;1.6;2.6;0.42;388;116;73;48;96206;1.23;0.8;0.41;0.38
2007;3;31;90;12.1;8.9;4.7;5.8;3.5;2.5;-0.8;0.4;0.14;1.6;2.6;0.19;444;138;89;54;96490;1.48;0.6;0.41;0.38
2007;4;1;91;13.1;9.2;4.9;5.6;3.8;1.9;-1;0.7;0.14;1.6;2.6;0.08;522;154;86;60;97308;1.68;0.97;0.41;0.38
2007;4;2;92;14.3;8.9;3.7;4.9;1.1;-0.9;-0.3;1.6;0.14;1.7;2.6;0.02;639;198;134;90;97281;2.15;0;0.4;0.38
2007;4;3;93;14.5;8.3;3;6.7;2.8;-1.4;0.8;0;0.14;1.7;2.6;0;610;168;119;71;95885;1.78;2.62;0.4;0.38
2007;4;4;94;10.3;6.4;2.2;2.7;0.6;-4.3;0.4;-4.3;0.14;1.7;2.6;0;531;171;107;73;95929;1.76;0.01;0.4;0.38
2007;4;5;95;12;6.1;0.3;1.5;-2.5;-4.9;1.1;-2.1;0.14;1.7;2.6;0;660;211;132;101;96397;2.1;0;0.39;0.38
2007;4;6;96;15.8;9.6;2.9;5.5;2.2;-2.5;1.2;-2.3;0.14;1.7;2.6;0;644;188;114;73;96553;2.05;0.01;0.39;0.38
2007;4;7;97;14.1;10;6.2;6.8;4.8;3.4;-0.2;-1;0.14;1.8;2.6;0;476;126;81;46;96744;1.69;1.44;0.39;0.38
2007;4;8;98;13.6;9.5;6;2.7;1.3;0.2;0.3;-2.1;0.14;1.8;2.6;0;615;179;108;69;96886;2.25;0.03;0.39;0.38
2007;4;9;99;17.3;10.7;3;6.1;3.5;0.8;1;-0.1;0.15;1.8;2.6;0;632;192;123;80;96524;2.23;0;0.38;0.38
2007;4;10;100;18;12;3.9;5.4;2.9;1.8;1.8;-1.7;0.15;1.8;2.6;0;592;187;110;80;96582;2.47;0;0.38;0.38
2007;4;11;101;15.3;11.6;7.4;7.3;5.5;3.5;0.5;-1.6;0.15;1.8;2.6;0;455;130;87;61;97046;1.62;0.05;0.38;0.38
2007;4;12;102;19.2;13.3;7.1;9.9;7.6;4.4;-0.1;0.5;0.15;1.9;2.6;0;658;214;124;84;97115;2.42;0;0.37;0.38
2007;4;13;103;20.8;14.9;8.2;9.7;8.1;5.9;-0.3;1.5;0.15;1.9;2.6;0;666;218;124;87;97096;2.64;0;0.37;0.38
2007;4;14;104;20.8;15;9.1;9.6;7.7;5.9;-0.2;0.3;0.15;1.9;2.6;0;672;221;128;88;97129;2.74;0;0.37;0.38
2007;4;15;105;19;13.6;6.8;5.7;4.5;3.1;0.2;-2.4;0.15;1.9;2.6;0;678;225;128;93;97105;2.84;0;0.37;0.38
2007;4;16;106;16.6;12.1;7.2;5.4;3.3;2.4;-0.6;-0.4;0.15;2;2.6;0;678;225;135;95;97066;2.66;0;0.36;0.38
2007;4;17;107;20.4;13.7;5.7;8.7;3.9;1.6;1;0.5;0.15;2;2.6;0;686;228;141;95;96481;2.93;0;0.36;0.38
2007;4;18;108;14.9;11.2;7.5;8.1;3.5;-2.2;1.2;-2.9;0.15;2;2.6;0;390;129;92;66;96326;1.69;0.36;0.36;0.38
2007;4;19;109;14.5;9.7;4.8;2.6;0.4;-2;0.5;0.2;0.15;2.1;2.7;0;447;164;118;78;96658;2.13;0.09;0.35;0.38
2007;4;20;110;18.1;12.3;5;4.7;2.8;-1.1;0.9;-1.8;0.15;2.1;2.7;0;655;203;118;81;96377;2.65;0;0.35;0.38
2007;4;21;111;14.3;9.6;5.4;2.9;0.5;-3.1;-0.7;-1.5;0.15;2.1;2.7;0;658;226;131;92;96890;2.54;0;0.35;0.38
2007;4;22;112;16;10.5;4.5;2.7;1.2;-0.8;-0.6;-0.1;0.15;2.2;2.7;0;699;236;137;96;97225;2.68;0;0.35;0.38
2007;4;23;113;20.4;14.1;6.3;9;6;1.4;0.4;1.5;0.15;2.2;2.7;0;696;224;130;85;96967;2.82;0.09;0.34;0.38
2007;4;24;114;18.3;14.5;10.3;8;6.9;5.3;1.8;-2.1;0.16;2.2;2.7;0;413;127;94;61;96680;1.97;0.03;0.34;0.38
2007;4;25;115;18.2;13.9;9.8;9.8;6.5;2.4;-0.6;-1.6;0.16;2.3;2.7;0;635;210;115;80;96726;2.76;0.34;0.34;0.38
2007;4;26;116;18.7;14;9.6;8.8;5.9;4.3;-0.7;2;0.16;2.3;2.7;0;552;185;100;74;97003;2.43;0.09;0.34;0.38
2007;4;27;117;20;14.6;8;8.5;5.8;4.1;0.1;1.9;0.16;2.3;2.7;0;572;212;113;84;97068;2.82;0.04;0.33;0.38
2007;4;28;118;21.9;15.7;8.1;8.6;5.3;3.2;0.7;1.6;0.16;2.4;2.7;0;715;246;140;97;96758;3.29;0;0.33;0.38
2007;4;29;119;19.3;14.3;8.8;9;6.3;2.6;0.3;-2.7;0.16;2.4;2.7;0;620;191;92;75;96304;2.78;1.56;0.33;0.38
2007;4;30;120;14.9;10.5;6.7;2.7;0;-2.3;-0.1;-2.7;0.16;2.4;2.7;0;715;229;138;98;96272;2.79;0;0.33;0.38
2007;5;1;121;12.8;9.1;4.8;3.1;-2.2;-7.3;-0.5;-2.6;0.16;2.5;2.7;0;585;196;107;81;96307;2.36;0.03;0.32;0.38
2007;5;2;122;13.9;9.2;3.7;1.1;-1.4;-5.5;-0.9;0.9;0.16;2.5;2.7;0;728;250;135;97;96478;2.74;0;0.32;0.38
2007;5;3;123;17.7;12.5;6.7;8.8;5.6;0.7;-1;1.3;0.16;2.6;2.7;0;647;179;103;60;96039;2.34;1.09;0.32;0.38
2007;5;4;124;17.4;12.8;7.7;12.3;9.5;7.2;-1.3;1.4;0.16;2.6;2.7;0;519;153;75;46;95833;2.37;8.94;0.32;0.38
2007;5;5;125;19;13.8;10.1;11;10;8.5;-0.8;0.3;0.16;2.6;2.7;0;527;146;97;35;95509;2.58;10.7;0.33;0.38
2007;5;6;126;15.6;12.9;11;11;10.3;8.9;0.7;-1.7;0.16;2.7;2.7;0;377;102;54;31;95836;2.09;3.03;0.33;0.38
2007;5;7;127;19.8;15.5;10.3;8.8;6.9;4.9;1.9;-2.5;0.16;2.7;2.7;0;642;227;118;78;96136;3.79;0.03;0.33;0.38
2007;5;8;128;18.1;14.7;10;11.1;8.5;7.1;2.3;-0.8;0.16;2.7;2.7;0;501;179;102;56;96027;3.17;11.51;0.33;0.38
2007;5;9;129;14.7;12.1;10.3;9.9;8.4;5.9;1.9;-0.2;0.16;2.8;2.7;0;342;92;77;41;96266;2.28;7.98;0.34;0.38
2007;5;10;130;21.9;16;10.5;12;9.6;5.8;1.3;0.4;0.16;2.8;2.7;0;554;192;107;61;96386;3.42;2.41;0.34;0.38
2007;5;11;131;24.4;18.1;11.6;14.3;11.6;7.5;1.5;0.7;0.17;2.8;2.8;0;711;234;115;75;95838;4.22;1.81;0.34;0.38
2007;5;12;132;19.3;15.5;11.3;12.9;10.6;7.3;1;0.9;0.17;2.9;2.8;0;558;192;90;62;96185;3.22;1.93;0.34;0.38
2007;5;13;133;22.1;17.3;9.7;13.5;11.8;8.3;0.3;2.9;0.17;2.9;2.8;0;655;220;90;74;96306;3.65;0.35;0.34;0.38
2007;5;14;134;26;20.5;13.3;14.5;11.9;8.8;1;3;0.17;2.9;2.8;0;692;245;113;91;95765;4.6;0;0.33;0.38
2007;5;15;135;18.3;14.1;10.5;11.4;9.3;5.6;1.3;-2;0.17;3;2.8;0;476;118;73;41;95942;2.94;11.02;0.33;0.38
2007;5;16;136;13.8;11.2;7.6;6.3;4.8;3.8;1.3;-1.5;0.17;3;2.8;0;470;150;93;55;96171;2.64;0.24;0.34;0.38
2007;5;17;137;15;10.5;6;8.9;6.8;4.3;0.5;-1.3;0.17;3;2.8;0;619;186;101;59;95774;3.22;15.46;0.34;0.38
2007;5;18;138;14;10.4;6.7;5.5;2.5;1.1;1;-4.7;0.17;3;2.8;0;599;218;104;73;96413;3.9;0.11;0.35;0.38
2007;5;19;139;18;13.2;7.4;10.4;6.4;1.7;0.8;-2.5;0.17;3;2.8;0;707;241;97;80;96409;3.62;0;0.34;0.38
2007;5;20;140;22.3;16.9;9.7;15.4;12.2;7.5;-0.4;0.3;0.17;3;2.8;0;635;216;97;62;96467;3.44;0.67;0.34;0.38
2007;5;21;141;25;19.1;12.2;15.4;13.6;11.5;0.5;1.9;0.17;3;2.8;0;714;256;109;78;96450;4.25;0;0.34;0.38
2007;5;22;142;25.5;20.4;14.1;16.7;14.7;12.6;1.4;-2.5;0.17;3;2.8;0;661;229;97;68;96323;4.18;1.37;0.33;0.37
2007;5;23;143;23.4;19.9;17.1;17.4;15.6;14.7;1.5;-3.5;0.17;3;2.8;0;649;217;80;62;96464;3.84;3.4;0.33;0.37
2007;5;24;144;25.2;20.7;15.6;17.2;15.2;13.6;0.4;-1.8;0.17;3;2.8;0;695;245;97;72;96440;4.2;0.09;0.33;0.37
2007;5;25;145;27.6;22;14.9;16.8;14.6;13.4;0.1;1.8;0.17;3;2.8;0;695;255;104;72;95962;4.58;0.03;0.33;0.37
2007;5;26;146;26.5;21.3;15.6;17.1;15.1;13.7;0.4;2.1;0.17;3;2.8;0;659;230;95;72;95429;4.24;3.22;0.32;0.37
2007;5;27;147;24.8;20.5;16.4;14;12.4;9.5;1.2;4.1;0.17;3;2.8;0;608;231;101;81;94887;4.46;0.06;0.32;0.37
2007;5;28;148;22.7;17.9;14.1;15;13.4;12;-0.2;2.5;0.17;3;2.8;0;616;209;85;64;94437;3.63;18.88;0.32;0.37
2007;5;29;149;18.2;13.3;10.1;9.9;7.7;3.7;0.8;0.1;0.17;3;2.8;0;630;194;112;47;94852;4.54;11.29;0.34;0.37
2007;5;30;150;13;10.3;7.9;5.9;5;3.5;2.7;-3.3;0.17;3;2.8;0;466;124;55;32;95994;3.05;3.92;0.34;0.37
2007;5;31;151;17.3;13.6;9.8;10.9;8.2;5;0.2;-0.5;0.17;3;2.8;0;566;181;90;58;96238;2.83;0.76;0.34;0.37
2007;6;1;152;20.9;15.8;9.1;12.9;9.9;6.6;0;1.3;0.17;3;2.8;0;645;238;104;73;96121;3.74;1.39;0.34;0.37
2007;6;2;153;20.5;16.3;11.7;13.8;12.4;10.1;0.9;-2.3;0.17;3;2.8;0;593;196;87;57;96402;3.35;1.26;0.33;0.37
2007;6;3;154;20.7;16.9;14.3;14.7;13.4;12;1;-1.8;0.17;3;2.8;0;538;165;74;47;96623;2.88;6.32;0.33;0.37
2007;6;4;155;21.7;17.4;12.6;14.8;13.7;12.1;-0.1;-1.4;0.17;3;2.8;0;603;196;93;54;96656;3.52;1.92;0.34;0.37
2007;6;5;156;22;17.7;14.2;16.8;14.9;12.1;0;-1.7;0.17;3;2.8;0;602;182;86;50;96424;3.31;8.78;0.33;0.37
2007;6;6;157;23;18.3;14;18.4;15.5;13.6;-0.1;-0.7;0.17;3;2.8;0;578;183;81;48;96308;3.36;2.17;0.34;0.37
2007;6;7;158;23;18.8;13.5;15.6;13.6;12.2;-0.5;0.6;0.17;3;2.8;0;607;218;92;61;96420;3.94;0.98;0.34;0.37
2007;6;8;159;24.3;19.5;13.7;16;14.1;11.9;-0.1;-0.4;0.17;3;2.8;0;692;231;98;69;96533;4.09;0.85;0.33;0.37
2007;6;9;160;25.4;20.2;13.9;15.2;13.2;11.7;0.2;0.5;0.17;3;2.8;0;636;222;105;71;96528;4.11;0.26;0.33;0.37
2007;6;10;161;26.2;20.4;14.8;17.1;13.9;11.4;0.7;0.1;0.17;3;2.8;0;687;239;112;73;96262;4.38;3.53;0.33;0.37
2007;6;11;162;23.7;19.4;14.8;16.6;15.1;13.1;0.8;-0.9;0.17;3;2.8;0;623;193;85;61;96081;3.63;2.32;0.33;0.37
2007;6;12;163;23.7;19.5;15.1;16.4;14.6;13.2;0.9;-0.2;0.17;3;2.8;0;536;174;83;60;95858;3.12;1.04;0.33;0.37
2007;6;13;164;23.1;19.3;13.9;17;15.2;12.9;0.5;0.4;0.17;3;2.8;0;622;208;87;61;95812;3.96;6.92;0.33;0.37
2007;6;14;165;25.9;20.7;14.1;16.7;15.5;12.9;0.3;1.6;0.17;3;2.8;0;681;227;89;64;95793;4.13;0.76;0.33;0.37
2007;6;15;166;26.9;21.4;14.8;16.5;14.8;13.4;1;2.8;0.17;3;2.8;0;682;246;95;73;95449;4.58;0.07;0.32;0.37
2007;6;16;167;22.9;19.6;15.9;13.4;10.5;8.8;1.1;-0.8;0.17;3;2.8;0;573;189;95;62;95846;3.65;1.53;0.32;0.37
2007;6;17;168;23.5;19.2;13.8;15.6;14;12.8;0.3;0.9;0.17;3;2.8;0;611;213;103;65;96039;3.91;5.3;0.32;0.37
2007;6;18;169;25.3;20.9;15.2;15.8;13.8;12.2;1.6;-0.7;0.17;3;2.8;0;660;239;90;70;95978;4.38;0.41;0.32;0.37
2007;6;19;170;26.3;21.5;15.8;18.5;15.6;13.9;0.5;0.2;0.17;3;2.8;0;621;221;93;65;96387;4;3.79;0.32;0.37
2007;6;20;171;29;22.9;15.5;18.4;17.2;14.8;0.5;1.7;0.17;3;2.8;0;681;241;89;64;96237;4.42;1.09;0.31;0.37
2007;6;21;172;28.8;23;18.6;19.5;16.9;13.3;0.4;2;0.17;3;2.8;0;648;221;79;55;95876;4.8;3.42;0.31;0.37
2007;6;22;173;26;20.5;16.2;15.1;13.6;9;1.2;0.9;0.17;3;2.8;0;383;165;72;57;95962;3.48;0.13;0.31;0.37
2007;6;23;174;21.5;18.2;13.6;13.5;10.1;8.3;1.5;-0.8;0.17;3;2.8;0;561;182;96;62;96179;3.58;1.11;0.31;0.37
2007;6;24;175;23.6;19.1;11.7;14.5;12.5;10.3;0.9;1.9;0.16;3;2.8;0;571;187;84;62;96462;3.35;0.18;0.31;0.37
2007;6;25;176;28.3;22.8;16.3;15.8;14.7;13.2;0.6;1.3;0.16;2.9;2.8;0;704;253;113;72;95604;4.43;0.04;0.3;0.36
2007;6;26;177;20.5;16.9;13.9;14.6;8.4;5.8;1.9;-0.4;0.16;2.9;2.8;0;441;112;77;46;95346;2.61;1.99;0.3;0.36
2007;6;27;178;17.8;15.2;12.9;11.6;9.5;7.8;1.4;-0.1;0.16;2.9;2.8;0;455;132;73;48;95690;2.71;2.71;0.3;0.36
2007;6;28;179;19.3;15.3;11.5;11.4;8.7;6.9;1.5;-0.5;0.16;2.9;2.8;0;595;220;101;74;96186;3.64;1.75;0.3;0.36
2007;6;29;180;20.6;16.3;10.5;13.3;10.8;8.1;0.8;0.7;0.16;2.9;2.8;0;605;191;98;62;96466;3.09;1.72;0.3;0.36
2007;6;30;181;22.4;18.2;13.4;13.6;11.2;8.6;1.2;-0.4;0.16;2.9;2.8;0;580;205;97;63;96557;3.33;0.29;0.3;0.36
2007;7;1;182;26.6;21.1;12.9;14.4;12.9;11.3;1;2.1;0.16;2.9;2.8;0;707;257;112;79;96238;4.05;0.01;0.29;0.36
2007;7;2;183;27.7;21.8;16.5;15.2;13.2;10.7;1.4;1.3;0.16;2.9;2.8;0;707;237;98;74;95771;4.06;1.14;0.29;0.36
2007;7;3;184;24.1;20;15.2;14.3;11.4;9.9;0.8;1.6;0.16;2.9;2.8;0;608;220;101;70;95815;3.83;1.37;0.29;0.36
2007;7;4;185;17.7;15.4;12.8;13.9;9.8;6.8;1.8;-1.1;0.16;2.9;2.7;0;304;84;73;40;95440;2.46;7.11;0.29;0.36
2007;7;5;186;18.1;15;11.9;7.7;6.8;6.2;3.8;-2.1;0.16;2.9;2.7;0;608;226;105;82;95834;3.26;0.2;0.29;0.36
2007;7;6;187;20;16.5;12.8;11.3;8.6;6;3.3;-0.5;0.16;2.8;2.7;0;617;157;94;59;96052;2.51;0;0.29;0.36
2007;7;7;188;24.4;19;12.9;12.1;9.8;8.4;2.4;-1.1;0.16;2.8;2.7;0;608;222;104;76;96438;3.44;0.09;0.29;0.36
2007;7;8;189;25.2;20.2;13.4;16.4;13.2;9.5;0.8;0.6;0.16;2.8;2.7;0;645;228;99;68;96582;3.4;0.47;0.28;0.36
2007;7;9;190;25.7;20;13.2;17;14.6;9.1;1.3;-0.5;0.16;2.8;2.7;0;558;182;92;55;95917;3.61;4.95;0.28;0.36
2007;7;10;191;15.6;13.4;11.2;9.7;7.8;6.3;2.3;-2.2;0.16;2.8;2.7;0;278;92;91;40;95888;2.85;4.89;0.28;0.36
2007;7;11;192;18;14.4;10.2;7.7;6.9;6.3;1.7;-2.5;0.16;2.8;2.7;0;677;235;108;82;96156;3.21;0.47;0.28;0.36
2007;7;12;193;19.3;15.6;11.5;9.8;8.1;6.8;2.5;-1.7;0.16;2.8;2.7;0;550;207;91;72;96496;2.86;0.16;0.28;0.36
2007;7;13;194;22.5;17.9;11.3;14.5;10.5;8.5;1.5;-0.2;0.16;2.8;2.7;0;514;175;82;61;96787;2.74;0.75;0.28;0.36
2007;7;14;195;28.5;22;13.1;15.8;13.8;11.5;0.5;1;0.16;2.8;2.7;0;718;265;119;80;96813;3.86;0;0.28;0.36
2007;7;15;196;31.2;25.3;17.1;18.6;16;14.6;0.3;2.1;0.16;2.8;2.7;0;696;258;111;83;96841;4.03;0;0.27;0.36
2007;7;16;197;31.7;26.1;20.1;16.8;13.8;11.7;0.5;3.5;0.16;2.8;2.7;0;742;273;134;100;96555;4.22;0;0.27;0.36
2007;7;17;198;32.9;26.6;18;19.5;16.7;13.5;0.8;-0.7;0.16;2.8;2.7;0;676;238;102;80;96397;3.64;0.01;0.27;0.36
2007;7;18;199;33.2;27.4;21.4;18.9;17.3;15.1;0.7;-1.7;0.16;2.8;2.7;0;716;247;122;77;96462;3.71;0.08;0.26;0.36
2007;7;19;200;33.1;27.2;21.7;18.4;16.6;13.6;0.7;-0.1;0.16;2.7;2.7;0;710;243;112;78;96443;3.71;0;0.26;0.36
2007;7;20;201;34.9;28.2;20.4;19.5;14.1;8.3;0.7;1.6;0.16;2.7;2.7;0;675;249;130;92;96151;3.61;0;0.26;0.36
2007;7;21;202;29.5;25.7;21.9;16.6;15.5;11.7;0.5;-1.2;0.16;2.7;2.7;0;696;235;102;80;96163;3.14;0.01;0.25;0.36
2007;7;22;203;27;22.7;18.8;16.1;12.7;10;1.8;-1.4;0.16;2.7;2.7;0;641;215;110;76;95916;3.01;1.5;0.25;0.36
2007;7;23;204;28.3;23.2;16.7;12.9;11.2;9.3;0.9;2.5;0.16;2.7;2.7;0;707;215;112;74;95749;2.82;0;0.25;0.35
2007;7;24;205;24.8;20.5;16.1;15.7;12.2;9.3;1.5;-0.9;0.16;2.7;2.7;0;582;170;90;68;95483;2.96;13.98;0.25;0.35
2007;7;25;206;22.9;18.5;14.5;10.5;8.9;6.6;2.4;-1.9;0.16;2.7;2.7;0;640;223;108;82;96379;3.34;0;0.26;0.35
2007;7;26;207;25.6;20.3;13.4;12;10.5;9.7;0.7;1.6;0.16;2.7;2.7;0;581;214;118;80;96470;3.15;0.03;0.26;0.35
2007;7;27;208;28.1;21.8;16.3;17;13.4;9.3;1.4;0;0.16;2.7;2.7;0;669;203;105;72;96383;3.14;3.15;0.26;0.35
2007;7;28;209;27;21.3;16.6;17.8;16.2;14.3;1;0.3;0.16;2.7;2.7;0;606;178;97;58;96460;2.88;1.4;0.26;0.35
2007;7;29;210;25.2;20.7;16.4;16;13.8;12.6;1.1;-0.4;0.16;2.7;2.7;0;587;200;95;65;96225;3.1;2.9;0.26;0.35
2007;7;30;211;18.2;15.4;12;15.1;9.4;3.8;1.3;-2.3;0.16;2.7;2.7;0;454;105;91;47;96142;3.16;21.09;0.27;0.35
2007;7;31;212;18.9;15.1;9.4;9;6.2;4.9;0.8;-1.6;0.16;2.7;2.7;0;533;162;98;65;96553;2.56;0.06;0.27;0.35
2007;8;1;213;19.2;15.7;10.8;9.5;7.7;6.1;0;-0.9;0.16;2.7;2.7;0;527;176;110;74;96690;2.56;0.09;0.27;0.35
2007;8;2;214;24.9;19;11.3;12.4;10.2;6.9;0.6;2.5;0.16;2.7;2.7;0;715;253;122;83;96335;3.64;0.02;0.27;0.35
2007;8;3;215;18.7;17.4;15.6;14.4;12.5;11.1;1.3;-2;0.16;2.7;2.7;0;240;83;63;38;96601;2.24;3.46;0.27;0.35
2007;8;4;216;19.9;17;14.1;11.3;8.5;5;0.7;-3.9;0.16;2.6;2.7;0;596;196;99;77;97004;3.03;0.43;0.27;0.35
2007;8;5;217;22.5;17.8;12.8;11.3;8.2;5.6;0.4;-2.7;0.16;2.6;2.7;0;688;208;106;77;96757;3.03;0;0.26;0.35
2007;8;6;218;26.3;20.7;13.2;13.7;11.8;9.2;0.3;1.1;0.16;2.6;2.7;0;685;242;118;84;96175;3.42;0;0.26;0.35
2007;8;7;219;27.9;21.8;15.7;17.2;13.5;11.9;0.8;1.4;0.16;2.6;2.7;0;646;222;118;79;95860;3.32;0.58;0.26;0.35
2007;8;8;220;27.7;21.6;14.8;16.3;14.9;13.3;0.4;0.8;0.16;2.6;2.7;0;656;220;105;71;95739;3.15;0.41;0.26;0.35
2007;8;9;221;27.1;21.7;16.6;17.8;15.3;13.3;0.3;0.8;0.16;2.6;2.7;0;630;217;104;66;95595;3.24;6.68;0.26;0.35
2007;8;10;222;21.7;17.8;15.2;14.8;12.9;10.9;1.6;-2.5;0.16;2.6;2.7;0;620;160;84;47;95723;3.19;4.62;0.26;0.35
2007;8;11;223;20.5;17.4;15.8;14.2;12.8;10.9;1.9;-2.8;0.16;2.6;2.7;0;415;125;64;42;95764;2.01;0.94;0.26;0.35
2007;8;12;224;22;18.5;15.6;15.9;14.2;12.8;1.9;-2.2;0.16;2.6;2.7;0;605;160;83;52;95779;2.23;0.6;0.26;0.35
2007;8;13;225;24.8;20.2;14.6;14.8;13.5;12.2;1.4;-1.4;0.16;2.6;2.7;0;552;189;91;68;96003;2.81;0.46;0.26;0.35
2007;8;14;226;26.2;21;14.7;15.4;13.5;11.9;0.8;-0.2;0.16;2.6;2.7;0;634;208;112;76;96213;3.01;0.24;0.26;0.35
2007;8;15;227;28.9;23;15.8;17;14.9;13;0.4;0.9;0.16;2.6;2.7;0;619;210;111;75;96124;3.12;0;0.25;0.35
2007;8;16;228;29.8;23.6;18.6;18.2;15.8;13.4;1.2;0.8;0.16;2.6;2.7;0;666;216;102;69;95938;3.29;1;0.25;0.35
2007;8;17;229;21.6;18.3;14.1;14.9;12.7;9.5;1.5;-3.4;0.15;2.6;2.7;0;459;139;67;42;96539;2.6;1.81;0.25;0.35
2007;8;18;230;22.7;18.2;13.9;11.6;9.9;8.2;0.7;-2.3;0.15;2.6;2.7;0;551;193;110;67;96547;2.64;0;0.25;0.35
2007;8;19;231;24.9;19.6;14.6;16.8;13.7;9.5;-0.1;1;0.15;2.6;2.7;0;562;171;95;59;96026;2.36;2.72;0.25;0.35
2007;8;20;232;22.1;18.3;15.2;16.4;15.5;14.4;-0.2;0.1;0.15;2.6;2.7;0;474;128;72;43;95580;2.21;5.4;0.25;0.35
2007;8;21;233;23.2;18.7;14.2;15.2;13;11.2;0.6;3.6;0.15;2.6;2.7;0;588;190;101;68;95600;2.89;1.35;0.25;0.34
2007;8;22;234;25.2;20.5;15.8;16.3;14.4;12.5;0.5;3.1;0.15;2.6;2.7;0;632;178;101;59;95944;3.07;2.52;0.25;0.34
2007;8;23;235;26.9;22;18.6;18.3;16;12.9;0.8;3.2;0.15;2.5;2.7;0;429;144;71;51;96329;2.44;3.95;0.25;0.34
2007;8;24;236;25.8;21.1;15.4;17;15.5;14.4;0;-1.1;0.15;2.5;2.7;0;586;182;96;63;97038;2.73;0.12;0.25;0.34
2007;8;25;237;25.5;21.8;17.8;15.7;13.9;12.8;0.7;-1.9;0.15;2.5;2.7;0;553;177;91;64;97367;2.7;0.01;0.25;0.34
2007;8;26;238;25.2;21.4;16.9;15.1;13.4;12.5;1.3;-1.9;0.15;2.5;2.7;0;507;172;88;69;97218;2.54;0.22;0.25;0.34
2007;8;27;239;26.2;21.6;16;15.6;13.6;12;1;-0.5;0.15;2.5;2.7;0;479;156;98;59;96730;2.27;0.25;0.25;0.34
2007;8;28;240;20;18.1;16.4;13.5;11.3;9.4;-0.1;-2.2;0.15;2.5;2.7;0;537;149;89;55;96504;1.94;0.5;0.25;0.34
2007;8;29;241;17.2;15.9;14.5;14.4;12.1;8.9;-0.6;0.2;0.15;2.5;2.7;0;248;66;44;22;96271;1.53;6.74;0.25;0.34
2007;8;30;242;14.2;12.9;11.7;13.6;10.6;8.9;0.3;-2;0.15;2.5;2.7;0;200;44;37;20;96371;1.72;19.43;0.26;0.34
2007;8;31;243;19.7;15.4;10.1;11.2;8.8;7.3;1.2;-1.6;0.15;2.5;2.7;0;539;154;92;64;96481;2.5;0;0.27;0.34
2007;9;1;244;18.9;15.7;13;11.8;10.1;8.9;1.8;-2;0.15;2.5;2.7;0;536;150;92;59;96558;2.11;0.24;0.27;0.34
2007;9;2;245;18.8;15.6;12.2;11.6;10.2;9.2;0.7;-0.9;0.15;2.5;2.7;0;486;132;89;60;96686;1.84;0.17;0.26;0.34
2007;9;3;246;20.9;16.3;11.7;13.4;11.5;10;1;0.2;0.15;2.5;2.7;0;463;138;86;52;96094;2.18;8.23;0.26;0.34
2007;9;4;247;12.8;10.9;8.4;10.5;6.7;3.5;1.5;-3.9;0.15;2.5;2.7;0;319;92;72;45;96137;2.59;8.37;0.28;0.34
2007;9;5;248;9.9;8.2;7.1;5.9;4.2;2.5;2.5;-6.1;0.15;2.5;2.7;0;373;104;83;45;96276;3.13;28.52;0.28;0.34
2007;9;6;249;9.8;7.9;5.9;8;5.4;4;3.5;-3.6;0.15;2.5;2.7;0;243;52;41;12;96173;2.98;18.42;0.31;0.34
2007;9;7;250;11.8;11.1;9.9;9.6;9.2;8.1;2.2;-4.2;0.15;2.5;2.7;0;39;10;11;6;96366;2.46;51.1;0.34;0.34
2007;9;8;251;15.9;13.6;11.7;10.6;9.8;8.8;2.5;-3.8;0.15;2.5;2.7;0;403;108;58;33;96498;2.05;0.92;0.35;0.34
2007;9;9;252;15.8;13.9;11.5;10.3;8.6;6.2;2.7;-2.7;0.15;2.5;2.7;0;453;135;86;60;96245;2.21;0.78;0.35;0.34
2007;9;10;253;18.2;13.6;8.9;10.4;7.7;5.2;1.1;-0.2;0.15;2.5;2.7;0;422;122;82;59;96208;2;2.72;0.35;0.34
2007;9;11;254;14.2;11.4;9.9;10;7.6;6.8;2.3;-2.7;0.15;2.5;2.7;0;459;114;88;52;96194;2.53;3.82;0.35;0.34
2007;9;12;255;15.8;12.7;9.4;10;8.4;7.2;2.1;-3.3;0.15;2.5;2.7;0;471;141;87;66;96936;1.99;0.3;0.35;0.34
2007;9;13;256;17.2;13.3;9.6;10.6;8.9;7.9;0.8;-1.5;0.15;2.5;2.7;0;406;120;78;57;97156;1.76;0.03;0.35;0.34
2007;9;14;257;20.9;14.7;8.4;12.7;10.4;7.6;0.7;1.1;0.15;2.5;2.7;0;553;170;105;72;96732;2.27;0;0.35;0.34
2007;9;15;258;17.7;14.7;10.4;11.8;10.1;8.4;2;-1.7;0.15;2.5;2.7;0;411;124;95;62;96851;1.88;0.19;0.34;0.34
2007;9;16;259;20.5;14.8;8.5;12.5;10.3;7.3;0.7;2.1;0.15;2.4;2.7;0;498;143;90;62;96883;2.07;0;0.34;0.34
2007;9;17;260;22.1;17;10.6;15.7;13.5;9.7;0.4;0.9;0.15;2.4;2.7;0;561;161;101;69;96250;2.11;0.03;0.34;0.34
2007;9;18;261;20.4;14.9;9.6;14.4;11.5;7;2.2;-1;0.14;2.4;2.7;0;348;91;64;45;95846;2.61;6.45;0.34;0.34
2007;9;19;262;13.3;10.3;7.9;6.9;4.3;2.5;0.8;-3;0.14;2.4;2.7;0;426;132;90;68;96993;2.15;0.03;0.34;0.34
2007;9;20;263;13.3;9.7;5.3;5.9;4.3;3;0.2;-0.4;0.14;2.3;2.7;0;451;114;103;61;97329;1.47;0.01;0.34;0.34
2007;9;21;264;16.4;11;4.9;7.4;5.8;3.5;0.2;1.3;0.14;2.3;2.7;0;570;171;124;89;97424;2.02;0;0.34;0.34
2007;9;22;265;18.3;12.6;7.3;9.6;7.5;4.7;0.3;2.1;0.14;2.3;2.7;0;566;168;120;90;97259;2.02;0;0.34;0.34
2007;9;23;266;19.2;13;6.9;10.9;9;6;0.1;1.5;0.14;2.3;2.7;0;554;158;114;81;97255;1.89;0;0.33;0.34
2007;9;24;267;19;13.5;7.6;10.2;8.4;6.2;0.1;2.5;0.14;2.2;2.7;0;556;164;117;85;96796;2.04;0;0.33;0.34
2007;9;25;268;19.4;13.6;8;12.5;9.9;7.2;0.6;-0.3;0.14;2.2;2.7;0;513;145;101;57;96215;2.22;2.27;0.33;0.34
2007;9;26;269;13.2;11.6;10.3;10;8.5;6.7;0.3;-2;0.14;2.2;2.7;0;304;61;53;19;95992;1.2;1.53;0.33;0.34
2007;9;27;270;14.8;12;10.2;12.1;10.7;9.3;-0.8;1.8;0.14;2.1;2.7;0;264;45;84;30;95540;0.9;11.76;0.34;0.34
2007;9;28;271;15.2;11.6;8.8;11.5;7.7;5.1;0.4;2.8;0.14;2.1;2.6;0;489;112;100;54;95504;1.83;9.63;0.35;0.34
2007;9;29;272;17.4;12.2;7.2;7.8;6.8;5.5;1.1;2.2;0.14;2.1;2.6;0;536;143;114;84;96534;1.83;0;0.35;0.34
2007;9;30;273;18.4;12.7;6.6;12.2;8.7;5.1;0.3;0.1;0.14;2.1;2.6;0;532;153;120;84;97207;1.71;0;0.35;0.34
2007;10;1;274;19.5;13.4;6.8;11.4;9.2;6;0.2;1.5;0.14;2;2.6;0;521;149;116;80;97345;1.75;0;0.34;0.34
2007;10;2;275;20.5;15.2;10.4;12.6;10.8;8.3;0.9;2.1;0.14;2;2.6;0;455;127;99;74;96905;1.66;0;0.34;0.34
2007;10;3;276;19.4;15.3;11.4;14.6;13.1;9.9;0.2;-0.7;0.14;2;2.6;0;362;91;57;38;96838;1.28;2.18;0.34;0.34
2007;10;4;277;17.7;14.8;12.4;14.9;13.7;12.3;0.2;0.1;0.14;2;2.6;0;194;53;60;25;96911;0.66;1.16;0.34;0.34
2007;10;5;278;19.4;15;11.6;14.6;12.9;10;0.6;-1;0.14;1.9;2.6;0;355;93;65;38;96800;1.78;8.85;0.34;0.34
2007;10;6;279;13.3;11.1;9;9.4;7.5;5.4;0.1;-3.1;0.14;1.9;2.6;0;267;61;68;38;96888;1.13;0.27;0.35;0.34
2007;10;7;280;13.1;10;7.5;6.8;6;5.3;0.4;-2.1;0.14;1.9;2.6;0;396;103;77;61;96939;1.15;0.01;0.35;0.34
2007;10;8;281;15.3;10.4;5.6;8.5;6.7;4.5;0.3;0;0.14;1.9;2.6;0;494;130;114;73;97015;1.3;0;0.35;0.34
2007;10;9;282;13.9;10.1;6.2;8.2;6.9;5.3;0.3;-1.2;0.14;1.8;2.6;0;398;94;79;54;97213;1;0.06;0.35;0.34
2007;10;10;283;12.6;9.6;6.4;8;6.9;4.7;0.1;-0.6;0.14;1.8;2.6;0;260;66;63;40;97100;0.73;0.56;0.35;0.34
2007;10;11;284;13.2;9.7;4.8;7.5;6.1;4.1;0.6;-2.2;0.14;1.8;2.6;0;446;111;101;65;97206;1.15;0.01;0.34;0.34
2007;10;12;285;15.5;9.9;2.9;7.7;5.5;2.5;1.3;-0.8;0.14;1.8;2.6;0;380;91;93;60;96723;0.97;0.1;0.34;0.34
2007;10;13;286;10.3;7.9;3.7;7.6;3.1;-1;0.4;-3.7;0.14;1.7;2.6;0;246;70;101;57;97123;1.2;1;0.34;0.34
2007;10;14;287;9.4;5.1;1.2;1.7;0.2;-1.2;0.3;-1.4;0.14;1.7;2.6;0;471;128;119;89;97454;1.05;0;0.34;0.34
2007;10;15;288;12.4;6.5;1.4;3;1.2;-1;0.8;2.8;0.14;1.7;2.6;0;471;127;117;86;97135;1.16;0;0.34;0.34
2007;10;16;289;15;8;1.7;7.8;4.4;0.5;0.4;1;0.14;1.7;2.6;0;461;123;119;85;97064;0.98;0;0.34;0.34
2007;10;17;290;14.8;8.8;3.4;9.5;6.3;2.5;0.6;0.5;0.13;1.7;2.6;0;454;121;117;79;96817;0.85;0;0.34;0.34
2007;10;18;291;12;7.6;5.5;9.7;5.2;1.6;2.1;-2.2;0.13;1.6;2.6;0;88;24;54;35;96693;1.34;6.74;0.34;0.34
2007;10;19;292;7.1;4.6;1.5;1.5;0.1;-1.9;2;-3.9;0.13;1.6;2.6;0;419;103;92;79;97039;1.46;1.76;0.34;0.34
2007;10;20;293;4.1;2;0.2;0.7;-0.7;-2.3;1.1;-3.5;0.14;1.6;2.6;0.7;250;61;79;50;97277;1.11;4.13;0.34;0.34
2007;10;21;294;4.3;2.5;0.7;0.9;0.2;-0.8;0.8;-3.2;0.15;1.6;2.6;1.39;166;44;56;27;97053;1.18;2.82;0.35;0.34
2007;10;22;295;4;2.2;0.5;1.4;-0.3;-1.1;1.8;-5.3;0.15;1.6;2.6;1.72;209;47;41;19;96514;1.44;7.94;0.35;0.34
2007;10;23;296;3;2;1.4;1.6;1;0.6;2.8;-4.5;0.24;1.6;2.6;8.09;109;17;19;4;96094;0.93;28.52;0.36;0.34
2007;10;24;297;6;4.5;2.2;4.6;3.2;1;1.6;-2.4;0.24;1.6;2.6;8.34;56;13;4;0;96532;0.24;1.9;0.37;0.34
2007;10;25;298;7.1;6.4;5.8;6.2;5.4;4.5;0.9;-0.7;0.17;1.6;2.6;3.41;66;13;18;4;96810;0.27;4.86;0.38;0.34
2007;10;26;299;6.7;5.9;5;5.8;5;4.4;-0.7;2.7;0.15;1.6;2.6;1.64;121;25;28;13;97151;0.42;0.47;0.38;0.34
2007;10;27;300;12.6;8.1;5.1;7.3;6;4.6;0.1;-0.5;0.14;1.6;2.6;0.65;335;77;85;46;97361;0.6;0.47;0.38;0.34
2007;10;28;301;7.6;6.8;5.2;6.5;5.7;4.3;0.9;-1.7;0.13;1.5;2.6;0.32;68;15;41;11;97179;0.61;21.2;0.39;0.34
2007;10;29;302;11.7;9.1;7.3;8.1;7.2;5.8;0;1.1;0.13;1.5;2.6;0.11;186;48;74;27;96603;0.6;0.13;0.4;0.34
2007;10;30;303;10.1;8.3;6.6;7.5;6.7;5.7;0;0.9;0.13;1.5;2.6;0.02;181;38;42;26;96342;0.51;1.64;0.4;0.34
2007;10;31;304;9.7;7.5;5.3;5.9;4.2;2;0.8;-3.6;0.12;1.5;2.6;0;283;65;80;54;97205;0.96;0.32;0.4;0.34
2007;11;1;305;9.4;5.9;3.3;3.4;2.1;1;1;-2.6;0.12;1.5;2.6;0;351;87;94;76;97645;0.66;0;0.4;0.34
2007;11;2;306;11.1;7.4;2.5;5;3.1;0.3;1.4;-2;0.12;1.5;2.6;0;310;68;66;39;97596;0.68;0.02;0.39;0.34
2007;11;3;307;12;9.7;8.5;8.9;7.2;5.3;1;-0.5;0.12;1.5;2.6;0;119;27;57;16;97193;0.38;0.62;0.39;0.34
2007;11;4;308;9.9;8.3;5;7.6;4.4;1.2;1.6;-3.4;0.12;1.5;2.6;0;207;39;86;41;96752;0.83;0.86;0.39;0.35
2007;11;5;309;5.7;3.7;0.5;1.8;0.7;-0.7;0.6;-2.5;0.12;1.5;2.6;0;326;70;90;66;97292;0.9;1.18;0.39;0.35
2007;11;6;310;6.9;3.5;1.2;2.1;0.2;-1.2;1.7;0.6;0.12;1.4;2.6;0;161;39;96;54;96720;0.49;0.65;0.39;0.35
2007;11;7;311;7.6;4.2;1.4;1.7;-0.5;-2.1;2.6;-0.9;0.12;1.4;2.6;0.05;304;57;87;53;96511;1.09;3.5;0.39;0.35
2007;11;8;312;8.4;6.1;4.5;3.8;2.4;0.5;2.7;-1.4;0.12;1.4;2.6;0.03;254;61;91;52;96170;0.89;0.88;0.39;0.35
2007;11;9;313;7.2;3.9;2.1;4.5;-0.3;-4.3;2.6;-1.4;0.12;1.4;2.6;0;174;31;89;51;95419;0.67;1.59;0.39;0.35
2007;11;10;314;4.7;2.5;0.4;-0.1;-2.4;-4.2;3.5;-1.9;0.13;1.4;2.6;0.65;256;58;90;62;95599;1.09;5.2;0.39;0.35
2007;11;11;315;6;2.3;-0.8;2.6;-0.1;-3.3;2.1;0.1;0.17;1.4;2.6;3.45;124;22;81;41;95286;0.84;6.61;0.39;0.35
2007;11;12;316;4.6;2.2;-0.2;-1.1;-3.6;-5.3;3;-1.9;0.17;1.4;2.6;3.68;309;71;104;71;95710;0.93;0.71;0.39;0.35
2007;11;13;317;5;1.6;-0.9;0.2;-2.8;-4.7;1.8;-0.1;0.18;1.4;2.6;4.48;219;47;95;57;95838;0.73;2.73;0.39;0.35
2007;11;14;318;3.3;0.3;-1.2;-1.1;-2.7;-4.3;0.2;-0.8;0.18;1.4;2.6;4.35;283;62;101;48;95120;0.36;0.2;0.39;0.35
2007;11;15;319;-0.6;-1.5;-2.7;-1.7;-4.6;-5.7;2.3;-5.4;0.19;1.3;2.6;5.48;158;34;34;26;95834;0.46;4.69;0.39;0.35
2007;11;16;320;-1;-2.1;-2.9;-3.8;-4.9;-5.9;1.7;-4.3;0.28;1.3;2.6;10.46;187;40;66;33;96860;0.52;2.59;0.39;0.35
2007;11;17;321;0.4;-1.7;-4.8;-3.1;-4.3;-7;0.8;-3.1;0.29;1.4;2.6;11.01;207;43;76;50;96932;0.41;0.25;0.39;0.35
2007;11;18;322;-0.2;-0.9;-1.8;-1.9;-2.7;-3.6;0.9;-2.8;0.33;1.4;2.6;14.21;64;13;48;14;96207;0.31;6.05;0.39;0.35
2007;11;19;323;3.5;0.6;-2.7;0;-1.2;-3.5;-0.1;2.6;0.35;1.4;2.6;15.45;168;39;57;33;96552;0.2;0.01;0.39;0.35
2007;11;20;324;1.8;0.3;-1.4;-0.8;-1.5;-2.6;-0.1;4.4;0.32;1.4;2.6;13.68;135;31;41;30;96738;0.42;0.01;0.39;0.35
2007;11;21;325;5.7;0.6;-1.6;1.4;-1.3;-2.7;0.3;1.9;0.29;1.4;2.6;12.01;214;46;86;43;96290;0.29;0;0.39;0.35
2007;11;22;326;7.5;3.4;-1.4;4.1;1.5;-2.3;1;1.6;0.24;1.4;2.6;8.99;192;44;78;44;96088;0.01;0.02;0.39;0.35
2007;11;23;327;12.5;8.4;4.9;8;6.1;3.8;2;3;0.17;1.4;2.6;3.81;242;52;88;57;96030;0.17;0.07;0.39;0.35
2007;11;24;328;8.4;5.4;1.8;4.8;3.9;1.5;0.4;-1;0.13;1.4;2.6;1.46;197;41;57;31;96741;0.3;1.67;0.39;0.35
2007;11;25;329;6.9;5.2;3.1;5.6;4.1;0.7;0.6;0.3;0.13;1.4;2.6;0.91;90;17;39;17;96361;0.27;3.35;0.4;0.35
2007;11;26;330;3.1;1.2;-0.3;0.5;-3.7;-5.5;3;-1.6;0.12;1.4;2.6;0.89;290;61;104;72;96294;0.73;0.9;0.4;0.36
2007;11;27;331;2.5;0.3;-1.5;-3.5;-4.3;-5.3;2.6;-2.1;0.14;1.4;2.6;1.66;294;63;102;76;96907;0.52;0.62;0.4;0.36
2007;11;28;332;2;-0.9;-3.5;-2.6;-3.7;-5.2;0.4;0.6;0.14;1.4;2.6;1.68;263;49;89;63;97164;0.26;0;0.39;0.36
2007;11;29;333;2.1;-1.3;-3.6;-3.2;-4.1;-5.4;0.3;2.6;0.13;1.4;2.6;1.64;273;61;96;75;96235;0.31;0;0.39;0.36
2007;11;30;334;5.3;0.1;-4;0.8;-2.6;-6.2;1.2;0.4;0.13;1.4;2.6;1.52;209;38;84;44;95896;0.14;0.11;0.39;0.36
2007;12;1;335;9.5;3.6;-0.5;4;1.3;-1.7;1.1;0.9;0.13;1.4;2.6;1.21;250;48;83;30;96012;0.25;1.48;0.39;0.36
2007;12;2;336;8.9;4.9;2.5;4.9;3.1;1.8;1.2;2.3;0.12;1.4;2.6;0.78;263;50;98;49;96007;0.43;1.62;0.39;0.36
2007;12;3;337;7.5;5.2;3.1;5;2.6;-1.9;2.2;1.5;0.12;1.4;2.6;0.41;140;25;85;48;94577;0.58;1.68;0.39;0.36
2007;12;4;338;3.7;1.8;-0.8;0.6;-1.6;-3.3;2.2;-1.8;0.12;1.4;2.6;0.48;120;24;90;66;95893;0.46;1.29;0.39;0.36
2007;12;5;339;5.9;2.8;-0.6;1.3;0.1;-2;1.1;-0.2;0.12;1.4;2.6;0.51;222;42;82;49;96989;0.22;0.02;0.39;0.36
2007;12;6;340;9.4;3.5;-0.4;4.7;1.5;-1.5;1.3;0.7;0.12;1.4;2.6;0.39;231;48;96;55;96639;0.17;0;0.39;0.36
2007;12;7;341;5.5;4.3;2.5;3.9;2.2;0.9;1.2;1.7;0.12;1.4;2.6;0.25;61;13;36;15;95494;0.44;2.98;0.39;0.36
2007;12;8;342;6.4;3.4;-1.9;3.3;1.2;-3.5;1.2;-1.5;0.11;1.4;2.6;0.18;224;41;83;51;95614;0.48;2.47;0.39;0.36
2007;12;9;343;4.4;1.5;-2.3;1.3;-0.4;-4;0.8;2.3;0.11;1.4;2.6;0.33;171;34;66;38;94954;0.29;14.43;0.39;0.36
2007;12;10;344;5.2;2.3;0;2.6;1.3;-0.3;0.6;-0.3;0.12;1.4;2.6;0.78;145;29;52;28;95027;0.2;1.79;0.4;0.36
2007;12;11;345;5.3;3.4;2;2.1;1.2;0.1;1.8;-3;0.12;1.4;2.6;0.64;145;29;49;29;95923;0.64;3.39;0.4;0.36
2007;12;12;346;2.6;1.9;1;1.8;1;0.1;1.6;-4.3;0.14;1.4;2.6;2.3;83;15;38;18;96969;0.86;10.38;0.41;0.36
2007;12;13;347;2;0.3;-1.4;-0.2;-3.6;-7;1.5;-5.3;0.16;1.4;2.6;3.33;191;38;92;54;97732;0.78;0.51;0.41;0.36
2007;12;14;348;-1.4;-2.8;-5.8;-4.2;-6.2;-8.6;0.7;-4.8;0.2;1.4;2.6;6.08;67;15;81;51;97558;0.29;5.45;0.41;0.36
2007;12;15;349;-1.7;-3.4;-6;-4.4;-6.3;-8.6;0.9;-3.9;0.26;1.4;2.6;9.06;136;26;67;36;97713;0.3;2.53;0.41;0.37
2007;12;16;350;-2.2;-3;-4.3;-5.2;-5.8;-6.8;0.7;-3.2;0.3;1.4;2.6;11.54;109;22;61;26;97881;0.37;1.08;0.4;0.37
2007;12;17;351;-2.2;-3.5;-4.6;-5.6;-6.5;-7.2;-0.4;-1.3;0.31;1.4;2.6;11.76;82;18;44;26;98213;0.23;0.23;0.4;0.37
2007;12;18;352;-0.8;-3.2;-5.4;-4.2;-5.9;-8.1;0.3;-0.8;0.31;1.4;2.6;11.73;192;39;94;49;98185;0.13;0.3;0.4;0.37
2007;12;19;353;0.3;-3.7;-6.6;-3.3;-6;-8.7;0.4;-1.7;0.3;1.4;2.6;11.41;193;38;91;53;98299;0.15;0;0.4;0.37
2007;12;20;354;1;-2.1;-4.2;-2.1;-4.5;-6.4;0.4;-0.2;0.29;1.3;2.6;10.83;185;40;93;53;98224;0.09;0;0.4;0.37
2007;12;21;355;-0.1;-3.2;-5.2;-3;-5.2;-6.8;-0.3;1.1;0.28;1.3;2.6;10.34;168;35;74;42;97912;0.12;0.06;0.4;0.37
2007;12;22;356;-0.2;-4;-6.2;-4.5;-6.6;-7.9;-0.6;1.5;0.27;1.3;2.6;10.17;174;36;94;40;97593;0.18;0.01;0.39;0.37
2007;12;23;357;-0.8;-4.3;-6.1;-4.6;-6.5;-7.8;-0.5;0.7;0.26;1.3;2.6;9.85;201;40;97;46;97550;0.12;0;0.39;0.37
2007;12;24;358;-1.4;-4.2;-5.5;-4.8;-6.1;-7;-0.1;0;0.26;1.3;2.6;9.48;148;32;70;43;97517;0.1;0.04;0.39;0.37
2007;12;25;359;-0.5;-3.6;-5.7;-3.7;-5.3;-7.1;0.2;0;0.25;1.3;2.6;9.15;198;40;81;48;97465;0.1;0.05;0.39;0.37
2007;12;26;360;-0.7;-3;-5.1;-3.1;-4.4;-6.1;-0.4;0.7;0.25;1.3;2.6;8.9;148;28;56;30;97533;0.1;0;0.39;0.37
2007;12;27;361;0.9;-2;-3.6;-1.9;-3.9;-5.2;0;0.5;0.24;1.3;2.6;8.53;201;43;95;53;98142;0.06;0;0.39;0.37
2007;12;28;362;0;-2.9;-5.4;-2.9;-4.9;-6.6;-0.3;1.8;0.23;1.3;2.6;8.19;171;36;62;45;98033;0.12;0;0.39;0.37
2007;12;29;363;-1.1;-3.5;-5.4;-4.7;-5.9;-7.4;-0.3;2.2;0.23;1.3;2.6;8.04;164;33;76;44;97348;0.13;0.02;0.39;0.37
2007;12;30;364;-1;-4;-6.1;-4.6;-6.3;-7.8;-0.2;0.6;0.23;1.3;2.6;7.97;184;35;87;40;97077;0.1;0.03;0.39;0.37
2007;12;31;365;2.8;-2.2;-6;-1.3;-4.2;-7.3;0.9;-0.5;0.22;1.3;2.6;7.81;194;37;79;42;97134;0.05;1.16;0.39;0.37
2008;1;1;1;-0.1;-2.2;-3.4;-3.5;-4.3;-4.9;0.7;-2.8;0.24;1.3;2.6;8.44;182;36;72;54;96969;0.22;1.01;0.39;0.37
2008;1;2;2;-1;-2.8;-4.6;-3.7;-4.5;-5.4;-0.1;-0.8;0.25;1.3;2.6;9.11;147;25;63;33;96888;0.12;0.49;0.39;0.37
2008;1;3;3;-2.1;-2.9;-4.6;-3.5;-5;-6.5;-1.1;4;0.25;1.3;2.6;9.36;65;14;28;14;96704;0.26;0.31;0.38;0.37
2008;1;4;4;-3.4;-4.8;-5.7;-6.4;-7.2;-8;-0.9;5;0.25;1.2;2.6;9.32;134;25;40;18;96939;0.29;0.06;0.38;0.37
2008;1;5;5;-1.3;-3.6;-5.8;-3.4;-6.2;-8.3;-0.4;4;0.25;1.2;2.6;9.11;173;36;59;38;96695;0.21;0;0.38;0.37
2008;1;6;6;4.6;0.2;-3.7;2.5;-1;-5;1;1.4;0.24;1.2;2.6;8.52;93;16;65;25;96095;0;2.03;0.38;0.37
2008;1;7;7;4.7;0;-4.7;2.4;-1.4;-5.9;1.4;0.8;0.22;1.2;2.5;7.14;177;30;69;39;96593;0.01;2.73;0.38;0.37
2008;1;8;8;7.7;0.8;-3.8;2;-1.8;-5.3;0.9;0.7;0.19;1.2;2.5;5.72;234;50;101;63;97147;0.01;0;0.39;0.37
2008;1;9;9;2.9;-0.4;-2.6;-0.8;-2.3;-3.7;0.1;2.1;0.18;1.2;2.5;4.98;211;42;69;47;96902;0.14;0.02;0.39;0.37
2008;1;10;10;5.5;0.6;-1.7;1.5;-1;-2.7;0.1;1.3;0.17;1.2;2.5;4.37;252;49;95;45;96971;-0.02;0;0.39;0.37
2008;1;11;11;4.5;1.4;-1.9;2.7;-0.1;-2.9;0.5;2.9;0.16;1.2;2.5;3.68;195;39;83;39;96395;0;0.1;0.39;0.38
2008;1;12;12;8.7;4.7;1.5;5.8;3.5;0.8;1.7;3;0.14;1.2;2.5;2.1;230;49;69;41;95923;0.2;0.64;0.39;0.38
2008;1;13;13;5.1;2.8;0.1;2.4;1.5;-0.1;0.2;-1;0.13;1.2;2.5;1.22;211;40;61;23;96722;0.29;0.22;0.39;0.38
2008;1;14;14;4.5;1.7;-0.7;2.8;1;-0.9;0;2.6;0.12;1.2;2.5;0.96;151;32;79;32;96490;-0.02;0;0.39;0.38
2008;1;15;15;5.7;1.9;-1.7;2.4;0.2;-2.4;0.5;2.9;0.12;1.2;2.5;0.76;226;51;80;67;96203;0.18;0;0.39;0.38
2008;1;16;16;7.5;4.5;2.2;3.4;2.2;0.7;1.3;4.8;0.12;1.2;2.5;0.47;193;43;75;57;95471;0.24;0.08;0.39;0.38
2008;1;17;17;6.3;3.7;1.4;5;3;0.6;0.1;0.8;0.11;1.2;2.5;0.28;156;28;60;27;96194;0.13;2.88;0.39;0.38
2008;1;18;18;8.1;4.2;2;5.7;3.1;1.1;1;1.3;0.11;1.2;2.5;0.19;198;41;95;43;96684;0.19;0.36;0.39;0.38
2008;1;19;19;9.3;5.6;2.5;5.4;3;0.8;1.8;0.7;0.11;1.2;2.5;0.11;90;18;61;27;97083;0.34;3.06;0.39;0.38
2008;1;20;20;12.2;5.7;1.8;6.7;2.6;-0.4;1.4;0.5;0.11;1.2;2.5;0.04;249;56;103;52;97139;0.32;0;0.39;0.38
2008;1;21;21;10.5;4.1;0.2;4.6;1.1;-1.5;1.2;0.6;0.11;1.2;2.5;0.04;277;61;104;61;96506;0.26;0;0.39;0.38
2008;1;22;22;7.6;2.4;0;2.9;-0.8;-5.8;1.7;-2;0.11;1.1;2.5;0.04;180;30;88;45;95882;0.51;0.82;0.39;0.38
2008;1;23;23;2.8;0.3;-2.6;-3.8;-5.5;-7.2;1.2;-3.3;0.11;1.1;2.5;0.14;237;52;84;67;97662;0.48;0.27;0.39;0.38
2008;1;24;24;6.7;1.4;-2.4;-1.5;-4;-5.2;1.2;1.7;0.11;1.1;2.5;0.19;290;64;96;61;97683;0.34;0;0.39;0.38
2008;1;25;25;5.9;1.7;-2.7;0.5;-2.2;-4.5;1.6;-1.3;0.11;1.1;2.5;0.18;286;57;105;57;98121;0.44;0.31;0.39;0.38
2008;1;26;26;8;1.9;-3.6;1.7;-3.9;-10.1;1.6;0.4;0.11;1.1;2.5;0.15;327;75;109;74;97705;0.26;0;0.38;0.38
2008;1;27;27;7.2;5.8;4.5;0.4;-3.5;-9.5;5.6;-3.7;0.12;1.1;2.5;0.48;91;20;52;30;96705;2.21;6.24;0.38;0.38
2008;1;28;28;5;3.5;2.3;2.4;-0.2;-3.6;0.5;-2.7;0.12;1.1;2.5;0.76;243;42;77;25;97681;1.04;3.36;0.39;0.38
2008;1;29;29;7.4;3.8;1;4.3;2.4;0.4;0.3;0.2;0.12;1.1;2.5;0.59;183;39;58;26;97565;0.42;1.04;0.39;0.38
2008;1;30;30;5.2;2.5;0.2;1.9;-1;-2.5;0.2;2;0.12;1.1;2.5;0.47;284;59;83;54;96913;0.4;0.02;0.39;0.38
2008;1;31;31;5.3;2.3;0.1;0.4;-1.3;-2.8;0.8;-0.3;0.12;1.1;2.5;0.45;244;57;79;43;96833;0.48;0.32;0.39;0.38
2008;2;1;32;6.2;2.7;0.6;1.4;0.2;-1;1.3;3.4;0.12;1.1;2.5;0.41;172;43;87;51;95732;0.24;0;0.39;0.38
2008;2;2;33;4.5;2.9;1.3;2.2;-0.9;-3.8;1.6;-0.3;0.12;1.1;2.5;0.42;73;18;56;32;96010;0.59;2.97;0.39;0.38
2008;2;3;34;4.5;1.6;-2.2;-0.2;-2.3;-5.3;0.3;2.6;0.12;1.1;2.5;0.46;301;64;81;57;97114;0.39;0.01;0.39;0.38
2008;2;4;35;8;4.4;1.8;4;2.5;0;0.8;4.3;0.12;1.1;2.5;0.34;212;43;75;41;96218;0.28;0.16;0.39;0.38
2008;2;5;36;8.4;3.9;1;2.3;1.1;-0.1;0.9;-0.7;0.12;1.1;2.5;0.21;338;73;97;61;96772;0.41;0;0.39;0.38
2008;2;6;37;8.8;4.2;1.5;6.2;2.3;0.2;1.4;1.1;0.12;1.1;2.5;0.17;161;33;72;46;96879;0.25;1.96;0.39;0.38
2008;2;7;38;5.4;3.3;1.9;1.2;-2.7;-5.7;2.1;-4.4;0.12;1.1;2.5;0.13;351;85;98;78;97741;0.91;0.19;0.39;0.38
2008;2;8;39;4.9;2.3;-0.6;-1.2;-2.5;-4.5;0.8;-3.2;0.12;1.1;2.5;0.14;298;68;77;59;98355;0.51;0.05;0.38;0.38
2008;2;9;40;4.8;0.9;-2.5;-0.6;-2;-3.6;0.5;-1.3;0.12;1.1;2.5;0.1;359;78;96;59;98325;0.39;0;0.38;0.38
2008;2;10;41;4.5;0.3;-2.6;-0.8;-2.6;-3.7;0.5;-1.4;0.12;1.1;2.5;0.05;362;86;98;69;98175;0.38;0;0.38;0.38
2008;2;11;42;4.9;0.1;-3.1;-0.4;-2.5;-4;0.3;-0.2;0.12;1.1;2.5;0.05;401;96;114;73;98176;0.34;0;0.38;0.38
2008;2;12;43;4.1;-0.9;-4.2;-2.1;-3.6;-5.2;0;1.4;0.12;1.1;2.5;0.05;406;97;118;77;98160;0.27;0;0.38;0.38
2008;2;13;44;4.8;-0.8;-4.5;-1.2;-3.9;-6;0.4;-0.2;0.12;1.1;2.5;0.04;410;103;123;84;98027;0.19;0;0.38;0.38
2008;2;14;45;5.4;0.4;-3.2;-1.2;-3.3;-6.1;0.5;-2.2;0.12;1.1;2.5;0.04;368;86;89;60;97810;0.17;0.03;0.38;0.38
2008;2;15;46;0.9;-1;-3.7;-1.9;-6.9;-11.5;0.3;-4;0.12;1.1;2.5;0.52;241;65;93;56;97782;0.43;0.81;0.38;0.38
2008;2;16;47;-2.1;-4.4;-6.8;-10.4;-15.6;-20.6;0.3;-5.1;0.13;1.1;2.5;0.97;382;101;121;95;98444;0.19;0.25;0.38;0.38
2008;2;17;48;1.3;-3.6;-7.3;-12.9;-15.5;-18.1;0.8;0.3;0.13;1.1;2.5;1;436;109;126;93;98549;0.07;0;0.38;0.38
2008;2;18;49;7.4;3;-2.8;-6.9;-10.9;-15.7;2.2;-1.8;0.13;1.1;2.5;0.91;311;82;80;56;97403;0.22;0;0.38;0.38
2008;2;19;50;8.9;4;0.2;1.8;-2;-6.8;0.8;-0.9;0.13;1.1;2.5;0.7;355;88;92;55;97215;0.48;0;0.37;0.38
2008;2;20;51;7.9;1.7;-2.5;2.5;-0.5;-3.3;0.4;0.8;0.13;1.1;2.5;0.46;444;115;117;74;96989;0.39;0;0.37;0.38
2008;2;21;52;9.9;3.4;-2.4;4.9;0.5;-3.6;0.9;0.4;0.12;1.1;2.5;0.3;240;64;60;36;97160;0.42;1.5;0.37;0.38
2008;2;22;53;12.3;5.1;-0.2;6.3;2.5;-0.8;1.3;0.6;0.12;1.1;2.5;0.2;235;56;67;33;97205;0.32;0.11;0.37;0.38
2008;2;23;54;11.4;6.5;0.5;4.6;2.2;-0.5;2.3;-1.4;0.12;1.1;2.5;0.1;349;90;80;47;97287;0.77;1.15;0.37;0.38
2008;2;24;55;15.6;7.6;0;5.8;2.9;-0.7;1.3;1.9;0.12;1.1;2.5;0.02;455;121;116;75;97180;0.86;0;0.37;0.38
2008;2;25;56;16.7;9;2.3;6;3.3;-1.3;1.2;-0.9;0.12;1.1;2.5;0;461;122;121;74;96855;0.94;0;0.37;0.38
2008;2;26;57;14.8;7.9;1.7;6.4;4.1;0.9;0.8;1.2;0.12;1.2;2.5;0;464;124;116;76;96449;0.83;0;0.37;0.38
2008;2;27;58;12.8;6.9;1.8;7.8;2.8;-1;1.5;-0.8;0.12;1.2;2.5;0;361;88;101;56;96251;0.96;1.93;0.37;0.38
2008;2;28;59;10.7;5.5;-0.5;3.1;0.7;-2.6;0.9;0.6;0.12;1.2;2.5;0;421;96;95;67;96948;0.73;0.15;0.37;0.38
2008;2;29;60;10.2;5.6;0.9;7;3.6;-0.2;0.8;0.8;0.12;1.2;2.5;0;244;55;53;34;96476;0.6;3.68;0.37;0.38
2008;3;1;61;12.1;7.3;5.1;6.4;2.4;-2;3.7;0.3;0.12;1.2;2.5;0;358;74;99;54;94853;1.41;2.36;0.37;0.38
2008;3;2;62;10.7;8;4.5;4.9;2.2;-1.7;3.9;-1.3;0.12;1.2;2.5;0;313;80;79;59;95267;1.39;2.36;0.37;0.38
2008;3;3;63;15.6;9.7;4.9;7.4;4.8;2.6;0.9;0.1;0.12;1.2;2.5;0;358;88;88;50;95601;0.92;1.62;0.37;0.38
2008;3;4;64;5.8;3.5;1.6;3.1;-2.3;-5.5;0.4;-2.6;0.13;1.2;2.5;0.17;258;62;63;40;95912;1.35;1.86;0.37;0.38
2008;3;5;65;3.4;1.1;-2.1;-2.3;-6.7;-12.2;0.8;-4.4;0.13;1.2;2.5;0.67;426;112;106;70;96605;0.93;0.54;0.37;0.38
2008;3;6;66;3.3;-0.2;-3.1;-4.3;-7.2;-9.6;0.1;-1.3;0.13;1.2;2.5;0.66;530;145;126;88;97131;0.9;0;0.37;0.38
2008;3;7;67;6.8;2.8;-2;1;-2.9;-6.3;-0.1;0.1;0.13;1.2;2.5;0.54;414;108;88;43;96342;0.7;0.54;0.37;0.38
2008;3;8;68;7.5;4.4;2.3;1.6;1.1;0.2;1.5;-1;0.13;1.2;2.5;0.41;225;50;55;23;95730;0.96;3.94;0.37;0.38
2008;3;9;69;10.1;5.7;1.2;3;1.6;-0.1;0.3;1.2;0.13;1.2;2.5;0.26;411;96;87;53;95697;0.75;0.04;0.37;0.38
2008;3;10;70;13.1;6.3;-1.2;3.6;1;-2.1;1.1;3.1;0.13;1.3;2.5;0.12;543;147;123;85;95068;1.21;0;0.37;0.38
2008;3;11;71;9.1;6;2;4.8;2.5;1.1;1.5;0.8;0.13;1.3;2.5;0.02;270;76;82;57;94812;1.08;2.37;0.37;0.38
2008;3;12;72;13.2;7.4;2.7;7.7;4;-0.8;1.3;1.2;0.13;1.3;2.5;0;408;95;97;49;94989;1.46;10.13;0.37;0.38
2008;3;13;73;8.5;5.4;2.9;-1;-2.2;-4.1;4;-2.1;0.13;1.3;2.6;0;530;148;117;87;95921;1.47;0.36;0.38;0.38
2008;3;14;74;7.1;5.1;1.3;5;2.5;-1.2;1.4;0.8;0.13;1.3;2.6;0;141;48;83;36;96009;0.92;6.17;0.38;0.38
2008;3;15;75;12;7.5;3.2;5;3.2;0.4;0.7;0.9;0.13;1.3;2.6;0;423;114;88;50;96126;1.22;0.23;0.38;0.38
2008;3;16;76;14.8;8.6;4.4;8.3;5.7;3.5;0.8;0.4;0.13;1.3;2.6;0;520;116;105;58;95212;1.14;9.53;0.38;0.38
2008;3;17;77;11.6;6;1.6;4.9;2.1;-0.2;1.8;-1.1;0.13;1.3;2.6;0;383;93;86;58;95131;1.19;0.7;0.39;0.38
2008;3;18;78;5.6;2.9;-0.2;-0.6;-5.3;-8.6;2.2;-2.1;0.13;1.4;2.6;0;532;159;120;88;95467;1.43;0.7;0.39;0.38
2008;3;19;79;6.1;1.9;-1.5;-3.1;-5.8;-8;1.6;-0.9;0.13;1.4;2.6;0.07;470;132;97;75;95737;1.17;0.74;0.38;0.38
2008;3;20;80;5;0.8;-3.2;-3.2;-5.2;-6.1;2;-1;0.13;1.4;2.6;0.19;551;160;114;83;95736;1.2;0.45;0.38;0.38
2008;3;21;81;7.6;2.8;-2.4;-1.6;-4.3;-6.4;1.7;3.9;0.14;1.4;2.6;0.27;285;78;64;47;93990;0.86;0.56;0.38;0.38
2008;3;22;82;7.7;3.3;-0.3;0.2;-2.1;-4.4;0.7;0.2;0.15;1.4;2.6;1.21;403;112;93;53;93745;1.23;2.95;0.38;0.38
2008;3;23;83;6.5;2.7;-1.6;1.3;-0.7;-3.4;-0.4;0.4;0.15;1.5;2.6;1.07;464;116;77;41;94144;1.11;6.45;0.38;0.38
2008;3;24;84;3.2;0.7;-2.8;0.3;-4.4;-9.2;2.3;-3.3;0.26;1.5;2.6;8.94;428;119;92;50;93954;1.58;7.59;0.38;0.38
2008;3;25;85;3.5;-1.5;-7.8;-5.3;-8.1;-12.5;3;-1.7;0.26;1.5;2.6;8.5;435;120;89;74;94486;1.34;0.86;0.38;0.38
2008;3;26;86;6.4;1.3;-4.3;-3;-6.7;-10;2.2;-0.1;0.24;1.5;2.6;7.45;514;143;102;69;95074;1.57;0.92;0.38;0.38
2008;3;27;87;9.1;4.2;-3;2.5;-0.4;-5;-0.5;0.4;0.21;1.5;2.6;5.26;511;138;105;53;95127;1;0.54;0.39;0.38
2008;3;28;88;10.1;5.6;0.7;4.8;2.4;0.1;-0.4;-0.3;0.18;1.6;2.6;2.88;464;107;82;37;96017;0.94;0.97;0.39;0.38
2008;3;29;89;12.7;6.9;1.2;5.9;1.4;-1.2;1.4;-0.4;0.16;1.6;2.6;1.48;529;140;115;68;96646;1.51;0.28;0.39;0.38
2008;3;30;90;13.7;7.5;0;3.3;1.4;-1.6;0.3;2.6;0.15;1.6;2.6;0.66;623;195;122;87;96689;1.81;0;0.39;0.38
2008;3;31;91;14.5;9.2;2.9;4.1;2.4;-0.2;-0.6;1.7;0.14;1.6;2.6;0.23;629;189;121;84;96371;1.84;0;0.38;0.38
2008;4;1;92;14.5;9.3;2.6;5.8;3.4;0.6;1.3;-2.7;0.14;1.6;2.6;0.07;634;194;116;82;96549;1.93;0.08;0.38;0.38
2008;4;2;93;10.8;8.3;5;5.4;3.3;1.3;2.5;-2.5;0.14;1.7;2.6;0;520;147;96;66;96301;1.94;2.64;0.38;0.38
2008;4;3;94;9.7;6.3;3.3;3.8;2;0.9;1.6;-3.5;0.14;1.7;2.6;0;574;165;93;74;96386;1.55;0.58;0.38;0.38
2008;4;4;95;9.7;6.5;3.3;2.2;1.1;-0.3;1.1;-4.5;0.14;1.7;2.6;0;473;135;76;59;96792;1.5;0.29;0.38;0.38
2008;4;5;96;10.1;6.3;2.6;2.3;0.5;-0.9;0.7;-2;0.14;1.7;2.6;0;429;142;83;63;95955;1.43;0;0.38;0.38
2008;4;6;97;12.6;7;1.2;4;1.1;-1.3;0.8;1.2;0.14;1.7;2.6;0;619;190;112;78;94902;1.98;0.75;0.37;0.38
2008;4;7;98;9.1;4.7;0.8;5.1;-1.4;-7.9;1.7;-0.3;0.14;1.8;2.6;0.03;397;121;70;48;94887;1.92;3.01;0.37;0.38
2008;4;8;99;6.8;4.8;1.9;2.2;-0.6;-5;0.3;2.8;0.15;1.8;2.6;0.1;471;122;78;42;95478;1.14;0.09;0.37;0.38
2008;4;9;100;16.3;10.2;2.7;6.8;4.5;1.8;0.7;3.1;0.15;1.8;2.6;0.02;653;183;119;72;94879;2.05;0;0.37;0.38
2008;4;10;101;19;13;6.3;7.5;6.1;4.4;0.9;2.5;0.15;1.8;2.6;0;673;204;125;85;94680;2.57;0;0.37;0.38
2008;4;11;102;20.3;14.5;9;9.4;8.4;7;2;3.8;0.15;1.8;2.6;0;615;193;106;83;94667;2.56;0;0.37;0.38
2008;4;12;103;12.1;9.8;6.7;7.9;2.2;0;1.6;-2.3;0.15;1.9;2.6;0;441;129;88;60;95549;1.76;0.08;0.36;0.38
2008;4;13;104;13.5;9.3;4.8;2.7;1.5;0.4;0.7;0.5;0.15;1.9;2.6;0;564;176;107;76;96322;2.19;0.43;0.36;0.38
2008;4;14;105;15;9.7;4.1;5.7;4.2;2.3;-0.2;2.4;0.15;1.9;2.6;0;628;205;110;81;96064;2.19;0.57;0.36;0.38
2008;4;15;106;11.8;8.1;4.5;4.2;2.8;1.7;2.4;-3.7;0.15;1.9;2.6;0;532;171;89;62;95867;2.22;1.85;0.36;0.38
2008;4;16;107;10.1;6.9;2.6;1.9;1.1;0.3;2.6;-3.6;0.15;2;2.6;0;559;188;98;76;96051;1.93;0.44;0.36;0.38
2008;4;17;108;11.9;6.3;1;6.1;3.1;-0.5;0.3;1.9;0.15;2;2.6;0.03;377;111;82;49;95590;1.57;2.86;0.36;0.38
2008;4;18;109;15.6;9.6;2.1;10;5.8;1.2;0.2;1.8;0.15;2;2.6;0.01;530;169;85;65;94897;2.22;4.29;0.36;0.38
2008;4;19;110;17.1;11.3;5.6;8;6.3;4.9;1.9;2.3;0.15;2.1;2.7;0;657;167;92;62;94750;2.43;4.7;0.36;0.38
2008;4;20;111;16.2;10.9;3.8;7.9;6.1;3;-0.6;-0.1;0.15;2.1;2.7;0;564;185;107;71;95506;2.35;0.63;0.36;0.38
2008;4;21;112;18.9;12.2;5.7;11.2;8.4;4.8;-1.4;1.3;0.15;2.1;2.7;0;643;189;106;66;95054;2.45;15.44;0.36;0.38
2008;4;22;113;15.1;10.4;6.2;8.2;7.1;5.4;1;1.3;0.15;2.2;2.7;0;596;170;92;57;94899;2.6;5.65;0.37;0.38
2008;4;23;114;11.7;8.7;6.3;6;4;1.9;1.3;-4;0.15;2.2;2.7;0;478;134;80;50;96201;2.29;1.11;0.37;0.38
2008;4;24;115;13.7;9.4;4.5;4.1;1.7;-0.1;0.4;-1.9;0.16;2.2;2.7;0;551;195;104;80;97082;2.58;0.01;0.37;0.38
2008;4;25;116;13.2;8.5;3.1;7.1;4.3;1;1.6;-1.2;0.16;2.3;2.7;0;415;129;75;57;97127;2.15;5.72;0.37;0.38
2008;4;26;117;14.2;10.3;6.3;7.6;5.6;4.2;1.1;-3.6;0.16;2.3;2.7;0;616;210;110;76;97371;2.43;0.15;0.37;0.38
2008;4;27;118;16.2;11.5;6.1;6.9;4.3;2.1;0.1;-1;0.16;2.3;2.7;0;676;230;123;94;97109;3.02;0.07;0.37;0.38
2008;4;28;119;18.1;12.5;4.9;4.7;2.9;0.5;-0.1;2.3;0.16;2.4;2.7;0;714;222;124;77;96079;3.29;0.03;0.37;0.38
2008;4;29;120;16.4;11.3;7.3;8.5;6;3.5;0.2;0.6;0.16;2.4;2.7;0;528;165;90;51;95306;2.58;3.79;0.36;0.38
2008;4;30;121;16.2;12;7.6;8;6.1;4.9;0.6;2.9;0.16;2.4;2.7;0;400;147;89;55;95390;2.5;0.23;0.36;0.38
2008;5;1;122;14.6;11;7.2;7.7;6.1;4.9;1.1;-0.9;0.16;2.5;2.7;0;479;136;80;52;96108;2.3;2.56;0.36;0.38
2008;5;2;123;16.7;12;6.7;6.7;4.9;4;1.3;-2;0.16;2.5;2.7;0;647;232;110;81;96870;3.5;0.16;0.36;0.38
2008;5;3;124;15.1;11.5;7.3;6.4;5.4;4.4;1;-3.1;0.16;2.6;2.7;0;584;213;99;78;97129;3.01;0.81;0.36;0.38
2008;5;4;125;15.3;11.4;7.2;6.3;5.3;4.4;0.4;-2.7;0.16;2.6;2.7;0;663;232;104;84;97019;3.13;0.74;0.35;0.37
2008;5;5;126;14.5;10.5;5.9;9.1;6.8;3.6;0.6;-2.8;0.16;2.6;2.7;0;616;204;86;64;96990;2.64;5.05;0.35;0.37
2008;5;6;127;15.8;11.6;7.8;9.6;7.6;3.7;0.4;-3.1;0.16;2.7;2.7;0;573;192;86;67;96998;3.21;4.92;0.36;0.37
2008;5;7;128;15.7;11.5;6.5;5.7;3.8;2.5;0.5;-2.6;0.16;2.7;2.7;0;686;240;118;90;96929;3.46;0;0.36;0.37
2008;5;8;129;17.4;12.6;6;7.3;5;2.4;0.7;-2.1;0.16;2.7;2.7;0;705;229;117;81;96649;3.33;0;0.35;0.37
2008;5;9;130;17.5;13.2;7.1;8.6;6.1;4.8;-0.1;-2;0.16;2.8;2.7;0;568;192;103;74;96602;2.95;0.07;0.35;0.37
2008;5;10;131;16.4;12.7;6.3;8.5;6.4;4;-0.9;-0.7;0.16;2.8;2.7;0;542;198;93;69;96785;2.84;0.95;0.35;0.37
2008;5;11;132;17.7;13.3;8;6.6;4.1;2.5;-0.9;0;0.17;2.8;2.8;0;728;251;130;89;96849;3.65;0.02;0.34;0.37
2008;5;12;133;19.3;14.2;5.8;8;4.8;2.6;0.4;0.4;0.17;2.9;2.8;0;642;214;119;81;96640;3.27;0;0.34;0.37
2008;5;13;134;20.5;15.2;6.8;9.3;6.3;4.4;0.3;1.2;0.17;2.9;2.8;0;672;240;119;84;96408;3.71;0.06;0.34;0.37
2008;5;14;135;21.3;15.6;7.8;10.8;7.6;5.5;0.2;0.9;0.17;2.9;2.8;0;679;243;123;82;96210;3.66;0.23;0.33;0.37
2008;5;15;136;22.7;16.2;9.5;12;9.4;6.9;0.4;1.1;0.17;3;2.8;0;709;234;121;81;95876;3.59;1.6;0.33;0.37
2008;5;16;137;19.9;15.7;10.2;13;10.8;8.3;1.1;0.2;0.17;3;2.8;0;577;188;84;66;95753;3.19;4.07;0.33;0.37
2008;5;17;138;23.9;18.4;12;12.7;11.1;9.8;1.7;2.6;0.17;3;2.8;0;651;221;106;72;95542;3.92;0.42;0.33;0.37
2008;5;18;139;20.7;16.8;13;13.5;11.9;10;1;2.1;0.17;3;2.8;0;548;161;76;54;95406;2.86;12.25;0.33;0.37
2008;5;19;140;15.9;12.9;8.6;13.5;10.1;5.4;0.8;-3.1;0.17;3;2.8;0;461;141;65;36;95629;2.56;3.54;0.34;0.37
2008;5;20;141;8.9;8.2;7.4;7.1;6.1;4.8;1.6;-3.9;0.17;3;2.8;0;179;58;41;12;95815;2.36;7.74;0.34;0.37
2008;5;21;142;13.3;10.8;8.3;8.6;7.7;6.2;0.8;-2.6;0.17;3;2.8;0;313;99;44;21;96029;1.68;0.35;0.34;0.37
2008;5;22;143;15.4;12.2;8.9;8.2;7.7;7.1;0.6;-2.7;0.17;3;2.8;0;441;139;79;38;96145;2.25;0.05;0.34;0.37
2008;5;23;144;16.4;13.2;9.8;9.3;7.9;7;0.5;-1.6;0.17;3;2.8;0;368;129;73;42;96155;2.22;0.01;0.34;0.37
2008;5;24;145;20.2;15;8.8;13.6;11;7.8;-0.1;0.2;0.17;3;2.8;0;598;217;95;65;96082;3.15;2.71;0.34;0.37
2008;5;25;146;19.9;15.4;10.1;12.3;10.8;9.3;-0.3;-1.6;0.17;3;2.8;0;545;186;81;51;96330;3.18;0.29;0.34;0.37
2008;5;26;147;23.3;17.7;11.9;15.1;12.4;9.7;-0.4;1.3;0.17;3;2.8;0;583;189;85;52;96372;3.13;0.04;0.33;0.37
2008;5;27;148;27.6;21;13.1;17.6;15.7;12.3;-0.7;0.4;0.17;3;2.8;0;714;260;105;76;96194;4.19;0;0.33;0.37
2008;5;28;149;30.6;22.7;13.6;18.4;16.4;13;-0.2;-0.1;0.17;3;2.8;0;713;264;115;80;96150;4.43;0;0.32;0.37
2008;5;29;150;25.1;19.7;15;13.6;10.6;7;-1.8;2;0.17;3;2.8;0;716;261;111;85;96403;4.59;0;0.32;0.37
2008;5;30;151;26.9;20.7;13.8;16.4;13.3;9.9;-0.6;2.2;0.17;3;2.8;0;724;262;110;78;96095;4.39;0.33;0.32;0.37
2008;5;31;152;25.9;21;14.9;14.7;13;11.3;0.4;1.8;0.17;3;2.8;0;712;265;118;84;96086;4.37;0;0.31;0.37
2008;6;1;153;26.5;20.8;15.2;16.7;14.3;12.5;0.6;-1.4;0.17;3;2.8;0;674;230;100;67;96320;4.01;2.5;0.31;0.37
2008;6;2;154;24.7;20.3;14.9;16.3;13.9;11.2;-0.9;1.7;0.17;3;2.8;0;655;214;88;61;96303;3.97;2.17;0.31;0.37
2008;6;3;155;23.2;18.8;15.4;16.7;15;12.6;-0.1;0.8;0.17;3;2.8;0;613;208;85;59;96064;3.42;16.93;0.31;0.37
2008;6;4;156;19.8;16.9;14.6;16.6;15.1;13.8;0.1;-1.3;0.17;3;2.8;0;454;119;51;30;95896;2.82;26.72;0.33;0.37
2008;6;5;157;16.9;15.5;13.9;15.4;14.4;12.4;-0.5;-1.8;0.17;3;2.8;0;248;63;33;15;95881;1.88;20.8;0.35;0.37
2008;6;6;158;19.8;16;13;13.3;12.5;11.7;-0.6;-1.9;0.17;3;2.8;0;496;148;81;39;95952;2.98;2.72;0.36;0.37
2008;6;7;159;17.6;15.2;12.7;15.5;13.7;12.1;-0.5;-1.8;0.17;3;2.8;0;403;127;69;32;96012;2.59;12.51;0.36;0.37
2008;6;8;160;18.8;15.4;12.5;14.1;12.9;11.8;0;-1.5;0.17;3;2.8;0;418;141;68;41;96350;2.76;5.69;0.37;0.37
2008;6;9;161;21.7;16.9;11.8;16.4;14;11.2;0.3;-0.7;0.17;3;2.8;0;628;219;92;60;96756;3.66;3.67;0.37;0.37
2008;6;10;162;23.9;19.1;12;14.8;12.9;11.1;0.6;1.3;0.17;3;2.8;0;716;245;104;75;96711;4.41;0.14;0.37;0.37
2008;6;11;163;23.2;18.3;14.1;16.1;14.4;12.3;0.8;-0.4;0.17;3;2.8;0;626;184;88;59;96191;3.34;13.13;0.37;0.37
2008;6;12;164;18.4;15.7;13.2;13.1;10.3;9;0.5;-2.7;0.17;3;2.8;0;660;185;90;47;95940;3.88;1.24;0.37;0.37
2008;6;13;165;16;13.1;11;11.3;7.1;3.6;2.3;-2.4;0.17;3;2.8;0;310;115;75;44;95859;2.36;0.59;0.37;0.37
2008;6;14;166;15.5;12.8;8.8;6.8;5.4;3.4;0.6;-2.4;0.17;3;2.8;0;485;175;94;62;96181;3.06;0.21;0.37;0.37
2008;6;15;167;17;13.4;10.3;10.6;8;5.3;0.1;-0.7;0.17;3;2.8;0;694;222;107;67;96014;3.67;2.93;0.36;0.37
2008;6;16;168;20.1;14.9;8;12.1;9.5;6.6;0.8;1.9;0.17;3;2.8;0;596;222;96;72;95809;3.78;0.6;0.36;0.37
2008;6;17;169;19.4;15.3;11;14.9;12.6;9.9;0;-0.7;0.17;3;2.8;0;489;151;64;41;96029;2.62;19.02;0.36;0.37
2008;6;18;170;20.9;16.9;13.5;13.2;11.8;10.8;0.9;-2.5;0.17;3;2.8;0;686;197;89;50;96335;4.1;4.95;0.38;0.37
2008;6;19;171;23.8;18.7;11.6;16.4;12.8;10.7;0.4;0.4;0.17;3;2.8;0;602;224;102;71;96478;3.89;0.29;0.37;0.37
2008;6;20;172;24.5;20;13.8;16;13.5;11.6;1.4;-0.7;0.17;3;2.8;0;603;217;94;67;96711;4.06;0.12;0.37;0.37
2008;6;21;173;25.8;21;15.1;19.2;15.4;12.4;0.3;0.2;0.17;3;2.8;0;654;237;93;66;96905;4.17;0.18;0.37;0.37
2008;6;22;174;28.9;23.1;15.3;19.2;17.2;15;0.6;1.8;0.17;3;2.8;0;699;256;95;68;96751;4.86;0.03;0.36;0.37
2008;6;23;175;29.3;23.7;17.6;20.5;17.8;16.2;1.1;-0.3;0.17;3;2.8;0;650;222;89;63;96589;4.44;2.17;0.36;0.36
2008;6;24;176;28;22.2;17.4;19.3;17.3;15.7;0.6;-0.7;0.16;3;2.8;0;713;227;102;63;96593;4.38;4.28;0.36;0.36
2008;6;25;177;28.3;22.8;16.2;19.1;18;16.1;0.7;1.5;0.16;2.9;2.8;0;662;240;89;53;96502;4.83;2.09;0.36;0.36
2008;6;26;178;25.1;21.2;18.5;18.6;17.8;16.9;0.8;-1.1;0.16;2.9;2.8;0;541;166;74;46;96694;3.32;11.7;0.35;0.36
2008;6;27;179;23.9;20.4;17.1;17.4;16.2;13;1.1;-1;0.16;2.9;2.8;0;508;177;86;52;96592;3.73;2.87;0.36;0.36
2008;6;28;180;23.5;19.6;15.3;14.8;12.6;11.2;1.1;-1.2;0.16;2.9;2.8;0;572;190;77;63;96849;3.74;0.29;0.36;0.36
2008;6;29;181;25.2;21;14.8;18.7;15.5;13.5;0.5;0.8;0.16;2.9;2.8;0;578;217;88;62;96738;4.04;1.23;0.36;0.36
2008;6;30;182;24.2;19.9;16.4;18;16.1;14.5;1;-1.1;0.16;2.9;2.8;0;569;141;79;48;96657;3.09;3.67;0.36;0.36
2008;7;1;183;25.5;21;16.5;16.4;14.1;12.8;-0.2;-0.7;0.16;2.9;2.8;0;703;257;103;76;96686;4.63;0.01;0.35;0.36
2008;7;2;184;26.6;21.5;15.1;19;17.2;14;-0.3;1;0.16;2.9;2.8;0;639;227;85;62;96301;4.01;1.8;0.35;0.36
2008;7;3;185;27.3;22.8;17.6;18.3;17.2;15.3;0.3;2.7;0.16;2.9;2.8;0;667;244;82;61;95883;4.67;0.72;0.35;0.36
2008;7;4;186;22.5;19.9;16.9;17.4;12.5;8.8;3.1;-2.5;0.16;2.9;2.7;0;705;205;87;52;95990;4.96;4.27;0.35;0.36
2008;7;5;187;21.7;18.4;14.4;11;9.4;8.3;1.6;-2;0.16;2.9;2.7;0;578;223;104;82;96258;4.23;0.02;0.34;0.36
2008;7;6;188;25.8;20.6;12.1;15.3;12.9;9.7;0.6;2.4;0.16;2.8;2.7;0;685;237;103;67;96053;4.32;0;0.34;0.36
2008;7;7;189;24.4;19.6;15.1;18.7;15.5;9.4;0.3;-1;0.16;2.8;2.7;0;511;171;61;38;95754;4.47;22.28;0.34;0.36
2008;7;8;190;20.7;17.2;14;13.8;10.2;8.6;1.7;-0.7;0.16;2.8;2.7;0;523;163;92;58;96215;3.45;0.39;0.35;0.36
2008;7;9;191;21.1;17;13;12.7;10.2;8.9;1.7;-0.9;0.16;2.8;2.7;0;649;212;99;70;96484;3.74;0.7;0.35;0.36
2008;7;10;192;23.1;18.4;15.1;16.6;13.4;11.5;0.5;0.3;0.16;2.8;2.7;0;538;143;81;41;96495;2.63;0.45;0.34;0.36
2008;7;11;193;28;22;14.8;17.5;14.1;11.5;0.6;2.7;0.16;2.8;2.7;0;718;254;102;80;96154;4.73;0.1;0.34;0.36
2008;7;12;194;27.9;22.6;16.1;16.6;14.7;11.8;0.5;1.2;0.16;2.8;2.7;0;628;230;89;71;95934;4.48;0.2;0.34;0.36
2008;7;13;195;27.2;20.9;16.6;17.8;15.6;12;0.8;0.3;0.16;2.8;2.7;0;562;185;82;55;95891;3.53;0.62;0.33;0.36
2008;7;14;196;18.4;15.8;13.9;13.4;12;10.5;0.9;-3.8;0.16;2.8;2.7;0;399;132;61;33;96407;3.71;8.02;0.33;0.36
2008;7;15;197;20.1;17;13.3;11.8;10.3;9;2.3;-3.9;0.16;2.8;2.7;0;648;205;90;66;97113;3.7;0.34;0.33;0.36
2008;7;16;198;24.5;20.4;15.2;16.2;11.7;8.8;1.4;-1.3;0.16;2.8;2.7;0;611;204;90;62;96707;3.79;0.01;0.33;0.36
2008;7;17;199;20.8;17;13.9;16.2;14.3;12.5;0.4;-1.6;0.16;2.8;2.7;0;371;117;57;35;96211;2.78;21.49;0.34;0.36
2008;7;18;200;20.1;16.5;13.1;13.9;12.1;10.9;0.8;-0.7;0.16;2.8;2.7;0;512;151;72;47;96235;2.95;3.02;0.35;0.36
2008;7;19;201;23.8;18.7;11.5;12.9;11.6;10.2;1;1.5;0.16;2.7;2.7;0;617;224;100;76;96336;4.02;0.27;0.34;0.36
2008;7;20;202;23.4;19.1;14.7;17.4;15.2;12.7;-0.1;0.1;0.16;2.7;2.7;0;574;166;74;48;96161;3.39;29.02;0.35;0.36
2008;7;21;203;19.8;16.2;13.2;13.7;9.2;6.4;1.7;-2.3;0.16;2.7;2.7;0;609;179;90;59;96365;3.94;2.15;0.36;0.36
2008;7;22;204;16.8;14.2;12.3;9.3;7.4;5.2;2.2;-3.4;0.16;2.7;2.7;0;521;189;80;63;96583;3.52;1.2;0.36;0.36
2008;7;23;205;13.6;12.8;11.7;11.5;10.3;8.6;2.6;-5.9;0.16;2.7;2.7;0;131;42;69;23;96354;3.73;32.8;0.37;0.36
2008;7;24;206;18.1;15.6;13.2;13.8;12.4;11.2;2.8;-5.2;0.16;2.7;2.7;0;388;108;33;15;96127;2.81;2.02;0.38;0.36
2008;7;25;207;21.8;18.3;15.6;17.2;15.6;13.4;2.2;-3.6;0.16;2.7;2.7;0;435;126;50;23;95922;2.38;1.63;0.38;0.36
2008;7;26;208;23.2;19.7;16.9;18.4;17;15.9;1;-3.1;0.16;2.7;2.7;0;401;156;62;40;96071;3.08;6.97;0.38;0.36
2008;7;27;209;25.2;21;16.7;16.9;15;13.1;0.6;-2.6;0.16;2.7;2.7;0;682;236;94;67;96389;4.49;0.02;0.38;0.36
2008;7;28;210;25;20.4;15.6;17.4;15.5;12.8;-0.1;-0.2;0.16;2.7;2.7;0;674;205;92;62;96588;3.58;0.47;0.38;0.36
2008;7;29;211;25.8;20.9;14.4;17.8;15.5;13.3;0.5;0.9;0.16;2.7;2.7;0;607;221;92;69;96615;3.85;0.47;0.37;0.36
2008;7;30;212;25.9;20.8;15.8;18.5;17.3;14.9;0.9;0;0.16;2.7;2.7;0;637;200;89;57;96735;3.55;3.97;0.37;0.36
2008;7;31;213;24.9;20;15.8;19.8;17.9;15.2;0;0.4;0.16;2.7;2.7;0;638;170;85;52;96751;3.02;19.57;0.38;0.36
2008;8;1;214;26.4;21.7;16.5;19.9;18.1;15.6;0.1;1.8;0.16;2.7;2.7;0;664;220;85;56;96577;4.09;5.17;0.39;0.36
2008;8;2;215;25.7;20.8;17;20;18;16.2;0.5;0;0.16;2.7;2.7;0;620;193;79;51;96588;3.72;17.72;0.39;0.36
2008;8;3;216;25.9;20.7;14.6;18.7;16.3;13.4;1.2;-0.3;0.16;2.7;2.7;0;658;203;88;64;96558;3.77;0.62;0.39;0.36
2008;8;4;217;27.6;21.5;17;18.9;17.4;15.1;0.9;0.7;0.16;2.6;2.7;0;680;197;93;58;96110;3.63;1.62;0.39;0.36
2008;8;5;218;22.9;19;16;16.6;14;11.1;1.5;-1.6;0.16;2.6;2.7;0;588;141;94;49;96377;3.4;7.55;0.39;0.36
2008;8;6;219;23;19;13.2;15;13;10.8;-0.2;-0.1;0.16;2.6;2.7;0;574;187;89;62;96583;3.23;0.17;0.39;0.36
2008;8;7;220;25;20.7;15.3;16.2;14.5;12.7;-0.4;2.4;0.16;2.6;2.7;0;608;192;83;61;96178;3.61;0.02;0.39;0.36
2008;8;8;221;24;19.8;16.6;17.3;15.4;12.9;0.5;0.4;0.16;2.6;2.7;0;564;149;85;49;95758;3.18;20.69;0.38;0.36
2008;8;9;222;19.8;17.1;14;13.4;11.9;10.9;2.2;-2.9;0.16;2.6;2.7;0;550;186;83;58;96105;4.05;3.09;0.4;0.36
2008;8;10;223;22.9;18;13;13.2;12.1;11.1;0.1;0.9;0.16;2.6;2.7;0;469;174;92;61;96212;3.12;0.25;0.39;0.36
2008;8;11;224;24.9;19.8;13.6;15.2;13.8;11.7;0;2.4;0.16;2.6;2.7;0;676;233;104;80;95900;4.05;0;0.39;0.36
2008;8;12;225;27.2;21.6;15.7;16;14.4;11.4;1.2;3.5;0.16;2.6;2.7;0;668;216;93;70;95437;4.25;0;0.38;0.36
2008;8;13;226;21.5;19.4;17;15.6;14.1;13;0.4;-1.6;0.16;2.6;2.7;0;460;117;55;41;96155;2.44;0.18;0.38;0.36
2008;8;14;227;24;20.1;16;18.2;15.2;13.2;0;-0.7;0.16;2.6;2.7;0;550;179;76;52;96398;3.19;0.37;0.38;0.36
2008;8;15;228;26.7;20.3;13.9;19.8;16.6;12;1.2;0.1;0.16;2.6;2.7;0;460;132;65;44;95505;3.15;27.58;0.37;0.36
2008;8;16;229;14.5;13.1;10.9;11.6;9.3;7.3;2.8;-3.4;0.16;2.6;2.7;0;283;83;76;32;95687;2.84;25.93;0.41;0.37
2008;8;17;230;20.5;15;8.8;12.6;9.4;6.6;0.2;0.4;0.15;2.6;2.7;0;686;196;117;73;96140;3.07;0.08;0.4;0.37
2008;8;18;231;22.3;17.3;10.4;13.9;12.3;9.4;0.2;1.3;0.15;2.6;2.7;0;588;198;97;72;96524;3.25;0.22;0.4;0.37
2008;8;19;232;25.6;20.3;14.2;15.7;13.5;12;0.3;2.3;0.15;2.6;2.7;0;667;226;114;87;96357;3.99;0;0.39;0.37
2008;8;20;233;21.9;18.5;15;14.8;13;11.5;1.1;-1.3;0.15;2.6;2.7;0;450;118;73;45;96402;2.37;0.26;0.39;0.37
2008;8;21;234;23;18.9;15.8;15.5;13.6;11.3;0.1;0;0.15;2.6;2.7;0;530;155;78;50;96800;2.78;0.01;0.39;0.37
2008;8;22;235;25.5;20.5;13.8;16.8;15.2;13.1;0.5;1.8;0.15;2.6;2.7;0;611;195;92;65;96283;3.4;0.08;0.38;0.37
2008;8;23;236;19.1;17.3;13.5;14.8;11.6;10.1;1.4;-1.8;0.15;2.5;2.7;0;395;112;71;43;95996;2.66;2.66;0.38;0.37
2008;8;24;237;19;15.2;11.7;10.4;9.2;7.5;2;-2;0.15;2.5;2.7;0;600;155;88;56;96212;3.28;1.39;0.38;0.37
2008;8;25;238;20.5;15.9;10.3;12.8;10.6;8.9;0.2;0.2;0.15;2.5;2.7;0;509;163;97;66;96652;2.57;0.1;0.37;0.37
2008;8;26;239;22.5;18;12.2;15.6;12.5;10.2;0.6;-0.7;0.15;2.5;2.7;0;558;169;93;58;97037;2.82;0.22;0.37;0.37
2008;8;27;240;22.4;18.6;15;16.3;14.3;12.9;0.4;-0.4;0.15;2.5;2.7;0;482;162;86;54;96978;2.63;0.52;0.37;0.37
2008;8;28;241;24;19;14.1;17;15.2;12.9;1.1;-0.3;0.15;2.5;2.7;0;564;168;86;59;96645;2.87;4.08;0.37;0.37
2008;8;29;242;22.7;19.1;16.7;14.8;13.1;11.7;1.8;-2.7;0.15;2.5;2.7;0;498;158;80;56;96498;3.07;0.18;0.37;0.37
2008;8;30;243;19.5;16.7;13;12.9;10.7;7.6;-0.1;-2.5;0.15;2.5;2.7;0;465;145;80;61;96810;2.6;0.45;0.36;0.37
2008;8;31;244;20.7;16.2;11.9;11.5;9.8;7.1;-0.2;1.7;0.15;2.5;2.7;0;592;193;106;77;96800;2.84;0;0.36;0.37
2008;9;1;245;22.3;17.6;12.9;12.1;10.9;8.4;0.2;2.5;0.15;2.5;2.7;0;602;191;102;72;96596;3.04;0;0.36;0.37
2008;9;2;246;23;18.7;13.5;16.9;14.4;12.1;0.3;1.4;0.15;2.5;2.7;0;570;167;94;57;96376;2.7;0.96;0.36;0.37
2008;9;3;247;25.6;20.6;14.5;16.5;14.9;13.4;0.1;1.9;0.15;2.5;2.7;0;613;192;104;77;95945;3.12;0.01;0.35;0.37
2008;9;4;248;25.8;20.9;16.2;16.5;14.4;13.1;1.1;2.5;0.15;2.5;2.7;0;487;157;90;69;95836;3.07;1.18;0.35;0.37
2008;9;5;249;26;21.3;16.8;16.5;14.4;13;1.6;2.9;0.15;2.5;2.7;0;589;182;93;75;95875;3.2;0.01;0.35;0.37
2008;9;6;250;27.5;22.7;17.3;17.7;15.8;14.1;2.1;3.5;0.15;2.5;2.7;0;592;188;98;77;95708;3.36;0;0.34;0.37
2008;9;7;251;24.6;20.5;15.3;17.4;15.7;12.2;0.5;-0.6;0.15;2.5;2.7;0;534;146;78;60;95964;2.82;2.87;0.34;0.37
2008;9;8;252;20.7;16.7;12.7;12.9;11.2;9.9;1.4;-2.2;0.15;2.5;2.7;0;519;142;88;57;96546;3.02;5.24;0.34;0.37
2008;9;9;253;22.1;17;11.1;13;11.6;9.6;0.7;1.2;0.15;2.5;2.7;0;543;153;98;70;96854;2.39;0;0.34;0.37
2008;9;10;254;25.4;19.9;13.8;16.7;14.3;11.3;0.7;1;0.15;2.5;2.7;0;508;166;103;67;96622;2.61;0.39;0.34;0.37
2008;9;11;255;24.5;20.2;15.7;18.7;16.7;14.5;0;-0.1;0.15;2.5;2.7;0;513;152;88;55;96205;2.37;0.58;0.34;0.37
2008;9;12;256;22;18.2;14.7;16.7;14.9;10.9;-0.1;-1.6;0.15;2.5;2.7;0;484;104;66;36;95860;2.31;7.6;0.34;0.37
2008;9;13;257;14.5;12.2;9.4;10.9;4.8;1.6;0;-3.5;0.15;2.5;2.7;0;581;151;122;67;96306;2.76;0.91;0.34;0.37
2008;9;14;258;11.2;9.4;8;7.2;5.1;2.9;-0.5;-1;0.15;2.5;2.7;0;199;48;33;24;96584;1.48;6.56;0.34;0.37
2008;9;15;259;8;7.1;5.8;6.9;5.9;4.5;1.6;-3.6;0.15;2.5;2.7;0;127;33;15;11;96179;2.15;15.19;0.35;0.37
2008;9;16;260;6.6;6;5.4;5.7;4.4;3.6;1.8;-5.4;0.15;2.4;2.7;0;235;58;37;17;96184;3.12;10.6;0.36;0.37
2008;9;17;261;10.3;7.5;5.3;3.7;2.2;1.4;1.2;-4.2;0.15;2.4;2.7;0;324;102;89;55;96743;1.77;0.15;0.36;0.37
2008;9;18;262;11.6;7.8;3.9;4;2.6;1.3;0.8;-2.2;0.14;2.4;2.7;0;434;117;82;66;97048;1.5;0;0.36;0.37
2008;9;19;263;11.6;8.3;3.7;5.2;3.2;2.2;0.9;-3.2;0.14;2.4;2.7;0;422;118;81;58;96957;1.58;0.22;0.36;0.37
2008;9;20;264;9.6;8.3;7.3;5.7;4.6;3.1;1.8;-5.3;0.14;2.3;2.7;0;317;89;58;33;97022;2.26;3.97;0.36;0.37
2008;9;21;265;10.7;8.5;7.1;7;6;4.8;0.6;-3.5;0.14;2.3;2.7;0;324;88;56;31;96626;1.94;4.6;0.36;0.37
2008;9;22;266;12.4;9.1;6.6;8;7;5.5;0.4;-2;0.14;2.3;2.7;0;493;101;85;40;96336;1.67;2.94;0.36;0.37
2008;9;23;267;13.2;9.3;5.5;6.9;5.5;4.5;0.7;-1.6;0.14;2.3;2.7;0;451;117;75;60;96347;1.63;0.49;0.36;0.37
2008;9;24;268;13.7;9.7;5.8;8.5;6.3;3.6;0.9;-1.9;0.14;2.2;2.7;0;485;120;88;53;96601;1.56;1.72;0.36;0.37
2008;9;25;269;12.7;9.7;7.9;10.1;8.1;6.4;0.5;-3;0.14;2.2;2.7;0;387;96;70;33;96927;1.87;10.99;0.36;0.37
2008;9;26;270;11.6;9.2;6.6;6.2;5.4;4.9;0.5;-3.6;0.14;2.2;2.7;0;270;73;55;36;97492;1.54;1.08;0.37;0.37
2008;9;27;271;13.3;9.9;7;7.7;6.3;5;0.5;-1.9;0.14;2.1;2.7;0;400;111;79;58;97570;1.52;0.69;0.37;0.37
2008;9;28;272;13.9;9.6;5.1;7.9;5.9;4;0.6;-0.2;0.14;2.1;2.6;0;411;106;96;59;97193;1.25;0.2;0.37;0.37
2008;9;29;273;16.2;10.4;4.4;8;5.4;3.4;0.9;1.1;0.14;2.1;2.6;0;529;149;120;80;96568;1.8;0;0.37;0.37
2008;9;30;274;16.3;11.4;6.2;8.2;6.9;4.9;0.8;1.1;0.14;2.1;2.6;0;419;115;91;58;96126;1.45;0.2;0.37;0.37
2008;10;1;275;16.4;12.2;8.2;9.4;8.4;7.3;0.6;1.3;0.14;2;2.6;0;402;93;86;51;95723;1.19;0;0.36;0.37
2008;10;2;276;16.7;12.2;7.8;11;9.3;6.7;0.7;-0.1;0.14;2;2.6;0;369;92;76;45;95658;1.32;3.91;0.36;0.37
2008;10;3;277;10.8;9.4;6;8.6;7;3.7;0.4;-1.8;0.14;2;2.6;0;153;32;26;15;95686;1.56;7.3;0.37;0.37
2008;10;4;278;10.9;7.7;5.5;4;2.4;1.5;2.4;-4;0.14;2;2.6;0;335;98;93;59;96071;1.94;1.76;0.37;0.37
2008;10;5;279;13.6;8.1;4;3.6;2.1;1;1.4;-0.4;0.14;1.9;2.6;0;515;145;128;93;96355;1.59;0;0.37;0.37
2008;10;6;280;18.3;11.3;4.1;11.5;6;0.7;0.9;0.3;0.14;1.9;2.6;0;448;104;90;54;96410;1.23;0.05;0.37;0.37
2008;10;7;281;16.2;11.8;8.7;11.1;9.3;7.4;0.9;-0.1;0.14;1.9;2.6;0;303;82;73;46;96644;0.86;1.13;0.37;0.37
2008;10;8;282;16;11.9;8;11.6;10;7.6;0;0.4;0.14;1.9;2.6;0;308;73;58;36;96635;0.88;0.07;0.37;0.37
2008;10;9;283;16.2;12.1;8.2;13.1;10.9;8;0.5;-0.7;0.14;1.8;2.6;0;320;86;64;41;97421;1.11;5.88;0.37;0.37
2008;10;10;284;16.2;12.2;8.3;11.1;9.8;7.7;0.8;-1.8;0.14;1.8;2.6;0;345;92;77;54;98068;1.14;0.23;0.37;0.37
2008;10;11;285;18;11.9;6.3;11.6;9.5;6.3;0.5;1;0.14;1.8;2.6;0;465;121;109;67;97978;1.18;0;0.37;0.37
2008;10;12;286;19.2;12.7;7.3;13.2;9.9;6.8;0.7;0.2;0.14;1.8;2.6;0;459;123;112;72;97604;1.19;0;0.37;0.37
2008;10;13;287;19.2;12.8;7.6;11.8;8.9;5.7;0.6;1;0.14;1.7;2.6;0;461;124;117;78;97185;1.3;0;0.37;0.37
2008;10;14;288;19.2;13.3;8.1;14;10.6;7;0.9;0.4;0.14;1.7;2.6;0;392;95;82;56;96848;1.03;0.59;0.36;0.37
2008;10;15;289;19.1;13.5;9.3;14.4;11.8;9.2;0.7;0.5;0.14;1.7;2.6;0;342;82;85;46;96712;0.82;2.33;0.36;0.37
2008;10;16;290;18.9;14.2;9.8;13.3;10.9;8.8;0.8;0.6;0.14;1.7;2.6;0;342;90;83;53;96011;1.32;1.32;0.36;0.37
2008;10;17;291;12.1;8.8;4.2;7.4;2.8;-0.5;1.6;-2;0.13;1.7;2.6;0;401;95;103;63;96479;1.87;2.7;0.37;0.37
2008;10;18;292;11.7;7.1;2;4;2.1;0.7;0.7;2.3;0.13;1.6;2.6;0;451;118;117;86;96992;1.13;0;0.36;0.37
2008;10;19;293;14.6;8.7;3.7;7.8;5.1;2.1;0.5;0.9;0.13;1.6;2.6;0;400;105;106;76;97139;0.92;0;0.36;0.37
2008;10;20;294;15.7;9.5;3.6;9.2;6.4;2.6;0.6;1.3;0.13;1.6;2.6;0;426;112;115;82;97010;0.94;0;0.36;0.37
2008;10;21;295;15;9.5;4.9;9.8;7.3;4.2;0.5;1.5;0.13;1.6;2.6;0;438;112;118;82;96508;0.84;0;0.36;0.37
2008;10;22;296;15.1;10.1;4.5;10.3;8.1;4;0.5;0.8;0.13;1.6;2.6;0;329;85;79;54;96509;0.71;0.06;0.36;0.37
2008;10;23;297;10.6;7.4;4.3;9.3;3.7;1.4;1.2;-3.7;0.13;1.6;2.6;0;137;42;78;38;97435;0.68;0.2;0.36;0.37
2008;10;24;298;10;6;2.3;4.9;3.4;1.1;0;1.1;0.13;1.6;2.6;0;329;81;81;59;97426;0.59;0;0.36;0.37
2008;10;25;299;10.3;6.4;3.2;5.4;4.1;2.9;0.4;-1.1;0.13;1.6;2.6;0;201;52;67;38;97817;0.47;0;0.36;0.37
2008;10;26;300;11.1;7;3.6;6;4.9;3.2;0.4;1.6;0.13;1.6;2.6;0;281;70;73;50;97357;0.53;0;0.36;0.37
2008;10;27;301;12.9;7.9;3.9;7.4;5.6;3.2;0.4;2;0.13;1.6;2.6;0;360;85;105;59;96084;0.68;0;0.36;0.37
2008;10;28;302;15.9;10.3;4.9;9.9;7.9;4.2;0.6;1.9;0.13;1.5;2.6;0;295;62;72;38;95653;0.55;0.02;0.35;0.37
2008;10;29;303;17.5;13.7;9.7;12.8;10.7;8.4;-0.2;4.2;0.13;1.5;2.6;0;259;60;72;42;95158;0.81;0.47;0.35;0.37
2008;10;30;304;15.7;12.9;7.4;12.3;6.6;1.7;0.9;5.3;0.13;1.5;2.6;0;372;94;112;78;94682;1.61;0.91;0.35;0.37
2008;10;31;305;14.8;11.3;7.4;8;6.2;2.8;0.9;4.4;0.12;1.5;2.6;0;344;83;85;62;95797;0.95;0;0.35;0.37
2008;11;1;306;15.8;12.3;9;11.1;9;6.8;0.2;2.9;0.12;1.5;2.6;0;253;56;75;54;95832;0.53;0.08;0.35;0.37
2008;11;2;307;13.9;10.5;6.3;10.8;9.2;5.9;-0.1;0;0.12;1.5;2.6;0;173;39;67;27;96465;0.36;0.12;0.35;0.37
2008;11;3;308;15.9;12;9.6;10.3;9.6;8.3;0.1;3.5;0.12;1.5;2.6;0;378;81;104;57;96498;0.67;0;0.35;0.37
2008;11;4;309;17.8;13.1;9.8;11.5;9.7;8.4;0.3;2.7;0.12;1.5;2.6;0;349;81;102;62;96698;0.83;0.65;0.35;0.37
2008;11;5;310;15.9;12.6;10.6;11.9;11.1;9.8;-0.1;2.9;0.12;1.5;2.6;0;272;55;77;42;96521;0.6;0.34;0.35;0.37
2008;11;6;311;16.6;12.7;9.6;11.6;10.2;8.2;0.1;2.1;0.12;1.4;2.6;0;322;71;87;51;96443;0.77;0.84;0.35;0.37
2008;11;7;312;14.7;11.9;10.1;11.5;10.9;9.8;-0.8;1.3;0.12;1.4;2.6;0;151;28;35;16;96458;0.59;6.49;0.35;0.37
2008;11;8;313;10.1;9;6.3;9.3;8.5;6.2;-0.3;0.1;0.12;1.4;2.6;0;46;9;68;18;96927;0.29;8.24;0.36;0.37
2008;11;9;314;12.4;8.7;6.2;7.4;6.6;6.1;0.4;1.8;0.12;1.4;2.6;0;231;52;69;39;97413;0.62;0;0.36;0.36
2008;11;10;315;11.8;8.3;5;7.7;6.5;4.8;0.3;2.7;0.12;1.4;2.6;0;307;64;81;51;97457;0.45;0.02;0.36;0.36
2008;11;11;316;9.2;7.5;4;7.2;5.8;3.6;0.2;3.1;0.12;1.4;2.6;0;140;33;67;35;96781;0.26;0.09;0.36;0.36
2008;11;12;317;8.9;6.2;3.2;5.8;4.4;2.5;-0.2;0.3;0.12;1.4;2.6;0;146;32;56;29;96645;0.25;0.11;0.36;0.36
2008;11;13;318;6.8;6.3;6;5.9;5.6;5.3;-0.5;-1.4;0.12;1.4;2.6;0;42;9;7;6;96936;0.45;4.11;0.36;0.36
2008;11;14;319;8;6.7;5.4;5.8;5.1;4.2;0.2;-1.7;0.12;1.4;2.6;0;120;24;49;19;97365;0.44;0.14;0.36;0.36
2008;11;15;320;10.9;6.3;2.1;5.8;4.2;1.7;0.8;0.6;0.11;1.3;2.6;0;262;60;84;56;97451;0.4;0;0.36;0.36
2008;11;16;321;11;5.5;0.2;5.8;3.3;-0.3;0.9;0.1;0.11;1.3;2.6;0;295;70;103;58;97152;0.47;1.41;0.36;0.36
2008;11;17;322;6.8;4.4;1.3;5.2;0.4;-1.8;1.4;-3.5;0.11;1.4;2.6;0;264;61;94;68;97255;0.82;0.5;0.36;0.36
2008;11;18;323;3.9;1;-1.2;-0.5;-1.9;-2.6;0.3;1.9;0.11;1.4;2.6;0;294;64;104;67;96600;0.39;0.01;0.36;0.36
2008;11;19;324;7.9;3.2;-1;1.7;-0.4;-3.6;1.5;0.4;0.11;1.4;2.6;0;232;50;80;51;96302;0.31;0;0.36;0.36
2008;11;20;325;10.3;5.5;0.8;4.1;1.8;-0.9;1.2;1;0.11;1.4;2.6;0;259;55;86;51;95789;0.34;0.21;0.36;0.36
2008;11;21;326;5.7;4.3;0.8;4.7;1.9;-4.2;1.7;-0.5;0.11;1.4;2.6;0.01;107;21;87;39;94599;0.76;10.56;0.36;0.36
2008;11;22;327;0.3;-1;-2.2;-5.5;-6.7;-7.9;3;-2.5;0.12;1.4;2.6;0.74;252;54;95;75;94375;0.53;1.26;0.37;0.36
2008;11;23;328;1;-1.6;-3;-7.2;-8.6;-11.5;2.8;-0.6;0.14;1.4;2.6;1.33;265;54;106;78;94925;0.49;0.25;0.37;0.36
2008;11;24;329;3.7;1.2;-1.4;0.2;-4.5;-11.8;1.1;2.9;0.14;1.4;2.6;1.85;214;33;74;37;94401;0.44;2.68;0.37;0.36
2008;11;25;330;4.1;0.6;-2.6;-0.3;-2.5;-4.1;1;-1.9;0.16;1.4;2.6;2.78;279;54;90;60;95453;0.49;0;0.37;0.36
2008;11;26;331;2.3;-0.2;-2.3;-3.5;-4.5;-5.3;1.2;-1.9;0.16;1.4;2.6;2.7;202;42;74;57;96879;0.36;0.11;0.37;0.36
2008;11;27;332;4.9;0.8;-2.5;-1.7;-4.1;-5.7;0.6;1.7;0.15;1.4;2.6;2.55;157;35;87;48;97000;0.28;0.02;0.37;0.36
2008;11;28;333;2.2;-0.8;-2.1;-3.3;-4.3;-5.7;-0.5;3.1;0.15;1.4;2.6;2.64;276;59;95;67;96064;0.31;2.56;0.37;0.36
2008;11;29;334;3.4;0.5;-1.4;-0.3;-1.4;-3.1;0.2;2.6;0.21;1.4;2.6;5.94;239;47;84;44;94877;0.22;1.74;0.37;0.36
2008;11;30;335;6.4;4.3;0.7;4.6;3;-0.3;1.1;4.6;0.18;1.4;2.6;4.1;114;23;66;37;95119;0.24;0.73;0.37;0.36
2008;12;1;336;8.9;5.5;2.4;6;3.4;1.2;0.3;4;0.14;1.4;2.6;1.67;163;36;83;51;94982;0.68;1.65;0.37;0.36
2008;12;2;337;7;2.9;-1.8;3.3;1.3;-2.5;0.8;0.3;0.13;1.4;2.6;0.87;230;44;76;49;95684;0.2;1.62;0.37;0.36
2008;12;3;338;4.9;2.6;0;2;1;-1;0.5;1.1;0.13;1.4;2.6;0.9;163;32;88;43;95473;0.3;0.83;0.37;0.36
2008;12;4;339;4.6;1.4;-2.2;1.5;-1.3;-4.5;0.3;1.7;0.12;1.4;2.6;0.78;254;52;106;51;95122;0.35;0.42;0.37;0.36
2008;12;5;340;6.7;4.2;0.7;5.5;1.9;-2.6;1.3;2.8;0.12;1.4;2.6;0.58;237;39;86;41;94545;0.4;1.41;0.37;0.36
2008;12;6;341;6.7;2.3;-1.5;3.5;0.8;-2.4;1.1;0.3;0.12;1.4;2.6;0.34;162;33;75;53;95482;0.2;0.62;0.37;0.36
2008;12;7;342;4.4;2.1;-0.8;0.4;-0.9;-2.2;2.2;-2.9;0.12;1.4;2.6;0.36;201;41;83;58;96484;0.64;0.4;0.37;0.36
2008;12;8;343;3.8;1;-2.1;-0.6;-2.1;-3.9;1.7;-1.7;0.12;1.4;2.6;0.44;126;30;78;58;97098;0.28;0.44;0.37;0.36
2008;12;9;344;5.3;-0.4;-3.1;-0.9;-3.4;-4.9;0.7;1.4;0.12;1.4;2.6;0.44;269;57;110;76;96532;0.21;0;0.37;0.36
2008;12;10;345;4;1.1;-2.7;0.6;-2.2;-5.1;0.2;2.6;0.12;1.4;2.6;0.42;123;27;59;35;96034;0.27;0.47;0.37;0.36
2008;12;11;346;4.4;2.9;1.7;3.5;1.8;-0.7;-0.9;1.7;0.12;1.4;2.6;0.45;60;12;16;7;95775;0.22;7.73;0.37;0.36
2008;12;12;347;2.7;1.3;0.5;2.2;0.6;-0.2;0.1;-1.8;0.14;1.4;2.6;2.16;46;10;12;7;96123;0.38;11.53;0.38;0.37
2008;12;13;348;3.4;2.1;0.5;2.7;1.6;-0.2;-0.5;1.4;0.2;1.4;2.6;5.46;69;14;14;6;96013;0.15;3;0.38;0.37
2008;12;14;349;3.3;2.6;1.7;2.7;2.1;1.2;-0.9;3.2;0.17;1.4;2.6;3.71;69;13;11;5;95970;0.2;0.22;0.39;0.37
2008;12;15;350;4.1;3;2.1;3;2.4;1.8;-0.8;2.1;0.15;1.4;2.6;2.35;66;14;13;7;96476;0.12;0.31;0.39;0.37
2008;12;16;351;6.8;4.4;3.1;4.5;3.6;2.5;-0.4;2.7;0.13;1.4;2.6;1.37;138;31;41;16;96377;0.21;0.09;0.39;0.37
2008;12;17;352;5;4.1;3.1;4.7;3.8;0.5;-0.4;0.4;0.12;1.4;2.6;0.74;68;10;6;3;95755;0.28;5.84;0.39;0.37
2008;12;18;353;2.8;1.6;1.1;-0.2;-1.2;-2.5;2.6;-4;0.19;1.4;2.6;6;39;7;18;6;95965;0.98;16.06;0.39;0.37
2008;12;19;354;3.5;2.3;1.3;0.8;-0.6;-1.5;2.9;-2.9;0.33;1.4;2.6;14.13;64;11;64;21;96327;0.69;4.63;0.4;0.37
2008;12;20;355;3.7;2.1;0.3;1.8;-0.8;-3.5;2;-1.3;0.29;1.3;2.6;12.49;111;19;81;41;96787;0.43;5.39;0.4;0.37
2008;12;21;356;3.7;2.6;0.2;1.8;-1.1;-3.9;2;-3;0.25;1.3;2.6;9.95;208;41;102;59;97163;0.72;1.89;0.4;0.37
2008;12;22;357;7.9;5.8;2.7;3.3;2.5;1.6;2.7;-1.9;0.21;1.3;2.6;7.17;112;24;76;26;97251;0.37;1.26;0.41;0.37
2008;12;23;358;5.4;4.1;2.4;1;-1;-2.8;3;-5.1;0.16;1.3;2.6;3.81;199;40;88;61;97306;0.56;0.02;0.41;0.37
2008;12;24;359;4.3;2.6;1.1;1.7;0.2;-1.7;1.2;-1.1;0.15;1.3;2.6;3.13;75;16;75;35;97314;0.24;1.69;0.41;0.37
2008;12;25;360;2.7;-0.5;-3.6;1.4;-3.1;-7.3;0.4;-3.3;0.16;1.3;2.6;3.64;190;30;84;53;97403;0.54;2.16;0.41;0.37
2008;12;26;361;-1.6;-2.8;-3.9;-5.9;-6.4;-6.9;0.5;-3;0.17;1.3;2.6;4.2;111;27;83;53;98158;0.21;0.1;0.41;0.37
2008;12;27;362;-0.8;-2.4;-3.3;-4.4;-5.4;-6.4;-0.6;-1.8;0.17;1.3;2.6;4.54;136;28;54;39;97987;0.11;0.92;0.4;0.37
2008;12;28;363;-2.5;-3.7;-5.3;-5.1;-6.8;-7.8;-0.9;0.2;0.18;1.3;2.6;5.11;153;33;60;44;97949;0.09;0.11;0.4;0.37
2008;12;29;364;-2.1;-4.5;-6.3;-7.4;-7.8;-8.1;-0.6;1.9;0.18;1.3;2.6;5.06;206;41;80;57;98155;0.11;0;0.4;0.37
2008;12;30;365;-1.6;-4.4;-5.8;-7.4;-8.2;-9;-0.3;3;0.18;1.3;2.6;5.03;205;43;91;63;98338;0.11;0;0.4;0.37
2008;12;31;366;-0.2;-4.4;-7;-7.9;-8.9;-9.8;-0.2;3;0.18;1.3;2.6;4.93;243;52;101;81;97590;0.12;0;0.4;0.37
2009;1;1;1;0;-4.3;-7.9;-5.1;-7.5;-9.9;-0.3;-0.6;0.18;1.3;2.6;4.78;228;48;94;57;96991;0.07;0.06;0.39;0.37
2009;1;2;2;-2.2;-3.4;-4.2;-7.2;-7.6;-8.4;0;-1.2;0.18;1.3;2.6;5.01;91;21;72;37;97029;0.05;0.43;0.39;0.38
2009;1;3;3;-2.8;-4.6;-6.6;-6.6;-8.9;-10.7;-0.3;-0.3;0.19;1.3;2.6;5.4;245;49;109;62;97108;0.07;0.3;0.39;0.38
2009;1;4;4;0.5;-4.4;-9.1;-9.6;-10.7;-12.5;1;0.8;0.19;1.2;2.6;5.31;221;46;83;57;96389;0.1;0.15;0.39;0.38
2009;1;5;5;0.5;-2.6;-4.4;-6;-8.3;-10.9;0;0.5;0.19;1.2;2.6;5.28;211;42;87;48;96198;0.07;0.14;0.39;0.38
2009;1;6;6;-3.4;-4.3;-5.2;-5.7;-6.5;-8.1;-1.1;0.8;0.2;1.2;2.6;5.88;100;21;38;20;96643;0.05;1.02;0.39;0.38
2009;1;7;7;-1.6;-4.8;-8.5;-7.3;-8.7;-11.3;0;0.7;0.21;1.2;2.5;6.12;202;45;101;58;96486;0.09;0;0.39;0.38
2009;1;8;8;-3.6;-6;-10.4;-9.2;-10.2;-12;0.3;-1.6;0.2;1.2;2.5;6.02;158;37;99;64;97509;0.12;0.02;0.39;0.38
2009;1;9;9;-1.1;-5.9;-10.3;-11;-11.8;-12.6;0.4;2.3;0.2;1.2;2.5;5.91;260;57;116;84;97598;0.17;0;0.39;0.38
2009;1;10;10;-2;-6.2;-8.6;-8.5;-10.8;-14.4;0.1;0.4;0.2;1.2;2.5;5.72;261;55;110;71;97710;0.08;0;0.39;0.38
2009;1;11;11;0.7;-5.5;-9.3;-9.1;-10.7;-12.5;0;1.8;0.19;1.2;2.5;5.47;264;57;103;71;98009;0.12;0;0.38;0.38
2009;1;12;12;-0.9;-5.5;-8.1;-8.5;-9.5;-10.6;-0.2;2.8;0.19;1.2;2.5;5.31;254;53;101;63;97757;0.12;0;0.38;0.38
2009;1;13;13;-1;-5.8;-8.6;-8.5;-9.9;-11.3;-0.6;1.7;0.19;1.2;2.5;5.16;258;56;94;64;96963;0.1;0;0.38;0.38
2009;1;14;14;-2.8;-4.5;-7;-4.6;-7;-10;-0.3;-0.2;0.27;1.2;2.5;8.51;57;12;28;4;96242;0.11;6.39;0.38;0.38
2009;1;15;15;2.3;-1.4;-4.1;-2.3;-4;-5.6;0.7;-1.6;0.31;1.2;2.5;11.18;156;31;84;32;96623;0.13;0.06;0.38;0.38
2009;1;16;16;1;-2.4;-5.5;-1.4;-4;-6.5;0.6;-1.8;0.29;1.2;2.5;10.73;135;31;65;39;97153;0.04;0.06;0.38;0.38
2009;1;17;17;1.8;-1.7;-4.6;-1.5;-3.5;-6;0.2;1.1;0.28;1.2;2.5;10.09;192;42;87;43;96966;0.05;0;0.38;0.38
2009;1;18;18;3.7;-0.9;-4.6;-0.9;-4.3;-6.9;0.8;1.2;0.26;1.2;2.5;9.17;242;53;100;48;95900;0.2;0.02;0.38;0.38
2009;1;19;19;4.8;0.6;-5.6;1.5;-2.1;-7.2;1.1;2.2;0.24;1.2;2.5;7.84;257;57;100;56;95415;0.02;0.95;0.38;0.38
2009;1;20;20;9.6;5.1;1.1;5.6;3.1;-0.2;0.8;3.4;0.19;1.2;2.5;4.89;230;48;73;48;94826;-0.07;0.05;0.38;0.38
2009;1;21;21;5.1;2.4;0.9;4.2;1.6;0.1;0.3;-0.1;0.15;1.2;2.5;2.95;73;15;46;15;95213;-0.07;11.28;0.39;0.38
2009;1;22;22;4.2;1.3;-1.4;0.1;-0.7;-1.7;0.7;-1.5;0.21;1.1;2.5;6.6;233;48;76;34;95365;0.46;2.88;0.39;0.38
2009;1;23;23;3.6;1.4;-1.2;1.5;0.1;-1.5;0.4;3.5;0.21;1.1;2.5;6.3;190;39;45;24;93986;0.13;8.18;0.39;0.38
2009;1;24;24;6.1;1.3;-1.7;0.1;-1.4;-3.4;0.6;0.9;0.23;1.1;2.5;7.79;282;62;109;56;93786;0.26;0.18;0.4;0.38
2009;1;25;25;3.7;0.5;-1.8;-0.7;-2.1;-3.8;0.9;-1.7;0.22;1.1;2.5;7.11;255;59;98;47;94756;0.34;0.58;0.4;0.38
2009;1;26;26;4.8;1;-1.8;0.5;-1.2;-3.4;0;2.1;0.21;1.1;2.5;6.23;215;42;65;35;95061;0.05;0.09;0.4;0.38
2009;1;27;27;1.8;0.3;-1.3;1.1;-0.3;-1.9;0.4;-2.2;0.22;1.1;2.5;7.14;72;19;42;13;95495;0.23;12.09;0.4;0.38
2009;1;28;28;0.2;-0.4;-1.2;-1.6;-2.1;-3;2.1;-5.1;0.39;1.1;2.5;21.39;64;15;20;10;95761;0.48;13.49;0.4;0.38
2009;1;29;29;-0.7;-1.4;-2.2;-3.1;-3.8;-4.6;1.9;-4.9;0.4;1.1;2.5;31.22;123;29;31;15;96288;0.55;5.93;0.4;0.38
2009;1;30;30;-0.9;-2.3;-3.4;-4.7;-5.5;-6;1.4;-3.7;0.4;1.1;2.5;32.76;167;40;60;42;96753;0.45;0.15;0.4;0.38
2009;1;31;31;-0.4;-2.7;-4.8;-5.1;-6.2;-7.6;0.9;-2.1;0.39;1.1;2.5;32.78;158;37;85;43;96356;0.31;0.47;0.4;0.38
2009;2;1;32;-0.3;-2.3;-6.1;-2.2;-4.5;-7.3;-1.3;1.9;0.39;1.1;2.5;34.03;121;24;41;12;96008;0.24;3.02;0.4;0.38
2009;2;2;33;0.8;-0.2;-1.2;-0.1;-1.2;-2.2;-1;2.6;0.39;1.1;2.5;36.27;90;21;24;11;96066;0.1;4.86;0.39;0.38
2009;2;3;34;3;1.2;-0.2;1.6;0.4;-0.6;-0.3;2.6;0.39;1.1;2.5;39.92;79;20;35;12;95253;-0.12;2.87;0.4;0.38
2009;2;4;35;4.5;2.2;0.9;3.3;1.8;0.5;0;0.7;0.38;1.1;2.5;35.13;75;18;28;9;94711;-0.2;1.01;0.4;0.38
2009;2;5;36;6.4;1.9;-0.6;2.9;1.1;-0.7;0.4;0.6;0.37;1.1;2.5;30.21;170;37;67;24;94966;-0.15;0.03;0.4;0.38
2009;2;6;37;10.2;4.2;-2.7;4.8;2;-3.1;0.7;3;0.34;1.1;2.5;22.17;259;62;97;52;94600;-0.5;0.01;0.41;0.38
2009;2;7;38;10.4;6.9;4.3;6.1;4.9;3.3;0.1;3.8;0.24;1.1;2.5;9.73;225;52;60;35;94006;-0.13;2.12;0.42;0.38
2009;2;8;39;4.7;2.2;0.3;4.5;0.8;-3.8;2.3;-4;0.2;1.1;2.5;6.95;75;14;24;7;94211;0.87;19.15;0.43;0.39
2009;2;9;40;2.8;-0.3;-5;-4;-6.4;-9;1.6;-2.6;0.25;1.1;2.5;10.3;325;78;110;64;95595;0.88;0.25;0.43;0.39
2009;2;10;41;6.9;1.3;-4.1;1.6;-2.4;-8.6;1;2.2;0.24;1.1;2.5;9.43;173;41;59;32;94828;0.34;1.47;0.42;0.39
2009;2;11;42;3.5;0.1;-2.8;-2.1;-4.4;-6.5;2.2;-2.4;0.22;1.1;2.5;8.33;305;68;85;58;95097;0.69;0.2;0.42;0.39
2009;2;12;43;1.6;-1.1;-3.4;-5.3;-6.5;-8.8;1.5;-4.6;0.22;1.1;2.5;8;310;69;100;75;95616;0.6;0.22;0.42;0.4
2009;2;13;44;-1.2;-2.8;-4.2;-8.6;-9.6;-10.7;2.6;-5.1;0.21;1.1;2.5;7.81;302;71;69;56;95830;0.56;0.23;0.41;0.4
2009;2;14;45;0.1;-2.3;-3.6;-7.9;-8.6;-9.7;2.2;-4.8;0.21;1.1;2.5;7.63;343;75;84;65;96123;0.48;0.1;0.41;0.4
2009;2;15;46;-1.3;-3.2;-4.6;-8.2;-9.8;-11.2;2.1;-4.2;0.21;1.1;2.5;7.51;283;70;91;70;96859;0.43;0.29;0.41;0.4
2009;2;16;47;1.4;-1.3;-4.6;-4.2;-7.2;-10.2;1.4;0.1;0.22;1.1;2.5;7.96;127;37;61;29;96538;0.17;1.78;0.4;0.4
2009;2;17;48;2.2;-2.1;-7.3;-0.8;-5.2;-10.8;1.4;-2.3;0.28;1.1;2.5;11.09;185;42;92;39;95879;0.46;4.94;0.4;0.4
2009;2;18;49;-2;-5;-8.1;-7.8;-9.5;-11.8;2.2;-4.9;0.3;1.1;2.5;12.21;317;77;89;72;96594;0.58;0.41;0.4;0.4
2009;2;19;50;-2.9;-4.8;-7.3;-9.6;-10.3;-11.1;1.6;-3.9;0.3;1.1;2.5;11.97;305;76;80;68;96862;0.57;0.09;0.4;0.4
2009;2;20;51;1.6;-1.8;-6.2;-2.8;-6.7;-11.8;1.5;-0.6;0.3;1.1;2.5;12.33;298;57;74;36;97005;0.32;3.54;0.4;0.4
2009;2;21;52;0;-1.4;-5.2;-1.1;-3;-6.8;0.1;-2;0.36;1.1;2.5;17.09;135;35;58;22;97155;0.2;4.63;0.4;0.4
2009;2;22;53;0.8;-2.4;-5.8;-2;-4.5;-7.1;0.4;0.5;0.38;1.1;2.5;20.64;167;37;43;19;96739;0.29;5.58;0.4;0.4
2009;2;23;54;4.3;0.8;-1.9;-0.4;-2;-3.5;1.6;0;0.39;1.1;2.5;23.38;296;64;89;37;95883;0.2;3.21;0.4;0.4
2009;2;24;55;1.3;-0.4;-1.8;-1.2;-2;-3.6;0.6;-2.2;0.38;1.1;2.5;25.28;211;47;58;30;96473;0.28;4.01;0.4;0.4
2009;2;25;56;3.3;-0.9;-4.7;-2.3;-4.3;-5.9;0.7;-1.4;0.38;1.1;2.5;25.15;273;62;68;43;97362;0.38;0.07;0.4;0.4
2009;2;26;57;4.9;0.4;-4.7;-0.2;-3.1;-7.4;1.5;0.3;0.36;1.2;2.5;22.24;231;53;70;35;96672;0.18;0.8;0.4;0.4
2009;2;27;58;6.3;2.3;-2.9;1;-1;-4.5;2.5;-1.4;0.33;1.2;2.5;18.39;350;74;88;43;96137;0.35;2.59;0.4;0.4
2009;2;28;59;8.1;4.2;0.9;4.2;2;0.4;1.2;-0.2;0.28;1.2;2.5;13.1;157;38;48;21;96381;0.03;0.46;0.41;0.4
2009;3;1;60;7.5;3.6;-0.3;3.9;2.1;-0.8;-0.5;0.3;0.24;1.2;2.5;8.84;291;72;41;30;96129;0.16;0;0.41;0.4
2009;3;2;61;6.5;3.4;0.8;3.3;2.3;0.7;-0.3;-0.7;0.2;1.2;2.5;5.98;215;46;30;12;96182;0.12;1.25;0.41;0.4
2009;3;3;62;8.1;4.9;1.8;4.7;3.5;1.6;-0.2;0.6;0.17;1.2;2.5;4.01;250;58;44;10;96236;0.47;2.9;0.42;0.4
2009;3;4;63;9.2;6.4;4.3;5.9;4.4;3.7;-0.6;4.2;0.15;1.2;2.5;1.97;237;61;49;15;95066;0.5;1.21;0.42;0.4
2009;3;5;64;6.5;5.3;4.8;5.8;4.9;4.1;-2;1.1;0.13;1.2;2.5;0.77;105;23;37;10;93522;0.33;11.54;0.42;0.4
2009;3;6;65;5;4;2.7;4.9;2.5;-0.6;1.3;-1.5;0.13;1.2;2.5;0.69;106;22;51;13;93899;0.75;9.73;0.43;0.4
2009;3;7;66;5.3;3.6;2.7;0.8;-0.6;-2.2;4;-5;0.14;1.2;2.5;1.01;278;84;69;40;94869;1.72;3.41;0.43;0.41
2009;3;8;67;7.8;4.3;1.7;-1.1;-2.2;-3.4;2.7;-2.8;0.14;1.2;2.5;0.96;482;130;98;66;95536;1.02;0.02;0.42;0.41
2009;3;9;68;7;3.5;0.7;1.4;-2;-4.2;2.8;-2.3;0.13;1.2;2.5;0.73;279;79;79;48;95408;0.73;0.27;0.42;0.41
2009;3;10;69;8.2;4;0.6;-0.6;-3;-5;1.8;-0.6;0.13;1.3;2.5;0.58;405;125;105;72;95991;1.05;0.14;0.41;0.41
2009;3;11;70;6.3;3.5;1.1;1.5;-1.1;-4.3;2.4;-2.4;0.13;1.3;2.5;0.53;479;120;96;57;95926;1.29;2.53;0.41;0.41
2009;3;12;71;6.9;3.5;0.9;-1;-2.5;-3.7;2.5;-2.3;0.13;1.3;2.5;0.47;447;129;97;65;96635;1.31;2.86;0.41;0.41
2009;3;13;72;8.4;4.8;1.3;2.3;0.9;-0.5;2.6;-3;0.15;1.3;2.6;1.91;515;129;100;57;96260;1.56;4.83;0.41;0.41
2009;3;14;73;8.8;5;1.6;2.3;1.3;0.3;-0.1;-0.3;0.14;1.3;2.6;1.04;288;90;86;49;96747;0.72;0.17;0.41;0.41
2009;3;15;74;9.8;5.5;0.7;5.9;2.2;-0.4;1.6;-1.1;0.14;1.3;2.6;0.58;361;91;82;50;96804;1.17;2.71;0.41;0.41
2009;3;16;75;8.8;5.5;1.3;3.3;1.6;-1.3;1.2;-3.5;0.13;1.3;2.6;0.24;439;109;87;63;97456;1.33;1.56;0.41;0.41
2009;3;17;76;8.8;4.8;-0.8;3.4;0.8;-2.4;1.6;-2;0.13;1.3;2.6;0.12;314;85;75;52;97403;0.93;1.02;0.41;0.41
2009;3;18;77;7;3.7;1.2;-0.2;-4.2;-8.5;2.6;-4.8;0.13;1.4;2.6;0.26;508;139;96;64;97016;1.94;2.88;0.4;0.41
2009;3;19;78;2.8;0.8;-2.1;-0.2;-2.3;-5.2;0.8;-2.6;0.18;1.4;2.6;4;314;72;86;45;96667;1.07;6.77;0.4;0.41
2009;3;20;79;3.1;-0.6;-3.6;-5.1;-5.7;-6.2;0.3;-4.5;0.22;1.4;2.6;6.05;434;128;93;74;97091;1.2;1.34;0.4;0.41
2009;3;21;80;3.2;-0.5;-3.4;-5.2;-6.2;-7.4;0.6;-3.9;0.22;1.4;2.6;6.04;472;128;86;70;97119;1.11;0.14;0.4;0.41
2009;3;22;81;8.6;3.5;-2.3;-1.9;-5.1;-8.6;3;-3.2;0.2;1.4;2.6;5;526;158;116;84;96424;1.6;0;0.4;0.41
2009;3;23;82;9.3;6;3;0.4;-0.7;-2.4;3.6;-1.4;0.18;1.5;2.6;3.18;457;123;82;59;95556;1.2;0.13;0.4;0.41
2009;3;24;83;5.7;3;-0.1;1.1;-3.5;-6.5;3;-2.3;0.16;1.5;2.6;2.41;370;106;92;62;94694;1.54;2.79;0.4;0.41
2009;3;25;84;4;0.6;-3.2;-5;-7.8;-10.2;1.3;-1.7;0.17;1.5;2.6;2.87;380;120;94;62;95346;1.19;0.52;0.39;0.41
2009;3;26;85;7.2;2.9;-1;0.5;-1.7;-4.8;1.3;0.2;0.17;1.5;2.6;2.96;494;121;95;55;95471;1.25;2.09;0.39;0.41
2009;3;27;86;11.1;6.2;1.5;3.2;1.6;-1.1;1;1.9;0.16;1.5;2.6;1.84;454;127;87;54;95448;1.24;0.59;0.39;0.41
2009;3;28;87;14.7;8.7;1.9;5.2;2.7;0.1;2.5;4.3;0.15;1.6;2.6;0.78;504;157;102;64;95244;1.69;0.17;0.39;0.41
2009;3;29;88;9.7;7.3;3.2;8.1;5.8;2.4;0.3;0.2;0.14;1.6;2.6;0.22;130;30;22;11;95419;0.79;17.87;0.39;0.41
2009;3;30;89;7.7;4.8;3;3.1;2.3;1.6;1.4;-3.1;0.14;1.6;2.6;0.53;231;67;72;26;96275;1.24;4.26;0.41;0.41
2009;3;31;90;8.9;5.9;1.5;5.4;3.1;0.4;0.1;-1.6;0.14;1.6;2.6;0.31;446;109;69;42;96897;0.86;0.24;0.4;0.41
2009;4;1;91;12.8;9.6;6.2;9.4;7.4;5;-0.3;1.1;0.14;1.6;2.6;0.12;286;74;25;10;96620;0.74;0.45;0.4;0.41
2009;4;2;92;15;11;6.7;8.1;4.8;2.5;-1.1;-0.3;0.14;1.7;2.6;0.02;594;176;121;70;96832;1.94;0.01;0.4;0.41
2009;4;3;93;16.6;11.7;6.6;9.9;6.6;2;-0.4;1.3;0.14;1.7;2.6;0;620;159;107;61;96785;1.54;0.02;0.4;0.41
2009;4;4;94;18.9;12.6;5.2;10.1;6.4;4.4;0.3;0.7;0.14;1.7;2.6;0;594;194;120;79;96645;2.17;0;0.39;0.41
2009;4;5;95;18.7;12.4;5;9.8;6.2;3.3;0.5;-1;0.14;1.7;2.6;0;641;195;121;81;96698;2.3;0.08;0.39;0.41
2009;4;6;96;18.6;12.9;5.2;9.9;6.9;4.3;0.1;-0.2;0.14;1.7;2.6;0;585;187;119;79;96452;2.13;0.11;0.39;0.41
2009;4;7;97;19.6;13.3;5.5;8.4;4.9;3.3;0.4;1.7;0.14;1.8;2.6;0;643;201;126;85;96114;2.56;0.03;0.38;0.41
2009;4;8;98;20.1;13.9;6.5;10.6;6.4;3.4;0.5;0.4;0.14;1.8;2.6;0;642;202;132;86;96239;2.44;0.22;0.38;0.41
2009;4;9;99;19;13.9;6.7;11.2;7.7;4.6;0.5;-0.7;0.15;1.8;2.6;0;637;198;114;72;96498;2.41;3.89;0.38;0.41
2009;4;10;100;20.3;14.9;9.3;9;5;3;0.3;2.4;0.15;1.8;2.6;0;659;215;130;92;96098;3.01;0;0.38;0.41
2009;4;11;101;20.4;14.7;8.3;4.9;3.2;1.8;1.1;3;0.15;1.8;2.6;0;674;226;132;101;95850;3.23;0;0.37;0.41
2009;4;12;102;20.9;14.8;9;6.5;3.9;1.5;0.9;2.1;0.15;1.9;2.6;0;680;223;138;102;95771;3.14;0;0.37;0.41
2009;4;13;103;18;13.3;8.6;9.5;6.2;3.3;-0.5;-0.3;0.15;1.9;2.6;0;669;217;126;88;95672;2.46;0.05;0.36;0.41
2009;4;14;104;17.4;12.1;6.5;8.2;5.9;4.4;0.5;-1.9;0.15;1.9;2.6;0;664;220;128;89;95680;2.51;0.01;0.36;0.41
2009;4;15;105;19.4;13.1;4.9;7.5;5.2;3.1;0;1.1;0.15;1.9;2.6;0;669;225;136;94;96017;2.78;0.02;0.36;0.41
2009;4;16;106;20;14.1;6.6;8;5.7;4.4;0.3;3.5;0.15;2;2.6;0;655;211;112;85;95794;2.86;0.04;0.35;0.41
2009;4;17;107;15.9;11.9;5.9;7.3;5;3.1;1.4;1.7;0.15;2;2.6;0;526;176;98;81;95547;2.44;4.22;0.35;0.41
2009;4;18;108;15.5;10.1;3;8.5;6.6;2.4;0.2;-0.1;0.15;2;2.6;0;631;205;115;80;96095;2.66;4.63;0.35;0.4
2009;4;19;109;17;12.1;5.1;8.6;6.3;4.1;-0.5;-0.9;0.15;2.1;2.7;0;639;196;112;70;96755;2.62;0.84;0.35;0.4
2009;4;20;110;18;13.5;9.2;10.5;8.4;7.1;-0.7;-0.6;0.15;2.1;2.7;0;607;191;101;62;96843;2.67;2.08;0.35;0.4
2009;4;21;111;17.6;12.8;8.3;6.6;4.1;1.6;0.2;-2.8;0.15;2.1;2.7;0;692;225;128;90;96659;3.04;0;0.35;0.4
2009;4;22;112;17.4;12.5;6.8;6.1;3.7;1.4;0.6;-1.9;0.15;2.2;2.7;0;706;238;131;94;96419;3.08;0.26;0.35;0.4
2009;4;23;113;11.3;9.3;7.2;5.4;2.5;0;0.8;-2.8;0.15;2.2;2.7;0;397;118;71;48;96568;1.76;1.25;0.34;0.4
2009;4;24;114;15.2;10.7;5.5;7;5.3;2.9;0;-0.5;0.16;2.2;2.7;0;553;174;99;68;96825;2.31;0.62;0.34;0.4
2009;4;25;115;17.6;12.3;5.1;6.6;5;2.5;-0.2;2.4;0.16;2.3;2.7;0;639;191;110;72;96676;2.54;0;0.34;0.4
2009;4;26;116;18.1;13.4;8.7;5.3;3.6;1.5;-1.4;4.3;0.16;2.3;2.7;0;666;208;104;77;96552;2.99;0;0.34;0.4
2009;4;27;117;17.6;13.4;8.5;8.3;5;1.3;-1;4.4;0.16;2.3;2.7;0;663;209;98;66;96054;2.76;0.1;0.33;0.4
2009;4;28;118;17.1;13.1;9.4;6.8;5.4;2;-1.6;3.2;0.16;2.4;2.7;0;597;212;99;79;95620;3.04;1.4;0.33;0.4
2009;4;29;119;15.5;11;7.9;11;8.1;5.8;-0.6;1;0.16;2.4;2.7;0;466;124;70;38;95608;2.42;12.51;0.33;0.4
2009;4;30;120;16.4;11.6;6.9;7.5;6.5;4.8;2.5;-3.2;0.16;2.4;2.7;0;699;221;113;72;95952;3.24;1.68;0.34;0.4
2009;5;1;121;18.7;13.7;9.8;11.1;7.8;4;2.3;-3.7;0.16;2.5;2.7;0;703;212;110;82;96304;3.19;4.11;0.34;0.4
2009;5;2;122;14.3;11.6;8;4.4;2.6;0.7;0.2;-4.3;0.16;2.5;2.7;0;518;191;99;78;96860;3.04;0.83;0.34;0.4
2009;5;3;123;17.4;13;8.3;7.2;5.6;4.1;0.5;-1.6;0.16;2.6;2.7;0;650;233;113;80;96946;3.31;0.38;0.33;0.4
2009;5;4;124;17.7;11;6.6;8.8;6.1;2.7;1.6;-2.4;0.16;2.6;2.7;0;641;185;106;66;96564;3.33;9.14;0.33;0.4
2009;5;5;125;13.6;10.1;6.5;3.1;1.8;0.9;1.8;-3.5;0.16;2.6;2.7;0;556;186;94;73;96735;2.78;0;0.34;0.4
2009;5;6;126;13.7;11.1;7.4;7.4;6.1;2.7;1.9;-0.3;0.16;2.7;2.7;0;254;76;46;26;96500;1.6;1.77;0.34;0.4
2009;5;7;127;17.3;13.4;9.6;9.6;7.6;6.3;0.7;-1.1;0.16;2.7;2.7;0;451;148;78;52;96705;2.37;0.17;0.33;0.4
2009;5;8;128;21.9;15.6;9;12.8;10;6.7;0.4;2;0.16;2.7;2.7;0;669;226;106;72;96586;3.3;0.27;0.33;0.4
2009;5;9;129;20.3;16.6;11.5;11.8;10.6;8.7;0.4;-0.7;0.16;2.8;2.7;0;614;204;105;69;96834;3.41;1.53;0.33;0.4
2009;5;10;130;23.5;17.8;11.7;14.4;11.7;9.8;0.5;0;0.16;2.8;2.7;0;700;219;112;75;96615;3.48;0.83;0.33;0.4
2009;5;11;131;23.7;18.6;14;15;12.6;9.4;0.8;-0.3;0.17;2.8;2.8;0;621;205;96;68;96325;3.34;2.02;0.32;0.39
2009;5;12;132;14.4;13;11.5;12.8;10.4;7.3;0.5;-2.6;0.17;2.9;2.8;0;337;104;61;39;96652;2.01;3.35;0.32;0.39
2009;5;13;133;13.1;11.4;10.1;9.2;7.5;4.3;-0.6;-0.2;0.17;2.9;2.8;0;296;76;34;21;96697;1.59;2.49;0.32;0.39
2009;5;14;134;11.6;10.3;9;10.6;9.6;8.6;-1.5;0.9;0.17;2.9;2.8;0;124;34;13;6;96180;1.02;8.32;0.33;0.39
2009;5;15;135;19.6;14;9;12.3;10.5;8.6;-0.3;2.3;0.17;3;2.8;0;511;138;78;37;95888;2.38;0.14;0.33;0.39
2009;5;16;136;18.2;15.1;11.6;12;10.8;10;1;-1.1;0.17;3;2.8;0;450;162;71;54;96262;2.48;0.67;0.33;0.39
2009;5;17;137;21.9;17;11.4;13.1;11.6;9.2;0.1;2;0.17;3;2.8;0;545;196;100;59;96636;3.19;0.01;0.33;0.39
2009;5;18;138;23.4;18.5;13.3;15.2;14;12.4;0.2;-0.7;0.17;3;2.8;0;618;214;91;65;96558;3.45;8.59;0.32;0.39
2009;5;19;139;21.3;17.3;13.5;13.9;12.9;11.7;0.6;-2.4;0.17;3;2.8;0;581;193;71;54;96848;3.59;2.19;0.33;0.39
2009;5;20;140;21.7;17.2;12.5;12.7;10.7;9.5;0.2;-1.6;0.17;3;2.8;0;686;251;114;84;97027;4.06;0;0.33;0.39
2009;5;21;141;24.8;19;10.8;14.3;12;8.6;0.5;2.3;0.17;3;2.8;0;702;248;110;77;96542;4.17;0.25;0.32;0.39
2009;5;22;142;23.5;18.5;13.9;15.3;13.8;12.1;1;-0.2;0.17;3;2.8;0;571;189;90;67;96301;3.27;8.19;0.32;0.39
2009;5;23;143;20.4;16.3;12.7;12.7;10.8;7.6;-0.1;-1.5;0.17;3;2.8;0;415;160;87;60;96783;2.9;0.17;0.32;0.39
2009;5;24;144;23;17.6;12.1;16.5;12.4;7.1;0.6;0.8;0.17;3;2.8;0;609;192;85;52;96744;3.26;2.05;0.32;0.39
2009;5;25;145;24.6;20.3;14;16.6;14.2;12.5;0.5;-0.9;0.17;3;2.8;0;667;225;96;67;96678;3.96;1.28;0.32;0.39
2009;5;26;146;25.7;20.7;15.7;16.5;13.5;10.4;-0.4;2.3;0.17;3;2.8;0;590;199;76;52;96270;3.73;0.34;0.32;0.39
2009;5;27;147;17.6;16;12.9;14.8;9.1;3.8;1.9;-3.9;0.17;3;2.8;0;476;146;66;50;96760;3.35;1.77;0.32;0.39
2009;5;28;148;17.1;13.9;9.7;8.4;5.8;3.9;1.9;-3.2;0.17;3;2.8;0;546;172;92;60;97111;3.37;3.25;0.31;0.39
2009;5;29;149;14.1;9.6;6.6;6;3.9;1.4;2.6;-3.8;0.17;3;2.8;0;707;206;109;72;96934;3.67;2.84;0.31;0.39
2009;5;30;150;10.7;7.7;5.4;6.3;4.8;3.2;0.8;-1;0.17;3;2.8;0;279;82;87;47;96837;1.63;10.54;0.32;0.39
2009;5;31;151;15.9;11.2;4.3;8.7;5.6;2.9;1.1;-1.2;0.17;3;2.8;0;578;191;99;61;96734;2.8;3.12;0.32;0.39
2009;6;1;152;15.4;12.4;9.7;11.6;8.3;6.2;0.5;-2;0.17;3;2.8;0;619;177;91;53;96419;2.93;2.81;0.32;0.39
2009;6;2;153;18;13.8;8.6;11.5;8.9;5.5;1.1;-2.8;0.17;3;2.8;0;672;218;95;70;96028;3.22;1.1;0.32;0.39
2009;6;3;154;19.5;15.5;10.3;10;5.9;1.9;2.2;-2.7;0.17;3;2.8;0;702;258;123;88;95741;4.47;0.01;0.32;0.39
2009;6;4;155;16;12.2;9.1;9.8;7.3;3.9;0.4;-0.1;0.17;3;2.8;0;552;170;102;60;95970;2.63;3.19;0.32;0.38
2009;6;5;156;16.2;13.1;7.8;11.4;8.9;6.8;-0.3;0.8;0.17;3;2.8;0;412;151;74;45;95812;2.45;0.59;0.32;0.38
2009;6;6;157;23.1;18;12.3;13.8;12.6;11.5;1.3;3.4;0.17;3;2.8;0;593;196;83;56;95083;3.68;2.01;0.32;0.38
2009;6;7;158;19.1;15.2;11.5;14.2;11.6;9.7;0.1;0.2;0.17;3;2.8;0;440;152;71;52;95521;2.69;7.82;0.32;0.38
2009;6;8;159;20.9;16.3;9.4;12.8;10.8;8.2;-0.1;1;0.17;3;2.8;0;643;220;100;73;96072;3.66;0.23;0.32;0.38
2009;6;9;160;24.6;19.5;14.1;14.6;12.2;11.4;1.3;2.8;0.17;3;2.8;0;723;258;105;79;95998;4.48;0.03;0.31;0.38
2009;6;10;161;20.5;16.9;12.5;13.3;12.1;11;0.9;-1.3;0.17;3;2.8;0;505;166;66;54;96472;2.89;0.97;0.31;0.38
2009;6;11;162;22.2;16.2;10.7;13.7;10.9;6.6;1.7;-0.4;0.17;3;2.8;0;550;188;87;68;96287;3.31;1.68;0.31;0.38
2009;6;12;163;18.1;14.7;11.4;6.8;5.4;3.4;2.5;-2.2;0.17;3;2.8;0;686;250;116;88;96621;4.02;0.48;0.31;0.38
2009;6;13;164;20.3;15.2;9.6;8.3;6.2;3.4;2.1;-1.2;0.17;3;2.8;0;731;259;131;87;96794;4.13;0.26;0.3;0.38
2009;6;14;165;25.3;18.7;9.7;13.5;10.3;7;0.9;0.4;0.17;3;2.8;0;722;246;114;78;96815;3.94;0;0.3;0.38
2009;6;15;166;25.7;20.6;17;17;15.3;13.6;0.6;1;0.17;3;2.8;0;670;146;85;44;96552;2.61;1.36;0.3;0.38
2009;6;16;167;22;18.4;14.2;15.4;13.6;11.7;1.8;-1.3;0.17;3;2.8;0;489;128;66;37;96622;3.15;7.89;0.3;0.38
2009;6;17;168;19.9;16.4;11.1;12.8;10.7;9.6;0.1;-0.3;0.17;3;2.8;0;481;173;91;65;97174;3.04;0.46;0.3;0.38
2009;6;18;169;27.4;20.7;13;16.2;12.2;9.5;1.1;1.7;0.17;3;2.8;0;724;262;115;83;96748;4.34;0;0.3;0.38
2009;6;19;170;28;21.1;14.8;16.3;13.8;11.8;1.3;-0.8;0.17;3;2.8;0;681;228;116;71;96353;4.32;4.64;0.29;0.38
2009;6;20;171;14.2;12.8;11.5;11.9;10.7;9.4;0.9;-3.4;0.17;3;2.8;0;191;52;56;29;96569;2.56;17.59;0.31;0.38
2009;6;21;172;17.4;14.2;10.3;9.2;7.1;5;0.3;-4;0.17;3;2.8;0;654;213;88;70;96434;3.6;0.03;0.31;0.38
2009;6;22;173;12.4;11.7;10.6;10.5;9.3;7.6;2;-5.1;0.17;3;2.8;0;189;62;65;25;96074;2.45;21.7;0.31;0.38
2009;6;23;174;14.3;12.7;10.7;13.3;11.6;9.8;2.6;-3.6;0.17;3;2.8;0;278;53;13;5;95803;2.17;32.35;0.34;0.38
2009;6;24;175;18.2;15.2;13.1;15.8;14.1;12.1;1.1;-2.2;0.16;3;2.8;0;325;74;38;10;95727;2.09;39.69;0.37;0.38
2009;6;25;176;20.9;17.2;13.8;16.1;14.3;12.6;1.1;-2.4;0.16;2.9;2.8;0;557;193;88;47;95763;3.29;0.73;0.38;0.38
2009;6;26;177;21.2;17.5;14.6;17.2;15;13;1;-2.1;0.16;2.9;2.8;0;530;176;69;46;95723;3.07;13.69;0.38;0.38
2009;6;27;178;22.6;18.5;14.2;18;15.9;13.8;0.2;-1.8;0.16;2.9;2.8;0;533;184;72;42;95901;3.32;1.83;0.39;0.38
2009;6;28;179;20.5;17.4;15.3;17.5;15.8;14.1;0.9;-2.2;0.16;2.9;2.8;0;405;99;49;32;96071;2.04;12.07;0.39;0.38
2009;6;29;180;22.1;18.4;14.7;17.6;15.9;13.9;0.5;-2.1;0.16;2.9;2.8;0;530;184;75;45;96385;3.48;4.92;0.4;0.38
2009;6;30;181;24.4;20.3;15.8;18.1;16.3;14.6;0.7;-2.5;0.16;2.9;2.8;0;686;245;90;62;96584;4.28;0.55;0.39;0.38
2009;7;1;182;24.7;20.9;17.3;18.8;17.3;15.7;0.4;-2;0.16;2.9;2.8;0;664;224;81;54;96693;4.28;4.89;0.39;0.38
2009;7;2;183;25.2;21.1;17.3;18.7;17;15.8;0.1;-1.3;0.16;2.9;2.8;0;677;238;92;63;96484;4.41;3.25;0.39;0.38
2009;7;3;184;24;20.4;16.3;17.5;16.5;15.4;1;-1.7;0.16;2.9;2.8;0;600;197;83;55;96132;3.8;1.87;0.39;0.38
2009;7;4;185;24;20.8;17.3;17.4;15.6;14.7;1.5;-2.1;0.16;2.9;2.7;0;621;214;81;61;95925;4.11;0.43;0.39;0.38
2009;7;5;186;23.7;20.1;16.6;17.2;16.1;14.8;1.1;-1.5;0.16;2.9;2.7;0;563;190;78;58;95830;3.64;5.68;0.38;0.38
2009;7;6;187;24.5;19.1;15;17.6;16;13.8;0.6;0;0.16;2.8;2.7;0;623;171;91;52;95752;3.25;12.4;0.38;0.38
2009;7;7;188;24;19.1;13.5;16.3;14.4;13;0.8;0.7;0.16;2.8;2.7;0;625;206;94;52;95729;4.21;4.48;0.39;0.38
2009;7;8;189;21;17.1;13.3;11.7;9.8;8.6;2;-1;0.16;2.8;2.7;0;505;172;105;58;95881;3.88;0.14;0.39;0.38
2009;7;9;190;20.3;15.9;11.5;13.7;11.4;9.1;0.7;0.2;0.16;2.8;2.7;0;602;219;107;74;96298;3.76;10.43;0.39;0.38
2009;7;10;191;17.7;14.3;10.9;12.4;10.3;7.2;0.6;-0.3;0.16;2.8;2.7;0;419;111;85;52;96319;2.2;6.27;0.39;0.38
2009;7;11;192;18.8;15.3;11.2;10.6;8.6;6.8;1.1;-2;0.16;2.8;2.7;0;575;209;89;73;96465;3.59;0.22;0.39;0.38
2009;7;12;193;22;17.1;10.1;14;10;7.7;0.5;0;0.16;2.8;2.7;0;575;215;100;69;96422;3.69;0.01;0.39;0.38
2009;7;13;194;24.8;19.9;14.4;18;14.8;11.8;0.6;0.3;0.16;2.8;2.7;0;614;197;84;52;96398;3.48;0.98;0.38;0.38
2009;7;14;195;28.1;22.9;15.2;20.8;18.2;14.7;0.4;1.1;0.16;2.8;2.7;0;709;238;91;57;96382;4.32;0.58;0.38;0.38
2009;7;15;196;28.4;22.6;18.8;20.5;19;17.6;0.4;0;0.16;2.8;2.7;0;692;223;90;54;96646;4.13;14.31;0.38;0.38
2009;7;16;197;26.4;22.4;18.5;17.9;16.7;15.8;0.7;-2.3;0.16;2.8;2.7;0;716;249;97;69;96939;4.9;0;0.39;0.38
2009;7;17;198;28.4;23.8;17.8;17.4;16.2;14.5;0;2.2;0.16;2.8;2.7;0;718;260;103;75;96196;5;0;0.38;0.38
2009;7;18;199;21.7;15.6;12.2;16.4;11.1;7.4;2.4;-2.2;0.16;2.8;2.7;0;300;91;72;40;95695;3.47;20.35;0.39;0.38
2009;7;19;200;20.8;16.7;12.7;12.9;9.1;6.8;2.1;-1.5;0.16;2.7;2.7;0;668;214;105;77;96505;3.84;0.05;0.39;0.38
2009;7;20;201;22;17.3;10.9;15.6;12.3;9.2;0.8;0.6;0.16;2.7;2.7;0;550;208;89;66;96843;3.43;2.5;0.39;0.38
2009;7;21;202;26.4;20.5;13.1;17.1;14.9;12.2;1.1;1.6;0.16;2.7;2.7;0;685;241;99;73;96637;4.44;0.36;0.38;0.38
2009;7;22;203;28.9;23.3;16.2;18.4;16.8;13.4;0.9;2.3;0.16;2.7;2.7;0;718;260;108;82;96178;4.83;0;0.38;0.38
2009;7;23;204;30.6;25;17.4;19.6;17.3;13.2;1.5;2;0.16;2.7;2.7;0;713;258;105;79;95854;5.14;0;0.37;0.38
2009;7;24;205;26.1;22.4;16.7;16.3;14.5;13;0.4;-1.1;0.16;2.7;2.7;0;660;182;104;55;96363;4.16;14.03;0.37;0.38
2009;7;25;206;20.6;17.6;15.3;13.4;10.7;8.2;2.5;-3;0.16;2.7;2.7;0;634;203;104;65;96722;4.59;7.84;0.38;0.38
2009;7;26;207;20.8;17.4;13.6;13.4;10.3;8.2;1;-1.4;0.16;2.7;2.7;0;525;196;83;72;97022;3.62;0.55;0.38;0.38
2009;7;27;208;24.6;19.4;12.3;14.5;12.4;10.2;0.6;2.6;0.16;2.7;2.7;0;712;256;112;83;96620;4.42;0;0.38;0.38
2009;7;28;209;23.1;19.7;15.2;15.1;13.6;10.9;1.3;-1.9;0.16;2.7;2.7;0;657;210;87;68;96678;3.74;0.3;0.37;0.38
2009;7;29;210;24.2;20.1;15.4;15.7;14.1;13.2;0;-1.2;0.16;2.7;2.7;0;682;248;106;79;96910;4.13;0.02;0.37;0.38
2009;7;30;211;28.3;22.3;16.2;17.3;14.8;12.2;1.2;-0.6;0.16;2.7;2.7;0;700;220;104;66;96684;4.21;0.38;0.36;0.38
2009;7;31;212;22.6;19.9;16.7;13.5;12.8;11.9;0.9;-2.5;0.16;2.7;2.7;0;560;192;83;61;96936;3.78;0.22;0.36;0.38
2009;8;1;213;27.1;21.7;15.2;17.3;14.8;11.9;0.4;1.1;0.16;2.7;2.7;0;683;244;101;70;96519;4.24;0.02;0.36;0.38
2009;8;2;214;29.7;24.3;19.3;18.6;15.7;14.3;1.2;2.3;0.16;2.7;2.7;0;710;238;103;75;95974;4.67;0.16;0.35;0.38
2009;8;3;215;25.2;20.9;17.3;17;15.1;13.4;0.3;-1.1;0.16;2.7;2.7;0;644;192;90;61;96225;3.57;14.71;0.35;0.38
2009;8;4;216;18;17.1;15.9;17.2;16.1;14;1.3;-3.6;0.16;2.6;2.7;0;166;50;28;13;96262;2.39;55.42;0.38;0.38
2009;8;5;217;21.8;18.8;15.9;15.5;14.5;13.7;1.3;-4.4;0.16;2.6;2.7;0;399;155;61;38;96668;3.26;0.45;0.4;0.38
2009;8;6;218;22;19.4;16.5;15;14.3;13.6;0.8;-4.1;0.16;2.6;2.7;0;569;197;79;57;96692;3.52;0.23;0.39;0.38
2009;8;7;219;23.6;19.8;16.2;16.5;15.2;13.3;0.3;-2;0.16;2.6;2.7;0;585;206;83;64;96629;3.64;0.54;0.39;0.38
2009;8;8;220;23.6;19.5;15;17.1;15.6;13.6;-0.4;0.3;0.16;2.6;2.7;0;590;190;87;57;96583;3.23;3.37;0.39;0.38
2009;8;9;221;20.7;18.4;15.9;15.8;15.3;14.4;-0.7;0.8;0.16;2.6;2.7;0;356;107;65;42;96619;2.17;1.49;0.39;0.38
2009;8;10;222;25;19.9;15.1;16.6;15.3;13.1;0.5;1.7;0.16;2.6;2.7;0;635;209;91;56;96445;3.74;16.09;0.39;0.38
2009;8;11;223;22.7;19.4;16.1;16.3;14.6;12.5;1.7;-1.8;0.16;2.6;2.7;0;642;178;92;53;96457;3.48;3.21;0.4;0.38
2009;8;12;224;23.3;19.6;16.1;15.3;13.9;12.7;1.4;-1.1;0.16;2.6;2.7;0;522;179;85;62;96649;3.31;0.21;0.39;0.38
2009;8;13;225;23.3;19.7;15.8;16.5;15.2;13.9;1.2;-0.4;0.16;2.6;2.7;0;444;149;74;48;96376;2.79;1.31;0.39;0.38
2009;8;14;226;20.1;17.9;14.3;15.9;14.8;13.2;0.3;-0.8;0.16;2.6;2.7;0;411;121;69;40;96609;2.37;5;0.39;0.38
2009;8;15;227;24.1;19.3;13.2;16.4;14.7;12.5;0.2;1.3;0.16;2.6;2.7;0;544;199;92;67;96814;3.38;0.29;0.39;0.38
2009;8;16;228;26;21.7;16.1;18.9;16.8;13.9;0.6;1.4;0.16;2.6;2.7;0;614;191;92;64;96647;3.4;0.38;0.39;0.38
2009;8;17;229;28.3;23;16.9;18.5;16;13;0.9;0.3;0.15;2.6;2.7;0;600;206;101;73;96443;3.8;0.02;0.38;0.38
2009;8;18;230;25.3;21.5;17.8;16.6;15.5;13.6;1;-2;0.15;2.6;2.7;0;621;197;89;65;96723;3.71;0.03;0.38;0.38
2009;8;19;231;24.8;20.4;15.2;16.2;14.2;12.7;-0.2;-0.3;0.15;2.6;2.7;0;596;192;95;68;97218;3.33;0.01;0.37;0.38
2009;8;20;232;25.5;21.2;17.7;16.9;15.2;13.5;-0.2;1.2;0.15;2.6;2.7;0;565;187;93;66;97210;3.2;0;0.37;0.38
2009;8;21;233;27.6;22.6;17.4;18.7;16.9;13.9;0.4;1.6;0.15;2.6;2.7;0;603;207;95;66;96748;3.71;0;0.37;0.38
2009;8;22;234;21.9;19.4;15.5;17.6;16.4;14.1;1.2;-2.7;0.15;2.6;2.7;0;328;99;48;36;96778;2.6;11.48;0.36;0.38
2009;8;23;235;20.4;17.1;14;13.6;11.6;9.7;0.7;-3.8;0.15;2.5;2.7;0;568;180;98;63;96966;3.38;0.13;0.37;0.38
2009;8;24;236;21.4;17;11.7;13.4;11.4;9;-0.3;1.3;0.15;2.5;2.7;0;493;166;83;66;96578;2.84;0.38;0.37;0.38
2009;8;25;237;23.8;18.9;13.7;14;12.6;10.6;0.5;3;0.15;2.5;2.7;0;661;219;111;87;96353;3.61;0;0.36;0.38
2009;8;26;238;26.1;20.6;14.5;17.3;15.1;11.9;0.4;0.9;0.15;2.5;2.7;0;619;201;99;75;96511;3.33;0;0.36;0.38
2009;8;27;239;25.6;21.1;16.3;19.1;17.5;15.1;0.8;-0.8;0.15;2.5;2.7;0;536;175;83;58;96632;2.91;0.86;0.36;0.38
2009;8;28;240;27.9;22.1;16;19;17.3;14.9;0.9;0.8;0.15;2.5;2.7;0;632;199;99;66;96304;3.41;0.19;0.35;0.38
2009;8;29;241;19.6;16.6;13.7;17.1;12.3;8.3;1.7;-2.7;0.15;2.5;2.7;0;206;55;39;26;96500;2.46;6.05;0.36;0.38
2009;8;30;242;19.4;15.8;12.2;9.7;7.8;7;0.2;-1.4;0.15;2.5;2.7;0;650;208;124;88;96977;3.3;0;0.35;0.38
2009;8;31;243;21.6;16.3;9.7;11.3;9.9;7.8;0;1.4;0.15;2.5;2.7;0;637;207;119;86;97032;3.12;0;0.35;0.38
2009;9;1;244;24.3;18.8;13.5;14.5;12.3;8.3;0.4;2.7;0.15;2.5;2.7;0;633;205;110;84;96629;3.28;0;0.35;0.38
2009;9;2;245;24.2;19.4;13.3;17.6;15.2;12.4;0.6;-0.9;0.15;2.5;2.7;0;531;166;79;58;96394;2.58;0.1;0.34;0.38
2009;9;3;246;26;21;17;17.6;16.2;14.5;1;1.1;0.15;2.5;2.7;0;563;171;84;52;95765;3.17;2.63;0.34;0.38
2009;9;4;247;17.7;15.6;12.8;15.5;14;10.9;0;-1;0.15;2.5;2.7;0;200;46;57;24;95958;1.5;7.47;0.35;0.38
2009;9;5;248;17.8;14;11.4;10.1;6;4.4;2.3;-2.5;0.15;2.5;2.7;0;633;178;118;70;96692;3.72;1.73;0.35;0.37
2009;9;6;249;16.8;13.5;10.5;7.5;6.1;4.6;1.5;-2.8;0.15;2.5;2.7;0;522;163;93;78;97169;2.5;0.03;0.35;0.37
2009;9;7;250;18.7;14.1;9.5;10.3;8.4;6.2;0.4;-1.4;0.15;2.5;2.7;0;561;166;102;75;97295;2.37;0;0.34;0.37
2009;9;8;251;19.6;14.7;9;10.6;9.3;7.2;0.4;-1.3;0.15;2.5;2.7;0;611;180;112;75;97334;2.48;0;0.34;0.37
2009;9;9;252;20.9;16.2;11.7;12.4;10.9;8.7;0;-1.3;0.15;2.5;2.7;0;591;167;103;61;97197;2.38;0;0.34;0.37
2009;9;10;253;21.6;17.4;13.2;13.7;12.3;10.1;0.9;-2;0.15;2.5;2.7;0;553;153;90;62;97086;2.29;0.27;0.34;0.37
2009;9;11;254;20.8;17;15;14.1;12.8;11.5;1.3;-3.3;0.15;2.5;2.7;0;479;141;84;52;96947;2.46;2.39;0.33;0.37
2009;9;12;255;19.8;16.2;13.9;13.4;12.6;11.9;1.2;-3.7;0.15;2.5;2.7;0;523;141;87;55;96751;2.15;0.26;0.33;0.37
2009;9;13;256;18.5;14.8;12.5;12.3;11.3;10.2;0.5;-1.8;0.15;2.5;2.7;0;432;127;82;54;96410;1.93;7.74;0.33;0.37
2009;9;14;257;16.6;13.9;11.9;14;12;10.7;-0.4;-1;0.15;2.5;2.7;0;283;81;58;32;96320;1.55;9.47;0.34;0.37
2009;9;15;258;21;16.2;11.7;16.3;14.1;11.5;-0.2;1.1;0.15;2.5;2.7;0;479;134;87;51;96507;2;1.38;0.34;0.37
2009;9;16;259;21.9;17.6;12.8;15;13.9;11.8;0.4;2.1;0.15;2.4;2.7;0;485;137;78;50;96246;2.23;0.52;0.34;0.37
2009;9;17;260;18.9;16.7;14.7;17.3;15.5;14.4;-0.2;-0.7;0.15;2.4;2.7;0;241;57;46;26;96112;0.97;10.61;0.34;0.37
2009;9;18;261;20.5;16.7;13.8;16.9;14.9;13.4;0.4;-1.3;0.14;2.4;2.7;0;438;120;69;42;96605;1.85;0.95;0.35;0.37
2009;9;19;262;20;16.7;13;15;13.8;12.5;-0.4;1.7;0.14;2.4;2.7;0;393;112;70;46;96636;1.86;1.05;0.35;0.37
2009;9;20;263;21.7;17;12.6;14.7;13.2;11.8;0;1.7;0.14;2.3;2.7;0;470;142;89;64;96703;2.12;0.25;0.35;0.37
2009;9;21;264;21.6;16.9;11.7;14.4;12.5;10.4;0.2;0.2;0.14;2.3;2.7;0;503;143;95;66;97003;2.1;0.29;0.35;0.37
2009;9;22;265;22;16.6;11.1;14.6;12.1;10.1;0.6;0.4;0.14;2.3;2.7;0;485;133;93;67;97281;1.9;0.07;0.35;0.37
2009;9;23;266;23.2;17.1;10.8;14.2;12.3;9.8;0.9;0.6;0.14;2.3;2.7;0;546;160;112;75;97257;2.25;0;0.34;0.37
2009;9;24;267;21;16.9;12.6;14.2;12.9;11;0.6;-1;0.14;2.2;2.7;0;481;124;80;53;96934;1.9;0.88;0.34;0.37
2009;9;25;268;17.9;15.1;11.4;12.8;10;6.4;0.4;-2.8;0.14;2.2;2.7;0;448;132;100;66;97077;1.99;0.15;0.34;0.37
2009;9;26;269;17.8;13.3;8.7;11.7;8.7;6.3;0.1;-0.4;0.14;2.2;2.7;0;531;125;98;70;97409;1.53;0.01;0.34;0.37
2009;9;27;270;20.4;14.6;9.1;11.1;9.3;7;0.5;1.6;0.14;2.1;2.7;0;511;149;110;77;97368;1.94;0;0.34;0.37
2009;9;28;271;21;15.4;10;13.1;10.8;8.5;1.1;-0.1;0.14;2.1;2.6;0;519;137;106;70;96960;1.81;0.12;0.33;0.37
2009;9;29;272;19.4;15.2;11.1;11.8;9.7;8.6;1.8;-1.1;0.14;2.1;2.6;0;398;115;90;62;96520;1.71;0;0.33;0.37
2009;9;30;273;17.8;14.5;12.1;11.9;10.2;8.4;0.5;-0.5;0.14;2.1;2.6;0;232;54;58;32;96520;0.82;0.71;0.33;0.37
2009;10;1;274;19.9;15.3;11.7;14.3;11.9;8.6;0.5;-0.5;0.14;2;2.6;0;434;112;80;51;96076;1.73;2.78;0.33;0.37
2009;10;2;275;12.5;11;8.7;9.4;7.9;6.8;0.1;-0.9;0.14;2;2.6;0;181;45;74;39;96329;0.94;1.08;0.33;0.37
2009;10;3;276;15.4;11;6.5;7.5;6;5;0.7;0.5;0.14;2;2.6;0;377;106;99;70;96469;1.35;0.01;0.33;0.37
2009;10;4;277;19.6;13.3;7.7;11.2;8.2;5.4;0.6;0.6;0.14;2;2.6;0;507;143;119;84;96206;1.67;0;0.33;0.37
2009;10;5;278;18;13.5;8;10.7;8.5;5.8;0.8;1.2;0.14;1.9;2.6;0;419;110;92;60;96603;1.35;0.37;0.33;0.37
2009;10;6;279;23;17.5;12.8;14.1;12.6;10.9;1;1.4;0.14;1.9;2.6;0;430;122;91;51;96573;1.73;0.04;0.33;0.37
2009;10;7;280;23.6;18.6;14.7;15.1;14;12.7;1.2;1.6;0.14;1.9;2.6;0;464;122;94;59;96626;1.65;0.12;0.33;0.37
2009;10;8;281;24.1;18.9;14.7;14.1;12.7;11.4;1;0.1;0.14;1.9;2.6;0;446;116;99;66;96262;1.66;0.11;0.32;0.37
2009;10;9;282;16.7;13.2;11;13.7;11.4;7.7;0.3;-2.1;0.14;1.8;2.6;0;81;23;29;14;96702;1.22;13.04;0.33;0.37
2009;10;10;283;15.6;12.7;10.8;13;10.8;7.9;-0.1;0.6;0.14;1.8;2.6;0;188;44;43;21;96266;0.98;4.86;0.34;0.37
2009;10;11;284;15.4;12.7;10.1;11.5;7.6;5.1;1.8;-1.1;0.14;1.8;2.6;0;432;114;105;55;96110;1.76;3.29;0.34;0.37
2009;10;12;285;10.3;8.9;5.4;9;5.5;1.6;1.8;-2.8;0.14;1.8;2.6;0;159;34;75;35;95490;1.27;18.77;0.35;0.37
2009;10;13;286;6.9;4.6;2.4;1.1;-0.9;-1.9;3;-6.3;0.14;1.7;2.6;0.04;446;113;97;79;96159;1.56;1.63;0.36;0.37
2009;10;14;287;5.1;3;1.6;-2;-2.9;-3.7;3.8;-4.5;0.14;1.7;2.6;0.3;358;85;77;59;96352;1.16;1.32;0.36;0.37
2009;10;15;288;4.8;2.9;1.4;-3.6;-4.4;-5.2;3.8;-2.1;0.15;1.7;2.6;1.11;290;66;59;43;96449;1;0.79;0.35;0.37
2009;10;16;289;7.3;3.9;0.9;1.6;-1.7;-3.5;1.4;0.4;0.15;1.7;2.6;1.1;308;66;65;43;96391;0.88;1.78;0.35;0.37
2009;10;17;290;6.7;4;2.2;2.3;1.2;0.2;0.7;-0.9;0.15;1.7;2.6;0.87;318;64;57;37;96261;1.07;1.86;0.36;0.37
2009;10;18;291;6.7;3.8;2.1;1.3;0.6;-0.6;0.8;-2.4;0.14;1.6;2.6;0.71;350;91;86;58;96514;1.12;1;0.36;0.37
2009;10;19;292;5.7;3.4;1.4;0.5;-0.8;-1.6;0.7;-3.4;0.14;1.6;2.6;0.55;290;76;75;56;96603;0.76;0.11;0.36;0.37
2009;10;20;293;8.4;4.1;0.7;0.7;-0.7;-1.5;0.3;0.6;0.14;1.6;2.6;0.4;369;82;85;59;96184;0.79;0.08;0.35;0.37
2009;10;21;294;10.6;4.5;-1.2;4.5;1.7;-2.1;0.3;1.4;0.13;1.6;2.6;0.26;398;102;98;71;95920;0.69;0;0.35;0.37
2009;10;22;295;17.1;11.1;4.8;11.9;8.4;3.1;0.8;2.6;0.13;1.6;2.6;0.11;389;88;88;47;95360;0.9;2.72;0.35;0.37
2009;10;23;296;14;10.5;6.9;10;7.8;6.5;0;-2.4;0.13;1.6;2.6;0;415;92;99;44;95782;1.36;3.21;0.35;0.37
2009;10;24;297;9.7;8.7;7.9;7.2;6.8;5.9;1.1;-4.1;0.13;1.6;2.6;0;49;12;60;15;96376;1.25;4.8;0.36;0.37
2009;10;25;298;15;10;6.1;9.1;7.1;5;0.3;0.1;0.13;1.6;2.6;0;399;101;103;66;96603;0.83;0;0.36;0.37
2009;10;26;299;15.3;10.9;6.9;10.4;8.5;6.1;0.4;0.6;0.13;1.6;2.6;0;316;76;76;40;96642;0.81;1.24;0.36;0.37
2009;10;27;300;13.4;9.7;6.8;6.8;5.6;4.5;1.9;-1.9;0.13;1.6;2.6;0;362;87;89;70;96873;1.01;0;0.36;0.37
2009;10;28;301;12.8;8.9;5.1;7.6;6;4;0.7;-0.7;0.13;1.5;2.6;0;301;63;77;46;96866;0.58;0;0.36;0.37
2009;10;29;302;12;8.1;3.4;8.2;6.2;3;0.5;-1.2;0.13;1.5;2.6;0;186;48;56;30;96787;0.78;3.06;0.36;0.37
2009;10;30;303;6.4;4.1;1.2;5.5;0.9;-0.3;0.2;-2.6;0.13;1.5;2.6;0;333;84;98;63;97535;0.89;0.13;0.36;0.37
2009;10;31;304;6.7;2.5;-0.9;1.1;0;-1.7;0.2;-0.2;0.12;1.5;2.6;0;340;83;99;71;97530;0.54;0;0.36;0.37
2009;11;1;305;6.7;2.1;-2.1;2;0.1;-2.9;-0.1;1.5;0.12;1.5;2.6;0;335;83;95;69;96955;0.44;0;0.36;0.37
2009;11;2;306;5.3;3;0.8;2.6;1.1;-0.1;-0.5;3.5;0.12;1.5;2.6;0.05;216;41;62;26;95662;0.49;4.98;0.36;0.37
2009;11;3;307;3.2;1.6;0.7;2.7;1.1;0.3;-0.7;0.9;0.16;1.5;2.6;2.12;119;23;17;8;94966;0.59;9.53;0.36;0.37
2009;11;4;308;2.9;1.4;-0.2;1.4;0.1;-1.1;0.7;3.1;0.19;1.5;2.6;4.07;122;33;42;23;94604;0.74;3.49;0.37;0.37
2009;11;5;309;9.6;4.7;1.3;4;2.3;0.9;0.1;1.9;0.17;1.5;2.6;3.02;345;76;104;54;95259;0.62;0.55;0.37;0.37
2009;11;6;310;5.8;4.3;3.2;4.3;3.6;2.9;-0.5;0.3;0.15;1.4;2.6;1.7;99;19;58;15;95778;0.24;6.06;0.37;0.37
2009;11;7;311;8;5.3;2.6;4.7;3.9;2.4;0.5;1.2;0.13;1.4;2.6;0.81;142;32;71;24;95367;0.49;2.06;0.38;0.37
2009;11;8;312;7.1;4.6;1.5;5.4;3.8;1.4;0.1;-0.7;0.13;1.4;2.6;0.41;206;33;63;17;95121;0.38;4.48;0.38;0.37
2009;11;9;313;9.7;6.5;2.6;5.9;4.3;2.1;0.7;1.6;0.12;1.4;2.6;0.18;259;60;77;42;95380;0.64;0.01;0.38;0.37
2009;11;10;314;6.3;3.9;1.7;4.4;2.2;0.4;2.2;-3.6;0.12;1.4;2.6;0.14;164;34;57;32;95401;1.51;7.38;0.38;0.37
2009;11;11;315;5.6;4.5;3.1;2;1.1;0.2;2.9;-3.8;0.12;1.4;2.6;0.2;99;23;51;32;95328;1.22;2.09;0.39;0.37
2009;11;12;316;9.4;5;2.2;1.7;0.6;-0.3;1.5;-0.4;0.12;1.4;2.6;0.15;340;80;113;72;95973;0.58;0;0.39;0.37
2009;11;13;317;11.4;5.6;1.1;4.8;2.5;-0.4;1;1;0.12;1.4;2.6;0.09;278;63;81;56;96577;0.43;0;0.38;0.37
2009;11;14;318;12;6.8;2.1;7.7;4.5;1.2;0.5;1.1;0.12;1.4;2.6;0.05;286;67;86;58;96391;0.36;0.01;0.38;0.37
2009;11;15;319;13.7;7.8;4.4;6.4;4.5;3;1.1;0;0.11;1.3;2.6;0.02;306;68;111;62;96516;0.58;0.34;0.38;0.37
2009;11;16;320;11.6;7.4;3.5;8;5.9;3.1;0.4;0.4;0.11;1.3;2.6;0;306;60;83;42;96305;0.32;0;0.38;0.37
2009;11;17;321;14.7;9.3;5;9.6;7.1;4.4;0.9;1.2;0.11;1.4;2.6;0;281;65;93;58;96370;0.42;0;0.38;0.37
2009;11;18;322;11.7;9.4;7;10;7.7;5.5;1;0.1;0.11;1.4;2.6;0;165;32;81;48;96990;0.2;2.34;0.38;0.37
2009;11;19;323;13.8;7.4;2.4;8.9;5.4;1.6;1;0.6;0.11;1.4;2.6;0;318;72;110;81;97333;0.42;0;0.38;0.37
2009;11;20;324;13.6;6.7;2.6;7.6;3.5;-1.5;0.6;0.2;0.11;1.4;2.6;0;290;66;103;66;97381;0.45;0;0.38;0.37
2009;11;21;325;11.6;6;2.6;7.5;4.4;2.2;0.3;0.2;0.11;1.4;2.6;0;288;60;101;56;97478;0.35;0.09;0.38;0.37
2009;11;22;326;8.1;4.2;1.3;5;3.1;0.9;-0.1;0.8;0.11;1.4;2.6;0;221;42;73;40;96678;0.3;0.24;0.38;0.37
2009;11;23;327;9.2;5.5;1.2;6.2;4.2;0.8;1.2;1.5;0.11;1.4;2.6;0;204;37;96;40;96416;0.34;4.63;0.38;0.37
2009;11;24;328;12.9;7.9;4.4;6.8;5.1;2.3;1.4;0.7;0.11;1.4;2.6;0;299;53;95;39;96294;0.5;1.24;0.38;0.37
2009;11;25;329;13.9;7.3;2.7;7.5;4.6;1.6;1;1.4;0.11;1.4;2.6;0;296;65;112;77;96416;0.38;0;0.38;0.37
2009;11;26;330;9.6;5;2;5.1;2.7;-0.1;0.8;0.6;0.11;1.4;2.6;0;188;42;86;55;96256;0.24;0;0.38;0.37
2009;11;27;331;10.4;5;1.2;6.8;3.6;0.3;1.2;0.8;0.11;1.4;2.6;0;172;33;75;37;96038;0.19;1.39;0.38;0.37
2009;11;28;332;7.7;5;3;4.5;3.1;0.6;1.2;0.7;0.11;1.4;2.6;0;139;27;92;45;96156;0.46;2.94;0.38;0.37
2009;11;29;333;9.6;6.3;2.4;5.2;2.7;0.4;1.8;4.5;0.11;1.4;2.6;0;270;54;98;76;95679;0.47;0;0.38;0.37
2009;11;30;334;12.8;10.7;8.3;7.9;6.1;2.9;0;5.2;0.11;1.4;2.6;0;179;39;77;61;95020;0.5;0.07;0.38;0.37
2009;12;1;335;10.8;6.7;3.2;8.3;5.1;1.5;0.7;0.2;0.11;1.4;2.6;0;58;10;54;18;95147;0.94;12.17;0.39;0.37
2009;12;2;336;6.5;2.2;-1.4;1.8;0.1;-2.6;0.5;0.3;0.11;1.4;2.6;0;247;50;97;69;96231;0.35;0;0.39;0.37
2009;12;3;337;7.3;1.8;-2.7;2.1;-0.2;-3.4;0.4;1.7;0.11;1.4;2.6;0;261;56;102;63;95928;0.27;0;0.39;0.37
2009;12;4;338;5.3;3.4;2.1;2.9;1.7;-1.1;0.1;0.1;0.11;1.4;2.6;0;99;22;44;22;95678;0.17;0.07;0.39;0.37
2009;12;5;339;5.9;2.5;-0.8;0.9;-0.2;-1.6;1;-1.2;0.11;1.4;2.6;0;203;44;89;59;96316;0.27;0;0.39;0.37
2009;12;6;340;6.9;2.1;-1.5;2.1;-0.2;-2.5;1;1.6;0.11;1.4;2.6;0;196;36;65;48;96360;0.21;0;0.39;0.37
2009;12;7;341;7.3;3.6;1;4.5;2.1;-0.8;0.4;0.9;0.11;1.4;2.6;0;134;25;63;25;96338;0.14;0.25;0.38;0.37
2009;12;8;342;6;3.9;1.8;4.8;2.5;1.2;1;-0.7;0.11;1.4;2.6;0;95;13;23;13;95928;1.04;7.47;0.39;0.37
2009;12;9;343;5.3;4.1;3.2;1.8;1.4;1;2.5;-4.6;0.11;1.4;2.6;0.2;191;36;59;38;96743;1.39;3.27;0.39;0.37
2009;12;10;344;6.5;3.9;0.5;2.6;1.6;-0.5;0.6;-0.8;0.11;1.4;2.6;0.16;196;41;75;50;96977;0.28;1.44;0.39;0.37
2009;12;11;345;4.9;2.5;0;2.3;1.3;-0.9;1.2;-1.8;0.11;1.4;2.6;0.26;112;20;52;19;96368;0.57;6.23;0.39;0.37
2009;12;12;346;0.4;-0.7;-2.5;-0.7;-3.8;-5.8;0.4;-3.7;0.15;1.4;2.6;2.49;154;30;83;42;96545;0.57;1.8;0.39;0.37
2009;12;13;347;-1.9;-3.1;-4.2;-6;-8;-9.1;0.2;-2.5;0.16;1.4;2.6;3.03;201;40;73;59;96583;0.32;0.13;0.39;0.37
2009;12;14;348;-2.6;-3.8;-4.6;-7.2;-8.6;-9.9;-0.7;-1.5;0.16;1.4;2.6;3.2;186;35;73;44;96590;0.11;0.64;0.39;0.37
2009;12;15;349;-1.9;-3.7;-5.1;-7.3;-8.1;-9.5;0;-2.7;0.18;1.4;2.6;3.63;218;43;76;55;96116;0.15;0.06;0.39;0.37
2009;12;16;350;-3.8;-4.8;-6;-9.6;-10.1;-10.6;0.6;-2.9;0.19;1.4;2.6;4.12;118;21;76;43;95489;0.16;0.91;0.39;0.37
2009;12;17;351;-3.6;-5.7;-7.4;-10.8;-11.9;-13;0.6;-1.7;0.19;1.4;2.6;4.66;176;38;75;61;95261;0.07;0.57;0.39;0.37
2009;12;18;352;-3.8;-6.6;-8.7;-11.4;-12.4;-13.3;0.1;-0.2;0.2;1.4;2.6;5.03;193;37;82;69;95175;0.06;0.3;0.39;0.37
2009;12;19;353;-7.7;-8.3;-8.9;-10.5;-11.9;-13.5;-0.3;-0.8;0.26;1.4;2.6;7.63;64;15;70;33;94898;0.13;6.43;0.39;0.37
2009;12;20;354;-8.2;-11.9;-17.2;-12;-16.4;-20;1.4;-0.7;0.34;1.3;2.6;11.35;201;42;102;74;95289;0.21;0.09;0.39;0.37
2009;12;21;355;-0.3;-6.5;-13.6;-2.3;-11;-17.8;0.8;2.4;0.32;1.3;2.6;11.06;179;38;92;55;95504;0.25;0;0.39;0.37
2009;12;22;356;5.3;2.4;0.2;4.5;0.4;-1.7;1.8;4.6;0.29;1.3;2.6;9.88;203;42;86;52;94709;0.02;0.09;0.39;0.38
2009;12;23;357;7.8;5.1;1.2;7;4.2;0.8;0.2;1.7;0.19;1.3;2.6;4.58;57;12;28;6;94593;-0.27;2.58;0.39;0.38
2009;12;24;358;10.3;7.1;1.4;8.8;5.8;0.9;1.2;4.2;0.15;1.3;2.6;2.17;126;25;52;19;94731;0.08;0.39;0.39;0.38
2009;12;25;359;11.8;8.5;4;10.5;6.2;-1.2;2.3;1;0.11;1.3;2.6;0.29;141;23;34;24;94432;1.13;12.04;0.4;0.38
2009;12;26;360;5.6;1.8;-1;-1.3;-3.1;-4.2;0.8;1;0.11;1.3;2.6;0.21;262;56;115;75;95827;0.34;0.02;0.4;0.38
2009;12;27;361;3.1;0.5;-2.1;0.7;-2;-5.6;0.6;0;0.11;1.3;2.6;0.21;141;22;48;30;95455;0.14;0.45;0.4;0.38
2009;12;28;362;5.4;0.2;-2.9;-2.1;-5;-6;1.4;-0.1;0.11;1.3;2.6;0.21;261;54;106;71;95411;0.25;0;0.4;0.38
2009;12;29;363;2.7;-0.2;-2.5;-1.1;-3.4;-5.9;0.1;1.3;0.11;1.3;2.6;0.36;256;53;103;56;95580;0.06;2.72;0.4;0.38
2009;12;30;364;7;1.6;-1;4.8;0.5;-2.8;1;0.8;0.13;1.3;2.6;1;163;33;74;38;94666;0.16;0.67;0.4;0.38
2009;12;31;365;7.6;1.6;-1.9;4.8;0.7;-2.9;0.8;0.4;0.12;1.3;2.6;0.82;216;39;67;36;94397;0.13;0.65;0.4;0.38
2010;1;1;1;6.3;3.1;1.3;3.7;2.5;1.1;0.5;-1.5;0.12;1.3;2.6;0.62;194;33;48;21;94042;0.1;0.02;0.4;0.38
2010;1;2;2;2.5;0.3;-2.2;2.2;-3.8;-9.3;1.9;-4.5;0.12;1.3;2.6;0.73;215;37;62;36;95252;0.61;1.22;0.4;0.38
2010;1;3;3;-0.6;-2.6;-3.9;-7.1;-8.5;-9.8;1.8;-2.7;0.13;1.3;2.6;1.18;222;46;98;72;96413;0.29;0.08;0.4;0.38
2010;1;4;4;-0.9;-3;-4.9;-6;-6.7;-7.6;-0.4;1.6;0.13;1.2;2.6;1.27;269;56;111;71;96259;0.05;0.12;0.39;0.38
2010;1;5;5;-2.2;-3.3;-4.2;-4.5;-5.1;-6;-1.2;1;0.14;1.2;2.6;1.78;94;17;51;22;95557;0.01;1.68;0.39;0.38
2010;1;6;6;-0.5;-2.6;-3.8;-3.9;-4.5;-5.1;-0.2;-0.6;0.22;1.2;2.6;6.05;200;40;78;29;94846;0.1;4.18;0.39;0.38
2010;1;7;7;-0.7;-2.6;-5.4;-3;-4.1;-6.3;-0.3;0.3;0.24;1.2;2.5;7.43;125;21;62;28;95706;0.06;0.65;0.39;0.38
2010;1;8;8;-0.7;-2.2;-3.7;-1.4;-3;-4.8;-0.3;-0.2;0.31;1.2;2.5;12.12;47;8;15;4;95683;0.14;13.94;0.39;0.38
2010;1;9;9;0.7;0.1;-0.6;0.1;-0.9;-1.7;0.7;-1.2;0.39;1.2;2.5;19.82;48;11;23;3;95008;0.13;8.44;0.4;0.38
2010;1;10;10;1.4;-1.2;-3.8;-1;-2.8;-6;1;-0.7;0.38;1.2;2.5;19.95;109;21;46;27;95401;0.12;0.49;0.4;0.38
2010;1;11;11;-1;-3.4;-6.9;-3.6;-5.4;-8.9;0.3;-0.4;0.37;1.2;2.5;19.95;68;15;44;20;96130;0.16;1;0.4;0.38
2010;1;12;12;-0.8;-4.2;-7;-4.7;-6.3;-8;0.4;-1;0.37;1.2;2.5;20.14;194;42;98;46;96310;0.2;0.01;0.4;0.38
2010;1;13;13;-1;-2.7;-5.9;-3.1;-4.2;-7.2;-0.8;2.3;0.37;1.2;2.5;19.96;71;15;45;11;95917;0.18;0.29;0.4;0.38
2010;1;14;14;-0.8;-1.9;-2.5;-2.9;-3.6;-4.2;-0.9;2.5;0.37;1.2;2.5;20.18;76;16;27;16;96049;0.25;0.39;0.39;0.38
2010;1;15;15;-0.3;-1.8;-3;-2.7;-3.7;-4.3;-1;1.4;0.37;1.2;2.5;20.51;89;19;30;19;96892;0.18;0.53;0.39;0.38
2010;1;16;16;0.2;-2.2;-4.7;-3.7;-4.7;-6.2;-0.3;2.6;0.36;1.2;2.5;20.5;147;34;80;40;97312;0.32;0.05;0.39;0.38
2010;1;17;17;-1.4;-2.5;-3.5;-3.3;-4.3;-5.2;-0.1;3.2;0.36;1.2;2.5;21.2;69;16;43;14;96711;0.28;2.86;0.39;0.38
2010;1;18;18;2.9;0;-2.5;-0.2;-1.8;-3.6;0.7;-1.2;0.38;1.2;2.5;24.01;153;34;61;30;96948;0.09;3.54;0.39;0.38
2010;1;19;19;2.1;-1.7;-6.4;-1;-3.3;-7.2;0.9;-1.1;0.38;1.2;2.5;24.3;201;43;86;49;96852;0.12;0.84;0.39;0.38
2010;1;20;20;0.1;-3.3;-6.3;-1.6;-4.6;-7.3;0.6;-1.4;0.37;1.2;2.5;23.67;146;29;53;27;96367;0.18;0.19;0.39;0.38
2010;1;21;21;-4.8;-6.1;-7.9;-7.4;-8.8;-10.6;0.3;-2.5;0.38;1.2;2.5;24.87;99;20;44;23;96717;0.3;2.5;0.39;0.38
2010;1;22;22;-4.6;-8.6;-11.3;-8.6;-11.2;-14;0.5;-2.1;0.38;1.1;2.5;25.66;176;43;85;52;97214;0.16;0;0.39;0.38
2010;1;23;23;-4.7;-9.5;-16.5;-7.8;-11.7;-18.6;0.1;0.5;0.38;1.1;2.5;25.49;225;46;96;45;97342;0.15;0.05;0.39;0.38
2010;1;24;24;-5.1;-7.3;-10.2;-7.9;-9.1;-11.5;-0.9;1.9;0.37;1.1;2.5;25.46;116;25;45;23;97475;0.15;0.33;0.39;0.38
2010;1;25;25;-4.9;-6.5;-8.5;-8;-8.8;-9.8;-0.8;3.1;0.37;1.1;2.5;25.57;108;26;39;24;97697;0.28;0.54;0.39;0.38
2010;1;26;26;-6.1;-8;-12.6;-8.1;-10.2;-15;-0.4;0;0.38;1.1;2.5;27.05;116;26;68;32;97786;0.11;1.88;0.39;0.38
2010;1;27;27;-6;-11.9;-15.4;-11.6;-16.1;-19.2;0.9;-0.6;0.38;1.1;2.5;27.4;251;58;112;70;97155;0.17;0;0.39;0.38
2010;1;28;28;0.6;-5.5;-14;-5.7;-9.6;-16.9;2.1;0.6;0.38;1.1;2.5;27.77;215;41;91;43;95062;0.37;0.89;0.39;0.38
2010;1;29;29;2;-3;-8.3;-3.8;-6.9;-11.1;1.3;1.9;0.38;1.1;2.5;27.76;165;40;74;52;94260;0.38;0.63;0.38;0.38
2010;1;30;30;1.1;-1.5;-3.5;-2.7;-4.3;-6;1;-0.3;0.37;1.1;2.5;27.71;138;32;50;36;93919;0.33;1.08;0.38;0.38
2010;1;31;31;-2.3;-3.9;-6.5;-6.2;-7.6;-10.7;1.7;-3.5;0.37;1.1;2.5;27.91;143;33;83;45;94903;0.47;0.53;0.38;0.38
2010;2;1;32;-0.6;-6.3;-15;-7.2;-10.6;-17.5;2;-1.3;0.37;1.1;2.5;27.68;259;58;102;68;95719;0.42;0.13;0.38;0.39
2010;2;2;33;0.5;-6.5;-12.5;-6.3;-10.5;-15;1.3;0.5;0.37;1.1;2.5;27.7;239;48;93;43;96236;0.28;0.79;0.38;0.39
2010;2;3;34;2.7;-0.8;-6.6;-0.4;-4.3;-10.3;1.1;1.5;0.37;1.1;2.5;27.56;152;36;78;28;95865;0.29;3.04;0.38;0.39
2010;2;4;35;3.1;0.9;-0.5;0.5;-0.2;-1;-0.5;2.2;0.37;1.1;2.5;27.43;198;43;60;25;96688;0.02;1.13;0.38;0.39
2010;2;5;36;4.7;2.1;0.6;2.2;1.1;0.2;-0.7;3.7;0.35;1.1;2.5;22.99;133;28;36;16;96138;-0.13;0.6;0.39;0.39
2010;2;6;37;0.4;-1.2;-3;0.1;-3.1;-5.4;-0.3;-1.7;0.35;1.1;2.5;21.83;137;29;41;20;95859;0.4;3.66;0.39;0.39
2010;2;7;38;-4;-6.2;-8.3;-6.5;-9.7;-11.3;0.9;-4.1;0.36;1.1;2.5;23.01;201;53;76;58;96194;0.49;0.29;0.39;0.39
2010;2;8;39;-3.4;-6.6;-9.8;-8.4;-10.1;-12.4;0.3;-2.1;0.36;1.1;2.5;22.79;237;55;70;55;95841;0.28;0;0.39;0.39
2010;2;9;40;-2.8;-5.3;-10.2;-6.2;-8.3;-12.1;-0.4;2.6;0.36;1.1;2.5;22.54;149;33;38;22;95322;0.36;0.07;0.39;0.39
2010;2;10;41;-0.4;-2.9;-5.4;-2.8;-4.8;-7.3;-0.5;-0.5;0.36;1.1;2.5;23.08;149;33;41;20;95024;0.31;4.69;0.39;0.39
2010;2;11;42;-3;-3.8;-4.8;-4.3;-6;-6.8;1.3;-3.4;0.39;1.1;2.5;30.22;118;24;17;9;94749;0.36;6.09;0.39;0.39
2010;2;12;43;-2;-3.8;-4.9;-6;-6.7;-7;1.5;-3.6;0.4;1.1;2.5;33.67;130;31;54;21;95378;0.42;1.71;0.39;0.39
2010;2;13;44;-0.8;-3.3;-4.8;-5.9;-7.1;-8;2.5;-3.8;0.4;1.1;2.5;33.52;259;64;79;53;95626;0.59;0.01;0.39;0.39
2010;2;14;45;-0.8;-4.8;-9.4;-5.1;-7.7;-11.7;1;-2;0.39;1.1;2.5;33.15;293;72;101;62;95824;0.29;0.07;0.39;0.39
2010;2;15;46;-0.5;-3.3;-5.7;-4;-5.9;-7.2;0.5;-1.4;0.39;1.1;2.5;33.16;178;36;60;25;95583;0.3;0.37;0.38;0.39
2010;2;16;47;0.5;-3.6;-8.3;-2.8;-5.6;-9.2;-0.3;1.2;0.38;1.1;2.5;32.62;286;68;93;45;95419;0.25;0.01;0.38;0.39
2010;2;17;48;3.8;0.3;-2.9;0.6;-1.1;-3.6;-0.4;3;0.38;1.1;2.5;30.77;267;62;86;38;94887;0.03;0.08;0.38;0.39
2010;2;18;49;5.8;1.2;-3.2;1.8;-0.2;-3.6;0.1;0.8;0.36;1.1;2.5;26.68;251;56;66;41;94837;-0.11;0;0.39;0.39
2010;2;19;50;5.9;1.6;-3.9;3.7;0.8;-4.2;0;2.3;0.33;1.1;2.5;21.11;186;36;44;12;94476;-0.24;3.99;0.39;0.39
2010;2;20;51;3.2;1.6;-0.2;1.8;-2;-5.3;2.2;-3.7;0.29;1.1;2.5;16.71;155;33;48;23;94398;0.92;4.13;0.4;0.39
2010;2;21;52;4.7;0.1;-5;-4.3;-5.8;-9;1.2;0.5;0.28;1.1;2.5;15.47;373;96;118;82;95230;0.62;0;0.4;0.39
2010;2;22;53;7.8;1.8;-3.3;0.5;-2.3;-6.5;1.6;3;0.26;1.1;2.5;12.72;350;89;96;71;94941;0.44;0;0.4;0.39
2010;2;23;54;9.6;3;-1.9;1.5;-0.7;-3.1;0.9;0.9;0.22;1.1;2.5;9.29;346;95;103;70;94704;0.38;0;0.41;0.39
2010;2;24;55;10.7;4.2;-2.1;5.2;0.8;-3.7;0.6;-0.2;0.19;1.1;2.5;6.3;388;95;95;49;95120;0.42;0.11;0.41;0.39
2010;2;25;56;11.4;4.9;-1.8;4;1.5;-3;0.5;1.3;0.16;1.1;2.5;3.97;417;108;107;64;95326;0.56;0.19;0.41;0.39
2010;2;26;57;9.2;5.5;3.3;5.4;2.8;-1.2;1.5;1.5;0.14;1.2;2.5;2.16;269;61;71;39;94699;0.84;4.25;0.41;0.39
2010;2;27;58;9.1;5.1;2.4;-1.4;-3.6;-5.6;1.9;-1.5;0.14;1.2;2.5;1.35;492;131;126;80;95557;1.21;0.09;0.41;0.39
2010;2;28;59;11.5;6.9;3;2.3;-0.9;-7;1.6;3.8;0.13;1.2;2.5;0.94;405;106;87;61;94799;1.16;0.44;0.41;0.39
2010;3;1;60;12.7;7.1;2.7;4.1;0.9;-2.4;0.9;0;0.13;1.2;2.5;0.51;495;134;128;66;95665;1.27;0.96;0.41;0.39
2010;3;2;61;9.2;4;-0.8;0.9;-1.9;-3.8;0.7;-0.8;0.13;1.2;2.5;0.37;406;104;95;60;96518;0.88;1.54;0.4;0.39
2010;3;3;62;7.9;2.9;-1.6;-0.1;-3.2;-7;0.5;-0.7;0.13;1.2;2.5;0.43;437;118;104;72;96748;1.04;0.09;0.4;0.39
2010;3;4;63;3.4;1.3;-1;-1.2;-2.5;-6.8;-0.7;-1.6;0.13;1.2;2.5;0.48;220;61;57;35;95913;0.59;0.73;0.4;0.39
2010;3;5;64;-0.2;-2.4;-4.8;-7;-10.9;-13.1;1.4;-4.6;0.13;1.2;2.5;0.69;423;117;106;81;96305;0.85;0.21;0.4;0.39
2010;3;6;65;0.5;-2.9;-5.4;-6.1;-9.5;-13;0.2;0;0.14;1.2;2.5;1.55;273;75;92;53;96337;0.16;3.01;0.4;0.39
2010;3;7;66;-0.3;-3.8;-6.7;-9.8;-10.9;-11.8;0.6;-3.1;0.18;1.2;2.5;3.85;444;121;98;75;97230;0.31;0.33;0.4;0.39
2010;3;8;67;-1.3;-4.5;-7.3;-9.6;-11.8;-13.1;-0.3;-1.9;0.19;1.2;2.5;4.41;435;115;92;79;96900;0.24;1.02;0.39;0.39
2010;3;9;68;0.8;-3.1;-6.3;-9.7;-11.4;-12.3;-0.7;-2.5;0.2;1.2;2.5;4.7;498;134;115;76;96783;0.32;0.01;0.39;0.39
2010;3;10;69;0.1;-2.6;-5.4;-4.9;-8.9;-13;-1.6;-1.1;0.2;1.3;2.5;4.97;331;74;70;38;96767;0.21;3.44;0.39;0.39
2010;3;11;70;0.6;-2;-4.5;-2.8;-4.2;-6.2;-0.7;-0.9;0.3;1.3;2.5;10.46;181;42;51;22;95916;0.23;3.62;0.39;0.39
2010;3;12;71;3.1;-0.4;-5;-3.6;-5.6;-7.3;2.3;-2.4;0.31;1.3;2.5;11.07;327;78;58;35;96048;0.76;0.42;0.39;0.39
2010;3;13;72;5.2;2;-1;-2.4;-3.8;-5.1;3.4;-2.4;0.28;1.3;2.6;9.77;368;109;86;68;96401;0.98;0.12;0.39;0.39
2010;3;14;73;5.8;2.7;0;-2.4;-3.8;-4.5;3.7;-2.1;0.24;1.3;2.6;7.78;443;124;106;71;96367;1.14;0;0.39;0.39
2010;3;15;74;2.9;0.8;-3.1;-2.6;-5.1;-7.5;2.2;-2;0.23;1.3;2.6;7.31;342;96;78;53;96465;1.1;1.97;0.39;0.39
2010;3;16;75;6.2;3;0;1.9;-0.6;-3.1;2.1;-2;0.22;1.3;2.6;6.71;414;103;85;48;96652;1.38;3.94;0.39;0.39
2010;3;17;76;9.2;3.2;-0.8;0.9;-0.5;-2.5;0.8;0.5;0.2;1.3;2.6;5.37;363;88;83;39;97444;0.94;1.58;0.39;0.39
2010;3;18;77;13.5;5.7;-1.4;2.6;-0.2;-3.5;0.8;1;0.18;1.4;2.6;3.33;526;154;119;74;97365;1.14;0;0.39;0.39
2010;3;19;78;15.5;7.5;-0.2;6.3;2.3;-1.6;0.5;1.5;0.15;1.4;2.6;1.61;557;147;123;76;97026;1.09;0;0.39;0.39
2010;3;20;79;17.4;8.7;0.1;6.4;3.3;-1;0.8;1.5;0.14;1.4;2.6;0.67;575;146;125;69;96519;1.26;0;0.39;0.39
2010;3;21;80;17.9;10.7;3.2;10.1;5.5;1.4;0.8;0.4;0.13;1.4;2.6;0.25;446;126;83;51;96444;1.31;0.68;0.39;0.39
2010;3;22;81;11.1;8.2;3.4;8.3;6.3;3.2;0.7;-0.8;0.13;1.4;2.6;0.09;177;52;60;33;96941;0.75;3.64;0.39;0.39
2010;3;23;82;15;8.4;1.3;7.9;5;0.9;0.4;0.7;0.13;1.5;2.6;0.02;524;140;98;62;96767;1.27;0.01;0.39;0.39
2010;3;24;83;14.5;9.3;1.4;7.4;5;0.9;-0.1;1.8;0.13;1.5;2.6;0;459;141;115;60;96683;1.3;0;0.39;0.39
2010;3;25;84;15.2;11.7;8.7;8.3;7.5;6.8;0.1;4.1;0.13;1.5;2.6;0;382;120;81;56;96398;1.26;0;0.39;0.39
2010;3;26;85;17.8;12.4;6.7;7.9;6.7;5.5;1.8;3.9;0.14;1.5;2.6;0;598;183;113;89;95874;2.02;2.06;0.39;0.39
2010;3;27;86;13.4;8.9;3.5;6;3.1;1.7;1.2;0;0.14;1.5;2.6;0;554;153;120;68;95722;2.03;3.09;0.39;0.39
2010;3;28;87;12.4;7.7;2.8;3;1.4;-0.2;2.2;-1.5;0.14;1.6;2.6;0;584;173;114;73;95966;2;1.24;0.39;0.39
2010;3;29;88;15.9;10.4;4.5;5.7;3.3;1.5;0.7;2.1;0.14;1.6;2.6;0;580;145;105;59;95900;1.69;0.01;0.38;0.39
2010;3;30;89;16.5;11.7;7.3;5.9;4.3;1.9;1.7;4.8;0.14;1.6;2.6;0;619;176;111;79;95073;2.15;0;0.38;0.39
2010;3;31;90;9.9;7.7;4.8;6.4;3.2;0.1;1.4;-0.8;0.14;1.6;2.6;0;327;85;70;37;95203;1.81;4.81;0.38;0.39
2010;4;1;91;13.8;7.7;1.4;3;0.6;-1.2;1.3;1;0.14;1.6;2.6;0;644;199;131;84;95899;2.46;1.82;0.38;0.39
2010;4;2;92;8.9;5.1;1.2;1;-0.8;-2.2;0.9;-1.7;0.15;1.7;2.6;0.43;428;137;83;53;96420;1.89;1.51;0.38;0.39
2010;4;3;93;13.1;7.1;-0.8;2.3;0.1;-2.4;0.3;2.3;0.15;1.7;2.6;0.26;644;204;130;90;96409;1.97;0;0.38;0.39
2010;4;4;94;14.6;9.7;4.9;4.5;2.4;0;1.4;3.3;0.14;1.7;2.6;0.09;624;159;102;70;96151;1.91;0.11;0.38;0.39
2010;4;5;95;7.6;6.5;5.3;4.2;2.6;-0.3;1.9;-5.1;0.14;1.7;2.6;0.01;213;57;65;28;96643;2.49;8.96;0.38;0.39
2010;4;6;96;10.5;6.7;3.2;0;-1.4;-2.4;1.2;-4.4;0.14;1.7;2.6;0;539;181;111;88;97170;1.93;0;0.38;0.39
2010;4;7;97;12.2;6.7;-0.1;4.4;1.3;-2.2;-0.1;-0.5;0.14;1.8;2.6;0;655;205;124;90;97051;1.9;0;0.38;0.39
2010;4;8;98;15;9.1;1.8;4.9;3.1;0.4;0.3;2.2;0.14;1.8;2.6;0;613;194;113;81;97036;2.08;0;0.37;0.39
2010;4;9;99;15.8;10.4;4.1;6.5;4.2;2.6;0.8;-2.3;0.15;1.8;2.6;0;593;173;107;65;97221;2.04;0.08;0.37;0.39
2010;4;10;100;10.3;7.2;3.1;2.8;1;-0.3;1.3;-3.6;0.15;1.8;2.6;0;591;175;99;71;96953;2.23;1.55;0.37;0.39
2010;4;11;101;8.5;4.8;2.5;1.4;0.4;-0.7;0.5;-3.4;0.15;1.8;2.6;0.04;560;176;113;69;96454;2.15;2.03;0.37;0.39
2010;4;12;102;5.5;4;1.4;4.3;2.7;0.4;0.5;-2.5;0.15;1.9;2.6;0.15;224;55;68;21;96191;1.24;10.27;0.37;0.39
2010;4;13;103;10.1;7;4.3;6.7;5.6;4;-0.2;-0.1;0.15;1.9;2.6;0.11;193;64;50;16;96013;0.98;2.68;0.38;0.39
2010;4;14;104;9.8;6.6;3.4;8.5;5.6;3.3;0.9;-1.3;0.15;1.9;2.6;0.03;307;95;55;32;95717;1.54;9.25;0.38;0.39
2010;4;15;105;12.2;8;4.9;4.1;3.1;1.5;2.1;-2.4;0.15;1.9;2.6;0;540;138;77;43;95938;2.23;4.62;0.38;0.39
2010;4;16;106;13.5;9.5;6.1;6;4.7;3.7;1.3;-2.8;0.15;2;2.6;0;544;170;100;53;96322;2.43;0.89;0.39;0.39
2010;4;17;107;11.8;7.9;4;3.2;1.4;0;0.1;-2.3;0.15;2;2.6;0;696;232;132;95;96800;2.45;0;0.38;0.39
2010;4;18;108;13.5;8.5;2.3;6.4;3.6;-0.4;0.1;2.3;0.15;2;2.6;0;492;152;82;63;96433;1.73;0.14;0.38;0.39
2010;4;19;109;15.6;10.5;3.4;5.8;3.8;1.9;1.2;-2.3;0.15;2.1;2.7;0;608;203;101;82;95957;2.59;0.34;0.38;0.39
2010;4;20;110;18.1;11.7;4.7;7.7;4.5;1.5;1.4;-0.8;0.15;2.1;2.7;0;642;201;118;80;96109;2.74;1.27;0.37;0.39
2010;4;21;111;15.3;10.7;5.9;5.2;2.7;0;2;-1.6;0.15;2.1;2.7;0;601;188;107;82;96080;2.62;0.56;0.37;0.39
2010;4;22;112;10.1;7.2;4.5;2.3;0.9;-0.8;0.1;-0.1;0.15;2.2;2.7;0;407;156;90;65;96409;2.05;0.8;0.37;0.39
2010;4;23;113;11.6;8.1;3.2;7.4;5;2;-0.6;1.3;0.15;2.2;2.7;0;318;93;70;39;96353;1.02;0.06;0.37;0.39
2010;4;24;114;15.7;11.2;6.1;8;6.8;5.2;-0.2;-1;0.16;2.2;2.7;0;585;174;95;59;96761;2.08;0;0.37;0.39
2010;4;25;115;18.6;12.8;5.2;9.4;7.1;3.9;-0.2;0.1;0.16;2.3;2.7;0;661;210;111;75;97168;2.75;0;0.36;0.39
2010;4;26;116;20.3;13.9;7.3;11.2;8.2;5.4;0.7;0.8;0.16;2.3;2.7;0;677;204;120;67;97066;2.99;3.85;0.36;0.39
2010;4;27;117;15.4;12.6;10;9.9;8.6;6.4;0.8;-1.1;0.16;2.3;2.7;0;378;119;84;42;97234;2.06;3.69;0.37;0.39
2010;4;28;118;16;12.1;7.7;6.3;4.8;3.3;0.3;-2.2;0.16;2.4;2.7;0;662;219;110;82;97354;2.97;0;0.36;0.39
2010;4;29;119;19.3;13.5;5.7;7.7;5.9;2.8;0.6;2.6;0.16;2.4;2.7;0;707;242;123;88;96766;3.4;0;0.36;0.39
2010;4;30;120;22.4;16.6;9.1;13.6;10.3;6.2;0.2;1.4;0.16;2.4;2.7;0;653;214;109;79;96023;3.2;0.36;0.36;0.39
2010;5;1;121;19.2;15.3;10;13;10.4;8.7;0.5;-0.5;0.16;2.5;2.7;0;584;166;78;57;95832;2.44;0.46;0.35;0.39
2010;5;2;122;19.2;15.1;11.2;11.4;10.2;9;0.6;1.5;0.16;2.5;2.7;0;495;141;65;45;95738;2.59;1.46;0.35;0.39
2010;5;3;123;16.2;13.2;11.3;13.2;10.7;8.9;0.3;0.2;0.16;2.6;2.7;0;356;95;53;29;95744;2.19;10.99;0.35;0.39
2010;5;4;124;18.2;14;10.9;13.6;11;9.2;-0.1;-0.2;0.16;2.6;2.7;0;480;122;64;25;96021;2.16;7.91;0.36;0.39
2010;5;5;125;14.9;11.9;10.1;12.5;10.6;9;0.2;-1.8;0.16;2.6;2.7;0;343;103;43;18;95814;1.81;6.18;0.36;0.39
2010;5;6;126;17.6;13.4;8.4;13.4;8.7;5.5;0.4;2.4;0.16;2.7;2.7;0;636;200;113;60;94953;3.36;7.28;0.37;0.39
2010;5;7;127;16.4;11.9;7.2;9.3;7;5.3;0.3;-0.5;0.16;2.7;2.7;0;572;197;98;66;95378;2.95;0.93;0.37;0.39
2010;5;8;128;15;11.5;6.5;8.4;7.7;6;0.4;0;0.16;2.7;2.7;0;448;142;71;53;95649;2.18;1.82;0.37;0.39
2010;5;9;129;17.2;13;8.4;8.9;7.6;6.8;0.1;-0.4;0.16;2.8;2.7;0;524;207;104;67;95696;3.2;0.79;0.37;0.39
2010;5;10;130;18.6;13.9;9.2;12.2;9.9;7;0.6;0.4;0.16;2.8;2.7;0;650;206;103;63;95415;3.31;8.7;0.37;0.39
2010;5;11;131;20.1;14.6;8;11.9;10.1;7.5;0.2;2.2;0.17;2.8;2.8;0;592;208;88;62;95529;3.61;0.93;0.37;0.39
2010;5;12;132;17;13.7;9.1;11.5;10.1;8.4;0.6;0;0.17;2.9;2.8;0;439;109;81;46;95485;2;1.79;0.37;0.39
2010;5;13;133;17.5;12.9;7.6;12.3;10;7.2;0.2;-0.1;0.17;2.9;2.8;0;565;165;91;52;95373;2.57;8.21;0.37;0.39
2010;5;14;134;14.1;11.5;9.4;10.3;9.1;8.2;0.5;-1.9;0.17;2.9;2.8;0;510;139;72;38;95427;2.64;5.56;0.37;0.39
2010;5;15;135;10.5;8.8;6.3;8.2;6.4;4.4;0.9;-4.8;0.17;3;2.8;0;266;82;41;26;95152;3.1;13.93;0.38;0.39
2010;5;16;136;10.1;7.7;4.8;4.8;3;1.2;4.2;-6.5;0.17;3;2.8;0;358;88;35;23;95308;3.82;6.78;0.39;0.39
2010;5;17;137;12.5;10.3;7.8;4.8;2.9;0.5;2.9;-6;0.17;3;2.8;0;342;100;43;32;96030;2.78;1.03;0.39;0.39
2010;5;18;138;12.3;10.3;7.6;7;4.7;2.1;2.5;-4.9;0.17;3;2.8;0;364;134;75;49;96427;2.53;1.1;0.38;0.39
2010;5;19;139;12.7;9.4;6.4;5;3.2;2.2;2.3;-3.6;0.17;3;2.8;0;510;147;79;50;96658;2.56;0.53;0.38;0.39
2010;5;20;140;12.7;10;7.1;7.4;5.9;3.7;2.4;-4.1;0.17;3;2.8;0;397;110;48;21;96930;1.83;0.13;0.38;0.38
2010;5;21;141;16.8;12.8;10.1;12.6;10.3;7.5;2;-4.1;0.17;3;2.8;0;503;141;65;35;96841;2.76;5.76;0.38;0.38
2010;5;22;142;18.7;14.6;11.4;13.5;11.4;10.3;1.7;-3.9;0.17;3;2.8;0;621;198;90;53;96729;3.5;2.34;0.38;0.38
2010;5;23;143;18.7;15.2;11.5;11.1;10.4;9.6;1.3;-3.1;0.17;3;2.8;0;664;227;95;71;96569;3.63;0.31;0.38;0.38
2010;5;24;144;22.2;17;11.4;13.9;10.7;8.9;1.5;-0.2;0.17;3;2.8;0;652;208;87;68;96174;3.65;0.58;0.37;0.38
2010;5;25;145;23.3;17.9;11.5;16.1;12.9;9.4;0.8;-0.1;0.17;3;2.8;0;615;215;96;63;95933;3.69;1.27;0.37;0.38
2010;5;26;146;21.9;16.6;12.4;16.6;14.7;12.3;0.3;0.2;0.17;3;2.8;0;600;159;87;44;95728;2.74;23.95;0.38;0.38
2010;5;27;147;20.2;15.5;11.9;14.6;13;11;0.1;-0.6;0.17;3;2.8;0;586;174;84;51;95721;3.51;25.85;0.39;0.38
2010;5;28;148;20.5;16.1;11;13.4;11.6;9.7;0.2;0;0.17;3;2.8;0;571;204;93;62;96176;3.58;3.37;0.4;0.38
2010;5;29;149;18.6;15.6;12.5;12.4;11.7;10.8;0.5;-2;0.17;3;2.8;0;598;191;80;55;96534;3.41;0.99;0.4;0.38
2010;5;30;150;19.7;14.8;10.8;14.2;11.9;9.3;0.8;0.9;0.17;3;2.8;0;545;157;68;53;95862;2.7;9.05;0.4;0.38
2010;5;31;151;12.5;11;9.4;9.6;5.6;2.9;2.6;-3.1;0.17;3;2.8;0;381;114;66;42;95460;2.71;3.12;0.4;0.38
2010;6;1;152;13.5;11.4;9.5;8.1;6.8;5.6;2.7;-5.1;0.17;3;2.8;0;409;121;53;34;95523;2.52;4.28;0.4;0.38
2010;6;2;153;11.7;10;9.4;9.5;8.5;7.9;1.8;-3.7;0.17;3;2.8;0;307;44;23;10;95458;2.36;19.97;0.41;0.39
2010;6;3;154;15.8;12.9;9.2;11.3;9.9;8.4;1.2;-2.7;0.17;3;2.8;0;370;137;51;33;95923;2.83;6.46;0.41;0.39
2010;6;4;155;19.2;15;12.2;10.9;9.5;8.2;2.4;-4;0.17;3;2.8;0;670;188;96;50;96336;4.26;5.61;0.42;0.39
2010;6;5;156;20.8;16.4;11;13.1;9.7;7.7;0.2;-1.1;0.17;3;2.8;0;741;270;118;90;96903;4.39;0;0.41;0.39
2010;6;6;157;23.7;18.3;11.3;14.1;12.5;9.6;0.2;2.8;0.17;3;2.8;0;654;257;109;79;96458;4.39;0;0.4;0.39
2010;6;7;158;23.2;19.1;13.9;17.2;14.6;12.4;0.5;-0.1;0.17;3;2.8;0;605;207;82;64;96075;3.59;0.38;0.4;0.39
2010;6;8;159;25.5;20.7;14.8;17.7;16;13.4;0;2.3;0.17;3;2.8;0;674;239;88;65;95933;4.28;0.43;0.39;0.39
2010;6;9;160;26.8;21.8;15.2;17.1;15.2;13.9;0.2;3.4;0.17;3;2.8;0;695;267;106;85;95835;5.11;0;0.39;0.39
2010;6;10;161;28;22.7;17.2;16;14.6;12.6;1.3;3.8;0.17;3;2.8;0;722;260;104;84;95825;5.36;0;0.38;0.39
2010;6;11;162;31;24.6;17.9;16.1;14.8;12.9;1.9;2.5;0.17;3;2.8;0;733;276;116;92;95655;5.6;0;0.38;0.39
2010;6;12;163;30.3;24.7;19;19.4;17.3;15;1.1;0.3;0.17;3;2.8;0;712;263;105;76;95671;5.11;0;0.37;0.39
2010;6;13;164;22.7;20.4;17.8;16.8;16.1;15.1;-0.2;-2;0.17;3;2.8;0;457;148;69;39;96040;2.91;0.82;0.37;0.39
2010;6;14;165;21;18.2;13.8;16.2;14.3;11.2;0.2;-1.9;0.17;3;2.8;0;547;185;72;53;96023;3.68;6.14;0.37;0.39
2010;6;15;166;22.5;17.1;12.2;14.6;12.1;8.4;-0.3;-0.9;0.17;3;2.8;0;607;192;92;51;96573;3.51;4.55;0.37;0.39
2010;6;16;167;16.1;14.5;13.1;15.6;13.9;12.3;0;-2.1;0.17;3;2.8;0;128;32;20;8;96403;1.16;30.28;0.38;0.39
2010;6;17;168;19.5;16.6;13.6;15.2;14;12.9;-1.3;0.7;0.17;3;2.8;0;317;91;32;17;96408;2.06;3.37;0.39;0.39
2010;6;18;169;21.4;17.6;14.5;16.4;14.1;10.3;0.4;0.5;0.17;3;2.8;0;559;186;79;41;95612;4.09;14.64;0.4;0.39
2010;6;19;170;18.7;14.8;12.7;13.8;11.1;9;0.6;-1.9;0.17;3;2.8;0;629;165;90;49;95312;3.31;7.23;0.4;0.39
2010;6;20;171;14.7;12.8;11.5;10.3;8.8;7.8;1.4;-4;0.17;3;2.8;0;307;118;48;32;95446;2.19;0.32;0.4;0.39
2010;6;21;172;13.8;12.2;10.2;9.5;8.2;7;2.2;-5.7;0.17;3;2.8;0;419;99;43;24;95928;3.31;9.04;0.4;0.39
2010;6;22;173;17;14.5;11.9;8.2;6.9;5.8;1.2;-6.4;0.17;3;2.8;0;561;202;80;60;96362;3.8;0.05;0.4;0.39
2010;6;23;174;18.5;15.4;12.1;8.1;7;6;0.6;-5;0.17;3;2.8;0;722;260;105;82;96603;4.59;0;0.4;0.39
2010;6;24;175;19;15.9;11.8;9.3;8;6.5;1.2;-3;0.16;3;2.8;0;599;192;87;66;96477;3.76;0.02;0.39;0.39
2010;6;25;176;20.7;16.9;13.1;13.8;11.3;8.1;1.4;-2.6;0.16;2.9;2.8;0;528;182;69;56;96173;3.73;3.54;0.39;0.39
2010;6;26;177;21.1;17.4;12.5;13;11.7;10.8;0.5;-3.6;0.16;2.9;2.8;0;674;222;85;65;96263;4.37;0.83;0.39;0.39
2010;6;27;178;21.9;18.1;14.6;12.3;10.8;8.8;0.4;-4;0.16;2.9;2.8;0;739;273;108;89;96606;4.84;0;0.38;0.39
2010;6;28;179;22.7;18.6;13;15.4;12.6;8.6;1;-2.9;0.16;2.9;2.8;0;685;235;88;72;96677;4.16;0.86;0.38;0.39
2010;6;29;180;24.7;20.5;16.2;15.2;13.4;11.7;0.8;-2.6;0.16;2.9;2.8;0;713;252;108;74;96591;4.72;0.04;0.37;0.39
2010;6;30;181;25.3;21.1;15.5;16.1;13.6;11.7;0.9;-2.4;0.16;2.9;2.8;0;695;249;102;77;96560;4.62;0.15;0.37;0.39
2010;7;1;182;25.6;21.7;17;18.2;15.1;13.7;0.7;-1.7;0.16;2.9;2.8;0;639;234;96;72;96577;4.25;0.09;0.36;0.39
2010;7;2;183;27.6;22.2;15.5;18.5;15.7;13.5;0.3;-0.7;0.16;2.9;2.8;0;669;253;103;73;96614;4.52;0.02;0.36;0.39
2010;7;3;184;27.3;22.6;16.4;17.2;15.5;11.7;0.5;-1.6;0.16;2.9;2.8;0;620;224;87;64;96543;4.28;0.36;0.35;0.39
2010;7;4;185;26.1;21.5;15.3;14.7;12.3;10.6;0.1;-1.7;0.16;2.9;2.7;0;680;264;117;81;96541;4.64;0.78;0.35;0.39
2010;7;5;186;24.3;21;16.9;17.4;15.6;14.4;1.5;-2.3;0.16;2.9;2.7;0;641;198;83;52;96435;3.78;0.91;0.35;0.39
2010;7;6;187;24.1;19.7;15.3;15.1;12.7;10.1;2.4;-3.5;0.16;2.8;2.7;0;650;220;97;67;96530;4.07;0.47;0.34;0.39
2010;7;7;188;19.7;16.8;13.7;9.9;8.4;7;1.3;-3.6;0.16;2.8;2.7;0;636;216;93;77;96971;3.93;1.29;0.34;0.39
2010;7;8;189;23;18;11.3;12;9.5;7.5;0.6;-1.8;0.16;2.8;2.7;0;733;273;124;91;97067;4.19;0;0.34;0.39
2010;7;9;190;26.3;21;12.3;13.9;11;9.2;0;-1;0.16;2.8;2.7;0;733;272;123;88;97047;4.38;0;0.33;0.38
2010;7;10;191;28.4;22.7;14.5;16.2;12.5;9.2;-0.1;-0.4;0.16;2.8;2.7;0;732;271;126;86;96945;4.41;0;0.33;0.38
2010;7;11;192;29.6;24;15.9;16.5;15;13.4;0;1;0.16;2.8;2.7;0;713;242;105;71;96694;4.15;0;0.32;0.38
2010;7;12;193;29.4;24.7;17.6;19;16.4;15.6;0.4;1.2;0.16;2.8;2.7;0;648;220;98;68;96368;3.83;0.22;0.32;0.38
2010;7;13;194;29.5;24.6;19.3;20.6;17.5;15.8;1.3;-0.5;0.16;2.8;2.7;0;675;229;90;65;96066;3.95;0.29;0.32;0.38
2010;7;14;195;29.9;25.4;18.4;20.3;18;16.8;0.2;0.6;0.16;2.8;2.7;0;606;225;94;68;96087;3.79;0.23;0.31;0.38
2010;7;15;196;29.8;25.2;20.7;22.3;20;18.5;-0.1;-0.7;0.16;2.8;2.7;0;608;206;75;54;96187;3.61;6.32;0.31;0.38
2010;7;16;197;30.1;25.5;20;21.3;20.3;19.4;-0.5;0.9;0.16;2.8;2.7;0;653;226;78;53;96581;4.08;0.49;0.31;0.38
2010;7;17;198;30.4;25;20;21.4;20.2;18.4;0.2;0.8;0.16;2.8;2.7;0;635;219;79;50;96452;4.12;21.26;0.31;0.38
2010;7;18;199;20.9;18.5;15.6;18.2;13;9.1;2.8;-4.7;0.16;2.8;2.7;0;511;181;60;41;96866;3.93;7.27;0.33;0.38
2010;7;19;200;20.9;18.1;15.4;14;12.6;9;0.8;-3.7;0.16;2.7;2.7;0;496;148;52;39;96996;2.79;0.15;0.33;0.38
2010;7;20;201;25.1;20.3;15.5;17.7;15.5;12.9;0;0.4;0.16;2.7;2.7;0;622;217;87;56;96539;3.66;0.41;0.32;0.38
2010;7;21;202;28.4;23.4;17.6;18.4;17;15.6;0.3;2.1;0.16;2.7;2.7;0;668;240;98;68;96099;4.23;0.07;0.32;0.38
2010;7;22;203;30.7;25;17.7;20.4;18.4;16.3;-0.3;1.4;0.16;2.7;2.7;0;699;246;97;69;96111;4.28;0.17;0.32;0.38
2010;7;23;204;26.2;22.9;18.5;19.5;17.6;16.3;0.6;-1;0.16;2.7;2.7;0;566;180;64;53;96017;3.53;14.61;0.32;0.38
2010;7;24;205;18.9;17.3;14.3;14.9;12;11.1;3.7;-4.2;0.16;2.7;2.7;0;475;160;61;39;95906;3.93;2.46;0.32;0.38
2010;7;25;206;18.2;15.2;13;11;8.3;6.2;2.1;-4.7;0.16;2.7;2.7;0;579;173;74;51;96029;3.46;0.88;0.32;0.38
2010;7;26;207;17;14.8;12.7;11.7;10.3;8.8;1.2;-3.2;0.16;2.7;2.7;0;388;129;83;47;96059;2.47;0.99;0.32;0.38
2010;7;27;208;21.8;17.4;12.8;12.7;11.5;10.2;1.6;-2.6;0.16;2.7;2.7;0;693;226;101;67;96188;3.75;0.83;0.32;0.38
2010;7;28;209;22.6;18.8;15.1;12.2;11.2;10;2.9;-1.7;0.16;2.7;2.7;0;609;211;91;68;96235;3.69;0.27;0.32;0.38
2010;7;29;210;23.1;17.7;13.6;16.8;13.6;11.3;0.3;0.8;0.16;2.7;2.7;0;549;154;89;45;95946;3.14;17.04;0.31;0.38
2010;7;30;211;18.2;15.2;13.1;12.7;11.9;11.2;0.8;-2.1;0.16;2.7;2.7;0;414;94;58;30;96180;2.36;12.36;0.34;0.38
2010;7;31;212;20.8;17.2;13.7;13.8;12.5;11.5;0.8;-2.4;0.16;2.7;2.7;0;479;152;79;51;96546;2.67;0.07;0.34;0.38
2010;8;1;213;25.2;19.7;12.8;15.9;13.6;11.2;0.1;-0.3;0.16;2.7;2.7;0;705;244;112;78;96570;3.98;0;0.33;0.38
2010;8;2;214;26.9;21.7;14.9;17.6;16.1;13.3;-0.2;1.4;0.16;2.7;2.7;0;682;237;101;71;96299;4.08;0.22;0.33;0.38
2010;8;3;215;21.9;19.1;16;17.1;14.9;12.5;1.2;-1.8;0.16;2.7;2.7;0;490;140;59;44;95995;3.08;3.78;0.33;0.38
2010;8;4;216;21.6;17.7;14.5;13.2;11.7;10.6;0.8;-2.8;0.16;2.6;2.7;0;604;198;87;68;96018;3.52;0.02;0.33;0.38
2010;8;5;217;21.4;17.7;12.4;16.7;13.9;10.5;-0.5;0.3;0.16;2.6;2.7;0;471;153;70;51;95657;2.45;6.52;0.33;0.38
2010;8;6;218;18.4;16.2;14.2;15.7;13.4;10.1;1.7;-2.1;0.16;2.6;2.7;0;318;84;62;21;95839;2.85;25.71;0.34;0.38
2010;8;7;219;17.3;15.5;13.7;14;12.6;10.5;1.6;0;0.16;2.6;2.7;0;274;78;36;22;96315;2.63;19.72;0.36;0.37
2010;8;8;220;23.8;18.9;14.2;14.4;12.8;10.8;0.6;0.1;0.16;2.6;2.7;0;613;196;97;60;96531;3.62;0.1;0.37;0.37
2010;8;9;221;21.6;17.6;14;16.5;14.6;13.2;0.4;0.2;0.16;2.6;2.7;0;600;177;102;57;96600;3.18;16.99;0.37;0.37
2010;8;10;222;22.4;18.3;12.3;16.4;14.6;11.7;0.1;0.6;0.16;2.6;2.7;0;545;188;83;63;96590;3.13;0.68;0.37;0.37
2010;8;11;223;26;20.6;14.7;17.9;16.1;14;0.5;1.8;0.16;2.6;2.7;0;648;215;96;64;96445;3.74;0.59;0.37;0.37
2010;8;12;224;25.6;21.3;16.8;16.6;15;14.2;-0.1;2.6;0.16;2.6;2.7;0;666;229;99;73;96286;4.16;0.02;0.37;0.37
2010;8;13;225;25;20.4;15.9;19.1;17.3;14.6;-0.2;-0.1;0.16;2.6;2.7;0;585;183;79;48;96340;3.14;16.46;0.36;0.37
2010;8;14;226;25.3;21.3;17;18.2;17.2;15.7;-0.5;1.5;0.16;2.6;2.7;0;600;208;89;57;96390;3.81;2.93;0.37;0.37
2010;8;15;227;25.9;21.9;17.7;20.1;17.2;15;0;3;0.16;2.6;2.7;0;568;191;92;61;96178;3.95;6.91;0.38;0.37
2010;8;16;228;21.9;18.5;14.3;15.2;13.7;10.2;0.5;0.6;0.16;2.6;2.7;0;404;158;97;69;96125;2.86;2.55;0.37;0.37
2010;8;17;229;20.3;17;13.1;15.2;12.4;9.7;0.5;0.2;0.15;2.6;2.7;0;491;142;79;51;96210;2.57;4.72;0.37;0.37
2010;8;18;230;19.8;17.3;14.2;15.8;14.4;13.3;0.6;1.6;0.15;2.6;2.7;0;320;101;50;33;96128;1.99;0.99;0.38;0.37
2010;8;19;231;22.1;18.3;15.6;16.1;14.9;14.1;0.6;0.2;0.15;2.6;2.7;0;462;110;80;43;96510;2.07;1.71;0.37;0.37
2010;8;20;232;20.9;17.5;13.9;14.1;12.9;11.7;-0.1;0.7;0.15;2.6;2.7;0;325;125;68;48;97131;2.22;0.02;0.37;0.37
2010;8;21;233;24.4;19.4;14.2;17.2;15.2;13.1;-0.1;0.1;0.15;2.6;2.7;0;630;204;98;64;97290;3.25;0;0.37;0.37
2010;8;22;234;25.9;20.8;14.3;18.2;16;13.9;0.3;2.1;0.15;2.6;2.7;0;643;212;102;73;96830;3.53;0;0.37;0.37
2010;8;23;235;26.6;21.9;16.7;18;16;14;0.6;2.9;0.15;2.5;2.7;0;644;211;99;72;96004;3.78;0;0.36;0.37
2010;8;24;236;21.4;19.2;17.2;17.7;16.1;14.4;1.1;0.2;0.15;2.5;2.7;0;243;86;62;40;95937;1.93;5.37;0.36;0.37
2010;8;25;237;20.7;17.4;14.1;14.3;11.5;8.1;1;-1.2;0.15;2.5;2.7;0;477;128;75;52;96561;2.59;0.77;0.36;0.37
2010;8;26;238;25.8;20;13.5;17.7;15.4;12.3;1;1.8;0.15;2.5;2.7;0;639;202;100;65;96380;3.38;0;0.36;0.37
2010;8;27;239;26.8;19.7;14.9;19.5;16.4;12.8;1;0.9;0.15;2.5;2.7;0;534;128;75;48;95601;2.88;26.11;0.36;0.37
2010;8;28;240;19.7;15.4;12.1;15;11.5;7.1;1.8;-1.8;0.15;2.5;2.7;0;402;82;82;42;95859;2.32;3.51;0.38;0.37
2010;8;29;241;17;13.7;10.7;8.3;6.8;5.3;1.5;-1;0.15;2.5;2.7;0;602;171;98;79;96342;2.79;0.07;0.37;0.37
2010;8;30;242;12.6;11.1;7.6;10.4;8.5;4.7;0.3;0.2;0.15;2.5;2.7;0;179;45;72;39;95850;1.21;8.82;0.38;0.37
2010;8;31;243;11.3;9.7;7;9;6.9;4.4;3.7;-4.2;0.15;2.5;2.7;0;263;67;76;44;95738;3.41;9.68;0.38;0.37
2010;9;1;244;15.6;12.5;9.7;7.5;6;3.9;3.5;-4.4;0.15;2.5;2.7;0;538;168;89;74;96144;2.83;0.07;0.38;0.37
2010;9;2;245;17.1;13.6;10.3;10.5;8.3;6.8;1.6;-1.6;0.15;2.5;2.7;0;464;142;80;63;96459;2.24;0.33;0.38;0.37
2010;9;3;246;16.3;13.2;10.4;11.6;10.5;9.3;0.2;-0.3;0.15;2.5;2.7;0;534;122;85;42;96714;1.95;3.13;0.38;0.37
2010;9;4;247;16.5;12.8;9.5;13.4;10.9;7.3;0.7;0.3;0.15;2.5;2.7;0;284;91;79;48;96568;1.74;13.24;0.38;0.37
2010;9;5;248;14.7;11.4;8;8;6.3;4.9;0.6;-2.5;0.15;2.5;2.7;0;517;158;79;67;96853;2.46;0;0.39;0.37
2010;9;6;249;14.9;11.2;8.3;8.3;7.1;6;0;-1.2;0.15;2.5;2.7;0;543;163;93;63;96704;2.22;0.44;0.39;0.37
2010;9;7;250;12.5;10.2;6.5;10.8;8.9;6;-0.7;2.5;0.15;2.5;2.7;0;168;50;64;24;96194;0.83;3.45;0.39;0.37
2010;9;8;251;17.4;14;10.6;15;12.9;10.5;-0.9;2.4;0.15;2.5;2.7;0;214;61;15;6;95795;1.2;3.66;0.39;0.37
2010;9;9;252;18.8;15.6;12.2;14.7;11.7;9.9;0.5;-0.9;0.15;2.5;2.7;0;397;103;57;32;96303;1.96;13;0.4;0.37
2010;9;10;253;18.1;15;12.3;11;9.9;8.9;1.1;-3.6;0.15;2.5;2.7;0;477;115;70;47;96781;2.04;0.28;0.39;0.37
2010;9;11;254;17.7;14.8;13;11.6;10.7;10;0.9;-3.5;0.15;2.5;2.7;0;384;97;61;45;96815;1.87;0.61;0.39;0.37
2010;9;12;255;18.4;15;11.8;13.2;11.9;10.4;0.3;-1.2;0.15;2.5;2.7;0;329;93;71;39;96766;1.44;0.08;0.39;0.37
2010;9;13;256;19.6;15.1;11.1;13.5;11.5;9.9;1.7;-2.2;0.15;2.5;2.7;0;448;127;74;50;96798;1.99;0.21;0.39;0.37
2010;9;14;257;18.3;15.3;12.4;12.1;10.6;9.6;0.7;-1.7;0.15;2.5;2.7;0;460;131;89;48;97015;2.12;0.15;0.39;0.37
2010;9;15;258;20.9;16.9;13.3;14.5;13.3;11.5;0.4;1.3;0.15;2.5;2.7;0;385;121;83;43;96323;2.02;11.81;0.38;0.37
2010;9;16;259;16.1;14.3;13.2;13.6;12.5;11.9;0;1.1;0.15;2.4;2.7;0;189;47;39;20;96132;1.42;16.52;0.4;0.37
2010;9;17;260;15.8;13.5;11.6;12.7;11.3;9.8;0.2;-0.9;0.15;2.4;2.7;0;242;48;32;17;96127;1.32;17.23;0.41;0.37
2010;9;18;261;15.3;12.3;11;10.4;9.4;7.3;0.4;0.7;0.14;2.4;2.7;0;416;83;57;27;96434;1.71;11.59;0.42;0.38
2010;9;19;262;14.1;11.3;8;10.2;7.2;4.5;0.5;-2;0.14;2.4;2.7;0;270;72;90;44;96498;1.67;4.67;0.42;0.38
2010;9;20;263;16.6;11.4;5.3;7.9;5.9;3.6;0.3;0.8;0.14;2.3;2.7;0;570;171;121;87;96829;2.18;0;0.42;0.38
2010;9;21;264;19.2;13.3;7.4;11.9;9;5.7;0.4;0.9;0.14;2.3;2.7;0;560;166;116;84;96903;2.08;0;0.41;0.38
2010;9;22;265;19.3;13.8;7.9;11.9;10;6.8;0;0.9;0.14;2.3;2.7;0;558;171;115;82;97091;2.06;0;0.41;0.38
2010;9;23;266;19.3;14.6;9.9;11.2;10;8.3;0.2;3.2;0.14;2.3;2.7;0;564;167;117;88;96686;2.24;0;0.4;0.38
2010;9;24;267;20.2;15.7;11.1;13.6;12.4;10.1;-0.2;3.7;0.14;2.2;2.7;0;538;153;94;74;95686;1.98;0.09;0.4;0.38
2010;9;25;268;17.7;14.5;12.2;14.3;12.9;11.6;-0.9;0.5;0.14;2.2;2.7;0;443;78;60;26;94959;1.45;32.41;0.4;0.38
2010;9;26;269;11.6;10.3;8.5;9.7;6.8;5.4;3.2;-3.2;0.14;2.2;2.7;0;211;42;24;10;95064;2.84;17.99;0.42;0.39
2010;9;27;270;15.3;10.9;6.3;9;6.6;4.4;1;1;0.14;2.1;2.7;0;442;116;91;56;95720;1.8;0.16;0.42;0.39
2010;9;28;271;15.1;10.6;6.9;7;5.4;3.7;2;-1;0.14;2.1;2.6;0;384;92;80;43;96042;1.76;2.67;0.42;0.39
2010;9;29;272;12.6;10.3;7.9;7.5;6.5;5.2;1.9;-2.6;0.14;2.1;2.6;0;418;118;87;53;96379;2.08;1.63;0.42;0.39
2010;9;30;273;11.1;8.8;6.8;5.9;4.9;4.2;0.5;-1.3;0.14;2.1;2.6;0;288;68;61;41;96541;0.97;0.46;0.41;0.39
2010;10;1;274;10.1;8.6;6.6;6.9;5.9;4.7;-0.5;1.1;0.14;2;2.6;0;154;43;56;22;96530;0.54;0.05;0.41;0.39
2010;10;2;275;13.8;10.8;8.6;9.3;8.1;6.5;-0.8;1.7;0.14;2;2.6;0;238;62;59;24;96726;0.89;0.28;0.41;0.39
2010;10;3;276;12.4;10.8;9.3;8.5;7.9;6.2;-1.6;3.3;0.14;2;2.6;0;182;48;35;18;96685;0.74;0.11;0.4;0.39
2010;10;4;277;14.9;12.2;9.5;11.9;9.7;6;-1.9;3.9;0.14;2;2.6;0;172;43;31;16;96097;0.68;0.47;0.4;0.4
2010;10;5;278;16.9;12.9;10;13.6;11.6;9.8;-1.6;2;0.14;1.9;2.6;0;235;47;25;12;95952;0.79;5.14;0.4;0.4
2010;10;6;279;11.3;10.3;9.4;9.9;9.6;9.1;-1;0.8;0.14;1.9;2.6;0;71;18;24;8;96682;0.64;3.99;0.41;0.4
2010;10;7;280;15.1;11.7;8.6;9.9;8.4;7.5;-0.3;2.3;0.14;1.9;2.6;0;437;120;104;62;97218;1.4;0;0.4;0.4
2010;10;8;281;12.8;9.6;6.3;7.8;5.7;4.5;-0.6;2.1;0.14;1.9;2.6;0;348;96;72;59;97410;1.16;0.03;0.4;0.4
2010;10;9;282;13.4;8.4;3.9;6.5;4.8;3.4;-0.3;0.6;0.14;1.8;2.6;0;493;133;123;86;97032;1.31;0;0.4;0.4
2010;10;10;283;13.1;7.8;3.8;6.6;4.7;2.4;0.1;0.1;0.14;1.8;2.6;0;479;130;119;82;96345;1.16;0;0.4;0.4
2010;10;11;284;14;7.9;2.6;6.6;4.5;1.8;0.3;0.9;0.14;1.8;2.6;0;480;129;119;80;96276;1.21;0;0.39;0.4
2010;10;12;285;14.1;8.1;2.7;6.6;4.6;2.1;0.3;1.4;0.14;1.8;2.6;0;467;123;121;78;96294;1.17;0;0.39;0.4
2010;10;13;286;12.8;8.3;4.1;7.8;5.9;2.9;-0.1;-0.1;0.14;1.7;2.6;0;371;95;86;53;96248;0.87;0;0.39;0.4
2010;10;14;287;12.7;8.3;5.6;7.2;5.7;3.1;0.3;-1.1;0.14;1.7;2.6;0;430;100;106;63;96022;0.9;0;0.39;0.4
2010;10;15;288;9.9;7.2;4.4;5.3;3.9;2.9;0.5;-1.9;0.14;1.7;2.6;0;224;61;73;40;95934;0.68;0.1;0.39;0.4
2010;10;16;289;10.3;7.6;4.7;5.6;4.8;3.9;-0.1;-0.1;0.14;1.7;2.6;0;294;64;63;38;95784;0.77;0.83;0.38;0.4
2010;10;17;290;7.1;5.5;3.3;5.7;4.6;2.9;0.7;-2.1;0.13;1.7;2.6;0;129;30;54;21;96198;0.89;11.77;0.38;0.4
2010;10;18;291;7;5.9;4.8;4.5;4.1;3.5;1;-3.1;0.13;1.6;2.6;0;124;22;31;10;96418;0.85;3.26;0.39;0.4
2010;10;19;292;7.9;6.6;5.3;3.9;2.9;1.2;1.2;-2.6;0.13;1.6;2.6;0;172;35;37;26;95763;0.57;0.29;0.39;0.4
2010;10;20;293;6.9;4.5;1.8;4.3;1.9;-0.5;1.5;-0.2;0.13;1.6;2.6;0;94;30;85;47;95577;0.59;2.64;0.39;0.4
2010;10;21;294;8.1;3.5;0;-0.7;-2.2;-3.6;2;-0.6;0.13;1.6;2.6;0;443;114;112;81;96932;1.09;0.04;0.39;0.4
2010;10;22;295;10.5;5;0;3.3;1.3;-3.4;0.8;1.6;0.13;1.6;2.6;0;424;112;122;79;97008;0.89;0;0.39;0.4
2010;10;23;296;12;6.4;0.6;5.8;3;-1;0.7;1.5;0.13;1.6;2.6;0;394;100;102;68;96379;0.8;0;0.39;0.4
2010;10;24;297;12.9;7.9;4.7;7;5.1;3.2;0.7;0.1;0.13;1.6;2.6;0;403;85;98;51;95867;1.07;3.99;0.39;0.4
2010;10;25;298;5.9;4.2;2.9;4.2;2.9;1.4;1.1;-4.3;0.13;1.6;2.6;0.23;52;14;13;8;96204;1.76;11.93;0.4;0.4
2010;10;26;299;6.6;4.1;2.6;1.1;0.4;-0.1;1.4;-4.3;0.13;1.6;2.6;0.54;185;41;92;44;97071;1;0.78;0.4;0.4
2010;10;27;300;6.9;2.8;-1.7;0.5;-0.8;-2.9;0.4;-1.3;0.13;1.6;2.6;0.41;415;104;116;86;97440;0.71;0;0.4;0.4
2010;10;28;301;9.2;3.2;-1.7;0.4;-1.5;-3.6;1;1.4;0.13;1.5;2.6;0.29;405;100;113;73;97148;0.76;0;0.4;0.4
2010;10;29;302;12.1;5.5;0.2;4.5;0.5;-2.7;0.5;2.2;0.13;1.5;2.6;0.2;396;99;110;78;96755;0.84;0;0.39;0.4
2010;10;30;303;12;6.6;1.6;5.8;2.6;-1.7;0.3;3.7;0.13;1.5;2.6;0.09;394;99;108;86;95993;0.76;0;0.39;0.4
2010;10;31;304;13;9.6;5.9;8.2;6.3;3.6;0.7;4.8;0.13;1.5;2.6;0.02;331;67;85;67;95914;0.6;0;0.39;0.4
2010;11;1;305;16.1;11.5;8.3;10.9;8.8;6.4;0.2;3.8;0.12;1.5;2.6;0;333;74;86;63;95976;0.66;0;0.39;0.4
2010;11;2;306;16.2;11.4;7.5;11.1;9.3;7.3;0.4;0.9;0.12;1.5;2.6;0;312;75;87;58;96221;0.6;0.02;0.39;0.4
2010;11;3;307;13.1;9.2;5.7;9.8;7.9;5.3;0.6;0.2;0.12;1.5;2.6;0;214;48;53;39;96649;0.33;0.56;0.39;0.4
2010;11;4;308;17.8;10.5;5.6;11;8;4.8;1.2;0.9;0.12;1.5;2.6;0;362;86;103;63;97233;0.81;0;0.38;0.4
2010;11;5;309;18.5;11;5.8;12.1;8.1;4.7;1;0.1;0.12;1.5;2.6;0;368;88;115;70;97096;0.72;0;0.38;0.4
2010;11;6;310;15.8;9.7;5;10.6;7.7;4.5;0.8;0.6;0.12;1.4;2.6;0;358;87;111;66;96322;0.6;0;0.38;0.4
2010;11;7;311;12.5;9.2;5.8;8.1;7;5.5;0.8;2.7;0.12;1.4;2.6;0;212;40;80;37;95122;0.41;0.27;0.38;0.4
2010;11;8;312;10.3;7.1;5.3;8;5.7;3;0;0.8;0.12;1.4;2.6;0;46;10;49;18;93634;0.77;13.88;0.39;0.4
2010;11;9;313;11.1;7.5;4.8;7.5;4.2;1.3;0.7;3.1;0.12;1.4;2.6;0;306;62;85;52;93305;0.67;6.38;0.39;0.4
2010;11;10;314;9.2;5.7;2.9;5.2;3.3;1.7;1.3;1.8;0.12;1.4;2.6;0;197;51;84;63;94139;0.6;0.25;0.39;0.4
2010;11;11;315;9;6.1;3.5;2.6;1.6;0.3;0.9;0.4;0.12;1.4;2.6;0;262;57;72;46;95682;0.71;0.42;0.39;0.4
2010;11;12;316;13.2;9.1;6.1;7.6;5.6;3.5;1.1;2;0.12;1.4;2.6;0;291;57;70;37;95183;0.8;2.57;0.39;0.4
2010;11;13;317;13.6;8.7;4.4;8.7;5.7;3.2;1;1;0.12;1.4;2.6;0;226;53;88;62;95500;0.37;0;0.39;0.4
2010;11;14;318;14.5;8.2;3.1;8.3;5.2;1.1;1.3;1.7;0.12;1.4;2.6;0;316;74;104;70;95605;0.51;0;0.39;0.4
2010;11;15;319;13.8;8.6;3.5;9.5;6.7;2.8;0.7;1.2;0.11;1.3;2.6;0;274;63;82;58;95846;0.32;0;0.39;0.4
2010;11;16;320;12.8;8.6;4.9;9.7;7.2;4.5;0.5;-0.7;0.11;1.3;2.6;0;210;47;58;40;95964;0.32;0.04;0.39;0.4
2010;11;17;321;10.6;7.9;5.7;7.8;6.1;3.4;0.6;-1.6;0.11;1.4;2.6;0;207;42;62;27;95702;0.49;1.56;0.39;0.4
2010;11;18;322;10.1;8.4;7;7.5;6.9;6.2;0;2;0.11;1.4;2.6;0;107;24;44;17;95708;0.48;0.29;0.39;0.4
2010;11;19;323;7.2;6.1;4.3;7.1;5.6;2.9;0;-0.8;0.11;1.4;2.6;0;74;13;40;13;96327;0.38;4.68;0.39;0.4
2010;11;20;324;7;5.1;3.2;4.7;3.5;2.6;-0.6;1.1;0.11;1.4;2.6;0;132;30;37;23;96502;0.45;0.26;0.39;0.4
2010;11;21;325;7.4;6.2;4.9;6;5.4;4.6;-0.7;2.6;0.11;1.4;2.6;0;133;28;20;8;95756;0.29;3.4;0.39;0.4
2010;11;22;326;9.1;7.3;5.3;8.5;6.6;2.4;-0.1;1.2;0.11;1.4;2.6;0;62;14;41;13;94606;0.32;7.62;0.4;0.4
2010;11;23;327;7.1;4.1;1;3;-0.2;-3.4;1.5;-1.1;0.11;1.4;2.6;0;211;41;97;57;94688;0.54;0.32;0.4;0.4
2010;11;24;328;5.5;1.5;-1.6;-2;-3.5;-4.4;1.9;-0.1;0.11;1.4;2.6;0;246;53;89;75;95147;0.43;0.1;0.4;0.4
2010;11;25;329;5;0.5;-2.4;-0.8;-2.8;-4.8;0.2;0.9;0.11;1.4;2.6;0;237;57;106;71;95363;0.26;0.24;0.39;0.4
2010;11;26;330;2.4;0;-2.1;-0.8;-1.7;-3.1;0.1;0.5;0.12;1.4;2.6;0.57;225;44;79;47;94828;0.37;4.55;0.39;0.4
2010;11;27;331;2.5;-0.5;-3.7;-2.7;-5.3;-8;1.3;-0.8;0.21;1.4;2.6;5.31;265;54;104;58;95258;0.58;1.45;0.39;0.4
2010;11;28;332;2.8;-0.5;-3.7;0.5;-2.3;-5.2;-0.6;0.4;0.25;1.4;2.6;7.96;129;27;63;31;95302;0.17;15.43;0.39;0.4
2010;11;29;333;2.2;-0.9;-3.1;-1.6;-3.6;-6.4;1.5;-0.8;0.4;1.4;2.6;23.04;127;27;85;34;94739;0.28;3.92;0.39;0.4
2010;11;30;334;-1.9;-4.7;-9.6;-4.1;-6.8;-12.2;0;-0.1;0.4;1.4;2.6;22.8;197;39;95;39;96006;0.21;0.16;0.39;0.4
2010;12;1;335;-3.5;-4.1;-4.5;-4.4;-5;-5.5;-0.8;0.6;0.4;1.4;2.6;28.33;33;7;35;8;95047;0.09;11.11;0.39;0.4
2010;12;2;336;-1.7;-3.9;-8.4;-3;-5.2;-9.8;0.2;0.4;0.41;1.4;2.6;35.23;99;19;51;18;95405;0.12;4.81;0.39;0.4
2010;12;3;337;-2.5;-3.4;-6;-4;-4.7;-7.6;0.6;-1.3;0.41;1.4;2.6;42.48;43;9;77;15;95540;0.11;8.01;0.39;0.4
2010;12;4;338;-4.2;-9;-13.2;-7.8;-11.3;-15.4;1.2;-1.7;0.41;1.4;2.6;46.26;180;39;91;65;96566;0.02;0;0.39;0.4
2010;12;5;339;-1.8;-7;-14.5;-6.2;-10.4;-16.9;1.3;2.7;0.41;1.4;2.6;46.18;178;35;73;46;96161;0.27;0;0.39;0.4
2010;12;6;340;3.2;-1;-5.6;0.9;-3.1;-7.7;1.7;1.7;0.4;1.4;2.6;45.73;169;32;63;42;95034;0.03;0;0.38;0.4
2010;12;7;341;5.4;1.8;-0.2;2.2;0.4;-1;1.4;0.9;0.39;1.4;2.6;43.22;180;37;79;37;95101;-0.08;1;0.39;0.4
2010;12;8;342;6.4;3.9;1.4;4.8;3;0.8;1.5;1.2;0.38;1.4;2.6;36.69;153;27;56;31;95175;-0.49;0.47;0.39;0.4
2010;12;9;343;3.4;-0.3;-2.1;1.1;-3.4;-6.7;2.7;-2.8;0.38;1.4;2.6;32.96;37;9;89;44;95731;0.56;4.98;0.4;0.4
2010;12;10;344;-2.1;-2.8;-4.1;-5.3;-7.4;-8.7;2.5;-3.6;0.38;1.4;2.6;34.74;169;36;92;68;96706;0.73;1.53;0.4;0.4
2010;12;11;345;3.1;-1.3;-8.9;-1.7;-5;-11.9;2.8;-0.3;0.38;1.4;2.6;36.78;60;12;86;34;96148;0.42;3.39;0.4;0.4
2010;12;12;346;2.9;1.3;-1.3;-1.8;-2.9;-4.6;3.3;-2.8;0.38;1.4;2.6;37.3;153;32;85;69;95344;0.8;1.12;0.4;0.4
2010;12;13;347;-1.8;-4.7;-7.1;-5.1;-9.1;-12.2;2.1;-4.1;0.37;1.4;2.6;37.28;184;38;94;81;95982;0.69;0.32;0.39;0.4
2010;12;14;348;-4.2;-5.7;-7.5;-9.4;-11;-12.5;2.7;-2.8;0.37;1.4;2.6;37.04;133;30;77;53;96278;0.65;0.44;0.39;0.4
2010;12;15;349;-3.8;-4.8;-7.2;-9.4;-10.1;-10.8;2.4;-2.4;0.38;1.4;2.6;37.12;101;22;65;41;96319;0.63;0.68;0.39;0.4
2010;12;16;350;-4.9;-8.5;-12;-10.7;-12.3;-14.8;0.1;-0.8;0.37;1.4;2.6;37.1;164;34;80;57;96021;0.22;0;0.39;0.4
2010;12;17;351;-5.6;-8.1;-12.9;-9.2;-11.8;-15.4;0.4;3.4;0.37;1.4;2.6;37.1;106;23;62;39;94640;0.33;1.83;0.39;0.4
2010;12;18;352;-4.7;-7.4;-12.1;-9;-10.3;-14.8;0.3;-1;0.39;1.4;2.6;40.21;93;19;70;33;94912;0.19;2.5;0.39;0.4
2010;12;19;353;-2.2;-7.4;-15;-7.7;-12;-18.6;1.5;2.8;0.38;1.4;2.6;40.82;133;28;83;53;95227;0.32;0;0.39;0.4
2010;12;20;354;2.9;-2.7;-6.3;-3.5;-6.7;-9.7;1.1;1.3;0.38;1.3;2.6;40.35;176;37;95;66;95215;0.27;0;0.39;0.4
2010;12;21;355;3;-0.4;-3.3;-1;-3.6;-6.4;0.7;1;0.38;1.3;2.6;39.74;172;34;82;44;95686;0.13;0;0.39;0.4
2010;12;22;356;6.2;3.3;-1.7;3.8;2;-3.3;1.3;2.6;0.37;1.3;2.6;35.98;121;24;66;34;95398;-0.5;0.08;0.39;0.4
2010;12;23;357;8.1;5.3;3.7;6.1;4.4;3;0.8;3.1;0.33;1.3;2.6;24.17;162;33;68;46;94977;-0.76;0.03;0.4;0.4
2010;12;24;358;8.3;5.3;2.3;7.2;4.6;0.5;0.3;1.1;0.26;1.3;2.6;13.73;124;22;61;19;94369;-0.19;5.42;0.41;0.4
2010;12;25;359;1.8;-1;-4;-0.1;-5.2;-8.7;2.6;-4.8;0.26;1.3;2.6;12.19;93;20;68;22;95254;1.11;3.91;0.42;0.4
2010;12;26;360;-4.3;-5;-6;-9.1;-11.4;-13;1.7;-4.3;0.27;1.3;2.6;12.54;136;28;74;54;96643;0.73;0.05;0.41;0.4
2010;12;27;361;-1.6;-3.7;-5.8;-7.9;-9.5;-10.7;0.6;-1.7;0.26;1.3;2.6;12.2;181;38;79;58;96910;0.31;0.02;0.41;0.4
2010;12;28;362;1.6;-3.3;-6.7;-6;-8.3;-10.7;0.3;-0.4;0.26;1.3;2.6;11.92;183;36;74;56;96773;0.19;0.03;0.41;0.4
2010;12;29;363;-2.7;-5.1;-6.9;-7.2;-8.6;-10.5;-0.3;-0.3;0.25;1.3;2.6;11.56;188;40;84;62;97139;0.13;0;0.41;0.4
2010;12;30;364;-0.6;-4.8;-7.1;-4.6;-6.9;-8.8;0.1;0.8;0.25;1.3;2.6;11.26;222;47;105;65;97101;0.1;0;0.41;0.4
2010;12;31;365;0.2;-3.4;-5.9;-3.6;-5.7;-7.7;0.4;0.5;0.24;1.3;2.6;10.88;196;39;86;42;96873;0.09;0;0.4;0.4
2011;1;1;1;2.8;-1.9;-5.3;-1.5;-4.2;-6.5;0.8;0.3;0.23;1.3;2.6;10.27;212;45;89;51;96413;0.06;0;0.4;0.4
2011;1;2;2;1.5;-2.2;-5.3;-3;-5.5;-8.3;1.2;-1;0.23;1.3;2.6;9.97;200;36;95;47;96391;0.17;0.55;0.4;0.4
2011;1;3;3;0.1;-2.6;-4.2;-7;-7.5;-8.6;1.4;-1.5;0.23;1.3;2.6;9.89;211;42;83;61;96736;0.25;0.03;0.4;0.4
2011;1;4;4;-0.6;-3.3;-5.3;-7.2;-8.1;-9.1;0;2.4;0.23;1.2;2.6;9.71;212;46;97;62;96732;0.21;0.01;0.4;0.4
2011;1;5;5;-3.1;-4.8;-6;-7.8;-8.2;-8.7;-0.3;3.4;0.22;1.2;2.6;9.54;160;30;62;42;96528;0.17;0.06;0.4;0.4
2011;1;6;6;0.8;-3.1;-6.1;-5.5;-6.9;-8.6;0.4;3.2;0.22;1.2;2.6;9.38;229;44;89;56;96025;0.17;0.01;0.4;0.4
2011;1;7;7;5.3;0.2;-2.7;0.7;-2.7;-5.8;0.8;1;0.21;1.2;2.5;8.61;191;40;88;41;96256;-0.07;0.01;0.4;0.4
2011;1;8;8;5.5;1.2;-1.9;2.5;-0.2;-2.2;0.8;0.3;0.2;1.2;2.5;7.5;123;27;44;24;96297;-0.02;0.6;0.4;0.4
2011;1;9;9;6.4;0.6;-2.3;3.8;-0.3;-3;0.9;0.2;0.19;1.2;2.5;6.37;215;43;74;42;96241;0.01;0.01;0.4;0.4
2011;1;10;10;5.3;1.9;-0.7;2.3;0.6;-1.5;0.4;-0.2;0.17;1.2;2.5;5.35;158;29;49;14;96696;0.08;2.33;0.4;0.4
2011;1;11;11;4.6;2.6;1.5;4.1;2.4;1.3;-0.2;1.8;0.16;1.2;2.5;4.2;107;21;12;2;96119;-0.05;0.12;0.4;0.4
2011;1;12;12;7.3;2.4;-0.8;2.6;0.2;-1.6;1.2;0;0.15;1.2;2.5;3.13;249;51;90;43;96439;0.32;0.47;0.4;0.4
2011;1;13;13;6.8;3.9;1.4;5.3;2.7;0.4;1.4;1.1;0.14;1.2;2.5;2.4;85;16;17;2;96145;0.12;5.89;0.4;0.4
2011;1;14;14;11.1;6.1;1.5;7.9;4.5;0.7;2;0.1;0.12;1.2;2.5;1.3;200;28;57;25;96368;0.16;1.74;0.4;0.4
2011;1;15;15;9.1;4.3;0;4.1;1.4;-0.8;2.3;-1.5;0.12;1.2;2.5;0.83;256;46;92;54;96873;0.42;0.01;0.4;0.4
2011;1;16;16;11;4;-0.8;5.3;1.4;-1.5;1.1;0.8;0.12;1.2;2.5;0.55;284;59;98;57;97454;0.24;0;0.4;0.4
2011;1;17;17;8.6;2.7;-0.8;4.1;0.6;-2.7;0.4;-0.1;0.11;1.2;2.5;0.41;286;63;98;53;97254;0.23;0.03;0.4;0.4
2011;1;18;18;8.1;2.6;-1.5;3.9;1;-2.3;0.6;0.4;0.11;1.2;2.5;0.33;264;56;77;46;97160;0.19;0.07;0.4;0.4
2011;1;19;19;5.4;1.7;-0.9;3.6;0.5;-1.7;1.3;-1.3;0.11;1.2;2.5;0.32;96;22;46;28;96889;0.37;5.92;0.4;0.4
2011;1;20;20;1.5;-0.4;-1.8;-1.9;-4.3;-6;0.7;-4;0.12;1.2;2.5;0.59;233;52;81;52;96854;0.5;0.19;0.4;0.4
2011;1;21;21;-0.3;-2;-3.4;-4.8;-6.6;-8.9;0.2;-4.4;0.12;1.2;2.5;0.77;256;54;82;61;97248;0.31;0.3;0.4;0.4
2011;1;22;22;-1.6;-3.1;-4.2;-8.5;-9;-9.7;0.4;-4.2;0.12;1.1;2.5;0.89;248;52;78;58;97239;0.12;0.01;0.4;0.4
2011;1;23;23;0.6;-2.2;-4.5;-6.7;-8.7;-10.2;2;-3.1;0.12;1.1;2.5;0.93;286;63;90;69;96679;0.08;0.6;0.4;0.4
2011;1;24;24;-1.7;-3.3;-5.1;-4.7;-7.5;-9.7;0.6;-2;0.16;1.1;2.5;3.11;298;65;107;61;96597;0.1;2.18;0.4;0.4
2011;1;25;25;3.2;-0.9;-4;-3;-4.9;-8.4;0.8;1.5;0.18;1.1;2.5;4.04;230;49;82;37;95985;0.07;1.23;0.4;0.4
2011;1;26;26;2.7;-1.4;-4.5;-1.5;-4;-6.3;0.8;0.5;0.18;1.1;2.5;4.43;212;47;83;53;95542;0.3;1.81;0.4;0.4
2011;1;27;27;0.3;-1.9;-4.5;-2.4;-3.6;-6;-1.1;-0.2;0.2;1.1;2.5;5.31;129;27;56;24;96287;0.27;1.91;0.39;0.4
2011;1;28;28;-2.4;-4.1;-5.4;-4.4;-6;-7.3;-0.6;-0.2;0.21;1.1;2.5;6.26;172;37;65;40;97045;0.14;0.03;0.39;0.4
2011;1;29;29;-1;-4;-6.2;-6.3;-7.2;-7.8;-0.3;2.3;0.21;1.1;2.5;6.16;218;52;72;50;96911;0.17;0;0.39;0.4
2011;1;30;30;-0.8;-3.9;-5.7;-5.8;-6.7;-7.6;-0.7;1.9;0.21;1.1;2.5;6.07;212;50;66;50;96635;0.12;0;0.39;0.4
2011;1;31;31;-1.2;-3.6;-5.4;-6.1;-6.8;-7.6;-0.8;1.3;0.21;1.1;2.5;5.98;217;48;68;40;97001;0.13;0.02;0.39;0.4
2011;2;1;32;0.3;-3.2;-5.8;-5.3;-6.7;-8;-0.5;0.8;0.2;1.1;2.5;5.78;277;67;93;63;97141;0.13;0;0.39;0.4
2011;2;2;33;2.6;-1.7;-4.3;-6.7;-7.6;-9.1;0.8;-1.2;0.19;1.1;2.5;5.36;336;79;118;72;97287;0.15;0;0.39;0.4
2011;2;3;34;4.7;-0.6;-4.2;-2.7;-5.1;-7.7;0.6;0.4;0.19;1.1;2.5;4.68;324;76;110;59;97311;0.07;0.1;0.39;0.4
2011;2;4;35;6.9;1.4;-2.3;-1;-2.4;-3.6;1;1.1;0.17;1.1;2.5;3.89;330;74;102;55;97310;0.09;0;0.39;0.4
2011;2;5;36;10.6;3.9;-1.4;4;-0.6;-3.6;0.9;0.7;0.16;1.1;2.5;2.86;355;84;113;58;97007;0.13;0;0.39;0.4
2011;2;6;37;12;4.1;-1.6;4.1;-0.7;-3.6;1.4;0.3;0.14;1.1;2.5;1.88;339;81;105;59;97180;0.29;0;0.39;0.4
2011;2;7;38;11.7;2.7;-2.5;4.4;-1.2;-4.8;1;0.5;0.13;1.1;2.5;1.2;385;93;126;77;96999;0.24;0;0.39;0.4
2011;2;8;39;11.3;3.5;-2.6;1.6;-2.1;-9.5;1.6;-1.1;0.13;1.1;2.5;0.79;387;93;121;74;96721;0.32;0;0.39;0.4
2011;2;9;40;6.8;2.2;-2.4;2;-0.3;-3.1;0.4;-0.4;0.12;1.1;2.5;0.52;290;60;66;47;97076;0.25;0.1;0.38;0.4
2011;2;10;41;7.5;1.9;-2.1;1.5;-0.8;-2.9;0.8;1.5;0.12;1.1;2.5;0.38;390;96;112;76;96924;0.29;0;0.38;0.4
2011;2;11;42;9.4;4.5;-0.5;5.6;1.4;-2.6;1.8;0.9;0.12;1.1;2.5;0.26;227;48;75;33;96096;0.35;2.3;0.38;0.4
2011;2;12;43;5.9;1.4;-1.6;3.4;-3.6;-8.4;0.3;-2.1;0.12;1.1;2.5;0.43;336;72;87;38;96412;0.73;4.63;0.39;0.4
2011;2;13;44;2.2;-0.3;-1.7;-3;-4.6;-6.9;-0.7;1.7;0.14;1.1;2.5;1.28;206;49;46;32;96327;0.23;0.85;0.39;0.4
2011;2;14;45;1.3;-0.4;-1.6;-1.2;-2.1;-3.3;-1.1;1.5;0.14;1.1;2.5;1.67;134;32;26;15;96035;0.13;0.63;0.38;0.4
2011;2;15;46;-1.2;-1.8;-2.4;-3.5;-4.7;-5.1;-1.3;3;0.15;1.1;2.5;2.44;107;27;32;18;95622;0.16;0.87;0.38;0.4
2011;2;16;47;3.4;0.2;-1.9;0.9;-1.4;-3.7;-0.8;2.1;0.16;1.1;2.5;2.9;205;48;36;15;95285;0.14;1.3;0.38;0.4
2011;2;17;48;2.4;0.1;-1.6;0.1;-1.2;-2.7;-1;1.8;0.18;1.1;2.5;4.31;226;48;28;16;95249;0.28;1.2;0.38;0.4
2011;2;18;49;4.3;1;-1.3;0;-0.9;-1.8;0.3;-1.7;0.18;1.1;2.5;3.84;286;64;61;38;95799;0.32;0;0.38;0.4
2011;2;19;50;5.2;1.5;-1.4;-0.5;-1.4;-3.7;0.9;-3.2;0.17;1.1;2.5;3.07;271;80;74;56;96106;0.48;0.09;0.38;0.4
2011;2;20;51;0.4;-2;-5.1;-4.1;-6.3;-11;-0.2;-2.5;0.16;1.1;2.5;2.8;224;58;79;46;96290;0.4;0.21;0.38;0.4
2011;2;21;52;-2.8;-5.1;-6.5;-10.8;-12;-13.8;0.3;-3.2;0.16;1.1;2.5;2.98;358;84;76;47;96341;0.26;0.27;0.38;0.4
2011;2;22;53;-2.2;-5.3;-7.9;-10.3;-11.8;-13.9;0.1;-2.5;0.16;1.1;2.5;2.99;408;95;91;62;96234;0.15;0.05;0.38;0.4
2011;2;23;54;-3.4;-6.6;-9.4;-13.9;-14.7;-15.1;0.7;-4;0.16;1.1;2.5;2.88;430;113;105;90;96926;0.12;0.01;0.38;0.4
2011;2;24;55;-0.2;-4.9;-9;-12.6;-13.9;-15.2;0.4;-3.1;0.16;1.1;2.5;2.75;468;125;128;100;97325;0.13;0;0.38;0.4
2011;2;25;56;-1.1;-4.4;-6.7;-10.7;-11.9;-13.6;0.7;-4.4;0.16;1.1;2.5;2.6;446;116;104;88;97380;0.09;0;0.38;0.4
2011;2;26;57;3.7;-1.6;-5.7;-5.1;-7.7;-11.2;-0.1;0.6;0.15;1.2;2.5;2.34;457;119;117;81;96945;0.07;0;0.38;0.4
2011;2;27;58;4;-0.5;-2.9;-2.7;-4.3;-5.6;-0.4;2.1;0.15;1.2;2.5;2.07;452;117;111;71;96331;0.11;0.3;0.37;0.4
2011;2;28;59;4.8;-0.1;-3.1;-1.1;-3.1;-4.6;-0.4;0.2;0.15;1.2;2.5;1.83;468;123;118;70;96986;0.12;0;0.37;0.4
2011;3;1;60;1.5;-0.6;-3.3;-2.2;-3.5;-5.4;-0.6;-0.6;0.15;1.2;2.5;1.74;181;48;75;30;97622;0.11;0.35;0.37;0.4
2011;3;2;61;1.8;-1.5;-4.7;-4.2;-6.2;-8;-1;-0.7;0.15;1.2;2.5;1.83;477;113;110;59;97714;0.16;0.45;0.37;0.4
2011;3;3;62;1;-1.2;-2.8;-3.6;-4.4;-5.5;-0.8;2.2;0.16;1.2;2.5;2.46;251;63;60;29;97689;0.12;0.41;0.37;0.4
2011;3;4;63;5.3;0.3;-3.4;-1.7;-3.3;-5.3;-0.2;1.8;0.15;1.2;2.5;2.14;452;119;101;70;97613;0.22;0;0.37;0.4
2011;3;5;64;6.2;0.7;-3.2;-0.6;-2.8;-4.6;0.3;0.2;0.15;1.2;2.5;1.55;471;127;125;75;96801;0.36;0;0.37;0.4
2011;3;6;65;3;0.4;-2.3;-2.3;-6.8;-11.4;0.5;-4.4;0.14;1.2;2.5;1.28;407;102;94;70;96846;0.59;0.2;0.37;0.4
2011;3;7;66;0.9;-2.1;-3.8;-9.1;-11.3;-12.9;-0.1;-3.4;0.14;1.2;2.5;1.28;500;137;109;94;97969;0.33;0;0.37;0.4
2011;3;8;67;4.3;-0.7;-5;-9.8;-11.2;-12.8;0;2.4;0.14;1.2;2.5;1.19;532;150;131;96;97776;0.19;0;0.37;0.4
2011;3;9;68;7.8;1.5;-3.7;-3.2;-6.7;-10.4;0.3;1.9;0.14;1.2;2.5;0.94;529;150;129;89;96866;0.42;0;0.37;0.4
2011;3;10;69;10.9;3.9;-1.2;4.5;0.3;-5.3;1;0.8;0.13;1.3;2.5;0.61;380;92;79;51;96558;0.62;0.96;0.37;0.4
2011;3;11;70;13.1;6.1;-1.3;3.8;1;-2.3;0.6;0.2;0.13;1.3;2.5;0.31;484;138;111;68;96624;0.97;0.11;0.37;0.4
2011;3;12;71;11.1;6.5;0.9;2.6;0.4;-1.8;0.9;3.5;0.13;1.3;2.5;0.16;548;157;118;81;96290;1.03;0;0.36;0.4
2011;3;13;72;13.5;8.8;4.4;3.8;1.9;-1.7;1.8;4.8;0.13;1.3;2.6;0.05;468;132;91;73;95904;1.29;0;0.36;0.4
2011;3;14;73;16.3;9.4;3.5;8.8;5.4;3;1.8;2.4;0.13;1.3;2.6;0;538;140;99;70;96319;1.29;2.64;0.36;0.4
2011;3;15;74;15.7;8.9;0.7;8.1;5.1;0.1;0.4;1.5;0.13;1.3;2.6;0;537;141;104;67;96470;1.32;0.64;0.36;0.4
2011;3;16;75;10.1;8;5.1;8.7;6.8;4.5;-0.9;1.8;0.13;1.3;2.6;0;161;47;65;30;96010;0.69;5.33;0.36;0.4
2011;3;17;76;12.4;9.3;6.5;8.8;7.3;5.7;-0.1;1.8;0.13;1.3;2.6;0;268;58;62;22;95085;0.83;8.22;0.37;0.4
2011;3;18;77;6.1;4.9;2.6;5.2;3.2;1.7;2;-2.6;0.13;1.4;2.6;0;172;49;34;22;96063;1.82;9.62;0.37;0.4
2011;3;19;78;6.1;3.6;1.9;1.6;-0.8;-2.8;1;-5.4;0.13;1.4;2.6;0.07;326;93;73;39;96977;1.5;1.41;0.38;0.4
2011;3;20;79;6.3;2.8;0.2;-3.2;-4.2;-5.4;0.5;-4.7;0.13;1.4;2.6;0.17;518;145;97;75;97599;1.19;0;0.38;0.4
2011;3;21;80;7.4;3.1;-0.5;-2;-3.3;-4.1;0.2;-2.9;0.13;1.4;2.6;0.1;548;164;109;86;97978;1.24;0;0.38;0.4
2011;3;22;81;11.4;5;-1.5;1.2;-1.4;-4.4;0.9;-1.3;0.13;1.4;2.6;0.05;580;173;124;84;98077;1.38;0;0.37;0.4
2011;3;23;82;13.8;8.1;2.6;3.9;1.2;-2.2;1.1;-3.2;0.13;1.5;2.6;0.02;589;172;115;80;98021;1.6;0;0.37;0.4
2011;3;24;83;16.7;9.6;2.2;6.1;1.7;-0.2;1;-1.6;0.13;1.5;2.6;0;603;184;131;93;97781;1.86;0;0.37;0.4
2011;3;25;84;17.9;10.3;1.8;7;3.4;0;1;0.1;0.13;1.5;2.6;0;603;178;131;80;96628;1.81;0.06;0.37;0.4
2011;3;26;85;14.4;8.4;2.6;5.5;3.3;1;0.7;-1.5;0.14;1.5;2.6;0;449;134;87;59;96004;1.48;1.34;0.36;0.4
2011;3;27;86;5.6;4.5;3.4;4.1;2.7;1.2;-0.6;0.4;0.14;1.5;2.6;0.13;226;60;38;19;96318;1.09;7.03;0.37;0.4
2011;3;28;87;10.5;6.4;3;4.8;3.4;2.5;0;-0.1;0.14;1.6;2.6;0.11;452;114;72;41;96063;1.23;0.41;0.37;0.4
2011;3;29;88;12.7;7.2;1.2;3.4;1.2;-0.1;0.2;-0.5;0.14;1.6;2.6;0.02;560;180;115;83;96392;1.77;0;0.37;0.39
2011;3;30;89;15.5;8.8;1.5;3.9;1.6;-0.5;0.9;1.7;0.14;1.6;2.6;0;629;196;128;87;96440;1.95;0.01;0.37;0.39
2011;3;31;90;16.2;9.8;2;7.5;4.1;0;1;0.7;0.14;1.6;2.6;0;575;178;123;75;96810;1.98;1.7;0.36;0.39
2011;4;1;91;16.3;11.8;7.6;9.4;7;4.2;1.8;-0.9;0.14;1.6;2.6;0;445;122;83;44;97021;1.65;3.43;0.36;0.39
2011;4;2;92;17.5;12.5;7;8.9;6.8;5.6;0.3;-0.5;0.14;1.7;2.6;0;500;154;97;67;96863;1.77;0;0.36;0.39
2011;4;3;93;18.4;12.3;6.3;9;7.1;4.6;-0.4;1.3;0.14;1.7;2.6;0;626;180;119;74;96313;2.01;0.02;0.36;0.39
2011;4;4;94;20.1;10.6;6.1;10.2;6.7;4.1;1.7;-1.3;0.14;1.7;2.6;0;620;141;109;53;96308;2.65;9.69;0.36;0.39
2011;4;5;95;12.8;9.4;6.3;4.7;3.3;2.6;1.5;-3.5;0.14;1.7;2.6;0;526;164;93;75;97165;2.03;0.41;0.37;0.39
2011;4;6;96;16.4;11.6;5.3;7.7;5.4;1.4;1.9;-1.9;0.14;1.7;2.6;0;432;114;83;49;97331;1.46;0;0.36;0.39
2011;4;7;97;24.3;17.8;11.5;11.1;8.6;6.2;2.4;-2;0.14;1.8;2.6;0;576;190;114;76;96734;2.91;0;0.36;0.39
2011;4;8;98;16.3;13.7;10.6;6.2;3.5;0.9;2.8;-3.4;0.14;1.8;2.6;0;611;184;104;79;96291;2.62;0;0.36;0.39
2011;4;9;99;15.1;11.8;7.4;4;1;-1.2;2.3;-5.2;0.15;1.8;2.6;0;660;206;125;95;96279;2.76;0;0.35;0.39
2011;4;10;100;14.2;10;4.3;1.3;-0.1;-1.8;1.7;-4.3;0.15;1.8;2.6;0;674;215;124;98;96689;2.55;0;0.35;0.39
2011;4;11;101;14.7;10.9;7.3;7;3.8;0;0.8;-2.1;0.15;1.8;2.6;0;375;107;89;57;96721;1.51;0;0.35;0.39
2011;4;12;102;17.1;11.2;6.3;7.3;4;-0.7;3.2;-2.5;0.15;1.9;2.6;0;539;142;85;62;96012;2.01;0.69;0.35;0.39
2011;4;13;103;8.5;5.8;3.4;0.6;-1.4;-3.2;3.6;-3.7;0.15;1.9;2.6;0.01;625;203;109;77;96155;2.31;1.89;0.35;0.39
2011;4;14;104;8.5;5.6;3.8;2.1;1;-0.2;2.4;-4;0.15;1.9;2.6;0.1;490;139;75;50;96080;2.17;2.28;0.35;0.39
2011;4;15;105;10.1;6.2;2.7;3.5;1.5;0.7;0.7;-3.3;0.15;1.9;2.6;0.05;578;183;95;73;96452;2.1;1.54;0.34;0.39
2011;4;16;106;10.8;6.9;2.7;3.3;1.7;0.8;0.1;-1.4;0.15;2;2.6;0.02;597;176;111;72;96854;2;0.94;0.34;0.39
2011;4;17;107;13;8.3;2.1;3.2;1.4;-0.2;0.3;-0.4;0.15;2;2.6;0;639;160;117;64;97093;1.82;0.11;0.34;0.39
2011;4;18;108;14.8;9.7;2.8;4.6;1.9;0.6;0.2;0.6;0.15;2;2.6;0;578;170;110;73;96959;2.03;0;0.34;0.39
2011;4;19;109;16.4;10.6;3.4;6.1;2.3;0.2;0.2;-0.1;0.15;2.1;2.7;0;572;193;118;78;96610;2.37;0;0.34;0.39
2011;4;20;110;19.3;12.7;4.4;5.6;3.8;1.3;0.2;1.5;0.15;2.1;2.7;0;695;234;134;93;96589;2.89;0;0.34;0.39
2011;4;21;111;20.7;14.4;7.5;8;6;3.8;-0.1;2.1;0.15;2.1;2.7;0;693;234;129;93;96447;2.99;0;0.33;0.39
2011;4;22;112;20.9;14.7;7.1;8;5.5;4.3;0;2.2;0.15;2.2;2.7;0;697;233;125;90;96209;3.1;0;0.33;0.39
2011;4;23;113;21.4;15.4;7.8;6.9;4.4;2.8;0.1;3;0.15;2.2;2.7;0;687;236;130;94;96080;3.26;0;0.33;0.39
2011;4;24;114;20.8;14.2;7.4;10.3;7.7;4.2;0.5;-0.1;0.16;2.2;2.7;0;683;212;124;81;96163;2.84;3.01;0.32;0.39
2011;4;25;115;17.2;12.8;9.4;9.8;7.9;5.6;-0.1;-1.5;0.16;2.3;2.7;0;593;193;101;69;96436;2.59;7.09;0.32;0.39
2011;4;26;116;12.5;10.2;8.2;11.2;9.3;7.6;-0.3;-1.1;0.16;2.3;2.7;0;272;71;39;25;96388;1.46;10.02;0.33;0.39
2011;4;27;117;16.6;11.6;7;9.7;8.3;6.1;-0.2;-1.2;0.16;2.3;2.7;0;540;177;85;57;96275;2.5;1.86;0.34;0.39
2011;4;28;118;17.2;12.2;6.3;9.8;7.4;5.6;-0.1;-0.5;0.16;2.4;2.7;0;587;175;91;58;96098;2.57;0.32;0.34;0.39
2011;4;29;119;16.7;12.6;8.7;10.5;8.3;5.2;-0.3;-0.1;0.16;2.4;2.7;0;631;193;95;62;95950;2.57;3.19;0.33;0.39
2011;4;30;120;17.2;11.9;6;10.4;8.6;5.5;-0.2;0.2;0.16;2.4;2.7;0;648;201;107;72;95646;2.83;5.32;0.33;0.39
2011;5;1;121;15.7;10.6;5.3;11.7;8.3;4.9;0.5;-2.2;0.16;2.5;2.7;0;619;151;92;58;95430;2.4;5.1;0.34;0.39
2011;5;2;122;15.7;11;5.7;6.1;3.9;0.7;-0.4;-0.4;0.16;2.5;2.7;0;721;232;131;84;95631;3.21;0.07;0.34;0.39
2011;5;3;123;16.6;9.4;3;9.8;5;-2.3;0.9;-2;0.16;2.6;2.7;0;526;147;87;51;95478;2.88;9.41;0.34;0.39
2011;5;4;124;10.1;6;1.8;-1.4;-2.5;-3.5;1;-3.9;0.16;2.6;2.7;0;639;218;102;89;96471;2.72;0;0.34;0.39
2011;5;5;125;11.5;7.2;2.5;1.8;-1.4;-3.1;0.4;-2.3;0.16;2.6;2.7;0;668;225;109;86;97165;2.8;0.01;0.34;0.38
2011;5;6;126;15.2;9.6;2.2;4.7;1.8;-1.8;-0.1;2;0.16;2.7;2.7;0;730;254;131;96;97377;3.1;0;0.34;0.38
2011;5;7;127;17.5;11.8;4.4;6.3;4.1;2.1;0.2;-1.9;0.16;2.7;2.7;0;727;255;130;97;97028;3.43;0;0.33;0.38
2011;5;8;128;11.6;8.9;5.5;7.7;4.1;0.9;0.4;-2.7;0.16;2.7;2.7;0;369;95;84;51;97019;2.01;5.17;0.33;0.38
2011;5;9;129;16.5;11;3.4;6.3;4.4;1.6;0.1;-1.6;0.16;2.8;2.7;0;645;216;106;77;97516;2.93;0;0.33;0.38
2011;5;10;130;20.5;14.5;6.5;10;6.5;2.8;0.3;-0.4;0.16;2.8;2.7;0;716;254;131;90;97411;3.65;0;0.33;0.38
2011;5;11;131;21.6;15.9;9.1;9.7;7.2;5;0.6;-1.7;0.17;2.8;2.8;0;712;252;126;88;96895;3.92;0;0.33;0.38
2011;5;12;132;22.6;16.9;9.1;12.5;9.2;6.8;0.3;0.2;0.17;2.9;2.8;0;612;222;110;71;96411;3.6;1.71;0.32;0.38
2011;5;13;133;18.6;15.5;12.5;11.8;8.1;5.1;0.8;-2.2;0.17;2.9;2.8;0;577;215;108;71;96732;3.57;0.14;0.32;0.38
2011;5;14;134;21.3;15;9.8;13.8;9.9;5.2;0.4;1.3;0.17;2.9;2.8;0;602;172;84;53;96320;2.63;8.52;0.32;0.38
2011;5;15;135;11.5;9.4;8.2;9.8;6.7;4.5;1.9;-3.7;0.17;3;2.8;0;226;59;44;26;96256;2.85;13.32;0.33;0.38
2011;5;16;136;13.8;10.7;7.8;6.6;4.8;3.6;1.6;-4.1;0.17;3;2.8;0;541;183;84;61;96831;3.1;1.21;0.33;0.38
2011;5;17;137;17.2;13.2;8.9;10.3;7.6;5.1;0.6;-1.8;0.17;3;2.8;0;399;154;82;54;96977;2.51;0.23;0.33;0.38
2011;5;18;138;20.8;15.2;7.2;10.9;9;6.5;0.2;1.5;0.17;3;2.8;0;667;236;104;77;96856;3.64;0.11;0.33;0.38
2011;5;19;139;23.1;17.8;11.7;11.8;9.3;8.3;0.6;2.9;0.17;3;2.8;0;715;256;117;86;96674;4.39;0;0.33;0.38
2011;5;20;140;22.4;17.9;12.3;14;12.1;9.3;0.8;1.2;0.17;3;2.8;0;651;221;104;73;96682;3.59;0.94;0.32;0.38
2011;5;21;141;22.9;17.7;11.4;14.3;12.2;9.6;0.6;-0.8;0.17;3;2.8;0;686;228;106;73;96816;3.74;1.81;0.32;0.38
2011;5;22;142;23.6;18.4;11.6;13.7;11.7;10.3;0.8;1.4;0.17;3;2.8;0;699;237;108;74;96696;3.98;0.11;0.32;0.38
2011;5;23;143;22.2;18.6;14;14.4;12.5;10.5;1.1;-2.6;0.17;3;2.8;0;671;232;93;67;97064;3.76;0.51;0.31;0.38
2011;5;24;144;25.4;20;11.8;14.5;11.7;9.8;0.4;-0.1;0.17;3;2.8;0;664;241;113;77;96926;3.9;0.01;0.31;0.38
2011;5;25;145;19.9;16.5;11.7;12.2;7.2;4.6;0.4;-3.6;0.17;3;2.8;0;718;260;119;88;97203;3.99;0;0.31;0.38
2011;5;26;146;23.9;18;10.9;10.7;7.8;3.7;0.3;2.6;0.17;3;2.8;0;729;268;122;92;96658;4.06;0;0.3;0.38
2011;5;27;147;25.3;17.6;10;14;11.5;7.9;0.8;-0.4;0.17;3;2.8;0;675;228;103;69;96089;4.38;9.71;0.3;0.38
2011;5;28;148;13.1;10.7;9.4;9;7.2;4.9;2.3;-3.1;0.17;3;2.8;0;245;80;83;34;96337;2.89;7.5;0.31;0.38
2011;5;29;149;20.2;14.7;7.7;11;7.1;4.4;0.7;-1.2;0.17;3;2.8;0;608;239;106;83;96673;3.66;0;0.31;0.38
2011;5;30;150;23;17.6;9.6;11.4;9.6;7.7;-0.3;2.2;0.17;3;2.8;0;695;264;117;84;96741;4.19;0;0.31;0.38
2011;5;31;151;24.9;19.8;14.4;14;12.5;9.7;-0.3;2.9;0.17;3;2.8;0;684;248;96;76;96257;4.11;0.49;0.3;0.38
2011;6;1;152;21;17.3;13.8;15.2;12.6;11;1;-2.1;0.17;3;2.8;0;516;182;80;58;96496;3.41;8.96;0.31;0.38
2011;6;2;153;19.8;16.8;14.6;13.6;12.8;12;1.5;-4.3;0.17;3;2.8;0;456;154;53;32;97094;2.7;1.84;0.31;0.37
2011;6;3;154;23.5;18.5;14.4;17.6;15.2;12.8;0.3;-2.5;0.17;3;2.8;0;652;213;86;53;97123;3.73;5.36;0.31;0.37
2011;6;4;155;24.5;19.1;14.1;17.2;15.8;13.6;-0.2;0.2;0.17;3;2.8;0;691;238;92;61;96691;4.07;7.81;0.31;0.37
2011;6;5;156;23.3;19.6;14.5;17;15.3;13.9;-0.2;2.6;0.17;3;2.8;0;576;209;81;60;96108;3.74;0.63;0.31;0.37
2011;6;6;157;23.9;19.6;15.1;15.3;13.9;12.5;0.2;3.6;0.17;3;2.8;0;605;215;87;69;95742;3.91;0.55;0.31;0.37
2011;6;7;158;25.1;20.2;14.9;16.7;15.1;13.8;-0.2;2.3;0.17;3;2.8;0;681;229;94;68;95636;3.98;1.35;0.3;0.37
2011;6;8;159;22.6;19;16;16.3;14.9;13.6;0.8;1.9;0.17;3;2.8;0;652;177;78;54;95369;3.19;2.78;0.3;0.37
2011;6;9;160;18.2;15.5;13.4;13.5;10;7.4;1.9;-3.4;0.17;3;2.8;0;430;128;82;42;95929;3.68;7.68;0.31;0.37
2011;6;10;161;18.7;15.9;13;8.8;7.8;7.1;0.9;-3.2;0.17;3;2.8;0;485;182;83;64;96222;3.4;0.03;0.31;0.37
2011;6;11;162;21.1;16.9;11.3;9.7;8.7;8;0.3;-2.5;0.17;3;2.8;0;735;260;117;83;96282;4.17;0;0.3;0.37
2011;6;12;163;20.3;16.8;13.9;13.2;11.9;10;1.3;-2.8;0.17;3;2.8;0;543;204;84;67;96506;3.13;0.4;0.3;0.37
2011;6;13;164;22;17.6;12.5;12.5;11.3;10.6;0.6;-1.2;0.17;3;2.8;0;622;221;100;68;96459;3.65;1.09;0.3;0.37
2011;6;14;165;22.5;18;14.5;13.5;11.9;10.6;1.3;-1.8;0.17;3;2.8;0;679;214;104;61;96541;3.68;1.45;0.3;0.37
2011;6;15;166;23.5;18.9;12.7;16.7;12.3;10.7;0.5;-0.5;0.17;3;2.8;0;653;220;95;70;96641;3.56;0.25;0.29;0.37
2011;6;16;167;26.3;21;13.8;15.6;13.7;12.5;0.6;1.9;0.17;3;2.8;0;687;250;111;75;96373;4.12;0.21;0.29;0.37
2011;6;17;168;22.4;19.6;16.6;14.9;13.3;12.1;0.4;-0.4;0.17;3;2.8;0;490;180;82;56;96308;3.03;0.21;0.29;0.37
2011;6;18;169;23.6;18.9;11.5;16.1;13.6;8.7;1.1;0.2;0.17;3;2.8;0;398;143;69;42;95779;3.68;15.62;0.29;0.37
2011;6;19;170;19.4;14.1;11;9.2;7;4.7;2.2;-1;0.17;3;2.8;0;598;167;115;59;96118;3.62;3.98;0.3;0.37
2011;6;20;171;20.2;16;10;11.4;7.4;4.9;1.9;-0.2;0.17;3;2.8;0;654;227;104;72;96520;3.68;1.07;0.3;0.37
2011;6;21;172;25.8;19.9;12.8;15.8;13.2;11.1;1;1.1;0.17;3;2.8;0;680;235;101;65;96630;4.2;0.99;0.29;0.37
2011;6;22;173;28.1;22.8;15;16.6;15;13.7;0.6;2.1;0.17;3;2.8;0;725;269;111;79;96460;4.67;0;0.29;0.37
2011;6;23;174;22.6;19.1;14.4;15.4;12.7;11.2;0.4;-2.1;0.17;3;2.8;0;534;159;87;49;96528;3.48;12.18;0.29;0.37
2011;6;24;175;18.2;16.1;13.9;11.6;8.9;5.8;1.8;-2.5;0.16;3;2.8;0;412;155;89;56;96714;3.12;0.12;0.3;0.37
2011;6;25;176;17.6;15;11.9;8.6;7.2;5.7;1.9;-3.2;0.16;2.9;2.8;0;612;221;98;75;97072;3.58;0.88;0.29;0.37
2011;6;26;177;17.8;15;13.1;13.8;11.3;7.6;0.7;-0.8;0.16;2.9;2.8;0;348;78;63;31;97126;1.66;3.74;0.29;0.37
2011;6;27;178;22.3;18;12.6;13.5;12.3;11.4;0.1;-2.3;0.16;2.9;2.8;0;560;206;84;57;96969;3.47;0.26;0.29;0.37
2011;6;28;179;22.4;18.6;14.8;11.1;8;6.4;0.5;-3.7;0.16;2.9;2.8;0;751;280;125;87;96562;4.61;0;0.29;0.37
2011;6;29;180;25.3;20.7;15.9;14.2;11.6;7.2;1.2;-3.2;0.16;2.9;2.8;0;701;250;98;74;96145;4.23;0.05;0.29;0.36
2011;6;30;181;24.7;18.9;13.8;14.3;11.9;7;3.2;-3.5;0.16;2.9;2.8;0;601;216;90;65;96008;3.6;1.26;0.28;0.36
2011;7;1;182;18.5;15.4;12.1;7.1;5.3;3.2;2.4;-4.3;0.16;2.9;2.8;0;623;207;107;69;96368;3.36;0.08;0.28;0.36
2011;7;2;183;17.8;14.2;10.7;6.8;6;4.9;2.5;-1.9;0.16;2.9;2.8;0;677;236;104;76;96100;3.31;0.68;0.28;0.36
2011;7;3;184;17;13.7;9;8.5;7.1;5.4;2.9;-0.2;0.16;2.9;2.8;0;313;104;74;45;95775;2.17;1.95;0.28;0.36
2011;7;4;185;21.5;17.4;13.7;14.3;11.6;8.6;2.4;-1.7;0.16;2.9;2.7;0;452;140;82;47;96045;2.26;0.55;0.28;0.36
2011;7;5;186;19.9;16.9;14.5;15;13.3;12;0.9;-2;0.16;2.9;2.7;0;362;100;58;34;96099;1.81;1.82;0.28;0.36
2011;7;6;187;24.6;19.4;12.5;15.7;12.5;10.8;1.1;-1;0.16;2.8;2.7;0;656;238;107;74;95966;3.49;0.22;0.28;0.36
2011;7;7;188;28.5;22.9;14.4;16;14.1;13;0.2;2.1;0.16;2.8;2.7;0;710;248;110;75;96004;3.87;0.05;0.27;0.36
2011;7;8;189;25.4;22.3;19.3;16.9;14.6;13.4;0.9;0;0.16;2.8;2.7;0;685;221;92;70;96176;3.44;1.32;0.27;0.36
2011;7;9;190;30.6;24.3;17;17.2;15.3;13.9;0.6;1.8;0.16;2.8;2.7;0;723;253;107;76;96510;3.87;0.06;0.27;0.36
2011;7;10;191;28.5;24;18.8;18.7;16.3;14;0;-0.8;0.16;2.8;2.7;0;721;251;106;74;96486;3.67;0.22;0.26;0.36
2011;7;11;192;26.4;22.8;19;15.9;14.1;13.2;1.5;-2;0.16;2.8;2.7;0;652;222;97;69;96511;3.6;1.64;0.26;0.36
2011;7;12;193;26.7;21.7;16.3;15;13.9;12.8;-0.3;0.1;0.16;2.8;2.7;0;590;213;90;70;96557;3.11;0.06;0.26;0.36
2011;7;13;194;30.6;25.4;18.9;17.9;15.9;13.4;-0.2;3.5;0.16;2.8;2.7;0;702;233;93;67;95896;3.48;0.16;0.26;0.36
2011;7;14;195;25.5;20.8;14.7;17.6;15.1;11.8;0.7;-2.3;0.16;2.8;2.7;0;586;188;72;53;96151;3.88;30.16;0.26;0.36
2011;7;15;196;20;17.1;14.5;13;10.6;8.1;1.7;-3.3;0.16;2.8;2.7;0;545;185;73;50;96543;4.18;5.47;0.28;0.36
2011;7;16;197;22.8;19;15;13.2;10.7;7.9;0.6;0.6;0.16;2.8;2.7;0;666;196;108;64;96289;3.52;0.13;0.28;0.36
2011;7;17;198;26.7;21.8;15.8;14.9;12.8;10.3;0.9;3.1;0.16;2.8;2.7;0;725;258;108;80;95435;4.41;0;0.28;0.36
2011;7;18;199;18.9;16.8;15.1;12.8;10.9;9.5;0.4;-1.9;0.16;2.8;2.7;0;337;117;74;39;95635;2.34;2.6;0.28;0.36
2011;7;19;200;23.7;19.2;14;15.6;13.8;11.4;0.1;1.6;0.16;2.7;2.7;0;565;191;79;55;95479;3.24;0.5;0.28;0.36
2011;7;20;201;19.1;17.3;15.2;15.6;10.6;8.3;2.5;-1.2;0.16;2.7;2.7;0;517;177;95;58;95004;3.05;2.53;0.28;0.36
2011;7;21;202;19.9;16.5;14.3;11.8;10.6;9;3.1;-2.2;0.16;2.7;2.7;0;513;146;76;45;95270;3.45;2.95;0.28;0.36
2011;7;22;203;20.6;17.2;13;13.5;11;8.8;2;-0.5;0.16;2.7;2.7;0;533;195;94;65;95582;3;0.55;0.27;0.36
2011;7;23;204;18.3;15.4;12.8;14.6;13.2;11.7;-0.3;0;0.16;2.7;2.7;0;476;129;60;41;95766;2.56;8.83;0.28;0.36
2011;7;24;205;14.1;13.1;11.6;12.1;9.8;8.5;2.4;-3.3;0.16;2.7;2.7;0;268;84;53;25;95605;3.13;9.36;0.28;0.36
2011;7;25;206;16;13.6;11.3;9.7;8.3;7.2;2.1;-3.2;0.16;2.7;2.7;0;405;79;36;16;95776;2.76;4.28;0.29;0.36
2011;7;26;207;18;15.5;13;12.6;11;8.5;1;-1.8;0.16;2.7;2.7;0;334;102;65;31;96103;1.92;1.23;0.29;0.35
2011;7;27;208;21.7;17.1;10.8;15;12.7;10.2;0.2;0.2;0.16;2.7;2.7;0;559;211;99;66;96476;3.16;0.78;0.29;0.35
2011;7;28;209;18.8;16.3;14.2;15.8;14.3;12.7;0.1;-0.6;0.16;2.7;2.7;0;238;84;55;36;96379;1.62;12.63;0.29;0.35
2011;7;29;210;20.6;17.3;14;14.7;13.3;12.3;1.6;-3.1;0.16;2.7;2.7;0;568;201;86;58;96206;3.36;1.23;0.3;0.35
2011;7;30;211;20.8;17.2;14.5;13.1;11.4;9.8;2.6;-2.2;0.16;2.7;2.7;0;568;179;92;52;95980;3.29;1.97;0.29;0.35
2011;7;31;212;17.4;15.5;13.6;12.4;11.6;10.5;1.9;-2;0.16;2.7;2.7;0;262;89;48;24;96077;2.48;5.22;0.3;0.35
2011;8;1;213;18.9;16.6;14.3;13.9;12.7;11.7;1;-2.7;0.16;2.7;2.7;0;450;142;63;39;96342;2.58;1.66;0.3;0.35
2011;8;2;214;22.7;18.9;15;15.8;14.1;12.7;0.3;-1.7;0.16;2.7;2.7;0;580;197;86;56;96639;3.15;0.49;0.29;0.35
2011;8;3;215;24.4;20.1;15.1;17.2;15.4;13.1;-0.3;0.8;0.16;2.7;2.7;0;540;196;85;52;96610;3.3;10.32;0.29;0.35
2011;8;4;216;17.8;16.9;14.3;17.1;16;13.8;0.2;-0.8;0.16;2.6;2.7;0;144;39;49;20;96412;1.05;45.88;0.33;0.35
2011;8;5;217;24.1;19.4;12.4;16.6;14.9;12;0.3;1.4;0.16;2.6;2.7;0;582;206;81;60;96385;3.61;0.88;0.33;0.35
2011;8;6;218;24.8;21;16;17.4;15.2;13.9;-0.1;2.9;0.16;2.6;2.7;0;548;193;85;62;95989;3.5;0;0.33;0.35
2011;8;7;219;27.1;20.7;16.4;19.3;16.5;14.8;0.8;0.1;0.16;2.6;2.7;0;619;199;87;56;95651;3.84;11.51;0.33;0.35
2011;8;8;220;17.5;16.6;14.8;15.5;13.6;10;0.3;-1.3;0.16;2.6;2.7;0;151;46;25;16;95908;1.95;6.26;0.34;0.35
2011;8;9;221;20.1;16.6;13.5;10.9;9;7.7;1.8;-1.5;0.16;2.6;2.7;0;595;203;97;70;96497;3.76;0.37;0.34;0.35
2011;8;10;222;17.3;14.2;10.3;8.6;7.4;6.2;2.1;-3.1;0.16;2.6;2.7;0;577;201;94;82;96929;3.15;0.16;0.34;0.35
2011;8;11;223;22.6;16.2;8.4;12.7;9.3;5.7;0.8;1.4;0.16;2.6;2.7;0;689;238;116;84;96699;3.65;0;0.33;0.35
2011;8;12;224;23.3;18.4;12.2;15.2;13.3;10.3;0.4;1;0.16;2.6;2.7;0;608;194;96;70;96226;3.38;2.31;0.33;0.35
2011;8;13;225;23;18.4;13.5;17.1;14.8;12.3;0.6;0.2;0.16;2.6;2.7;0;505;161;95;58;96048;2.66;7.83;0.33;0.35
2011;8;14;226;25.8;20.4;13.3;17.1;15.2;12.8;0.7;1.7;0.16;2.6;2.7;0;629;209;92;67;95984;3.69;0.13;0.33;0.35
2011;8;15;227;25.6;20.2;15.8;18.6;16.1;14.1;0.6;-0.7;0.16;2.6;2.7;0;628;193;94;58;96142;3.59;12.5;0.33;0.35
2011;8;16;228;23.2;19;15.4;15.2;14;13.3;0.4;-2;0.16;2.6;2.7;0;556;185;77;64;96670;3.24;0.02;0.34;0.35
2011;8;17;229;24.5;19.8;13.8;16.1;14.3;12.7;-0.1;1.1;0.15;2.6;2.7;0;598;207;97;68;96664;3.42;0.04;0.34;0.35
2011;8;18;230;27.1;22;16.3;17.7;15.7;12.4;0.2;2.6;0.15;2.6;2.7;0;658;215;93;69;96558;3.8;0;0.33;0.35
2011;8;19;231;28.1;22.3;17.9;20.1;17.8;14.4;0.7;0.8;0.15;2.6;2.7;0;624;172;91;66;96545;2.98;5.29;0.33;0.35
2011;8;20;232;23.1;20.3;18;17.3;16.3;15.7;-0.2;-1.1;0.15;2.6;2.7;0;418;137;75;47;97011;2.34;0.26;0.33;0.35
2011;8;21;233;26.5;21.5;16.8;20.1;17.4;15.2;0;1.8;0.15;2.6;2.7;0;474;158;83;47;96938;2.68;0.07;0.33;0.35
2011;8;22;234;30.2;24.7;18.5;22.1;20;17.3;0.4;1.4;0.15;2.6;2.7;0;646;206;94;63;96682;3.56;0.27;0.33;0.35
2011;8;23;235;31.4;25.8;20.5;21.3;18.4;15.3;0.5;2.9;0.15;2.5;2.7;0;649;211;100;72;96541;4.05;0.01;0.32;0.35
2011;8;24;236;31.2;25.5;19.8;21.2;18;14.6;0;1.3;0.15;2.5;2.7;0;655;217;112;81;96352;3.88;0;0.32;0.35
2011;8;25;237;29.2;24.3;18.8;20.4;18.6;16.5;0.2;0.2;0.15;2.5;2.7;0;640;212;100;68;96336;3.54;0;0.32;0.35
2011;8;26;238;31.4;25.7;19.7;19.9;16.6;13.5;-0.2;3.2;0.15;2.5;2.7;0;657;218;113;83;96128;4.01;0;0.31;0.35
2011;8;27;239;28.9;20.6;11.3;18.2;14.4;7;0.6;0.1;0.15;2.5;2.7;0;628;196;101;70;96146;4.27;34.09;0.32;0.35
2011;8;28;240;19.7;15.6;11.5;12.5;9.4;6.4;0.6;-2;0.15;2.5;2.7;0;532;161;99;59;96809;3.1;0.15;0.34;0.35
2011;8;29;241;23;17.8;11.3;14.9;12.5;10.3;0.1;0;0.15;2.5;2.7;0;646;207;116;80;96345;3.12;0.05;0.33;0.35
2011;8;30;242;19.8;17.3;15.1;12.2;11.1;10.4;0.5;-2.6;0.15;2.5;2.7;0;516;148;76;54;96274;2.66;0.12;0.33;0.35
2011;8;31;243;21.4;17.3;13.7;14.8;12.3;11.1;0.1;0.3;0.15;2.5;2.7;0;373;125;71;46;96264;2.03;0.05;0.33;0.35
2011;9;1;244;24;18.4;13;16.4;14.5;11.8;0.4;-0.5;0.15;2.5;2.7;0;583;165;95;56;96258;2.58;1.67;0.33;0.35
2011;9;2;245;24.3;18.8;13.3;17.1;15.1;12.8;0.8;0.4;0.15;2.5;2.7;0;586;176;96;63;96361;2.88;2.77;0.33;0.35
2011;9;3;246;25.1;20.2;14.2;16.7;15.5;13.2;0.1;1.4;0.15;2.5;2.7;0;577;180;93;65;96441;3.06;0.26;0.33;0.35
2011;9;4;247;27.5;22.5;17.6;17.2;15.8;13.1;-0.2;3.1;0.15;2.5;2.7;0;592;185;85;63;96176;3.42;0;0.32;0.35
2011;9;5;248;26;21.2;16;18.2;14.2;9.3;1.4;0.9;0.15;2.5;2.7;0;545;169;95;59;96203;3.35;0.7;0.32;0.35
2011;9;6;249;21.1;17.5;14.8;11.4;9.6;8.8;0.9;-1.6;0.15;2.5;2.7;0;614;193;114;73;97001;3.13;0;0.32;0.35
2011;9;7;250;23.6;18.3;13.4;13.9;11.2;9;1;-0.4;0.15;2.5;2.7;0;535;150;98;65;96295;2.51;0.38;0.31;0.35
2011;9;8;251;18.8;16;14.4;13.8;12.5;11.3;0.8;-0.4;0.15;2.5;2.7;0;260;57;57;30;96052;1.33;4.49;0.31;0.35
2011;9;9;252;18.3;16.1;14;14;12.8;11.4;1.1;-0.3;0.15;2.5;2.7;0;210;61;44;26;96318;1.49;1.51;0.32;0.35
2011;9;10;253;24.8;19.3;14.4;16.7;15.4;13.5;0.3;1.4;0.15;2.5;2.7;0;583;165;98;55;96442;2.59;0.2;0.32;0.35
2011;9;11;254;26.7;20.8;14.3;18.7;16.5;13.4;0;1.1;0.15;2.5;2.7;0;588;181;104;72;96247;2.64;0;0.31;0.35
2011;9;12;255;23.7;20.3;15.7;15.2;14.6;13.7;1.7;-1.4;0.15;2.5;2.7;0;468;142;82;59;96314;2.4;0.03;0.31;0.35
2011;9;13;256;25.8;20.1;13.4;16;14.7;12.7;0.9;1;0.15;2.5;2.7;0;586;178;107;69;96405;2.73;0;0.31;0.35
2011;9;14;257;23.8;18.2;13.6;17;14.3;10.3;0.5;-1;0.15;2.5;2.7;0;446;116;77;46;96476;2.52;12.65;0.31;0.35
2011;9;15;258;19.9;16;13.4;13;11;9.5;0.6;-0.7;0.15;2.5;2.7;0;340;96;79;42;96792;1.8;0.26;0.32;0.35
2011;9;16;259;21.1;16.8;13.6;13.4;12.2;10.3;-0.5;0.6;0.15;2.4;2.7;0;492;131;89;56;96712;1.91;0;0.32;0.34
2011;9;17;260;22.1;17.3;11.4;15.2;13.2;10.3;-0.1;1.1;0.15;2.4;2.7;0;439;136;86;60;96428;1.89;0.02;0.31;0.34
2011;9;18;261;24.8;18.6;12;14;11.8;7.5;0.3;2.1;0.14;2.4;2.7;0;573;170;105;73;95624;2.84;0.54;0.31;0.34
2011;9;19;262;13.7;10.5;8.1;8.6;7.4;6;2.4;-4.1;0.14;2.4;2.7;0;400;102;52;29;95801;3.28;20.52;0.31;0.34
2011;9;20;263;14.1;11.9;8.9;8.9;7.9;6.3;3.1;-4.5;0.14;2.3;2.7;0;381;98;52;27;96712;1.87;0.41;0.33;0.34
2011;9;21;264;19.8;15.6;12;13.5;11.7;8.9;0.8;-2.5;0.14;2.3;2.7;0;479;135;72;50;96807;1.86;0.01;0.33;0.34
2011;9;22;265;20.4;16.1;11.6;12.8;11.5;10.1;1.1;-1.3;0.14;2.3;2.7;0;454;131;83;60;96666;1.88;0.04;0.32;0.34
2011;9;23;266;18.8;15.4;11.5;12.1;10.7;9.2;0.3;-1;0.14;2.3;2.7;0;414;115;90;55;96663;1.67;0.56;0.32;0.34
2011;9;24;267;17.5;14.7;12.1;11.7;10.3;9.3;-0.1;0.5;0.14;2.2;2.7;0;287;76;77;37;96729;1.29;0.58;0.32;0.34
2011;9;25;268;21;15.6;10.9;12.6;10.7;8.3;0.1;2.2;0.14;2.2;2.7;0;540;158;108;78;96959;2.01;0;0.32;0.34
2011;9;26;269;21.6;15.6;9.7;13;11.1;8.3;0.3;1;0.14;2.2;2.7;0;538;157;114;80;97305;1.96;0;0.32;0.34
2011;9;27;270;21.7;15.7;9.7;13.8;11.6;8.5;0.6;-0.7;0.14;2.1;2.7;0;532;154;112;78;97562;1.87;0;0.32;0.34
2011;9;28;271;19.7;15.6;12.2;13.8;11;6;0.8;-2.7;0.14;2.1;2.6;0;465;133;95;72;97695;1.65;0.2;0.31;0.34
2011;9;29;272;19.7;14.9;9.8;9.8;6.8;3.6;1;-2.2;0.14;2.1;2.6;0;527;150;110;83;97643;2.06;0;0.31;0.34
2011;9;30;273;20.9;16.1;12.1;11.8;10;7.8;0.9;-1.8;0.14;2.1;2.6;0;515;148;104;77;97556;1.9;0;0.31;0.34
2011;10;1;274;23.1;16.4;9.7;13.9;11.3;8.5;0.8;-0.8;0.14;2;2.6;0;523;149;122;84;97438;1.75;0;0.31;0.34
2011;10;2;275;21.6;16.2;11.4;11.4;9;7.7;1.1;-2.1;0.14;2;2.6;0;523;149;119;85;97265;1.92;0;0.31;0.34
2011;10;3;276;22.2;15.9;9.9;12.4;10.3;7.5;0.8;0.5;0.14;2;2.6;0;515;146;123;83;97119;1.68;0;0.31;0.34
2011;10;4;277;22.9;16.5;10.5;14;11.3;8.3;1.4;-0.6;0.14;2;2.6;0;501;134;102;73;96981;1.62;0;0.3;0.34
2011;10;5;278;21.9;16.1;10.5;12.9;11.2;9;1.2;-0.8;0.14;1.9;2.6;0;482;121;100;61;96950;1.45;0.02;0.3;0.34
2011;10;6;279;21.1;16.4;12.9;12.9;11.6;10.3;1.2;1.9;0.14;1.9;2.6;0;456;121;100;63;96368;1.43;0.02;0.3;0.34
2011;10;7;280;12.2;8.3;6.1;10.5;5.9;2.6;2.2;-2;0.14;1.9;2.6;0;96;21;81;37;95662;1.97;25.15;0.31;0.34
2011;10;8;281;9.8;7.1;5;3.8;2.3;1.1;2.5;-1.6;0.14;1.9;2.6;0;315;83;84;70;95825;1.25;0.95;0.32;0.34
2011;10;9;282;8.9;6.5;4.6;4.3;2.3;0.7;2;-4.2;0.14;1.8;2.6;0;358;98;87;70;96432;1.25;1.04;0.32;0.34
2011;10;10;283;9.8;7.2;3.7;7.8;3.9;-0.4;1.1;0.8;0.14;1.8;2.6;0;222;33;83;30;96609;0.71;5.8;0.32;0.34
2011;10;11;284;18.8;14.2;9.8;12;10.5;8.6;2.1;-0.7;0.14;1.8;2.6;0;369;95;95;45;96497;1.32;0.45;0.33;0.34
2011;10;12;285;15.3;12.9;9.1;10.5;9.4;8;1.4;-1.6;0.14;1.8;2.6;0;145;34;40;25;96482;0.92;6.83;0.33;0.34
2011;10;13;286;11;8.8;6.5;7.6;4.1;1;0.8;-3.1;0.14;1.7;2.6;0;332;72;87;50;97110;1.56;3.15;0.33;0.34
2011;10;14;287;8.2;5.8;2.6;3;0.1;-3.1;0.4;-3.5;0.14;1.7;2.6;0;405;103;104;80;97737;1.09;0.26;0.33;0.34
2011;10;15;288;9.5;5;0.6;2;0.3;-2.7;0.4;-1.9;0.14;1.7;2.6;0;465;123;114;86;97850;0.95;0;0.33;0.34
2011;10;16;289;8.2;4.6;2.2;2;-1.5;-3.9;-0.4;1;0.14;1.7;2.6;0;467;119;126;80;97763;1.1;0;0.33;0.34
2011;10;17;290;9.9;4.8;1;-1;-2.7;-4.5;0.4;2.4;0.13;1.7;2.6;0;466;124;122;91;97270;1.19;0;0.33;0.34
2011;10;18;291;13;6.3;0.8;3;1.1;-1.9;1;1.9;0.13;1.6;2.6;0;458;121;123;87;96635;1.05;0;0.33;0.34
2011;10;19;292;16.2;9.3;3.1;6.7;4.3;1;1.2;0.7;0.13;1.6;2.6;0;449;118;122;75;96185;1.2;0.81;0.33;0.34
2011;10;20;293;7;5.3;3.8;4.7;2.8;0.9;1.5;-2.7;0.14;1.6;2.6;0.2;135;34;44;26;96949;1.7;7.46;0.33;0.34
2011;10;21;294;8.2;5.1;1.9;1.4;-0.3;-1.9;0.6;-2.8;0.13;1.6;2.6;0.18;434;109;105;76;97415;1.01;0;0.33;0.34
2011;10;22;295;8.4;3.9;-0.7;2;0.4;-2.1;0;0.1;0.13;1.6;2.6;0.1;395;94;102;69;97317;0.66;0;0.33;0.34
2011;10;23;296;6.7;5.2;2.9;5.6;3.6;0.9;-0.5;0.5;0.13;1.6;2.6;0.05;70;19;38;12;97048;0.14;0.61;0.33;0.34
2011;10;24;297;8.2;6.9;5.9;8;6.6;5;-0.9;1.5;0.13;1.6;2.6;0.03;89;20;44;9;96653;0.49;8.62;0.34;0.34
2011;10;25;298;10;8.1;6.1;8.7;7.1;5.4;-0.8;4.3;0.13;1.6;2.6;0;113;26;23;9;96221;0.51;0.66;0.34;0.34
2011;10;26;299;10.6;9.1;7.7;8.7;8;6.8;-0.8;2.4;0.13;1.6;2.6;0;133;30;26;15;96569;0.68;2.44;0.34;0.34
2011;10;27;300;10.1;8.3;6.5;7.2;6.5;5.5;-0.9;2.4;0.13;1.6;2.6;0;230;49;38;19;96885;0.75;3.16;0.35;0.34
2011;10;28;301;11.4;8.6;5.6;7.2;6.8;5.2;0;1.3;0.13;1.5;2.6;0;231;52;62;36;97299;0.46;0.07;0.34;0.34
2011;10;29;302;10.8;7.8;3.9;7.7;6.3;3.7;0.1;0.6;0.13;1.5;2.6;0;178;46;55;29;97459;0.35;0.13;0.34;0.34
2011;10;30;303;13.6;8.8;4.5;7.5;6.4;4.2;0.2;1;0.13;1.5;2.6;0;359;88;100;62;97147;0.68;0;0.34;0.34
2011;10;31;304;13.8;8.1;3.9;8.7;6.1;3.2;0.2;0.8;0.12;1.5;2.6;0;380;93;106;69;96964;0.61;0;0.34;0.34
2011;11;1;305;13;7.4;3.6;7.3;5.4;3;-0.1;2.2;0.12;1.5;2.6;0;368;91;107;74;96811;0.56;0;0.34;0.34
2011;11;2;306;11.6;7.1;4.1;7;5.4;3.6;-0.2;2.6;0.12;1.5;2.6;0;319;76;102;66;96718;0.5;0;0.34;0.34
2011;11;3;307;10.3;7.3;5.3;6.6;5.6;4.4;-0.3;3.4;0.12;1.5;2.6;0;193;50;58;35;96241;0.4;0.02;0.34;0.34
2011;11;4;308;15;10.4;7.5;8.7;7.8;6.2;0.6;3.2;0.12;1.5;2.6;0;250;57;79;46;95867;0.46;0;0.34;0.34
2011;11;5;309;16.9;11.9;8.7;10.8;9.2;7.9;0.6;3.3;0.12;1.5;2.6;0;308;73;89;64;96001;0.66;0;0.34;0.34
2011;11;6;310;12.7;9.1;5.9;8.2;6.9;4.3;-0.7;2.2;0.12;1.4;2.6;0;267;67;79;64;96592;0.48;0;0.34;0.34
2011;11;7;311;10.1;6.9;3.8;5.6;4.5;2.5;-1;2.1;0.12;1.4;2.6;0;260;59;60;47;96993;0.43;0;0.34;0.34
2011;11;8;312;12;8.1;5.6;7.6;6.5;5.1;-0.3;2.9;0.12;1.4;2.6;0;281;62;83;51;97090;0.34;0;0.34;0.34
2011;11;9;313;12.6;8.4;4.7;8.6;7.2;4.7;0.1;0.9;0.12;1.4;2.6;0;298;65;84;49;96982;0.45;0;0.34;0.34
2011;11;10;314;9.9;6.5;4.4;6.8;4.4;1.1;0.4;-2;0.12;1.4;2.6;0;271;59;66;34;97004;0.46;0.09;0.34;0.34
2011;11;11;315;4.3;2.8;1.2;1;-1;-2.3;-1.3;0.6;0.12;1.4;2.6;0;295;59;89;46;97663;0.5;0.16;0.34;0.34
2011;11;12;316;7;3.1;-0.9;1.3;0.2;-2;-0.2;1.5;0.12;1.4;2.6;0;343;80;110;71;98166;0.48;0.02;0.34;0.34
2011;11;13;317;7.4;1.6;-1.4;1.9;-1.2;-3.6;0.8;0.5;0.12;1.4;2.6;0;343;80;113;78;98089;0.42;0;0.34;0.34
2011;11;14;318;6.5;1.1;-2.2;1.3;-1.6;-3.9;0.6;0.3;0.12;1.4;2.6;0;292;67;88;66;97444;0.32;0;0.34;0.34
2011;11;15;319;5.1;0.8;-2.5;0.8;-1.2;-3.3;0.2;-0.3;0.11;1.3;2.6;0;315;72;109;67;96979;0.33;0;0.34;0.34
2011;11;16;320;2.7;0.1;-1.9;1.3;-0.7;-2.9;-0.1;0.6;0.11;1.3;2.6;0;200;47;61;37;97116;0.14;0.01;0.33;0.34
2011;11;17;321;5.4;0.6;-2.4;1;-1.4;-3.3;0.6;1.1;0.11;1.4;2.6;0;317;69;107;63;97210;0.27;0.02;0.33;0.34
2011;11;18;322;7.4;2;-2.1;2.2;-0.6;-3.5;0.5;0.3;0.11;1.4;2.6;0;262;59;81;55;97203;0.27;0;0.33;0.34
2011;11;19;323;5.8;1.7;-1;1.2;0;-1.5;-0.4;0.9;0.11;1.4;2.6;0;304;67;101;59;97144;0.28;0;0.33;0.34
2011;11;20;324;3.6;0.4;-1.5;-0.8;-1.5;-2.7;-0.5;1.2;0.11;1.4;2.6;0;290;60;94;44;97177;0.28;0.01;0.33;0.34
2011;11;21;325;3.3;-0.3;-2.5;-1.2;-2.6;-3.8;-0.5;1.6;0.11;1.4;2.6;0;239;53;84;47;96968;0.25;0;0.33;0.34
2011;11;22;326;2.4;-1.2;-3.1;-1.5;-3.1;-4.3;-0.8;0.7;0.11;1.4;2.6;0;293;63;91;54;97006;0.22;0.02;0.33;0.34
2011;11;23;327;0.7;-1.4;-2.5;-2.4;-3.1;-3.8;-0.7;0.6;0.12;1.4;2.6;0.15;155;31;52;24;97539;0.13;0.17;0.33;0.34
2011;11;24;328;2.8;-0.5;-2;-0.8;-2;-3.1;0;0.4;0.12;1.4;2.6;0.17;273;59;101;56;98021;0.18;0;0.33;0.34
2011;11;25;329;4.1;0.2;-2.5;-0.3;-1.5;-3;0.2;2;0.12;1.4;2.6;0.16;235;51;82;46;97672;0.21;0;0.33;0.34
2011;11;26;330;6.4;1.3;-1.5;1;-1;-2.8;0.9;0.4;0.12;1.4;2.6;0.15;247;51;96;49;97596;0.22;0;0.33;0.34
2011;11;27;331;9.3;2.4;-1.7;4.4;0.1;-2.7;1.3;0.7;0.12;1.4;2.6;0.15;289;62;96;63;97061;0.16;0;0.33;0.34
2011;11;28;332;8.5;4.8;0.8;3;1.6;-0.8;0.7;-0.7;0.11;1.4;2.6;0.07;255;52;82;50;97477;0.3;0;0.33;0.34
2011;11;29;333;6.8;2.6;0.7;2.2;0.7;-0.8;0;2.9;0.11;1.4;2.6;0.01;292;64;106;67;97266;0.29;0;0.33;0.34
2011;11;30;334;7.3;2.8;0;2.7;1;-0.6;0.3;0.5;0.11;1.4;2.6;0;262;52;88;39;97418;0.25;0.02;0.33;0.34
2011;12;1;335;7.3;3.1;-0.3;2.9;1.2;-0.7;0.3;2;0.11;1.4;2.6;0;265;57;91;55;97217;0.28;0.02;0.33;0.34
2011;12;2;336;5.3;1.1;-1.8;1.6;-0.7;-2.7;0;1.2;0.11;1.4;2.6;0;226;46;91;50;96415;0.23;0.03;0.33;0.34
2011;12;3;337;2.9;1;-2;1.4;-0.6;-2.8;0.5;0.4;0.11;1.4;2.6;0;68;13;50;13;96265;0.07;0.49;0.33;0.34
2011;12;4;338;8.7;4.1;-1;6.5;2.9;-1.6;1.5;1.3;0.11;1.4;2.6;0;200;34;65;36;95549;0.19;0.03;0.33;0.34
2011;12;5;339;9;5.4;0;4.6;1.3;-3.8;1.9;0;0.11;1.4;2.6;0;164;32;93;58;95056;0.66;1.15;0.33;0.34
2011;12;6;340;5.3;0.8;-1.9;-0.5;-2.6;-4.9;1.4;1.4;0.11;1.4;2.6;0;211;42;84;58;95839;0.24;0.76;0.33;0.34
2011;12;7;341;4.5;1.5;-2.2;-0.1;-1.3;-3.7;1.6;1.4;0.11;1.4;2.6;0.1;145;33;69;44;95739;0.7;1.65;0.33;0.34
2011;12;8;342;5.5;2.6;-1.1;-1.5;-3.9;-5.1;3.9;-1.2;0.12;1.4;2.6;0.26;269;57;103;83;96551;0.7;0.08;0.33;0.34
2011;12;9;343;6.1;3.1;0.8;-0.6;-2.9;-6.3;1.5;2;0.12;1.4;2.6;0.24;137;30;71;41;96211;0.31;0;0.33;0.34
2011;12;10;344;6.3;3.8;2.3;2.7;1;-1.2;0.2;-0.2;0.11;1.4;2.6;0.21;167;34;67;29;96185;0.14;0.31;0.33;0.34
2011;12;11;345;4.4;2.9;1.9;1.8;0.9;-0.4;-0.1;1.5;0.11;1.4;2.6;0.19;153;23;46;22;96640;0.33;0.34;0.33;0.34
2011;12;12;346;7.4;4.4;2.3;4.4;2.7;0.8;1;1.4;0.11;1.4;2.6;0.12;156;32;47;28;96026;0.33;3.65;0.33;0.34
2011;12;13;347;6.7;3.7;0;2.2;1.2;-1.2;1.2;1;0.11;1.4;2.6;0.15;261;53;101;68;96099;0.47;0.06;0.33;0.34
2011;12;14;348;6.9;3.4;0.2;4.2;1.1;-2.9;1.3;1.3;0.11;1.4;2.6;0.07;227;43;89;50;95898;0.28;1.19;0.33;0.34
2011;12;15;349;5;3.5;1.4;3.5;2.1;-0.9;1;0.4;0.11;1.4;2.6;0.05;83;15;41;22;95982;0.34;3.42;0.33;0.34
2011;12;16;350;7.4;3.3;-1.3;4.9;1.1;-3;1.5;3.7;0.11;1.4;2.6;0.14;160;28;68;39;94419;0.81;8.62;0.34;0.34
2011;12;17;351;4.6;2.2;0.7;3.4;-3.4;-5.1;3.3;-2.5;0.12;1.4;2.6;0.81;189;35;86;56;94274;0.87;1.81;0.34;0.34
2011;12;18;352;4.3;0.3;-2.2;-3;-4.5;-5.5;1.4;0.4;0.13;1.4;2.6;1.06;251;53;115;81;95742;0.3;0;0.34;0.34
2011;12;19;353;1.1;-0.6;-2.2;-4.1;-5.1;-6.1;0.5;-2.3;0.13;1.4;2.6;1.07;135;28;79;55;96361;0.11;0.11;0.34;0.34
2011;12;20;354;1;-1.9;-4.3;-5.9;-6.9;-8.4;0.9;-1.1;0.13;1.3;2.6;1.09;255;53;114;85;96021;0.13;0;0.34;0.34
2011;12;21;355;3.4;-0.6;-4.5;-1.9;-4.8;-9;1.7;-0.4;0.14;1.3;2.6;2.16;195;32;86;46;96062;0.09;1.81;0.34;0.34
2011;12;22;356;2.4;-0.2;-1.7;-1.8;-2.6;-3.4;0.9;-1.7;0.15;1.3;2.6;2.69;168;36;72;47;96792;0.13;0.26;0.34;0.34
2011;12;23;357;2.7;1.3;-1.3;1.8;0.5;-2.2;0.9;0.9;0.16;1.3;2.6;2.83;57;10;19;1;96905;0.08;3.71;0.34;0.34
2011;12;24;358;5.2;2.6;-1;3.2;0.2;-2.2;1.6;-0.8;0.15;1.3;2.6;2.24;146;31;72;37;96533;0.36;0.17;0.35;0.34
2011;12;25;359;3.9;2.2;1;-1.4;-2.7;-3.8;2.1;-2.9;0.14;1.3;2.6;1.9;205;42;83;56;97751;0.42;0.01;0.35;0.34
2011;12;26;360;4.8;2.6;0.2;3.6;0.6;-1.3;1.1;0.2;0.14;1.3;2.6;1.68;45;12;41;14;98233;0.06;1.06;0.35;0.34
2011;12;27;361;7.8;2.7;-0.8;4;1.3;-1.4;1.1;0.6;0.13;1.3;2.6;1.36;216;44;86;45;98235;0.23;0.01;0.35;0.34
2011;12;28;362;5.4;1.9;-0.7;2.7;0.6;-1.4;0.3;1.8;0.13;1.3;2.6;1.05;198;38;75;37;97609;0.19;0.04;0.35;0.34
2011;12;29;363;4.1;0.9;-1.5;1.1;-1;-2.8;0.9;0.7;0.12;1.3;2.6;0.86;134;26;53;39;96780;0.1;0.29;0.35;0.34
2011;12;30;364;2.7;0.2;-2;-0.2;-2.5;-3.7;1.5;0.4;0.13;1.3;2.6;1.21;104;20;76;51;95791;0.32;1.47;0.35;0.34
2011;12;31;365;4.3;0.5;-1.7;-2.5;-3.6;-4.6;1.3;-0.3;0.13;1.3;2.6;1.4;257;55;107;68;96262;0.33;0.26;0.35;0.34
2012;1;1;1;4.5;2.4;0;3.1;0.9;-2.7;1.3;1.2;0.13;1.3;2.6;1.56;48;9;47;5;96512;0.18;2.33;0.35;0.34
2012;1;2;2;7;2.4;-1.7;4;1;-2.4;1.2;0.8;0.13;1.3;2.6;1.16;224;46;82;51;96154;0.19;2.91;0.35;0.34
2012;1;3;3;7.6;4.6;2.5;3.1;2.3;1;1.3;0.6;0.12;1.3;2.6;0.78;242;46;83;50;96848;0.48;2.06;0.35;0.34
2012;1;4;4;6.4;3.2;0.8;2.3;-0.4;-4.4;2;-0.1;0.12;1.2;2.6;0.56;106;20;89;48;96209;0.29;0.37;0.35;0.34
2012;1;5;5;4;2.3;-0.4;0.6;-1.6;-4.8;2.3;2;0.12;1.2;2.6;0.58;119;22;83;44;94737;0.72;2.51;0.35;0.34
2012;1;6;6;3.5;2.1;0.8;-2.9;-4;-5.3;4;-4.9;0.12;1.2;2.6;0.68;242;54;100;84;94965;0.52;0.08;0.36;0.34
2012;1;7;7;4.3;1.8;0.7;-0.9;-2.7;-4.5;1.8;-1.6;0.12;1.2;2.5;1.06;239;40;78;50;96208;0.43;2.58;0.36;0.34
2012;1;8;8;4.7;2.4;1.5;-0.9;-1.6;-2.2;2.8;-2.9;0.14;1.2;2.5;2.08;252;51;87;67;96096;0.72;0.55;0.36;0.34
2012;1;9;9;4;2;1;0.2;-1;-1.8;2;-2.9;0.14;1.2;2.5;2.04;251;52;90;62;96856;0.6;3.14;0.36;0.34
2012;1;10;10;4.9;3.2;1;1.8;-0.6;-2.8;2.3;-3.3;0.15;1.2;2.5;2.55;208;44;86;49;97241;0.81;2.25;0.36;0.34
2012;1;11;11;7.6;4.1;1.6;1.2;0;-1.8;1.4;-1.5;0.14;1.2;2.5;1.96;240;48;91;50;97716;0.27;0;0.36;0.34
2012;1;12;12;7.7;3.3;0.4;0.7;-1;-3.9;1.5;0.6;0.13;1.2;2.5;1.44;271;59;111;70;97134;0.3;0.07;0.36;0.34
2012;1;13;13;4.2;2.4;0.3;-0.3;-3.1;-5.5;3.5;-2.1;0.13;1.2;2.5;1.37;266;55;91;62;96367;0.67;0.95;0.36;0.34
2012;1;14;14;2.1;0.3;-1.4;-4.2;-5.8;-6.9;3.5;-3.7;0.13;1.2;2.5;1.65;260;56;100;85;96382;0.56;0.54;0.36;0.34
2012;1;15;15;0.1;-1.8;-3.6;-6.2;-7.8;-9.1;2;-3.9;0.14;1.2;2.5;2.22;282;58;96;81;96627;0.48;0.53;0.36;0.34
2012;1;16;16;-0.7;-3;-4.7;-7.4;-8.5;-9.3;1.5;-2.2;0.14;1.2;2.5;2.42;211;46;97;62;96988;0.11;0.6;0.36;0.34
2012;1;17;17;1.6;-0.3;-2.4;-3.9;-4.9;-6.9;2.7;-2.1;0.16;1.2;2.5;3.57;178;39;60;34;97046;0.23;1.23;0.36;0.34
2012;1;18;18;4.5;0.1;-2.5;-2.9;-5.4;-8.2;1.9;-0.4;0.17;1.2;2.5;3.84;256;54;105;63;97502;0.34;0.05;0.36;0.34
2012;1;19;19;3.8;1.9;-1.4;2.1;-1.6;-8.7;1.2;1.1;0.17;1.2;2.5;3.56;106;23;47;19;96538;0.2;5.61;0.36;0.34
2012;1;20;20;3.6;1.9;-1.3;2.6;-0.9;-5.1;1.9;-0.9;0.15;1.2;2.5;2.86;147;26;94;44;95822;0.45;4.31;0.37;0.34
2012;1;21;21;3.9;0.8;-2;-1.5;-3.5;-5.5;1.6;0.8;0.16;1.2;2.5;3.37;277;51;92;50;95863;0.51;4;0.37;0.34
2012;1;22;22;6.4;3.3;1;0.9;-0.9;-2.1;2.6;0;0.19;1.1;2.5;5.31;282;58;97;49;95416;0.78;4.33;0.37;0.34
2012;1;23;23;6.6;3.5;0.8;-0.3;-1;-2;2.6;-0.8;0.17;1.1;2.5;4.46;234;56;88;60;95966;0.66;0.41;0.37;0.34
2012;1;24;24;3.6;0.5;-2;-0.1;-2;-3.3;1.3;-2.2;0.17;1.1;2.5;4.06;248;54;81;57;96232;0.59;1.12;0.37;0.34
2012;1;25;25;0.6;-1.7;-3.7;-2.7;-6.1;-7.8;0.7;-4;0.17;1.1;2.5;4.19;284;66;95;73;96710;0.48;0.15;0.37;0.34
2012;1;26;26;-0.6;-3.1;-4.9;-7.1;-8.2;-9.2;1.1;-3.3;0.17;1.1;2.5;4.1;297;67;96;80;96824;0.19;0.01;0.37;0.34
2012;1;27;27;0.8;-3.3;-6.6;-5.6;-7.3;-9.7;0.1;1;0.17;1.1;2.5;3.96;307;69;109;78;97227;0.09;0;0.37;0.34
2012;1;28;28;0.4;-2.4;-4.2;-4.7;-6.3;-8;-0.5;2.4;0.16;1.1;2.5;3.82;259;62;93;64;97391;0.11;0.05;0.37;0.34
2012;1;29;29;-1.8;-3.1;-4;-4.5;-5.9;-6.8;-1;1.6;0.17;1.1;2.5;3.99;125;31;54;34;97520;0.08;0.38;0.37;0.34
2012;1;30;30;-0.5;-3.7;-5.7;-6.8;-8.4;-9.4;-0.9;0.9;0.17;1.1;2.5;4.09;336;75;120;76;97544;0.1;0;0.37;0.34
2012;1;31;31;-3.7;-5.5;-6.7;-9.1;-10.9;-12;-1.3;1.5;0.17;1.1;2.5;4;227;53;89;59;97330;0.07;0.02;0.37;0.34
2012;2;1;32;-3.2;-6.3;-9.3;-10.4;-12.5;-17.6;-0.9;-1.5;0.17;1.1;2.5;3.94;275;64;87;62;97115;0.07;0.01;0.37;0.34
2012;2;2;33;-6.9;-9.6;-11.7;-17.5;-19;-20.6;0;-2.7;0.17;1.1;2.5;3.83;313;73;105;70;97244;0.11;0;0.37;0.34
2012;2;3;34;-8.3;-11.1;-13.7;-19.6;-21.5;-24.1;0.3;-3.6;0.17;1.1;2.5;3.7;296;70;79;60;97411;0.16;0;0.37;0.34
2012;2;4;35;-10;-11.2;-12.2;-21;-22.9;-25.2;1.4;-5.6;0.18;1.1;2.5;4.47;137;31;56;30;97415;0.27;1.99;0.36;0.34
2012;2;5;36;-8.8;-11.2;-13.3;-19;-20;-21.2;0.7;-4.3;0.2;1.1;2.5;5.43;303;72;96;64;97476;0.27;0.29;0.36;0.34
2012;2;6;37;-9.3;-11.6;-14.3;-16.4;-18.4;-20.5;1.1;-4.5;0.2;1.1;2.5;5.68;259;56;73;42;97273;0.22;2.02;0.36;0.34
2012;2;7;38;-9.1;-10.9;-12;-13.7;-15.4;-16.6;1.9;-5;0.29;1.1;2.5;9.6;113;26;67;24;97122;0.34;3.58;0.36;0.34
2012;2;8;39;-5.4;-11.2;-17.2;-11.9;-15.5;-20.1;1;-1.8;0.29;1.1;2.5;10.28;329;81;112;77;97738;0.22;0;0.36;0.34
2012;2;9;40;-4.3;-9.9;-17.7;-10;-14.6;-20.9;0.6;-1.8;0.29;1.1;2.5;10.29;324;76;108;54;97268;0.3;1.58;0.36;0.34
2012;2;10;41;-8.8;-11.3;-14.4;-12;-15.2;-17.6;1;-3.1;0.31;1.1;2.5;11.51;308;73;86;66;97678;0.26;0.29;0.36;0.35
2012;2;11;42;-9;-12.2;-16;-14.1;-16.3;-19.3;1;-2.3;0.31;1.1;2.5;11.52;255;56;69;52;97392;0.25;0.6;0.36;0.35
2012;2;12;43;-6.2;-10.9;-16.8;-14;-16.3;-20.5;1;-2.2;0.31;1.1;2.5;11.68;332;82;107;69;97181;0.36;0;0.36;0.35
2012;2;13;44;-2.7;-7.2;-10.4;-10.6;-13.1;-15.6;1.7;-2.1;0.31;1.1;2.5;11.3;324;76;97;61;96501;0.43;0;0.36;0.35
2012;2;14;45;-1.7;-7;-12.8;-8.8;-11.6;-14.8;1.2;-1.1;0.3;1.1;2.5;10.86;296;71;97;50;96043;0.33;0.18;0.36;0.35
2012;2;15;46;2.3;-1.3;-6.6;-2;-5.8;-9.8;3;-0.7;0.31;1.1;2.5;11.65;202;47;77;44;94799;0.67;3.22;0.36;0.35
2012;2;16;47;0.3;-1.5;-3.1;-5.9;-6.9;-7.8;2.9;-5.2;0.32;1.1;2.5;12.63;310;79;98;77;96095;0.81;0.62;0.36;0.35
2012;2;17;48;4.3;0.7;-4.2;-1;-3;-7;2.6;-1.6;0.31;1.1;2.5;12.37;188;40;78;35;96438;0.37;1.38;0.36;0.35
2012;2;18;49;6.3;1.7;-3.5;-0.8;-2.1;-4.5;1.3;-0.4;0.28;1.1;2.5;10.41;288;61;72;46;96595;0.15;0.01;0.36;0.35
2012;2;19;50;6.5;0.9;-4.7;1.4;-1.8;-5.9;0.7;0;0.24;1.1;2.5;8.32;271;54;74;34;96345;0.1;1.34;0.36;0.35
2012;2;20;51;3.4;0.2;-3.6;-1.6;-4.8;-7.5;0.7;-2.6;0.23;1.1;2.5;7.84;309;71;98;53;97607;0.54;0.45;0.37;0.35
2012;2;21;52;4.4;-0.9;-3.9;-3.7;-6;-7.5;0.8;0.8;0.22;1.1;2.5;7.07;403;106;116;74;97744;0.18;0;0.37;0.35
2012;2;22;53;8;0.8;-4.4;1.3;-3.5;-6.9;0.7;0.3;0.2;1.1;2.5;5.53;361;90;109;57;97634;0.06;0;0.37;0.35
2012;2;23;54;10.1;3.7;-1.9;1.4;-1.6;-5;1.6;0.3;0.18;1.1;2.5;3.87;315;68;75;38;96875;0.09;0.07;0.37;0.35
2012;2;24;55;12.3;8.2;4.1;4.5;3.4;1;2.8;-1.6;0.15;1.1;2.5;1.82;357;91;90;45;96788;0.29;0.03;0.37;0.35
2012;2;25;56;10;7;4.7;5.1;2.8;0.5;2.5;-2.2;0.13;1.1;2.5;0.57;362;83;98;51;96516;0.51;0.3;0.37;0.35
2012;2;26;57;6.3;2.8;-0.6;1.5;-1.1;-6.4;1.9;-3.8;0.13;1.2;2.5;0.4;428;105;89;69;96311;1.05;2.2;0.37;0.35
2012;2;27;58;3.9;0.6;-2.2;-2.7;-7.4;-10.2;1.3;-3.7;0.13;1.2;2.5;0.49;458;113;96;79;96875;0.52;0.4;0.37;0.35
2012;2;28;59;6.7;3.3;-0.4;3;0.7;-2;2.1;-1.5;0.14;1.2;2.5;1.21;252;51;39;16;96518;1.17;4.66;0.37;0.35
2012;2;29;60;8.8;7.7;6.6;6.2;4.8;2.8;3.2;-4.5;0.13;1.2;2.5;0.45;182;49;45;21;96518;0.39;0.24;0.37;0.35
2012;3;1;61;11.9;8.2;3.6;7.7;6.1;3.2;0.8;-1.3;0.12;1.2;2.5;0.09;273;55;59;18;97090;0.36;0.27;0.37;0.35
2012;3;2;62;14;7.7;1.8;7;4.2;1.5;1.1;-2.6;0.12;1.2;2.5;0.02;422;120;104;61;97047;0.88;0.01;0.37;0.35
2012;3;3;63;7.4;3.5;-1.2;2.3;-2.7;-6.3;0;-2.6;0.12;1.2;2.5;0;518;136;129;81;97250;0.96;0;0.37;0.35
2012;3;4;64;6;1.7;-2.9;-2.2;-5.1;-6.7;0.2;-1.1;0.12;1.2;2.5;0;449;115;106;70;96950;0.7;0;0.37;0.35
2012;3;5;65;6.9;2.4;-1.9;-1.3;-3;-4.7;-0.5;0.4;0.12;1.2;2.5;0;522;145;125;77;96648;0.67;0;0.37;0.35
2012;3;6;66;4;0.3;-3.7;-1.5;-5.5;-9.4;0.1;-2.6;0.12;1.2;2.5;0;529;143;122;84;97117;0.75;0;0.37;0.35
2012;3;7;67;4.1;-0.4;-4.5;-5.4;-8;-11.1;-0.1;2.1;0.12;1.2;2.5;0;534;150;127;90;97186;0.47;0;0.37;0.35
2012;3;8;68;6.2;1.8;-1.7;1.2;-3.4;-9;0.6;0.2;0.13;1.2;2.5;0.02;310;78;54;40;96822;0.64;1.17;0.37;0.35
2012;3;9;69;6.5;2.3;-2.2;-0.9;-3.6;-6.3;1.2;-3;0.13;1.2;2.5;0.04;433;131;100;74;98044;1.06;0;0.36;0.35
2012;3;10;70;8.6;2.4;-2.8;-1.1;-3.6;-4.9;1;-0.9;0.13;1.3;2.5;0.01;542;154;119;82;97941;0.84;0;0.36;0.35
2012;3;11;71;7.5;4.7;0.2;2.7;0.1;-4.3;2.4;-4.1;0.13;1.3;2.5;0;278;72;81;41;97000;0.75;0.77;0.36;0.35
2012;3;12;72;7.9;5.8;3;4.4;2.8;-0.2;1.6;-5;0.13;1.3;2.5;0.04;207;48;61;21;96904;1.16;2.4;0.36;0.35
2012;3;13;73;9.2;6.9;5.6;5;3.5;2.6;1.4;-4;0.13;1.3;2.6;0;351;68;61;24;97301;1.24;1.35;0.36;0.35
2012;3;14;74;12.3;7.1;3.8;2.6;1.7;0.4;1.1;-3.5;0.13;1.3;2.6;0;475;138;102;66;97338;1.2;0.01;0.36;0.35
2012;3;15;75;11;6;1.4;3.3;1.3;0.1;0.5;-1.6;0.13;1.3;2.6;0;522;157;120;80;97614;1.12;0;0.36;0.35
2012;3;16;76;17.2;8.2;-0.7;6.3;2.6;-1.5;0.8;1.2;0.13;1.3;2.6;0;575;169;137;88;97252;1.41;0;0.36;0.35
2012;3;17;77;17.8;9.7;0.4;6.7;3.1;-0.8;0.6;1.1;0.13;1.3;2.6;0;581;172;136;94;96698;1.53;0;0.36;0.35
2012;3;18;78;16.4;10.5;3.8;4.8;2.5;0.3;1.9;2.4;0.13;1.4;2.6;0;573;170;129;92;96357;1.69;0;0.36;0.35
2012;3;19;79;10.6;8.2;5.5;4.1;2.7;0.7;0.8;-1.9;0.13;1.4;2.6;0;311;74;77;45;97140;0.84;0.13;0.35;0.35
2012;3;20;80;12.7;7.6;2.9;3.5;0.8;-1.2;0;-0.5;0.13;1.4;2.6;0;483;141;98;65;98021;1.28;0;0.35;0.35
2012;3;21;81;15.3;8.3;0.4;4;1.7;-1.1;0.5;-0.2;0.13;1.4;2.6;0;592;178;134;87;98088;1.56;0;0.35;0.35
2012;3;22;82;15.9;9.6;2.8;6.2;3.4;-0.5;0;0.2;0.13;1.4;2.6;0;590;177;127;83;97773;1.54;0;0.35;0.35
2012;3;23;83;17.6;10.6;3.6;6.4;4.1;0.7;0.6;0.4;0.13;1.5;2.6;0;596;179;131;82;97221;1.72;0.26;0.35;0.35
2012;3;24;84;16.7;10.5;3.4;6.8;4.6;2.4;0.6;-1.4;0.13;1.5;2.6;0;596;175;122;76;97091;1.79;0.31;0.35;0.35
2012;3;25;85;16.9;11.7;5.5;6.1;2.9;-1.2;1.4;-3;0.13;1.5;2.6;0;588;177;121;88;97227;1.9;0.02;0.34;0.35
2012;3;26;86;12.1;8.5;5.3;2.5;-1.9;-4.6;0.3;-3.7;0.14;1.5;2.6;0;624;190;131;96;97656;1.83;0;0.34;0.35
2012;3;27;87;15.7;9.7;0.6;3.6;-1;-3.4;1.9;-3;0.14;1.5;2.6;0;618;191;129;96;97395;1.98;0;0.34;0.35
2012;3;28;88;17.9;12.5;7;6.7;4.7;2.9;1.6;-2.6;0.14;1.6;2.6;0;602;182;117;87;97089;1.91;0;0.34;0.35
2012;3;29;89;16.7;11.4;6.7;4.3;1.1;-1.7;3.1;-2.2;0.14;1.6;2.6;0;535;154;112;71;96039;2.19;1.67;0.34;0.35
2012;3;30;90;10.9;8.1;5.5;3.9;2.8;1.7;3.4;-3.9;0.14;1.6;2.6;0;504;116;71;38;95654;1.95;1.48;0.34;0.35
2012;3;31;91;14;8.8;1.9;2.4;1;-1.7;3.7;-2.8;0.14;1.6;2.6;0.02;452;152;99;61;95281;2.15;2.06;0.34;0.35
2012;4;1;92;6.7;3;0.1;-2.7;-6.3;-9;1.9;-2.7;0.14;1.6;2.6;0.21;456;143;101;74;96024;1.45;0.09;0.34;0.35
2012;4;2;93;14.9;7.6;-0.5;2.5;-2.5;-7.2;0.9;1.3;0.14;1.7;2.6;0.18;636;198;135;91;95728;1.85;0;0.33;0.35
2012;4;3;94;17.1;10;0.6;5;2.9;-0.9;0.1;1.3;0.14;1.7;2.6;0.07;635;208;130;89;95422;1.97;0;0.33;0.35
2012;4;4;95;18.7;13;7;7.6;5.9;4.6;1;1.7;0.14;1.7;2.6;0;593;172;118;78;95442;1.92;0.08;0.33;0.35
2012;4;5;96;18.5;11.4;6;11.8;7.9;4.8;0.3;-0.7;0.14;1.7;2.6;0;604;165;106;63;95684;1.72;6.57;0.33;0.35
2012;4;6;97;9.8;7.9;5.5;6.9;5.9;4.6;0.7;-2.1;0.14;1.7;2.6;0;239;63;45;23;95494;1.24;2.12;0.33;0.35
2012;4;7;98;9.3;7;3.2;8.4;5.2;0;0.2;-0.7;0.14;1.8;2.6;0;141;45;49;24;95034;1.21;5.21;0.34;0.35
2012;4;8;99;5;2.3;-0.7;-0.6;-6.6;-9;0.9;-4.9;0.15;1.8;2.6;0.09;480;161;105;70;95451;1.63;0.18;0.34;0.35
2012;4;9;100;7.9;2.9;-1.8;-6;-8;-10.1;0.2;-1.6;0.15;1.8;2.6;0.14;651;213;134;100;95902;1.92;0;0.34;0.35
2012;4;10;101;12.5;6.7;0.3;-1.2;-3.5;-8.3;0.3;4.2;0.15;1.8;2.6;0.08;631;199;113;84;95457;2.09;0;0.33;0.35
2012;4;11;102;15.5;10;5;5.3;2.9;-0.7;1;3.2;0.15;1.8;2.6;0.01;646;189;114;72;94681;2.06;0.35;0.33;0.35
2012;4;12;103;12.4;7.6;4.6;4.5;2.7;0.7;1;-1;0.15;1.9;2.6;0;346;91;96;39;95002;1.79;6.32;0.34;0.35
2012;4;13;104;13.5;8.4;3.8;7;4.5;2.1;-0.4;0.1;0.15;1.9;2.6;0;564;163;91;57;95083;1.68;1.8;0.34;0.35
2012;4;14;105;12.5;9;5.5;6.2;4.6;3;0.2;-3.1;0.15;1.9;2.6;0;463;120;72;44;94644;1.8;1.39;0.34;0.35
2012;4;15;106;10.9;8.4;6.8;5.7;5.1;4.4;1.6;-2.8;0.15;1.9;2.6;0;260;81;55;30;94667;1.05;0.63;0.34;0.35
2012;4;16;107;8.5;6;2.6;4.4;2.8;0.3;2.2;-3.7;0.15;2;2.6;0.01;404;126;76;45;95458;1.61;2.03;0.34;0.35
2012;4;17;108;8.9;5;1.5;-0.1;-2.5;-3.8;0.9;-4;0.15;2;2.6;0.08;544;171;101;64;95788;1.99;0.2;0.33;0.35
2012;4;18;109;13.1;6.9;-1.2;2.5;-0.1;-3.5;0.2;1.1;0.15;2;2.6;0.03;699;229;132;88;94877;2.31;0.25;0.33;0.35
2012;4;19;110;15;9.6;4.3;4.6;3;1.9;0.5;2.9;0.15;2.1;2.7;0;627;213;113;82;94317;2.36;0.11;0.33;0.35
2012;4;20;111;15.4;9.1;2.7;7;4.3;0.6;0.7;0.2;0.15;2.1;2.7;0;599;184;109;72;94515;2.13;2.92;0.33;0.35
2012;4;21;112;14.7;9.8;6.1;6.4;4.7;3.6;1.1;0.2;0.15;2.1;2.7;0;551;179;123;63;95265;2.52;2.82;0.33;0.35
2012;4;22;113;11.9;7.4;2.3;4.8;3.8;1.1;1.5;-0.5;0.15;2.2;2.7;0;424;116;79;55;95559;1.96;5.83;0.33;0.35
2012;4;23;114;13.5;8.3;0.3;6.4;2.6;-0.9;0.5;2.5;0.15;2.2;2.7;0;647;207;114;80;95631;2.51;0.17;0.33;0.35
2012;4;24;115;14.8;9.6;6;8.6;5.4;3.6;1.4;3.8;0.16;2.2;2.7;0;514;156;76;64;94954;2.16;2.1;0.33;0.35
2012;4;25;116;16.4;10.3;1.7;5.7;2.5;0.7;1.2;2.1;0.16;2.3;2.7;0;678;213;115;85;95649;2.96;0.61;0.33;0.35
2012;4;26;117;20.2;13.3;5.9;7.4;6;3.6;0.2;2.4;0.16;2.3;2.7;0;702;240;124;93;95943;3.12;0;0.33;0.35
2012;4;27;118;21.5;15.3;7;10.3;7.7;5;-0.6;-0.1;0.16;2.3;2.7;0;708;242;130;90;96580;3.15;0;0.33;0.35
2012;4;28;119;24.5;18.1;8.9;10.8;8.4;6.2;-0.2;3.2;0.16;2.4;2.7;0;704;248;123;90;96768;3.68;0;0.32;0.35
2012;4;29;120;25.5;19.4;13.1;9.9;8.2;6.8;0;4;0.16;2.4;2.7;0;715;246;127;100;96342;3.95;0;0.32;0.35
2012;4;30;121;25.3;19.5;12.8;10.9;7.7;5.7;0.6;2.8;0.16;2.4;2.7;0;710;245;130;99;96280;3.88;0;0.31;0.35
2012;5;1;122;25.9;19.8;12.4;11.1;8.8;7.2;0.3;2.4;0.16;2.5;2.7;0;677;240;125;86;96318;3.65;0;0.31;0.35
2012;5;2;123;26.2;19.8;13.2;12.1;9.7;8.2;0.6;1.8;0.16;2.5;2.7;0;681;226;118;76;96052;3.59;1.1;0.31;0.35
2012;5;3;124;21.4;16.5;12.2;12.1;10.2;8.2;1.6;-1.7;0.16;2.6;2.7;0;633;195;102;64;95724;2.98;2.61;0.31;0.35
2012;5;4;125;17.6;13.8;10.8;10.7;9.5;7.5;1.6;-0.1;0.16;2.6;2.7;0;361;78;80;43;95506;1.85;13.48;0.32;0.35
2012;5;5;126;20.5;14.8;7.8;11;8.1;5.7;1.1;2.1;0.16;2.6;2.7;0;653;228;112;80;95345;3.4;0.12;0.32;0.34
2012;5;6;127;20.2;14.8;8;9.4;8.2;6.3;0.9;1.5;0.16;2.7;2.7;0;636;209;110;72;95695;3.2;0.96;0.31;0.34
2012;5;7;128;16.2;13;10;8.4;7.2;6.2;0.9;-2.6;0.16;2.7;2.7;0;428;129;78;49;96297;2.21;0.46;0.31;0.34
2012;5;8;129;18.6;13.3;6.6;8.1;6.7;5.4;-0.2;-0.4;0.16;2.7;2.7;0;667;222;112;82;96592;3.02;0.08;0.31;0.34
2012;5;9;130;21.4;16.2;8.7;10.5;8.8;6.9;0.1;2.3;0.16;2.8;2.7;0;709;233;111;79;96655;3.36;0.02;0.31;0.34
2012;5;10;131;23.4;18.4;11.5;12.1;10.4;8.7;0.5;1.6;0.16;2.8;2.7;0;624;212;100;71;97175;3.34;0.1;0.3;0.34
2012;5;11;132;26.3;20.5;13.8;12;10.4;8.1;0.7;2.4;0.17;2.8;2.8;0;708;244;119;84;97175;4.02;0;0.3;0.34
2012;5;12;133;23.9;15.9;7.9;14.7;10.4;4.9;1.5;-3.2;0.17;2.9;2.8;0;635;161;86;52;96970;3.68;6.8;0.3;0.34
2012;5;13;134;12.4;9.6;7;4.1;-0.7;-3.8;0.2;-4.7;0.17;2.9;2.8;0;630;206;98;67;97162;3.4;0.17;0.3;0.34
2012;5;14;135;12.6;9.2;5.9;4.2;2.1;0.8;-0.1;-3.6;0.17;2.9;2.8;0;448;138;61;40;96509;2.29;1.15;0.3;0.34
2012;5;15;136;15.3;11.7;7.1;5.7;4.1;3.1;0.3;-0.5;0.17;3;2.8;0;457;156;92;58;95788;2.26;0.44;0.3;0.34
2012;5;16;137;9.2;8;7;5.1;3;1.7;3.2;-4.3;0.17;3;2.8;0;362;104;63;37;95938;2.24;2.65;0.3;0.34
2012;5;17;138;11.9;8.4;4.5;1.5;-0.9;-2.4;1.8;-4.8;0.17;3;2.8;0;664;214;103;82;96616;2.6;0.01;0.3;0.34
2012;5;18;139;15;9.6;2;2.2;0.5;-1.8;-0.1;1.9;0.17;3;2.8;0;743;269;134;101;96496;3.01;0;0.29;0.34
2012;5;19;140;19.7;14.1;7.5;6.5;4.6;1.3;0;2.9;0.17;3;2.8;0;726;267;124;93;96353;3.47;0;0.29;0.34
2012;5;20;141;23;17.2;10.2;9.9;8.2;5.5;-0.3;3.8;0.17;3;2.8;0;721;261;113;89;95923;3.58;0;0.29;0.34
2012;5;21;142;20.9;16.8;13.5;13.5;11.7;9.4;-0.4;2.5;0.17;3;2.8;0;577;158;73;50;95495;2.36;2.56;0.29;0.34
2012;5;22;143;17.7;15.1;13;15.6;13.9;12.4;-0.1;-0.7;0.17;3;2.8;0;273;60;55;30;95414;1.21;23.7;0.3;0.34
2012;5;23;144;24.6;19.1;14.5;14.4;12.1;8.9;0.9;-3.4;0.17;3;2.8;0;708;231;95;67;96083;4.54;1.57;0.31;0.34
2012;5;24;145;22;18.6;15.4;14.8;9.6;5.1;0.4;-4.6;0.17;3;2.8;0;642;221;95;76;96609;4.35;1.13;0.3;0.34
2012;5;25;146;19.3;15.9;12.7;8.3;5;2.9;-0.1;-4.1;0.17;3;2.8;0;617;225;108;83;96751;3.98;0.18;0.3;0.34
2012;5;26;147;18.5;14.7;10.2;6.3;3.9;2;0.1;-2.5;0.17;3;2.8;0;492;177;98;67;96682;3.2;0.1;0.3;0.34
2012;5;27;148;19.5;15;10;7.8;5.4;3;0.4;-1.5;0.17;3;2.8;0;678;252;116;90;96498;3.73;0.27;0.3;0.34
2012;5;28;149;19.8;14.6;8.5;10.2;7.5;4.2;1.3;-1.4;0.17;3;2.8;0;638;212;105;73;96110;3.42;3.25;0.29;0.34
2012;5;29;150;20;16;10;11.3;9.5;8.1;1.1;-1.8;0.17;3;2.8;0;579;212;96;70;96002;3.3;0.31;0.29;0.34
2012;5;30;151;21.8;17.4;13.8;14;11.8;10;1.5;-1.5;0.17;3;2.8;0;586;202;90;67;96354;3.3;4.99;0.29;0.34
2012;5;31;152;21.5;16.8;12.5;13.8;12.3;10.8;1.1;-0.5;0.17;3;2.8;0;597;193;92;61;96498;3.14;1.97;0.29;0.34
2012;6;1;153;18.9;15.7;12.9;13.1;10;8.1;2.4;-1.3;0.17;3;2.8;0;564;163;88;55;96114;3;3.52;0.29;0.34
2012;6;2;154;18;14.5;11.7;13.1;11.4;8.9;0.2;1.1;0.17;3;2.8;0;272;73;58;30;96328;1.4;2.25;0.29;0.34
2012;6;3;155;26.1;19.5;11.8;15.9;14.2;11.3;1.4;2.1;0.17;3;2.8;0;675;227;94;66;95764;3.71;1.87;0.29;0.34
2012;6;4;156;17.2;15.2;11.8;14;12.3;9.7;1;-2.1;0.17;3;2.8;0;204;72;29;17;95799;2.76;15.47;0.3;0.34
2012;6;5;157;15.9;12.9;9;9.2;5.9;3.3;2.6;-3.6;0.17;3;2.8;0;709;225;114;66;96084;3.97;1;0.3;0.34
2012;6;6;158;19.8;13.9;6.3;11.9;8;3.7;0.5;0.9;0.17;3;2.8;0;530;197;99;69;96106;2.79;0.01;0.3;0.34
2012;6;7;159;23.5;18.7;11.6;13.6;12.5;10.5;0.6;1.8;0.17;3;2.8;0;690;241;104;73;95814;3.82;0.05;0.3;0.34
2012;6;8;160;25.4;20.7;14.6;15.9;14.2;12.3;0.6;0.4;0.17;3;2.8;0;551;207;86;65;95775;3.75;1.29;0.3;0.34
2012;6;9;161;17.6;16;12.9;12.6;11.5;10.3;0.6;-2.3;0.17;3;2.8;0;344;111;67;40;96289;2.1;2.04;0.29;0.34
2012;6;10;162;21;15.9;12.8;14.8;12.7;10.7;0.4;0.1;0.17;3;2.8;0;468;141;78;35;95811;2.8;5.59;0.3;0.34
2012;6;11;163;18.5;14.8;11.5;13.5;11.5;10.6;0.1;-0.1;0.17;3;2.8;0;496;140;72;38;95386;2.71;9.93;0.3;0.34
2012;6;12;164;18.9;15.3;10.1;15.7;12.6;9;0.6;1.7;0.17;3;2.8;0;452;165;68;48;95069;2.99;4.38;0.3;0.34
2012;6;13;165;17.4;14.1;10.7;11;9.4;7.7;2.6;-1;0.17;3;2.8;0;413;136;83;48;95828;3.36;5.33;0.31;0.34
2012;6;14;166;20.8;15.6;9.4;12.7;9.3;7.5;1.2;-0.4;0.17;3;2.8;0;666;242;109;73;96554;3.81;0.94;0.31;0.34
2012;6;15;167;22.4;17.3;9.8;14.3;12.2;9.1;-0.1;0.8;0.17;3;2.8;0;624;237;99;74;96827;3.8;0.43;0.3;0.34
2012;6;16;168;27.2;21.8;15;15.2;13.1;11.8;0.2;3.3;0.17;3;2.8;0;737;276;118;89;96748;4.92;0;0.3;0.34
2012;6;17;169;26.9;22.3;16;17.7;15.4;12.5;0.1;0.1;0.17;3;2.8;0;724;259;108;81;96847;4.34;0.17;0.3;0.34
2012;6;18;170;28.6;23.5;17;16.7;14.9;13.1;0.2;2.4;0.17;3;2.8;0;720;271;111;81;96644;4.62;0;0.29;0.34
2012;6;19;171;28.9;23.9;17.4;17.7;16.3;14.7;-0.1;0.6;0.17;3;2.8;0;663;241;98;72;96553;4.14;0.03;0.29;0.34
2012;6;20;172;30.2;24.9;19.2;20.2;17.4;14.9;0.3;2.3;0.17;3;2.8;0;675;234;90;63;96099;4.01;0.18;0.28;0.34
2012;6;21;173;28.3;23.1;19;19.4;17.7;16.8;0.6;-0.7;0.17;3;2.8;0;642;213;92;58;95881;3.62;2.62;0.28;0.34
2012;6;22;174;24.5;20.9;17.5;17.2;14.7;12.8;1.4;-2.7;0.17;3;2.8;0;520;174;93;54;96450;3.75;10.14;0.29;0.33
2012;6;23;175;20.6;18.4;15.3;14.3;13.2;11.3;0.6;-1.8;0.17;3;2.8;0;425;159;71;51;97053;3.3;4.3;0.29;0.33
2012;6;24;176;26.5;20.9;13.3;15.8;13.5;12.2;0.7;1.4;0.16;3;2.8;0;707;257;114;72;96622;4.37;0.87;0.29;0.33
2012;6;25;177;19.1;17.3;14.4;16.6;13.7;7.7;0.8;-1.1;0.16;2.9;2.8;0;247;67;82;36;96263;2.05;23.33;0.3;0.33
2012;6;26;178;20.5;17;13;10.1;8.3;7.1;2.1;-2;0.16;2.9;2.8;0;521;211;93;78;96708;3.84;0.04;0.3;0.33
2012;6;27;179;22.5;18.1;12.5;14;10.2;8.1;0.8;-0.9;0.16;2.9;2.8;0;572;197;91;65;96763;3.45;0.02;0.3;0.33
2012;6;28;180;25.1;20.9;14.3;17.8;14.8;11.4;0.1;0;0.16;2.9;2.8;0;571;214;85;60;96296;3.62;0.6;0.3;0.33
2012;6;29;181;28;23.4;17.9;19.4;17.4;14.2;-0.1;1.1;0.16;2.9;2.8;0;683;231;90;61;96186;4;2.14;0.3;0.33
2012;6;30;182;31.9;25.8;17.2;20.1;18.1;14.8;-0.5;1.6;0.16;2.9;2.8;0;729;261;107;74;96203;4.69;0.07;0.29;0.33
2012;7;1;183;31.7;26.5;20.8;19.5;18.5;17;0.2;1.3;0.16;2.9;2.8;0;714;260;101;73;96238;4.84;0.23;0.29;0.33
2012;7;2;184;31.4;25.4;19.1;18.7;16.7;15;-0.2;0.2;0.16;2.9;2.8;0;720;262;108;72;96539;4.81;0;0.28;0.33
2012;7;3;185;30.6;25.3;20.3;19.3;17.6;15.7;-0.2;1.1;0.16;2.9;2.8;0;674;226;90;63;96266;4.31;6.21;0.28;0.33
2012;7;4;186;26.9;23;17.9;19.4;17.7;16.6;0.3;-1;0.16;2.9;2.7;0;595;207;81;56;96162;4.16;12.25;0.29;0.33
2012;7;5;187;28.9;23.9;18.8;19.7;18.2;16.5;0.3;1.5;0.16;2.9;2.7;0;637;223;84;63;96003;4.17;3.54;0.29;0.33
2012;7;6;188;29.7;24.3;19.1;18.2;16.8;15.4;0.6;1.7;0.16;2.8;2.7;0;689;249;96;72;95937;4.69;2.69;0.29;0.33
2012;7;7;189;28.5;23.2;17.2;18.4;17.1;15.7;0.6;-0.1;0.16;2.8;2.7;0;665;229;93;67;96039;4.18;0.51;0.29;0.33
2012;7;8;190;28.4;23.6;18.4;17.3;16.2;14.6;1.3;0;0.16;2.8;2.7;0;689;234;98;67;95960;4.37;0.74;0.29;0.33
2012;7;9;191;25.5;21.9;18.2;17.3;15.8;14.1;1;-2.2;0.16;2.8;2.7;0;616;193;82;56;96157;4.06;9.73;0.28;0.33
2012;7;10;192;26.9;21.8;16.3;18.3;15;12.3;0.6;-0.3;0.16;2.8;2.7;0;647;233;116;67;96245;4.29;1.21;0.29;0.33
2012;7;11;193;25.6;20.5;16.8;17.4;16;14.7;0.5;-0.4;0.16;2.8;2.7;0;618;206;92;55;96198;4.06;21.81;0.29;0.33
2012;7;12;194;19.3;17.6;16.1;14.8;11.4;9.4;1.3;-1.5;0.16;2.8;2.7;0;281;90;47;30;96384;2.37;1;0.3;0.33
2012;7;13;195;16.5;15.1;11.5;14.3;12.4;10.4;-0.4;0.3;0.16;2.8;2.7;0;183;58;82;33;96150;1.35;7;0.3;0.33
2012;7;14;196;23.9;17;11.2;17.3;13.4;10.6;0.3;0.6;0.16;2.8;2.7;0;657;194;88;47;95837;3.88;22.17;0.31;0.33
2012;7;15;197;17.8;15.5;13;12.6;11.6;8.7;1.1;-0.9;0.16;2.8;2.7;0;450;85;74;36;96262;2.23;5.33;0.32;0.33
2012;7;16;198;19;15.7;12.3;9.1;8.2;7.4;2.5;-2.7;0.16;2.8;2.7;0;638;215;94;73;96978;3.78;0.11;0.32;0.33
2012;7;17;199;20.8;16.5;10.1;10.7;9.2;7.2;2.3;-0.7;0.16;2.8;2.7;0;463;168;78;63;96973;3.05;0.1;0.32;0.33
2012;7;18;200;23.7;19;14.6;13.3;10.9;9.3;1.7;-0.3;0.16;2.8;2.7;0;496;198;93;69;96711;3.6;0.09;0.32;0.33
2012;7;19;201;26.8;20.9;14.9;17.2;14.9;11.1;1;0.5;0.16;2.7;2.7;0;703;204;102;61;96039;3.67;0.82;0.31;0.33
2012;7;20;202;18.5;16.9;14.4;15.7;13.4;12;-0.1;-1.6;0.16;2.7;2.7;0;261;91;52;28;96329;2.41;17.52;0.31;0.33
2012;7;21;203;16;14.5;12.3;13.8;12.6;9.9;0.8;-1.9;0.16;2.7;2.7;0;210;48;64;26;96497;1.84;22.14;0.34;0.33
2012;7;22;204;17.8;14.8;12.2;11.5;9.5;6.7;0.9;-4.2;0.16;2.7;2.7;0;692;218;94;65;96984;3.55;0.46;0.35;0.33
2012;7;23;205;22.2;17.2;11.6;12.9;9.9;6.8;0.3;-2.9;0.16;2.7;2.7;0;714;251;104;75;97236;4.11;0;0.34;0.33
2012;7;24;206;25.4;20.1;14.2;18.1;14.6;11.1;-0.8;-1;0.16;2.7;2.7;0;675;235;96;58;96795;3.94;2.55;0.34;0.33
2012;7;25;207;22;18.7;16.6;19.5;17.2;15.7;0.4;-0.7;0.16;2.7;2.7;0;416;110;52;24;96275;2.32;11.99;0.35;0.33
2012;7;26;208;24;19.9;15.9;18.4;16.8;14.8;1.1;-1.7;0.16;2.7;2.7;0;585;187;75;50;96390;3.45;5.07;0.35;0.33
2012;7;27;209;27.1;22.5;16.9;19.8;17.2;15.4;0.6;-1.1;0.16;2.7;2.7;0;654;228;89;65;96327;4.16;0.33;0.35;0.33
2012;7;28;210;29.4;23.5;18.3;19.4;18.1;16.1;0.5;2.1;0.16;2.7;2.7;0;694;238;92;64;95951;4.43;11.37;0.35;0.33
2012;7;29;211;24.1;20.3;17;18.5;16.9;14.6;0.8;-1.3;0.16;2.7;2.7;0;500;161;68;51;96023;3.13;4.51;0.35;0.33
2012;7;30;212;22.7;19.4;16.7;14.3;13.2;11.6;0.8;-2.7;0.16;2.7;2.7;0;642;210;96;64;96596;3.82;0.07;0.35;0.33
2012;7;31;213;24.1;19.9;16;15;13.3;12.3;0.2;-1.4;0.16;2.7;2.7;0;671;206;107;64;96684;3.84;0.67;0.35;0.33
2012;8;1;214;26.3;21.2;14.8;15.8;13.5;11.7;-0.2;-0.2;0.16;2.7;2.7;0;690;244;115;81;96548;4.27;0;0.34;0.33
2012;8;2;215;28.3;22.7;15.9;19;15.4;12;0.4;1.9;0.16;2.7;2.7;0;689;236;99;71;96324;4.19;0.01;0.34;0.33
2012;8;3;216;25.3;21.3;17.6;17.4;16.3;14.3;1;-1.2;0.16;2.7;2.7;0;584;187;84;55;96364;3.3;0.95;0.34;0.33
2012;8;4;217;26.5;22.2;16.8;18.8;17;15.2;0.2;0.3;0.16;2.6;2.7;0;647;198;86;56;96316;3.4;0.1;0.33;0.33
2012;8;5;218;30;24.6;18.7;19.7;16.9;13.3;0.6;2.1;0.16;2.6;2.7;0;686;227;98;69;96014;4.24;0.22;0.33;0.33
2012;8;6;219;31.1;25.8;19.8;18;15.4;13.1;1.7;1.3;0.16;2.6;2.7;0;690;226;108;76;95965;4.4;0.15;0.33;0.33
2012;8;7;220;22.7;19.8;17.5;14.2;12.4;10.8;1.1;-2.1;0.16;2.6;2.7;0;559;161;84;52;96876;3.03;0;0.32;0.33
2012;8;8;221;22;19.1;17.4;13.9;13;11.8;0.5;-1.6;0.16;2.6;2.7;0;386;105;79;38;97043;2.11;0.73;0.32;0.33
2012;8;9;222;21.4;18.5;15;13.9;12.1;11.3;0.6;-1.7;0.16;2.6;2.7;0;528;173;91;64;97019;2.85;0.74;0.32;0.33
2012;8;10;223;21;17.5;13.6;13.3;10.9;9.6;0.5;-2.2;0.16;2.6;2.7;0;563;167;79;64;96927;2.68;0.51;0.32;0.33
2012;8;11;224;18.1;15.1;12.4;10.6;9.3;7.3;1.1;-3;0.16;2.6;2.7;0;570;151;90;58;96692;2.57;1.67;0.31;0.33
2012;8;12;225;18.8;15;11.3;10.2;8.9;8;0.5;-2.4;0.16;2.6;2.7;0;413;148;94;64;96500;2.25;0.12;0.31;0.33
2012;8;13;226;20.2;15.6;10.5;10.5;8.5;7.4;0.2;-1.5;0.16;2.6;2.7;0;620;173;118;69;96404;2.45;0.03;0.31;0.33
2012;8;14;227;21.7;16.7;11.8;10.4;8.2;6.3;0.9;-1.7;0.16;2.6;2.7;0;641;227;127;83;96381;3.16;0;0.31;0.33
2012;8;15;228;24.7;18.6;10.3;12.3;10.2;8.5;0.4;-0.5;0.16;2.6;2.7;0;681;228;128;85;96301;3.26;0;0.31;0.33
2012;8;16;229;25;20;13.5;13.9;12.2;10.3;0.9;-1.4;0.16;2.6;2.7;0;611;182;105;63;96444;2.79;0.01;0.3;0.33
2012;8;17;230;24.2;20.4;16.7;14.7;13.6;12.3;0.8;-2.3;0.15;2.6;2.7;0;528;181;82;64;96863;2.74;0.06;0.3;0.33
2012;8;18;231;25.8;20.8;14.4;15.6;13.3;11.5;0;-0.8;0.15;2.6;2.7;0;602;209;109;75;97068;2.92;0;0.3;0.33
2012;8;19;232;28.4;22.3;14.5;15.8;14.3;12.4;0.2;1;0.15;2.6;2.7;0;662;223;118;80;97124;3.2;0;0.3;0.33
2012;8;20;233;32.1;25.1;17.7;17;14.3;13.3;1.1;2.2;0.15;2.6;2.7;0;670;227;130;90;96852;3.41;0;0.29;0.33
2012;8;21;234;29.4;24.1;19;19;16.8;13.3;1.6;-0.7;0.15;2.6;2.7;0;586;192;92;70;96623;2.86;0.09;0.29;0.33
2012;8;22;235;31.1;24.4;18.8;19.1;17.6;16.3;0.9;-0.6;0.15;2.6;2.7;0;642;186;111;68;96413;2.88;2.76;0.29;0.33
2012;8;23;236;28.4;24;19.8;19;17.7;16.7;0.4;0.5;0.15;2.5;2.7;0;532;159;94;57;96343;2.42;0.11;0.29;0.33
2012;8;24;237;30.9;24.7;19.1;18.7;16.5;14.8;1.1;0.2;0.15;2.5;2.7;0;631;203;107;70;95912;3.15;0.58;0.28;0.33
2012;8;25;238;28.1;23.4;18.2;16.4;15.2;14.4;0.1;-0.5;0.15;2.5;2.7;0;592;184;102;67;95975;2.7;0.01;0.28;0.33
2012;8;26;239;21.6;17.6;15.6;15.5;12.7;8.8;2;-2.6;0.15;2.5;2.7;0;273;67;50;38;96106;2.13;4.65;0.28;0.33
2012;8;27;240;20.6;16.9;13.5;11.1;9.8;8.7;2.3;-3.3;0.15;2.5;2.7;0;491;167;93;70;96779;2.34;0.53;0.28;0.32
2012;8;28;241;24.5;18.6;12.1;12.9;11.6;9.6;0.6;1.8;0.15;2.5;2.7;0;647;212;118;83;96795;2.57;0;0.28;0.32
2012;8;29;242;25.4;20.8;15.9;14.5;12.6;10.6;0.5;-1;0.15;2.5;2.7;0;583;184;105;69;96814;2.53;0;0.28;0.32
2012;8;30;243;27.5;21.8;15.3;15.5;11.9;8.7;0.2;2.1;0.15;2.5;2.7;0;625;196;115;78;96515;2.72;0.01;0.28;0.32
2012;8;31;244;19.5;15.8;12.2;12.7;10.9;8.7;1.8;-2.5;0.15;2.5;2.7;0;371;99;53;34;96321;3.14;18.01;0.28;0.32
2012;9;1;245;16.6;14.1;12.1;13.4;12.2;9.7;1.7;-2.9;0.15;2.5;2.7;0;278;66;44;26;96711;2.23;20.69;0.3;0.32
2012;9;2;246;22.6;17.8;13.7;17.2;15;13;0.5;-1.4;0.15;2.5;2.7;0;345;125;87;42;96930;1.87;0.06;0.31;0.32
2012;9;3;247;24;19.3;14.3;16.8;15.5;13.8;0.6;-2.3;0.15;2.5;2.7;0;552;172;86;58;96833;2.5;0;0.3;0.32
2012;9;4;248;22.3;19.3;16.3;16;14.8;13.5;1;-2.9;0.15;2.5;2.7;0;450;122;67;53;96642;1.97;0.01;0.3;0.32
2012;9;5;249;23.6;19.5;15.1;15.1;14.1;12.5;0.8;-1.9;0.15;2.5;2.7;0;499;161;90;66;96487;2.59;0.47;0.3;0.32
2012;9;6;250;18.7;16.6;12.6;13.7;11.1;6.1;1;-3.9;0.15;2.5;2.7;0;461;142;99;68;96876;2.06;0.13;0.3;0.32
2012;9;7;251;22.1;15.9;9.1;11.8;9.3;6.3;0.9;-0.5;0.15;2.5;2.7;0;612;193;123;88;97131;2.62;0;0.3;0.32
2012;9;8;252;24.7;18.6;11.9;14.4;11;8.6;0.9;-0.6;0.15;2.5;2.7;0;608;190;119;78;96904;2.72;0;0.29;0.32
2012;9;9;253;24.4;19.5;15.1;13.9;12.7;11;-0.1;0.9;0.15;2.5;2.7;0;600;184;112;78;96796;2.6;0;0.29;0.32
2012;9;10;254;25.6;20.1;15;13.8;12.3;10.3;0.2;2.4;0.15;2.5;2.7;0;593;189;110;81;96678;2.77;0;0.29;0.32
2012;9;11;255;27;20.8;14.5;14.2;12.5;10.6;0.9;2.2;0.15;2.5;2.7;0;593;183;115;78;96360;2.76;0.05;0.29;0.32
2012;9;12;256;21.9;16.5;10.1;15.2;12.5;8;0.9;-1.9;0.15;2.5;2.7;0;398;110;74;45;95799;2.88;25.42;0.29;0.32
2012;9;13;257;11.1;9.9;8;7.6;6.5;5.6;1.7;-5.8;0.15;2.5;2.7;0;232;62;42;21;95821;2.92;14.91;0.32;0.32
2012;9;14;258;15.4;12.6;10.3;7;6.6;6;1.2;-3.7;0.15;2.5;2.7;0;283;83;67;27;96161;1.59;0.05;0.32;0.32
2012;9;15;259;17.3;14.5;12.6;9.8;8.3;4.8;1.6;-2.6;0.15;2.5;2.7;0;475;118;75;51;96311;1.91;0.07;0.32;0.32
2012;9;16;260;17.5;13.8;9.9;9.9;8.9;7.9;0;-0.4;0.15;2.4;2.7;0;493;139;94;65;96627;1.86;0;0.32;0.32
2012;9;17;261;21;15.4;9.9;11.4;9.8;7.4;0.6;2.3;0.15;2.4;2.7;0;579;182;113;80;96417;2.42;0;0.31;0.32
2012;9;18;262;22.2;17.1;12;13.1;11.9;10.4;0.7;2.3;0.14;2.4;2.7;0;570;172;110;81;96213;2.45;0;0.31;0.32
2012;9;19;263;18.1;13;9.5;13.6;10.5;7.3;1.2;-2.3;0.14;2.4;2.7;0;245;51;65;33;96130;2.16;9.22;0.31;0.32
2012;9;20;264;13.8;10.6;6.8;7.2;4.9;3.1;1.6;-3.3;0.14;2.3;2.7;0;517;147;104;68;96907;2.35;0.39;0.32;0.32
2012;9;21;265;16.1;10.9;5.4;7.1;5.6;3.4;0.4;1.9;0.14;2.3;2.7;0;528;160;120;85;96850;1.91;0;0.31;0.32
2012;9;22;266;18.4;13.7;9;11.8;8.9;5.1;0;0.4;0.14;2.3;2.7;0;479;121;90;54;96251;1.74;0.74;0.31;0.32
2012;9;23;267;17.4;13.5;10.5;11.3;9.8;8.7;-0.2;1.1;0.14;2.3;2.7;0;443;92;71;41;96508;1.52;1.07;0.31;0.32
2012;9;24;268;23.8;16.9;11.2;14.4;12.8;10.7;1.5;2.2;0.14;2.2;2.7;0;483;140;85;61;95316;2.28;8.96;0.31;0.32
2012;9;25;269;21.5;17.3;12.9;12.6;10.9;9.5;1.1;1.9;0.14;2.2;2.7;0;514;144;112;69;95616;2.64;0.45;0.32;0.32
2012;9;26;270;23.1;18.6;14.1;14.1;13.1;11.6;1.9;4.8;0.14;2.2;2.7;0;521;151;97;79;95526;2.29;0;0.32;0.32
2012;9;27;271;19.5;16.2;12.7;15.7;12;10.2;0.9;0.7;0.14;2.1;2.7;0;236;62;73;44;95918;1.78;6.7;0.32;0.32
2012;9;28;272;18.7;14.9;11.8;9.8;9.1;7.9;0.3;1.1;0.14;2.1;2.6;0;478;130;102;64;96733;2.01;0.11;0.32;0.32
2012;9;29;273;20.8;15.4;10.2;15.1;12.3;9.4;0.6;1.2;0.14;2.1;2.6;0;454;98;77;46;96450;1.42;1.15;0.32;0.32
2012;9;30;274;16.7;14.2;11.6;11.4;10.3;9.5;0.4;-1.6;0.14;2.1;2.6;0;285;85;75;45;96826;1.28;1.43;0.32;0.32
2012;10;1;275;21.2;16;11.4;14.6;12.5;10;0.4;1.3;0.14;2;2.6;0;485;131;85;51;96514;1.75;0.08;0.32;0.32
2012;10;2;276;16.4;14.1;10.4;12.2;10.7;8.1;0.9;-1.8;0.14;2;2.6;0;220;57;67;36;96571;1.07;0.96;0.32;0.32
2012;10;3;277;19.7;13.8;8.7;10.7;8.3;6.4;1.1;0.2;0.14;2;2.6;0;512;146;121;85;96538;1.73;0;0.31;0.32
2012;10;4;278;19.6;14.8;9.5;12.3;10.6;6.6;1;1.4;0.14;2;2.6;0;465;121;105;66;96282;1.44;0.08;0.31;0.32
2012;10;5;279;17.8;13.9;9.7;10.1;8.4;6.1;1.4;1.4;0.14;1.9;2.6;0;441;116;93;77;96673;1.34;0;0.31;0.32
2012;10;6;280;21.6;15.7;9.9;12.3;10.6;8.3;1;1.4;0.14;1.9;2.6;0;494;138;115;78;96439;1.66;0;0.31;0.32
2012;10;7;281;16.9;12.6;8.5;13.7;9.5;3.8;1.2;-1.3;0.14;1.9;2.6;0;242;61;82;46;96201;1.61;10.4;0.31;0.32
2012;10;8;282;13.4;9.6;6.9;4.7;3;1.3;0.8;-0.8;0.14;1.9;2.6;0;386;111;110;79;96691;1.38;0;0.32;0.32
2012;10;9;283;14.7;11;6.5;10.1;6.4;2.5;0.6;0.6;0.14;1.8;2.6;0;354;79;78;43;95902;1.1;0.63;0.32;0.32
2012;10;10;284;10.6;9.2;8;5.6;4.1;2.1;0;-0.7;0.14;1.8;2.6;0;145;38;46;24;96137;0.59;0.01;0.32;0.32
2012;10;11;285;11.6;9.1;7.3;6.1;5.4;4.9;0.1;0.7;0.14;1.8;2.6;0;244;60;69;38;96208;0.78;0.32;0.32;0.32
2012;10;12;286;12.4;10.5;8.6;8.9;7.9;6.1;-0.3;2.2;0.14;1.8;2.6;0;164;38;38;20;95997;0.56;1.17;0.32;0.32
2012;10;13;287;13;10.7;9.4;9;6.1;4.4;0.3;-0.1;0.14;1.7;2.6;0;369;82;72;43;96201;1.33;0.48;0.32;0.32
2012;10;14;288;14.9;11.2;7.1;9.6;7.3;6;0;2.6;0.14;1.7;2.6;0;419;93;102;61;95515;0.96;0;0.31;0.32
2012;10;15;289;18.3;12.3;6.4;12.2;9.1;4.7;1.1;1.5;0.14;1.7;2.6;0;418;103;92;50;95394;1.75;8.31;0.31;0.32
2012;10;16;290;7.2;6.3;4.7;5;4.4;3.2;2.1;-2.1;0.14;1.7;2.6;0;56;13;71;12;95906;1.74;22.79;0.33;0.32
2012;10;17;291;15.5;9.2;2.7;8.3;5.2;0.6;0.5;1.8;0.13;1.7;2.6;0;430;114;111;77;96590;1.23;0;0.34;0.32
2012;10;18;292;17.7;11;5.3;11.2;8.4;4.9;0.2;2.3;0.13;1.6;2.6;0;358;99;99;67;96551;0.89;0;0.34;0.32
2012;10;19;293;18.1;10.9;5.3;12;8.6;4.7;0.5;1;0.13;1.6;2.6;0;404;107;106;74;96615;0.89;0;0.34;0.32
2012;10;20;294;17.1;10.7;5.9;12.3;8.6;5.3;0.5;-0.4;0.13;1.6;2.6;0;405;94;116;62;96663;0.81;0.01;0.34;0.32
2012;10;21;295;16.2;11.1;6.9;12.6;10.1;6.8;0.1;1;0.13;1.6;2.6;0;330;78;87;41;96730;0.58;0.01;0.34;0.32
2012;10;22;296;16.7;11;7;11.7;9.4;6.9;0.2;0.7;0.13;1.6;2.6;0;401;98;120;61;96922;0.79;0;0.34;0.32
2012;10;23;297;15;10.1;6.8;9.9;8.1;6.4;0.5;-1;0.13;1.6;2.6;0;385;90;108;55;97034;0.82;0;0.33;0.32
2012;10;24;298;12.5;9.2;6;7.9;7.2;5.9;-0.2;0.1;0.13;1.6;2.6;0;214;49;53;27;96673;0.48;0.05;0.33;0.32
2012;10;25;299;13.7;9.2;5.7;7.6;6.8;5.1;0.4;0.7;0.13;1.6;2.6;0;274;66;96;48;96089;0.59;0.02;0.33;0.32
2012;10;26;300;9.3;7.9;6.5;7.3;6.4;5.5;-0.6;0.4;0.13;1.6;2.6;0;104;23;35;15;95531;0.52;4.12;0.33;0.32
2012;10;27;301;13.3;7.8;0.1;10.2;6.3;-3.4;1.1;-0.2;0.13;1.6;2.6;0.27;202;32;26;11;94001;1.44;12.35;0.34;0.32
2012;10;28;302;3.6;1.3;-0.1;-3.1;-4;-4.8;1.1;-5.4;0.18;1.5;2.6;3.36;271;66;69;36;95338;0.92;3.26;0.34;0.32
2012;10;29;303;1;-0.4;-1.1;-2.4;-2.8;-3.3;1.3;-3.7;0.31;1.5;2.6;11.57;179;37;76;36;95819;0.58;7.99;0.34;0.32
2012;10;30;304;4.7;-1;-9.5;-2.2;-4.9;-11.5;1.1;1.3;0.31;1.5;2.6;11.42;297;73;98;64;95687;0.59;0;0.34;0.32
2012;10;31;305;8.8;2.4;-5.8;3.8;-1.4;-8.2;0;2.6;0.26;1.5;2.6;8.11;332;81;102;63;95555;0.39;0;0.35;0.32
2012;11;1;306;6.7;4.8;3.2;5.8;3.7;1.2;0;1.1;0.19;1.5;2.6;4.07;58;13;49;16;94546;0.21;8.8;0.36;0.32
2012;11;2;307;8.5;4.9;0.6;5.3;2.6;-0.2;1.3;0.8;0.16;1.5;2.6;2.64;117;29;86;46;95400;0.49;1.3;0.36;0.32
2012;11;3;308;12.5;7.7;1.6;7.2;4.3;0.4;1.3;2.7;0.14;1.5;2.6;1.37;305;77;91;76;95687;0.57;0;0.36;0.32
2012;11;4;309;15.3;10.9;6;9.9;7.8;4.9;1.1;2.9;0.13;1.5;2.6;0.36;323;74;86;63;95370;0.61;0;0.36;0.32
2012;11;5;310;13.3;7.1;2.5;11.3;5.2;0.9;1.9;-1;0.12;1.5;2.6;0.04;122;20;82;29;95043;1.4;24.91;0.37;0.32
2012;11;6;311;9.2;4;-0.5;3.5;0.7;-1.9;1.3;-0.4;0.12;1.4;2.6;0.02;254;61;84;70;96192;0.66;0.73;0.38;0.32
2012;11;7;312;9.1;4.5;-1.7;1.7;-0.7;-4.1;2.3;-0.2;0.12;1.4;2.6;0;300;57;75;53;97001;0.56;0;0.38;0.32
2012;11;8;313;12.4;6.5;1.9;5;3.1;0;0.9;0.8;0.12;1.4;2.6;0;358;81;112;66;96876;0.57;0;0.38;0.32
2012;11;9;314;10.6;6.6;4.3;4.4;3.3;2.4;0.6;-0.6;0.12;1.4;2.6;0;285;62;81;48;96655;0.72;1.17;0.38;0.32
2012;11;10;315;8.3;6.8;4.9;5.3;4.2;2.7;0.2;4.9;0.12;1.4;2.6;0;226;52;69;54;96183;0.55;0.67;0.38;0.32
2012;11;11;316;12;9;7.1;6.5;5.6;5.1;0;3.4;0.12;1.4;2.6;0;235;53;69;47;96068;0.48;0.01;0.37;0.32
2012;11;12;317;9.5;8.7;7.9;8.7;7.7;6.5;0.3;-1.5;0.12;1.4;2.6;0;55;11;20;8;97026;0.4;8.82;0.38;0.32
2012;11;13;318;9.8;7.8;4.9;6.8;5.7;3.5;0.5;-2.5;0.12;1.4;2.6;0;237;49;74;39;97721;0.64;1.04;0.38;0.32
2012;11;14;319;7.2;3.9;0.6;2.9;1.6;0;-0.2;-0.1;0.12;1.4;2.6;0;324;72;110;71;97753;0.43;0;0.38;0.33
2012;11;15;320;8.1;5.3;3.5;3.4;2.2;0.6;0;2.6;0.11;1.3;2.6;0;322;68;99;49;97214;0.46;0.05;0.38;0.33
2012;11;16;321;8.6;5.9;4.1;3.9;3.3;2.5;0.2;3.3;0.11;1.3;2.6;0;278;58;81;44;96927;0.44;0.03;0.38;0.33
2012;11;17;322;9.1;6.1;3.5;4.9;3.7;2.7;0.2;3.1;0.11;1.4;2.6;0;278;60;94;56;96416;0.37;0;0.38;0.33
2012;11;18;323;10.2;5.1;1;5.3;2.8;-0.5;0.4;0.7;0.11;1.4;2.6;0;289;67;97;65;96276;0.41;0.03;0.37;0.33
2012;11;19;324;6.6;5.8;4.2;6.2;5.2;3.2;0.1;-0.4;0.11;1.4;2.6;0;42;8;19;5;96646;0.09;0.45;0.37;0.33
2012;11;20;325;8.1;6;4;6.2;5.4;3.9;-0.2;0.9;0.11;1.4;2.6;0;165;42;50;25;96864;0.29;0.04;0.37;0.33
2012;11;21;326;8.3;6.9;5.4;6.6;6.1;5.1;-0.5;1.8;0.11;1.4;2.6;0;89;17;30;11;96843;0.23;0.57;0.37;0.33
2012;11;22;327;9.7;6.5;3.7;5.8;4.8;3.4;0;0;0.11;1.4;2.6;0;254;48;76;38;97136;0.33;0.05;0.37;0.33
2012;11;23;328;8.9;6.1;2.8;6;5;2.8;-0.1;1;0.11;1.4;2.6;0;88;19;56;21;96977;0.35;0.87;0.37;0.33
2012;11;24;329;9.8;5.8;3.1;6.2;4.6;3;0.4;1.3;0.11;1.4;2.6;0;268;53;96;46;96918;0.24;0;0.37;0.33
2012;11;25;330;9.5;6.4;3.2;5.9;5;2.6;0.2;1.5;0.11;1.4;2.6;0;198;43;85;46;96617;0.26;0;0.37;0.33
2012;11;26;331;10.2;6.1;2.1;7.6;4.5;1.2;0.6;1.9;0.11;1.4;2.6;0;189;37;67;40;96103;0.19;0.01;0.37;0.33
2012;11;27;332;12.1;8.4;5.7;7.7;6.1;4.5;1.3;2.1;0.11;1.4;2.6;0;245;50;80;54;95412;0.36;0.01;0.37;0.33
2012;11;28;333;12.6;9.5;7.7;8.6;7.3;5.7;-0.3;2.7;0.11;1.4;2.6;0;247;53;87;50;94774;0.56;4.33;0.37;0.33
2012;11;29;334;10.1;7.2;2.8;8.5;4.5;-1.9;0.8;0.9;0.11;1.4;2.6;0;158;36;77;39;94018;1.06;3.2;0.37;0.33
2012;11;30;335;4;2.4;0.9;-1.7;-2.8;-4.1;1.2;-2.8;0.11;1.4;2.6;0.1;164;34;61;44;95168;0.69;0.7;0.37;0.33
2012;12;1;336;2.9;0.6;-1;-2.4;-3.1;-4;0;-1;0.12;1.4;2.6;0.18;281;60;105;70;96003;0.35;0.03;0.37;0.33
2012;12;2;337;1.3;0.2;-0.5;-0.8;-2.6;-4.9;0.4;-1.5;0.15;1.4;2.6;1.94;91;15;67;27;95751;0.24;4.18;0.37;0.33
2012;12;3;338;2;0;-2.6;-3.7;-4.8;-5.8;2.2;-3.4;0.18;1.4;2.6;4.01;242;52;97;74;95795;0.49;0.13;0.37;0.33
2012;12;4;339;2.2;0.6;-1.3;-1.5;-3.8;-6.9;1;1.2;0.18;1.4;2.6;4.32;89;17;44;22;94964;0.36;1.53;0.37;0.33
2012;12;5;340;3.7;0.4;-1.9;-2;-3.4;-4.5;1.4;-0.7;0.19;1.4;2.6;4.51;166;37;92;56;94940;0.34;0.14;0.37;0.33
2012;12;6;341;3;-1.2;-3.9;-1.5;-5.5;-9.5;1.4;-0.5;0.18;1.4;2.6;4.28;204;40;87;65;95666;0.35;0.42;0.37;0.33
2012;12;7;342;-0.2;-2.7;-4.3;-5.8;-8.1;-9.6;0;1.3;0.18;1.4;2.6;4.17;250;52;106;72;95914;0.2;1.17;0.37;0.33
2012;12;8;343;-3.6;-4.7;-5.7;-5.8;-8.5;-10.4;0;-3.5;0.22;1.4;2.6;6.35;157;27;79;49;96131;0.22;1.43;0.37;0.33
2012;12;9;344;-1.5;-4.2;-5.7;-8.3;-9.9;-11;1.9;-2.3;0.22;1.4;2.6;6.33;242;51;107;72;96317;0.25;0.39;0.37;0.33
2012;12;10;345;2;-2.6;-6.2;-2.4;-5.9;-10;1;1;0.23;1.4;2.6;6.82;170;38;72;45;95490;0.1;1.32;0.37;0.33
2012;12;11;346;-0.3;-3.2;-5.3;-3.2;-6;-7.6;1.6;-2.4;0.24;1.4;2.6;7.49;122;28;81;52;95997;0.34;0.66;0.37;0.33
2012;12;12;347;-3.8;-6.5;-11.9;-8;-11.4;-16.5;2.2;-2.2;0.24;1.4;2.6;7.55;213;43;88;72;96648;0.26;0.02;0.37;0.33
2012;12;13;348;-1;-7.4;-12.6;-8.3;-12.5;-17.7;0.5;1.5;0.24;1.4;2.6;7.3;225;48;107;69;96480;0.12;0;0.36;0.33
2012;12;14;349;2.5;-2.8;-10.5;1.8;-5.6;-13;0.8;2.9;0.23;1.4;2.6;6.97;203;44;93;59;95992;0.02;0;0.36;0.33
2012;12;15;350;6.9;3.6;0.3;4.6;2.6;-0.3;1.6;2.7;0.19;1.4;2.6;4.68;117;20;43;21;95574;-0.04;6.4;0.37;0.33
2012;12;16;351;7.6;2.1;-1;5.5;1.2;-2;1.3;0.9;0.16;1.4;2.6;3.29;201;36;78;41;95943;-0.05;0.31;0.37;0.33
2012;12;17;352;4.5;1.5;-1.5;2.7;0.7;-2.5;0.1;0.9;0.15;1.4;2.6;2.67;156;30;52;25;95761;0.16;0.07;0.37;0.33
2012;12;18;353;3.3;1.6;0.2;1.7;1;0;-0.1;-0.9;0.15;1.4;2.6;2.27;97;17;20;9;96015;0.12;1.02;0.37;0.34
2012;12;19;354;3.7;2;1;0.8;0.2;-0.4;1.4;-3.4;0.14;1.4;2.6;2.03;137;30;61;40;96699;0.5;0.65;0.37;0.34
2012;12;20;355;3.2;0.4;-2.2;-0.4;-1.5;-2.8;0.4;-1.4;0.14;1.3;2.6;1.82;236;50;97;67;96593;0.28;0.01;0.37;0.34
2012;12;21;356;0.8;-0.9;-3.2;-1.4;-2;-3.6;-0.7;1.1;0.14;1.3;2.6;2.03;74;16;60;18;96121;0.07;1.32;0.37;0.34
2012;12;22;357;1.4;-0.5;-1.4;-1.1;-1.8;-2.3;-0.3;0.7;0.17;1.3;2.6;3.84;101;17;60;23;96644;0.05;1.21;0.37;0.34
2012;12;23;358;3.5;0.9;-0.7;2.2;-0.1;-1.7;0.4;2.3;0.2;1.3;2.6;5.81;38;8;17;4;96203;0.19;9.72;0.38;0.34
2012;12;24;359;9;3.7;0.9;7;2.4;0;1.1;1;0.19;1.3;2.6;4.8;190;37;72;39;96162;0.07;0;0.38;0.34
2012;12;25;360;7.1;2.5;0;3.7;0.9;-1.5;1.1;0.8;0.17;1.3;2.6;3.68;168;32;56;35;95737;0.11;0.02;0.38;0.34
2012;12;26;361;4.8;2.1;-1.4;3.8;1.3;-2.4;1.1;0.4;0.16;1.3;2.6;3.09;34;6;65;17;96154;-0.03;5.01;0.38;0.34
2012;12;27;362;6.8;2.3;-1.9;0.8;-0.8;-2.9;1.6;1.8;0.15;1.3;2.6;2.67;204;38;90;55;95978;0.43;0.19;0.38;0.34
2012;12;28;363;4.5;1.6;-1.9;2.5;-0.6;-3.8;1.5;-2.9;0.14;1.3;2.6;2.28;110;26;93;46;96801;0.48;2.13;0.39;0.34
2012;12;29;364;4.5;-0.5;-4.3;-0.4;-3.1;-5.4;0.2;2.1;0.14;1.3;2.6;2.12;255;53;108;82;97428;0.24;0;0.39;0.34
2012;12;30;365;4.1;0.5;-1.8;-0.4;-2.7;-5.3;0.4;1.9;0.14;1.3;2.6;1.86;243;52;93;63;96946;0.22;0;0.38;0.34
2012;12;31;366;6.6;1.2;-2.9;0.4;-2.4;-4.5;1.2;2.1;0.13;1.3;2.6;1.65;251;54;100;72;96969;0.26;0;0.38;0.34
2013;1;1;1;4.4;0.8;-1.5;-0.6;-2.7;-4.8;0.1;1.9;0.13;1.3;2.6;1.42;262;56;104;79;96045;0.28;0;0.38;0.34
2013;1;2;2;4.8;0.1;-2.5;1.5;-1.8;-4.6;0.8;-0.5;0.13;1.3;2.6;1.27;210;39;76;47;96905;0.11;0.27;0.38;0.34
2013;1;3;3;5.5;1.2;-4.1;1.4;-2.2;-6;1.6;0.4;0.13;1.3;2.6;1.11;214;36;70;41;97647;0.1;0;0.38;0.34
2013;1;4;4;7.8;6.5;5;5.2;3.1;1.6;3.6;-2.8;0.12;1.2;2.6;0.61;135;31;71;30;97231;0.59;6.89;0.38;0.34
2013;1;5;5;7.4;6;3.8;5.3;4;2.1;2.5;-5.2;0.11;1.2;2.6;0.18;90;19;58;29;96787;1.83;9.16;0.39;0.34
2013;1;6;6;4.8;3.9;2.6;3.5;2.6;1.9;1.4;-3.4;0.11;1.2;2.6;0.05;36;8;43;12;96763;1.06;12.54;0.4;0.34
2013;1;7;7;4.3;-0.2;-3.6;3.1;-1.7;-4.8;0;-2.9;0.16;1.2;2.5;3.55;94;18;64;25;97115;0.53;10.95;0.41;0.34
2013;1;8;8;1;-1;-3.7;0.1;-2;-4.9;0.4;0.7;0.22;1.2;2.5;6.48;86;18;36;13;97109;0.11;3.33;0.4;0.34
2013;1;9;9;4.4;2.5;0.9;2.9;1.1;0.2;1;0.3;0.21;1.2;2.5;6.3;59;14;47;18;96659;0.15;0.49;0.4;0.34
2013;1;10;10;5.4;2;-0.8;1.8;0.7;-1;0.8;0.7;0.19;1.2;2.5;5.09;132;31;67;27;95756;0.24;0.15;0.4;0.34
2013;1;11;11;3.4;-0.8;-3.5;-0.9;-4.6;-9;1.4;-1.8;0.18;1.2;2.5;4.48;204;47;96;66;95717;0.42;0.18;0.4;0.35
2013;1;12;12;0.1;-2.4;-4.1;-3.9;-6.2;-8.9;0.1;0.2;0.19;1.2;2.5;4.99;137;30;82;38;96316;0.1;1.98;0.4;0.35
2013;1;13;13;-2;-3.1;-3.7;-3.6;-5.1;-6.6;-1.5;0.2;0.23;1.2;2.5;7.25;97;20;26;15;96303;0.07;3.58;0.4;0.35
2013;1;14;14;-1.6;-3.7;-4.9;-3.8;-4.9;-5.5;-0.1;-0.6;0.37;1.2;2.5;15.07;88;19;39;17;95942;0.13;7.73;0.4;0.35
2013;1;15;15;0.1;-2.5;-4.8;-2.3;-4;-6.1;0.3;1.4;0.39;1.2;2.5;17.38;160;30;65;30;95568;0.2;0.23;0.4;0.35
2013;1;16;16;-0.5;-3.4;-7.1;-3.8;-5.3;-8;1.2;-2.7;0.39;1.2;2.5;17.69;186;36;76;29;95038;0.35;5.59;0.39;0.35
2013;1;17;17;-2.2;-2.9;-4.3;-3.9;-4.7;-6.2;1.7;-4.2;0.41;1.2;2.5;33.37;83;17;37;11;95100;0.34;15.08;0.39;0.35
2013;1;18;18;-4.5;-5;-5.5;-6.6;-7.7;-8.2;2;-5.3;0.41;1.2;2.5;39.28;89;19;22;12;95074;0.45;4.5;0.39;0.35
2013;1;19;19;-3.9;-5.9;-8.6;-6.1;-7.8;-10.7;0;-0.8;0.41;1.2;2.5;41.46;146;34;67;33;94712;0.16;0.13;0.39;0.35
2013;1;20;20;1.7;-2.4;-6.4;1.1;-3.6;-7.2;0.2;0.5;0.41;1.2;2.5;41.6;141;28;59;18;94392;0.04;0.62;0.39;0.35
2013;1;21;21;2.1;0.7;-0.4;0.9;-0.6;-2.8;0.8;-1.3;0.39;1.2;2.5;41.66;106;20;38;15;94338;0.15;4.22;0.39;0.35
2013;1;22;22;0.6;-1;-2.5;-2;-2.9;-3.7;0.6;-2.1;0.39;1.1;2.5;42.67;121;28;41;24;94964;0.36;1.88;0.39;0.35
2013;1;23;23;0;-2.1;-3.5;-1.7;-2.8;-3.9;-0.6;0.3;0.39;1.1;2.5;44.55;148;29;43;20;95451;0.14;0.73;0.39;0.35
2013;1;24;24;-1.6;-2.7;-3.9;-2.9;-3.7;-5.6;0;-2.3;0.38;1.1;2.5;45.12;113;19;47;15;95461;0.24;1.14;0.39;0.35
2013;1;25;25;-4.3;-6.1;-9.1;-6;-9.1;-11.3;1.2;-5;0.38;1.1;2.5;45.48;214;48;81;57;95984;0.49;0.21;0.39;0.35
2013;1;26;26;-4.1;-8.8;-16.1;-8.3;-11.5;-18;0.7;-1.2;0.38;1.1;2.5;45.33;237;55;102;69;96117;0.19;0;0.38;0.35
2013;1;27;27;-0.2;-6.6;-17.1;-4.7;-9.7;-19;0.7;1.2;0.37;1.1;2.5;45.22;119;28;49;24;95938;0.2;0.06;0.38;0.36
2013;1;28;28;1.1;-1.6;-4.9;-0.6;-3.1;-6.3;0.7;-0.3;0.38;1.1;2.5;46.76;80;18;56;19;96115;0.09;2.59;0.38;0.36
2013;1;29;29;3.3;-0.7;-8;0.4;-3.4;-9.6;1.6;1.4;0.37;1.1;2.5;47.47;103;23;61;25;96438;0.21;2.34;0.38;0.36
2013;1;30;30;7.5;4.1;2.5;4.9;2.3;0.6;1.6;0.8;0.37;1.1;2.5;40.47;177;43;64;24;96073;-0.4;1.36;0.39;0.36
2013;1;31;31;8.1;4.7;-0.4;4.1;-2.3;-5.7;3.6;-1.3;0.36;1.1;2.5;28.32;260;60;108;70;96157;0.99;0.15;0.4;0.36
2013;2;1;32;7.4;3.9;2.7;1.1;-0.3;-2.2;1.8;0.7;0.34;1.1;2.5;22.13;222;41;81;46;95455;0.36;0.93;0.41;0.36
2013;2;2;33;4.5;2.5;0.8;2.9;0.3;-2.7;1.6;-1.8;0.3;1.1;2.5;16.63;59;14;43;24;94162;0.4;7.79;0.42;0.36
2013;2;3;34;1.9;-0.7;-3;-2.8;-7.3;-9.6;2.1;-4.4;0.28;1.1;2.5;14.94;281;61;98;65;95663;1.23;0.11;0.42;0.36
2013;2;4;35;3.4;0.5;-4.2;-0.4;-3;-8.1;1.3;1.7;0.28;1.1;2.5;15.03;158;32;53;24;95910;0.38;2.25;0.41;0.36
2013;2;5;36;5.1;1.7;-1.1;3.1;0.3;-1.8;1;0.9;0.27;1.1;2.5;13.8;120;31;66;39;95367;0;1.14;0.41;0.36
2013;2;6;37;2.5;-0.5;-3.8;-1;-3.4;-6.4;0.6;-1.8;0.29;1.1;2.5;14.94;181;41;61;37;94674;0.49;3.19;0.41;0.36
2013;2;7;38;2.5;-1;-3.6;-4.9;-6.1;-8;1.6;-3.1;0.29;1.1;2.5;14.82;315;72;105;71;95094;0.88;0.02;0.41;0.36
2013;2;8;39;1;-2;-3.7;-6;-7.3;-8.6;0.9;-3;0.29;1.1;2.5;14.34;267;68;95;72;95643;0.72;0.01;0.41;0.37
2013;2;9;40;-1.1;-2.6;-3.7;-6.2;-6.9;-8.1;0.3;-3.6;0.28;1.1;2.5;14.32;151;39;51;43;95943;0.58;1.27;0.4;0.37
2013;2;10;41;-2.4;-3.7;-5.7;-6.3;-7.2;-8.8;0.9;-3.6;0.32;1.1;2.5;16.8;130;33;68;34;95889;0.45;3.34;0.4;0.37
2013;2;11;42;-0.1;-3.5;-10.4;-4.9;-7.4;-11.1;-0.5;2.9;0.34;1.1;2.5;17.88;215;48;58;34;95525;0.52;1;0.4;0.37
2013;2;12;43;-0.9;-2.6;-3.9;-2.4;-4;-5.2;-0.6;-0.1;0.38;1.1;2.5;23.52;131;23;31;15;95434;0.17;7.77;0.4;0.37
2013;2;13;44;-1.4;-2.3;-3.5;-4.3;-5.2;-6;2;-4.2;0.4;1.1;2.5;28.8;106;24;55;20;96249;0.52;9;0.4;0.37
2013;2;14;45;0;-1.6;-3;-2.4;-3.8;-5.7;1.4;-3.1;0.4;1.1;2.5;35.62;125;30;32;14;96608;0.42;2.07;0.39;0.37
2013;2;15;46;1.8;-1.4;-4.2;-0.7;-2.6;-5.2;0.2;-0.2;0.39;1.1;2.5;35.19;196;53;74;35;96441;0.18;0.18;0.39;0.37
2013;2;16;47;3.1;-1;-4.9;-1.3;-3.5;-6.7;0.8;-1.7;0.39;1.1;2.5;33.04;252;60;79;45;96792;0.31;0.03;0.4;0.37
2013;2;17;48;2;-1.7;-6.1;-1.7;-3.9;-6.9;0.5;-2;0.38;1.1;2.5;31.25;214;54;67;43;96805;0.34;0.1;0.4;0.37
2013;2;18;49;2;-1.2;-4.9;-3.3;-4.1;-6.2;0.1;-1;0.37;1.1;2.5;29.65;270;63;91;44;96626;0.39;0.28;0.4;0.37
2013;2;19;50;3.9;-0.1;-5.1;-1.9;-3.8;-6.5;1.3;0.3;0.37;1.1;2.5;27.83;239;53;70;33;96026;0.42;1.49;0.4;0.37
2013;2;20;51;0.9;-2.7;-8.5;-4;-7.2;-11.5;1.4;-2.4;0.37;1.1;2.5;27.7;297;71;97;62;96214;0.81;0.4;0.4;0.37
2013;2;21;52;-1;-5.1;-10.7;-7.9;-9.6;-12.6;-0.6;-1.9;0.36;1.1;2.5;27.25;232;59;61;40;96334;0.68;0.84;0.39;0.37
2013;2;22;53;-2.8;-4.5;-5.8;-6.2;-7.4;-9.4;0.5;-2.6;0.38;1.1;2.5;30.22;215;45;44;22;95604;0.4;5.28;0.39;0.37
2013;2;23;54;1.6;-1.8;-4.4;-1.7;-3.3;-6;0.1;-0.9;0.4;1.1;2.5;40.04;228;45;58;18;95266;0.27;13.86;0.39;0.37
2013;2;24;55;1.8;0.5;-1.1;0.7;-0.6;-2.1;0.6;-1.2;0.4;1.1;2.5;50.24;124;28;16;2;95527;0.11;11.42;0.39;0.37
2013;2;25;56;2;1.3;0.8;1;0.6;0;0.5;-0.8;0.39;1.1;2.5;47.65;97;24;8;0;96364;0.02;4.87;0.4;0.37
2013;2;26;57;2.8;2;0.7;1.8;0.9;-0.4;1.4;-2.7;0.38;1.2;2.5;42.81;79;20;23;4;96764;-0.08;9.3;0.41;0.37
2013;2;27;58;2.2;1.4;0.5;0;-0.5;-0.8;1.5;-3.5;0.37;1.2;2.5;38.79;140;31;31;15;97115;0.31;0.25;0.42;0.38
2013;2;28;59;5.1;1.9;-1.4;2;0.3;-2.1;0.6;0.6;0.35;1.2;2.5;33.89;232;51;80;33;97084;-0.03;0.15;0.42;0.38
2013;3;1;60;5.8;1.5;-3.5;0.4;-1.6;-4.7;1;-1.7;0.34;1.2;2.5;28.22;261;62;70;43;96582;0.4;0.05;0.42;0.38
2013;3;2;61;4.1;0;-5.4;-2.5;-4.6;-7.8;0.6;-1.7;0.32;1.2;2.5;24.54;395;109;113;81;96797;0.93;0;0.42;0.38
2013;3;3;62;7;-0.1;-6.8;-1.8;-5.1;-9.8;1.1;-1;0.29;1.2;2.5;20.93;416;114;118;74;96593;0.73;0;0.42;0.38
2013;3;4;63;5.2;0.1;-4;-2.9;-4.3;-5.8;-0.3;-0.1;0.27;1.2;2.5;17.1;428;119;118;76;97042;0.69;0;0.42;0.38
2013;3;5;64;7.8;3.2;-1.7;-0.3;-2.3;-5.9;0.3;4.7;0.25;1.2;2.5;13.95;453;127;113;84;96635;1.03;0;0.42;0.38
2013;3;6;65;10.9;6.9;2.9;5.3;2.6;-2.7;1.2;4.9;0.21;1.2;2.5;8.96;371;98;77;61;95628;0.6;0.05;0.42;0.39
2013;3;7;66;13.2;8.6;3.4;6.9;5.7;2.9;1.6;3.5;0.16;1.2;2.5;3.01;364;93;83;50;95033;0.58;0;0.42;0.39
2013;3;8;67;12.8;7.3;1.7;8.2;5.5;1;-0.1;-0.4;0.14;1.2;2.5;1.27;370;86;68;37;94977;0.51;0.12;0.42;0.39
2013;3;9;68;11;8.3;6.1;7.3;6.5;5.8;0.5;-1.2;0.13;1.2;2.5;0.55;212;56;32;14;95018;0.49;3.75;0.42;0.39
2013;3;10;69;9.4;6.3;1.6;6.6;4.9;0.8;0.9;0.5;0.13;1.3;2.5;0.28;175;55;85;41;94747;0.65;4.7;0.42;0.39
2013;3;11;70;10.7;5;-0.9;5.1;2.4;-1.9;0.4;-0.7;0.13;1.3;2.5;0.18;414;110;92;54;94735;1.29;5.65;0.42;0.39
2013;3;12;71;6.2;3.8;1.2;3.7;1.4;-1.4;-0.8;0.4;0.13;1.3;2.5;0.12;265;59;46;19;94667;0.63;0.61;0.42;0.39
2013;3;13;72;6.6;3.8;-0.5;3.4;1.2;-1.9;0.1;-2;0.13;1.3;2.6;0.16;210;70;61;30;94560;0.89;2.87;0.41;0.39
2013;3;14;73;-1;-3;-4.7;-2.9;-8;-11.3;2;-6.9;0.19;1.3;2.6;4.63;165;46;37;22;94633;0.82;6.34;0.41;0.4
2013;3;15;74;-1.2;-3.5;-5;-10.4;-11.4;-12.4;2.3;-6.4;0.24;1.3;2.6;7.58;294;81;87;51;95373;1.17;0.63;0.41;0.4
2013;3;16;75;0.4;-4;-8.6;-8.9;-11.1;-12.7;0.4;-1.4;0.24;1.3;2.6;7.36;357;114;91;74;96497;0.68;0.09;0.41;0.4
2013;3;17;76;3.5;-1.2;-8.5;-4.2;-7.3;-13;-1.1;4.5;0.23;1.3;2.6;7.01;472;112;94;60;95987;0.76;0;0.4;0.4
2013;3;18;77;1.8;0.8;-0.6;1.1;-1.3;-4.5;-0.8;3.3;0.26;1.4;2.6;8.67;135;38;66;24;94620;0.35;8.43;0.4;0.4
2013;3;19;78;7.9;2.8;-2.7;1;-1.5;-4.4;2;0.3;0.27;1.4;2.6;9.47;392;106;104;56;94543;1.04;1.19;0.41;0.4
2013;3;20;79;11.5;4.6;-2.7;1.6;-1.2;-4.5;0.9;1.2;0.22;1.4;2.6;5.94;532;152;121;64;95301;1.15;0.05;0.41;0.4
2013;3;21;80;6.7;3.9;-0.6;0.7;-1.9;-6.8;2.4;-4.7;0.18;1.4;2.6;3.42;341;97;96;55;95726;1.3;1.02;0.41;0.4
2013;3;22;81;3.5;0;-3;-6;-6.9;-7.9;1;-4.3;0.17;1.4;2.6;2.72;535;153;92;86;96173;1.17;0;0.41;0.4
2013;3;23;82;1.1;-1.9;-4.5;-6.1;-7.6;-10.1;-0.2;-2.5;0.17;1.5;2.6;2.57;436;119;82;50;96393;0.79;0.36;0.4;0.4
2013;3;24;83;-0.8;-3.2;-4.7;-6.3;-7.7;-10.2;-1.5;0.3;0.2;1.5;2.6;4.61;239;62;40;21;96454;0.48;4.46;0.4;0.4
2013;3;25;84;-2.7;-4;-5.2;-5;-7.1;-10.3;-1.2;-1.3;0.28;1.5;2.6;9.3;214;53;28;17;95868;0.39;7.26;0.4;0.4
2013;3;26;85;-2.8;-4.3;-5.5;-5.9;-6.8;-8;1.1;-3.2;0.39;1.5;2.6;16.89;213;50;27;14;95346;0.52;6;0.4;0.4
2013;3;27;86;-0.4;-3.7;-6.3;-4.4;-6.8;-8.3;0;-0.9;0.4;1.5;2.6;19.99;432;113;95;45;95669;0.68;0.67;0.4;0.4
2013;3;28;87;4.5;-1;-8.6;0;-4;-9.7;-0.6;3;0.39;1.6;2.6;18.07;400;119;86;48;95833;0.57;0.83;0.4;0.4
2013;3;29;88;6.6;2.5;0.9;1.7;0.9;0.2;-0.1;0.8;0.34;1.6;2.6;14.14;166;43;41;14;95372;0.22;4.59;0.4;0.4
2013;3;30;89;5.1;2.7;0.5;3.2;1.7;0.1;-0.3;0.1;0.28;1.6;2.6;10.44;216;47;19;7;95124;0.24;9.91;0.41;0.4
2013;3;31;90;1.6;0.3;-2.1;1;-1.8;-4.7;1.8;-4.2;0.35;1.6;2.6;17.67;205;59;74;25;94864;0.83;13.37;0.41;0.4
2013;4;1;91;3.9;0.1;-4.7;-1;-3.9;-7.3;0;-0.2;0.36;1.6;2.6;17.88;323;99;80;48;95538;0.86;0.85;0.41;0.4
2013;4;2;92;2.5;0.4;-1.1;0.3;-1.2;-3;-0.5;-1.7;0.35;1.7;2.6;17.47;230;49;21;9;95537;0.46;9.12;0.42;0.4
2013;4;3;93;0.9;-0.5;-1.5;-2.3;-3.2;-4;2.1;-4.8;0.39;1.7;2.6;25.88;153;43;34;12;95487;0.88;6.37;0.41;0.4
2013;4;4;94;5.3;1.8;-1.3;0.3;-1.6;-3.9;0.2;-1.2;0.37;1.7;2.6;24.15;390;120;93;40;95648;0.89;0.05;0.42;0.4
2013;4;5;95;6.2;3.2;-0.6;3.7;1.8;-1.3;-0.6;0.5;0.34;1.7;2.6;17.82;186;54;34;11;95264;0.15;2.13;0.42;0.4
2013;4;6;96;6.1;3.3;0.8;1;-0.3;-1.3;0.7;-2.9;0.28;1.7;2.6;11.68;330;95;60;37;95995;1;0.11;0.42;0.4
2013;4;7;97;5.1;2.1;-0.6;-1.2;-2.4;-4;0.1;-3.3;0.24;1.8;2.6;8.82;318;102;78;50;96342;1.1;0.33;0.42;0.4
2013;4;8;98;7.8;3.1;-3.1;-0.6;-2.8;-5.7;-0.3;1;0.22;1.8;2.6;6.44;560;179;110;73;95749;1.53;0.05;0.42;0.4
2013;4;9;99;11;6.3;-0.1;3.2;1.7;-1.1;-0.1;1.3;0.19;1.8;2.6;3.68;493;159;101;60;95363;1.51;0.8;0.42;0.41
2013;4;10;100;12.8;7;1.3;5.9;3.1;0;1;0.5;0.16;1.8;2.6;1.67;499;146;91;62;95692;1.62;3.24;0.42;0.41
2013;4;11;101;14.9;8.8;1.3;7.2;4.2;0.4;1.2;2.4;0.15;1.8;2.6;0.73;600;170;92;65;95755;1.79;0.33;0.42;0.41
2013;4;12;102;15.4;10.1;5.1;8.6;5.8;3.7;1.3;0.9;0.15;1.9;2.6;0.21;400;110;76;46;95484;1.48;4.69;0.41;0.41
2013;4;13;103;15.3;9.3;4.2;4.9;3.1;1.9;1.9;-0.7;0.15;1.9;2.6;0.08;612;190;115;72;96615;2.47;0.35;0.41;0.41
2013;4;14;104;16;9.9;2.7;6.2;3.3;0.9;0.6;-0.7;0.15;1.9;2.6;0.02;582;174;108;67;97439;2.05;0;0.41;0.41
2013;4;15;105;15.6;11.1;6;5.3;3.8;1.9;-0.7;1.7;0.15;1.9;2.6;0;672;206;121;84;97250;2.39;0;0.41;0.41
2013;4;16;106;16.2;11.2;5.5;4.3;3;1.7;0.2;2.9;0.15;2;2.6;0;627;206;107;86;97034;2.66;0;0.4;0.41
2013;4;17;107;19.5;13;6.4;12.9;8.8;1.8;0.9;0.1;0.15;2;2.6;0;568;168;84;57;97046;2.27;6.55;0.4;0.41
2013;4;18;108;21.4;15.2;7.4;12;9.7;6.4;0.2;1.9;0.15;2;2.6;0;677;212;113;75;96700;2.93;0.09;0.4;0.41
2013;4;19;109;15.7;12.8;9.7;12.4;10.3;8.1;0.8;-1.5;0.15;2.1;2.7;0;346;97;54;36;96597;1.94;6;0.4;0.41
2013;4;20;110;14.9;11;8.1;8.6;7.5;6.2;1;-3.2;0.15;2.1;2.7;0;469;157;75;58;96778;1.96;0.09;0.4;0.41
2013;4;21;111;17.4;12.8;6.2;10.9;8.1;5.4;-0.6;-0.2;0.15;2.1;2.7;0;679;203;115;74;96536;2.46;0.44;0.39;0.41
2013;4;22;112;18.3;13.8;9.2;9.7;8.2;6.9;-0.7;-0.2;0.15;2.2;2.7;0;663;213;115;71;96241;2.78;0.53;0.39;0.41
2013;4;23;113;18.4;13.1;6.8;11.8;9.1;5.9;0.8;0.2;0.15;2.2;2.7;0;649;212;118;73;96780;2.84;1.67;0.39;0.41
2013;4;24;114;20.4;14.2;6.7;10.3;7.9;5.6;0.6;1;0.16;2.2;2.7;0;625;214;118;78;97326;3.05;0.02;0.39;0.41
2013;4;25;115;21.6;15.9;8.2;12;8.9;6;0.2;-0.2;0.16;2.3;2.7;0;655;208;112;74;97159;3.11;0;0.38;0.41
2013;4;26;116;24.1;18;10.4;10.7;8.7;5.5;0.8;3;0.16;2.3;2.7;0;703;238;127;88;96063;3.9;0;0.38;0.41
2013;4;27;117;20.9;17;13.6;10.3;8.6;5.5;1.8;4.5;0.16;2.3;2.7;0;612;194;97;66;95251;3.35;0.02;0.37;0.41
2013;4;28;118;18.5;15.2;11.4;11.6;10.5;9.5;0.4;0;0.16;2.4;2.7;0;555;172;87;59;95897;2.9;2.31;0.37;0.41
2013;4;29;119;23.5;16.6;8.8;13.5;10.7;8.3;1.5;1.4;0.16;2.4;2.7;0;682;208;104;66;96407;3.35;0.25;0.37;0.41
2013;4;30;120;23.5;17.7;11.3;12.6;10.9;8.6;0.7;1.8;0.16;2.4;2.7;0;561;201;99;73;96543;3.28;0.01;0.36;0.41
2013;5;1;121;22.4;17.4;12.6;14.7;12.6;9.3;-0.3;-0.8;0.16;2.5;2.7;0;680;227;110;76;96695;3.17;0.02;0.36;0.4
2013;5;2;122;17.9;15.8;12.5;15.4;14;12.2;0;-0.4;0.16;2.5;2.7;0;289;86;56;34;96306;1.51;10.34;0.36;0.4
2013;5;3;123;18.9;14.5;10.9;13.9;11.4;9.6;0.9;-1.5;0.16;2.6;2.7;0;545;159;78;44;95993;2.78;2.51;0.36;0.4
2013;5;4;124;17.2;13.9;11.1;11.8;10.2;9.1;-0.1;-1.1;0.16;2.6;2.7;0;315;107;65;30;96476;1.83;1.38;0.36;0.4
2013;5;5;125;18.3;14.5;11;11.9;10.2;9;0.2;-1.4;0.16;2.6;2.7;0;618;171;85;48;96917;2.85;2.67;0.36;0.4
2013;5;6;126;18.8;14.8;11.2;14.6;12.8;10.1;-0.6;-0.1;0.16;2.7;2.7;0;458;139;60;36;96610;2.38;11.97;0.36;0.4
2013;5;7;127;19.6;15.7;13;15.6;14.2;12.7;-1.2;0.7;0.16;2.7;2.7;0;419;131;62;24;96322;2.46;11.03;0.37;0.4
2013;5;8;128;20.2;16.2;12.6;15.9;13.8;12.1;-0.6;1.1;0.16;2.7;2.7;0;574;183;90;51;96367;3.01;2.75;0.38;0.4
2013;5;9;129;22;17.4;11.7;14.1;11.3;9.9;0;2.5;0.16;2.8;2.7;0;647;219;100;74;96380;3.7;0.11;0.37;0.4
2013;5;10;130;21.3;15.9;11.9;12.8;10.3;8.8;0.6;0.9;0.16;2.8;2.7;0;708;231;111;68;96052;4.46;5.99;0.37;0.4
2013;5;11;131;13.4;12.1;10.4;10.4;9.3;7.8;1.7;-3.4;0.17;2.8;2.8;0;231;93;48;31;96022;2.85;6.04;0.37;0.4
2013;5;12;132;14.9;11.6;8.6;9.7;6.9;3;2;-4.3;0.17;2.9;2.8;0;622;190;88;61;95970;3.37;2.39;0.37;0.4
2013;5;13;133;14;10.5;7.1;5.8;2.6;0.7;2.3;-3.9;0.17;2.9;2.8;0;674;240;109;80;96339;3.75;1.92;0.37;0.4
2013;5;14;134;17;12.6;7.7;9.1;7.5;6.1;0;-0.3;0.17;2.9;2.8;0;462;181;95;56;96178;3.13;2.3;0.37;0.4
2013;5;15;135;20.4;15.2;8.9;9.8;8.4;6.6;-0.6;3.6;0.17;3;2.8;0;723;245;113;83;95612;4.06;0;0.37;0.4
2013;5;16;136;20.1;15.6;10.9;10.9;9.7;8.9;-0.4;3.6;0.17;3;2.8;0;681;191;102;65;95293;3.43;0.48;0.36;0.4
2013;5;17;137;18.4;14.9;12.3;12.9;12;10.9;-0.2;3.3;0.17;3;2.8;0;375;122;66;46;95131;2.55;4.62;0.36;0.4
2013;5;18;138;19.8;15.2;10.4;11.4;8.5;5.7;0.6;2.5;0.17;3;2.8;0;545;210;108;79;95785;3.91;1.08;0.36;0.4
2013;5;19;139;23.1;16.8;10.9;12.9;9.4;5.6;0.3;3.4;0.17;3;2.8;0;721;250;108;81;95666;4.52;0.68;0.36;0.4
2013;5;20;140;17;13.7;9.9;10.3;8.4;7;0.3;0.8;0.17;3;2.8;0;547;192;90;69;96022;3.42;2.79;0.35;0.4
2013;5;21;141;18.1;13.3;8.3;8.1;6.8;5.8;0.8;1;0.17;3;2.8;0;614;213;113;78;95915;3.42;0.44;0.35;0.4
2013;5;22;142;16.7;12.9;8.7;10.4;7.9;6.1;0.8;-1.2;0.17;3;2.8;0;615;217;102;70;95513;3.81;5.67;0.35;0.4
2013;5;23;143;12.5;9.6;7.2;6.1;2.7;1;0.3;-4.3;0.17;3;2.8;0;581;190;86;57;95388;3.1;0.17;0.35;0.4
2013;5;24;144;11.8;9.2;6.4;5.4;3.4;1.2;0.8;-2.6;0.17;3;2.8;0;436;144;70;47;95465;2.51;3.18;0.35;0.4
2013;5;25;145;12.8;9.1;6.3;7;5.5;4.6;1.1;-1.2;0.17;3;2.8;0;595;163;100;46;95581;3.14;8.49;0.35;0.4
2013;5;26;146;14.4;10.2;6.7;5.5;3.4;2.1;2;-2.3;0.17;3;2.8;0;681;241;116;70;95617;3.87;2.52;0.35;0.4
2013;5;27;147;12.4;9.5;6.9;7.6;6.6;5.5;0.7;0.2;0.17;3;2.8;0;281;82;48;29;95697;1.79;5.35;0.35;0.4
2013;5;28;148;17.7;13;7.2;11.8;9;6.5;0.1;1.9;0.17;3;2.8;0;624;206;94;66;95378;3.63;4.5;0.35;0.4
2013;5;29;149;19.5;14.4;8.6;10.8;8.2;6.1;0.5;2.4;0.17;3;2.8;0;694;230;101;73;94969;3.77;0.13;0.35;0.4
2013;5;30;150;12.2;10;7.7;9;7;5.1;2.1;-1.7;0.17;3;2.8;0;217;64;50;21;94901;2.35;16.63;0.35;0.4
2013;5;31;151;10.2;8.5;5.7;7.1;6.3;5.3;0.5;0.5;0.17;3;2.8;0;185;63;56;23;94860;1.63;7.71;0.37;0.4
2013;6;1;152;16.2;11.1;5.1;8.1;6.4;4.4;1.2;-1.7;0.17;3;2.8;0;648;224;92;62;95347;3.56;1.5;0.37;0.39
2013;6;2;153;13.3;10.9;8.6;10.9;8.8;5.2;1.4;-0.9;0.17;3;2.8;0;224;68;53;23;95668;1.83;15.79;0.38;0.39
2013;6;3;154;12.6;10.1;8.4;6.9;5.9;5;3.7;-3.7;0.17;3;2.8;0;446;156;56;38;96321;2.69;1.86;0.38;0.39
2013;6;4;155;13.7;11;8.4;9.1;7.5;4.9;3.2;-3.3;0.17;3;2.8;0;362;117;54;27;96264;2.49;3.39;0.38;0.39
2013;6;5;156;16.4;13.1;10.7;12.5;10.6;8.7;0.8;-2.7;0.17;3;2.8;0;466;144;70;36;96464;2.72;3.86;0.38;0.39
2013;6;6;157;18.3;14.3;9.8;11.8;10.5;9.2;0.5;-2.5;0.17;3;2.8;0;578;182;70;50;96688;2.85;0.09;0.38;0.39
2013;6;7;158;20.4;16.4;12.1;13;12;10.8;0.7;-2.5;0.17;3;2.8;0;612;221;91;64;96617;3.59;0.47;0.38;0.39
2013;6;8;159;22.7;17.6;12.7;15.6;13.3;10.2;0.6;-0.8;0.17;3;2.8;0;705;242;102;70;96312;3.96;2.6;0.37;0.39
2013;6;9;160;24.1;19.1;12.5;15.6;13.1;11;0.5;3.1;0.17;3;2.8;0;702;252;100;73;95732;4.59;0.22;0.37;0.39
2013;6;10;161;21.8;17.9;14.3;12.1;10.7;9.9;1.6;1.2;0.17;3;2.8;0;672;227;94;69;95505;4.65;2.7;0.37;0.39
2013;6;11;162;17.5;14.5;12.5;12.1;10.9;9.3;1.4;-3.5;0.17;3;2.8;0;431;123;85;40;96034;3.3;7.26;0.37;0.39
2013;6;12;163;19.2;15.7;11.7;9.4;8.2;6.3;0.8;-4.1;0.17;3;2.8;0;690;247;102;85;96659;4.43;0;0.37;0.39
2013;6;13;164;22.4;17.7;12.1;13.1;10.1;8.9;0.1;-0.9;0.17;3;2.8;0;745;278;124;93;96720;4.74;0;0.36;0.39
2013;6;14;165;21.5;17.8;13.3;13.2;12.1;9.9;1.1;-1.7;0.17;3;2.8;0;687;253;91;74;96551;4.09;0;0.36;0.39
2013;6;15;166;24.8;19.3;12.4;18;14.9;11.5;0.4;0.5;0.17;3;2.8;0;680;232;97;66;96436;3.8;0.58;0.35;0.39
2013;6;16;167;24.4;20.2;15;19.2;16.9;14.3;0.2;0.4;0.17;3;2.8;0;623;198;79;54;96522;3.58;4.07;0.35;0.39
2013;6;17;168;29;23.5;16;18.8;17;14.9;0.2;1.9;0.17;3;2.8;0;718;265;101;74;96508;5.02;0.01;0.35;0.39
2013;6;18;169;30.5;25;19;20.8;18.1;15.9;0.3;2.1;0.17;3;2.8;0;726;260;100;71;96489;5.02;0;0.34;0.39
2013;6;19;170;30.5;25.4;19.1;20.3;18.5;17.4;-0.4;1.6;0.17;3;2.8;0;710;254;91;66;96465;4.91;0.24;0.34;0.39
2013;6;20;171;30.7;25.7;19.9;20.6;17.7;14.7;-0.3;3.1;0.17;3;2.8;0;693;249;91;72;96211;5.03;0.18;0.33;0.39
2013;6;21;172;27.6;23.7;19.8;18.4;16.9;15.1;0.1;-0.3;0.17;3;2.8;0;707;252;97;77;96142;4.62;0.4;0.33;0.39
2013;6;22;173;24.7;21;17.2;17.1;16.2;15.4;1.3;-2.1;0.17;3;2.8;0;587;220;84;58;96271;4.13;5.85;0.33;0.39
2013;6;23;174;23.8;20.4;16.4;16.2;14.6;13.4;1.1;-1.8;0.17;3;2.8;0;660;210;90;52;96148;4.34;5.47;0.33;0.39
2013;6;24;175;18;13.2;12;13.5;9.5;8;3.3;-4.3;0.16;3;2.8;0;206;68;52;23;96166;4.21;24.82;0.34;0.39
2013;6;25;176;14.4;12.8;11.4;8.8;8.2;7.2;3.4;-3.9;0.16;2.9;2.8;0;311;105;66;32;96346;3.41;4.12;0.35;0.39
2013;6;26;177;15;12.5;10.2;9.2;7.2;5.7;1.9;-3.3;0.16;2.9;2.8;0;498;186;78;63;96972;3.06;0.87;0.35;0.39
2013;6;27;178;15.3;12.2;8.8;6.2;4.9;3.7;0.5;-2.4;0.16;2.9;2.8;0;447;183;94;68;97040;3.1;0.03;0.35;0.39
2013;6;28;179;17.4;13.5;8.4;7.9;6.5;5.2;1;-2.2;0.16;2.9;2.8;0;530;200;85;69;96680;3.3;0.02;0.34;0.39
2013;6;29;180;18.9;15.2;10.6;8.8;7.6;6.5;1.3;-2.3;0.16;2.9;2.8;0;643;225;101;78;96553;3.87;0.34;0.34;0.39
2013;6;30;181;18.4;14.8;11.5;10.6;8.2;5.8;1.6;-3.3;0.16;2.9;2.8;0;706;222;112;73;96698;3.58;0.42;0.34;0.39
2013;7;1;182;21.1;16.2;9.3;11.2;8.7;6.8;0;-0.3;0.16;2.9;2.8;0;574;221;101;70;96788;3.63;0;0.33;0.39
2013;7;2;183;25;19.1;12.4;15.9;12.3;9.2;0.5;1.9;0.16;2.9;2.8;0;720;255;113;75;96552;4.26;2.14;0.33;0.39
2013;7;3;184;25.7;20.8;15.1;14.2;12.2;10.1;0.1;2.7;0.16;2.9;2.8;0;695;251;113;76;96284;4.6;0.09;0.33;0.39
2013;7;4;185;24.6;19.9;15.1;16.3;14.7;13.8;0.8;-1.9;0.16;2.9;2.7;0;689;226;98;62;96688;4.11;4.07;0.33;0.38
2013;7;5;186;24.3;20.6;17.5;16.1;15;13.6;1.4;-4;0.16;2.9;2.7;0;704;241;90;65;97078;4.28;0.95;0.32;0.38
2013;7;6;187;24.1;19.9;16.7;16.7;15.5;14.5;1;-4;0.16;2.8;2.7;0;663;204;85;56;97268;3.62;1.68;0.32;0.38
2013;7;7;188;24.8;20.5;16.1;16.9;15;12.7;0.5;-3.2;0.16;2.8;2.7;0;710;245;91;69;97354;4.18;0.83;0.32;0.38
2013;7;8;189;23.7;20;16;13.1;11.8;11.1;0.7;-3.1;0.16;2.8;2.7;0;714;258;106;78;97365;4.35;0;0.32;0.38
2013;7;9;190;24.4;20.5;16.4;16.1;13.7;11;0.2;-1.4;0.16;2.8;2.7;0;594;207;87;60;96952;3.6;0.52;0.31;0.38
2013;7;10;191;25.4;21;15.2;14.3;13.1;11.7;1;-1.8;0.16;2.8;2.7;0;633;231;106;74;96314;3.86;0.01;0.31;0.38
2013;7;11;192;20.2;18.1;14.4;14.8;11.5;8;1.1;-3.4;0.16;2.8;2.7;0;503;179;91;62;96244;3.01;1.08;0.31;0.38
2013;7;12;193;21;17.2;12.8;10.3;8.9;8.1;1.4;-2.4;0.16;2.8;2.7;0;462;180;85;69;96622;3;0.06;0.3;0.38
2013;7;13;194;22;18;13.3;11.3;10.2;8.9;1;-2.1;0.16;2.8;2.7;0;517;202;95;67;96685;3.14;0.1;0.3;0.38
2013;7;14;195;23.1;19;14.4;12.4;10.8;9.7;1.3;-2.1;0.16;2.8;2.7;0;648;216;99;71;96707;3.31;0.1;0.3;0.38
2013;7;15;196;22.5;18.9;15.4;14.6;11.9;8.2;0.8;-2.4;0.16;2.8;2.7;0;568;195;87;61;96705;3.32;2.66;0.3;0.38
2013;7;16;197;23.6;18.8;13.6;11.9;9.7;8.3;0.4;-1.8;0.16;2.8;2.7;0;743;251;118;86;97062;3.68;0;0.29;0.38
2013;7;17;198;26.6;20.8;12.7;14.7;11.7;10;0.1;0.7;0.16;2.8;2.7;0;697;242;115;78;96944;3.68;0;0.29;0.38
2013;7;18;199;25.7;21.7;15.1;14.5;13.1;11.9;-0.1;0.3;0.16;2.8;2.7;0;578;203;98;66;96868;3.12;0.11;0.29;0.38
2013;7;19;200;26.7;21.9;15.9;16.6;14.5;12.6;0.6;-0.6;0.16;2.7;2.7;0;583;210;99;68;96640;3.27;0.73;0.29;0.38
2013;7;20;201;25.6;21.8;17.6;14.8;13;11.6;0.4;-2.7;0.16;2.7;2.7;0;652;224;101;72;96593;3.42;0.07;0.28;0.38
2013;7;21;202;24.8;20.6;15.7;11.7;10.2;8.7;-0.3;-2.4;0.16;2.7;2.7;0;729;270;124;91;96846;3.65;0;0.28;0.38
2013;7;22;203;27.2;21.7;14.2;14.3;11.5;9.9;0.1;-1;0.16;2.7;2.7;0;732;267;137;93;96610;3.56;0;0.28;0.38
2013;7;23;204;28.6;23.3;16;13.9;11.6;9.5;1;-1;0.16;2.7;2.7;0;660;239;122;84;96261;3.35;0;0.27;0.38
2013;7;24;205;28.5;23.1;16.8;18.8;13.7;11;0.2;-0.6;0.16;2.7;2.7;0;699;239;117;79;96313;3.26;1.04;0.27;0.38
2013;7;25;206;26.5;22.8;18.5;17.3;15.7;13.5;1.1;-1.4;0.16;2.7;2.7;0;606;175;86;57;96456;2.86;0.82;0.27;0.38
2013;7;26;207;28.4;23.8;17.1;18.8;16.2;15.2;0.4;0.1;0.16;2.7;2.7;0;611;213;93;64;96458;3.12;2.55;0.27;0.37
2013;7;27;208;31.1;25.4;18.9;20.6;18.2;16.5;-0.1;1.6;0.16;2.7;2.7;0;678;232;96;63;96219;3.82;1.17;0.27;0.37
2013;7;28;209;33;27.4;21.2;20.7;17.7;15.6;0;2.5;0.16;2.7;2.7;0;695;235;102;72;96142;3.86;1.63;0.27;0.37
2013;7;29;210;32.4;27;20.4;18.5;16.2;11;0.8;1.1;0.16;2.7;2.7;0;697;234;111;81;96052;3.77;1.31;0.26;0.37
2013;7;30;211;23.8;20.6;17.7;15.1;11.9;10.7;2.9;-3.5;0.16;2.7;2.7;0;587;185;99;63;96569;2.98;0.34;0.26;0.37
2013;7;31;212;25.5;21.9;17.3;13.5;12.4;10.4;1.7;-2.5;0.16;2.7;2.7;0;599;195;93;73;96740;2.69;0.09;0.26;0.37
2013;8;1;213;27.6;22.8;17.4;15.7;13.6;12.4;-0.1;-0.9;0.16;2.7;2.7;0;697;247;121;82;96785;3.09;0;0.26;0.37
2013;8;2;214;31.8;25.5;17.8;16.8;14.9;13.5;0.2;2;0.16;2.7;2.7;0;701;248;123;83;96582;3.22;0.07;0.26;0.37
2013;8;3;215;33.6;26.9;18.6;17.8;14.8;11;0.4;-0.6;0.16;2.7;2.7;0;698;245;124;88;96503;3.22;0;0.25;0.37
2013;8;4;216;31.8;25.5;20.1;19.9;16.4;13.6;0.6;-1.1;0.16;2.6;2.7;0;681;222;107;69;96749;3.11;13.76;0.25;0.37
2013;8;5;217;29.6;24.5;18.8;19.6;18.2;17.2;-0.4;0.4;0.16;2.6;2.7;0;667;233;102;68;96725;3.79;0.04;0.26;0.37
2013;8;6;218;32.3;26.9;20.8;20.3;16.6;14.7;-0.1;2.3;0.16;2.6;2.7;0;658;228;101;74;96376;3.8;0.56;0.26;0.37
2013;8;7;219;32.7;27.1;21.2;17.2;15.9;14.1;0;2.8;0.16;2.6;2.7;0;687;237;108;82;96193;3.67;0;0.26;0.37
2013;8;8;220;35.5;28.7;22.1;17.9;13.1;8.7;0.4;2.8;0.16;2.6;2.7;0;693;238;129;92;96188;3.69;0.06;0.25;0.37
2013;8;9;221;27.1;23.6;18.6;19.3;17.7;14.3;1.1;-2.8;0.16;2.6;2.7;0;577;183;83;55;96313;3.33;9.99;0.25;0.37
2013;8;10;222;22;19;16.1;15;11.5;10.1;1.8;-4.2;0.16;2.6;2.7;0;547;196;99;67;96539;3.2;0.54;0.26;0.37
2013;8;11;223;24.7;20.4;15.4;14;11.7;10.2;1.1;-1.7;0.16;2.6;2.7;0;648;196;110;71;96554;2.83;0.07;0.26;0.37
2013;8;12;224;25.5;21.1;17.1;13.8;12.4;11.3;0;0.7;0.16;2.6;2.7;0;559;171;95;62;96504;2.55;0;0.25;0.37
2013;8;13;225;23.9;19.5;15.6;15.4;13.2;11;1;-1;0.16;2.6;2.7;0;559;151;83;55;96415;2.74;6.47;0.25;0.37
2013;8;14;226;19;16.6;15;13.4;11.9;10.4;0.6;-0.9;0.16;2.6;2.7;0;318;88;68;40;96870;1.9;1.91;0.26;0.37
2013;8;15;227;20.9;17.4;12.4;10.2;7.3;5;-0.1;-1.3;0.16;2.6;2.7;0;593;177;98;74;97110;2.5;0;0.26;0.36
2013;8;16;228;23.6;18.2;11;11.3;9;7.3;-0.2;1;0.16;2.6;2.7;0;673;218;126;88;96905;2.73;0;0.25;0.36
2013;8;17;229;26.8;20.9;13.3;12.5;11;8.1;0.6;2;0.15;2.6;2.7;0;675;223;120;84;96591;2.91;0.02;0.25;0.36
2013;8;18;230;28.8;23.1;16.8;15;11.1;9.3;0.8;2.6;0.15;2.6;2.7;0;671;218;123;87;96485;3.05;0;0.25;0.36
2013;8;19;231;28.8;22.7;17.2;15.9;13.6;11.4;0.5;0.2;0.15;2.6;2.7;0;609;204;111;76;96381;2.95;0.68;0.25;0.36
2013;8;20;232;20.8;17.8;14.8;13.1;11;9.1;2.2;-4.8;0.15;2.6;2.7;0;535;155;83;51;96930;2.47;1.52;0.25;0.36
2013;8;21;233;21.2;17;13.7;10.9;9.7;8.4;0.8;-3.7;0.15;2.6;2.7;0;517;165;85;64;97139;1.86;0;0.25;0.36
2013;8;22;234;21.9;17.4;13.2;10.7;9.6;9;0.3;-2;0.15;2.6;2.7;0;568;173;104;68;96808;1.95;0;0.24;0.36
2013;8;23;235;22.5;18.4;13.1;13.8;11.9;9.4;-0.4;-0.2;0.15;2.5;2.7;0;518;158;91;57;96549;1.83;0.77;0.24;0.36
2013;8;24;236;18;16.6;15.4;15.7;14.5;13;-0.5;-0.1;0.15;2.5;2.7;0;208;69;50;27;96304;1.58;6.66;0.25;0.36
2013;8;25;237;17.3;15.6;13.8;16.1;14.7;13.7;-0.6;0.8;0.15;2.5;2.7;0;214;53;47;26;95960;1.29;18.52;0.25;0.36
2013;8;26;238;18.6;15.5;12.9;14.2;13.3;12.3;0.2;-1.2;0.15;2.5;2.7;0;289;102;61;41;96099;1.75;4.21;0.26;0.36
2013;8;27;239;19.1;15.5;12;15.1;13.9;11.8;-0.5;0;0.15;2.5;2.7;0;310;91;51;30;96112;1.94;16.61;0.27;0.36
2013;8;28;240;15.2;14.5;13.9;14.7;13.8;11.8;0.7;-2;0.15;2.5;2.7;0;115;34;54;20;96182;1.11;28.18;0.3;0.36
2013;8;29;241;19.8;16.2;12.9;12.1;10.3;9.3;1.4;-2.9;0.15;2.5;2.7;0;615;192;100;76;96746;3.08;0.17;0.31;0.36
2013;8;30;242;20.6;16.3;11.5;12.9;10;8.7;0.7;-1.4;0.15;2.5;2.7;0;578;180;104;78;96830;2.72;0.01;0.3;0.36
2013;8;31;243;22.3;17;10.4;14;10.7;8.8;1;-0.2;0.15;2.5;2.7;0;535;170;100;69;96759;2.65;0.05;0.3;0.36
2013;9;1;244;18.5;15.9;12.6;13.5;11.2;9;1.2;-1.8;0.15;2.5;2.7;0;534;125;83;50;96876;2.34;4.49;0.3;0.36
2013;9;2;245;19.5;15.4;10.4;9.8;7.3;4.8;2.2;-1.1;0.15;2.5;2.7;0;540;156;92;54;97027;2.69;0.07;0.3;0.36
2013;9;3;246;20;17.4;15.5;13.7;11.6;7.2;2.5;-2.8;0.15;2.5;2.7;0;425;105;62;42;97053;1.92;0.12;0.3;0.36
2013;9;4;247;20.8;17.4;13.9;14.8;13.8;13;0;-0.6;0.15;2.5;2.7;0;432;126;67;44;97245;2.01;0.91;0.3;0.36
2013;9;5;248;20.7;17.8;15.1;15.1;13.9;12.3;-0.8;0.1;0.15;2.5;2.7;0;441;137;78;42;96752;2.13;1.21;0.3;0.36
2013;9;6;249;21.7;17.8;14;14.4;12.6;10.9;-0.9;1.9;0.15;2.5;2.7;0;491;144;73;49;96438;2.29;0.35;0.3;0.36
2013;9;7;250;23.3;18;13.4;13.2;12;9.9;-0.4;2.3;0.15;2.5;2.7;0;601;177;104;72;96712;2.62;0;0.29;0.36
2013;9;8;251;22.6;18.3;14.3;11.4;8.6;7.3;-0.1;3.2;0.15;2.5;2.7;0;550;164;91;68;96780;2.91;0;0.29;0.36
2013;9;9;252;17.3;15.6;13.4;13.3;9.6;6.2;0.9;-0.1;0.15;2.5;2.7;0;250;48;61;35;96506;1.47;6.01;0.29;0.36
2013;9;10;253;19.5;15.6;11.2;13.3;11.4;8.6;0.7;1.7;0.15;2.5;2.7;0;476;114;68;38;96399;2.26;6.91;0.29;0.36
2013;9;11;254;16;12.9;10.3;9.6;8.2;6;1;-1.3;0.15;2.5;2.7;0;311;78;52;27;96288;2.27;7.7;0.3;0.36
2013;9;12;255;16.7;12.7;8.9;10.5;8.8;6.7;0.7;0;0.15;2.5;2.7;0;449;133;94;56;96246;2.38;10.15;0.31;0.36
2013;9;13;256;14.6;11.7;8.1;9;7.2;5.7;2.4;-1.7;0.15;2.5;2.7;0;477;136;84;68;96502;2.23;1.27;0.31;0.36
2013;9;14;257;18.2;14;11;9.6;8.7;7.4;2.5;-0.9;0.15;2.5;2.7;0;267;79;84;46;96300;1.74;1.1;0.31;0.36
2013;9;15;258;18.8;14.9;9.9;14.5;11.6;8.7;0.3;0.5;0.15;2.5;2.7;0;355;99;69;46;95906;1.28;0.46;0.31;0.36
2013;9;16;259;18.8;14.9;11.5;13.7;12.5;10.8;0.4;-0.5;0.15;2.4;2.7;0;365;92;65;34;95350;1.48;20.1;0.31;0.36
2013;9;17;260;12.6;10.2;7.2;11.1;6.3;3.2;2.3;-2.4;0.15;2.4;2.7;0;192;54;86;42;95124;2.44;15.29;0.34;0.36
2013;9;18;261;12.4;9.8;5.6;9.5;6.7;2.6;1.4;1.4;0.14;2.4;2.7;0;172;43;72;28;95081;1.06;2.38;0.34;0.36
2013;9;19;262;13.7;11.6;9.1;9.6;6.4;4.9;2.1;-2.7;0.14;2.4;2.7;0;492;131;91;60;95758;2.21;1.53;0.34;0.36
2013;9;20;263;17.3;12.1;7;10.3;7.3;5;1;-0.1;0.14;2.3;2.7;0;435;95;75;46;96402;1.4;0.24;0.34;0.35
2013;9;21;264;15.8;13.1;11.1;10.1;8.9;8.2;1.9;-2.7;0.14;2.3;2.7;0;412;125;86;56;97024;1.81;0.52;0.34;0.35
2013;9;22;265;16.5;12.7;9.5;10.3;8.4;7.3;0.7;-1.7;0.14;2.3;2.7;0;378;123;88;60;97306;1.66;0;0.34;0.35
2013;9;23;266;18.4;14.4;9.3;10;9.1;7.7;2.4;-2.2;0.14;2.3;2.7;0;500;144;88;64;96736;2.06;0;0.33;0.35
2013;9;24;267;19.8;14.8;10.3;12.2;9.7;8.2;1.3;-0.9;0.14;2.2;2.7;0;480;143;94;75;96347;1.99;0;0.33;0.35
2013;9;25;268;18.3;14;9.8;12;10.7;9;0.4;1.1;0.14;2.2;2.7;0;373;104;77;51;96141;1.35;0.05;0.33;0.35
2013;9;26;269;19.9;15;11.7;13.9;11.5;9.5;1.3;-0.8;0.14;2.2;2.7;0;301;74;62;43;96029;1.26;1.11;0.33;0.35
2013;9;27;270;11.3;9.5;8.4;8.7;5.9;4.2;-0.6;-0.8;0.14;2.1;2.7;0;102;26;36;13;96520;0.8;0.9;0.33;0.35
2013;9;28;271;12.9;10.6;9.1;7.6;6.4;5;-0.5;0.5;0.14;2.1;2.6;0;341;90;64;41;96333;1.1;0.01;0.33;0.35
2013;9;29;272;10;9.3;8.1;7.8;6.8;5.1;-0.5;-0.1;0.14;2.1;2.6;0;94;25;21;13;96177;0.81;8.25;0.33;0.35
2013;9;30;273;10.8;9;7.1;7;6.2;5.3;-0.6;-1.7;0.14;2.1;2.6;0;203;52;33;18;95842;1.54;5.23;0.34;0.35
2013;10;1;274;13.1;9.5;6.4;6.1;4.2;1;0.6;-2.6;0.14;2;2.6;0;523;141;109;67;95954;1.68;0;0.34;0.35
2013;10;2;275;9.8;6.8;3.7;2.6;1;-0.6;0.7;-2.8;0.14;2;2.6;0;330;95;83;63;96848;1.17;0.1;0.34;0.35
2013;10;3;276;8;4.8;2.1;1.1;-0.9;-2.2;-0.6;1.4;0.14;2;2.6;0;433;116;110;75;97582;1.15;0;0.34;0.35
2013;10;4;277;10;5.7;2;0.7;-0.6;-2.5;-0.3;3.7;0.14;2;2.6;0;526;149;119;95;97522;1.44;0;0.34;0.35
2013;10;5;278;11.3;7.3;2.7;5.1;2.2;-1;-0.2;3.6;0.14;1.9;2.6;0;459;119;86;53;96898;1.28;1.43;0.33;0.35
2013;10;6;279;11.5;9.4;7.5;10;8.5;5.9;-0.1;0.6;0.14;1.9;2.6;0;111;17;17;3;97063;0.4;5.71;0.34;0.35
2013;10;7;280;14.4;10.4;6.6;8.8;8.1;5.7;-0.3;0;0.14;1.9;2.6;0;372;89;99;46;97384;0.99;0.01;0.34;0.35
2013;10;8;281;16.2;10.8;5.8;8.3;5.9;4.7;-0.1;1.6;0.14;1.9;2.6;0;489;131;119;70;97222;1.46;0.22;0.34;0.35
2013;10;9;282;14.4;11.3;8;10.4;8.9;6.4;0.2;0.2;0.14;1.8;2.6;0;279;58;42;23;96676;0.84;1.99;0.34;0.35
2013;10;10;283;15.9;12.5;9;11.5;10.2;8.4;-0.1;2.8;0.14;1.8;2.6;0;308;74;71;34;95788;1.11;4.31;0.34;0.35
2013;10;11;284;15.4;10.8;6.8;13.6;9.7;6.2;-0.8;0.7;0.14;1.8;2.6;0;242;47;50;20;96117;1.19;20.26;0.35;0.35
2013;10;12;285;16.2;11.5;6.1;11.9;9.2;5.4;0.2;2.1;0.14;1.8;2.6;0;372;96;68;49;96635;1.04;0.1;0.36;0.35
2013;10;13;286;14.8;10.7;7.3;9.4;6.9;6.2;0.4;0.4;0.14;1.7;2.6;0;476;125;119;73;96788;1.37;0;0.36;0.35
2013;10;14;287;14.5;10.7;6.9;10.1;8.2;6.1;-0.1;0.7;0.14;1.7;2.6;0;330;76;77;44;96774;0.77;0.56;0.36;0.35
2013;10;15;288;16.2;10.4;5.8;9.4;7.9;5.5;0.4;0.6;0.14;1.7;2.6;0;454;116;115;71;96069;1.12;0.07;0.36;0.35
2013;10;16;289;10.8;9.3;7.4;7.8;5;3.3;2.5;-4.2;0.14;1.7;2.6;0;385;91;88;54;95716;1.65;1.9;0.36;0.35
2013;10;17;290;13.4;9.3;5.7;6.7;4.8;3.4;1.8;-1.6;0.13;1.7;2.6;0;315;84;86;73;96288;0.9;0.03;0.36;0.35
2013;10;18;291;14.5;10;6.3;7;5.2;3.7;1.6;-1.5;0.13;1.6;2.6;0;348;95;83;59;96529;1.13;0.25;0.35;0.35
2013;10;19;292;14.6;10.3;6.4;8;6.7;4.7;0.3;2.6;0.13;1.6;2.6;0;404;100;94;60;96831;0.97;0;0.35;0.35
2013;10;20;293;17.7;11.3;4.7;10.6;8;3.9;0.8;1;0.13;1.6;2.6;0;429;110;111;74;96649;1.03;0.06;0.35;0.35
2013;10;21;294;20.3;13.8;8.8;12.6;10.4;7.8;0.8;1.2;0.13;1.6;2.6;0;420;105;104;63;96757;1.06;0.1;0.35;0.35
2013;10;22;295;17.4;12.5;7.6;13;10.8;7;0;0.9;0.13;1.6;2.6;0;317;84;78;56;96552;0.65;0;0.35;0.35
2013;10;23;296;21.5;14.7;9.6;13.7;11.6;9.4;1.3;1.6;0.13;1.6;2.6;0;382;92;100;56;96175;0.99;0;0.35;0.35
2013;10;24;297;15.7;13.2;10.6;13.1;11.7;10.5;0.4;0.1;0.13;1.6;2.6;0;197;40;49;26;96799;0.6;3.35;0.35;0.35
2013;10;25;298;18;12.9;9.5;13.2;11.2;9.3;0.5;1.3;0.13;1.6;2.6;0;272;63;77;40;96744;0.66;0;0.35;0.35
2013;10;26;299;18.6;13;8.5;13.1;10.5;7.8;0.8;0.6;0.13;1.6;2.6;0;393;96;105;65;96703;0.87;0;0.35;0.35
2013;10;27;300;19.7;14.8;11.3;13;10.5;6.9;0.5;1;0.13;1.6;2.6;0;397;98;108;64;96294;1.08;1.26;0.35;0.35
2013;10;28;301;19;15.1;11.9;13.8;12.1;10.1;1.4;2.4;0.13;1.5;2.6;0;276;70;87;49;96046;1.01;0.41;0.35;0.35
2013;10;29;302;16;12.2;10.1;10.5;8.2;6.8;0.9;-1.3;0.13;1.5;2.6;0;230;48;65;37;96332;0.67;0.67;0.35;0.35
2013;10;30;303;10.7;9.3;6.4;7.7;6.2;3.7;0.8;-2.1;0.13;1.5;2.6;0;107;26;66;27;97050;1.06;2.11;0.35;0.35
2013;10;31;304;12;8.3;5;6;3.8;2.8;0.3;1.1;0.12;1.5;2.6;0;317;80;87;65;97335;0.76;0;0.35;0.35
2013;11;1;305;14.3;9.5;5.1;8.2;6.2;3.8;0.4;1.4;0.12;1.5;2.6;0;379;91;108;72;96822;0.73;0;0.35;0.35
2013;11;2;306;13.5;9.8;7.1;9.3;7.6;6;1.2;1.8;0.12;1.5;2.6;0;193;43;67;53;95941;0.34;0.01;0.35;0.35
2013;11;3;307;14.1;9.6;6.7;11.7;6.6;2.4;1.8;0.4;0.12;1.5;2.6;0;163;31;58;34;95553;1.15;6.95;0.35;0.35
2013;11;4;308;10.3;8.4;5.7;7.4;5.4;2.8;1.2;4;0.12;1.5;2.6;0;158;34;51;30;95139;0.42;0.13;0.35;0.35
2013;11;5;309;9.5;7.2;2;7.2;4.2;0;1.2;-1.3;0.12;1.5;2.6;0;121;27;83;37;94708;0.87;6.97;0.36;0.35
2013;11;6;310;11;6.7;1.7;6;3.5;-0.1;1.5;0.6;0.12;1.4;2.6;0;340;64;99;43;95267;0.82;4.23;0.36;0.35
2013;11;7;311;16.5;10.1;6.3;10.5;7.3;4.5;0.9;1.3;0.12;1.4;2.6;0;299;73;92;52;96127;0.79;0.12;0.36;0.35
2013;11;8;312;15.3;9.6;5.2;9.2;7;4;0.8;1.5;0.12;1.4;2.6;0;317;75;107;69;96126;0.46;0;0.36;0.35
2013;11;9;313;11.1;8.5;6;7.9;6.7;4.8;1.4;-0.4;0.12;1.4;2.6;0;84;19;65;29;95984;0.81;14.67;0.36;0.35
2013;11;10;314;9.9;7.3;4.1;6.2;4.6;3.3;0.7;1.2;0.12;1.4;2.6;0;346;69;96;41;95479;0.94;1.99;0.37;0.35
2013;11;11;315;6.2;4.7;3;4.6;1.1;-1.5;1.9;-6;0.12;1.4;2.6;0.48;188;33;56;22;96787;1.85;11.21;0.38;0.35
2013;11;12;316;8.3;5.1;2.8;3.5;1.9;-0.2;0.3;-1;0.12;1.4;2.6;0.4;293;64;86;48;97298;0.51;0.03;0.38;0.35
2013;11;13;317;7.3;6;4.7;3.8;2.3;0.5;1.1;-2.4;0.12;1.4;2.6;0.25;95;20;40;17;97248;0.37;0.14;0.38;0.35
2013;11;14;318;6;4.2;1.8;3.6;2;0.5;-0.4;-0.3;0.12;1.4;2.6;0.18;200;42;61;34;96841;0.36;2.64;0.38;0.35
2013;11;15;319;5.6;4.5;3.3;5.1;3.8;2.3;0;-0.9;0.12;1.3;2.6;0.29;47;10;22;7;97103;0.38;2.23;0.38;0.35
2013;11;16;320;10.2;5.7;2.2;6.4;4.4;2.1;0.4;0.5;0.12;1.3;2.6;0.22;311;67;97;55;97446;0.47;0;0.38;0.35
2013;11;17;321;9.7;5.5;2.3;4.6;3.6;1.9;0;2.1;0.12;1.4;2.6;0.12;307;68;96;53;97036;0.44;0.02;0.38;0.35
2013;11;18;322;8.4;6.1;4.5;5.4;4.5;3.6;-0.2;3.7;0.11;1.4;2.6;0.04;142;32;54;20;96373;0.22;0.02;0.38;0.35
2013;11;19;323;8.9;6.1;4.8;5.1;4.8;4.2;-0.8;2.3;0.11;1.4;2.6;0;230;46;86;28;95612;0.35;5.66;0.38;0.35
2013;11;20;324;7.6;5.8;3.8;5.7;4.8;3.1;-0.2;-0.1;0.11;1.4;2.6;0;92;20;37;17;95030;0.44;1.23;0.38;0.35
2013;11;21;325;6.4;5.2;3.7;6.1;4.7;3;-0.8;1.9;0.11;1.4;2.6;0;112;18;23;7;94918;0.44;1.87;0.38;0.35
2013;11;22;326;5.7;4.4;2.1;5.6;3.8;2;-0.5;0.4;0.11;1.4;2.6;0.01;110;24;54;14;95176;0.32;3.54;0.38;0.36
2013;11;23;327;6.9;5.9;5;6.5;5.5;4.4;-0.2;-2.7;0.11;1.4;2.6;0.02;103;19;19;9;95443;0.6;28.93;0.4;0.36
2013;11;24;328;6.4;4.8;2;6;3.9;-1.2;1.5;-4;0.11;1.4;2.6;0.01;30;7;42;8;95527;0.98;20.39;0.42;0.36
2013;11;25;329;1.9;-0.1;-1.7;-1.7;-6.3;-7.6;2.6;-6.6;0.12;1.4;2.6;0.39;171;42;91;66;96317;0.57;0.51;0.42;0.36
2013;11;26;330;0.4;-1.1;-1.8;-4.4;-5.7;-7.2;1.5;-5.1;0.13;1.4;2.6;1.27;235;47;88;65;96981;0.45;2.06;0.42;0.36
2013;11;27;331;0.3;-1.6;-3.1;-5.1;-6.2;-8.1;1.2;-4.3;0.15;1.4;2.6;2.52;247;56;96;73;97471;0.46;0.07;0.41;0.36
2013;11;28;332;3.3;-0.6;-4.3;-3.7;-6.4;-9.7;1.3;-0.1;0.15;1.4;2.6;2.45;243;50;93;57;97351;0.3;0.13;0.41;0.36
2013;11;29;333;4.8;1.4;-0.2;-0.5;-2.6;-4.2;1.4;-0.4;0.15;1.4;2.6;2.34;229;44;70;46;96843;0.34;0.01;0.41;0.37
2013;11;30;334;5.4;1.1;-2.4;0.2;-1.9;-4.1;0.8;0;0.15;1.4;2.6;2.43;226;42;90;47;96478;0.26;0.7;0.4;0.37
2013;12;1;335;5.4;0.9;-2.8;-0.8;-2.6;-4.5;1.1;-1.4;0.15;1.4;2.6;2.19;277;54;101;57;97221;0.29;0;0.4;0.37
2013;12;2;336;4.9;2.1;-1.3;0.8;-1.2;-3.3;0.9;-2.9;0.14;1.4;2.6;1.82;200;44;95;56;97791;0.32;0;0.4;0.37
2013;12;3;337;3.7;-0.3;-3.4;-0.8;-2.4;-4.4;0;2;0.14;1.4;2.6;1.57;269;58;100;72;97770;0.22;0;0.4;0.37
2013;12;4;338;5.2;-0.1;-4;0.1;-2.9;-5.8;0.8;0.5;0.13;1.4;2.6;1.4;271;56;105;70;97052;0.19;0;0.4;0.37
2013;12;5;339;5.3;1.8;0.1;-0.1;-2.1;-3.9;1.6;0.3;0.13;1.4;2.6;1.22;229;46;90;60;96717;0.3;0.01;0.39;0.37
2013;12;6;340;3.1;1.2;0;-1.9;-4.8;-8;3.9;-2.1;0.13;1.4;2.6;1.33;266;52;100;67;95888;0.74;1.43;0.39;0.37
2013;12;7;341;2;0.5;-0.8;-2.4;-5.1;-7.1;3.4;-2.3;0.14;1.4;2.6;1.94;267;56;97;68;96702;0.5;0.73;0.39;0.37
2013;12;8;342;6.2;1.8;-0.9;0.9;-1.4;-2.8;1.7;0;0.14;1.4;2.6;2;202;46;93;54;97203;0.27;0.09;0.39;0.37
2013;12;9;343;7.4;4.5;-0.2;1.7;-0.3;-2.5;3.5;-1.7;0.13;1.4;2.6;1.56;107;24;51;35;97100;0.53;0.54;0.39;0.37
2013;12;10;344;6.3;5.1;3.9;4.7;3;1.9;0.6;-1.2;0.12;1.4;2.6;0.76;40;8;8;3;98108;0.47;1.08;0.39;0.37
2013;12;11;345;4.8;3.2;1.7;1.9;1;0.2;-0.2;1.1;0.12;1.4;2.6;0.48;120;24;44;26;98186;0.24;0;0.39;0.37
2013;12;12;346;5.9;2.1;-0.3;3.1;0.9;-1.2;0.1;0.3;0.12;1.4;2.6;0.39;183;41;79;42;97802;0.15;0;0.39;0.37
2013;12;13;347;5.8;1.7;-0.5;1.8;0.5;-0.8;-0.1;0.1;0.12;1.4;2.6;0.33;227;41;96;36;97267;0.22;0.1;0.39;0.37
2013;12;14;348;4.7;0.8;-0.9;0.9;-0.6;-1.9;0.3;0.5;0.12;1.4;2.6;0.27;229;47;98;47;97385;0.19;0.02;0.39;0.37
2013;12;15;349;5.8;0.8;-1.8;1.9;-1.1;-3.6;1;0.6;0.11;1.4;2.6;0.22;239;49;104;58;97839;0.18;0;0.38;0.37
2013;12;16;350;6.8;0.5;-2.9;0.8;-2.5;-5.2;0.8;1.2;0.11;1.4;2.6;0.19;253;54;105;70;98023;0.16;0;0.38;0.37
2013;12;17;351;3.2;-0.6;-2.4;-1.5;-2.9;-4.1;-0.2;2;0.11;1.4;2.6;0.19;232;46;97;46;97773;0.23;0.09;0.38;0.37
2013;12;18;352;-0.4;-2;-3;-2.9;-3.8;-5.1;-0.6;1.3;0.12;1.4;2.6;0.31;135;26;47;26;97303;0.11;0.18;0.38;0.38
2013;12;19;353;2.1;-1.8;-3.5;-2.4;-4.7;-6.1;-0.2;1.1;0.12;1.4;2.6;0.33;227;44;96;50;96452;0.08;0;0.38;0.38
2013;12;20;354;2.6;-0.9;-3;-0.9;-2.7;-4.3;0.1;0;0.12;1.3;2.6;0.31;178;34;63;39;97109;0.03;0.15;0.38;0.38
2013;12;21;355;4.6;1.1;-2;1.7;-0.3;-3;0.9;1.6;0.12;1.3;2.6;0.31;136;27;58;32;97967;0.03;0;0.38;0.38
2013;12;22;356;5.5;1.2;-1;2.6;-0.2;-1.9;0.5;1.1;0.11;1.3;2.6;0.24;207;44;80;49;97291;0.17;0;0.38;0.38
2013;12;23;357;8.1;2;-1.5;3.9;0.6;-2.5;0.6;1.2;0.11;1.3;2.6;0.17;239;48;93;47;96990;0.07;0.01;0.38;0.38
2013;12;24;358;6.7;5.1;3.6;4.2;3.1;2.1;1.2;5.5;0.11;1.3;2.6;0.11;197;39;81;47;96004;0.33;0;0.38;0.38
2013;12;25;359;10;8;5.5;5;3.8;2.2;2.2;6.8;0.11;1.3;2.6;0;225;44;90;61;95024;0.46;0;0.38;0.38
2013;12;26;360;8.2;7.2;6.2;6.3;5.4;4;-0.8;3.5;0.11;1.3;2.6;0;97;20;51;25;94726;0.63;6.55;0.38;0.38
2013;12;27;361;6.6;4.8;3.1;5.6;3;2.1;0.5;-0.7;0.11;1.3;2.6;0;162;28;82;36;95757;0.63;3.49;0.38;0.38
2013;12;28;362;6.5;4.4;2.3;4.1;3;1.6;0.7;4.2;0.11;1.3;2.6;0;161;35;72;57;95787;0.23;0;0.38;0.38
2013;12;29;363;6.6;4.3;2.1;3.2;2.1;0.9;1.2;-0.4;0.11;1.3;2.6;0;109;19;68;35;96469;0.4;1.7;0.38;0.38
2013;12;30;364;5.5;2.8;0.7;1;0.2;-0.9;0.6;-1.6;0.11;1.3;2.6;0.05;241;49;92;55;97379;0.45;0.08;0.38;0.38
2013;12;31;365;4;2.3;0.5;2.6;1.2;-0.9;-0.1;1.3;0.11;1.3;2.6;0.05;77;18;41;16;96938;0.24;1.15;0.38;0.38
2014;1;1;1;5.4;3.3;1.9;2.9;2.3;1.5;-0.3;2.3;0.11;1.3;2.6;0.05;121;22;70;23;96482;0.19;0.12;0.38;0.38
2014;1;2;2;5.8;2.4;-0.5;2.1;0.6;-1.6;0.8;2.4;0.11;1.3;2.6;0.05;177;36;83;40;95885;0.26;0.04;0.38;0.38
2014;1;3;3;8.5;2.3;-1;3.5;0;-2.9;1.1;1.2;0.11;1.3;2.6;0.03;261;56;102;65;96292;0.21;0;0.38;0.38
2014;1;4;4;8.2;4.6;-0.8;7.1;2.1;-2.1;0.2;2.6;0.11;1.2;2.6;0.02;198;41;70;32;96135;0.34;0.46;0.38;0.38
2014;1;5;5;10.7;7.8;4.9;8.5;6.3;2.8;1.3;0.7;0.11;1.2;2.6;0;116;22;41;17;95546;0.86;4.23;0.38;0.38
2014;1;6;6;9.4;5.3;2.5;4.1;2.8;1.7;0.6;0.8;0.11;1.2;2.6;0;261;54;101;58;96501;0.31;0;0.38;0.38
2014;1;7;7;6.6;3.1;0.1;3.8;1.6;-0.4;0.6;0.9;0.11;1.2;2.5;0;122;26;71;49;96746;0.11;0.02;0.38;0.38
2014;1;8;8;8.8;3.5;0;5.1;2.3;-0.3;0.6;0.9;0.11;1.2;2.5;0;246;48;89;44;96992;0.19;0.02;0.38;0.38
2014;1;9;9;9.6;4.1;1;4.7;2.2;0.4;0.6;1.9;0.11;1.2;2.5;0;212;45;81;52;96384;0.25;0.06;0.38;0.38
2014;1;10;10;7.6;3.4;-1.6;2.1;0.3;-2.6;1.6;-0.5;0.11;1.2;2.5;0;238;40;107;57;96338;0.48;0.88;0.38;0.38
2014;1;11;11;6.6;2.2;-1.6;3.6;0.7;-2.6;0.7;0.6;0.11;1.2;2.5;0;224;44;76;42;96554;0.17;0.37;0.38;0.38
2014;1;12;12;6.2;3.1;-0.1;1.8;-0.8;-3.6;1.5;-0.7;0.11;1.2;2.5;0;235;50;99;46;96860;0.49;0;0.38;0.38
2014;1;13;13;4.3;0.1;-2.4;0.9;-1.6;-3.1;0.6;0.5;0.11;1.2;2.5;0;271;61;105;69;96336;0.17;0;0.38;0.38
2014;1;14;14;6.9;3.1;-1.6;5.9;2;-2.3;0.1;2;0.11;1.2;2.5;0;166;32;47;23;95486;0.15;2.06;0.38;0.38
2014;1;15;15;6.3;3.1;0.1;3.1;0.3;-1.1;1.2;-1;0.11;1.2;2.5;0;249;45;76;40;95817;0.51;0.16;0.38;0.38
2014;1;16;16;6.1;3.3;0.7;2.4;1.5;0.3;0.7;2.9;0.11;1.2;2.5;0;209;45;68;44;95727;0.23;0;0.38;0.38
2014;1;17;17;9.3;4.6;-0.3;4.9;2.2;-1.6;1.4;1.5;0.11;1.2;2.5;0;236;53;87;54;95444;0.25;0.06;0.38;0.38
2014;1;18;18;9.2;5.8;2.2;7;4.5;2;0.2;1.8;0.11;1.2;2.5;0;94;23;51;23;95525;0.12;0.06;0.38;0.38
2014;1;19;19;10.7;8.3;5.8;7.4;5.8;3.7;0.4;3.7;0.11;1.2;2.5;0;209;51;74;58;95117;0.28;1.67;0.38;0.38
2014;1;20;20;9.3;7.2;4.5;7.4;6.4;3.2;0.1;1.1;0.11;1.2;2.5;0;125;22;44;20;94825;0.33;4.66;0.38;0.38
2014;1;21;21;5.8;4;2.7;2.8;1.2;0.3;1.6;-2.7;0.11;1.2;2.5;0;198;44;56;38;95296;0.88;1.15;0.38;0.38
2014;1;22;22;4.4;2.3;0.8;0.8;0.2;-1;0;-1.6;0.11;1.1;2.5;0;170;33;56;31;95900;0.32;0.13;0.38;0.38
2014;1;23;23;2.2;0.4;-0.6;-1.5;-2.4;-3.6;-0.6;-0.3;0.11;1.1;2.5;0.13;158;29;39;21;96314;0.21;0.33;0.38;0.38
2014;1;24;24;0.2;-0.8;-2.2;-1.3;-2.4;-4.6;-0.8;-1;0.16;1.1;2.5;2.5;78;18;36;16;96018;0.13;4.37;0.38;0.38
2014;1;25;25;-2.7;-4.9;-8.2;-5.9;-11;-14.7;0.8;-4.6;0.2;1.1;2.5;4.52;307;71;106;84;96037;0.53;0;0.38;0.38
2014;1;26;26;-3.2;-5.7;-8.2;-7.2;-11.1;-15.3;-0.6;0.2;0.2;1.1;2.5;4.9;204;47;88;41;95732;0.08;1.61;0.38;0.38
2014;1;27;27;-2.8;-4.8;-6.1;-6.1;-7.3;-8.5;-0.2;2;0.23;1.1;2.5;6.46;124;27;55;30;95039;0.08;1.04;0.38;0.38
2014;1;28;28;-0.4;-2.8;-5.6;-3;-4.8;-7.6;-0.4;-1.2;0.25;1.1;2.5;7.35;170;35;40;16;94981;0.12;2.06;0.38;0.38
2014;1;29;29;-1.4;-3.2;-5.1;-3.9;-5.3;-6.7;-0.8;1.9;0.29;1.1;2.5;9.71;148;34;60;29;95341;0.16;1.31;0.38;0.38
2014;1;30;30;-1;-3.3;-6;-2.9;-5;-7.7;-0.8;2.9;0.3;1.1;2.5;10.57;119;26;42;21;96136;0.18;2.77;0.37;0.38
2014;1;31;31;-1.6;-2.8;-4.4;-2.9;-4;-5.5;-1.1;2.5;0.35;1.1;2.5;13.16;78;17;17;8;96442;0.35;1.79;0.37;0.38
2014;2;1;32;-2.9;-4.2;-6;-4.2;-5.7;-7.4;-0.8;2.9;0.35;1.1;2.5;13.71;104;25;33;10;96328;0.38;1.25;0.37;0.38
2014;2;2;33;-1.8;-2.7;-3.9;-3.1;-3.8;-4.7;-1.1;2;0.36;1.1;2.5;14.77;87;15;10;5;96326;0.33;3.01;0.37;0.38
2014;2;3;34;-1.1;-2.9;-5.2;-3.4;-4.5;-6.4;-0.6;2.8;0.36;1.1;2.5;15.55;131;30;63;24;96698;0.31;0.14;0.37;0.38
2014;2;4;35;-0.2;-2.8;-4.6;-2.8;-4.2;-5.5;-0.5;3.6;0.36;1.1;2.5;15.41;171;38;59;30;96506;0.26;0.05;0.37;0.38
2014;2;5;36;1.8;-0.8;-3.6;0;-2.2;-4.7;0.1;4;0.35;1.1;2.5;15.04;185;45;63;34;95816;0.24;0;0.37;0.38
2014;2;6;37;6;1.7;-1;2.5;0.2;-2.2;0.7;1.2;0.31;1.1;2.5;13.23;169;42;91;45;95901;-0.06;1.28;0.38;0.38
2014;2;7;38;6.9;2.2;-0.8;2.3;0.4;-1.7;1.2;2.8;0.26;1.1;2.5;9.93;286;64;85;45;95337;0.35;0.65;0.38;0.38
2014;2;8;39;6.1;3.8;1.1;3.1;1.8;0.4;0.9;2.5;0.21;1.1;2.5;6.84;230;46;62;25;95268;0.25;2.51;0.38;0.38
2014;2;9;40;5.4;2.5;-0.5;3.5;0.9;-2.3;1.4;-0.2;0.18;1.1;2.5;4.81;114;20;59;27;94921;0.23;11.57;0.39;0.38
2014;2;10;41;6.4;2.4;-4.7;3.7;-1;-6.8;0.6;3.4;0.17;1.1;2.5;4.33;305;74;80;56;95171;0.53;1.13;0.4;0.38
2014;2;11;42;7.5;4.7;1.2;4.2;2.6;0.9;0.7;0.2;0.15;1.1;2.5;2.29;173;43;48;23;95325;0.47;2.79;0.4;0.38
2014;2;12;43;4.4;1.6;-1.7;1.1;-0.4;-3.7;1.3;-2.2;0.22;1.1;2.5;6.86;108;24;78;32;95533;0.48;13.61;0.4;0.38
2014;2;13;44;6.9;1.7;-5.2;1;-2.3;-7.1;0.9;2.1;0.22;1.1;2.5;6.66;358;87;114;66;95272;0.56;0.78;0.41;0.38
2014;2;14;45;7.3;3.4;-0.2;1.4;-2.1;-5.1;1.7;-0.7;0.19;1.1;2.5;4.45;339;77;112;59;95762;0.86;0.69;0.41;0.38
2014;2;15;46;9.8;4.9;0.6;2;0.2;-2.6;0.8;3.7;0.17;1.1;2.5;3.21;333;85;95;70;95606;0.66;0;0.41;0.38
2014;2;16;47;6.6;3.5;-0.2;4.6;1.6;-1.8;0.8;0;0.15;1.1;2.5;2.09;74;18;66;22;96056;0.11;7.28;0.41;0.38
2014;2;17;48;5.1;2.4;-2.2;2.5;0.9;-2.7;1;0.4;0.15;1.1;2.5;2.25;184;39;65;31;96440;0.41;5.37;0.41;0.38
2014;2;18;49;5.7;2.1;-3.3;3.8;0.6;-4.2;0.6;2.2;0.14;1.1;2.5;1.75;277;60;61;35;96613;0.39;0.1;0.41;0.38
2014;2;19;50;10.1;5.5;2.4;5.1;3.2;1.1;0.6;-0.8;0.13;1.1;2.5;0.98;359;76;84;35;96104;0.61;4.75;0.41;0.38
2014;2;20;51;9.7;5.6;2.8;3.6;1.9;0.3;0.4;0.2;0.13;1.1;2.5;0.49;323;81;82;49;96277;0.8;1.73;0.41;0.38
2014;2;21;52;9.6;6;2.7;5.5;3.8;1.7;0.2;2;0.12;1.1;2.5;0.26;244;55;65;33;95889;0.35;0.01;0.41;0.38
2014;2;22;53;5.9;4.4;2.9;2.7;1.6;0.6;1.4;-2.8;0.12;1.1;2.5;0.15;169;41;37;24;96239;1.01;2.94;0.41;0.39
2014;2;23;54;7.4;4.1;1.2;0.3;-1.5;-2.9;1.1;-3.2;0.12;1.1;2.5;0.19;292;66;96;53;96903;1.07;1.21;0.41;0.39
2014;2;24;55;9.9;4.2;-1.9;1.9;-0.2;-3.9;-0.1;1.2;0.12;1.1;2.5;0.17;466;110;114;68;96862;0.68;0;0.41;0.39
2014;2;25;56;9.3;4.7;0.4;2.9;1.5;-0.3;0.2;3;0.12;1.1;2.5;0.09;385;99;88;70;96503;0.64;0;0.4;0.39
2014;2;26;57;10.9;4.4;-0.6;2.5;0.8;-0.7;0.3;2;0.12;1.2;2.5;0.04;420;99;88;64;96424;0.73;0;0.4;0.39
2014;2;27;58;9.5;4;-0.6;3.2;1.3;-1.7;-0.1;0.2;0.12;1.2;2.5;0.02;409;106;96;61;96407;0.63;0;0.4;0.39
2014;2;28;59;9.1;4.1;-0.3;2.6;1.1;-1;0;1.6;0.12;1.2;2.5;0;466;112;108;68;95566;0.75;0.37;0.4;0.39
2014;3;1;60;10.3;5.1;0.2;2.8;1.2;-1.1;-0.3;2.4;0.12;1.2;2.5;0;467;112;96;70;95138;0.85;0.03;0.4;0.39
2014;3;2;61;9.1;4.9;0.3;3.5;2;0;-0.2;-1.1;0.12;1.2;2.5;0;351;95;79;53;95041;0.61;0.01;0.39;0.39
2014;3;3;62;8.6;5.4;2.5;4;2.7;1.3;-1;1.6;0.12;1.2;2.5;0;382;91;92;41;94623;0.73;1.7;0.39;0.39
2014;3;4;63;8.2;4.7;2.8;4;3.1;2.1;-0.5;0;0.12;1.2;2.5;0.09;265;61;64;25;94898;0.75;3.35;0.39;0.39
2014;3;5;64;9.8;5.5;1.4;2.6;1.1;0.3;0.9;-3.9;0.12;1.2;2.5;0.06;507;138;112;76;95904;1.15;0.01;0.39;0.39
2014;3;6;65;7.2;4.8;2.9;1.7;0.9;0.1;1.2;-5.2;0.12;1.2;2.5;0.05;290;75;76;42;96987;1.11;1.33;0.39;0.39
2014;3;7;66;7.9;4.3;1.2;1;0.1;-0.6;0.6;-2.7;0.13;1.2;2.5;0.05;403;104;74;60;97234;0.77;0;0.39;0.39
2014;3;8;67;10.5;5.2;0;0.8;-0.5;-1.7;0.9;-2.8;0.13;1.2;2.5;0.02;522;145;118;83;97665;1.1;0;0.39;0.39
2014;3;9;68;9.8;5.4;1.5;3;1.1;-0.2;0.3;-2.3;0.13;1.2;2.5;0;532;151;119;89;97848;1.02;0;0.39;0.39
2014;3;10;69;9.2;4.8;-0.2;1.3;0;-2.1;-0.6;-0.6;0.13;1.3;2.5;0;497;137;117;76;97377;0.92;0;0.39;0.39
2014;3;11;70;11.9;5.9;-0.8;0.2;-1.9;-3.8;0.9;-2.1;0.13;1.3;2.5;0;551;158;129;91;97316;1.32;0;0.38;0.39
2014;3;12;71;12.3;7.1;2.5;-0.1;-1.7;-3.8;1;-2.5;0.13;1.3;2.5;0;552;159;126;94;97680;1.45;0;0.38;0.39
2014;3;13;72;14.1;7.1;1;2.6;0.1;-3.5;0.6;1.1;0.13;1.3;2.6;0;555;161;130;87;97504;1.34;0;0.38;0.39
2014;3;14;73;16.5;8.7;1.3;6.1;2.5;-0.5;0.7;0.2;0.13;1.3;2.6;0;551;161;130;83;97045;1.42;0;0.38;0.39
2014;3;15;74;15.1;7.9;2.9;4.2;1.7;-0.4;2.6;-1.7;0.13;1.3;2.6;0;330;71;88;59;96066;1.17;0.98;0.38;0.39
2014;3;16;75;11.9;9;4.8;5.5;3.1;0;4.6;-2.5;0.13;1.3;2.6;0;454;111;85;53;95805;1.39;1.14;0.37;0.39
2014;3;17;76;16.2;11.4;6.9;5.5;4.1;3;2.5;-1.8;0.13;1.3;2.6;0;495;151;103;81;96327;1.59;0;0.37;0.39
2014;3;18;77;17.7;10.6;3.1;8.4;5.6;2.4;0.8;1;0.13;1.4;2.6;0;540;158;116;72;96328;1.44;0;0.37;0.39
2014;3;19;78;12.4;9.8;7.2;4.6;2.5;0.8;3.4;-2.5;0.13;1.4;2.6;0;537;163;108;72;96597;1.53;0.04;0.37;0.39
2014;3;20;79;18.1;11.3;3.5;3.9;2.4;0.4;1;2.2;0.13;1.4;2.6;0;584;174;135;96;97036;1.89;0;0.37;0.39
2014;3;21;80;18.4;12.4;6.9;5.3;3.9;2.6;0.9;3.2;0.13;1.4;2.6;0;590;176;127;96;96245;1.97;0;0.36;0.39
2014;3;22;81;17.7;11.8;5.1;6;4.3;2.6;1.6;2.7;0.13;1.4;2.6;0;590;176;128;90;95509;1.86;0;0.36;0.39
2014;3;23;82;13.2;8.7;3.5;8.8;6.2;1.4;0.8;1.2;0.13;1.5;2.6;0.04;296;70;72;30;95087;1.94;15.43;0.36;0.39
2014;3;24;83;8.4;5.1;2.6;1.4;0.5;-0.7;1.9;-2.8;0.14;1.5;2.6;0.3;489;134;85;57;95353;1.89;2.69;0.37;0.39
2014;3;25;84;8.5;3.9;-0.6;0.9;-0.9;-2.2;0.8;-1.1;0.14;1.5;2.6;0.24;528;162;121;83;95653;1.45;1.69;0.37;0.39
2014;3;26;85;9.6;4.6;-1.6;2.2;-0.3;-2.9;-0.6;-0.1;0.14;1.5;2.6;0.22;537;166;107;76;96042;1.68;1.15;0.37;0.39
2014;3;27;86;11.3;6.8;1.7;3.9;2;-0.8;-1.1;-1;0.14;1.5;2.6;0.11;540;158;108;69;96070;1.59;1.03;0.37;0.39
2014;3;28;87;13.8;8.2;1.1;3.5;2.2;-0.3;0.5;-2.2;0.14;1.6;2.6;0.03;613;190;123;87;96370;1.85;0;0.37;0.39
2014;3;29;88;16.1;9.9;2.7;6.6;4.7;1.8;-0.2;0.3;0.14;1.6;2.6;0;619;191;125;90;96903;1.86;0;0.37;0.39
2014;3;30;89;18.2;11.7;5.3;8.1;4.7;2.2;0.5;1.3;0.14;1.6;2.6;0;630;197;133;89;96406;2.13;0;0.37;0.39
2014;3;31;90;19.6;12.3;3.8;7.4;5;2.5;1.1;-1.4;0.14;1.6;2.6;0;626;193;128;83;96018;2.2;0;0.36;0.39
2014;4;1;91;16.9;11.7;5.8;7.5;5.4;3.9;0.3;-0.9;0.14;1.6;2.6;0;573;168;110;74;96066;1.86;0.01;0.36;0.39
2014;4;2;92;16.3;11.7;6.9;7.9;6.3;4;-0.4;1.3;0.14;1.7;2.6;0;484;144;94;66;95909;1.59;0.16;0.36;0.39
2014;4;3;93;19.8;12.8;5.8;9.3;7.2;4.5;0.3;1.5;0.14;1.7;2.6;0;623;191;126;85;95493;2.15;0.04;0.36;0.39
2014;4;4;94;17.5;12.4;6.3;10.7;8.5;5.5;-0.6;-0.3;0.14;1.7;2.6;0;528;163;102;73;95566;1.63;0;0.35;0.39
2014;4;5;95;17.7;12.5;7.6;9.6;8.6;6.8;-0.4;-1.7;0.14;1.7;2.6;0;584;169;104;61;95906;1.84;1.33;0.35;0.39
2014;4;6;96;16.8;12.4;8;10.6;9.1;7;1.1;-1.4;0.14;1.7;2.6;0;521;142;90;56;96435;2.1;4.64;0.35;0.39
2014;4;7;97;18;13;7.4;9.9;7.7;6.3;0.3;-0.3;0.14;1.8;2.6;0;519;167;98;73;96644;2.17;0.3;0.35;0.39
2014;4;8;98;21.6;14;9;12.7;8.7;5.7;1.4;-0.4;0.14;1.8;2.6;0;538;163;108;64;96266;3.06;10.83;0.35;0.39
2014;4;9;99;11.7;9;6.4;5;0.6;-2;2.5;-3.7;0.15;1.8;2.6;0;611;196;119;77;96608;2.78;1.53;0.36;0.39
2014;4;10;100;10.5;6.7;3.9;5.3;2.7;-1.5;1.9;-2.5;0.15;1.8;2.6;0.01;461;134;88;58;96464;2.45;7.3;0.36;0.39
2014;4;11;101;11.3;6.8;2.3;2.9;1;-0.4;0.4;-1.7;0.15;1.8;2.6;0;427;163;100;70;96599;1.81;0;0.36;0.39
2014;4;12;102;13.2;8.4;3.8;4.7;3.1;2;0.6;-0.6;0.15;1.9;2.6;0;512;141;90;60;96386;1.63;0.22;0.36;0.39
2014;4;13;103;14;9.2;2.5;6.8;4.6;1.6;1.5;-0.9;0.15;1.9;2.6;0;399;142;86;61;96286;1.72;0.63;0.36;0.39
2014;4;14;104;14.5;9.3;5.2;6.8;3.3;-0.9;2.5;-1.1;0.15;1.9;2.6;0;532;151;105;74;95951;2.05;0.9;0.36;0.39
2014;4;15;105;9;5.5;3.1;1.9;-0.3;-2.9;2.5;-3.9;0.15;1.9;2.6;0;613;203;107;81;96313;2.27;1.46;0.36;0.39
2014;4;16;106;9;5.4;3;3.5;-0.4;-3.5;0.9;-5.3;0.15;2;2.6;0.13;644;192;107;80;96887;2.23;1.78;0.35;0.39
2014;4;17;107;10.9;6.6;1.9;0.3;-0.9;-2.3;0.6;-4.3;0.15;2;2.6;0.11;651;173;88;69;96662;1.91;0;0.35;0.39
2014;4;18;108;15.7;9.8;3;2.2;1.2;-0.7;0.4;-1.7;0.15;2;2.6;0.02;694;226;128;88;95733;2.76;0;0.35;0.39
2014;4;19;109;16.9;10.5;6.1;9.9;6.1;2.2;0.6;-3;0.15;2.1;2.7;0;657;195;109;63;95580;2.28;9.07;0.35;0.38
2014;4;20;110;13.8;9.8;6.1;9.8;7.4;5.7;-0.9;-0.1;0.15;2.1;2.7;0;431;151;80;53;95631;2.16;6.12;0.36;0.38
2014;4;21;111;15.7;11.1;6.5;9.6;8.3;6.2;-0.2;2.9;0.15;2.1;2.7;0;531;148;80;47;95536;2.48;3.31;0.36;0.38
2014;4;22;112;16.7;12.3;8;11.6;9.8;7.3;0.3;0.1;0.15;2.2;2.7;0;491;162;96;55;95925;2.35;9.49;0.36;0.38
2014;4;23;113;18.3;13.2;5.8;11.3;8.9;5.1;0.4;-1.8;0.15;2.2;2.7;0;628;211;103;70;96468;2.85;0.41;0.36;0.38
2014;4;24;114;18.7;14.4;10.7;12.4;10.5;8.4;0.7;-2.8;0.16;2.2;2.7;0;629;191;92;59;96272;2.6;1.89;0.36;0.38
2014;4;25;115;16.7;13;10;13.5;11.5;9.1;-0.3;-1.1;0.16;2.3;2.7;0;440;116;54;33;95996;1.88;7.88;0.36;0.38
2014;4;26;116;16.7;13.2;11.1;12.5;11.4;10.5;-0.6;1;0.16;2.3;2.7;0;592;115;93;31;95893;1.94;3.93;0.37;0.38
2014;4;27;117;17.9;14;10.8;10.6;9.5;8.2;-0.7;1.7;0.16;2.3;2.7;0;621;202;104;59;95469;2.91;3.86;0.37;0.38
2014;4;28;118;17.9;13.4;8.6;11.3;9.4;7.4;0.2;-1.9;0.16;2.4;2.7;0;675;214;106;74;95492;3.08;0.86;0.37;0.38
2014;4;29;119;15.8;12.6;9.9;11.8;10.1;8.5;1.3;-2.7;0.16;2.4;2.7;0;441;141;78;50;95594;2.73;9.84;0.37;0.38
2014;4;30;120;18.3;14;9.5;9.7;8;6.8;0.6;-1.8;0.16;2.4;2.7;0;632;219;115;80;95578;3.42;0.32;0.37;0.38
2014;5;1;121;18.3;13.8;8.8;10.5;7.3;5.2;0.7;-1.7;0.16;2.5;2.7;0;665;223;114;79;95721;3.25;0.21;0.37;0.38
2014;5;2;122;19.1;13.4;6.9;11.1;8.3;5.3;0.1;0.1;0.16;2.5;2.7;0;698;222;122;77;95698;3.17;3.89;0.37;0.38
2014;5;3;123;11.4;9;5.2;8.7;5.8;1.1;1.3;-4.6;0.16;2.6;2.7;0;408;134;54;42;95972;2.35;2.99;0.37;0.38
2014;5;4;124;13.4;8.3;4.2;1.1;-0.5;-1.7;1.3;-6.6;0.16;2.6;2.7;0;671;230;116;83;96255;3.23;0;0.37;0.38
2014;5;5;125;13.2;8.6;3.9;3.9;1.4;0.1;0.1;-1.9;0.16;2.6;2.7;0;716;237;124;90;96607;3.06;0;0.36;0.38
2014;5;6;126;18;12.4;4.8;7.3;5.3;1.6;0.2;2.9;0.16;2.7;2.7;0;715;245;120;82;96494;3.47;0;0.36;0.38
2014;5;7;127;18;13;8;13;9.4;6.5;0.5;0.3;0.16;2.7;2.7;0;531;151;92;53;96118;2.52;15.74;0.36;0.38
2014;5;8;128;17.9;13.6;8.8;8.2;6.8;5.6;1.4;-0.4;0.16;2.7;2.7;0;573;211;93;75;96423;3.61;0.46;0.37;0.38
2014;5;9;129;19.2;14.2;9.7;12;9.9;6.9;0.8;0.9;0.16;2.8;2.7;0;482;143;89;57;96358;2.3;3.17;0.37;0.38
2014;5;10;130;20.1;15.3;11.1;10.9;8.7;6.5;1.4;-0.3;0.16;2.8;2.7;0;541;189;90;62;96226;3.5;0.15;0.37;0.38
2014;5;11;131;17.1;12.1;7.7;13.3;9.7;5.8;0.7;-0.6;0.17;2.8;2.8;0;413;107;61;38;95665;2.69;34.73;0.37;0.38
2014;5;12;132;15.4;10.6;7.7;7.4;4.8;3;1.9;-0.6;0.17;2.9;2.8;0;611;214;102;70;95995;3.68;3.02;0.39;0.38
2014;5;13;133;10.3;8.5;7.2;6.8;5.7;4.8;0.6;-1.3;0.17;2.9;2.8;0;294;97;74;42;96152;2.38;9.69;0.39;0.38
2014;5;14;134;12.7;9.7;7;6.8;3.1;-1.3;2.1;-6.1;0.17;2.9;2.8;0;599;210;94;73;96409;3.3;0.76;0.39;0.38
2014;5;15;135;9.5;8.1;6.5;5.9;3.8;-0.2;3.5;-7.7;0.17;3;2.8;0;334;118;68;32;96427;4.71;17.34;0.39;0.38
2014;5;16;136;8.8;7.6;6.2;6.4;5.7;4.4;3.3;-5.9;0.17;3;2.8;0;331;81;34;12;96123;4.06;29.86;0.42;0.38
2014;5;17;137;11.7;9.2;6.3;7;6.1;4.4;2.8;-2.7;0.17;3;2.8;0;286;94;55;20;96187;2.06;3.08;0.42;0.38
2014;5;18;138;14.2;10.9;8.2;10.1;8.7;6.7;0.2;1.5;0.17;3;2.8;0;306;91;67;32;96170;1.83;7.34;0.42;0.38
2014;5;19;139;20;14.3;7.4;11.4;9.3;7.1;0.2;2.9;0.17;3;2.8;0;731;238;111;77;96159;3.78;0.04;0.42;0.39
2014;5;20;140;21.2;16;9.2;11.4;9.2;6.6;0.2;2.6;0.17;3;2.8;0;731;256;117;92;96330;4.18;0.03;0.41;0.39
2014;5;21;141;22.1;17.1;10.2;12.7;11.3;9.1;-0.4;2.9;0.17;3;2.8;0;711;248;109;83;96489;4.11;0;0.4;0.39
2014;5;22;142;24.1;19.2;13.5;15.5;12.9;10;-0.4;3.6;0.17;3;2.8;0;722;256;103;84;96144;4.55;0;0.4;0.39
2014;5;23;143;25.5;20;14.1;15;13.3;10.7;0.3;3.4;0.17;3;2.8;0;716;260;99;77;95904;4.88;0.76;0.39;0.39
2014;5;24;144;23.3;18.9;15.7;15.1;13.6;12;0.4;1.1;0.17;3;2.8;0;641;217;91;59;96100;3.95;1.23;0.39;0.39
2014;5;25;145;22.5;18.3;14.2;13.5;12;10.7;0.2;-2.4;0.17;3;2.8;0;696;249;109;75;96566;4.43;0;0.38;0.39
2014;5;26;146;22;17.2;12.9;17.2;14.4;12.3;-0.5;0.1;0.17;3;2.8;0;594;198;77;54;96141;3.65;7.92;0.38;0.39
2014;5;27;147;21.1;16.1;12.3;14.3;12.3;10.2;0.8;0.7;0.17;3;2.8;0;658;218;99;57;95595;3.98;3.48;0.38;0.39
2014;5;28;148;14.2;13;11.1;11.5;9.9;8;1.8;0.3;0.17;3;2.8;0;272;67;45;27;95643;2.14;13.41;0.39;0.39
2014;5;29;149;15.1;12.9;9.9;10.3;9.3;7.8;1.8;-2.7;0.17;3;2.8;0;384;139;72;41;95860;2.46;2.31;0.39;0.39
2014;5;30;150;12.6;10.2;7.4;6.9;4.5;3.1;1.1;-4.6;0.17;3;2.8;0;368;138;77;41;96362;2.94;0.82;0.39;0.39
2014;5;31;151;15.3;11.8;8.6;9.6;7;4.4;0.9;-3.7;0.17;3;2.8;0;563;196;85;66;96452;3.62;5.31;0.39;0.39
2014;6;1;152;17.6;13.7;10.2;8.4;7.2;6.1;1.4;-3.1;0.17;3;2.8;0;608;191;96;62;96394;3.69;0.68;0.39;0.39
2014;6;2;153;17.4;14.1;10.3;9.8;7.4;5.7;0.6;-2.2;0.17;3;2.8;0;577;192;98;64;96398;3.38;0.27;0.39;0.39
2014;6;3;154;16.9;13.5;9.3;11.6;9.6;7.3;0;-0.2;0.17;3;2.8;0;548;190;85;61;96258;3.19;4.91;0.38;0.39
2014;6;4;155;19.5;14.8;7.2;10.8;8.7;6.7;0.2;1.5;0.17;3;2.8;0;632;238;103;79;95954;3.97;0.18;0.38;0.39
2014;6;5;156;18.3;15;10.8;11.4;10.1;8.6;1.2;-1.2;0.17;3;2.8;0;482;160;75;54;96273;2.7;0.12;0.38;0.39
2014;6;6;157;22.3;17.2;9.6;13.4;10.1;7.7;0;-0.5;0.17;3;2.8;0;736;270;118;84;96690;4.43;0.01;0.37;0.39
2014;6;7;158;25.1;20.1;13.1;18;13.6;9.6;-0.1;0.7;0.17;3;2.8;0;696;261;104;74;96681;4.34;0.16;0.37;0.39
2014;6;8;159;27.1;21.8;15.1;16.9;14.7;12.9;0.1;-0.1;0.17;3;2.8;0;725;266;114;80;96897;4.68;0;0.37;0.39
2014;6;9;160;28.7;22.7;15;17.2;14.9;13.4;0.3;1.6;0.17;3;2.8;0;736;274;119;85;96855;4.99;0;0.36;0.39
2014;6;10;161;29.4;23.7;16.7;18.3;14.7;12.9;0.6;1.7;0.17;3;2.8;0;744;272;121;85;96718;5.03;0;0.36;0.39
2014;6;11;162;30.3;24.1;16.4;17.6;15.6;13.8;0.6;-1.1;0.17;3;2.8;0;703;250;113;74;96775;4.76;0.39;0.35;0.39
2014;6;12;163;25.2;21.9;18.7;17.9;16.3;14.8;1.3;-2.6;0.17;3;2.8;0;603;210;82;60;96862;3.87;0.42;0.35;0.39
2014;6;13;164;22.7;19.7;17.1;14.5;11.9;8.3;0.9;-2.1;0.17;3;2.8;0;477;176;75;52;96447;3.58;0.21;0.34;0.39
2014;6;14;165;19.4;16.7;13.3;9;7.7;6.2;0.7;-2.9;0.17;3;2.8;0;571;207;98;73;96232;3.85;0.86;0.34;0.39
2014;6;15;166;19.1;15.6;11.7;9.7;7.7;5.9;-0.2;-2.7;0.17;3;2.8;0;537;219;95;76;96505;3.81;1.14;0.34;0.39
2014;6;16;167;18.8;15.2;11.3;9.7;6.5;5.3;0.1;-2;0.17;3;2.8;0;596;194;97;75;96467;3.26;0.03;0.33;0.39
2014;6;17;168;19.8;15.8;11.4;11.1;7.6;5.3;0.1;-1.3;0.17;3;2.8;0;438;158;78;62;96360;2.75;0.02;0.33;0.38
2014;6;18;169;21.3;16.9;10.9;12.1;7.6;4.9;0.1;-1.5;0.17;3;2.8;0;591;231;98;79;96459;3.73;0.16;0.33;0.38
2014;6;19;170;22.4;17.8;11;9.8;8.2;6.6;1.2;-1.2;0.17;3;2.8;0;623;219;105;75;96164;3.67;0.12;0.32;0.38
2014;6;20;171;17.9;15;12.2;11.2;9;6.8;1.6;-2.5;0.17;3;2.8;0;554;152;77;59;96105;2.91;4.18;0.32;0.38
2014;6;21;172;19.5;15.4;11.2;10.9;7.7;6.3;1.5;-1.8;0.17;3;2.8;0;523;194;83;67;96403;3.21;0.38;0.32;0.38
2014;6;22;173;23.2;17.5;10.6;13;9.8;8.3;0.9;-0.5;0.17;3;2.8;0;569;207;102;71;96555;3.27;0.23;0.32;0.38
2014;6;23;174;23.2;18.6;12.3;14.9;11.3;8.3;0;-0.6;0.17;3;2.8;0;693;244;109;72;96597;3.84;2.34;0.32;0.38
2014;6;24;175;18.9;16.3;13.3;14;10.9;8.4;1;-1.5;0.16;3;2.8;0;377;134;73;44;96282;2.73;2.04;0.32;0.38
2014;6;25;176;19.8;15.8;12.3;12.8;11.4;9.1;0.6;1;0.16;2.9;2.8;0;554;179;76;52;95742;3.44;6.1;0.32;0.38
2014;6;26;177;18.3;14.9;10.8;9.5;6.9;5.9;0.8;-2.4;0.16;2.9;2.8;0;540;185;98;67;96208;3.16;0.04;0.32;0.38
2014;6;27;178;21.3;17.5;13.2;10.7;9.1;8.1;-0.1;1;0.16;2.9;2.8;0;615;197;93;61;96554;3.23;0.16;0.31;0.38
2014;6;28;179;24.6;20.2;14.5;13.7;12.4;9.7;0.4;3.5;0.16;2.9;2.8;0;688;239;100;74;96333;3.92;0.05;0.31;0.38
2014;6;29;180;26.7;20.4;14.5;15.3;13.1;10.6;1.4;1.3;0.16;2.9;2.8;0;631;225;90;71;95722;4.1;3.48;0.31;0.38
2014;6;30;181;16.4;14;12;11.6;10.3;8;2.4;-2.8;0.16;2.9;2.8;0;371;89;83;35;95960;3.23;21.72;0.32;0.38
2014;7;1;182;19.8;16.2;12.1;10.3;8.6;7.3;1;0;0.16;2.9;2.8;0;551;210;96;81;96596;3.61;0.35;0.33;0.38
2014;7;2;183;23.3;17.7;12.3;15.6;12.2;9.5;0.6;0.8;0.16;2.9;2.8;0;675;209;98;60;96661;4;16.52;0.32;0.38
2014;7;3;184;22.4;17.9;13.4;13.3;10.7;8;1.1;-1.2;0.16;2.9;2.8;0;669;229;100;71;97192;4.48;0.81;0.33;0.38
2014;7;4;185;24.4;19.9;13.2;12.7;11;10.2;0.1;3.8;0.16;2.9;2.7;0;742;277;115;85;96647;5.03;0;0.33;0.38
2014;7;5;186;24.6;20.2;16.5;17.8;15;11.2;0.4;0.7;0.16;2.9;2.7;0;670;218;99;69;95957;3.91;7.95;0.33;0.38
2014;7;6;187;25.9;21.4;15.2;16.5;14.8;13;0.3;0.4;0.16;2.8;2.7;0;621;235;94;71;96258;4.33;0.13;0.33;0.38
2014;7;7;188;27.4;23.1;17.2;18.9;16.7;13.8;-0.3;1.3;0.16;2.8;2.7;0;662;244;94;66;96224;4.39;0.75;0.32;0.38
2014;7;8;189;24.9;21.5;15;17.8;15.9;11.3;0.2;2.1;0.16;2.8;2.7;0;625;217;84;58;95540;4.5;9.54;0.32;0.38
2014;7;9;190;18;15.8;13;10.8;9.8;7.7;2;-1.5;0.16;2.8;2.7;0;407;120;85;42;95500;2.93;1.12;0.33;0.38
2014;7;10;191;17.6;14.7;10.8;10.5;8.9;7.4;1.1;-2.3;0.16;2.8;2.7;0;407;144;85;50;95607;3.43;5.21;0.33;0.38
2014;7;11;192;18.7;15.5;12.3;14.1;11.8;9.9;3;-3.7;0.16;2.8;2.7;0;463;133;61;35;95499;3.52;8.23;0.33;0.38
2014;7;12;193;22;18.3;14.7;14.3;12.8;11.4;1.9;-1.8;0.16;2.8;2.7;0;556;197;83;61;95785;3.47;1.02;0.33;0.38
2014;7;13;194;21.5;17.9;12.7;16.1;14.3;11.6;0.4;0.7;0.16;2.8;2.7;0;517;173;81;53;95982;3.29;7.74;0.33;0.38
2014;7;14;195;22.8;18.6;12.4;16.6;14.6;11.7;0.2;-0.7;0.16;2.8;2.7;0;591;193;81;61;96183;3.29;1.11;0.33;0.38
2014;7;15;196;25.3;20.9;15.9;15.4;14.1;12.8;1.2;-2.9;0.16;2.8;2.7;0;707;239;97;68;96607;4.51;0.52;0.33;0.38
2014;7;16;197;26.6;22.2;18;15.2;13.8;12.4;0.8;-2.8;0.16;2.8;2.7;0;714;249;103;72;96739;4.77;0.1;0.33;0.37
2014;7;17;198;26;22;18;15.1;13.6;12.3;1.2;-2.5;0.16;2.8;2.7;0;711;233;96;73;96741;4.48;0.04;0.32;0.37
2014;7;18;199;26.3;22;17.6;16;14.4;13.3;0.6;-2.6;0.16;2.8;2.7;0;645;225;88;68;96671;4.27;0.36;0.32;0.37
2014;7;19;200;26.9;22.6;16.2;16.8;15.7;14.1;-0.1;0.7;0.16;2.7;2.7;0;540;215;90;69;96562;3.82;0.19;0.32;0.37
2014;7;20;201;29.3;24.7;19.4;19.2;17.2;15.6;0;3.4;0.16;2.7;2.7;0;714;236;93;63;96079;4.37;0;0.31;0.37
2014;7;21;202;27.3;22.9;19;20.2;18.5;17;0.4;0.1;0.16;2.7;2.7;0;647;192;79;56;95622;3.75;17.54;0.32;0.37
2014;7;22;203;22;19.1;17.6;18.2;16.9;15.3;0.3;-2.1;0.16;2.7;2.7;0;371;104;46;28;95790;2.28;22.05;0.32;0.37
2014;7;23;204;23.7;19.5;16.4;16.5;14.3;12.6;1;-3.8;0.16;2.7;2.7;0;674;218;88;62;95995;4.5;2.95;0.34;0.37
2014;7;24;205;23.2;19.4;15.8;16.1;13.3;12.3;0.8;-1.8;0.16;2.7;2.7;0;556;201;84;66;95974;3.65;0.19;0.34;0.37
2014;7;25;206;23.8;19.5;15;16.2;15.2;13.4;0.4;0.9;0.16;2.7;2.7;0;518;181;86;56;96182;3.13;1.75;0.34;0.37
2014;7;26;207;24.8;20.7;15.8;17.1;16.1;14.6;-0.2;1.6;0.16;2.7;2.7;0;601;210;80;57;96153;3.88;4.41;0.33;0.37
2014;7;27;208;24.4;19.7;15.8;19.3;17.3;14.9;-0.2;-0.9;0.16;2.7;2.7;0;657;178;75;46;96121;3.55;13.8;0.34;0.37
2014;7;28;209;21.8;18.7;16.6;19;17.2;15.9;-0.5;-0.4;0.16;2.7;2.7;0;354;107;52;25;95960;2.6;18.72;0.35;0.37
2014;7;29;210;23;19.2;15.5;19.7;17.6;15.3;-0.3;1.9;0.16;2.7;2.7;0;412;137;67;37;95671;2.55;5.68;0.36;0.37
2014;7;30;211;23.2;19.8;16.5;20.4;17.9;16.3;-0.5;0.7;0.16;2.7;2.7;0;395;147;56;34;95595;2.95;16.57;0.36;0.37
2014;7;31;212;22.5;19.6;17.6;20.4;18.2;15.7;0.5;-2.2;0.16;2.7;2.7;0;444;122;54;21;95879;2.67;6.91;0.38;0.37
2014;8;1;213;23.5;19.9;17.1;18.5;16.7;14.9;0.8;-2.1;0.16;2.7;2.7;0;462;162;74;42;96029;2.86;0.39;0.37;0.37
2014;8;2;214;26.5;21.5;15.5;18.9;17.2;15;0;2;0.16;2.7;2.7;0;656;222;86;58;95958;4.08;1.08;0.37;0.37
2014;8;3;215;25.6;21.3;17.3;18.8;17.8;16.8;-0.4;1.7;0.16;2.7;2.7;0;593;206;87;59;95993;3.7;6.84;0.37;0.37
2014;8;4;216;22.9;19.8;16.3;18;17.1;14.9;0.6;-1.7;0.16;2.6;2.7;0;563;155;68;40;96254;3.31;8.64;0.37;0.37
2014;8;5;217;22.5;18.8;14.5;16.1;14.5;13;1.7;-2.6;0.16;2.6;2.7;0;564;182;74;52;96331;3.3;0.92;0.38;0.37
2014;8;6;218;21.7;18.9;16.4;14.3;13.5;13.1;1.4;-4;0.16;2.6;2.7;0;562;176;81;55;96301;3.29;0.18;0.37;0.37
2014;8;7;219;23;19.5;15.9;14.4;13.4;12.6;0.8;-2.6;0.16;2.6;2.7;0;565;205;88;69;96260;3.71;0.1;0.37;0.37
2014;8;8;220;24.5;20.4;15.3;15.1;13.3;11.7;0.5;-0.1;0.16;2.6;2.7;0;593;210;95;72;96311;3.82;0.1;0.37;0.37
2014;8;9;221;27.1;21.2;16.8;19.4;17;14;0.6;1.2;0.16;2.6;2.7;0;683;211;92;63;96207;3.69;11.69;0.36;0.37
2014;8;10;222;26;21.8;17.5;18.6;17.9;16.9;0.1;1.5;0.16;2.6;2.7;0;560;187;82;52;96205;3.58;3.75;0.37;0.37
2014;8;11;223;26.2;20.8;16.7;18.6;16.4;14.3;0.8;-1.7;0.16;2.6;2.7;0;615;180;80;48;96116;3.81;4.05;0.37;0.37
2014;8;12;224;18.4;17.2;15.9;15;12.8;10.2;0.6;-1.3;0.16;2.6;2.7;0;193;54;27;17;96352;1.69;2.63;0.37;0.37
2014;8;13;225;23.1;18.6;14.2;18.7;15.3;12.1;0.2;1.9;0.16;2.6;2.7;0;482;118;51;25;95736;2.99;9.93;0.37;0.37
2014;8;14;226;18.3;16.1;13.6;13;10.8;8.6;1;-1.5;0.16;2.6;2.7;0;273;75;68;38;96012;1.88;1.58;0.38;0.37
2014;8;15;227;20;15.6;12.4;13.4;11.1;9.5;0.8;-0.5;0.16;2.6;2.7;0;580;137;92;44;96191;2.77;9.28;0.38;0.37
2014;8;16;228;19.1;15.1;10.7;10.1;8.6;7.6;2.1;-2;0.16;2.6;2.7;0;595;202;97;76;96407;3.52;0.09;0.38;0.37
2014;8;17;229;20.1;16.1;12;10.3;8.9;8.2;1.2;-0.3;0.15;2.6;2.7;0;557;195;98;81;96435;3.33;0.23;0.38;0.37
2014;8;18;230;22.5;17.7;11.7;12.5;11.2;8.8;0.6;2.2;0.15;2.6;2.7;0;683;216;116;82;96011;3.63;0;0.37;0.37
2014;8;19;231;20.8;17.5;13.4;15.3;13.3;11.5;0.2;-0.1;0.15;2.6;2.7;0;449;143;70;53;96093;2.41;0.86;0.37;0.37
2014;8;20;232;17;15.3;13.1;14.1;11.4;9.3;0.4;-1.9;0.15;2.6;2.7;0;304;95;50;33;96341;1.87;0.82;0.37;0.37
2014;8;21;233;18.9;15.1;11.9;11.8;10;8;0.4;-1.6;0.15;2.6;2.7;0;599;145;80;42;96431;3.06;6.52;0.37;0.37
2014;8;22;234;19.6;16.1;11.8;12.7;11.3;9.7;0;2.1;0.15;2.6;2.7;0;487;134;63;48;96418;2.34;0.5;0.37;0.37
2014;8;23;235;19.5;15.8;12.9;15.6;13.8;10.5;0.4;-0.1;0.15;2.5;2.7;0;457;101;74;39;96186;2.06;13.92;0.37;0.37
2014;8;24;236;17.1;14.1;9.5;10;7.5;4.4;2.4;-2.5;0.15;2.5;2.7;0;605;187;109;75;96399;3.46;0.33;0.38;0.37
2014;8;25;237;18.2;13.7;7.5;8.8;7.5;5.7;0.9;2;0.15;2.5;2.7;0;525;178;100;72;96567;2.92;0.52;0.37;0.37
2014;8;26;238;21.2;16.1;11.9;15.2;12.4;8.5;0.7;1.4;0.15;2.5;2.7;0;314;97;68;43;95734;1.73;2.59;0.37;0.37
2014;8;27;239;20;15.2;11.8;14.7;11.1;7.7;1.8;-1.9;0.15;2.5;2.7;0;492;142;92;59;96005;2.34;0.71;0.37;0.37
2014;8;28;240;20;15;9.1;10.6;8.4;7;0.2;0.5;0.15;2.5;2.7;0;604;191;118;84;96710;2.93;0;0.37;0.37
2014;8;29;241;22;17.1;11.5;12.8;11.3;8.5;0.6;2.3;0.15;2.5;2.7;0;619;195;101;73;96640;3.1;0.03;0.37;0.37
2014;8;30;242;20.4;16.7;12.7;16.4;14.5;11.5;0.3;0;0.15;2.5;2.7;0;376;113;62;44;96614;1.9;14.78;0.37;0.37
2014;8;31;243;21;16.8;14.1;16.5;14.8;12.4;0.3;0.2;0.15;2.5;2.7;0;399;112;67;36;96187;2.24;14.06;0.38;0.37
2014;9;1;244;13.6;12.7;11.4;11.8;10.6;9.5;2.5;-4.6;0.15;2.5;2.7;0;64;19;15;7;96003;3;15.44;0.4;0.37
2014;9;2;245;14.1;13.1;12.2;12.2;11;10;2.8;-4.3;0.15;2.5;2.7;0;159;38;16;9;96275;3.04;16.9;0.41;0.37
2014;9;3;246;18.6;15.6;13.2;14.8;13.2;11.8;1.9;-4.3;0.15;2.5;2.7;0;445;123;52;32;96451;2.69;7.14;0.41;0.37
2014;9;4;247;22.3;17.7;13.3;17;14.9;12.4;0.1;-2.2;0.15;2.5;2.7;0;595;165;82;46;96519;2.77;6.58;0.41;0.37
2014;9;5;248;22.7;18.8;14.5;16.4;14.9;12.7;-0.6;-1.1;0.15;2.5;2.7;0;609;180;98;56;96361;2.96;0.7;0.41;0.37
2014;9;6;249;20.2;17.2;13.6;16.7;14.5;12.7;-0.3;0.2;0.15;2.5;2.7;0;457;123;84;46;96233;2;1.57;0.41;0.37
2014;9;7;250;20.6;16.6;12.4;14.9;13.3;11.2;0.2;1;0.15;2.5;2.7;0;489;141;80;55;96310;2.18;0.84;0.4;0.37
2014;9;8;251;22.7;17.7;12.3;15.3;13.8;11.7;0.6;0.8;0.15;2.5;2.7;0;595;171;97;67;96427;2.61;0.22;0.4;0.38
2014;9;9;252;23;17.6;12.4;17.4;15.2;11.7;0.7;-0.3;0.15;2.5;2.7;0;578;151;92;55;96372;2.33;9.99;0.4;0.38
2014;9;10;253;18.6;16.2;13.7;14.3;13;11;0.4;-1.7;0.15;2.5;2.7;0;360;117;71;48;96240;2.15;3.63;0.4;0.38
2014;9;11;254;14.3;13.4;12.3;12.8;11.5;10.1;1.1;-2.5;0.15;2.5;2.7;0;133;33;43;20;95957;1.6;24.57;0.41;0.38
2014;9;12;255;14.4;13.1;12.1;12.2;11.2;10.2;0.8;-1.2;0.15;2.5;2.7;0;128;35;23;16;96073;1.44;15.44;0.42;0.38
2014;9;13;256;16.2;13.4;11.9;13.3;12;10.7;1;-2.7;0.15;2.5;2.7;0;262;56;62;21;96320;1.74;23.42;0.43;0.38
2014;9;14;257;17.7;14.9;12.7;13.6;12.4;11.3;0.7;-2.1;0.15;2.5;2.7;0;396;100;54;29;96354;2.01;6.82;0.43;0.39
2014;9;15;258;18.6;15.1;12.3;15.7;13.9;12.1;0.1;-1.4;0.15;2.5;2.7;0;317;76;50;23;96467;1.66;11.82;0.43;0.39
2014;9;16;259;18.6;14.8;10.8;13.4;12.2;10.7;-0.3;0.7;0.15;2.4;2.7;0;462;129;83;51;96614;2.08;0.57;0.42;0.39
2014;9;17;260;19.1;15;9.9;13.3;11.7;9.3;-0.1;2;0.15;2.4;2.7;0;507;153;92;67;96614;2.26;1.07;0.42;0.39
2014;9;18;261;19;15.3;11.1;11.3;10.2;9.2;-0.3;3.1;0.14;2.4;2.7;0;549;156;97;67;96591;2.44;0;0.41;0.39
2014;9;19;262;21.3;16.3;12.2;14.6;13.1;11.1;0;1.9;0.14;2.4;2.7;0;438;140;91;62;96430;1.96;0;0.41;0.4
2014;9;20;263;22.9;17.3;12;16.8;14.8;11.4;0.7;-0.2;0.14;2.3;2.7;0;504;156;94;56;96287;2.18;6.49;0.41;0.4
2014;9;21;264;22.4;17.3;14;15.9;14.1;12.5;1;-0.3;0.14;2.3;2.7;0;518;138;91;57;96075;2.35;7.6;0.41;0.4
2014;9;22;265;15.6;13;9.1;13.1;7.4;4.2;2.5;-2.8;0.14;2.3;2.7;0;516;140;102;66;95955;2.65;2.2;0.41;0.4
2014;9;23;266;13.1;10;6.6;6.8;5.3;3.6;2.5;-3;0.14;2.3;2.7;0;451;122;85;65;96448;2.02;1.16;0.41;0.4
2014;9;24;267;15.5;10.9;5.6;8;6.7;4.3;0.5;2.6;0.14;2.2;2.7;0;394;106;82;57;96415;1.46;0;0.4;0.4
2014;9;25;268;15.1;11.7;8.3;8.7;7.4;6.5;1.5;-1.3;0.14;2.2;2.7;0;295;75;77;48;96422;1.47;1.43;0.4;0.4
2014;9;26;269;13.5;12.1;10.3;10.3;8.6;6.8;1.8;-2.2;0.14;2.2;2.7;0;106;31;64;27;96896;0.89;2.66;0.4;0.4
2014;9;27;270;16.9;13.6;11.8;12.1;11;10.1;1.5;-2.1;0.14;2.1;2.7;0;283;53;65;26;97366;1.48;2.75;0.4;0.4
2014;9;28;271;18.8;13.7;8;12;10.6;7.9;0.2;1.2;0.14;2.1;2.6;0;456;134;111;71;97552;1.61;0;0.4;0.4
2014;9;29;272;20;14.3;9.6;13.1;11.3;9.3;0.4;1.9;0.14;2.1;2.6;0;528;147;121;83;97354;1.71;0;0.4;0.4
2014;9;30;273;20.1;14.1;8.8;14.3;12;8.7;0.3;-0.4;0.14;2.1;2.6;0;488;130;98;58;97257;1.53;0;0.39;0.4
2014;10;1;274;16.9;14.1;11.1;14.7;13;10.8;0.5;-0.9;0.14;2;2.6;0;233;63;46;32;97247;0.99;5.22;0.39;0.4
2014;10;2;275;16.8;14;11.8;12.4;11;9.7;0.9;-2.9;0.14;2;2.6;0;380;95;81;43;97396;1.67;2.42;0.39;0.4
2014;10;3;276;16.3;12.7;9.6;10.6;9.5;8.4;0.4;-2.3;0.14;2;2.6;0;398;108;80;62;97261;1.36;0.05;0.39;0.4
2014;10;4;277;13.8;11;8;10.2;9.3;7.6;-0.5;0.5;0.14;2;2.6;0;186;51;52;30;96892;0.74;1.17;0.39;0.4
2014;10;5;278;15.3;12.1;8.6;10.3;9.1;7;-0.7;2;0.14;1.9;2.6;0;377;106;90;52;96666;1.44;0.39;0.39;0.4
2014;10;6;279;14.9;11.3;6.5;9.8;7.9;5.9;-0.8;2.3;0.14;1.9;2.6;0;443;109;88;58;96515;1.24;0;0.39;0.4
2014;10;7;280;16.1;12.4;8.6;11.2;9.8;7.7;-0.5;3.7;0.14;1.9;2.6;0;259;64;76;47;96354;0.84;0.13;0.39;0.4
2014;10;8;281;19.9;14.6;9.4;14;11.8;8.8;0.4;2.5;0.14;1.9;2.6;0;387;100;72;58;96325;1.18;0;0.38;0.4
2014;10;9;282;21.9;16.6;12.8;13.8;12.9;12.1;1.1;2.6;0.14;1.8;2.6;0;391;104;93;63;96121;1.41;0;0.38;0.4
2014;10;10;283;20.6;16;11.4;15.4;13.5;10.5;0;0.1;0.14;1.8;2.6;0;440;117;92;58;96420;1.3;0;0.38;0.4
2014;10;11;284;20.9;15.5;10.9;15.1;13.4;10.9;0.5;0;0.14;1.8;2.6;0;376;88;67;40;96246;1.07;2.03;0.38;0.4
2014;10;12;285;20;16.2;13.2;14.5;13.8;12.5;-0.2;0.5;0.14;1.8;2.6;0;412;100;82;49;96351;1.27;0.16;0.38;0.4
2014;10;13;286;22.5;16.5;12.7;15.5;13.8;12.2;0.6;1.6;0.14;1.7;2.6;0;409;96;86;56;95814;1.2;0;0.37;0.4
2014;10;14;287;18.8;15.4;11.7;13.6;12.5;10.9;0.7;0;0.14;1.7;2.6;0;314;83;77;52;95857;1.11;1.46;0.37;0.4
2014;10;15;288;18.5;14;10.7;13.5;11.8;10.2;0.7;0;0.14;1.7;2.6;0;335;78;70;45;95709;1.01;0.19;0.37;0.4
2014;10;16;289;20.3;15.1;11.8;12.6;11.6;9.8;0.9;0.4;0.14;1.7;2.6;0;417;105;100;50;95856;1.44;1.53;0.37;0.4
2014;10;17;290;14.5;12.9;11.3;13.9;11.2;8.2;0.7;-0.8;0.13;1.7;2.6;0;119;20;69;32;96202;0.61;9.78;0.38;0.4
2014;10;18;291;17.1;13;8.3;11.5;10.1;7.3;0.1;0;0.13;1.6;2.6;0;373;89;80;58;97231;0.94;0.11;0.38;0.4
2014;10;19;292;19.7;14.3;10.6;12.4;10.9;9.1;0.9;2.4;0.13;1.6;2.6;0;432;112;109;78;97066;1.28;0;0.38;0.4
2014;10;20;293;21.7;15.8;10.2;15;12.3;8.6;1.1;0.2;0.13;1.6;2.6;0;298;80;78;52;96546;0.92;2.95;0.37;0.4
2014;10;21;294;16.9;14.2;12.6;13.2;12.6;11.8;0.3;0.3;0.13;1.6;2.6;0;255;57;57;27;95823;1.09;25.97;0.39;0.4
2014;10;22;295;12.6;6.9;4.6;12;2.6;0.9;3.8;-4.1;0.13;1.6;2.6;0;295;68;88;50;95341;2.72;12.51;0.4;0.4
2014;10;23;296;8;6.3;4.8;7;4.8;1.2;1.6;-5;0.13;1.6;2.6;0;83;15;32;9;95774;1.57;9.6;0.4;0.4
2014;10;24;297;7.8;6.2;4.8;4;3.3;2.5;1;-4.6;0.13;1.6;2.6;0;152;36;39;18;96615;0.93;1.43;0.41;0.4
2014;10;25;298;8.8;6.2;3.6;5;3.7;2;-0.1;1.2;0.13;1.6;2.6;0;224;47;86;37;97047;0.53;0;0.41;0.4
2014;10;26;299;8.3;5.9;2.4;5.6;4.6;2.1;-0.3;0.3;0.13;1.6;2.6;0;125;31;58;25;97504;0.24;0.16;0.4;0.4
2014;10;27;300;8.8;6.8;4.8;5.3;4.4;3.3;-0.5;1.9;0.13;1.6;2.6;0;156;38;63;31;97604;0.41;0.05;0.4;0.4
2014;10;28;301;9.8;5.8;3.4;3.7;2.7;2.2;-0.3;2.4;0.13;1.5;2.6;0;407;97;113;75;97163;0.79;0;0.4;0.4
2014;10;29;302;9.4;5.7;2.6;2.7;2;1.4;0.1;2.1;0.13;1.5;2.6;0;383;94;103;63;96780;0.77;0.03;0.4;0.4
2014;10;30;303;9.9;7.3;5.5;6.1;4.9;2.8;0.1;0;0.13;1.5;2.6;0;176;38;36;21;97166;0.34;0.19;0.4;0.4
2014;10;31;304;11.4;8.1;6.1;7.5;6.5;5.4;0.4;-0.6;0.12;1.5;2.6;0;178;39;73;29;97394;0.33;0.01;0.39;0.4
2014;11;1;305;14;8.7;4.9;9.3;7;4.6;0.3;1;0.12;1.5;2.6;0;364;82;98;57;97217;0.58;0;0.39;0.4
2014;11;2;306;14.8;8.5;4.1;9.3;6.7;3.7;0.2;2;0.12;1.5;2.6;0;344;77;99;64;96835;0.55;0;0.39;0.4
2014;11;3;307;11.2;8.1;5.5;7.3;6.2;5.2;0.4;3.4;0.12;1.5;2.6;0;226;52;85;52;96152;0.43;0;0.39;0.4
2014;11;4;308;15.6;11.8;8.4;8.6;7;5.8;2;6.1;0.12;1.5;2.6;0;368;85;100;81;95376;1.01;0;0.39;0.4
2014;11;5;309;16.1;13.2;10.2;9.7;8.4;6.8;0.4;5.2;0.12;1.5;2.6;0;302;71;80;70;95339;0.9;0;0.39;0.4
2014;11;6;310;15.7;12.8;10.7;13.1;11.1;8.8;-0.5;2.2;0.12;1.4;2.6;0;186;36;52;31;95843;0.44;1.85;0.38;0.4
2014;11;7;311;15.4;12.8;10.3;13.2;11.8;10.2;0.3;2;0.12;1.4;2.6;0;230;41;34;22;95815;0.7;11.01;0.39;0.4
2014;11;8;312;12.2;8.9;6.3;11.5;7.2;5.7;0.6;-1.7;0.12;1.4;2.6;0;47;12;47;15;96268;1.11;14.62;0.4;0.4
2014;11;9;313;14;9.2;4.8;9;7.5;4.4;0.2;2.7;0.12;1.4;2.6;0;340;77;96;58;96097;0.68;0;0.4;0.4
2014;11;10;314;15.5;11.8;9.1;10.3;9.4;8.5;0.7;3.8;0.12;1.4;2.6;0;296;60;81;52;96188;0.59;0;0.4;0.4
2014;11;11;315;16;12.5;10.4;11.3;10.5;9.6;0.3;3.6;0.12;1.4;2.6;0;306;68;85;57;96109;0.56;0;0.4;0.4
2014;11;12;316;14.3;11.6;9.8;10.6;9.9;8.8;-0.7;2.8;0.12;1.4;2.6;0;262;57;72;43;95646;0.45;0.92;0.4;0.4
2014;11;13;317;11.1;9.6;7.7;9.6;8.1;7.3;-0.5;-1.1;0.12;1.4;2.6;0;130;28;20;14;95967;0.52;0.49;0.4;0.4
2014;11;14;318;12.9;10.8;9.6;9.4;8.9;8.4;-0.3;2.4;0.12;1.4;2.6;0;195;38;37;19;96228;0.45;0.24;0.4;0.4
2014;11;15;319;11.3;10.2;9.2;9;8.7;8.4;-0.8;4.5;0.11;1.3;2.6;0;97;23;50;20;95734;0.34;0.19;0.39;0.4
2014;11;16;320;13.4;9.9;7.4;9;8.1;7.3;-0.5;2.9;0.11;1.3;2.6;0;190;39;65;33;95375;0.6;1.2;0.39;0.4
2014;11;17;321;8.2;7.6;7;7.9;7.3;6.8;-1.2;1.7;0.11;1.4;2.6;0;93;18;17;5;95630;0.47;1.77;0.39;0.4
2014;11;18;322;10.7;7.2;4.3;7.1;5.9;3.3;-0.6;1.1;0.11;1.4;2.6;0;163;26;70;27;95451;0.67;14.72;0.41;0.4
2014;11;19;323;10.1;6;2.6;5.6;3.8;2;1.1;-0.9;0.11;1.4;2.6;0;293;63;98;51;96338;0.86;2.6;0.41;0.4
2014;11;20;324;7.9;5.7;3.4;3.9;3.3;2.6;0.8;-2.4;0.11;1.4;2.6;0;206;42;60;45;97141;0.5;0.18;0.4;0.4
2014;11;21;325;6.6;5;3.4;3.5;2.7;2.1;-0.4;-0.6;0.11;1.4;2.6;0;153;34;41;24;97175;0.27;0.06;0.4;0.4
2014;11;22;326;7.5;5.6;4.1;4.2;3.6;2.8;-0.4;1.4;0.11;1.4;2.6;0;147;31;46;27;97170;0.21;0.04;0.4;0.4
2014;11;23;327;6.5;4.5;3.3;3.5;2.8;2.2;-0.5;2.5;0.11;1.4;2.6;0;174;36;60;38;97395;0.24;0.01;0.4;0.4
2014;11;24;328;6.2;4.2;3.3;3.3;2.7;2.1;-0.4;2.6;0.11;1.4;2.6;0;164;31;40;21;97192;0.37;1.5;0.4;0.4
2014;11;25;329;4;3.4;2.4;2.5;2.1;1.7;-0.8;0.1;0.11;1.4;2.6;0;62;12;22;11;97252;0.42;0.87;0.4;0.4
2014;11;26;330;2.9;2;1;1.4;0.1;-1;-1;2.6;0.11;1.4;2.6;0.03;138;27;47;22;96906;0.5;0.72;0.4;0.4
2014;11;27;331;1.4;0.9;0.3;0;-1.4;-2.1;-1.1;3.4;0.11;1.4;2.6;0.05;94;23;48;17;96362;0.4;0.2;0.4;0.4
2014;11;28;332;2.5;1.3;0.5;1.1;-0.2;-1.5;-1.3;1.5;0.11;1.4;2.6;0.05;81;17;22;10;96353;0.2;0.27;0.39;0.4
2014;11;29;333;2.1;1.6;1;1.9;1.4;0.7;-1.1;0.4;0.11;1.4;2.6;0.05;54;10;6;4;96523;0.29;1.58;0.39;0.4
2014;11;30;334;2.8;2.1;1.6;2.6;2;1.4;-1.3;1.3;0.11;1.4;2.6;0.04;46;9;5;3;96314;0.31;1.91;0.39;0.4
2014;12;1;335;1.6;1.2;0.6;1.5;1.1;0.6;-1.4;0.5;0.12;1.4;2.6;0.62;14;3;6;3;95914;0.25;12.42;0.4;0.4
2014;12;2;336;1.3;0.7;0;1.2;0.2;-0.7;-1.3;0.5;0.14;1.4;2.6;1.76;31;5;12;5;95903;0.28;2.42;0.4;0.4
2014;12;3;337;3.2;2.5;1.4;2.8;2.1;1.3;-1.1;1.2;0.14;1.4;2.6;1.8;47;9;7;4;96513;0.21;1.72;0.4;0.4
2014;12;4;338;4.4;3.7;3;3.2;2.8;2.5;-0.7;2.1;0.13;1.4;2.6;1.24;98;16;16;7;96628;0.27;0.13;0.4;0.4
2014;12;5;339;5.4;4.2;3.4;3.8;3.3;2.5;-0.6;1.6;0.12;1.4;2.6;0.65;99;18;18;10;96504;0.11;0.33;0.4;0.4
2014;12;6;340;4.7;4.2;3.6;4.4;3.9;2.9;0.1;-1.4;0.12;1.4;2.6;0.45;49;7;5;3;96504;0.26;9.56;0.4;0.4
2014;12;7;341;3.6;3.3;3;2.7;2.3;1.8;1.6;-3;0.13;1.4;2.6;1.06;38;8;8;4;96397;0.93;14.66;0.42;0.4
2014;12;8;342;5.5;3.1;0.7;1.8;0.2;-1;1.2;-2.9;0.13;1.4;2.6;1.12;229;36;71;43;96396;0.69;0.75;0.42;0.4
2014;12;9;343;2.3;0.5;-0.7;-1.1;-3.2;-4.8;1.2;-4.2;0.13;1.4;2.6;1.01;246;48;95;70;96916;0.39;0;0.42;0.4
2014;12;10;344;3.4;0;-1.5;-3;-4.4;-5.4;1;-1.6;0.12;1.4;2.6;0.92;264;56;107;73;96925;0.35;0.08;0.41;0.4
2014;12;11;345;5.6;2.1;-0.3;-0.1;-1.8;-3.8;1.2;1.2;0.13;1.4;2.6;1.07;166;30;74;36;96407;0.21;0.16;0.41;0.4
2014;12;12;346;7.6;2.7;-0.9;-0.5;-2.7;-4.1;1.5;2.5;0.12;1.4;2.6;0.92;254;54;105;79;96185;0.47;0;0.41;0.4
2014;12;13;347;7.9;2.4;-0.9;2;-1.9;-5.4;1;0.8;0.12;1.4;2.6;0.75;259;53;102;67;96148;0.26;0;0.41;0.41
2014;12;14;348;5.3;1.4;-0.8;2.8;-0.1;-2.4;0.5;0.4;0.12;1.4;2.6;0.61;159;36;79;42;96540;0.12;0;0.4;0.41
2014;12;15;349;4.5;0.9;-1.4;2.6;0;-1.9;0.8;0.2;0.12;1.4;2.6;0.49;152;30;48;36;96520;0.11;0;0.4;0.41
2014;12;16;350;4.4;1.5;-1;3.1;0.7;-1.9;0.6;0.3;0.12;1.4;2.6;0.42;105;22;48;21;96012;0.07;2.22;0.4;0.41
2014;12;17;351;6.9;4;2.4;3.1;2.1;0.2;0.9;0;0.12;1.4;2.6;0.32;229;44;82;39;95967;0.44;0.71;0.4;0.41
2014;12;18;352;6.8;5.1;3;4.6;3.5;1.8;1.3;1;0.11;1.4;2.6;0.22;61;12;27;9;96340;0.25;0.87;0.4;0.41
2014;12;19;353;11.9;7;3.6;8.4;5.4;2.4;1;0.6;0.11;1.4;2.6;0.1;251;51;95;49;96411;0.26;0.88;0.4;0.41
2014;12;20;354;9;6.9;4.8;4.2;1.3;-2.8;2.5;-1.2;0.11;1.3;2.6;0.04;242;48;93;58;96612;0.68;0.32;0.4;0.41
2014;12;21;355;5.4;3.3;0.1;-1.5;-2.2;-3;3.2;-2;0.11;1.3;2.6;0.05;258;53;103;81;97227;0.51;0.06;0.4;0.41
2014;12;22;356;10;3.8;-0.8;1;-1.9;-3.5;1.5;0.7;0.11;1.3;2.6;0.05;197;41;75;50;96857;0.28;0.04;0.4;0.41
2014;12;23;357;10.9;3.9;0.1;4;-0.6;-3.8;1.5;0.5;0.11;1.3;2.6;0.05;227;46;97;60;96770;0.19;0;0.39;0.41
2014;12;24;358;10.2;2.5;-1.3;4.2;-0.9;-5.2;1.1;0.7;0.11;1.3;2.6;0.04;261;55;112;71;96671;0.15;0;0.39;0.41
2014;12;25;359;8.4;3.2;-1.1;3.2;-2;-5;2.1;-1;0.11;1.3;2.6;0.04;207;39;77;50;96709;0.3;0.02;0.39;0.41
2014;12;26;360;2;0.3;-1.9;-3.3;-4.6;-6.1;1.6;-2.7;0.11;1.3;2.6;0.14;251;50;101;77;96874;0.35;0.58;0.39;0.41
2014;12;27;361;-1.4;-2.5;-4.2;-4;-5;-6.2;-0.6;1.7;0.12;1.3;2.6;1.02;211;38;82;46;95825;0.09;2.05;0.39;0.41
2014;12;28;362;-2.7;-4.7;-7.8;-4.1;-7.3;-11.9;-0.2;-3.2;0.21;1.3;2.6;5.71;88;18;69;30;95736;0.17;4.8;0.39;0.41
2014;12;29;363;-4.6;-6.7;-8.1;-8.9;-10.6;-12.4;2.2;-3.6;0.24;1.3;2.6;7.57;164;32;86;61;96981;0.21;1.12;0.39;0.41
2014;12;30;364;-5.1;-8.5;-14.2;-9.3;-11.5;-16.1;1.6;-3.1;0.25;1.3;2.6;8.13;206;42;95;76;97585;0.11;0.24;0.38;0.41
2014;12;31;365;-6.1;-12;-19.3;-10.3;-14.8;-21.5;1.3;0.5;0.25;1.3;2.6;8.18;225;48;98;59;97919;0.11;0.12;0.38;0.41
2015;1;1;1;1.7;-1.8;-7.8;-0.6;-3.7;-9.7;1.3;-0.3;0.25;1.3;2.6;8.23;70;11;52;12;97935;0.05;0.3;0.38;0.41
2015;1;2;2;7.6;2.1;-3.4;3.4;0;-4.6;1.3;0.3;0.23;1.3;2.6;7.23;220;45;88;40;97422;-0.01;0.93;0.38;0.41
2015;1;3;3;4.8;1.8;-0.7;0.1;-1.8;-3.9;1.3;0;0.21;1.3;2.6;5.91;199;33;88;38;97035;0.3;5.44;0.38;0.41
2015;1;4;4;2.1;0.8;-0.6;0.1;-2.3;-3.5;3.3;-3.9;0.29;1.2;2.6;10.69;210;44;93;60;96633;0.83;6.53;0.39;0.4
2015;1;5;5;1.6;0.2;-1.3;-1.8;-3.1;-4.9;3;-3.6;0.33;1.2;2.6;13.9;93;20;82;38;97146;0.62;6.46;0.39;0.4
2015;1;6;6;0.5;-1.4;-5;-1.9;-3.9;-6.8;0.6;-2.6;0.36;1.2;2.6;18.31;183;39;99;64;97281;0.32;0.44;0.38;0.4
2015;1;7;7;-1.2;-3.6;-8.7;-3.6;-5.9;-10.6;0;2;0.36;1.2;2.5;18.29;91;18;36;19;97589;0.22;0.43;0.38;0.4
2015;1;8;8;1;-1.7;-4.4;-1.7;-3.4;-5.6;0.4;1.6;0.36;1.2;2.5;18.4;106;22;52;24;97574;0.2;0.03;0.38;0.4
2015;1;9;9;5.9;2.7;-0.4;3.3;-0.2;-2.5;2;0.9;0.34;1.2;2.5;16.77;149;24;60;31;96897;0.02;3.18;0.38;0.4
2015;1;10;10;13.8;8.9;5.8;7.3;4.8;1.9;3.5;-0.8;0.22;1.2;2.5;7.42;238;39;89;37;95829;0.18;5.12;0.4;0.4
2015;1;11;11;8.4;4.3;1.2;5.2;0;-5.3;2.5;-2.2;0.16;1.2;2.5;3.43;73;13;81;38;96053;0.65;5.85;0.41;0.4
2015;1;12;12;6.6;2.8;-0.4;-1.3;-2.7;-5.2;2.7;-0.2;0.15;1.2;2.5;3.26;245;48;86;64;96901;0.64;0.71;0.41;0.4
2015;1;13;13;9.2;1.6;-2.1;1.1;-2.6;-6;1.1;1.1;0.15;1.2;2.5;2.79;286;63;120;75;96620;0.28;0;0.4;0.4
2015;1;14;14;5.1;1.3;-2.2;0;-3.6;-7.8;0.9;-0.1;0.14;1.2;2.5;2.38;234;54;91;53;96253;0.17;1.03;0.4;0.4
2015;1;15;15;6.2;1.8;-3.7;2.7;-0.6;-5.3;0.8;2.1;0.14;1.2;2.5;2.02;239;53;76;60;96376;0.24;0;0.4;0.4
2015;1;16;16;9;4.9;0.3;3.7;1.9;-0.9;1.4;2.9;0.13;1.2;2.5;1.37;266;57;97;70;95821;0.25;0;0.4;0.4
2015;1;17;17;10.1;6.9;3.1;6.1;3.8;1.8;0.9;1.4;0.12;1.2;2.5;0.53;184;36;57;37;95905;0.48;2.28;0.4;0.4
2015;1;18;18;4.1;2.8;1.4;1.7;1.1;0.7;-0.2;-1;0.11;1.2;2.5;0.36;121;25;47;21;96384;0.4;0.37;0.4;0.4
2015;1;19;19;4;2.1;0.6;1.4;0.9;0.2;-0.2;0.9;0.11;1.2;2.5;0.38;92;17;57;16;96020;0.23;0.5;0.4;0.4
2015;1;20;20;4.9;2.4;0.8;1.9;0.7;-0.3;0;2.1;0.11;1.2;2.5;0.31;151;33;61;26;95800;0.29;0.11;0.4;0.4
2015;1;21;21;3.8;1.9;-1.2;2.8;0.8;-1.8;-0.1;0.8;0.11;1.2;2.5;0.25;142;26;45;19;96031;0.14;0.22;0.4;0.4
2015;1;22;22;5.5;4.1;2.9;4.4;3.4;2.4;-0.5;2.1;0.11;1.1;2.5;0.18;93;19;9;5;96008;0.15;0.07;0.4;0.4
2015;1;23;23;4.3;3.4;0.9;3.9;1.8;-1.5;1;-3.8;0.11;1.1;2.5;0.17;117;23;31;13;96122;0.68;1.46;0.4;0.4
2015;1;24;24;1.1;0.3;-0.5;-2.2;-3.3;-4.3;1.9;-5.6;0.14;1.1;2.5;2.25;102;24;36;23;96053;0.47;4.74;0.4;0.4
2015;1;25;25;1.3;0;-1;-2.2;-4.4;-5.8;2;-5.7;0.2;1.1;2.5;6.08;120;28;70;32;96516;0.58;2.29;0.39;0.4
2015;1;26;26;2;-0.7;-4;-3.9;-5.1;-6.3;0.7;-2.1;0.21;1.1;2.5;6.56;235;52;88;55;96919;0.51;0.03;0.39;0.4
2015;1;27;27;3.3;-1;-5.1;-1.6;-4;-7.6;1.5;-0.7;0.23;1.1;2.5;7.67;220;39;76;47;96230;0.34;2.67;0.39;0.4
2015;1;28;28;2.5;-1;-4.8;-3;-4.4;-6.5;1.3;-0.5;0.24;1.1;2.5;8.03;259;54;86;66;96119;0.43;0;0.39;0.4
2015;1;29;29;0.3;-1;-2.4;-0.9;-2.7;-5;0.5;2.4;0.28;1.1;2.5;10.19;41;10;78;29;94507;0.09;4.82;0.39;0.4
2015;1;30;30;1.2;-0.1;-1.7;0;-2.5;-6.1;1.2;-0.1;0.37;1.1;2.5;18.43;82;12;45;24;92614;0.47;12.42;0.39;0.4
2015;1;31;31;1.8;-4.7;-11.2;-3.2;-7.9;-13.5;1.2;0.9;0.4;1.1;2.5;22.64;248;56;103;69;93297;0.28;0.01;0.39;0.4
2015;2;1;32;1.4;-4.7;-12.5;-1.7;-6.9;-14.5;0.9;-0.7;0.39;1.1;2.5;22.73;175;40;72;32;93930;0.22;2.1;0.39;0.4
2015;2;2;33;1.9;-3.7;-11.4;-3.2;-7;-13.2;1.6;-0.3;0.39;1.1;2.5;22.92;211;49;75;54;94560;0.28;1.34;0.39;0.4
2015;2;3;34;1.7;-4.4;-12.1;-2;-6.8;-14.2;0.5;1.2;0.38;1.1;2.5;22.19;261;58;106;46;95103;0.29;0.33;0.39;0.4
2015;2;4;35;0.8;-3.9;-8.7;-3;-6.1;-10.3;0.9;-2;0.38;1.1;2.5;21.61;138;34;83;40;95545;0.36;0.21;0.39;0.4
2015;2;5;36;-0.8;-4.6;-8.3;-3.1;-6.3;-10;0.1;-2.1;0.37;1.1;2.5;21.39;164;39;58;39;96292;0.22;0.09;0.39;0.4
2015;2;6;37;-0.8;-3.8;-5.7;-6.4;-7.2;-8.4;0.6;-4.2;0.37;1.1;2.5;21.15;194;45;70;51;96462;0.63;0.09;0.39;0.4
2015;2;7;38;-0.1;-4.8;-10.8;-6.4;-9.1;-14.2;1.3;-2.4;0.37;1.1;2.5;20.64;285;67;106;66;96831;0.65;0.01;0.38;0.4
2015;2;8;39;-0.4;-3.7;-10.4;-4.5;-9.2;-14.1;2.5;-4.3;0.37;1.1;2.5;20.87;211;49;92;51;96056;1.01;1.71;0.38;0.4
2015;2;9;40;1.4;-1.7;-5.2;-1.9;-5.6;-10;3.3;-3.7;0.38;1.1;2.5;24.31;84;19;68;30;96456;0.67;7.95;0.38;0.4
2015;2;10;41;3.4;2.3;1.3;-0.1;-0.7;-1.8;2.5;-4.1;0.38;1.1;2.5;27;148;33;53;31;96970;0.46;0.95;0.38;0.4
2015;2;11;42;4.3;1.7;0;0.7;-0.2;-1.3;0.1;-1.7;0.37;1.1;2.5;22.61;212;47;67;34;97268;0.2;0;0.39;0.4
2015;2;12;43;3.9;1.3;-0.8;-0.3;-0.9;-2;0;2.7;0.34;1.1;2.5;19.26;260;57;68;38;97232;0.44;0.01;0.39;0.4
2015;2;13;44;4.4;0.5;-2;-1.4;-2.3;-3.3;0;3.1;0.31;1.1;2.5;16.44;327;80;106;77;96903;0.48;0;0.39;0.4
2015;2;14;45;5.8;1.3;-3.1;1;-1.1;-4.1;-0.1;3;0.28;1.1;2.5;13.58;335;78;92;62;96246;0.27;0;0.39;0.4
2015;2;15;46;7.9;2.5;-1.3;1.9;0.3;-1.9;-0.7;2.2;0.23;1.1;2.5;10.04;341;86;98;68;96314;0.3;0;0.39;0.4
2015;2;16;47;7;1.6;-2.9;1.1;-1;-3.3;-0.4;1.5;0.2;1.1;2.5;7.28;390;99;111;74;96970;0.43;0;0.4;0.4
2015;2;17;48;4.4;0.5;-2.6;-1.1;-2;-3.3;-0.9;2.1;0.18;1.1;2.5;5.85;344;77;88;46;97840;0.43;0.01;0.4;0.4
2015;2;18;49;2.1;0.4;-1.1;-0.7;-1.7;-2.6;-0.2;0;0.18;1.1;2.5;5.32;128;30;34;19;98408;0.16;0.23;0.39;0.4
2015;2;19;50;6.7;1.5;-2.1;0.5;-1.6;-3.8;0.2;0.6;0.17;1.1;2.5;4.6;376;94;98;64;97700;0.43;0;0.39;0.4
2015;2;20;51;9.1;2.2;-3.2;1.5;-2.4;-5.9;0.3;1.5;0.16;1.1;2.5;3.42;436;114;124;83;96691;0.52;0;0.39;0.4
2015;2;21;52;9.5;4.1;0.1;-0.1;-2.2;-4.5;1.7;4;0.15;1.1;2.5;2.48;438;115;108;86;95175;0.89;0;0.39;0.4
2015;2;22;53;7.3;3.4;0.7;3.4;1.4;-0.5;0.4;-0.7;0.14;1.1;2.5;1.91;252;54;79;37;95316;0.57;7.39;0.39;0.4
2015;2;23;54;7.3;4.2;2.1;3.4;2.3;0.9;0.6;1.1;0.14;1.1;2.5;1.76;309;51;54;21;95203;0.45;0.02;0.4;0.4
2015;2;24;55;4.5;3.4;1.9;3.3;2.5;1.3;0.7;-2.4;0.13;1.1;2.5;1.17;102;25;27;13;95360;0.77;10.13;0.4;0.4
2015;2;25;56;5.4;3.1;1.3;1.1;-0.4;-1.6;1.9;-5.2;0.14;1.1;2.5;1.65;287;71;62;35;96109;1.74;5.69;0.41;0.4
2015;2;26;57;5.7;3.1;-0.4;-0.4;-0.9;-1.7;1.4;-3.6;0.14;1.2;2.5;1.52;296;82;69;53;96486;0.72;0.23;0.41;0.4
2015;2;27;58;7.9;2.7;-2.2;1.2;-0.4;-3.3;0.1;1.7;0.13;1.2;2.5;1.15;389;102;88;59;96046;0.61;0;0.4;0.4
2015;2;28;59;7.3;3.2;-1.1;0;-0.8;-2.2;1;-1.8;0.13;1.2;2.5;0.82;391;92;81;50;96463;0.71;0.14;0.4;0.4
2015;3;1;60;9;3.8;-1.5;1.9;0.1;-2.6;1.1;1.8;0.13;1.2;2.5;0.58;386;95;80;50;96003;0.65;0.39;0.4;0.4
2015;3;2;61;11.2;5.3;1.1;5.1;1.2;-3.7;1.8;0.6;0.13;1.2;2.5;0.34;347;71;88;52;95477;1.05;2.54;0.4;0.4
2015;3;3;62;7.4;3.2;-0.8;-3.1;-5.2;-6.9;2.7;-0.9;0.13;1.2;2.5;0.23;499;137;118;92;96751;1.19;0.19;0.4;0.4
2015;3;4;63;7.4;3.2;-0.4;-0.3;-3.7;-6.6;1.3;-1.2;0.13;1.2;2.5;0.19;415;92;91;57;96912;0.75;0.1;0.4;0.4
2015;3;5;64;5.5;2.6;0.5;-2.5;-4.1;-5.3;0.6;-4.3;0.13;1.2;2.5;0.19;427;123;98;72;97377;1.02;0.32;0.4;0.4
2015;3;6;65;4.8;1.6;-1;-2.8;-4.7;-6.2;0.5;-3.9;0.13;1.2;2.5;0.35;460;124;101;83;97889;0.99;0.54;0.39;0.4
2015;3;7;66;7.3;2.9;-1.2;0.3;-1.7;-4.4;0;-1.5;0.13;1.2;2.5;0.35;426;116;91;62;98000;0.76;0.08;0.39;0.4
2015;3;8;67;8.4;2.5;-2.7;-1.2;-3.6;-4.8;0.3;1.8;0.13;1.2;2.5;0.23;533;151;127;91;97684;0.98;0;0.39;0.4
2015;3;9;68;9.1;3.9;-0.2;-1.5;-3.6;-5.6;0.7;2.7;0.13;1.2;2.5;0.19;533;148;114;86;97392;1.14;0;0.39;0.4
2015;3;10;69;11.8;4.8;-1.2;4.2;-0.3;-4.5;0.6;0.4;0.13;1.3;2.5;0.11;536;151;128;83;97117;1.05;0;0.39;0.4
2015;3;11;70;7;3.2;1;4.4;0;-3.6;1.8;-3.6;0.13;1.3;2.5;0.18;226;47;58;35;96813;1.07;5.63;0.39;0.4
2015;3;12;71;6.2;3.1;0.9;-2.2;-3;-4;1.5;-5.6;0.13;1.3;2.5;0.52;433;118;77;57;97027;1.03;0.25;0.39;0.4
2015;3;13;72;5.4;2.9;0.9;-0.1;-0.9;-2.6;1.3;-4;0.13;1.3;2.6;0.46;263;77;63;43;96714;0.62;0.24;0.39;0.4
2015;3;14;73;6;2.9;0.8;0.7;-0.3;-1;0.3;-1.5;0.13;1.3;2.6;0.4;277;70;57;31;96883;0.61;1.04;0.39;0.4
2015;3;15;74;8;3.7;-0.3;2.9;1.4;-0.6;-1;2;0.13;1.3;2.6;0.41;412;100;76;47;97503;1.16;2.41;0.39;0.4
2015;3;16;75;9.6;5.9;1.8;3.7;2.6;1.7;-1.2;2.2;0.13;1.3;2.6;0.24;359;102;70;40;97751;0.89;0.07;0.38;0.4
2015;3;17;76;10.9;5.8;1.2;3.1;1.8;-0.3;-0.5;1.6;0.13;1.3;2.6;0.1;569;164;122;84;97693;1.14;0;0.38;0.4
2015;3;18;77;9.7;4.6;-0.1;1.2;-0.7;-2.4;-0.7;-0.2;0.13;1.4;2.6;0.04;578;169;127;86;97260;1.23;0;0.38;0.4
2015;3;19;78;8.7;3.3;-1.7;0.2;-1.7;-4;0.3;-1.2;0.13;1.4;2.6;0.02;583;173;125;88;97115;1.19;0;0.38;0.4
2015;3;20;79;10.1;4;-2.1;-0.1;-1.8;-4;0.4;0.8;0.13;1.4;2.6;0;590;177;133;91;96986;1.31;0;0.38;0.4
2015;3;21;80;13;6.7;-0.6;3.6;0.7;-2.6;0.4;0.7;0.13;1.4;2.6;0;599;177;134;85;96206;1.42;0;0.37;0.4
2015;3;22;81;8.8;5.3;0.5;2.1;0.4;-3.1;0.6;-3.6;0.13;1.4;2.6;0;456;148;101;69;96490;1.14;0.01;0.37;0.4
2015;3;23;82;10.3;4.5;-1.4;1.7;-0.6;-3.6;0;1.2;0.13;1.5;2.6;0;595;165;125;79;96498;1.22;0;0.37;0.4
2015;3;24;83;13.8;7.9;1.8;3.4;2;0;0.3;3.2;0.13;1.5;2.6;0;588;178;118;87;95889;1.58;0;0.37;0.4
2015;3;25;84;14.1;8.8;3.1;8.4;5.1;1.4;-1.1;2.4;0.13;1.5;2.6;0;480;120;77;53;95552;1.46;3.53;0.37;0.4
2015;3;26;85;14.8;10.1;6.3;8.6;7.4;6.1;0.2;1.8;0.14;1.5;2.6;0;433;115;75;43;95447;1.33;1.2;0.37;0.4
2015;3;27;86;8.6;6.7;5.1;6;2.3;-0.9;2.4;-4.5;0.14;1.5;2.6;0;244;63;59;27;95899;1.97;4.02;0.37;0.4
2015;3;28;87;9.1;5.9;1.9;-0.5;-1.7;-2.6;1.9;-4.8;0.14;1.6;2.6;0;409;136;91;73;96395;1.43;0.02;0.37;0.4
2015;3;29;88;12.8;6.8;-0.6;6.8;2.8;-3;0.9;0.8;0.14;1.6;2.6;0;445;87;75;34;95684;1.04;1.33;0.37;0.4
2015;3;30;89;11.1;7.3;4.1;7.5;2.7;-3.1;1.9;-1.2;0.14;1.6;2.6;0;387;94;106;53;95012;1.59;5.49;0.37;0.4
2015;3;31;90;13.7;7.3;1.9;5.8;1;-4.4;2.8;0.8;0.14;1.6;2.6;0.09;405;89;93;54;95221;1.63;2.22;0.37;0.4
2015;4;1;91;6.4;4.7;2.5;-1.9;-3.3;-4.5;4.8;-2.8;0.14;1.6;2.6;0.14;558;175;102;88;95829;1.75;0.68;0.37;0.4
2015;4;2;92;7.5;3.6;0.8;2.3;-2.4;-4.6;3.5;-0.5;0.14;1.7;2.6;0.46;311;93;89;64;95862;1.82;5.71;0.37;0.4
2015;4;3;93;7.5;3;-1.3;-2.7;-4.9;-6.7;2.9;-2.8;0.15;1.7;2.6;0.72;653;200;130;94;96402;1.76;0.09;0.37;0.4
2015;4;4;94;7;3;-2.3;-0.3;-2.7;-5.6;0.3;-0.4;0.15;1.7;2.6;0.61;436;127;84;54;96018;1.37;1.63;0.37;0.4
2015;4;5;95;6.3;2.6;-1.1;-2.6;-4.3;-5.6;0;-3.6;0.15;1.7;2.6;0.65;623;195;111;89;96367;1.89;0.85;0.37;0.4
2015;4;6;96;6.1;2.2;-0.8;-1.4;-3.4;-5.7;0.9;-4.2;0.15;1.7;2.6;0.58;600;189;107;86;96772;1.9;1.9;0.37;0.4
2015;4;7;97;7.3;3.6;-0.4;-3.3;-4;-5;1.3;-5.1;0.15;1.8;2.6;0.64;420;138;91;67;97491;1.51;0.34;0.36;0.4
2015;4;8;98;8;5.9;3.8;4.9;1.2;-5;1.8;-3.9;0.15;1.8;2.6;0.46;230;77;76;39;97405;1.62;2.85;0.36;0.4
2015;4;9;99;12.6;7.9;3.7;3.9;3;2.4;-0.1;-0.7;0.15;1.8;2.6;0.18;579;180;122;75;97613;1.77;0;0.36;0.4
2015;4;10;100;17;10.7;4.2;7.2;4.7;2.2;0.3;2.4;0.15;1.8;2.6;0.04;655;204;120;87;97131;2.23;0;0.36;0.4
2015;4;11;101;17.4;11.3;4.4;10.7;6.6;3.4;0.6;-0.5;0.15;1.8;2.6;0;643;188;112;73;96878;2.22;3.64;0.36;0.4
2015;4;12;102;16;12.3;7.4;7.8;5.4;3.7;1.2;-2.1;0.15;1.9;2.6;0;530;157;98;71;97523;2.2;0.03;0.36;0.4
2015;4;13;103;17.9;12.2;6.3;7.9;5.2;4;1.9;-1.5;0.15;1.9;2.6;0;581;194;115;73;97298;2.49;0.22;0.36;0.4
2015;4;14;104;15;9.9;5.5;4.1;1.2;-0.7;1.1;-1.7;0.15;1.9;2.6;0;463;163;101;68;97339;2.22;0.12;0.35;0.4
2015;4;15;105;21.3;13.9;5.3;9;4.9;2.7;1.8;-0.3;0.15;1.9;2.6;0;675;215;119;83;96698;2.82;0;0.35;0.4
2015;4;16;106;23.8;15.5;5.5;8.3;5.1;2;1.5;-0.4;0.15;2;2.6;0;691;214;140;84;96109;2.98;0;0.35;0.4
2015;4;17;107;17.9;12.8;7.8;11.4;8.3;4.6;0.4;-1.5;0.15;2;2.6;0;531;136;91;42;95849;2.33;14.81;0.35;0.39
2015;4;18;108;9.1;6.5;3.3;3;0.2;-2.7;0.7;-4.1;0.15;2;2.6;0;581;192;103;78;96585;2.51;1.5;0.36;0.39
2015;4;19;109;10.1;5.8;0.3;1.1;-1.5;-2.7;0.5;-1.2;0.15;2.1;2.7;0;441;150;96;71;96846;1.72;0.02;0.36;0.39
2015;4;20;110;14.9;9.5;2;1.3;0.2;-1.9;1.9;-3.7;0.15;2.1;2.7;0;686;206;115;77;96670;2.68;0;0.35;0.39
2015;4;21;111;16.8;12;6.4;2.1;0.7;-1.2;1.8;-4.3;0.15;2.1;2.7;0;698;231;123;98;96936;3.24;0;0.35;0.39
2015;4;22;112;17.2;12.7;8.4;5.4;2.9;-0.2;0.1;-1.6;0.15;2.2;2.7;0;673;226;118;95;96857;3.1;0;0.35;0.39
2015;4;23;113;18.9;12.2;6;8.3;5.1;2;-0.2;0.7;0.15;2.2;2.7;0;656;215;123;79;96373;2.99;1.04;0.34;0.39
2015;4;24;114;17.3;12.4;6.9;6.7;5.8;4.4;0.9;0.8;0.16;2.2;2.7;0;604;207;108;79;96287;2.77;0.34;0.34;0.39
2015;4;25;115;20.3;14.3;6.4;8;6.5;5;0.6;2.4;0.16;2.3;2.7;0;707;239;127;88;96032;3.27;0;0.34;0.39
2015;4;26;116;19.2;14.3;10.1;12.4;9;6.5;0.5;-0.4;0.16;2.3;2.7;0;579;185;96;65;95756;2.61;3.28;0.34;0.39
2015;4;27;117;21;15.2;9.1;10.1;7.9;6.8;1.2;4.1;0.16;2.3;2.7;0;638;218;109;79;95201;3.38;0;0.34;0.39
2015;4;28;118;16.4;10.8;6;11.5;6.6;0.9;1.8;-1.6;0.16;2.4;2.7;0;471;85;77;42;95399;2.81;11.42;0.33;0.39
2015;4;29;119;13.4;9.2;5.1;2.6;-0.2;-2.2;0.7;-3;0.16;2.4;2.7;0;722;243;129;94;96630;3.09;0;0.34;0.39
2015;4;30;120;14.8;9.4;4;6.9;3.7;-0.5;0.7;0.6;0.16;2.4;2.7;0;588;164;99;65;96342;2.25;2.47;0.34;0.39
2015;5;1;121;15.3;10.5;4.2;9.1;6.5;3.2;0.7;1;0.16;2.5;2.7;0;484;118;67;44;95637;1.75;0.54;0.34;0.39
2015;5;2;122;13.9;10.9;8.3;9.5;8.1;6.9;1.1;-2;0.16;2.5;2.7;0;478;132;85;40;95770;2.06;5.1;0.34;0.39
2015;5;3;123;15.6;11.6;7.7;12.1;9.7;6.7;0.1;1.6;0.16;2.6;2.7;0;247;64;32;17;96004;1.13;3.7;0.34;0.39
2015;5;4;124;20.4;15.8;10.4;15.7;13.2;9.6;-0.2;0.6;0.16;2.6;2.7;0;506;146;64;38;96042;2.53;4.54;0.34;0.39
2015;5;5;125;25.9;18.6;10.6;15.6;13.6;10.3;0.3;2;0.16;2.6;2.7;0;686;230;103;64;95696;3.74;0;0.34;0.39
2015;5;6;126;20.2;16.3;11.6;15.1;12.1;7.7;1.3;-2.9;0.16;2.7;2.7;0;459;132;66;35;96044;3.1;10.35;0.34;0.39
2015;5;7;127;18.6;14.7;9.9;10.4;7.6;5.4;0.8;-1.8;0.16;2.7;2.7;0;600;204;103;65;96611;3.5;0.33;0.35;0.39
2015;5;8;128;20.8;16.1;11.6;10;8.5;6.5;-0.1;1.7;0.16;2.7;2.7;0;653;212;108;68;96493;3.52;0.18;0.34;0.39
2015;5;9;129;19.8;15.7;11.5;11.3;9.5;6.3;1.5;-1.3;0.16;2.8;2.7;0;582;182;87;63;96519;3.23;2.57;0.34;0.39
2015;5;10;130;17.8;15;12.2;8.8;6.4;4.4;2.4;-3.5;0.16;2.8;2.7;0;560;208;97;78;97067;3.68;0.01;0.34;0.39
2015;5;11;131;17.4;13;8.7;5.7;4.1;2.8;0.1;-2;0.17;2.8;2.8;0;739;262;133;101;97447;3.86;0;0.33;0.39
2015;5;12;132;22.1;15.9;7.8;8.4;6.6;3.5;1;3;0.17;2.9;2.8;0;728;249;124;85;97005;4.08;0;0.33;0.39
2015;5;13;133;21.4;17.3;13.2;14.5;11.8;7.5;1.2;-1;0.17;2.9;2.8;0;622;194;77;58;96401;3.16;8.79;0.33;0.39
2015;5;14;134;19.1;15.8;12.4;13.4;10;7.1;1.4;-1.7;0.17;2.9;2.8;0;613;199;91;56;95744;3.7;1.71;0.33;0.39
2015;5;15;135;15;12.7;10.6;10.7;9.4;7.9;-1.2;0.7;0.17;3;2.8;0;364;78;50;24;96126;1.7;4.81;0.33;0.39
2015;5;16;136;18.9;14.2;7.8;11.4;9.8;7.7;0.5;-0.4;0.17;3;2.8;0;438;146;74;45;96771;2.51;0.43;0.33;0.39
2015;5;17;137;17.5;14.4;10.8;10.4;8.5;6.6;1.2;-1.8;0.17;3;2.8;0;400;134;60;44;96932;2.35;0.22;0.33;0.39
2015;5;18;138;19.2;15.3;11.6;10.8;9.5;8.4;0.6;2.1;0.17;3;2.8;0;577;140;90;48;96325;2.36;0.01;0.33;0.38
2015;5;19;139;21.6;16.5;12.2;13.5;11.3;9.1;0.8;-0.6;0.17;3;2.8;0;636;213;100;68;95661;3.83;4.29;0.33;0.38
2015;5;20;140;21.9;13.8;8.3;13.7;9.6;5.9;1.4;-1.4;0.17;3;2.8;0;576;183;87;47;95805;3.99;13.48;0.33;0.38
2015;5;21;141;13.8;10.8;8.3;8.6;6.5;5.3;1.3;-4.3;0.17;3;2.8;0;441;110;58;26;96561;3.17;3.84;0.34;0.38
2015;5;22;142;11.4;10.3;9.3;8.6;7.5;6.5;0.7;-5;0.17;3;2.8;0;204;63;58;23;96654;2.29;8.73;0.34;0.38
2015;5;23;143;11.6;10.1;9;10;8.7;7.5;1.9;-3.6;0.17;3;2.8;0;238;43;12;5;96120;2.1;23.87;0.36;0.38
2015;5;24;144;13.4;11.5;10.3;8.9;8.4;8.2;1.8;-3.2;0.17;3;2.8;0;265;91;54;24;96335;1.68;0.12;0.36;0.38
2015;5;25;145;15.7;13.3;10.2;11;9.3;8;1.3;-3.6;0.17;3;2.8;0;312;102;61;39;95925;2.12;2.15;0.36;0.38
2015;5;26;146;15.6;12.7;9.9;11.6;9.6;5.3;2.1;-3.9;0.17;3;2.8;0;290;101;53;36;95828;3.24;7.34;0.36;0.38
2015;5;27;147;13.2;10.8;8.6;5.4;4;2.6;1.6;-4.7;0.17;3;2.8;0;526;199;85;68;96462;3.27;0.62;0.36;0.38
2015;5;28;148;15.6;11.4;7.2;6.3;4.4;2.9;0.3;-1.3;0.17;3;2.8;0;520;192;104;73;96557;3.1;0.08;0.36;0.38
2015;5;29;149;20.6;15.2;7.2;11.9;8.4;5.4;0.6;1.6;0.17;3;2.8;0;632;240;111;83;96217;4.06;1.76;0.36;0.38
2015;5;30;150;20.8;16;10.2;13.4;10.9;8.5;0.6;-0.8;0.17;3;2.8;0;638;197;91;65;96191;3.52;6.08;0.36;0.38
2015;5;31;151;20;15.9;12;11.6;11.1;10.3;0.1;1.3;0.17;3;2.8;0;670;216;105;62;96599;3.79;3.62;0.36;0.38
2015;6;1;152;22.9;18.5;13.1;15.3;13.4;11.8;0.1;1.4;0.17;3;2.8;0;642;215;93;66;96508;3.67;0.17;0.36;0.38
2015;6;2;153;24.2;19.5;13.7;17.1;14.1;12.4;0.4;0.7;0.17;3;2.8;0;700;246;104;73;96657;4.23;0.25;0.35;0.38
2015;6;3;154;27;21.5;13.6;17;13.9;11.3;0.8;0.1;0.17;3;2.8;0;664;229;103;72;96886;4.12;0;0.35;0.38
2015;6;4;155;24.8;20.8;16.3;14.3;12.8;11;0.4;-3;0.17;3;2.8;0;720;259;99;75;97192;4.97;0;0.35;0.38
2015;6;5;156;23.8;18.9;13.2;14.1;11.9;10.1;-0.6;-0.4;0.17;3;2.8;0;726;272;120;90;97177;4.51;0;0.34;0.38
2015;6;6;157;27;21;13.8;16.3;14.8;11.9;-0.5;1.9;0.17;3;2.8;0;718;267;103;78;97048;4.59;0;0.34;0.38
2015;6;7;158;27;22;15.7;16.2;14.4;13.3;-0.6;1.1;0.17;3;2.8;0;701;257;110;76;97114;4.56;0.02;0.33;0.38
2015;6;8;159;26.7;21.8;14.8;15.1;13.2;11.6;0.2;1.1;0.17;3;2.8;0;664;244;105;74;96684;4.36;0.94;0.33;0.38
2015;6;9;160;23.7;19;15.1;13.9;12.8;10.7;0.7;-3.1;0.17;3;2.8;0;664;229;97;65;96610;4.3;1.07;0.33;0.38
2015;6;10;161;23.7;18.7;13.1;13.2;11.6;9;0.4;-2.9;0.17;3;2.8;0;722;258;105;75;96881;4.18;0.05;0.32;0.38
2015;6;11;162;25;20.1;15;16.8;14;11.3;0;-0.3;0.17;3;2.8;0;710;247;103;66;96663;4.09;1.14;0.32;0.38
2015;6;12;163;27.7;22.8;17;16.9;14;11.2;0.4;3.4;0.17;3;2.8;0;679;246;95;72;96232;4.55;0.02;0.32;0.38
2015;6;13;164;29.6;22.9;17.4;16.7;14.6;11.2;1.6;1.4;0.17;3;2.8;0;712;250;105;81;95886;4.55;1.94;0.31;0.38
2015;6;14;165;26.9;22;16;16.6;15.1;13.8;0.4;1.6;0.17;3;2.8;0;652;208;95;70;95851;3.73;0.6;0.31;0.38
2015;6;15;166;22.8;18.8;15.1;15.3;14.7;12.8;1.2;-1.5;0.17;3;2.8;0;567;146;66;46;95916;3.35;6.73;0.31;0.38
2015;6;16;167;19.3;16.2;14;12.5;9.5;7.5;0.7;-3;0.17;3;2.8;0;432;146;56;36;96498;3.64;2.75;0.31;0.38
2015;6;17;168;16.8;14.3;11.8;7;4.8;3.4;0.4;-3.9;0.17;3;2.8;0;544;202;95;66;96688;3.59;0.2;0.31;0.38
2015;6;18;169;19.9;16;9.5;11;7.9;5.4;1.6;-1.8;0.17;3;2.8;0;617;174;100;60;96315;2.87;0.1;0.31;0.38
2015;6;19;170;18.4;15.6;11.4;13;10.2;7.2;1.4;-2.4;0.17;3;2.8;0;619;176;79;54;96102;2.8;1.16;0.3;0.38
2015;6;20;171;16;13;10;8.8;7;5.7;1.9;-2.2;0.17;3;2.8;0;488;183;90;75;96321;3.05;3.12;0.3;0.38
2015;6;21;172;17.8;13.9;9.5;9;6.3;4.5;1.6;-2.2;0.17;3;2.8;0;648;231;104;76;96495;3.34;0.41;0.3;0.37
2015;6;22;173;22.3;16.7;10.9;13.5;10.5;7.6;0.7;0.9;0.17;3;2.8;0;626;198;98;56;96221;3.11;3.52;0.3;0.37
2015;6;23;174;16.1;13.3;11.8;12.9;11.2;9.3;0.4;0.7;0.17;3;2.8;0;163;53;44;34;95986;1.37;9.23;0.31;0.37
2015;6;24;175;17.4;14.2;11.1;9.9;7.5;5.8;1.1;-2.2;0.16;3;2.8;0;581;180;86;58;96788;3.11;0.34;0.31;0.37
2015;6;25;176;19.8;15.8;10.5;10.1;8.2;7.2;0.2;-2.1;0.16;2.9;2.8;0;534;206;95;64;97026;3.3;0.01;0.31;0.37
2015;6;26;177;21.9;17.5;11.6;10.4;8.3;6.4;0.8;-2.5;0.16;2.9;2.8;0;593;199;90;67;96794;3.44;0.03;0.3;0.37
2015;6;27;178;23;18;13.1;16.1;13.1;10.1;1.2;-0.7;0.16;2.9;2.8;0;478;138;66;45;96475;2.39;5.25;0.3;0.37
2015;6;28;179;21.6;17.8;14.4;14.4;11.4;8.4;1.4;-3.4;0.16;2.9;2.8;0;673;219;96;65;96643;3.87;0.7;0.3;0.37
2015;6;29;180;21.9;17.9;12;11.9;10.4;8.8;0.8;-1.7;0.16;2.9;2.8;0;527;189;89;64;96920;3.19;0.45;0.3;0.37
2015;6;30;181;24.2;19.5;12.7;14;12.1;10.9;0.3;-0.8;0.16;2.9;2.8;0;579;216;89;65;96911;3.5;0.3;0.3;0.37
2015;7;1;182;26.3;21.7;14.4;16.5;14.2;13.1;-0.1;0.2;0.16;2.9;2.8;0;649;215;95;61;96939;3.55;0.22;0.29;0.37
2015;7;2;183;26.3;22.4;16.5;17;15.6;14.2;-0.6;-0.3;0.16;2.9;2.8;0;547;196;77;55;97114;3.23;0.27;0.29;0.37
2015;7;3;184;27.8;23;17.7;15;14.2;13.3;-0.9;1.5;0.16;2.9;2.8;0;662;241;103;70;97380;3.99;0.05;0.29;0.37
2015;7;4;185;29;23.7;17.3;15.7;13.3;12;0.2;1.8;0.16;2.9;2.7;0;733;267;126;85;97149;4.22;0;0.28;0.37
2015;7;5;186;31.6;25.3;16.1;16.3;13.9;11.6;0.5;0.9;0.16;2.9;2.7;0;740;275;135;92;96715;4.23;0;0.28;0.37
2015;7;6;187;31.3;26;19.6;17.6;16.4;14.8;1.6;-1.3;0.16;2.8;2.7;0;688;249;96;75;96602;4.06;1.37;0.28;0.37
2015;7;7;188;32.8;27.3;20.6;20.5;18.6;16.9;0.4;1.5;0.16;2.8;2.7;0;711;251;91;64;96307;4.04;0.57;0.28;0.37
2015;7;8;189;29.3;23.3;17.4;20.1;16.4;11.3;1;-1.5;0.16;2.8;2.7;0;640;177;95;54;95823;4.13;14.23;0.27;0.37
2015;7;9;190;22.2;18.7;14.9;11.5;9.5;8;2.1;-2.4;0.16;2.8;2.7;0;653;228;106;78;96417;3.91;0.11;0.28;0.37
2015;7;10;191;22;17.5;12.3;9.9;7.6;5.8;1.6;-1.8;0.16;2.8;2.7;0;604;220;117;85;96839;3.5;0.26;0.28;0.37
2015;7;11;192;26.8;19.7;12;14.4;10.5;5.8;-0.2;-0.1;0.16;2.8;2.7;0;735;269;121;88;96594;3.81;0;0.28;0.37
2015;7;12;193;28.3;22.9;15.4;15.3;13.2;10.4;1.4;-0.4;0.16;2.8;2.7;0;602;226;105;71;96383;3.65;0.25;0.27;0.37
2015;7;13;194;23.5;20.5;18.1;14.7;11.6;9.3;2.1;-2.1;0.16;2.8;2.7;0;589;175;77;48;96429;2.97;0.45;0.27;0.37
2015;7;14;195;24.1;20.4;17.2;16.6;14.2;12.3;1.6;-0.6;0.16;2.8;2.7;0;508;137;83;41;96512;2.46;1.51;0.27;0.37
2015;7;15;196;25.9;22;17.1;17.1;14.8;13.3;1.2;-1.1;0.16;2.8;2.7;0;555;177;76;49;96701;2.76;0.66;0.27;0.37
2015;7;16;197;28;23.7;17.9;19.9;17.8;15.9;0.3;1.4;0.16;2.8;2.7;0;598;210;88;54;96715;3.25;0.66;0.27;0.36
2015;7;17;198;32.3;26.6;19.8;20.1;17.4;14;0.2;0.3;0.16;2.8;2.7;0;678;235;102;68;96554;3.63;0.68;0.26;0.36
2015;7;18;199;28.9;24.9;20.7;20.9;19.3;18.4;0.8;1.1;0.16;2.8;2.7;0;581;198;87;62;96539;3.4;4.5;0.27;0.36
2015;7;19;200;32.3;25.2;18.7;20.1;18.3;15.4;1.4;1.4;0.16;2.7;2.7;0;711;231;99;65;96123;3.74;2.62;0.26;0.36
2015;7;20;201;27.4;24.4;21.3;18.5;16.2;14.9;1.3;-1.6;0.16;2.7;2.7;0;543;185;80;51;96285;3.27;0.47;0.26;0.36
2015;7;21;202;30;25;19;21.2;18.8;17.3;1.1;0.9;0.16;2.7;2.7;0;650;213;91;59;96436;3.38;3.25;0.26;0.36
2015;7;22;203;32.2;27.2;20.1;20.1;17.8;16.5;0.3;1.7;0.16;2.7;2.7;0;638;238;102;75;96281;3.83;0.15;0.26;0.36
2015;7;23;204;28.4;24.8;22;19.2;17.9;16.4;1.2;-1.3;0.16;2.7;2.7;0;608;183;80;57;96132;3.27;3.61;0.26;0.36
2015;7;24;205;30.3;25.3;20.6;19.1;17.6;16.1;-0.2;0.2;0.16;2.7;2.7;0;684;238;102;68;96040;3.78;0.63;0.26;0.36
2015;7;25;206;28;23.1;19;19.1;17.4;8.5;1;-0.3;0.16;2.7;2.7;0;622;174;88;48;95703;3.95;16.72;0.26;0.36
2015;7;26;207;23.1;18.8;15.7;13.3;8.9;6.3;1.2;-1.1;0.16;2.7;2.7;0;642;202;124;68;96159;3.52;0.14;0.27;0.36
2015;7;27;208;19.8;17.7;15.5;15.1;13.7;12.5;0.4;0.6;0.16;2.7;2.7;0;371;103;64;44;95660;2.21;5.56;0.27;0.36
2015;7;28;209;20;17.7;15.1;15.2;13.8;13;0.9;1.3;0.16;2.7;2.7;0;211;72;56;34;95863;1.41;0.36;0.27;0.36
2015;7;29;210;17.7;16;14.2;14.4;12.9;11.1;0.4;-0.3;0.16;2.7;2.7;0;246;65;45;23;95967;1.87;11.7;0.27;0.36
2015;7;30;211;18.7;16.4;13.8;14.3;10.6;7.9;0.9;-1.4;0.16;2.7;2.7;0;413;100;54;32;96264;2.55;4.46;0.28;0.36
2015;7;31;212;21.3;17.6;14.1;11.9;8.9;7.4;0.3;-0.8;0.16;2.7;2.7;0;633;183;111;61;96518;3.25;0.43;0.28;0.36
2015;8;1;213;24;18.9;11.7;13.4;10.3;8.4;-0.2;2.6;0.16;2.7;2.7;0;695;239;110;78;96492;3.69;1.23;0.28;0.36
2015;8;2;214;21.2;18.3;16;17.5;15.3;13.6;-0.3;-0.4;0.16;2.7;2.7;0;494;134;54;29;96651;3.2;11.77;0.28;0.36
2015;8;3;215;25.8;21;15.3;18.9;16.3;13.8;-0.1;-0.2;0.16;2.7;2.7;0;614;204;93;56;96707;3.45;0.5;0.29;0.36
2015;8;4;216;26.9;22.6;16.5;18.7;17.1;15.4;0.4;1.8;0.16;2.6;2.7;0;613;208;86;64;96409;3.46;0.27;0.28;0.36
2015;8;5;217;28.4;23.8;19.1;18.9;16.1;14.7;1;-0.9;0.16;2.6;2.7;0;680;219;94;66;96550;3.78;0.02;0.28;0.36
2015;8;6;218;30.6;24.8;17.4;19;17.1;15.2;0.1;1.1;0.16;2.6;2.7;0;699;225;106;73;96572;3.74;0;0.28;0.36
2015;8;7;219;29.9;25.3;18.6;19.6;17.7;16.7;-0.1;1.4;0.16;2.6;2.7;0;630;212;85;64;96648;3.64;0.33;0.27;0.36
2015;8;8;220;31.3;25.8;19.9;19.2;16;14.1;0.1;2.2;0.16;2.6;2.7;0;682;209;104;67;96667;3.67;0.06;0.27;0.36
2015;8;9;221;31;25.9;19.8;18.7;14.6;12.5;0.5;2.1;0.16;2.6;2.7;0;580;216;112;75;96554;3.71;0;0.27;0.36
2015;8;10;222;30.3;25.1;18.9;17.1;14.1;10.9;0.4;1.2;0.16;2.6;2.7;0;654;226;117;82;96351;3.6;0;0.26;0.36
2015;8;11;223;30.6;25.4;19.2;17.1;13.7;11;0.3;0.1;0.16;2.6;2.7;0;610;200;116;77;96330;3.11;0;0.26;0.35
2015;8;12;224;32.5;26.3;18.9;16.1;13;10.7;0.7;-0.5;0.16;2.6;2.7;0;618;218;124;83;96535;3.3;0;0.26;0.35
2015;8;13;225;32.4;26.2;19.7;18.6;15.9;13.6;-0.1;-0.4;0.16;2.6;2.7;0;646;210;110;72;96421;3.32;0.69;0.26;0.35
2015;8;14;226;32;26.3;19.9;17.6;15.4;14.1;-0.3;2.5;0.16;2.6;2.7;0;672;217;105;71;95979;3.33;0.38;0.25;0.35
2015;8;15;227;30;25.1;20.5;18.8;15.8;13.7;-0.4;1.7;0.16;2.6;2.7;0;525;193;98;65;95697;3.25;2.11;0.25;0.35
2015;8;16;228;27.6;22.6;18.2;17.9;16.4;15.1;0.1;0;0.16;2.6;2.7;0;608;187;92;56;95629;3.43;8.44;0.25;0.35
2015;8;17;229;18.9;17.3;16.2;16;14.1;12.2;2.3;-2.7;0.15;2.6;2.7;0;283;59;48;19;95618;2.67;20.21;0.28;0.35
2015;8;18;230;20.3;17.3;13.9;13.4;12.1;11.1;1.2;-1.9;0.15;2.6;2.7;0;427;124;76;46;96104;2.75;2;0.28;0.35
2015;8;19;231;21.3;16.9;12.4;13.6;12.1;11.2;0.8;-2.3;0.15;2.6;2.7;0;455;139;68;47;96372;2.25;2.39;0.27;0.35
2015;8;20;232;16.7;15.2;13.9;14.2;12.5;11.3;1.3;-2.6;0.15;2.6;2.7;0;312;73;51;25;96849;1.9;8.43;0.28;0.35
2015;8;21;233;19.5;16.6;13.3;12.9;11.6;11;0.3;-1.1;0.15;2.6;2.7;0;466;134;76;49;97058;2.27;0.9;0.28;0.35
2015;8;22;234;20.4;16.6;12.2;12.3;11.1;9.9;0;-0.6;0.15;2.6;2.7;0;567;163;87;64;96758;2.47;0.5;0.28;0.35
2015;8;23;235;20.4;16.5;10.9;14.8;12.7;10.5;-0.6;2.9;0.15;2.5;2.7;0;472;151;79;58;96323;2.29;0.79;0.28;0.35
2015;8;24;236;25.4;20.3;15.1;14.4;12.9;12.3;0.4;4.8;0.15;2.5;2.7;0;651;212;97;72;96041;3.49;0;0.28;0.35
2015;8;25;237;19;17.4;14.7;13.5;11;7.9;0.9;-1.3;0.15;2.5;2.7;0;190;70;63;37;96565;1.85;1.46;0.28;0.35
2015;8;26;238;23.8;18.7;12.9;12;10.4;9.6;0.1;0.6;0.15;2.5;2.7;0;656;210;124;80;96827;3.13;0;0.27;0.35
2015;8;27;239;26.7;21.2;15.4;17;15.2;12.2;0.4;3.1;0.15;2.5;2.7;0;658;216;111;82;96496;3.12;0;0.27;0.35
2015;8;28;240;29.3;23.1;16.5;18.2;16.8;15.9;0.2;0.2;0.15;2.5;2.7;0;637;211;106;75;96627;3.16;0;0.27;0.35
2015;8;29;241;30.6;24.4;17.5;17.4;16.5;15.8;-0.2;0.5;0.15;2.5;2.7;0;631;207;104;74;97057;3.23;0;0.27;0.35
2015;8;30;242;30.9;25;18.6;18.3;16.7;15.7;0.7;3.1;0.15;2.5;2.7;0;638;209;109;81;96839;3.21;0;0.26;0.35
2015;8;31;243;30.7;25.2;19.8;18.9;14.6;9.7;0.7;3.1;0.15;2.5;2.7;0;646;211;132;91;96328;3.33;0;0.26;0.35
2015;9;1;244;30.6;25;18.6;17.1;14.6;10.9;0.9;1.8;0.15;2.5;2.7;0;626;206;114;84;95830;3.17;0;0.26;0.35
2015;9;2;245;21.8;19.4;15.2;14.9;13;10.4;1.3;-3;0.15;2.5;2.7;0;518;127;70;51;96218;2.11;0.97;0.26;0.35
2015;9;3;246;21.5;17.9;14.3;14.7;12.9;11.8;0.1;0.4;0.15;2.5;2.7;0;363;114;65;45;96160;1.76;1.28;0.26;0.35
2015;9;4;247;21.6;18.1;14.7;14.2;10.6;8.7;0.8;-1.4;0.15;2.5;2.7;0;586;130;97;44;96219;2.18;0.8;0.26;0.35
2015;9;5;248;16.4;14.2;12.5;13.5;11;6.5;0.9;-1.4;0.15;2.5;2.7;0;119;32;26;19;96116;2.11;8.68;0.26;0.35
2015;9;6;249;16;13.4;11;7.9;4.7;2;3;-1.7;0.15;2.5;2.7;0;474;161;118;76;96532;2.33;0.19;0.26;0.35
2015;9;7;250;16.3;12.8;9.7;7.3;4.2;2;2.7;-2.1;0.15;2.5;2.7;0;496;147;89;71;96897;2.1;0.85;0.26;0.35
2015;9;8;251;17.1;12.9;9.5;7.6;5.3;2;1.2;-2;0.15;2.5;2.7;0;422;132;86;65;96976;1.81;0.05;0.26;0.35
2015;9;9;252;16.9;12.3;8.3;10.5;7.9;5.5;0;-1.3;0.15;2.5;2.7;0;508;157;97;58;96852;2.11;8.58;0.26;0.35
2015;9;10;253;16.9;13.1;9.2;10;8.4;6.3;-0.5;-1.3;0.15;2.5;2.7;0;542;157;99;60;96765;2.17;0.51;0.26;0.35
2015;9;11;254;17.9;14.2;11.4;12.4;11.1;9.8;-0.8;1.2;0.15;2.5;2.7;0;466;122;87;47;96795;1.45;0.59;0.26;0.35
2015;9;12;255;22;16.2;10.1;12.1;11.1;9.7;-0.2;2.3;0.15;2.5;2.7;0;603;180;119;81;96782;2.17;0;0.26;0.35
2015;9;13;256;22;17.5;12.1;13;12;10.9;-0.6;4;0.15;2.5;2.7;0;557;141;90;63;96442;1.92;0.21;0.26;0.34
2015;9;14;257;23.1;18.7;15.6;14.5;13.1;11.8;0.6;3.6;0.15;2.5;2.7;0;364;101;72;56;95839;1.77;0.62;0.26;0.34
2015;9;15;258;23.3;18.4;13.3;16.5;14.3;12;0.2;1.8;0.15;2.5;2.7;0;301;86;64;40;95939;1.19;0.1;0.26;0.34
2015;9;16;259;25.6;21;16.5;16;14.8;13.1;1.7;4.8;0.15;2.4;2.7;0;486;151;80;68;95511;2.1;0;0.26;0.34
2015;9;17;260;27.6;23;18.2;16.8;15.2;8.3;2.2;3.5;0.15;2.4;2.7;0;570;171;104;79;95505;2.45;0.02;0.26;0.34
2015;9;18;261;23.8;18.7;15.1;13.4;10.3;7;0;-1.4;0.14;2.4;2.7;0;480;141;96;64;96453;2.08;2.12;0.25;0.34
2015;9;19;262;20.1;16.7;14.6;12.1;10.8;9.7;1;-3;0.14;2.4;2.7;0;401;105;74;45;96698;2.15;3.24;0.25;0.34
2015;9;20;263;17.7;15.1;12.4;12.1;8.9;6.5;1.8;-3.9;0.14;2.3;2.7;0;440;128;96;62;96578;2.11;1.05;0.26;0.34
2015;9;21;264;16.4;13.2;10.1;7.6;6.3;5.1;0.2;-1.5;0.14;2.3;2.7;0;473;120;101;71;96501;1.44;0.03;0.25;0.34
2015;9;22;265;18.7;14.1;8.2;8.9;7;5.4;0;3.1;0.14;2.3;2.7;0;566;166;119;76;95809;1.76;0;0.25;0.34
2015;9;23;266;18.4;13.5;10.5;10.7;8;5.1;1.1;-1.2;0.14;2.3;2.7;0;430;98;91;53;95756;1.5;1;0.25;0.34
2015;9;24;267;15.5;12.8;10.4;8.2;6.9;5;2.7;-4.4;0.14;2.2;2.7;0;454;116;73;48;96386;1.55;0.95;0.25;0.34
2015;9;25;268;13.2;12.7;12;10;8.9;7.2;2.7;-4.5;0.14;2.2;2.7;0;140;37;46;21;96439;2.9;16.87;0.26;0.34
2015;9;26;269;14.3;12.6;11.6;10.2;8.4;4.5;0.9;-4.5;0.14;2.2;2.7;0;335;72;76;29;96770;2.02;2.58;0.27;0.34
2015;9;27;270;15;12.3;10.6;7;5;3.2;0.2;-4.3;0.14;2.1;2.7;0;412;104;97;52;97311;1.44;0.05;0.27;0.34
2015;9;28;271;14.7;11.3;8.8;6;3.5;2;-0.1;-4.3;0.14;2.1;2.6;0;525;143;108;83;97671;1.65;0.04;0.27;0.34
2015;9;29;272;14.2;10.7;7.2;5.8;4.2;2.3;-0.2;-3.1;0.14;2.1;2.6;0;418;110;86;66;97746;1.33;0.47;0.26;0.34
2015;9;30;273;12.4;9.5;7.4;5.2;3.8;2.2;-0.7;-1.8;0.14;2.1;2.6;0;422;105;84;56;97794;1.32;0.55;0.26;0.34
2015;10;1;274;13.9;9.4;5.5;5;3.7;1.9;-0.8;0.5;0.14;2;2.6;0;525;147;114;80;97742;1.27;0;0.26;0.34
2015;10;2;275;16.4;11.3;5.7;6.9;5.8;3.8;0.1;2.9;0.14;2;2.6;0;501;145;106;76;97380;1.35;0;0.26;0.34
2015;10;3;276;18.3;13.7;9.7;12.1;9.6;6;0.5;3.8;0.14;2;2.6;0;385;111;82;66;96749;1.47;1.47;0.26;0.34
2015;10;4;277;20.6;15.1;11.1;11.7;10.8;9.8;1;0.8;0.14;2;2.6;0;468;121;100;58;96422;1.36;4.58;0.26;0.34
2015;10;5;278;17.6;13.7;10.5;11.1;10.1;9.2;1.1;-1.1;0.14;1.9;2.6;0;297;85;81;44;96389;1.3;0.78;0.26;0.34
2015;10;6;279;18.3;14;9.9;13.2;11.4;9;-0.4;2.1;0.14;1.9;2.6;0;304;76;56;37;95923;0.83;0.95;0.26;0.34
2015;10;7;280;15.1;13.5;12.2;13.3;12.7;11.9;-0.6;0.3;0.14;1.9;2.6;0;160;35;33;13;96029;0.67;3.86;0.27;0.34
2015;10;8;281;13.3;12.5;11.7;12.3;11.2;10.5;0.8;-1.2;0.14;1.9;2.6;0;105;20;24;11;96429;0.91;7.44;0.27;0.34
2015;10;9;282;14.4;12.8;11.6;11.3;10.7;10.1;0.1;-1.2;0.14;1.8;2.6;0;168;42;54;17;96638;0.89;1.31;0.28;0.34
2015;10;10;283;11.3;9.7;8.7;10.9;8.7;7.5;-0.4;-1.9;0.14;1.8;2.6;0;62;15;14;6;96407;0.79;11.6;0.28;0.34
2015;10;11;284;8.5;5.4;3.9;8.3;3.1;-2.2;1.6;-4;0.14;1.8;2.6;0;91;20;69;9;95977;2.34;13.62;0.3;0.34
2015;10;12;285;9.4;5.2;2.4;1.9;-0.3;-3.4;0.4;-2.2;0.14;1.8;2.6;0;420;113;102;68;96401;0.99;0;0.3;0.34
2015;10;13;286;8.8;6.5;3.7;7.6;4.6;0.7;-0.9;1.8;0.14;1.7;2.6;0;147;33;38;13;96404;0.41;5.11;0.3;0.34
2015;10;14;287;8.1;7.6;7;7.7;7.3;6.5;-0.8;-0.5;0.14;1.7;2.6;0;52;11;7;3;96155;0.47;20.28;0.31;0.34
2015;10;15;288;11.6;10;7.7;11.5;9.9;7.6;-0.8;0.1;0.14;1.7;2.6;0;78;17;7;2;95905;0.29;28.9;0.33;0.34
2015;10;16;289;10.6;9.8;7.7;10.5;9.4;6.7;0;-0.9;0.14;1.7;2.6;0;87;22;26;7;96193;0.64;7.5;0.35;0.34
2015;10;17;290;10.3;7.7;5.6;5.8;4.4;3.3;-0.1;-0.3;0.13;1.7;2.6;0;315;72;72;37;96548;1.14;0.7;0.35;0.34
2015;10;18;291;11.4;8.4;5.5;7.9;6.4;4.9;-0.3;0.1;0.13;1.6;2.6;0;229;50;41;21;96469;0.63;2.12;0.35;0.34
2015;10;19;292;7.7;6.8;5.5;7.4;5.9;4.4;1.4;-2.6;0.13;1.6;2.6;0;110;23;23;11;96368;1.31;32.56;0.36;0.34
2015;10;20;293;9.7;7.1;5.2;4.8;3.4;2.3;1.9;-3.6;0.13;1.6;2.6;0;345;82;78;40;96449;1.51;4.92;0.38;0.34
2015;10;21;294;10.5;7.7;5.6;5.1;4.2;3.2;1.4;-2;0.13;1.6;2.6;0;241;69;85;50;96580;0.78;0.31;0.38;0.34
2015;10;22;295;10.5;7.2;4.3;5.4;3.6;2.3;0.7;-1.9;0.13;1.6;2.6;0;272;74;73;51;96451;0.85;0.41;0.38;0.34
2015;10;23;296;11.9;8.9;5.7;7.6;6;2.5;1.5;-1.8;0.13;1.6;2.6;0;212;34;75;28;96902;0.55;0.64;0.38;0.34
2015;10;24;297;14.2;8.2;2.7;8;5.8;2.5;0.5;1.5;0.13;1.6;2.6;0;413;101;117;77;96972;0.72;0;0.38;0.34
2015;10;25;298;15.7;9.8;3.7;10.2;6.7;2.4;0.4;-0.1;0.13;1.6;2.6;0;337;90;89;57;97001;0.84;0;0.38;0.34
2015;10;26;299;13.5;10.7;8.5;8.9;8.3;7.4;-0.6;0.8;0.13;1.6;2.6;0;308;68;64;32;97129;0.61;0.03;0.38;0.34
2015;10;27;300;11.6;9.7;8.3;7.7;7.3;6.7;-0.8;3.3;0.13;1.6;2.6;0;251;60;62;35;96905;0.56;0.04;0.37;0.34
2015;10;28;301;10.7;8.8;7.1;7.9;7.2;6.3;-0.3;3.9;0.13;1.5;2.6;0;193;40;53;24;96460;0.36;0.14;0.37;0.34
2015;10;29;302;11.6;9.2;7.6;8.5;7.8;7;-0.5;0.5;0.13;1.5;2.6;0;166;38;37;18;96604;0.47;0.61;0.37;0.34
2015;10;30;303;12.7;9;4.6;8.3;7;3.8;-0.2;0.5;0.13;1.5;2.6;0;268;62;80;48;97509;0.56;0;0.37;0.34
2015;10;31;304;12.6;7.4;2.7;6.4;4.4;1.2;0;2;0.12;1.5;2.6;0;390;97;110;81;98137;0.76;0;0.37;0.34
2015;11;1;305;10.5;6.7;3.9;4.3;-1.2;-3.6;0.6;3.2;0.12;1.5;2.6;0;408;101;125;101;98368;1.12;0;0.37;0.34
2015;11;2;306;12.1;6.1;2;2.6;-0.7;-3.4;0.5;2.7;0.12;1.5;2.6;0;386;97;127;100;97811;0.96;0;0.37;0.34
2015;11;3;307;13.4;6.2;0.7;3.2;0.1;-3;0.2;2.2;0.12;1.5;2.6;0;401;97;127;91;97122;0.85;0;0.37;0.34
2015;11;4;308;12.5;6.7;1.8;7;3.4;-0.8;0.4;-0.2;0.12;1.5;2.6;0;370;87;106;66;96893;0.58;0;0.36;0.34
2015;11;5;309;14;7;1.3;7.7;4.3;0.5;0.9;-0.7;0.12;1.5;2.6;0;368;88;111;72;96906;0.58;0;0.36;0.34
2015;11;6;310;15.2;7.5;1.5;8.8;4.7;0.5;1;0;0.12;1.4;2.6;0;346;83;105;68;97187;0.53;0;0.36;0.34
2015;11;7;311;16.3;10.3;4.3;11;7.5;3.1;1.2;0.1;0.12;1.4;2.6;0;250;52;51;36;97369;0.35;0.05;0.36;0.34
2015;11;8;312;19;12.5;8;13.2;10.1;7.4;1;0.1;0.12;1.4;2.6;0;325;77;96;53;97532;0.57;0;0.36;0.34
2015;11;9;313;17.6;12.3;6;11.5;8.9;5.4;1.8;-0.3;0.12;1.4;2.6;0;232;48;82;48;97082;0.41;0.08;0.36;0.34
2015;11;10;314;19.2;14.7;11.5;7.8;6.6;4.6;2.3;-0.7;0.12;1.4;2.6;0;326;71;98;52;96959;1.07;0;0.36;0.34
2015;11;11;315;17.7;12.4;7.6;10.4;8;6.2;1.5;-0.7;0.12;1.4;2.6;0;313;74;91;62;97142;0.67;0;0.36;0.34
2015;11;12;316;16.4;9.7;5;9.9;6.5;4.5;0.6;-0.6;0.12;1.4;2.6;0;338;79;110;72;97375;0.58;0;0.36;0.34
2015;11;13;317;13.8;8.5;5.1;9.2;6.7;4.1;0.6;1.1;0.12;1.4;2.6;0;323;71;95;61;97270;0.43;0;0.36;0.34
2015;11;14;318;10.6;7.4;4.7;4.8;1.6;-0.7;2;-0.9;0.12;1.4;2.6;0;304;66;102;59;97253;0.72;0.02;0.35;0.34
2015;11;15;319;11.3;8.1;6.1;7.5;5.2;2.1;1.3;0.9;0.11;1.3;2.6;0;100;20;69;24;96334;0.5;1.36;0.36;0.34
2015;11;16;320;17.1;12;6.1;9.4;6.2;3.9;1.9;-0.5;0.11;1.3;2.6;0;322;70;109;60;96360;0.85;0.02;0.35;0.34
2015;11;17;321;13.3;8.8;5;9;6.1;3.2;1;0.4;0.11;1.4;2.6;0;208;38;80;44;96388;0.24;0.29;0.35;0.34
2015;11;18;322;16.6;10.9;5.2;7.7;5.2;2.9;1.5;0.2;0.11;1.4;2.6;0;321;73;114;65;96330;0.68;0.01;0.35;0.34
2015;11;19;323;14.5;8.4;3.7;8.5;4.8;2;1;0.9;0.11;1.4;2.6;0;252;55;92;58;96473;0.36;0.02;0.35;0.34
2015;11;20;324;10.3;8.6;6.7;8.9;6;2.4;0.6;1;0.11;1.4;2.6;0;126;18;56;22;95295;0.52;3.59;0.35;0.34
2015;11;21;325;7.8;3.8;1.9;6.2;2.1;-0.2;0.8;-2.3;0.12;1.4;2.6;0.11;78;17;39;29;94371;1.1;5.45;0.36;0.34
2015;11;22;326;4.6;2.3;-0.1;-0.4;-2.6;-4.3;1.7;-2.4;0.12;1.4;2.6;0.26;168;41;82;57;94996;0.61;0.07;0.36;0.34
2015;11;23;327;4.9;0.1;-2.8;-2;-4;-5.4;0.9;0.2;0.12;1.4;2.6;0.25;312;67;110;80;96682;0.38;0.1;0.36;0.34
2015;11;24;328;3.2;-0.4;-2.4;-2.3;-4;-5.6;0.4;1.2;0.12;1.4;2.6;0.23;277;60;97;72;96989;0.3;0.01;0.36;0.34
2015;11;25;329;2.6;-0.4;-2.2;-2.4;-3.3;-4;0.3;2.2;0.12;1.4;2.6;0.25;230;52;82;58;95807;0.29;0.27;0.36;0.34
2015;11;26;330;2.5;0.5;-1.5;-0.5;-1.5;-2.6;0.9;-3.1;0.14;1.4;2.6;1.35;182;39;68;38;95738;0.28;1.45;0.36;0.34
2015;11;27;331;2.4;1;-0.8;-0.8;-1.3;-2.1;0.4;-3.5;0.14;1.4;2.6;1.71;145;27;74;39;96241;0.33;0.44;0.36;0.34
2015;11;28;332;5.4;1.6;-2.2;-1;-2.4;-4.5;1.6;-1.7;0.14;1.4;2.6;1.65;272;57;98;59;95938;0.44;0.07;0.36;0.34
2015;11;29;333;7.8;3.2;-0.6;-0.7;-2.2;-4.1;1.3;0.7;0.13;1.4;2.6;1.41;277;51;96;59;96560;0.38;0.07;0.36;0.34
2015;11;30;334;10.1;5.9;2.1;3.7;1.4;-1;2.3;0.4;0.13;1.4;2.6;1.02;197;46;90;51;96496;0.35;0.06;0.35;0.35
2015;12;1;335;10.7;8.6;5.2;6.9;4.3;1.5;3;-1.3;0.12;1.4;2.6;0.44;208;42;68;33;96715;0.86;4.07;0.36;0.35
2015;12;2;336;11.1;7;2;7.5;5.5;1.8;1;-0.3;0.11;1.4;2.6;0.14;189;35;80;35;97475;0.47;2.26;0.36;0.35
2015;12;3;337;9.8;5.2;1.6;5.4;3.7;1.4;0.3;0.4;0.11;1.4;2.6;0.07;271;52;88;48;97783;0.25;0.02;0.36;0.35
2015;12;4;338;8.3;4.8;1.8;5.3;3.6;-0.1;0.3;1.4;0.11;1.4;2.6;0.04;164;33;80;35;97761;0.22;0.03;0.36;0.35
2015;12;5;339;10.2;5.1;2;3.6;2.1;-0.3;0.8;1.5;0.11;1.4;2.6;0.02;257;53;99;53;97959;0.31;0.01;0.36;0.35
2015;12;6;340;6.7;3.1;-1.3;3;1.9;-2.2;0.4;1.2;0.11;1.4;2.6;0;163;33;90;45;97761;0.2;0.02;0.36;0.35
2015;12;7;341;9.5;3.1;-1.2;4.6;0.9;-2.7;0.6;0.7;0.11;1.4;2.6;0;254;54;94;55;98161;0.26;0;0.36;0.35
2015;12;8;342;4.1;2.1;0.7;2.7;1.6;0.5;-0.4;1.9;0.11;1.4;2.6;0;110;21;24;13;98115;0.1;0.18;0.36;0.35
2015;12;9;343;5.6;3.4;1.2;3.3;1.5;0.2;0.8;-0.3;0.11;1.4;2.6;0;123;24;41;22;97907;0.47;1.4;0.36;0.35
2015;12;10;344;5.6;2.8;-1.5;1.7;0;-2.8;1.2;-2;0.11;1.4;2.6;0;241;51;97;65;98200;0.54;0.05;0.36;0.35
2015;12;11;345;6;0.2;-2.5;0.3;-3;-5.7;1.2;1.4;0.11;1.4;2.6;0;270;58;116;77;97553;0.23;0;0.36;0.35
2015;12;12;346;6.4;1.9;-0.9;2.5;-1.8;-7.4;1.3;0.7;0.11;1.4;2.6;0;122;23;54;35;97112;0.08;0;0.36;0.35
2015;12;13;347;8.7;2.6;-1.9;3.6;-0.4;-3.5;1.1;0.2;0.11;1.4;2.6;0;259;53;95;53;96747;0.23;0.01;0.36;0.35
2015;12;14;348;4.8;2.9;0.9;2.3;1.5;0.4;-0.3;1.1;0.11;1.4;2.6;0;97;17;50;19;97190;0.09;0.03;0.36;0.35
2015;12;15;349;4.8;2.3;0.6;1.5;1;0.4;0.1;0.8;0.11;1.4;2.6;0;123;26;61;25;97288;0.13;0.02;0.36;0.35
2015;12;16;350;4.8;3.2;1.7;3;2.1;1.2;-0.1;0.9;0.11;1.4;2.6;0;62;13;64;15;97696;0.06;0.09;0.36;0.35
2015;12;17;351;5.6;3.6;1.6;3.4;2.3;1.1;0.6;2;0.11;1.4;2.6;0;87;14;22;9;97543;0.18;0.39;0.36;0.35
2015;12;18;352;9;4.3;1;6.8;3.6;0.3;0.7;0.5;0.11;1.4;2.6;0;235;47;86;43;97223;0.2;0.05;0.35;0.35
2015;12;19;353;9.7;4.8;2.6;6.7;3.9;2.2;0.5;1;0.11;1.4;2.6;0;212;43;87;43;97397;0.16;0;0.35;0.35
2015;12;20;354;5.5;3.3;2.3;3.3;2.5;1.6;0;2.5;0.11;1.3;2.6;0;142;29;43;23;97366;0.21;0.13;0.35;0.35
2015;12;21;355;6.8;3.5;1.3;3.2;2;0.8;0.2;0.9;0.11;1.3;2.6;0;191;36;78;31;97378;0.18;0.07;0.35;0.35
2015;12;22;356;10.2;5;2;6.1;2.9;0.1;1.2;0.8;0.11;1.3;2.6;0;183;41;87;55;97631;0.16;0;0.35;0.35
2015;12;23;357;9.3;3.8;0.1;4.6;0.3;-3.9;1;0.2;0.11;1.3;2.6;0;244;52;100;63;97525;0.2;0;0.35;0.35
2015;12;24;358;8.2;3.5;-1;3.9;0.9;-1.6;0.4;0.8;0.11;1.3;2.6;0;160;36;82;47;97588;0.13;0;0.35;0.35
2015;12;25;359;10.5;2.8;-1.5;5.5;1;-2.6;1;0.7;0.11;1.3;2.6;0;243;51;87;55;97828;0.13;0;0.35;0.35
2015;12;26;360;10.7;3.4;-0.3;5.7;1.3;-1.7;1.2;0.3;0.11;1.3;2.6;0;246;52;97;59;97750;0.15;0;0.35;0.35
2015;12;27;361;8.4;3.1;-0.9;4.4;-0.4;-3.7;1.2;0.4;0.11;1.3;2.6;0;245;52;96;62;97766;0.18;0;0.35;0.35
2015;12;28;362;8.3;3.3;-1.3;2.9;-1.1;-5.4;1.2;-0.1;0.11;1.3;2.6;0;251;53;99;55;97745;0.19;0;0.35;0.35
2015;12;29;363;3.8;2.3;0.8;2.7;2;0.7;-0.7;0.2;0.11;1.3;2.6;0.01;53;9;7;1;97720;0.09;1.35;0.35;0.35
2015;12;30;364;0.9;-0.9;-3.7;0.8;-3.6;-8.8;-1.1;1;0.12;1.3;2.6;0.9;148;28;90;42;98068;0.42;1.4;0.35;0.35
2015;12;31;365;-2.2;-3.6;-4.6;-6.8;-7.8;-9;-0.2;3.3;0.13;1.3;2.6;1.15;164;34;89;59;97590;0.07;0;0.35;0.35
2016;1;1;1;0.7;-1.8;-3.7;-2.5;-4.1;-6.9;0.3;0;0.13;1.3;2.6;1.26;136;30;58;31;97186;0.02;0.19;0.35;0.35
2016;1;2;2;-1.5;-3;-5.4;-2.7;-4.5;-8.4;-1.4;1.7;0.14;1.3;2.6;2.01;66;13;45;18;96718;0.04;2.75;0.35;0.35
2016;1;3;3;-5;-6;-6.9;-8.8;-9.7;-10.6;-1.6;1.9;0.2;1.3;2.6;4.94;95;20;59;27;96168;0.09;1.25;0.35;0.35
2016;1;4;4;-6.3;-7.3;-8.4;-10.1;-11;-11.7;-0.6;3.1;0.22;1.2;2.6;5.65;134;23;52;31;94730;0.11;0.84;0.35;0.35
2016;1;5;5;1.4;-4.5;-8.6;-3.6;-7.2;-11.8;-0.2;1.4;0.22;1.2;2.6;5.77;232;48;98;52;94730;0.06;0.04;0.35;0.35
2016;1;6;6;-0.7;-3.1;-5.5;-2.9;-4.3;-6.5;-0.2;0;0.21;1.2;2.6;5.83;128;22;37;23;94951;0.05;0.61;0.35;0.35
2016;1;7;7;3;-0.6;-3.8;-0.7;-2.3;-4.3;0.7;-1;0.22;1.2;2.5;5.98;234;47;97;54;94915;0.05;0.01;0.35;0.35
2016;1;8;8;6.5;0.7;-2.9;1.3;-1.5;-4.2;1;1;0.2;1.2;2.5;5.23;252;53;110;54;95445;0;0.02;0.35;0.35
2016;1;9;9;3.8;1.3;-0.4;1.7;0.4;-1.2;-0.4;0.2;0.19;1.2;2.5;4.39;188;36;61;20;95337;0.04;2.22;0.35;0.35
2016;1;10;10;6.5;2.1;0.2;4.2;1.6;0.2;0;0.6;0.17;1.2;2.5;3.51;232;46;76;27;94920;0.07;3.94;0.36;0.35
2016;1;11;11;8.1;4.1;0.4;6.6;3;0;1.3;1.6;0.15;1.2;2.5;2.38;71;15;39;15;94288;0.13;7.69;0.36;0.35
2016;1;12;12;7.3;2.1;-2.1;2.9;-0.5;-4;1.5;0.8;0.13;1.2;2.5;1.38;232;43;78;56;94648;0.28;0.88;0.37;0.35
2016;1;13;13;6.8;2;-1.7;0.3;-2.9;-3.9;2.4;-0.2;0.13;1.2;2.5;1.16;280;52;98;61;95628;0.47;0.15;0.37;0.35
2016;1;14;14;4.9;1.5;-1.6;-0.9;-2.5;-4.5;0.6;1.7;0.12;1.2;2.5;1.04;286;61;109;68;96034;0.3;0;0.37;0.35
2016;1;15;15;3.7;0.6;-1.5;-1.8;-4.4;-6.5;1.7;-1.2;0.12;1.2;2.5;0.98;175;40;95;58;95522;0.28;0.13;0.37;0.35
2016;1;16;16;0.2;-1.2;-3;-4.3;-6;-7.6;1.1;-3.4;0.13;1.2;2.5;1.21;264;58;91;75;96149;0.27;0.43;0.37;0.35
2016;1;17;17;-1.5;-3.5;-5.8;-5;-7.9;-11.1;0.2;-3.4;0.14;1.2;2.5;2.08;202;39;91;65;96252;0.13;1.2;0.37;0.35
2016;1;18;18;-2;-4.4;-6.1;-9;-10;-11;0.3;-2.1;0.15;1.2;2.5;2.55;220;49;87;70;96626;0.07;0.15;0.37;0.35
2016;1;19;19;-2.2;-4.2;-5.3;-7.7;-9.2;-10.4;-0.2;1.6;0.15;1.2;2.5;2.62;197;42;79;53;96290;0.06;0.08;0.37;0.35
2016;1;20;20;1.1;-3.1;-5.4;-6.6;-8;-8.7;0.7;0.5;0.15;1.2;2.5;2.67;273;59;110;60;96272;0.05;0.13;0.36;0.35
2016;1;21;21;-1.3;-3.4;-6.6;-5.5;-8.4;-10.4;1;-2;0.16;1.2;2.5;3.04;275;57;92;62;97050;0.07;0.6;0.36;0.35
2016;1;22;22;-1.3;-4.9;-7;-7.5;-8.9;-10.8;0;1;0.16;1.1;2.5;3.1;273;55;88;65;97850;0.04;0;0.36;0.35
2016;1;23;23;1.5;-3.2;-6.9;-0.9;-5.6;-9.9;0.6;1.2;0.19;1.1;2.5;5.07;103;21;77;33;97658;0.08;5.62;0.36;0.35
2016;1;24;24;4.1;0.7;-4.3;0.2;-1.7;-6;1.6;-0.8;0.24;1.1;2.5;7.81;192;38;73;44;97884;0.12;0.02;0.36;0.35
2016;1;25;25;5.8;2.6;-3.8;4.1;0.7;-5.9;1.5;0.3;0.22;1.1;2.5;6.49;115;18;28;2;97435;-0.01;5.89;0.37;0.35
2016;1;26;26;10.9;3.8;-1.1;7.4;2.3;-1.9;1.2;0.7;0.18;1.1;2.5;3.88;257;60;77;48;97366;-0.01;0;0.37;0.35
2016;1;27;27;12.7;4.9;-0.4;8.6;2.8;-1.8;1.2;0.7;0.15;1.1;2.5;2.44;290;66;76;41;97072;0.18;0;0.37;0.35
2016;1;28;28;14.7;6.9;1.2;7.2;3;-0.2;1;-0.4;0.13;1.1;2.5;1.3;325;70;102;42;97012;0.32;0.03;0.37;0.35
2016;1;29;29;10;4.1;-0.1;4.8;2.3;-0.8;0.9;0.3;0.13;1.1;2.5;0.81;278;51;85;36;97469;0.29;1.45;0.38;0.35
2016;1;30;30;8.8;3.3;-1.9;4.3;1.3;-2.9;1.1;1.4;0.12;1.1;2.5;0.54;319;73;93;65;96703;0.18;0;0.38;0.35
2016;1;31;31;7.6;3.9;1.6;2.3;1;-0.7;1.3;0;0.12;1.1;2.5;0.34;243;46;67;31;96080;0.5;5.13;0.38;0.35
2016;2;1;32;11.1;6.3;2.8;8.1;4.7;2;1.9;0.7;0.12;1.1;2.5;0.25;79;17;65;16;96466;0.37;8.38;0.39;0.35
2016;2;2;33;9.8;5.5;2.2;7.7;4.5;1.7;1;0.8;0.12;1.1;2.5;0.16;130;28;65;33;96642;-0.05;0;0.39;0.35
2016;2;3;34;6.9;3.5;1.5;5.8;2.2;0.2;0.9;-1.1;0.12;1.1;2.5;0.85;96;15;42;23;96264;0.33;15.52;0.39;0.35
2016;2;4;35;4.7;2.2;0.4;-0.1;-3.4;-5.3;2.6;-2.5;0.14;1.1;2.5;2.16;320;76;101;60;96696;0.87;2.24;0.4;0.35
2016;2;5;36;4.3;1.7;0;-0.9;-2;-3.2;1.3;-1.6;0.18;1.1;2.5;4.57;313;69;84;51;97175;0.79;1.84;0.4;0.35
2016;2;6;37;9.4;3.8;-0.3;1.7;-0.2;-2.7;0.3;2.2;0.17;1.1;2.5;3.68;351;85;109;73;96898;0.43;0;0.4;0.35
2016;2;7;38;10.7;6.1;1.4;3;1.8;-0.2;1.8;4.8;0.15;1.1;2.5;2.15;357;86;98;78;95850;0.66;0;0.4;0.35
2016;2;8;39;10.1;6.9;2.7;6.1;4.3;2.1;1.4;3.2;0.13;1.1;2.5;0.81;260;50;83;43;95770;0.52;2.23;0.4;0.35
2016;2;9;40;11.3;7.2;1;4.4;3.1;0.5;1.7;4.1;0.12;1.1;2.5;0.26;347;77;100;65;95173;0.6;0.1;0.4;0.35
2016;2;10;41;8;3.8;2;5.4;-0.2;-4.4;2.5;-1.4;0.13;1.1;2.5;0.77;126;30;70;36;94214;1.29;10.79;0.4;0.35
2016;2;11;42;6.7;2.4;-1.7;-2.6;-4.5;-5.7;1.8;0.3;0.13;1.1;2.5;0.96;390;86;107;75;95303;0.68;0.18;0.4;0.35
2016;2;12;43;5.3;1.1;-2.4;0.2;-1.6;-4.5;0.3;2.6;0.13;1.1;2.5;0.8;286;69;66;48;95109;0.38;0.48;0.4;0.35
2016;2;13;44;7.5;2.3;0.1;0.4;-0.2;-1.4;0.1;0.3;0.14;1.1;2.5;1.37;365;65;93;48;94229;0.52;2.57;0.4;0.35
2016;2;14;45;8.8;4.6;-0.9;5.6;2.2;-2.1;0.8;2.3;0.13;1.1;2.5;1.11;376;75;95;45;94049;0.54;4.86;0.4;0.36
2016;2;15;46;6.3;4.1;1.3;3.7;2.1;0.3;1.5;-2.3;0.13;1.1;2.5;0.56;154;35;68;34;95429;0.9;2.92;0.4;0.36
2016;2;16;47;6.3;3.4;0.7;1.7;0;-1.2;0.3;-3.6;0.12;1.1;2.5;0.41;351;76;85;42;97421;0.9;2.88;0.4;0.36
2016;2;17;48;3.9;2.3;0.5;3.2;1.6;-0.4;-0.3;1.3;0.15;1.1;2.5;2.39;80;22;36;11;96860;0.33;4.07;0.4;0.36
2016;2;18;49;7.1;4.1;1.7;4.9;3.2;1.1;0.2;-0.4;0.14;1.1;2.5;1.68;236;39;38;14;96210;0.46;11.8;0.41;0.36
2016;2;19;50;5.2;3.1;1.5;2.1;0.4;-1.6;2.1;-2.4;0.14;1.1;2.5;1.78;144;33;55;22;96296;1.18;6.18;0.42;0.36
2016;2;20;51;7.7;3;-2.4;1;-2.7;-4.7;1.3;0.7;0.14;1.1;2.5;1.64;439;114;122;71;96779;0.91;1.76;0.41;0.36
2016;2;21;52;11;6.9;2.8;7.4;4.6;0.9;1.7;1.2;0.13;1.1;2.5;1.06;197;35;58;20;96231;0.64;3.78;0.42;0.36
2016;2;22;53;16.8;9.2;3.4;7.9;4.9;2.3;0.9;1;0.13;1.1;2.5;0.45;427;108;124;68;95822;0.84;0;0.41;0.36
2016;2;23;54;10.9;7.5;3;7.4;4.6;0.9;0.9;-0.2;0.12;1.1;2.5;0.2;184;48;53;28;95586;0.91;8.9;0.41;0.36
2016;2;24;55;6.4;2.6;-0.8;0.1;-3.1;-5.6;0.9;-1.9;0.12;1.1;2.5;0.23;335;89;97;60;96251;1.11;0.92;0.41;0.37
2016;2;25;56;5.2;2.1;-0.9;1.5;-1.3;-4.4;0.3;1.4;0.12;1.1;2.5;0.28;275;61;65;37;95759;0.7;1.32;0.41;0.37
2016;2;26;57;4.4;1.2;-1.5;-1.5;-4.4;-6.6;-0.2;-1.1;0.13;1.2;2.5;0.39;400;101;101;65;95991;0.82;0.1;0.41;0.37
2016;2;27;58;4.6;1.7;-2.1;0.4;-3;-6.8;-0.2;3.6;0.13;1.2;2.5;0.38;300;77;63;47;95862;0.49;0;0.41;0.37
2016;2;28;59;10.3;5.8;1.8;5.5;3.4;0.4;-0.6;2.5;0.13;1.2;2.5;0.25;331;87;63;41;95972;0.51;0.33;0.4;0.37
2016;2;29;60;7.5;5.4;4;5.9;4.9;3.9;-0.8;0;0.12;1.2;2.5;0.12;110;23;27;9;95748;0.41;8.77;0.41;0.37
2016;3;1;61;4.6;3.1;1.3;3.9;-2.1;-4.3;2.8;-2.8;0.12;1.2;2.5;0.12;224;59;68;37;95854;0.93;0.64;0.41;0.37
2016;3;2;62;8.7;3.8;-2.3;1.6;-0.7;-4.2;0.4;2.3;0.12;1.2;2.5;0.11;288;74;86;59;95467;0.49;0.04;0.41;0.37
2016;3;3;63;3.9;2.4;0.9;1.2;0.3;-1.3;0.4;-3;0.13;1.2;2.5;0.59;227;46;45;19;94797;1.34;8.56;0.41;0.37
2016;3;4;64;6.8;3;1;-0.7;-1.7;-3.3;1.1;-2.9;0.14;1.2;2.5;1.3;399;112;95;56;95062;1.15;0.51;0.41;0.37
2016;3;5;65;11.2;6.2;1.3;1.3;-0.4;-3.4;1;4.9;0.14;1.2;2.5;0.91;449;120;98;75;94648;1.11;0.02;0.41;0.37
2016;3;6;66;9.3;5.8;2.3;4.2;1.3;-1.2;0.2;0.4;0.13;1.2;2.5;0.42;398;85;87;38;94756;1.21;2.97;0.4;0.37
2016;3;7;67;4.2;2.3;0.9;0.2;-0.6;-1.3;1;-2.4;0.14;1.2;2.5;0.89;338;59;49;23;95088;1.37;5.34;0.4;0.38
2016;3;8;68;6.9;3.1;0.4;0.2;-0.6;-1.4;0.7;-1.3;0.14;1.2;2.5;1.51;334;83;85;40;95737;0.89;1.09;0.41;0.38
2016;3;9;69;6.6;2.7;-1;0.6;-1;-2.1;-0.2;-0.3;0.14;1.2;2.5;1.1;415;111;74;59;95983;0.71;0;0.4;0.38
2016;3;10;70;9.1;4.6;-1.1;2.5;1;-2.1;0.9;-2.6;0.13;1.3;2.5;0.69;461;126;96;64;95976;0.84;0.16;0.4;0.38
2016;3;11;71;6.5;4.6;3.2;2.6;1.9;1.4;1.6;-4.7;0.13;1.3;2.5;0.36;274;66;36;19;96577;1.32;2.48;0.4;0.38
2016;3;12;72;7.4;4.1;2.4;3.2;1.7;1.1;0.8;-3.8;0.13;1.3;2.5;0.24;232;56;55;20;96987;1.27;3.54;0.4;0.38
2016;3;13;73;7;3.6;1.6;2.6;1.5;0.4;0.2;-3.7;0.13;1.3;2.6;0.53;339;76;62;24;97228;1.58;5.33;0.4;0.38
2016;3;14;74;6.8;2.6;-1.4;-0.3;-2.2;-3.2;0.8;-3.4;0.14;1.3;2.6;0.63;540;158;122;83;97326;1.23;0.07;0.4;0.38
2016;3;15;75;4.1;1.6;-0.6;-0.1;-1.8;-3.4;0.9;-3.2;0.15;1.3;2.6;2.18;422;91;94;45;96576;1.18;7.43;0.4;0.38
2016;3;16;76;3.8;1.2;-1;0.6;-1;-1.8;-0.5;-0.1;0.24;1.3;2.6;7.18;273;71;71;28;97351;0.61;3.41;0.4;0.38
2016;3;17;77;8.3;2.9;-2.4;1.2;-1.2;-3.2;0.7;1.5;0.21;1.3;2.6;5.34;397;121;96;62;97279;0.84;0;0.4;0.38
2016;3;18;78;12.6;5.7;-2.4;1.6;-0.6;-4.2;1.6;-1.4;0.18;1.4;2.6;3.01;548;162;119;81;96365;1.26;0;0.4;0.38
2016;3;19;79;8.3;5.1;2.3;2.4;1.4;0.4;-0.2;-2;0.15;1.4;2.6;1.5;384;89;85;45;96421;0.62;0.43;0.4;0.38
2016;3;20;80;12.5;6.7;2.1;4.2;2.6;1.4;0.2;0;0.14;1.4;2.6;0.81;396;116;111;51;96227;1.19;0.56;0.4;0.38
2016;3;21;81;10.6;6.1;1.5;2.5;0.6;-1.1;0.8;-0.8;0.14;1.4;2.6;0.41;414;120;97;54;96150;1.08;0.11;0.4;0.38
2016;3;22;82;9;5.4;0.9;1.2;-0.1;-1;1.2;-1.9;0.14;1.4;2.6;0.23;524;154;97;67;95741;1.48;0.88;0.4;0.38
2016;3;23;83;7.6;3.8;-0.8;0.2;-1.2;-2.7;0.1;-2.9;0.14;1.5;2.6;0.16;478;137;89;69;95276;1.19;0.3;0.39;0.38
2016;3;24;84;7.4;4;1.3;1.3;-0.6;-2;1.2;-3.9;0.14;1.5;2.6;0.14;558;159;95;77;95692;1.62;1.5;0.39;0.38
2016;3;25;85;9.6;5;-1.5;3.7;0.3;-2.9;0.7;0.2;0.14;1.5;2.6;0.07;466;110;89;45;96180;1.09;2.33;0.39;0.38
2016;3;26;86;9.1;6;3.6;3.1;2.4;1.6;1.2;-2.4;0.14;1.5;2.6;0.03;327;88;63;35;96453;1.24;1.45;0.39;0.38
2016;3;27;87;11.4;6.9;0.9;3.3;2;0;0.4;2;0.14;1.5;2.6;0;479;148;85;65;96220;1.35;0;0.39;0.38
2016;3;28;88;13.1;8;2.3;5.9;3.8;1.3;-0.1;2;0.14;1.6;2.6;0;592;144;106;59;95792;1.35;0.1;0.39;0.38
2016;3;29;89;12.1;8.1;3.2;7.6;5.2;1.9;1.2;0.5;0.14;1.6;2.6;0;411;106;90;51;95990;1.39;4.07;0.39;0.38
2016;3;30;90;17.1;10.7;4.3;7.6;5.7;3.7;1.3;1.8;0.14;1.6;2.6;0;481;152;95;70;96189;1.74;0;0.39;0.38
2016;3;31;91;20.1;12.9;5.3;8.1;6.1;3.6;1.5;2.5;0.14;1.6;2.6;0;628;196;127;85;95886;2.36;0;0.39;0.38
2016;4;1;92;16.8;11.3;5.2;9.3;5.2;-0.8;1;-1.8;0.14;1.6;2.6;0;535;139;98;57;96151;1.68;0.03;0.38;0.38
2016;4;2;93;11.6;7.8;4.1;1.6;0.4;-1.8;-0.7;2;0.14;1.7;2.6;0;485;137;97;58;97029;1.56;0;0.38;0.38
2016;4;3;94;19.9;12.7;5.1;8.9;4.9;0.1;0.3;3.7;0.14;1.7;2.6;0;645;205;124;95;96324;2.47;0;0.38;0.38
2016;4;4;95;21.7;14.8;8;11.1;7.2;3.6;0.9;1.5;0.14;1.7;2.6;0;637;192;126;91;95622;2.47;0.06;0.38;0.38
2016;4;5;96;23.2;15.3;6.6;13.7;8.8;5.5;1;0.9;0.14;1.7;2.6;0;643;204;131;86;95451;2.52;0;0.37;0.38
2016;4;6;97;16.7;13;9.7;8;7.5;6.7;1.4;-2.4;0.14;1.7;2.6;0;554;146;87;59;95845;1.82;0;0.37;0.38
2016;4;7;98;16.4;12.3;8.1;8.7;7.1;5.7;-0.3;-1;0.14;1.8;2.6;0;415;128;76;47;95844;1.52;0.12;0.37;0.38
2016;4;8;99;10;8.9;6.6;7.9;6.6;4.7;2.1;-3.8;0.14;1.8;2.6;0;205;59;47;23;95387;2.23;17.49;0.37;0.38
2016;4;9;100;8.1;6.9;5.6;4.4;3.6;2.9;2;-3.7;0.15;1.8;2.6;0;208;60;52;22;95226;1.17;0.68;0.38;0.38
2016;4;10;101;11;7.8;5.1;3.3;3;2.5;1.5;-3.7;0.15;1.8;2.6;0;461;138;72;54;95750;1.46;0;0.38;0.38
2016;4;11;102;13.3;8.7;4.2;7.5;5.2;2.7;0.3;-1.3;0.15;1.8;2.6;0;493;154;80;65;96048;1.49;0;0.38;0.38
2016;4;12;103;15.2;9.8;4.6;9.7;7.3;4;0.2;-0.1;0.15;1.9;2.6;0;554;150;96;60;95889;1.79;2.7;0.38;0.38
2016;4;13;104;18.8;12.3;5.5;9.9;8;5;0.2;0.3;0.15;1.9;2.6;0;622;193;113;70;95439;2.31;1.1;0.38;0.38
2016;4;14;105;12.7;10.4;7.6;7.4;5.2;4;3;-2.8;0.15;1.9;2.6;0;462;113;83;50;95586;2.24;2.27;0.38;0.38
2016;4;15;106;17.3;11.4;3.8;9.2;5.3;2.7;1.1;1.6;0.15;1.9;2.6;0;542;168;100;71;95845;2.18;0;0.37;0.38
2016;4;16;107;21;13.3;5.5;11.1;6.8;4.5;1.7;2.1;0.15;2;2.6;0;651;212;109;78;95536;2.81;0.37;0.37;0.38
2016;4;17;108;20.8;15.4;10.2;10.1;7.3;3.8;2.1;2.7;0.15;2;2.6;0;646;186;97;70;95588;2.99;0.48;0.37;0.38
2016;4;18;109;11.3;9.8;7.6;8.6;6.5;4.5;0.5;-3;0.15;2;2.6;0;285;71;52;27;96421;1.61;2.19;0.37;0.38
2016;4;19;110;14;10.1;7;4.7;2.3;0;0.9;-3.6;0.15;2.1;2.7;0;467;161;94;66;96803;2.35;0.2;0.37;0.38
2016;4;20;111;13.4;9.1;4.5;3.2;0.1;-2.7;1;-3;0.15;2.1;2.7;0;623;209;118;86;97293;2.64;0.02;0.36;0.38
2016;4;21;112;17;10.9;3.7;5.8;3.2;-0.3;0.1;1.6;0.15;2.1;2.7;0;702;236;128;94;97073;2.77;0;0.36;0.38
2016;4;22;113;17.5;12.6;5.3;8.5;5.1;2.7;0;-1.2;0.15;2.2;2.7;0;706;221;125;78;96161;2.76;0;0.36;0.38
2016;4;23;114;16;11.2;7.4;9.3;6.9;4.7;-0.4;-1.1;0.15;2.2;2.7;0;603;168;93;56;95346;2.37;4.97;0.36;0.38
2016;4;24;115;9;6;3.2;7;-2.9;-6.8;1.5;-5.3;0.16;2.2;2.7;0;659;175;88;45;95350;2.83;1.72;0.36;0.38
2016;4;25;116;8;4.6;1.6;-1.5;-3.5;-5.7;1.8;-3.6;0.16;2.3;2.7;0;589;189;101;76;95552;2.32;1.19;0.36;0.38
2016;4;26;117;12.9;7;-0.8;1.5;-1.7;-4.7;1.2;2.4;0.16;2.3;2.7;0;701;224;122;84;95360;2.72;1.57;0.35;0.38
2016;4;27;118;5.2;3.7;1.1;2.7;0.6;-2.5;1.2;-1.6;0.17;2.3;2.7;0.57;331;78;72;34;95652;2.01;9.35;0.36;0.38
2016;4;28;119;6.6;3.2;-2.3;0.9;-1.5;-4.9;0.8;1;0.17;2.4;2.7;0.7;338;117;97;67;96388;1.31;0.64;0.36;0.38
2016;4;29;120;12.6;6.4;-1.9;3.2;-0.1;-4.1;-0.1;-0.1;0.16;2.4;2.7;0.43;696;229;122;87;96685;2.59;0;0.36;0.38
2016;4;30;121;15.7;9.8;1.1;4.9;2.1;-1;0;1.8;0.16;2.4;2.7;0.16;728;252;134;93;96516;3.19;0;0.35;0.38
2016;5;1;122;12;9.8;7;10.3;7.9;4.9;-0.9;-1.1;0.16;2.5;2.7;0.03;285;79;42;24;96346;1.52;16.61;0.36;0.38
2016;5;2;123;15;10.9;8.2;10.7;8.7;6.8;0.5;-3;0.16;2.5;2.7;0;375;124;63;31;96381;2.7;17.14;0.38;0.38
2016;5;3;124;16.4;11.8;8.3;7.6;6.9;6;1.6;-4;0.16;2.6;2.7;0;649;211;106;65;96131;3.69;4.14;0.38;0.38
2016;5;4;125;9.8;8.6;6.3;7.5;5.7;3.9;2.9;-4.8;0.16;2.6;2.7;0;365;108;63;24;96668;2.46;7.92;0.38;0.38
2016;5;5;126;15.6;10.9;6;7.9;6.7;4.7;1.5;-3.5;0.16;2.6;2.7;0;584;200;101;55;97012;2.98;0.88;0.39;0.38
2016;5;6;127;17.7;13.3;7.1;9.3;7.6;6.1;-0.2;-0.3;0.16;2.7;2.7;0;618;217;108;78;96676;3.11;0.41;0.38;0.38
2016;5;7;128;18.6;13.6;6.3;9.9;7.9;5.2;-0.5;0.5;0.16;2.7;2.7;0;711;221;112;75;96301;3.2;0.33;0.38;0.38
2016;5;8;129;17.2;12.6;7.8;9.9;7.7;6.3;-1;0.9;0.16;2.7;2.7;0;642;229;110;77;96431;3.2;0.82;0.38;0.38
2016;5;9;130;18;13.5;7.4;11.1;9.2;5.9;-0.8;2;0.16;2.8;2.7;0;610;212;103;68;96508;3.03;1.01;0.37;0.38
2016;5;10;131;17;12.5;7.6;11.2;9.5;7;-1.5;1.9;0.16;2.8;2.7;0;599;158;84;49;96227;2.3;0.99;0.37;0.38
2016;5;11;132;15.8;12.9;10.2;11.9;10.8;9.6;-1.5;1.3;0.17;2.8;2.8;0;272;72;21;13;95781;1.37;2.07;0.37;0.38
2016;5;12;133;15;12.8;11.4;14.3;12.3;11.2;-1.1;1.1;0.17;2.9;2.8;0;166;50;28;11;94839;1.02;32.64;0.38;0.38
2016;5;13;134;16.4;13.3;9.3;10.9;9;7.5;0.9;0.2;0.17;2.9;2.8;0;427;158;73;42;94387;2.84;2.57;0.4;0.38
2016;5;14;135;17.3;13.6;11.1;11.8;8.7;5.7;1.8;-2.5;0.17;2.9;2.8;0;433;141;97;43;95031;3.29;8.15;0.4;0.38
2016;5;15;136;12.6;9.7;6.1;6.5;2;-1.1;1.6;-3.1;0.17;3;2.8;0;477;158;106;61;96127;3.01;0.81;0.4;0.38
2016;5;16;137;12.8;8.2;3.8;5;2.1;-1.2;1.4;-0.8;0.17;3;2.8;0;696;214;106;78;96482;3.09;2.34;0.4;0.38
2016;5;17;138;14;9.1;3.3;4.4;2.1;-0.6;1.6;-1.3;0.17;3;2.8;0;485;195;91;67;96452;3.21;0.29;0.39;0.38
2016;5;18;139;16.3;11.4;5.1;7.4;5.1;3.3;0;0.4;0.17;3;2.8;0;532;196;98;67;96213;3.05;0.55;0.39;0.38
2016;5;19;140;18.4;12.6;6;11.4;8.8;5.1;-0.5;0.7;0.17;3;2.8;0;606;223;99;68;95811;3.21;7.67;0.39;0.38
2016;5;20;141;18.1;13.6;8.9;10.8;8.8;6.7;1.5;-2.5;0.17;3;2.8;0;676;227;106;71;96527;3.7;0.78;0.39;0.38
2016;5;21;142;20.7;16;11.1;11.6;8.7;6.2;0.2;-0.4;0.17;3;2.8;0;663;241;114;82;96730;4.06;0;0.39;0.38
2016;5;22;143;22.6;17.6;11.8;10.9;9.5;7.6;0.2;3.6;0.17;3;2.8;0;731;266;116;88;96328;4.72;0;0.38;0.38
2016;5;23;144;23.3;17.5;10.9;12.2;10.4;8.6;0.2;2.2;0.17;3;2.8;0;731;253;115;81;95658;4.67;5.95;0.38;0.38
2016;5;24;145;15.9;12.1;9.2;9.1;7.9;6.4;3.3;-3;0.17;3;2.8;0;485;142;60;43;95488;3.2;4.16;0.38;0.38
2016;5;25;146;19.5;15.6;11.9;12.1;10.5;8.1;2.2;-3.2;0.17;3;2.8;0;596;215;96;67;95957;3.46;0.02;0.38;0.38
2016;5;26;147;21;16.9;12;14.4;12.3;10.3;0.5;-1.4;0.17;3;2.8;0;637;228;94;72;96359;3.63;1.69;0.37;0.38
2016;5;27;148;24.1;18.2;10.4;15;13.1;9.9;0.2;2;0.17;3;2.8;0;649;225;91;67;96369;3.88;0.07;0.37;0.38
2016;5;28;149;24.5;19.8;13.5;15.8;13.8;12;-0.7;1.8;0.17;3;2.8;0;707;218;101;62;96071;3.93;0.11;0.37;0.38
2016;5;29;150;25.9;20.2;13.5;15.9;14.2;12.6;-0.2;2.9;0.17;3;2.8;0;691;246;98;71;95521;4.42;0.18;0.36;0.38
2016;5;30;151;21.4;17.9;13.9;13.7;12.9;11.9;0.7;1.9;0.17;3;2.8;0;547;209;90;75;95532;3.84;1.91;0.36;0.38
2016;5;31;152;20.7;16.3;12.4;14.2;12.9;11.5;0.5;0.3;0.17;3;2.8;0;596;204;89;58;95825;3.94;12.29;0.36;0.38
2016;6;1;153;20.2;15.5;10.4;14.1;12.2;9.9;0.4;1;0.17;3;2.8;0;640;224;98;67;95954;3.94;5.18;0.37;0.38
2016;6;2;154;19.2;15.6;10.9;14;12.4;10.3;0;-0.1;0.17;3;2.8;0;563;187;84;52;95848;3.3;6.08;0.37;0.38
2016;6;3;155;20.6;16.5;11.9;14.8;13.2;11.3;0.2;0;0.17;3;2.8;0;629;203;89;56;95804;3.76;8.31;0.37;0.38
2016;6;4;156;21.9;17.5;12.1;16.1;13.8;11.1;0.4;-0.6;0.17;3;2.8;0;601;212;91;60;95968;3.76;6.13;0.37;0.38
2016;6;5;157;20.7;17.2;12.6;15.6;14.1;11.9;0.5;-1.2;0.17;3;2.8;0;471;179;78;52;96238;3.54;10.24;0.38;0.38
2016;6;6;158;22.6;18.3;14.1;14.4;12.8;9.9;0.2;-2.4;0.17;3;2.8;0;692;236;96;69;96656;4.46;0.43;0.38;0.38
2016;6;7;159;20.4;16.8;12.5;10.6;8.5;6.4;-0.1;-1.4;0.17;3;2.8;0;736;272;125;91;96972;4.64;0;0.38;0.38
2016;6;8;160;21.7;17.1;10.6;13.4;11;8.6;0.1;0.8;0.17;3;2.8;0;647;237;111;78;96559;3.95;0.33;0.37;0.38
2016;6;9;161;21.2;17;12.3;13.8;12.9;11.4;0.8;-0.3;0.17;3;2.8;0;639;171;92;53;96111;3.14;3.68;0.37;0.38
2016;6;10;162;19.8;16.7;13.5;14.6;13.2;12.1;0.7;-0.1;0.17;3;2.8;0;586;186;88;53;95972;3.68;10.48;0.37;0.38
2016;6;11;163;20.3;16.2;11.7;15.8;13.9;10.6;0.1;-0.6;0.17;3;2.8;0;515;149;66;42;95830;3.21;25.64;0.38;0.38
2016;6;12;164;19.2;15.9;12.8;14.7;13.3;11.8;0.2;-0.4;0.17;3;2.8;0;417;142;62;42;95749;2.81;6.78;0.39;0.38
2016;6;13;165;20.4;16.6;11.9;13.4;11.8;10.9;1.2;-1.4;0.17;3;2.8;0;499;186;80;53;95220;3.46;0.18;0.39;0.38
2016;6;14;166;20.6;17;12.7;14.2;11.7;10.5;1.3;-0.6;0.17;3;2.8;0;583;193;90;60;95000;3.44;1.16;0.39;0.38
2016;6;15;167;19.8;15.7;13.1;13.1;11.8;9.9;0.8;-0.1;0.17;3;2.8;0;604;131;84;46;95109;2.73;16.17;0.4;0.38
2016;6;16;168;24.5;19.5;12.4;16.6;14;11.2;0.4;3.6;0.17;3;2.8;0;650;209;79;55;95353;4.04;0.46;0.4;0.38
2016;6;17;169;22;18.4;13;17.1;14;11.3;0.7;0.6;0.17;3;2.8;0;657;225;108;70;95660;4.61;10.77;0.4;0.38
2016;6;18;170;21.7;17;11.4;14;11.8;10.1;-0.1;0.1;0.17;3;2.8;0;639;240;108;74;96521;4.2;1.47;0.4;0.38
2016;6;19;171;21.1;17.1;13.1;13.6;12.3;10.9;1.3;-2.3;0.17;3;2.8;0;549;179;79;50;96535;3.73;3.05;0.39;0.38
2016;6;20;172;18.3;15.5;13.4;14.9;13.7;12.6;1.6;-2.4;0.17;3;2.8;0;316;92;69;32;96622;2.16;9.11;0.4;0.38
2016;6;21;173;23;18.3;11.1;16.7;14;10.6;0.3;0;0.17;3;2.8;0;663;229;98;69;97031;3.74;0.59;0.4;0.38
2016;6;22;174;25.7;20.6;13.2;17.8;15;12.2;0;-0.3;0.17;3;2.8;0;708;253;93;70;97232;4.45;0.03;0.39;0.38
2016;6;23;175;27.8;22.5;15.2;18.8;16.4;13.9;-0.1;0.3;0.17;3;2.8;0;729;255;100;70;97129;4.67;0;0.39;0.38
2016;6;24;176;28.7;24.3;18.3;20.2;18.5;16.3;-0.1;2;0.16;3;2.8;0;684;244;84;59;96651;4.75;0.47;0.38;0.38
2016;6;25;177;29.5;24;19.4;20.7;18.9;17.6;-0.6;2;0.16;2.9;2.8;0;716;256;92;63;96160;4.96;1.32;0.38;0.38
2016;6;26;178;23.6;20.7;18.6;18.2;15;13.2;0.5;-2.1;0.16;2.9;2.8;0;657;203;74;46;96355;4.41;6.06;0.38;0.38
2016;6;27;179;18.6;17.1;15.4;15.3;12.6;10.6;1.9;-3.4;0.16;2.9;2.8;0;370;131;73;41;96503;2.98;2.41;0.38;0.38
2016;6;28;180;22.2;18.4;14.6;13.3;11;8.7;1.4;-2.8;0.16;2.9;2.8;0;687;235;103;79;96556;4.46;0.01;0.37;0.38
2016;6;29;181;26.2;20.9;13;16.7;14;11.4;0.3;0.7;0.16;2.9;2.8;0;673;241;96;73;96377;4.35;0.06;0.37;0.38
2016;6;30;182;27.1;22.3;17;17.9;16;14.1;0.3;1.8;0.16;2.9;2.8;0;652;246;92;68;96333;4.58;0.22;0.36;0.38
2016;7;1;183;25.9;21.6;17.5;18.1;16.4;15.4;0.6;-0.4;0.16;2.9;2.8;0;605;208;87;59;96565;3.88;0.88;0.36;0.38
2016;7;2;184;28;22.7;16.8;18.8;17.3;15.2;0.8;1.3;0.16;2.9;2.8;0;685;250;92;62;96250;4.88;6.21;0.36;0.38
2016;7;3;185;17.1;15.8;14.4;14.5;10.2;8.5;1.9;-3.2;0.16;2.9;2.8;0;201;56;74;35;96727;2.15;0.45;0.36;0.38
2016;7;4;186;21.2;17.8;12.2;13.8;11;8.4;0;-0.4;0.16;2.9;2.7;0;565;184;88;61;96930;3.2;0.17;0.36;0.38
2016;7;5;187;25.2;20.4;14.6;17;14.2;11.9;0.9;1.8;0.16;2.9;2.7;0;702;229;98;61;96450;4.05;1.39;0.35;0.38
2016;7;6;188;22.6;19.1;15.3;15.7;10.7;8.2;2;-2.3;0.16;2.8;2.7;0;687;244;103;79;96445;4.58;0.19;0.35;0.38
2016;7;7;189;22;17.8;12.6;12.5;9.2;7.6;0.6;-1;0.16;2.8;2.7;0;527;191;88;67;96860;3.5;0.01;0.34;0.38
2016;7;8;190;24.9;20.1;13.4;16.1;13.7;10.7;0.9;2.2;0.16;2.8;2.7;0;624;225;91;67;96643;3.93;0.78;0.34;0.38
2016;7;9;191;25.1;21.2;17.4;15.2;13.6;11.9;2.1;-2;0.16;2.8;2.7;0;641;210;95;63;96584;3.94;0.12;0.34;0.38
2016;7;10;192;27.2;22.4;16.5;17.4;15.6;13.5;0.1;1.4;0.16;2.8;2.7;0;636;235;90;68;96569;4.11;0.26;0.33;0.38
2016;7;11;193;30.4;25.3;19.4;18.4;16.9;14.7;0.3;3;0.16;2.8;2.7;0;715;253;99;72;96219;4.73;0.02;0.33;0.38
2016;7;12;194;26.6;23.3;19.7;20;18.6;16;0.1;-0.4;0.16;2.8;2.7;0;581;197;71;51;96001;4.05;7.14;0.33;0.38
2016;7;13;195;21.7;19.2;16.6;15.7;14.4;12.8;0.8;-2;0.16;2.8;2.7;0;391;122;58;33;95944;3.12;9.68;0.33;0.38
2016;7;14;196;18.4;15.3;12.7;13.6;9.5;8;3.4;-3.4;0.16;2.8;2.7;0;651;229;97;63;95952;4.74;5.99;0.34;0.38
2016;7;15;197;17.9;15.1;12.1;9.5;8.5;7.2;1.4;-4.6;0.16;2.8;2.7;0;534;180;82;63;96760;3.14;0.21;0.34;0.38
2016;7;16;198;15.9;13.9;12.6;11.4;9.4;8.1;1.2;-5.7;0.16;2.8;2.7;0;250;69;53;30;96745;2.49;4.52;0.34;0.38
2016;7;17;199;21.6;17.3;13.1;15;11.7;9;2.2;-4.5;0.16;2.8;2.7;0;614;212;85;52;96596;4.07;1.15;0.34;0.38
2016;7;18;200;23.8;20.4;16.4;15.9;14.4;13.5;1.6;-2.6;0.16;2.8;2.7;0;587;198;87;59;96769;3.8;0.92;0.33;0.38
2016;7;19;201;24.1;20.3;15.4;16;14.1;12.7;0.6;-2;0.16;2.7;2.7;0;573;195;83;60;96876;3.51;0.23;0.33;0.37
2016;7;20;202;23.8;20.3;15.7;15.7;14.2;13.1;-0.2;-1.7;0.16;2.7;2.7;0;621;219;89;64;96696;3.68;0.25;0.33;0.37
2016;7;21;203;27.2;21.9;14.8;18.8;15.4;13.2;0.3;0.9;0.16;2.7;2.7;0;697;232;103;67;96439;3.91;1.07;0.32;0.37
2016;7;22;204;24.8;21.1;17.2;18.8;17.9;16.6;0.1;-0.5;0.16;2.7;2.7;0;571;187;80;48;96433;3.59;12.88;0.33;0.37
2016;7;23;205;25.4;21.9;18.3;20;18.6;16.8;-0.3;-0.3;0.16;2.7;2.7;0;606;188;75;44;96493;3.54;4.13;0.33;0.37
2016;7;24;206;26.3;22.1;18.2;19.4;18.1;17.2;0.3;-0.8;0.16;2.7;2.7;0;583;199;72;45;96588;3.81;7.72;0.33;0.37
2016;7;25;207;25.8;21.8;18.1;18.8;17.7;16.8;0.7;-1.2;0.16;2.7;2.7;0;643;193;85;55;96539;3.78;3.41;0.34;0.37
2016;7;26;208;26.5;22.5;18.5;17.7;16.8;16.1;1.1;-2.2;0.16;2.7;2.7;0;636;223;84;60;96534;4.26;0.51;0.33;0.37
2016;7;27;209;25.8;21.8;18.4;19.7;17.8;16.5;0.5;-1;0.16;2.7;2.7;0;609;198;79;54;96434;3.7;17.36;0.33;0.37
2016;7;28;210;24.4;20.8;18;17.2;15.8;13.9;1;-1.8;0.16;2.7;2.7;0;571;189;79;50;96428;3.85;0.25;0.34;0.37
2016;7;29;211;26.2;21.3;16.2;17.8;15.3;13.9;1;-0.2;0.16;2.7;2.7;0;686;218;102;65;96381;3.93;0.7;0.34;0.37
2016;7;30;212;26.8;22.1;16.1;20.4;17.8;15.1;0.5;0.9;0.16;2.7;2.7;0;653;210;88;60;96366;3.84;2.97;0.34;0.37
2016;7;31;213;28.8;23;18.3;20;17.3;14.1;0.9;1.1;0.16;2.7;2.7;0;707;218;99;58;96088;4.7;6.68;0.34;0.37
2016;8;1;214;22.1;19.4;16.3;15;13.1;11.7;1.2;-2.7;0.16;2.7;2.7;0;576;194;79;56;96478;3.75;0.16;0.34;0.37
2016;8;2;215;23.2;19.3;13.6;15.1;11.6;9.5;0.3;-1.1;0.16;2.7;2.7;0;638;202;98;67;96648;3.59;0.03;0.33;0.37
2016;8;3;216;25.6;21.2;17.6;16.4;14.4;12.7;0.2;0.2;0.16;2.7;2.7;0;532;176;83;50;96526;3.39;0.13;0.33;0.37
2016;8;4;217;28;23;17;17.4;16;14.7;0;2.4;0.16;2.6;2.7;0;636;222;93;68;96315;4.17;0.04;0.33;0.37
2016;8;5;218;25.2;19.7;15.5;18.2;15.7;12.2;0.8;-1.4;0.16;2.6;2.7;0;636;177;84;49;96194;4.31;31;0.33;0.37
2016;8;6;219;21;17.9;14.7;13;12.1;11.5;1.7;-4.6;0.16;2.6;2.7;0;543;166;76;50;96982;3.88;0.99;0.35;0.37
2016;8;7;220;22.2;18.6;15;12.5;11;9.5;0.9;-3.2;0.16;2.6;2.7;0;605;208;97;77;97379;3.88;0;0.34;0.37
2016;8;8;221;24.8;19.5;12.6;14.7;13.2;11.5;0;0.8;0.16;2.6;2.7;0;694;242;117;82;96954;4.03;0;0.34;0.37
2016;8;9;222;25.4;18.9;14.4;17.3;14.5;11.5;0.6;-1;0.16;2.6;2.7;0;663;183;97;56;96527;3.66;10.19;0.34;0.37
2016;8;10;223;14.9;13.2;11.9;13.2;10.9;8.9;1.5;-2.9;0.16;2.6;2.7;0;128;40;66;25;96460;2.44;11.3;0.35;0.37
2016;8;11;224;17.2;13.3;10.2;8.7;6.3;3.4;1.2;-3.1;0.16;2.6;2.7;0;552;192;101;77;96949;3.26;0;0.35;0.37
2016;8;12;225;17.6;14.1;8.3;11.2;8.5;5.7;1.6;-1;0.16;2.6;2.7;0;404;127;72;47;97271;2.21;0.4;0.35;0.37
2016;8;13;226;21.5;17.5;14.2;15.1;13.4;11.2;0.4;0.6;0.16;2.6;2.7;0;478;111;73;34;97275;1.95;0.42;0.35;0.37
2016;8;14;227;25.7;20.5;14.1;16.7;14.8;12.8;0.8;0.8;0.16;2.6;2.7;0;569;202;94;67;97011;3.44;0.11;0.34;0.37
2016;8;15;228;22.7;19;15.9;16.5;15.5;14.4;0.6;-1.2;0.16;2.6;2.7;0;608;161;83;52;96884;2.88;4.26;0.34;0.37
2016;8;16;229;22.2;18.5;14.9;16.5;15.4;14.1;0.1;0.2;0.16;2.6;2.7;0;586;174;93;55;96452;2.88;3.72;0.34;0.37
2016;8;17;230;20.8;17.5;14.7;15.2;12;9;0.1;-1.7;0.15;2.6;2.7;0;611;181;104;59;96121;3.3;1.07;0.34;0.37
2016;8;18;231;22;18.1;14;17.2;14.5;10.9;0.2;2;0.15;2.6;2.7;0;570;179;81;56;95988;3.03;9.16;0.34;0.37
2016;8;19;232;22.8;18.7;14.5;16.6;15.6;13.8;-0.1;0.7;0.15;2.6;2.7;0;523;154;77;55;96180;2.76;2.56;0.35;0.37
2016;8;20;233;25.1;20.2;14.6;17.5;16;14.1;0.1;2.2;0.15;2.6;2.7;0;576;179;84;61;96423;3.13;0.14;0.35;0.37
2016;8;21;234;19.3;17.6;15.1;17.6;13.6;9.7;1.6;-1.6;0.15;2.6;2.7;0;130;39;31;22;96589;1.82;9.78;0.35;0.37
2016;8;22;235;19.7;16.7;14.4;11.4;10.4;9.7;2;-4.3;0.15;2.6;2.7;0;425;138;80;54;97160;2.93;0.25;0.35;0.37
2016;8;23;236;22.8;18.7;14.5;13.4;11.6;10.1;0.9;-3.6;0.15;2.5;2.7;0;654;205;101;77;97406;3.59;0;0.35;0.37
2016;8;24;237;22.8;19.3;15.8;14.7;13.3;12.3;0.2;-2.5;0.15;2.5;2.7;0;562;178;91;66;97302;3.15;0.02;0.34;0.37
2016;8;25;238;23.7;18.7;12.8;14.8;13.3;11.3;-0.6;0.2;0.15;2.5;2.7;0;607;207;103;77;97107;3.18;0;0.34;0.37
2016;8;26;239;24.4;19.4;14;15.3;12.7;11.1;-0.3;2;0.15;2.5;2.7;0;650;215;116;82;97019;3.48;0;0.34;0.37
2016;8;27;240;26.1;20.8;14.8;16.2;14.6;12;0.2;2.6;0.15;2.5;2.7;0;653;215;107;80;96932;3.51;0;0.33;0.37
2016;8;28;241;26.9;21.8;16.6;16.9;15.5;14.5;0.5;2.6;0.15;2.5;2.7;0;642;214;102;76;96670;3.52;0;0.33;0.37
2016;8;29;242;25.8;21.4;16.9;18.5;15.9;13.7;1.1;-1.1;0.15;2.5;2.7;0;587;160;81;57;96562;2.87;0.58;0.33;0.37
2016;8;30;243;22.4;19.3;15.5;14.5;12.7;10.3;0.6;-2.8;0.15;2.5;2.7;0;515;162;91;68;97035;2.82;0.07;0.33;0.37
2016;8;31;244;22.4;17.5;11.8;11.6;10.6;9.3;-0.2;0.5;0.15;2.5;2.7;0;645;208;121;91;97107;3.03;0;0.32;0.36
2016;9;1;245;24.9;19.1;12.7;15.2;12.7;10.2;0.6;0.1;0.15;2.5;2.7;0;598;192;106;75;96924;2.89;0;0.32;0.36
2016;9;2;246;24.2;19.4;14.9;16.2;14.7;13.1;1.1;-0.8;0.15;2.5;2.7;0;568;155;92;58;96850;2.46;1.35;0.32;0.36
2016;9;3;247;24.8;19.9;14.4;16.3;14.5;12.9;0.6;0.4;0.15;2.5;2.7;0;479;161;85;64;96747;2.58;0.41;0.32;0.36
2016;9;4;248;25.9;20.8;15.9;17.9;16.4;14.1;1.1;1;0.15;2.5;2.7;0;545;172;93;57;96391;2.84;3.04;0.32;0.36
2016;9;5;249;19.1;16.8;14.3;13.4;11.7;10.4;2.3;-3.1;0.15;2.5;2.7;0;481;116;80;47;96312;3.11;4.12;0.32;0.36
2016;9;6;250;16.4;14.1;12.6;14.3;12.4;10.7;1.2;-4;0.15;2.5;2.7;0;143;40;66;25;96894;1.8;11.89;0.32;0.36
2016;9;7;251;22.1;18.3;14.8;16.5;15.1;13.6;0;-1.3;0.15;2.5;2.7;0;451;130;63;36;97074;2.24;0.53;0.33;0.36
2016;9;8;252;23.7;19.2;13.4;17;15;12.1;0.2;0.8;0.15;2.5;2.7;0;538;162;90;60;96564;2.49;0.48;0.32;0.36
2016;9;9;253;25.7;20.2;14;17.7;14.8;12.8;0.3;0.2;0.15;2.5;2.7;0;550;166;91;63;96531;2.65;0;0.32;0.36
2016;9;10;254;25;20.6;15.2;17.5;15.1;13.2;0.1;0.1;0.15;2.5;2.7;0;526;168;95;64;96560;2.58;0.23;0.32;0.36
2016;9;11;255;25.1;20.7;14.9;18;15.6;13;0.6;0.5;0.15;2.5;2.7;0;547;165;94;62;96699;2.54;0.32;0.32;0.36
2016;9;12;256;26.9;21.1;15.4;17.5;16;14.1;0.5;0.6;0.15;2.5;2.7;0;583;168;101;63;96789;2.71;0.54;0.31;0.36
2016;9;13;257;25.2;20.7;15.7;17.7;15.8;14.2;0.2;0.3;0.15;2.5;2.7;0;530;150;92;64;96591;2.31;0.12;0.31;0.36
2016;9;14;258;24.2;19.9;16.1;17;15.3;14.3;0;0.5;0.15;2.5;2.7;0;548;158;97;64;96429;2.28;0.36;0.31;0.36
2016;9;15;259;23.8;19.4;14.1;15.8;14.5;12.8;-0.1;2.1;0.15;2.5;2.7;0;522;160;92;70;96358;2.38;0.02;0.31;0.36
2016;9;16;260;25.4;20.4;15.3;16.2;15.1;14.1;0.4;1.8;0.15;2.4;2.7;0;559;165;100;68;96082;2.59;0.32;0.31;0.36
2016;9;17;261;18.5;16.4;13.2;15.5;13.6;11.1;0.5;0.6;0.15;2.4;2.7;0;262;69;61;40;95830;1.86;15.86;0.32;0.36
2016;9;18;262;18.9;14.9;12.4;14.7;13.1;11.7;0.1;0.2;0.14;2.4;2.7;0;380;100;56;36;95959;1.59;11.52;0.32;0.36
2016;9;19;263;18.5;14.8;12.3;12.8;11.5;9.1;1.2;-3.9;0.14;2.4;2.7;0;394;125;86;49;95886;2.17;0.62;0.33;0.36
2016;9;20;264;16.3;13.1;10.5;8.8;5.6;3.2;1;-4.1;0.14;2.3;2.7;0;573;153;105;76;96290;2.31;0;0.33;0.36
2016;9;21;265;15;12.1;10.2;7.6;6.1;3.8;0.7;-2.3;0.14;2.3;2.7;0;353;89;77;48;96588;1.54;0.54;0.32;0.36
2016;9;22;266;15.8;11.7;8.3;8.5;5.8;3.2;0.7;-1.8;0.14;2.3;2.7;0;555;157;110;77;96983;2.16;0.07;0.32;0.36
2016;9;23;267;17.7;12.6;7.3;9.1;6.9;4.9;0.6;0;0.14;2.3;2.7;0;521;149;104;72;97252;1.92;0;0.32;0.36
2016;9;24;268;19.3;14.1;8.3;10.4;8.8;6.9;0.4;0.3;0.14;2.2;2.7;0;525;143;106;72;97360;1.86;0;0.32;0.36
2016;9;25;269;19.7;14.7;9.1;10.9;9.1;7.6;-0.1;0.7;0.14;2.2;2.7;0;539;151;113;69;96954;1.93;0;0.32;0.36
2016;9;26;270;17.5;14.1;11.3;11;10.3;9.2;0;0.6;0.14;2.2;2.7;0;428;112;78;52;96973;1.53;0.92;0.32;0.36
2016;9;27;271;17.6;13.4;8.7;11.6;9.7;7.8;0.2;0.8;0.14;2.1;2.7;0;427;117;84;62;97326;1.52;0.69;0.32;0.36
2016;9;28;272;21.3;14.9;8.4;11.7;9.6;7.3;1.2;0.6;0.14;2.1;2.6;0;486;146;115;73;97504;1.83;0;0.31;0.36
2016;9;29;273;23.3;16.7;10.8;12.6;11.1;9.1;0.9;1.3;0.14;2.1;2.6;0;517;142;109;72;97046;1.95;0;0.31;0.36
2016;9;30;274;22.7;16.7;11.8;13.1;11.6;9.6;0.6;0.8;0.14;2.1;2.6;0;520;148;117;80;96528;1.83;0;0.31;0.36
2016;10;1;275;21.5;15.8;10.7;13.2;11.4;9.2;0.3;1.3;0.14;2;2.6;0;511;147;114;79;96141;1.66;0;0.31;0.36
2016;10;2;276;17.3;14.2;11.4;13.8;12;9.5;0.7;-1;0.14;2;2.6;0;204;45;59;29;96223;0.98;5.5;0.31;0.36
2016;10;3;277;14.3;12.3;10.3;9.5;7;5.6;2.4;-3;0.14;2;2.6;0;432;108;89;54;96791;2.05;1.47;0.31;0.36
2016;10;4;278;10.3;9.2;7.2;9.2;5.8;0.3;2.7;-4.3;0.14;2;2.6;0;111;22;85;38;96869;1.81;8.21;0.32;0.36
2016;10;5;279;8.9;6.9;5.4;1.9;0.8;-0.3;2.5;-4.1;0.14;1.9;2.6;0;436;123;95;70;96862;1.56;1.12;0.32;0.36
2016;10;6;280;8;6.8;5.2;5.7;3.8;1.5;1.9;-1.8;0.14;1.9;2.6;0;172;36;47;21;96196;1.39;4.58;0.32;0.36
2016;10;7;281;9.1;7;5;5.8;3.6;0.7;-0.1;-1.6;0.14;1.9;2.6;0;321;73;66;34;96431;1.13;2.32;0.32;0.36
2016;10;8;282;11.1;7.2;2.8;5.7;3.7;1.9;0.7;-0.5;0.14;1.9;2.6;0;345;88;78;50;96614;0.99;1.42;0.32;0.36
2016;10;9;283;11.1;6.8;2.4;4.9;3.8;1.5;0.9;-0.6;0.14;1.8;2.6;0;416;105;95;63;96923;1.22;1.57;0.32;0.36
2016;10;10;284;10.3;6.4;2.4;6.6;4.6;1.7;0.5;-1.6;0.14;1.8;2.6;0;347;92;79;51;96813;1.2;7.31;0.32;0.36
2016;10;11;285;7;5.5;4.5;4.6;3.8;3;0.5;-2.8;0.14;1.8;2.6;0;235;52;65;26;96262;1.56;7.58;0.33;0.36
2016;10;12;286;8.6;6.1;4.2;3.8;3;2.4;2.2;-3.5;0.14;1.8;2.6;0;288;65;70;38;96131;0.92;0.49;0.33;0.36
2016;10;13;287;10.6;8;5.5;4.7;3.5;2.5;-0.2;0.6;0.14;1.7;2.6;0;302;74;71;36;96534;0.96;0.29;0.33;0.36
2016;10;14;288;13;9.7;6.5;6.6;5.6;4.4;-1.1;4.1;0.14;1.7;2.6;0;337;91;69;47;96498;0.93;0;0.33;0.36
2016;10;15;289;16.8;11.2;7.6;11.2;8.3;5.4;-0.2;1.5;0.14;1.7;2.6;0;437;106;88;55;96358;0.95;0.23;0.33;0.36
2016;10;16;290;16.8;12.3;8.2;10;9.3;7.9;0.4;-2;0.14;1.7;2.6;0;393;95;79;44;96999;1.05;0.01;0.33;0.36
2016;10;17;291;12.8;10.7;8.9;11.1;9.5;7.9;-1.2;1;0.13;1.7;2.6;0;104;23;23;10;97283;0.33;0.76;0.33;0.36
2016;10;18;292;10.1;8.2;7.3;9.4;7.2;6.5;-0.7;1.4;0.13;1.6;2.6;0;100;24;19;10;97034;0.83;2.96;0.33;0.36
2016;10;19;293;11.6;9;7.4;8.5;7.7;6.9;-0.2;1.1;0.13;1.6;2.6;0;193;43;29;17;96689;0.79;11.35;0.33;0.36
2016;10;20;294;7.7;6.4;2.4;7.3;5.7;2.4;0.1;-0.7;0.13;1.6;2.6;0;102;21;68;24;96296;0.71;15.08;0.35;0.36
2016;10;21;295;10.3;6.4;3.3;6;4.4;2.9;0.4;0;0.13;1.6;2.6;0;303;59;83;40;96187;0.72;1.61;0.36;0.36
2016;10;22;296;11.4;6.4;1.1;4.8;3.1;0.3;0.6;1.6;0.13;1.6;2.6;0;425;94;104;66;96374;0.92;0.14;0.36;0.36
2016;10;23;297;12.3;8.1;4.7;7.4;5.5;4.2;0.2;3.1;0.13;1.6;2.6;0;327;74;83;55;96438;0.66;0;0.36;0.36
2016;10;24;298;17.1;11.5;6.5;11.5;9;5.8;0.9;2.4;0.13;1.6;2.6;0;357;90;97;63;96536;0.75;0;0.36;0.36
2016;10;25;299;17.9;13;8.4;12.4;10.6;7.6;0.5;-0.3;0.13;1.6;2.6;0;327;76;75;39;96787;0.79;13.11;0.35;0.36
2016;10;26;300;12.4;10.5;8;11.3;8;4.4;0.2;-2.9;0.13;1.6;2.6;0;300;71;77;36;97304;1.02;2.26;0.37;0.36
2016;10;27;301;10.8;8.5;7.2;6.2;4.7;2.6;0.1;-2.3;0.13;1.6;2.6;0;230;40;51;26;97779;0.64;0.51;0.37;0.36
2016;10;28;302;12.3;8.5;5.8;7;5.7;4.4;0.4;0.3;0.13;1.5;2.6;0;318;65;92;47;97933;0.58;0.01;0.37;0.36
2016;10;29;303;12.2;10;8.2;8;6.4;4.3;1.6;-1.9;0.13;1.5;2.6;0;166;34;69;26;97541;0.61;0.48;0.37;0.36
2016;10;30;304;9.9;7.8;5.8;4.1;3.2;2.8;1.5;-2.8;0.13;1.5;2.6;0;251;59;80;62;97395;0.66;0.04;0.37;0.36
2016;10;31;305;10.4;5.9;2.2;2.9;1.7;0.4;0.8;-1.3;0.12;1.5;2.6;0;390;96;113;82;97474;0.8;0;0.36;0.36
2016;11;1;306;13.6;7.3;1.8;4.9;2.9;0.2;1;1.2;0.12;1.5;2.6;0;365;86;103;65;96859;0.79;0;0.36;0.36
2016;11;2;307;13;7.6;3.9;7.1;3.7;-0.5;2;-1.4;0.12;1.5;2.6;0;297;55;73;41;96166;1.07;1.54;0.36;0.36
2016;11;3;308;7.5;4.8;0.6;1.5;0.1;-0.7;1.7;-1.9;0.12;1.5;2.6;0;309;75;99;70;96726;0.85;0.54;0.36;0.36
2016;11;4;309;7.3;4.3;1.7;2.6;1.4;0.7;0.4;3;0.12;1.5;2.6;0;254;63;85;55;96653;0.55;0.05;0.36;0.36
2016;11;5;310;10.1;6.6;1.4;8.9;4.4;-0.4;0.9;3.5;0.12;1.5;2.6;0;207;56;77;50;95433;0.58;2.69;0.36;0.36
2016;11;6;311;9.2;6.7;2.9;8;5.6;1.5;0.8;-2;0.12;1.4;2.6;0.05;62;12;29;10;94728;0.94;17.47;0.37;0.36
2016;11;7;312;6.1;3.8;0.3;2.4;1.2;-0.3;0.9;-0.7;0.13;1.4;2.6;0.4;186;40;83;37;95422;0.73;1.39;0.38;0.36
2016;11;8;313;3.2;1.2;-0.3;0.8;-0.2;-1.7;0.3;-1.5;0.13;1.4;2.6;0.74;149;29;70;34;95701;0.63;3.81;0.38;0.36
2016;11;9;314;5.8;1.4;-1.2;-1.3;-2.9;-4.9;0.5;-0.5;0.13;1.4;2.6;1.03;352;81;103;75;95585;0.72;0.01;0.38;0.36
2016;11;10;315;8.2;3.2;0.4;2.4;0.2;-1.9;0.8;1.2;0.13;1.4;2.6;0.89;309;67;95;53;95656;0.53;0.6;0.38;0.36
2016;11;11;316;7.1;2.9;-0.7;3.1;1.3;-1.7;0.2;-0.5;0.13;1.4;2.6;0.71;202;46;54;35;96010;0.41;5.97;0.38;0.36
2016;11;12;317;2.7;0.7;-1.4;2.6;-1.2;-4.6;1.4;-4.7;0.23;1.4;2.6;7.48;121;22;65;22;96526;0.84;13.23;0.39;0.36
2016;11;13;318;0.8;-1.6;-3.2;-4.9;-5.9;-6.8;1.4;-3.5;0.27;1.4;2.6;9.59;291;67;98;79;97249;0.67;0;0.39;0.36
2016;11;14;319;1.5;-1.1;-4.2;-2.5;-4;-6.2;0.5;-1.2;0.26;1.4;2.6;9.16;218;48;65;42;97877;0.32;0.01;0.39;0.36
2016;11;15;320;2.5;-1;-4.7;-2.4;-4.1;-6.3;0.9;2.3;0.24;1.3;2.6;8.58;278;65;100;58;97683;0.46;1.05;0.38;0.36
2016;11;16;321;4.2;2.6;0.7;2.9;1.2;-2.3;0.7;1.5;0.23;1.3;2.6;7.94;54;10;4;-4;96857;0.3;7.78;0.39;0.36
2016;11;17;322;7.8;4.5;2.8;5.7;3.8;2.3;0.4;1.1;0.19;1.4;2.6;4.8;199;43;52;27;96343;0.21;0.47;0.4;0.36
2016;11;18;323;12.3;7.9;2.9;8.9;6;2.6;1.6;3.7;0.15;1.4;2.6;2.35;273;57;81;49;95919;0.33;0;0.4;0.36
2016;11;19;324;13.3;9.8;6.2;10.8;8.2;2.5;0.6;2.4;0.12;1.4;2.6;0.45;211;43;54;29;95941;0.92;5.92;0.4;0.36
2016;11;20;325;12.2;9;5.5;10;6.7;2.7;0.5;3.8;0.12;1.4;2.6;0.09;210;44;75;36;96197;0.42;0.02;0.4;0.36
2016;11;21;326;13.1;10.9;8.4;10.2;9.3;7.5;0.3;5;0.11;1.4;2.6;0;194;44;66;47;96255;0.29;0;0.4;0.36
2016;11;22;327;14.4;11.4;9.5;9.9;9.3;8.4;0.3;4.7;0.11;1.4;2.6;0;262;56;82;64;96462;0.46;0;0.4;0.36
2016;11;23;328;12.4;10;8.1;9.8;9;7.6;-0.1;2.8;0.11;1.4;2.6;0;133;29;61;39;96734;0.07;0.01;0.4;0.36
2016;11;24;329;11.9;9.1;6.6;9.5;8.4;6.3;-0.1;0.3;0.11;1.4;2.6;0;112;23;47;16;96636;0.3;0.79;0.39;0.36
2016;11;25;330;6.9;6.5;5.9;6.6;6.2;5.8;-0.4;-0.7;0.11;1.4;2.6;0;43;9;13;3;96614;0.35;1.79;0.39;0.36
2016;11;26;331;10.3;7.4;6.2;7.1;6.4;5.8;-0.2;0.8;0.11;1.4;2.6;0;180;37;58;20;96438;0.43;0.01;0.39;0.36
2016;11;27;332;8.5;6.3;2.3;6;2.5;-1.5;1.5;-2.4;0.11;1.4;2.6;0;170;28;78;31;96079;0.52;0.32;0.39;0.36
2016;11;28;333;2;0;-2.1;-1.8;-6.1;-8.3;1.3;-4.5;0.12;1.4;2.6;0.2;264;58;100;79;96841;0.6;0.46;0.39;0.36
2016;11;29;334;0.9;-1.6;-3.1;-6.3;-7.7;-9.1;1.1;-3;0.12;1.4;2.6;0.38;284;62;109;89;97721;0.44;0;0.39;0.37
2016;11;30;335;4.4;-0.2;-3.7;-4.1;-7;-9.2;1.2;0;0.12;1.4;2.6;0.34;274;60;107;67;97500;0.31;0.08;0.39;0.37
2016;12;1;336;4.6;3.3;1.8;-3.2;-4.8;-7.3;3.5;-2;0.12;1.4;2.6;0.69;110;25;55;38;96587;0.47;0.49;0.39;0.37
2016;12;2;337;5;2.7;-1.2;1.2;-2.3;-4.5;3.2;-3.3;0.12;1.4;2.6;0.76;116;25;93;57;96160;0.85;2.14;0.39;0.37
2016;12;3;338;3;-0.5;-2.9;-3;-4.3;-5.4;0.5;-0.8;0.12;1.4;2.6;0.81;282;60;112;80;97110;0.28;0;0.38;0.37
2016;12;4;339;1.6;-1.8;-3.4;-2.1;-3.7;-4.9;0;1.2;0.12;1.4;2.6;0.74;216;45;86;65;97551;0.06;0;0.38;0.37
2016;12;5;340;3;-1.2;-3.8;-2.7;-4.2;-5.8;0.3;1.6;0.12;1.4;2.6;0.71;252;54;101;64;97503;0.1;0;0.38;0.37
2016;12;6;341;4.8;-0.6;-4.3;-0.3;-3.1;-5.6;0.7;-0.9;0.12;1.4;2.6;0.67;254;54;103;68;97582;0.05;0;0.38;0.37
2016;12;7;342;1.6;-0.8;-2.2;-1.4;-2.7;-3.6;0.4;0.7;0.12;1.4;2.6;0.62;142;32;72;48;98222;-0.01;0;0.38;0.37
2016;12;8;343;6;0.3;-2.7;0.9;-2.6;-4.7;0.9;0.9;0.12;1.4;2.6;0.55;243;50;91;54;97918;0.16;0;0.38;0.37
2016;12;9;344;8.8;2.7;-2.2;1.5;-2.9;-6.3;1.6;-0.1;0.12;1.4;2.6;0.46;266;56;100;52;97522;0.21;0;0.38;0.37
2016;12;10;345;11;3.3;-1;7.5;1.4;-2;1.4;0.3;0.12;1.4;2.6;0.36;246;51;86;51;97184;0.12;0;0.38;0.37
2016;12;11;346;9.3;4.1;-0.9;4.6;0.7;-2.8;1.9;-0.6;0.12;1.4;2.6;0.27;228;46;83;56;96461;0.19;0.01;0.38;0.37
2016;12;12;347;5.8;3.4;-1.7;1.8;0.3;-4.5;2;-3;0.11;1.4;2.6;0.26;161;39;75;46;96700;0.85;2.2;0.38;0.37
2016;12;13;348;0.8;-1.7;-4.2;-2.7;-4.9;-7.9;0.3;0.7;0.12;1.4;2.6;0.56;173;34;82;62;97501;0.24;0;0.38;0.37
2016;12;14;349;4.5;1.4;-2.5;2.6;-0.5;-4.3;0.7;-0.4;0.12;1.4;2.6;0.53;96;20;48;17;97109;0.1;1.83;0.38;0.37
2016;12;15;350;2.6;0.8;-1.4;2.4;-0.8;-3.4;0;-2;0.12;1.4;2.6;0.41;161;32;60;35;97579;0.36;0.16;0.38;0.37
2016;12;16;351;2.1;-0.4;-2.9;-2;-3;-4.2;-0.1;1.9;0.12;1.4;2.6;0.42;191;42;80;59;98074;0.18;0;0.38;0.37
2016;12;17;352;3.2;-0.4;-2.6;-2.3;-4.4;-7.1;0.6;0.4;0.12;1.4;2.6;0.41;236;51;102;76;98224;0.16;0;0.38;0.37
2016;12;18;353;3.9;0.2;-2.8;0.7;-1.9;-5.3;0.5;0.2;0.12;1.4;2.6;0.44;163;33;60;33;97917;0.02;1.61;0.38;0.37
2016;12;19;354;0.9;-1.2;-2.5;-1;-2.2;-3.3;-0.3;2.1;0.13;1.4;2.6;1.34;115;21;37;19;97885;0.28;0.01;0.38;0.37
2016;12;20;355;0.3;-1.9;-2.9;-3.3;-4.1;-5.5;-0.5;3;0.13;1.3;2.6;1.34;180;34;83;40;97646;0.11;0;0.37;0.37
2016;12;21;356;0.5;-2.4;-3.4;-4.4;-5.4;-6.4;-0.4;2.7;0.13;1.3;2.6;1.35;206;41;73;48;97836;0.06;0.01;0.37;0.37
2016;12;22;357;1.1;-2.4;-4;-4.2;-5.1;-5.6;-0.1;1.2;0.13;1.3;2.6;1.34;238;48;103;60;97945;0.05;0;0.37;0.37
2016;12;23;358;4;-0.7;-3.9;-0.5;-3;-5.8;0.6;0.4;0.13;1.3;2.6;1.23;212;42;68;45;98062;0.03;0;0.37;0.37
2016;12;24;359;4.7;0.5;-2.4;0.8;-1.2;-3.2;0.7;1.2;0.13;1.3;2.6;1.06;235;45;89;46;97507;0;0.02;0.37;0.37
2016;12;25;360;5.9;3.8;1;2.6;0.6;-1.5;2.7;-0.7;0.12;1.3;2.6;0.88;147;23;44;25;97138;0.56;1.42;0.37;0.37
2016;12;26;361;9.5;5.9;2.1;6.6;3.7;0.6;1.3;-0.4;0.12;1.3;2.6;0.51;214;44;80;44;97233;0.08;0.17;0.37;0.37
2016;12;27;362;5.1;3.1;1.6;2.6;-3;-5.4;4.1;-3.7;0.12;1.3;2.6;0.38;245;51;97;74;97620;0.78;0.64;0.37;0.37
2016;12;28;363;3.3;1.6;-1.3;1.6;-1.4;-6.1;1.5;-4.6;0.15;1.3;2.6;2.78;173;29;91;52;97949;1.01;11.76;0.38;0.37
2016;12;29;364;0.3;-1.9;-3.8;-5.3;-6;-6.7;1.1;-3.1;0.16;1.3;2.6;3.45;236;51;94;85;98515;0.31;0;0.38;0.37
2016;12;30;365;2.3;-2.5;-5.3;-4.3;-6.8;-9;0.8;-0.5;0.15;1.3;2.6;3.32;249;52;106;74;98370;0.06;0;0.38;0.37
2016;12;31;366;4;-2.4;-5.3;-3.1;-6.8;-9.6;1.1;0.3;0.15;1.3;2.6;3.07;249;54;112;73;97831;0.05;0;0.38;0.37
2017;1;1;1;3.8;-2.8;-6.2;-2.7;-7.2;-11.2;1;0.4;0.15;1.3;2.6;2.79;255;55;114;75;96893;0.04;0;0.38;0.37
2017;1;2;2;3.5;-2.2;-6.4;-3.8;-6.7;-10.6;1.1;-0.3;0.14;1.3;2.6;2.59;261;56;111;65;96418;0.06;0.17;0.38;0.37
2017;1;3;3;2.2;-1.4;-3.9;-4.2;-6.4;-8.2;1.7;-0.7;0.14;1.3;2.6;2.63;252;54;105;72;96747;0.06;0.01;0.38;0.37
2017;1;4;4;4.2;0.8;-2.2;-3.2;-5.7;-8.3;2.7;-0.1;0.14;1.2;2.6;2.62;201;39;87;53;95549;0.21;0.48;0.38;0.37
2017;1;5;5;0;-3.3;-7.1;-5;-8.9;-13.2;1.4;-4.8;0.16;1.2;2.6;3.49;201;44;94;76;96312;0.23;1.35;0.38;0.37
2017;1;6;6;-6.2;-7.9;-10.3;-13.5;-15.6;-17.6;1.1;-6.6;0.18;1.2;2.6;4.39;157;35;95;70;97631;0.29;1.14;0.38;0.37
2017;1;7;7;-7.5;-9.6;-11.3;-14.6;-16.9;-18.7;0.9;-4.1;0.18;1.2;2.5;4.8;256;54;112;83;97619;0.13;0.33;0.37;0.37
2017;1;8;8;-5.7;-7.3;-8.5;-8.6;-10.1;-13.7;0;-2.2;0.24;1.2;2.5;6.87;127;27;79;34;97139;0.08;2.56;0.37;0.37
2017;1;9;9;-3.2;-5.5;-7.7;-5.9;-7.6;-9.6;0.1;-3.7;0.24;1.2;2.5;7.62;219;44;76;43;96985;0.11;0.5;0.37;0.37
2017;1;10;10;-7.7;-10.6;-13.3;-9.7;-14;-17.3;-0.6;2.2;0.24;1.2;2.5;7.89;197;42;91;61;96548;0.13;0.11;0.37;0.37
2017;1;11;11;-3.1;-9.1;-15.7;-8.9;-13.8;-19.3;1.2;2.5;0.24;1.2;2.5;7.9;257;57;108;66;96228;0.22;1.99;0.37;0.37
2017;1;12;12;3.3;-0.5;-4.9;-1.4;-3.7;-8.8;1.4;0.9;0.27;1.2;2.5;9.68;159;32;64;36;95747;0.22;0.64;0.37;0.37
2017;1;13;13;2.4;0.7;-0.7;1;-1.7;-5.4;1.6;0.4;0.28;1.2;2.5;10.16;94;14;58;28;94636;0.37;5.31;0.38;0.37
2017;1;14;14;0.4;-1.2;-3.6;-3.9;-5.6;-8;2.3;-1.3;0.29;1.2;2.5;11.1;148;29;77;59;95246;0.37;0.98;0.38;0.37
2017;1;15;15;0.5;-3;-5.8;-5.5;-7.7;-10.2;1.6;-0.4;0.29;1.2;2.5;11.17;204;47;97;62;96347;0.26;0.14;0.38;0.37
2017;1;16;16;-1.4;-4.4;-7.6;-6.7;-8.9;-12.2;0.4;-1.8;0.28;1.2;2.5;10.62;212;43;84;50;96675;0.25;0.12;0.38;0.37
2017;1;17;17;-2.1;-4.1;-5.2;-6.7;-7.7;-8.4;0.6;-4.4;0.28;1.2;2.5;10.36;203;43;76;57;97320;0.34;0.1;0.37;0.37
2017;1;18;18;-3;-5;-6.9;-8;-8.6;-10.1;0.8;-3.4;0.27;1.2;2.5;10.15;205;49;91;66;97905;0.24;0.02;0.37;0.37
2017;1;19;19;-2.1;-6.2;-9.7;-7.2;-9.8;-12.8;0.4;-1.1;0.26;1.2;2.5;9.85;259;58;106;69;98122;0.16;0;0.37;0.37
2017;1;20;20;-0.1;-6.1;-10.1;-5.6;-9.3;-12.2;0.5;1;0.25;1.2;2.5;9.37;266;60;108;67;98047;0.16;0;0.37;0.37
2017;1;21;21;1.5;-5.9;-10.3;-4.9;-9.3;-13;0.4;1.3;0.24;1.2;2.5;8.77;272;62;106;67;97778;0.17;0;0.37;0.37
2017;1;22;22;0.8;-5.4;-11;-5.5;-8.8;-12.9;-0.1;2.6;0.24;1.1;2.5;8.4;275;63;99;68;97660;0.21;0;0.37;0.37
2017;1;23;23;-2.2;-5.4;-7.4;-6.3;-7.8;-9.3;-0.4;2.3;0.24;1.1;2.5;8.26;202;47;98;54;97147;0.11;0;0.37;0.37
2017;1;24;24;-2.8;-5.8;-8.9;-7.1;-8.6;-10.4;0.2;-1.9;0.23;1.1;2.5;8.18;174;38;62;40;97105;0.13;0.03;0.37;0.37
2017;1;25;25;-1.4;-4.1;-7.1;-5.2;-6.9;-10;0.4;-1.9;0.23;1.1;2.5;8.09;181;39;57;38;97478;0.11;0.15;0.37;0.37
2017;1;26;26;-0.5;-3.1;-5.1;-5.3;-6;-7.1;-0.2;2.2;0.23;1.1;2.5;8.07;193;42;79;43;97706;0.16;0.04;0.37;0.37
2017;1;27;27;-0.6;-3.9;-6.7;-5.6;-6.7;-8.4;-0.2;3.6;0.23;1.1;2.5;7.9;259;59;105;64;97309;0.12;0;0.37;0.37
2017;1;28;28;-1.9;-5.6;-8.1;-5.7;-7.8;-9.8;-0.6;1.9;0.23;1.1;2.5;7.81;235;48;80;43;97019;0.14;0.06;0.37;0.37
2017;1;29;29;-1.2;-5.4;-7.5;-5.3;-7.6;-9.1;-0.4;0.9;0.22;1.1;2.5;7.72;280;59;104;54;97194;0.13;0;0.37;0.37
2017;1;30;30;-2.2;-6.2;-9.3;-6.3;-8.4;-10.4;-0.5;2.4;0.22;1.1;2.5;7.64;232;49;81;34;96899;0.12;0.03;0.37;0.37
2017;1;31;31;0.7;-4.4;-8.2;-3.3;-7.2;-10.4;-0.6;1.4;0.22;1.1;2.5;7.76;267;56;65;33;96499;0.19;1.49;0.37;0.37
2017;2;1;32;1.6;-1.9;-5.6;-1.5;-3.6;-7.1;0;0;0.27;1.1;2.5;10.06;240;50;60;30;96636;0.23;3.53;0.37;0.37
2017;2;2;33;4.4;0;-3;1.5;-1.3;-3.4;0.1;0.2;0.27;1.1;2.5;9.51;206;48;74;29;96360;0.07;0;0.37;0.37
2017;2;3;34;6;0.1;-3.3;2.3;-1.2;-3.8;0.6;-0.2;0.23;1.1;2.5;7.54;234;57;68;35;95704;0.05;0.03;0.37;0.37
2017;2;4;35;7.6;1.8;-3;3.5;0.4;-3.6;0.5;1;0.2;1.1;2.5;5.59;278;63;98;35;95364;0;0.62;0.37;0.37
2017;2;5;36;9.4;3;-2.6;2.6;0.2;-4;0.4;1;0.17;1.1;2.5;3.75;360;85;115;58;95312;0.15;1.11;0.38;0.37
2017;2;6;37;2.7;1.3;-0.2;2.1;0.8;-1.5;0.4;-2.2;0.17;1.1;2.5;3.47;117;18;21;6;95788;0.18;12.2;0.39;0.37
2017;2;7;38;2.1;-0.9;-3.6;-1.9;-4.1;-6.1;1.1;-3.8;0.18;1.1;2.5;4.11;334;81;100;66;96377;0.37;0.04;0.39;0.37
2017;2;8;39;-0.4;-2.5;-4;-6.2;-6.7;-7.6;0.4;-2.7;0.17;1.1;2.5;4;240;60;69;46;96892;0.13;0.05;0.39;0.37
2017;2;9;40;0.2;-1.9;-3.9;-2.6;-4.9;-7.9;-0.6;0;0.17;1.1;2.5;4.01;169;46;49;26;97356;0.06;0.51;0.39;0.37
2017;2;10;41;0.8;-1;-2.4;-2.5;-4;-5.4;-0.9;2.8;0.18;1.1;2.5;4.45;215;49;74;29;97257;0.13;0.21;0.39;0.37
2017;2;11;42;2.3;-0.4;-2.8;-2.7;-3.5;-5.2;-0.8;3.2;0.18;1.1;2.5;4.38;245;56;53;33;97167;0.13;0.08;0.38;0.37
2017;2;12;43;2;-0.1;-1.8;-2.9;-3.3;-4.5;-1.1;2.2;0.18;1.1;2.5;4.18;232;48;44;24;97606;0.1;0.06;0.38;0.37
2017;2;13;44;2.9;-0.7;-3;-3.4;-4.2;-5;-0.8;1.3;0.17;1.1;2.5;3.91;388;91;112;64;97979;0.11;0.04;0.38;0.37
2017;2;14;45;6.2;-0.1;-4.4;-1.2;-3.6;-6;0.3;1.8;0.17;1.1;2.5;3.29;402;102;116;77;98025;0.16;0;0.38;0.37
2017;2;15;46;9.1;1.9;-3.8;1.9;-2.9;-6.8;0.6;-0.1;0.15;1.1;2.5;2.42;409;104;120;72;98126;0.13;0;0.38;0.37
2017;2;16;47;9.6;2.3;-3.2;2.8;-1.5;-5.9;0.8;0.7;0.14;1.1;2.5;1.65;416;106;117;68;97807;0.19;0;0.38;0.37
2017;2;17;48;6.8;2;-2.5;3;-0.3;-3.7;0.8;-0.7;0.13;1.1;2.5;1.09;307;70;83;42;97024;0.29;1.03;0.38;0.37
2017;2;18;49;5.5;2.2;-1.4;1.4;-0.2;-2.6;1.3;-2.3;0.13;1.1;2.5;0.77;318;77;86;55;97093;0.59;0.49;0.38;0.37
2017;2;19;50;6.3;1.2;-3.5;1.2;-1.9;-4.5;0.6;0.7;0.13;1.1;2.5;0.59;374;84;98;60;97046;0.37;0.06;0.38;0.37
2017;2;20;51;8.8;2.7;-1;2.3;-0.5;-2.6;1.4;0.6;0.12;1.1;2.5;0.44;328;75;84;41;96715;0.34;0.1;0.38;0.37
2017;2;21;52;8.6;5.4;1.7;6;3.5;-0.4;1.8;0.1;0.12;1.1;2.5;0.27;122;31;22;9;96081;0.24;2.81;0.38;0.37
2017;2;22;53;14.1;6.6;1.2;6.7;4.1;0.4;1.3;1.1;0.12;1.1;2.5;0.14;412;81;100;35;95947;0.63;2.61;0.39;0.37
2017;2;23;54;13.6;7;1.5;5.2;2.6;0.4;1.4;1.8;0.12;1.1;2.5;0.06;371;72;87;45;95349;0.49;0;0.39;0.37
2017;2;24;55;8.4;5;1.7;2.1;-0.8;-3.8;1.8;-0.9;0.12;1.1;2.5;0.02;281;56;76;48;95500;0.65;0.49;0.38;0.37
2017;2;25;56;7.1;2.4;-2.7;-3.5;-5.1;-6.8;0.7;-0.7;0.12;1.1;2.5;0.04;436;119;117;82;96880;0.85;0;0.38;0.37
2017;2;26;57;9.1;4.2;0.4;0.1;-3.2;-6.4;0.9;2.2;0.12;1.2;2.5;0.04;343;94;81;60;96520;0.73;0;0.38;0.37
2017;2;27;58;11.1;6.1;0.3;3.5;0.1;-2.8;0.8;2.9;0.12;1.2;2.5;0.02;413;109;98;67;95818;0.84;0;0.38;0.37
2017;2;28;59;12.5;7.8;2.8;5.1;1.4;-2.8;2;4.6;0.12;1.2;2.5;0;409;108;92;69;94842;1.06;2.2;0.38;0.37
2017;3;1;60;9.1;5.1;0.5;5.6;-1.3;-4.4;2.1;-1.2;0.12;1.2;2.5;0.01;397;92;103;58;95383;1.26;2.2;0.38;0.37
2017;3;2;61;10.8;5.2;0.2;4.4;-0.5;-3.8;1.3;0.6;0.12;1.2;2.5;0;324;65;92;45;96009;0.55;0.28;0.38;0.37
2017;3;3;62;11.4;5.6;-2.4;3;-0.2;-4.9;1.2;3.2;0.12;1.2;2.5;0;468;126;111;75;96396;0.97;0;0.38;0.37
2017;3;4;63;14.4;9.9;5.6;5.1;3.7;3.1;1.7;5.6;0.12;1.2;2.5;0;507;137;111;80;95234;1.33;0.09;0.38;0.37
2017;3;5;64;12.4;8.4;4.2;5.4;4;2.6;0.8;2.4;0.12;1.2;2.5;0;421;100;92;68;95309;0.93;0.31;0.38;0.37
2017;3;6;65;9.8;5;0.8;2.1;0.3;-2.3;1.3;0.6;0.12;1.2;2.5;0;335;102;102;66;95157;0.99;0.79;0.38;0.37
2017;3;7;66;8.3;4.6;0.4;1.4;0.3;-0.9;1.6;-2.9;0.12;1.2;2.5;0;424;111;77;60;95679;0.91;0.08;0.37;0.37
2017;3;8;67;8.9;4.6;1.3;0.6;-0.8;-1.9;0.8;-3.1;0.12;1.2;2.5;0;529;146;118;81;96843;1.03;0;0.37;0.37
2017;3;9;68;11.9;6.7;1.7;5.6;3;-1.3;1.1;0.1;0.13;1.2;2.5;0;350;84;75;36;96530;0.92;4.45;0.37;0.37
2017;3;10;69;6.8;4.5;2.6;3;1.6;-0.3;2.7;-4.1;0.13;1.3;2.5;0.01;415;114;81;62;96485;1.74;3.55;0.38;0.37
2017;3;11;70;7.7;4.5;1.9;-0.4;-1.8;-3.3;0.7;-4.1;0.13;1.3;2.5;0.05;417;123;80;62;96900;1.12;0.32;0.38;0.37
2017;3;12;71;5.9;3;0.1;-0.4;-2.2;-3.4;0.5;-2.8;0.13;1.3;2.5;0.11;369;105;80;61;96580;1.07;0.59;0.37;0.37
2017;3;13;72;8.7;3.4;-1.8;-0.4;-1.6;-3.5;1;-1.8;0.13;1.3;2.6;0.09;558;159;117;83;97035;1.03;0;0.37;0.37
2017;3;14;73;11.1;5.7;-1.1;1.5;-0.3;-2.7;1.3;-2.5;0.13;1.3;2.6;0.05;546;135;107;64;97457;1.1;0.03;0.37;0.37
2017;3;15;74;11.3;7.2;0.8;4.1;2.5;-0.6;1.6;-2.3;0.13;1.3;2.6;0.01;342;81;73;51;97410;0.7;0;0.37;0.37
2017;3;16;75;13.7;7.8;1.8;3;1.7;0.6;1.3;-1.6;0.13;1.3;2.6;0;499;154;118;82;97056;1.38;0;0.37;0.37
2017;3;17;76;16.7;9.4;0.6;5.5;2.5;-1.2;1;1.2;0.13;1.3;2.6;0;570;165;123;77;96266;1.54;0.29;0.37;0.37
2017;3;18;77;9.9;8;6;7.9;5.3;2.9;1.8;-0.5;0.13;1.4;2.6;0;149;46;74;36;95478;1.07;7.18;0.37;0.37
2017;3;19;78;8.4;7.3;5.7;7.2;5.8;4.7;0.8;-0.4;0.13;1.4;2.6;0;136;32;54;17;95764;0.93;9.22;0.38;0.37
2017;3;20;79;14.5;9.8;5.2;8.3;6.5;4.3;0.9;-0.2;0.13;1.4;2.6;0;296;82;63;39;95902;0.98;0.14;0.38;0.37
2017;3;21;80;16.2;10.4;3.5;8.4;6.6;3.2;0.1;0.5;0.13;1.4;2.6;0;449;115;90;51;95834;1.13;0.23;0.38;0.37
2017;3;22;81;12.9;8.2;4.8;7.7;5.8;4.2;0.6;-1.7;0.13;1.4;2.6;0;354;93;58;38;95989;0.76;0.09;0.38;0.37
2017;3;23;82;17.2;9.9;3;8.4;5.7;2.7;0.6;1.3;0.13;1.5;2.6;0;568;149;104;69;96324;1.48;0;0.38;0.37
2017;3;24;83;13;8.1;3.6;5.9;4.3;2.2;0.8;-3.2;0.13;1.5;2.6;0;478;153;97;73;97134;1.31;0;0.37;0.37
2017;3;25;84;11.6;6.8;2.6;2.7;1.4;-1.1;0.3;-1.8;0.13;1.5;2.6;0;564;172;122;85;97205;1.46;0;0.37;0.37
2017;3;26;85;8.7;5.2;1.7;-0.6;-2.5;-4;0;-3.2;0.14;1.5;2.6;0;639;191;132;91;96971;1.66;0;0.37;0.37
2017;3;27;86;11.6;5.4;-1.7;1;-1.6;-4;0.4;-0.4;0.14;1.5;2.6;0;622;192;134;93;97289;1.64;0;0.37;0.37
2017;3;28;87;18;9.2;-0.4;5.9;1.5;-3.1;0.9;0.8;0.14;1.6;2.6;0;622;193;138;90;97027;2;0;0.37;0.37
2017;3;29;88;18.6;12.4;4.8;5.6;3.7;0.5;2.1;-1.9;0.14;1.6;2.6;0;624;174;118;81;97080;2.07;0;0.36;0.37
2017;3;30;89;15.8;12;7.1;8.6;5.6;3.8;0.5;-1.4;0.14;1.6;2.6;0;420;123;87;62;97374;1.46;0.08;0.36;0.37
2017;3;31;90;18.3;12.4;5.8;7.1;5.9;4.1;0.2;3;0.14;1.6;2.6;0;619;194;116;82;96958;2.11;0;0.36;0.37
2017;4;1;91;19.8;13.7;7.5;7.1;5.3;4.2;-0.2;3.6;0.14;1.6;2.6;0;631;197;120;93;96243;2.4;0;0.36;0.37
2017;4;2;92;20.6;14.3;7.9;6.5;5.1;3.8;0.4;2.2;0.14;1.7;2.6;0;638;201;133;96;96364;2.48;0;0.36;0.37
2017;4;3;93;19.1;13.1;6.8;7.8;6;3.3;0.7;-2;0.14;1.7;2.6;0;629;190;123;83;96693;2.2;0.27;0.35;0.37
2017;4;4;94;16.5;11.9;7.6;7;6;4.2;1.3;-3.7;0.14;1.7;2.6;0;624;194;111;83;96614;2.08;0.19;0.35;0.37
2017;4;5;95;13.7;10.8;7.9;6.9;4.9;3.4;2;-3.5;0.14;1.7;2.6;0;499;144;79;58;96477;1.59;0.28;0.35;0.37
2017;4;6;96;9.8;7.8;5.7;4.5;-0.7;-4.5;2.2;-4.6;0.14;1.7;2.6;0;475;153;105;64;96496;2.05;1.11;0.35;0.37
2017;4;7;97;8.7;6.9;4.6;4.5;2;-2.6;2.7;-3;0.14;1.8;2.6;0.02;268;74;72;31;96552;1.97;3.56;0.35;0.37
2017;4;8;98;13.1;10.2;6.8;5.6;4.9;4;1.7;-3.3;0.15;1.8;2.6;0;440;102;72;33;96944;1.46;0.32;0.35;0.37
2017;4;9;99;14.7;10.4;5.2;7;5.3;3.9;-0.2;0.4;0.15;1.8;2.6;0;486;125;82;53;97279;1.38;0.07;0.35;0.37
2017;4;10;100;19.9;13.2;5.6;8.1;6.5;4;0.8;1.2;0.15;1.8;2.6;0;657;203;122;82;96644;2.38;0.16;0.34;0.37
2017;4;11;101;13.2;10.1;5.3;6.1;2.1;-1.2;1;-3.3;0.15;1.8;2.6;0;590;174;104;73;96684;1.94;0.02;0.34;0.37
2017;4;12;102;16.3;10;3;4;2;0;1.2;1.3;0.15;1.9;2.6;0;438;140;96;60;96543;1.7;0;0.34;0.37
2017;4;13;103;13.9;10.9;7;6.8;4.9;3.7;2;-1.2;0.15;1.9;2.6;0;448;126;102;55;95964;1.65;0.69;0.34;0.37
2017;4;14;104;15.2;10.5;6.4;6.1;4.7;3.2;1.1;-0.4;0.15;1.9;2.6;0;495;126;87;47;96253;1.55;0.46;0.34;0.37
2017;4;15;105;14.9;10.8;7.8;9.8;7.4;5.2;0.8;0.8;0.15;1.9;2.6;0;607;158;98;51;96176;2.29;10.87;0.34;0.37
2017;4;16;106;11.5;8.9;5.2;5.8;1.3;-1.2;2.2;-2.6;0.15;2;2.6;0;654;211;113;74;96237;2.59;0.21;0.34;0.37
2017;4;17;107;11;7.1;3.2;4.2;2.2;-0.3;1.1;-0.4;0.15;2;2.6;0;611;177;107;70;96165;2.21;4.8;0.34;0.37
2017;4;18;108;8.4;4.8;1.4;1.7;0.3;-1.7;1.5;-3.7;0.15;2;2.6;0;615;191;106;75;96168;2.12;0.98;0.34;0.37
2017;4;19;109;1.4;0.7;0;-0.6;-2.4;-4;2.4;-7.1;0.24;2.1;2.7;7.5;280;75;45;22;96457;0.99;20.85;0.34;0.37
2017;4;20;110;3.4;1;-1;-3;-4.6;-5.7;1.3;-6.5;0.39;2.1;2.7;19.8;416;134;78;53;97241;2.36;2.17;0.34;0.37
2017;4;21;111;8.5;3.1;-2.5;-1.3;-4.1;-6.4;1.9;-2.8;0.34;2.1;2.7;15.81;534;169;101;78;97376;2.22;0;0.35;0.37
2017;4;22;112;12.9;6.5;-0.4;3.8;0.7;-4.1;2.4;-1.3;0.26;2.2;2.7;8.75;530;161;88;49;96612;1.83;1.63;0.35;0.37
2017;4;23;113;9.5;5.7;2.1;2.2;-1.1;-3.4;2.4;-2.5;0.19;2.2;2.7;3.55;676;211;112;81;96686;2.67;0.87;0.36;0.37
2017;4;24;114;13.3;7.7;-0.4;4.5;0.7;-3.1;1;2.2;0.17;2.2;2.7;1.86;570;191;109;78;96540;2.19;0;0.36;0.37
2017;4;25;115;18.7;12.5;5.3;6.5;5.4;3.6;2.1;3.3;0.16;2.3;2.7;0.54;702;223;114;87;95614;3.12;0.23;0.35;0.37
2017;4;26;116;16.7;12.2;7;8.1;6.1;4.4;1.6;2.5;0.16;2.3;2.7;0.09;304;112;76;49;95550;1.87;0.57;0.35;0.37
2017;4;27;117;6.6;5.5;4.2;4.4;4;3.5;0.4;-2.6;0.16;2.3;2.7;0;98;29;10;6;95856;1.43;10.29;0.36;0.37
2017;4;28;118;7.4;4.7;3.2;3.9;2.6;0.5;1.3;-2.4;0.16;2.4;2.7;0;169;44;75;18;95630;1.46;9.55;0.37;0.37
2017;4;29;119;11.6;6.9;2.3;2.2;0.5;-1.1;1;-2.3;0.16;2.4;2.7;0;600;198;96;79;96434;2.44;0.1;0.37;0.37
2017;4;30;120;12.3;8;0.7;3.2;1.7;-1;-0.7;1.3;0.16;2.4;2.7;0;563;177;109;65;96497;2.25;0.07;0.36;0.37
2017;5;1;121;14.7;10.4;5.6;7;4.9;2.9;-0.8;2.8;0.16;2.5;2.7;0;514;156;76;52;96101;2.16;0.11;0.36;0.37
2017;5;2;122;14.6;10.8;6.2;6.8;5.6;4.2;-0.2;-0.7;0.16;2.5;2.7;0;540;165;93;52;96415;2.55;2.74;0.36;0.37
2017;5;3;123;13.6;10.3;4.8;10.1;7.1;3.2;0.3;0;0.16;2.6;2.7;0;348;111;87;52;96527;1.62;4.75;0.36;0.37
2017;5;4;124;17.6;11.2;4.8;9.1;7.2;4.7;0.3;1.6;0.16;2.6;2.7;0;522;181;89;55;96186;2.58;0.31;0.36;0.37
2017;5;5;125;14.8;11.3;6.1;8.1;7.1;5.3;1.2;-2.2;0.16;2.6;2.7;0;399;152;84;58;96341;2.11;0.41;0.36;0.37
2017;5;6;126;19.3;14.1;8.5;8.8;7.4;6;0.2;1;0.16;2.7;2.7;0;681;221;114;74;96010;3.47;0.06;0.36;0.37
2017;5;7;127;17.4;13.2;8.9;11.3;8.9;7;1.7;-2.4;0.16;2.7;2.7;0;605;175;86;54;95668;2.87;2.25;0.36;0.37
2017;5;8;128;16.3;12.4;9.4;8.3;7.3;6.1;1.8;-3.4;0.16;2.7;2.7;0;595;198;81;66;95833;3.21;1.65;0.35;0.37
2017;5;9;129;9.1;7.4;2.9;6.9;2.4;-3.2;0.4;-3.4;0.16;2.8;2.7;0;640;179;99;59;96139;2.8;2.51;0.35;0.37
2017;5;10;130;13.1;7.9;0.4;3.1;0.8;-2;0.8;2.2;0.16;2.8;2.7;0;584;200;108;79;95991;2.61;0.04;0.35;0.37
2017;5;11;131;21;13.9;5.3;8.4;6.4;3.1;0.8;2.7;0.17;2.8;2.8;0;707;243;122;87;95397;3.71;0.01;0.35;0.37
2017;5;12;132;20.5;15.5;11;13.3;10.5;7.4;1.1;0.7;0.17;2.9;2.8;0;579;189;86;66;95282;3.22;7.51;0.35;0.37
2017;5;13;133;20.5;15.6;10.6;12.1;10.5;9.9;1.6;-1.6;0.17;2.9;2.8;0;593;193;89;59;95924;3.54;1.14;0.35;0.37
2017;5;14;134;20.6;15.8;10.1;13.2;11.3;8.9;0.9;-1.4;0.17;2.9;2.8;0;639;199;96;61;96785;3.2;3.93;0.35;0.37
2017;5;15;135;18.1;15.4;12.7;11.7;10.9;9.9;1.5;-2.6;0.17;3;2.8;0;520;165;78;55;97360;2.87;0.29;0.35;0.37
2017;5;16;136;19.4;16;11.8;10.7;9.5;8.7;0.6;-2.9;0.17;3;2.8;0;590;211;93;69;97551;3.52;0.38;0.34;0.37
2017;5;17;137;20.4;16.1;10.8;9.9;8.6;7.3;-0.6;0;0.17;3;2.8;0;605;207;98;72;97209;3.5;0.05;0.34;0.37
2017;5;18;138;22.7;17.3;10.5;9.4;8;6.6;0.4;3.5;0.17;3;2.8;0;732;269;119;90;96504;4.51;0;0.34;0.37
2017;5;19;139;24.2;18.8;12.6;11;9.7;8.3;0.1;3.3;0.17;3;2.8;0;736;265;121;92;96011;4.66;0;0.33;0.37
2017;5;20;140;16.8;14.1;11.4;8;6.7;5.7;2.8;-4.7;0.17;3;2.8;0;629;196;82;54;96464;3.49;2.83;0.33;0.37
2017;5;21;141;16.4;13.6;10.8;8.9;8.1;7.3;2.4;-4.8;0.17;3;2.8;0;505;165;88;47;96900;3.49;3.44;0.33;0.37
2017;5;22;142;21.2;16.3;10.9;11.8;9.3;6.7;0.6;-2.1;0.17;3;2.8;0;724;225;108;70;96672;3.64;0.04;0.33;0.37
2017;5;23;143;21.7;17.1;12.1;12.5;11.1;9.4;1;-0.8;0.17;3;2.8;0;639;196;103;60;96492;3.45;2.32;0.33;0.37
2017;5;24;144;18.5;15.3;11;13.1;9.8;6.4;2.1;-2.3;0.17;3;2.8;0;518;127;77;47;96522;3.05;5.77;0.33;0.37
2017;5;25;145;16;12.9;9.3;7.1;6.5;6;1.5;-3.8;0.17;3;2.8;0;319;135;86;55;96724;2.76;0.42;0.33;0.37
2017;5;26;146;18.9;15.2;10.2;7.9;6.9;5.9;0.8;-3;0.17;3;2.8;0;526;184;85;65;96738;3.28;0;0.33;0.36
2017;5;27;147;21.8;17.3;12.4;11;8.6;7.3;0.3;-2.9;0.17;3;2.8;0;691;244;107;78;96928;4.08;0.04;0.32;0.36
2017;5;28;148;22.8;17.6;11.5;9.6;8.4;6.7;-0.6;1.3;0.17;3;2.8;0;736;271;126;93;97069;4.19;0;0.32;0.36
2017;5;29;149;26;19.9;12.9;13.3;11.1;7.3;0.4;2.1;0.17;3;2.8;0;726;268;121;89;96509;4.36;0;0.31;0.36
2017;5;30;150;28.1;21.3;13.9;17.7;14.9;12.1;0.8;1.1;0.17;3;2.8;0;690;245;106;69;96294;4.12;2.02;0.31;0.36
2017;5;31;151;26.1;21.3;16.9;17.9;15.5;13.8;1.5;-1.3;0.17;3;2.8;0;661;196;84;56;96581;3.47;2.12;0.31;0.36
2017;6;1;152;23;19.5;16.7;15.8;12.9;10.1;0.6;-1.7;0.17;3;2.8;0;576;179;86;55;96782;3.29;0.03;0.31;0.36
2017;6;2;153;23.1;18.9;15.6;16.8;14.4;8.4;0.2;0.5;0.17;3;2.8;0;610;184;84;51;96605;3.23;17.68;0.31;0.36
2017;6;3;154;24.9;20.4;13.8;15.7;14.1;12.8;0.1;0.7;0.17;3;2.8;0;642;224;97;67;96344;4.16;0.45;0.32;0.36
2017;6;4;155;25;19.4;15;16.5;13.9;11.3;1.4;0;0.17;3;2.8;0;633;196;87;60;96036;4.15;9.85;0.32;0.36
2017;6;5;156;22.3;17.8;13.1;12.4;11.2;10.2;0.1;0.4;0.17;3;2.8;0;620;225;97;73;96266;4;0.03;0.32;0.36
2017;6;6;157;25.2;19.4;13.2;15.2;13;5.9;1.2;2.7;0.17;3;2.8;0;657;222;86;62;95629;4.63;3.95;0.32;0.36
2017;6;7;158;16.7;14.2;12;7.5;5.6;3.4;1.6;-2;0.17;3;2.8;0;289;93;52;38;96488;2.33;0.19;0.32;0.36
2017;6;8;159;20.3;15.5;10.4;10.2;6.5;4.1;0.6;-1.3;0.17;3;2.8;0;701;270;124;96;96862;4.27;0;0.31;0.36
2017;6;9;160;23.3;18;10.4;10.3;8.6;6.7;0.3;2.3;0.17;3;2.8;0;742;276;122;88;96511;4.49;0;0.31;0.36
2017;6;10;161;21.7;17.7;14;14.4;10.3;7.4;0.9;-2.2;0.17;3;2.8;0;634;179;102;61;96708;3.56;2.92;0.31;0.36
2017;6;11;162;23;18.1;12.1;12.9;9.1;7.2;0.3;-1.4;0.17;3;2.8;0;737;275;120;88;96853;4.39;0;0.3;0.36
2017;6;12;163;28.7;22;14.7;17.1;13.3;8.1;1.6;0.4;0.17;3;2.8;0;718;230;100;67;96289;4.15;0.48;0.3;0.36
2017;6;13;164;26;21.6;17.1;14.2;11.2;8.2;1.1;-2.3;0.17;3;2.8;0;652;241;102;83;96381;4.36;0;0.3;0.36
2017;6;14;165;23.3;18.9;14.4;10.5;8.7;7.8;0.2;-2.5;0.17;3;2.8;0;689;249;107;86;96582;4.04;0;0.29;0.36
2017;6;15;166;24.3;19.6;13.5;15.5;11.5;7;-0.5;0.6;0.17;3;2.8;0;624;233;110;77;96589;3.48;0.1;0.29;0.36
2017;6;16;167;25.1;20.7;15.8;16.3;11.4;6.6;1.8;-1;0.17;3;2.8;0;491;186;110;63;96354;3.47;0.82;0.29;0.36
2017;6;17;168;18.8;16.1;13.5;10.4;6.4;3.5;2;-4.7;0.17;3;2.8;0;512;185;81;57;96717;3.22;0.28;0.29;0.36
2017;6;18;169;21;17.6;14.6;9.4;8.3;6.4;1;-4.4;0.17;3;2.8;0;479;169;84;54;97038;2.95;0.42;0.28;0.36
2017;6;19;170;25.8;20.2;12.5;13.9;11.2;8.8;0.2;0.1;0.17;3;2.8;0;741;276;129;91;97031;3.94;0;0.28;0.36
2017;6;20;171;30.1;23.7;15.4;16.3;13.7;11.3;1.1;1.6;0.17;3;2.8;0;738;268;122;84;96492;4.1;0.06;0.28;0.36
2017;6;21;172;28.3;23.5;18.1;16.8;14.9;12.7;1.1;-1.8;0.17;3;2.8;0;719;225;100;68;96374;3.64;1.24;0.27;0.36
2017;6;22;173;30;24;16.6;18.3;16.1;14.5;0.9;0.4;0.17;3;2.8;0;690;233;105;71;96354;3.8;1.34;0.27;0.36
2017;6;23;174;29.2;24.9;19.3;17.9;15.1;13.1;2.8;-1;0.17;3;2.8;0;636;206;92;69;96147;3.39;0.14;0.27;0.36
2017;6;24;175;29.7;24.3;17.7;18.6;15.3;13.4;1.4;-0.3;0.16;3;2.8;0;596;233;105;71;96390;3.49;0.27;0.27;0.36
2017;6;25;176;24.9;21.3;17.9;16.3;15.1;13.3;1;-1.6;0.16;2.9;2.8;0;467;133;75;42;96193;3.34;8.14;0.27;0.35
2017;6;26;177;27.1;22.4;17.5;14.5;13.1;11.6;1.4;-0.5;0.16;2.9;2.8;0;511;212;99;68;96150;3.71;0.1;0.27;0.35
2017;6;27;178;27.1;23.1;18.3;16.3;14.9;13.4;0.2;3.4;0.16;2.9;2.8;0;598;212;88;69;95843;3.27;0.03;0.27;0.35
2017;6;28;179;29.3;24.2;19.2;17;15.3;13.7;1;4.5;0.16;2.9;2.8;0;707;235;97;74;95127;3.59;0.01;0.26;0.35
2017;6;29;180;24.8;21.2;17.8;16.2;14.7;12.5;1.1;2.5;0.16;2.9;2.8;0;626;224;94;68;94862;3.94;15.46;0.26;0.35
2017;6;30;181;25.2;20.2;14.8;13.4;11.5;8.5;1.1;1.7;0.16;2.9;2.8;0;624;209;98;70;95593;3.84;1.08;0.27;0.35
2017;7;1;182;23.5;18.8;15.5;13.6;11.5;8.9;1.6;-0.4;0.16;2.9;2.8;0;710;219;116;66;95947;3.98;6.1;0.27;0.35
2017;7;2;183;20.1;17.8;15.2;12.1;10.9;9.3;2.5;-2.8;0.16;2.9;2.8;0;482;168;78;57;96327;2.95;0.4;0.27;0.35
2017;7;3;184;21;17.8;15.2;12.5;10.8;9.6;1.6;-3.1;0.16;2.9;2.8;0;673;193;88;60;96782;3.22;1.37;0.27;0.35
2017;7;4;185;24.4;19.7;13.2;13.4;11;9.7;1.4;-0.6;0.16;2.9;2.7;0;564;187;78;61;96854;2.97;0.09;0.27;0.35
2017;7;5;186;27.8;21.6;15;17.2;14.4;11.9;1;1;0.16;2.9;2.7;0;734;258;114;76;96661;3.84;2.18;0.27;0.35
2017;7;6;187;26.8;21.8;16.4;17.5;15.3;13.1;0.2;-0.6;0.16;2.8;2.7;0;678;250;103;72;96734;3.81;2.17;0.27;0.35
2017;7;7;188;28.1;22.8;17.3;19.2;17.1;16;0.7;0.5;0.16;2.8;2.7;0;587;204;91;65;96497;3.32;2.12;0.27;0.35
2017;7;8;189;28.7;24.2;19;16.9;14.7;11.5;1.9;-1.5;0.16;2.8;2.7;0;595;223;97;69;96399;3.76;0.17;0.26;0.35
2017;7;9;190;26.4;22.7;18.7;20.4;18.5;16.2;0.2;0.8;0.16;2.8;2.7;0;587;174;79;48;96349;3.13;12.51;0.26;0.35
2017;7;10;191;30.6;24.5;18.8;19.1;16.7;12.1;0.4;2.2;0.16;2.8;2.7;0;710;213;96;64;95863;3.87;0.16;0.27;0.35
2017;7;11;192;27.3;21.8;18.2;17.4;15.6;12.7;1.3;-0.3;0.16;2.8;2.7;0;666;194;108;55;96167;3.53;16.62;0.27;0.35
2017;7;12;193;26.9;21.6;16.6;17.7;15.7;13.5;1.1;1;0.16;2.8;2.7;0;649;238;99;64;96181;4.4;7.37;0.28;0.35
2017;7;13;194;21.6;18.2;13.9;14.6;8.9;5.9;1.6;-3.4;0.16;2.8;2.7;0;744;259;126;91;96558;4.62;0.01;0.28;0.35
2017;7;14;195;20;16.3;11.9;12.3;9.6;6.1;0.5;0.3;0.16;2.8;2.7;0;525;186;94;72;96450;2.89;1.04;0.28;0.35
2017;7;15;196;17.7;15.2;13;11.3;9.8;8.1;2.1;-3;0.16;2.8;2.7;0;559;178;90;65;96589;3.53;5.13;0.28;0.35
2017;7;16;197;20.8;16.6;12.4;10.1;8.7;6.2;1.1;-2.9;0.16;2.8;2.7;0;586;228;102;83;97063;3.54;0.19;0.28;0.35
2017;7;17;198;24.9;19.4;11.3;13.4;10.5;8.9;0.3;0.2;0.16;2.8;2.7;0;660;229;109;76;96968;3.64;0;0.28;0.35
2017;7;18;199;26.5;21.9;16.1;12.9;11.3;10;0.2;2.3;0.16;2.8;2.7;0;712;240;110;74;96796;4.09;0;0.27;0.35
2017;7;19;200;28.9;22.9;17.5;18.7;13.7;10.1;0.5;2;0.16;2.7;2.7;0;705;244;107;75;96404;4.07;1.63;0.27;0.35
2017;7;20;201;29.8;23.4;15.5;18.9;15.5;13.7;0.5;-0.1;0.16;2.7;2.7;0;719;259;122;78;96049;4.07;0.21;0.27;0.35
2017;7;21;202;26.8;22.7;18.2;16.4;15.1;14.4;0.5;-1;0.16;2.7;2.7;0;638;223;96;65;96281;4.13;4.68;0.27;0.35
2017;7;22;203;27.1;22.5;18.1;20;17.7;14.7;0.2;0.9;0.16;2.7;2.7;0;604;192;81;55;96267;3.32;4.9;0.27;0.35
2017;7;23;204;24.9;21.4;17.8;18.2;16.9;15.5;0.7;-1.4;0.16;2.7;2.7;0;673;168;83;49;96318;3.09;11.7;0.28;0.35
2017;7;24;205;19.6;18.2;16.1;17.1;15.1;10.1;0.9;-1.1;0.16;2.7;2.7;0;194;57;52;26;95650;1.92;15.31;0.28;0.35
2017;7;25;206;20.9;17.4;14.7;9.9;8.7;7.1;2.7;-2.5;0.16;2.7;2.7;0;585;204;101;65;95394;3.63;0;0.29;0.34
2017;7;26;207;18.9;15.8;12.6;12.7;10.8;9;1.4;0.6;0.16;2.7;2.7;0;396;136;64;48;95455;2.66;4.68;0.29;0.34
2017;7;27;208;19.5;16.3;14;14.1;12.6;10.9;1.9;-1.2;0.16;2.7;2.7;0;261;86;62;29;95860;2.45;3.04;0.29;0.34
2017;7;28;209;24.7;19.4;13.8;15;12.5;10.4;1.6;-0.9;0.16;2.7;2.7;0;596;198;88;58;96181;3.54;0.62;0.29;0.34
2017;7;29;210;26.9;20.8;13.3;16;13.2;10.7;0.5;0.9;0.16;2.7;2.7;0;621;227;98;76;96608;3.81;0;0.29;0.34
2017;7;30;211;28.5;22.7;17.8;19.6;16.9;13.8;0.1;2.7;0.16;2.7;2.7;0;688;228;89;63;96370;3.84;2.87;0.28;0.34
2017;7;31;212;29.7;24.2;17.2;18.6;17.3;16.1;-0.1;0.9;0.16;2.7;2.7;0;692;245;103;73;96608;4.21;0;0.28;0.34
2017;8;1;213;31.3;26.2;20.2;18.1;16.8;16.2;0;3.5;0.16;2.7;2.7;0;704;251;106;80;96703;4.56;0;0.28;0.34
2017;8;2;214;29.9;25.9;21.2;20;17.3;15.5;0.8;-0.6;0.16;2.7;2.7;0;625;218;94;65;96699;3.98;0.44;0.27;0.34
2017;8;3;215;33.3;27;20.2;20.8;17.5;14.1;1.3;1.3;0.16;2.7;2.7;0;699;234;116;74;96473;4.02;0;0.27;0.34
2017;8;4;216;31.2;25.8;21;20.6;20;19;1;-0.8;0.16;2.6;2.7;0;662;198;88;51;96239;3.64;8.96;0.27;0.34
2017;8;5;217;28.8;24.5;20.6;20.1;18;15.8;0.2;-1;0.16;2.6;2.7;0;644;211;93;53;96391;4.33;3.71;0.28;0.34
2017;8;6;218;21.5;19.3;14.7;18.9;16;11.9;1.1;-3.7;0.16;2.6;2.7;0;334;96;37;23;96676;3.78;20.81;0.28;0.34
2017;8;7;219;22.6;18.3;14.2;13.7;12.3;10.6;-0.3;-1.8;0.16;2.6;2.7;0;645;205;100;57;96844;3.95;0.98;0.29;0.34
2017;8;8;220;22.7;18.7;14.2;16.7;15.4;13.5;-0.9;2.9;0.16;2.6;2.7;0;274;95;71;40;96475;1.78;0.93;0.29;0.34
2017;8;9;221;29.7;23.5;16.6;20.4;18.2;15.8;-0.5;1.7;0.16;2.6;2.7;0;666;219;91;65;96404;3.61;0;0.29;0.34
2017;8;10;222;32.3;25.8;19.7;22.3;19.4;17.4;-0.4;1.9;0.16;2.6;2.7;0;633;217;95;65;96277;3.89;0.26;0.28;0.34
2017;8;11;223;26.9;21.2;15.5;19.5;17;11;0.2;-1.3;0.16;2.6;2.7;0;468;153;82;52;96017;3.31;9.4;0.28;0.34
2017;8;12;224;20.9;17.6;14.5;11.1;9.8;9;2.6;-3.8;0.16;2.6;2.7;0;621;204;93;73;96380;3.54;0;0.29;0.34
2017;8;13;225;21.1;18.1;15.6;12.6;11.6;9.9;1.7;-3.5;0.16;2.6;2.7;0;369;133;80;51;96726;2.53;0.32;0.28;0.34
2017;8;14;226;23.1;19.6;14.8;15.7;13.2;11.9;0;-0.6;0.16;2.6;2.7;0;510;184;89;67;97006;2.86;0.32;0.28;0.34
2017;8;15;227;26.6;21.3;15;15.1;13.1;12;0.3;2.1;0.16;2.6;2.7;0;676;224;112;75;96888;3.56;0.01;0.28;0.34
2017;8;16;228;24.9;21.1;17.4;17.1;14.8;11.3;0.9;-0.5;0.16;2.6;2.7;0;499;155;78;61;96845;2.76;2.38;0.28;0.34
2017;8;17;229;26.5;21.8;15.8;18.4;15.7;14.1;0.5;-0.3;0.15;2.6;2.7;0;669;217;107;71;96810;3.24;0.1;0.28;0.34
2017;8;18;230;29.2;24.2;18.1;18.4;15;12.6;0.5;2.2;0.15;2.6;2.7;0;643;213;103;73;96516;3.62;0;0.27;0.34
2017;8;19;231;22;18.5;15.3;15.1;13.9;12.5;0.9;-2.5;0.15;2.6;2.7;0;300;97;71;40;96561;2.91;12.88;0.28;0.34
2017;8;20;232;19.9;17;14.8;12.5;10;8;1.7;-3.3;0.15;2.6;2.7;0;515;161;94;58;96776;3.24;0.88;0.28;0.34
2017;8;21;233;18.9;16;12.6;9;7.4;6.6;1.3;-2.5;0.15;2.6;2.7;0;522;154;89;72;96964;2.51;0.16;0.28;0.34
2017;8;22;234;20.7;16.5;11.3;10.6;8.3;6.8;0.7;-1.2;0.15;2.6;2.7;0;523;159;102;66;96820;2.43;0;0.28;0.34
2017;8;23;235;21.1;16.6;12.2;11.5;9.3;8.2;-0.2;-0.5;0.15;2.5;2.7;0;549;177;93;71;96710;2.48;0.06;0.28;0.34
2017;8;24;236;26;19.6;11.8;16.1;13;9;0.7;1.4;0.15;2.5;2.7;0;634;209;109;76;96644;2.9;0.11;0.27;0.34
2017;8;25;237;27.8;22.3;16.1;17;15.1;13.8;0.5;0.4;0.15;2.5;2.7;0;629;207;109;72;96735;3.07;0;0.27;0.34
2017;8;26;238;29.8;23.6;17.1;19.1;17.2;15.3;0.9;0.3;0.15;2.5;2.7;0;643;208;111;74;96555;3.08;0.41;0.27;0.34
2017;8;27;239;29.8;23.3;18.2;18.2;16.6;14.3;1.1;-1;0.15;2.5;2.7;0;639;180;112;68;96458;2.85;2.1;0.27;0.34
2017;8;28;240;22.8;19.7;16.1;16.5;13.9;10.7;0.3;-2;0.15;2.5;2.7;0;337;120;74;55;96673;2.13;0.93;0.27;0.34
2017;8;29;241;23.5;18.6;12.8;11.3;10.1;9.5;-0.1;0.4;0.15;2.5;2.7;0;607;209;133;92;96722;2.83;0;0.26;0.34
2017;8;30;242;25.6;20.4;15;13;10.7;9.1;0.5;3.1;0.15;2.5;2.7;0;642;210;119;90;96443;2.92;0;0.26;0.34
2017;8;31;243;28.1;22.2;15.9;18.3;14.3;9.4;0.1;1.1;0.15;2.5;2.7;0;628;204;109;74;96164;2.84;0.22;0.26;0.34
2017;9;1;244;23.1;18.6;13.6;17.6;15.1;10.5;1.2;-2.4;0.15;2.5;2.7;0;416;105;64;37;96187;2.19;14;0.26;0.33
2017;9;2;245;16.7;14.1;11;10;8.9;8;0.3;-3.6;0.15;2.5;2.7;0;347;114;70;42;96187;2.41;7.39;0.27;0.33
2017;9;3;246;13.6;11.8;10.5;10.1;9;7.6;1.8;-4.1;0.15;2.5;2.7;0;257;63;75;33;96027;2.51;13.98;0.29;0.33
2017;9;4;247;18.2;14.1;10;8.6;7;5.2;1.3;-1.2;0.15;2.5;2.7;0;516;170;109;78;96489;2.52;0.29;0.29;0.33
2017;9;5;248;20.2;15.4;9.7;10.5;8.4;6.7;1.8;-1;0.15;2.5;2.7;0;456;148;85;68;96727;2.29;0.08;0.28;0.33
2017;9;6;249;20.3;16.6;12.2;15.9;13;10.5;1.5;0.2;0.15;2.5;2.7;0;288;83;62;45;96374;1.35;1.49;0.28;0.33
2017;9;7;250;18.9;15.4;11.6;11.3;8.8;7;1.8;-0.9;0.15;2.5;2.7;0;470;124;81;57;96371;2.29;0.88;0.28;0.33
2017;9;8;251;19.5;15.1;9.3;11.1;9.4;8.2;0.7;2.5;0.15;2.5;2.7;0;608;181;107;71;96189;2.48;0;0.28;0.33
2017;9;9;252;22.8;17.2;11.7;13;11.7;10;0.9;4;0.15;2.5;2.7;0;578;164;85;67;95310;2.32;0;0.28;0.33
2017;9;10;253;22.5;17.5;13.9;16;14;11.6;0.3;0.9;0.15;2.5;2.7;0;533;117;85;44;95418;1.79;12.1;0.28;0.33
2017;9;11;254;19.4;16.5;13.2;17.2;15.1;10.4;0.5;-0.3;0.15;2.5;2.7;0;323;75;45;25;95287;2.18;12.55;0.29;0.33
2017;9;12;255;15.1;13.1;9.9;10.9;9.1;7;1.7;-2;0.15;2.5;2.7;0;191;51;73;28;95738;2.18;3.82;0.3;0.33
2017;9;13;256;19.1;14.2;7.1;9.6;7.9;5.7;1.4;2.6;0.15;2.5;2.7;0;605;162;114;65;96246;2.52;0.4;0.3;0.33
2017;9;14;257;23.1;15.7;9.8;12.2;8.9;3.5;2.4;1.4;0.15;2.5;2.7;0;592;179;107;68;95668;3.37;4.33;0.3;0.33
2017;9;15;258;13.9;11.5;8.9;8.6;7.3;6.1;0.7;1.9;0.15;2.5;2.7;0;315;84;59;42;96358;1.67;5.17;0.3;0.33
2017;9;16;259;16.2;12.9;10.1;13.5;10.9;8.9;-0.1;1;0.15;2.4;2.7;0;276;59;23;16;95974;1.27;12.22;0.31;0.33
2017;9;17;260;12.6;10.8;6.9;10.8;9.4;5.7;1.3;-1.7;0.15;2.4;2.7;0;222;35;70;27;95970;1.33;23.84;0.32;0.33
2017;9;18;261;13.1;10;5;9.9;8;4.2;0.5;-0.3;0.14;2.4;2.7;0;316;72;60;41;96424;1.27;8.75;0.34;0.33
2017;9;19;262;10.8;10;9.3;9.6;8.7;8;1;-3.2;0.14;2.4;2.7;0;87;23;27;14;96146;1.57;32.22;0.36;0.33
2017;9;20;263;11.8;10.2;9;8;7;5.7;2.3;-5;0.14;2.3;2.7;0;318;63;77;31;96291;3.03;8.7;0.37;0.33
2017;9;21;264;13.6;11.2;8.7;6.9;6.2;5.7;2.6;-4.1;0.14;2.3;2.7;0;318;105;78;66;96545;1.63;0.41;0.37;0.33
2017;9;22;265;16.3;12.6;9.5;9.5;7.5;6;1.4;-2.2;0.14;2.3;2.7;0;427;110;75;58;96792;1.66;0.05;0.37;0.33
2017;9;23;266;16.8;12.5;8.3;10.2;7.9;6.4;1.2;-1.6;0.14;2.3;2.7;0;488;120;94;57;96827;1.7;0.22;0.37;0.33
2017;9;24;267;15.1;12.1;8.8;10.1;9.3;8.1;0.4;-1.1;0.14;2.2;2.7;0;382;103;79;42;96836;1.41;0.55;0.37;0.33
2017;9;25;268;15.2;11.8;8.4;11.8;9.9;7.7;-0.2;0.5;0.14;2.2;2.7;0;375;106;78;47;96952;1.25;2.62;0.37;0.33
2017;9;26;269;18.1;13.5;10.2;12.8;11;8.7;-0.1;-0.2;0.14;2.2;2.7;0;529;138;96;53;97161;1.82;5.97;0.37;0.33
2017;9;27;270;18.3;13.9;9.6;14.4;12.1;8.9;-0.1;0.2;0.14;2.1;2.7;0;438;114;66;43;97324;1.54;1.37;0.37;0.33
2017;9;28;271;17.8;14.1;11;12;9.4;7.7;-0.2;2.1;0.14;2.1;2.6;0;527;138;107;67;97536;2.06;0;0.37;0.33
2017;9;29;272;16.3;12.7;9.5;9.8;7.7;5.6;-0.2;2.1;0.14;2.1;2.6;0;479;122;91;66;97364;1.68;0.02;0.37;0.33
2017;9;30;273;14.9;11.2;7.7;6.7;4.8;3.9;-0.2;2.9;0.14;2.1;2.6;0;500;147;114;87;97030;1.91;0;0.36;0.33
2017;10;1;274;14.7;10.5;6.5;5.2;4.1;3.1;-0.1;2.5;0.14;2;2.6;0;534;150;117;90;97065;1.85;0;0.36;0.33
2017;10;2;275;15.3;10.8;5.8;6.4;5.1;3;0.6;2.8;0.14;2;2.6;0;516;147;117;83;96986;1.73;0;0.36;0.33
2017;10;3;276;14.6;11.5;9.3;12.3;8.4;5.7;1.5;0.2;0.14;2;2.6;0;143;31;76;32;96527;1.16;7.16;0.36;0.33
2017;10;4;277;16.8;11.6;5.2;9.5;7.3;3.9;1.3;1.1;0.14;2;2.6;0;495;121;108;72;97035;1.51;0.13;0.36;0.33
2017;10;5;278;21.7;14.6;8.8;11.1;9.4;7.8;1.4;0.3;0.14;1.9;2.6;0;490;128;114;56;96007;2.27;2;0.36;0.33
2017;10;6;279;12.5;10.2;7.7;6.5;3.6;2.5;2.8;-2.9;0.14;1.9;2.6;0;460;129;111;81;96072;1.82;0.04;0.36;0.33
2017;10;7;280;12.6;9.1;5.9;5.1;4.1;3.3;2;-2.4;0.14;1.9;2.6;0;376;103;96;69;96574;1.27;0;0.36;0.34
2017;10;8;281;12.9;9.9;7.2;6.2;5;3.4;2.3;-0.6;0.14;1.9;2.6;0;337;63;78;41;96236;0.96;0.68;0.36;0.34
2017;10;9;282;11.9;9.4;6.6;7;6;5;1;-0.9;0.14;1.8;2.6;0;315;84;74;46;96580;1.34;1.45;0.36;0.34
2017;10;10;283;15.9;10.9;6;7.6;6.2;4.6;1.3;0.5;0.14;1.8;2.6;0;430;100;94;50;96689;1.26;0.32;0.36;0.34
2017;10;11;284;18.7;12.6;7.4;10.4;8.5;6.5;0.9;1;0.14;1.8;2.6;0;427;113;105;62;96866;1.35;0.01;0.36;0.34
2017;10;12;285;21.1;13.5;6.3;11;8.5;5.4;1.2;-0.2;0.14;1.8;2.6;0;468;125;114;71;96972;1.48;0;0.35;0.34
2017;10;13;286;17.7;12.9;8.4;9.5;8.3;7.1;1.3;-1;0.14;1.7;2.6;0;407;106;94;64;97366;1.23;0;0.35;0.34
2017;10;14;287;19;12.9;7;11.2;8.9;6.1;0.8;-0.3;0.14;1.7;2.6;0;442;120;109;71;97582;1.23;0;0.35;0.34
2017;10;15;288;20.3;13.7;7.8;13.5;10.6;7.1;0.6;0.8;0.14;1.7;2.6;0;447;120;104;70;97582;1.15;0;0.35;0.34
2017;10;16;289;21.6;14;7.6;13.6;10.7;6.9;0.8;1;0.14;1.7;2.6;0;451;120;114;78;97466;1.17;0;0.35;0.34
2017;10;17;290;20.7;14.4;9;13.8;11.3;7.6;0.3;1.1;0.13;1.7;2.6;0;447;117;113;78;97193;1.08;0;0.35;0.34
2017;10;18;291;19.5;13.9;9.5;12.1;10.7;8.8;0.6;1.4;0.13;1.6;2.6;0;419;112;115;80;96456;1.08;0;0.35;0.34
2017;10;19;292;18.2;12.7;8.2;12.2;10.4;7.7;0.3;0;0.13;1.6;2.6;0;427;110;114;71;96442;0.97;0;0.34;0.34
2017;10;20;293;14.6;11;7.5;11.6;10.1;7.4;0.1;0.4;0.13;1.6;2.6;0;225;53;65;30;96493;0.47;0.1;0.34;0.34
2017;10;21;294;15.4;11.4;7.4;11.4;9.3;6.7;0.8;0.4;0.13;1.6;2.6;0;176;40;45;32;96509;0.34;0.03;0.34;0.34
2017;10;22;295;10.9;9.3;7.7;8.5;7;5.4;1.4;-2.1;0.13;1.6;2.6;0;105;29;50;26;96235;1.37;9;0.34;0.34
2017;10;23;296;7.7;7.3;6.4;5.6;5;4.6;2.4;-5.9;0.13;1.6;2.6;0;116;29;51;25;96065;3.05;9.47;0.35;0.34
2017;10;24;297;11.2;9;7.3;6.1;5.2;4.5;1.4;-5.2;0.13;1.6;2.6;0;351;72;81;63;96947;0.94;0.35;0.36;0.34
2017;10;25;298;15.4;9.9;5.2;8.5;6.7;4.4;1;0.9;0.13;1.6;2.6;0;321;78;74;57;97208;0.75;0;0.35;0.34
2017;10;26;299;17.6;11.7;7.2;11.7;9;6.2;0.8;0.2;0.13;1.6;2.6;0;330;82;84;53;97163;0.76;0.01;0.35;0.34
2017;10;27;300;12.9;9.3;7.9;11.3;6.7;3.3;2.5;-2.4;0.13;1.6;2.6;0;126;27;83;42;96462;0.89;5.03;0.36;0.34
2017;10;28;301;10.3;8.5;7;3.8;1.9;-0.5;3;-2.4;0.13;1.5;2.6;0;281;65;78;56;96360;0.94;0.02;0.36;0.34
2017;10;29;302;11.8;8.2;5;7.4;2;-0.6;3.7;-1.6;0.13;1.5;2.6;0;149;43;88;51;95061;1.97;4.62;0.36;0.34
2017;10;30;303;6.9;5.1;3.6;1.4;-0.2;-1.3;3;-3.5;0.13;1.5;2.6;0;339;84;90;79;96447;1.46;2.01;0.36;0.34
2017;10;31;304;8.5;5.2;2.6;1.6;0.4;-0.9;1.8;-1.4;0.12;1.5;2.6;0;251;55;77;52;97162;0.57;0;0.36;0.34
2017;11;1;305;11.1;6;0.6;4.4;2.1;-0.5;0.8;0.6;0.12;1.5;2.6;0;315;78;86;54;97038;0.62;0;0.36;0.34
2017;11;2;306;14.5;8.6;4;8.5;5.2;2;1.1;0.6;0.12;1.5;2.6;0;271;71;90;57;96317;0.57;0.01;0.36;0.34
2017;11;3;307;10.8;8.5;5.6;6.9;5.4;4;0.6;-1.2;0.12;1.5;2.6;0;287;68;85;47;96522;0.83;0.93;0.36;0.34
2017;11;4;308;11.3;8.5;6.5;5.9;5.4;4.5;0.3;3.4;0.12;1.5;2.6;0;344;81;89;56;96434;0.66;0;0.36;0.34
2017;11;5;309;14.9;9.9;6.8;8.8;6.8;5.5;0.2;3.1;0.12;1.5;2.6;0;335;74;86;57;95851;0.65;0.46;0.35;0.34
2017;11;6;310;6.4;6;5.3;5.4;4.7;3.8;0.1;-2.2;0.12;1.4;2.6;0;57;12;52;17;96358;0.67;5.3;0.36;0.34
2017;11;7;311;9.2;6.6;4.2;5.9;4.9;3.7;-0.5;-1.3;0.12;1.4;2.6;0;260;60;65;39;96628;0.55;1.82;0.36;0.34
2017;11;8;312;6.6;6.2;5.6;6;5.7;5.1;-0.8;-0.5;0.12;1.4;2.6;0;55;9;9;5;96472;0.41;9.11;0.37;0.34
2017;11;9;313;9.1;7.1;6;6;5.1;3.9;0;-0.2;0.12;1.4;2.6;0;224;48;71;27;96882;0.6;0.42;0.37;0.34
2017;11;10;314;10.8;7;4.5;4.9;3.9;2.3;0.9;1.1;0.12;1.4;2.6;0;338;65;96;48;96615;0.61;0.28;0.37;0.34
2017;11;11;315;9.5;6.4;3.2;5.2;2.9;0.2;1;0.6;0.12;1.4;2.6;0;245;54;88;40;95981;0.67;1.11;0.37;0.34
2017;11;12;316;7.9;6.3;4.1;5.2;4.5;3.1;0.4;1.2;0.12;1.4;2.6;0;139;30;43;29;95123;0.85;2.28;0.37;0.34
2017;11;13;317;5.5;3.1;1.9;2.7;-0.7;-2.6;2;-5.2;0.12;1.4;2.6;0.36;145;29;82;37;95422;1.58;3.99;0.37;0.34
2017;11;14;318;5.1;2.4;0.3;-1.5;-2.4;-3.1;1.1;-3.8;0.12;1.4;2.6;0.46;299;70;105;79;96925;0.57;0;0.37;0.34
2017;11;15;319;5.9;1.8;-2.1;0;-1.8;-4.5;0.5;-1.5;0.12;1.3;2.6;0.41;326;76;109;68;97333;0.42;0;0.37;0.34
2017;11;16;320;4.6;3.2;1.8;1.3;0.5;-0.8;0;0.4;0.12;1.3;2.6;0.32;94;19;20;10;97139;0.12;0;0.37;0.34
2017;11;17;321;4.3;3.7;3.1;1.8;0.8;-0.1;1;-1.9;0.12;1.4;2.6;0.25;52;12;38;11;96966;0.72;2.16;0.37;0.34
2017;11;18;322;7;3.8;1;1.8;0.8;0.1;0.9;-1.3;0.12;1.4;2.6;0.2;262;53;75;49;96600;0.46;0.03;0.37;0.34
2017;11;19;323;4.9;2;-0.2;0.8;-1.5;-2.8;1.8;-0.2;0.12;1.4;2.6;0.2;122;27;85;53;96067;0.44;0.95;0.37;0.34
2017;11;20;324;5.4;3.3;1.7;-1.3;-2.8;-5.1;3.1;-1.6;0.12;1.4;2.6;0.23;280;63;92;67;96419;0.64;0.8;0.37;0.34
2017;11;21;325;7.6;4.2;1.4;4.9;2.5;-0.8;0.8;1.1;0.12;1.4;2.6;0.6;130;27;49;19;96230;0.51;3.83;0.37;0.34
2017;11;22;326;11.9;5.4;1.5;6.6;3.2;0.3;1;0.6;0.12;1.4;2.6;0.42;284;63;107;67;96192;0.42;0;0.37;0.34
2017;11;23;327;8.4;3.8;1;4.1;1.3;-1.6;0.4;0.3;0.12;1.4;2.6;0.27;246;55;86;60;96268;0.29;0;0.37;0.34
2017;11;24;328;10;4;0.3;5;1.9;-1.3;0.4;1.2;0.12;1.4;2.6;0.19;275;61;98;55;96494;0.29;0;0.37;0.34
2017;11;25;329;10.3;5.6;1.1;6.9;3.8;0.6;1;1.5;0.12;1.4;2.6;0.12;236;46;60;36;95876;0.55;4.06;0.37;0.34
2017;11;26;330;4.2;2.6;0.3;2.2;-0.8;-4.1;1.8;-4;0.12;1.4;2.6;0.39;228;47;90;52;96542;0.93;4;0.37;0.34
2017;11;27;331;4.1;0.8;-2.1;-2.8;-4.4;-5.9;1.6;-1.7;0.12;1.4;2.6;0.41;256;55;90;76;96925;0.42;0;0.37;0.34
2017;11;28;332;5.6;1.3;-1.2;-2.2;-4.5;-7.7;0.8;2.1;0.12;1.4;2.6;0.38;252;51;90;52;95959;0.41;0.03;0.37;0.34
2017;11;29;333;4.1;1.2;-0.4;1.2;-0.8;-3.1;-0.2;1.2;0.13;1.4;2.6;1.13;175;33;52;25;95392;0.3;6.41;0.37;0.34
2017;11;30;334;2.1;-0.3;-4.4;-0.3;-2.4;-6.8;1.1;-1.3;0.26;1.4;2.6;8.44;178;28;78;33;94973;0.44;6.24;0.37;0.34
2017;12;1;335;1.6;-3.5;-9.5;-1;-5;-11.6;0.5;0;0.27;1.4;2.6;9.15;228;46;98;51;96036;0.18;0.05;0.37;0.34
2017;12;2;336;-0.8;-2.7;-4.5;-3.5;-4.4;-5.3;1;-2.7;0.26;1.4;2.6;8.65;229;47;85;47;96804;0.3;0.01;0.37;0.34
2017;12;3;337;-0.2;-2.7;-7.4;-4.2;-5.6;-10.6;1.5;-3.1;0.26;1.4;2.6;8.61;167;36;82;52;96807;0.4;0.21;0.37;0.34
2017;12;4;338;2.3;-2.3;-10.2;-1.7;-5.6;-13.1;2.2;-0.5;0.26;1.4;2.6;8.59;134;31;70;42;96953;0.4;1.75;0.37;0.34
2017;12;5;339;3.4;1.9;-0.5;1;-1;-2.8;2.4;-1.8;0.25;1.4;2.6;8.48;72;16;72;40;97553;0.51;1.79;0.37;0.34
2017;12;6;340;6.2;1.6;-2.1;1.4;-1.6;-3.5;0.9;0.2;0.23;1.4;2.6;7.07;223;47;99;57;97563;0.22;0;0.37;0.34
2017;12;7;341;4.9;-0.3;-3;1.6;-2.2;-6.1;1;1.1;0.21;1.4;2.6;5.91;229;49;98;61;97038;0.11;0;0.38;0.34
2017;12;8;342;3.9;1;-1.9;-0.4;-3.8;-8.7;1.1;0.3;0.2;1.4;2.6;5.35;153;29;67;38;95795;0.4;2.75;0.38;0.34
2017;12;9;343;0.8;-0.6;-2;-2.9;-6.3;-10.5;2.4;-3.1;0.21;1.4;2.6;6.33;156;31;95;57;95675;0.77;0.56;0.38;0.34
2017;12;10;344;2;-0.7;-4.8;-2.7;-7.5;-10.8;1.4;4;0.21;1.4;2.6;6.24;247;49;105;60;95151;0.57;0.21;0.37;0.34
2017;12;11;345;10.5;6.9;1.2;6.9;4.2;-1.8;1.3;6.3;0.18;1.4;2.6;4.07;130;23;69;33;94354;0.24;0.61;0.38;0.34
2017;12;12;346;10.4;6.5;1.4;7;3.9;0;0.8;0.5;0.12;1.4;2.6;0.84;62;13;50;19;95442;0.77;9.29;0.38;0.34
2017;12;13;347;4.2;1.5;-0.1;-0.2;-1.4;-2.6;0.8;0.9;0.15;1.4;2.6;2.39;222;42;95;55;96235;0.54;1.09;0.39;0.34
2017;12;14;348;6.1;2.2;-0.5;1.9;-0.4;-2.8;1;2.2;0.14;1.4;2.6;2.18;195;39;97;51;94983;0.35;1.18;0.39;0.34
2017;12;15;349;5.6;3;1.2;2.8;1.7;-0.2;0.5;0.2;0.14;1.4;2.6;1.85;131;25;54;28;94683;0.19;1.32;0.39;0.34
2017;12;16;350;4.4;1.5;-1.9;-0.9;-2.1;-3.3;1.3;-1.7;0.14;1.4;2.6;1.8;222;40;83;49;95364;0.56;0.11;0.39;0.34
2017;12;17;351;2.6;0;-1.8;-1.8;-3.7;-4.5;1.5;-2.1;0.14;1.4;2.6;1.72;232;47;89;73;96504;0.29;0.06;0.38;0.34
2017;12;18;352;0;-1.7;-3;-3.8;-5.2;-6.6;0.8;-2.5;0.14;1.4;2.6;1.79;245;52;94;73;97064;0.25;0.07;0.38;0.35
2017;12;19;353;0.9;-2.1;-4.4;-3.7;-6;-7.2;0.9;-1.5;0.14;1.4;2.6;1.8;254;52;102;71;97640;0.08;0.32;0.38;0.35
2017;12;20;354;1.2;-0.3;-1.6;-1.5;-2.4;-3.4;0.2;-1.6;0.15;1.3;2.6;2.42;85;18;46;21;97803;0.05;0.78;0.38;0.35
2017;12;21;355;3.1;1.4;-0.6;1.2;-0.5;-2.2;1.1;-0.3;0.15;1.3;2.6;2.68;115;24;48;21;97718;0.17;4;0.38;0.35
2017;12;22;356;6.5;3.9;1.8;3.1;1.8;-0.1;1.7;-2.3;0.14;1.3;2.6;2.1;160;30;68;41;97608;0.32;0.11;0.38;0.35
2017;12;23;357;6.8;5.1;3.1;3;1.4;0.2;2.3;-2.1;0.13;1.3;2.6;1.22;131;26;67;39;97392;0.29;0.03;0.38;0.35
2017;12;24;358;10.3;6.3;0.3;1.9;0;-1.9;2.5;-0.8;0.12;1.3;2.6;0.64;227;48;93;71;97066;0.49;0;0.38;0.35
2017;12;25;359;7.4;1.5;-1.8;3.4;-0.7;-3.1;0.7;0.9;0.12;1.3;2.6;0.46;258;54;105;71;96839;0.16;0;0.38;0.35
2017;12;26;360;5.5;0.3;-2.2;1.4;-1.7;-3.6;0.8;0.4;0.12;1.3;2.6;0.4;221;47;89;55;95785;0.15;0;0.38;0.35
2017;12;27;361;7.3;4.1;-2.3;4.5;2.4;-3.4;0.4;4.2;0.11;1.3;2.6;0.28;231;44;83;41;94467;0.44;1.44;0.38;0.35
2017;12;28;362;5.9;3.1;1;4.5;0.6;-2.2;1.4;-1.6;0.13;1.3;2.6;1.24;128;21;45;21;94080;1.06;13.32;0.39;0.35
2017;12;29;363;1.7;-0.5;-3.3;-2.1;-5.5;-7.2;2.1;-2.2;0.17;1.3;2.6;4.34;231;49;100;66;95597;0.62;0.29;0.39;0.35
2017;12;30;364;3.6;0.8;-2.2;-1.7;-3.2;-6.3;0.9;2;0.17;1.3;2.6;4.44;176;32;68;32;95818;0.28;0.9;0.39;0.35
2017;12;31;365;10.7;4;-0.3;7.1;2;-1.5;1.2;1.3;0.16;1.3;2.6;3.76;205;35;94;37;95966;0.13;1.18;0.39;0.35
2018;1;1;1;6.7;2.3;-0.7;3;0.5;-2;1.2;0.6;0.15;1.3;2.6;2.9;94;18;54;28;95633;0.02;1.81;0.39;0.35
2018;1;2;2;6.1;2.6;-0.5;0.4;-0.9;-2;2.2;-1.3;0.15;1.3;2.6;2.58;185;39;83;57;95747;0.47;0.02;0.39;0.35
2018;1;3;3;3.9;1.3;-1.8;0.7;-2.1;-3.8;1.7;2;0.14;1.3;2.6;2.39;134;22;77;43;95200;0.6;2.69;0.39;0.35
2018;1;4;4;7.3;2.5;-2;1.9;-0.3;-4.1;1.1;1.5;0.14;1.2;2.6;2.18;227;42;78;43;95146;0.36;4.05;0.39;0.35
2018;1;5;5;9.5;5.2;1.3;6.4;3.5;0;1.1;1.7;0.13;1.2;2.6;1.44;205;43;81;46;95224;0.24;1.13;0.39;0.35
2018;1;6;6;9.8;5.1;0.2;7.4;3.6;-0.7;1.3;1.3;0.12;1.2;2.6;0.85;244;46;81;53;95691;0.14;0;0.39;0.35
2018;1;7;7;7.6;4.5;1;5.2;3.7;0.9;0;-0.1;0.12;1.2;2.5;0.5;167;35;54;26;96708;0.17;0.04;0.39;0.35
2018;1;8;8;9.2;6.3;4.4;6.9;5.6;4.3;-0.6;1.2;0.11;1.2;2.5;0.29;196;36;53;15;97228;0.2;0.16;0.39;0.35
2018;1;9;9;5.7;5.1;4.5;5.3;4.8;4.4;-1;2.4;0.11;1.2;2.5;0.15;77;14;13;5;97036;0.09;0.76;0.39;0.35
2018;1;10;10;4.7;3.8;3.3;4.6;3.7;3.1;-0.4;1;0.11;1.2;2.5;0.05;24;5;14;6;96163;0.12;9.07;0.4;0.35
2018;1;11;11;4.6;3.3;2.4;3.1;2.3;1.9;0.1;-1.7;0.11;1.2;2.5;0.04;85;18;33;15;96244;0.32;0.32;0.4;0.35
2018;1;12;12;4.8;3;1.4;2.1;1.7;0.8;0.6;-3;0.11;1.2;2.5;0.07;142;24;32;15;96933;0.59;3.55;0.4;0.35
2018;1;13;13;1.3;0.5;-0.6;0.7;-0.2;-0.8;-0.6;-1.3;0.13;1.2;2.5;1.42;58;12;22;10;97243;0.4;4.76;0.4;0.36
2018;1;14;14;-0.7;-1.5;-2.7;-0.9;-3;-4.3;-1.6;1.6;0.23;1.2;2.5;7.44;103;19;33;15;97230;0.38;6.21;0.4;0.36
2018;1;15;15;-1.9;-3.2;-4.6;-3.9;-5;-5.7;-0.5;3;0.29;1.2;2.5;10.1;134;27;63;31;96874;0.3;0.26;0.4;0.36
2018;1;16;16;3.8;-0.4;-3.4;-0.8;-2.7;-5;1.1;2.4;0.28;1.2;2.5;10.22;217;43;74;41;95037;0.46;2.61;0.4;0.36
2018;1;17;17;4.8;0.6;-3;1;-3.2;-6.1;2.5;-1.1;0.28;1.2;2.5;9.95;168;35;87;54;94693;0.66;1.63;0.4;0.36
2018;1;18;18;2.8;0.8;-2;-1.7;-4.7;-5.9;2.2;1.1;0.26;1.2;2.5;9.2;159;27;86;58;95415;0.65;1.73;0.4;0.36
2018;1;19;19;5.7;1.2;-3.1;2.5;-1.5;-5.1;1.5;0.1;0.25;1.2;2.5;8.91;153;31;89;45;95543;0.29;1.08;0.4;0.36
2018;1;20;20;4;-0.1;-3.9;-1.4;-3.2;-5.9;0.7;1.4;0.24;1.2;2.5;8.08;192;45;81;51;95671;0.37;0.91;0.4;0.36
2018;1;21;21;1.8;-0.1;-2.3;-1.8;-2.7;-4.6;1.5;-2.6;0.24;1.2;2.5;8.42;155;37;85;50;95404;0.54;1.33;0.4;0.36
2018;1;22;22;1.4;-0.9;-3.9;-2.5;-4;-6.2;0.3;0.8;0.25;1.1;2.5;8.62;239;45;84;39;96151;0.37;0.96;0.4;0.36
2018;1;23;23;4.8;1.6;-0.3;1.6;0;-2.1;0.8;-0.5;0.25;1.1;2.5;8.8;170;36;55;27;96941;0.23;2.54;0.4;0.36
2018;1;24;24;5.5;2;-1.1;2.4;-0.1;-2.3;1;2.1;0.23;1.1;2.5;7.37;100;21;69;36;97380;0.2;0.05;0.4;0.36
2018;1;25;25;6.3;1.8;-1.9;2.1;-0.1;-2.7;-0.3;1.8;0.2;1.1;2.5;5.67;289;64;98;67;96783;0.17;0;0.4;0.36
2018;1;26;26;5.9;1.5;-1.8;2.7;0.2;-2.8;0;0.1;0.18;1.1;2.5;4.38;241;53;70;38;96640;0.22;0;0.4;0.36
2018;1;27;27;6.4;2.5;-1;1.7;0.9;-1.5;0.3;-0.7;0.16;1.1;2.5;3.32;253;54;69;32;97590;0.29;0.06;0.4;0.36
2018;1;28;28;8.9;2.8;-1.1;3.9;0.7;-1.6;1.2;0.8;0.15;1.1;2.5;2.47;246;51;71;43;97857;0.21;0;0.4;0.36
2018;1;29;29;13;5.1;0.4;6;1.9;-1.3;1.5;0.6;0.14;1.1;2.5;1.66;325;75;108;63;97352;0.39;0;0.4;0.36
2018;1;30;30;8.8;5.7;1.7;3.4;1.5;-0.5;1.9;-1.6;0.13;1.1;2.5;0.9;272;63;87;53;97260;0.56;0.16;0.39;0.36
2018;1;31;31;7.3;3.9;2;3.4;2.2;0.4;0.7;2.1;0.12;1.1;2.5;0.57;199;39;74;33;96460;0.29;0.15;0.39;0.36
2018;2;1;32;9.2;4.3;1.1;3.4;1.3;-0.9;1.6;1.4;0.12;1.1;2.5;0.43;252;56;76;52;95132;0.48;5.18;0.39;0.36
2018;2;2;33;2.4;1;-1.3;0.8;-0.3;-3.2;0.6;-1.4;0.14;1.1;2.5;1.73;93;22;63;28;95426;0.44;4.66;0.4;0.37
2018;2;3;34;2.4;0.4;-0.9;-2.2;-3;-4.1;1.1;-2.2;0.15;1.1;2.5;2.31;135;32;80;41;95162;0.48;0.94;0.4;0.37
2018;2;4;35;3.3;-0.4;-3.5;-2.7;-4.1;-5.2;1;-1.7;0.15;1.1;2.5;2.42;337;77;98;73;96111;0.54;0.45;0.4;0.37
2018;2;5;36;1.9;-1.5;-4.8;-2.8;-4.4;-6.4;-0.2;-0.7;0.15;1.1;2.5;2.72;330;71;90;51;96926;0.2;1.99;0.4;0.37
2018;2;6;37;0.5;-1.1;-2.8;-3;-4.1;-5.7;-0.7;2.3;0.18;1.1;2.5;4.44;126;29;31;16;96413;0.27;0.51;0.39;0.37
2018;2;7;38;-0.3;-1;-1.8;-1.1;-2.1;-3.1;-0.3;-0.6;0.26;1.1;2.5;8.65;59;14;27;11;95822;0.09;7.86;0.39;0.37
2018;2;8;39;1.5;0;-1.7;-2;-2.3;-3.2;1.6;-3.5;0.37;1.1;2.5;14.99;165;29;50;24;96092;0.51;3.77;0.39;0.37
2018;2;9;40;1.8;-1.4;-6.3;-1.5;-3.4;-7.5;0.2;-0.8;0.36;1.1;2.5;14.42;256;57;79;43;96345;0.23;0.09;0.39;0.37
2018;2;10;41;1.5;-1.7;-6.3;-2.3;-3.9;-7.9;0;-1.8;0.34;1.1;2.5;13.7;181;44;66;30;96224;0.43;0.32;0.39;0.37
2018;2;11;42;2.8;-2.5;-11.1;-2.5;-5.7;-13.1;1;1;0.32;1.1;2.5;12.7;257;59;88;45;95740;0.44;0.08;0.39;0.37
2018;2;12;43;2.2;0;-2.3;0.2;-1.9;-4.4;1;-1;0.31;1.1;2.5;12.33;125;34;45;28;95847;0.26;4.34;0.39;0.37
2018;2;13;44;1;-0.8;-2;-2.4;-3.8;-4.8;0.9;-3.5;0.32;1.1;2.5;12.87;196;48;58;36;96095;0.72;1.98;0.39;0.37
2018;2;14;45;1.1;-1.5;-3.8;-3;-4.5;-6.1;1.1;-3.3;0.34;1.1;2.5;14.49;220;63;91;57;96200;0.63;0.74;0.39;0.37
2018;2;15;46;1.7;-2;-5.7;-4.2;-5.8;-7.8;0.7;0;0.34;1.1;2.5;14.07;275;73;95;66;96833;0.57;0;0.39;0.37
2018;2;16;47;6;1.4;-1.9;1.5;-1.2;-5.2;0.4;0.4;0.3;1.1;2.5;12.39;268;52;66;22;97082;0.45;1.74;0.39;0.37
2018;2;17;48;2.9;0.5;-1.5;0;-0.7;-2;-0.7;1.6;0.27;1.1;2.5;10.37;199;51;35;19;96874;0.36;2.96;0.39;0.37
2018;2;18;49;1.9;-0.7;-6.2;-0.7;-2.7;-7.7;0;-2.8;0.32;1.1;2.5;13.15;230;54;79;37;97059;0.59;2.46;0.39;0.37
2018;2;19;50;1.3;-2.6;-7.4;-3.9;-5.9;-8.8;-0.3;0.5;0.31;1.1;2.5;12.62;270;65;82;42;96773;0.54;0.73;0.39;0.37
2018;2;20;51;-0.5;-1.7;-2.9;-1.4;-2.8;-4.6;-0.5;-2.3;0.37;1.1;2.5;18.99;121;27;18;7;96081;0.27;12.07;0.39;0.37
2018;2;21;52;-0.4;-2.4;-4.1;-3.1;-4.6;-5.8;1;-3.7;0.4;1.1;2.5;25.75;272;54;62;22;96249;0.6;3.5;0.39;0.37
2018;2;22;53;-1.6;-3.1;-4.5;-3.7;-5.1;-6.3;0.8;-3.2;0.4;1.1;2.5;29.88;99;29;18;9;96291;0.4;5.19;0.39;0.37
2018;2;23;54;-1;-3;-4.3;-3.9;-4.9;-6.2;0.5;-2.6;0.4;1.1;2.5;34.54;147;40;64;15;96394;0.41;3.39;0.39;0.37
2018;2;24;55;-2.8;-5.7;-9.6;-6.6;-9.9;-13;0.7;-4.2;0.4;1.1;2.5;35.44;346;85;101;62;96654;0.77;0.08;0.39;0.37
2018;2;25;56;-7.1;-10.9;-14.2;-13.4;-15.6;-17.8;0.6;-3.5;0.4;1.1;2.5;35.01;333;89;98;83;96893;0.52;0;0.39;0.37
2018;2;26;57;-8.2;-11.9;-15.8;-13.6;-16;-18.8;1.1;-3.8;0.39;1.2;2.5;34.86;282;70;75;46;96398;0.48;1.07;0.39;0.37
2018;2;27;58;-9.6;-11.6;-13.2;-15.3;-16.2;-17;1.4;-4.2;0.4;1.2;2.5;36.2;244;60;46;30;95950;0.54;1.53;0.39;0.37
2018;2;28;59;-7.9;-12.2;-18;-14.2;-16.9;-20.3;1;-2;0.4;1.2;2.5;36.4;338;89;97;64;96508;0.45;0.03;0.38;0.37
2018;3;1;60;-7;-12.3;-20;-10.1;-14.9;-22;-0.6;2.8;0.39;1.2;2.5;36.31;248;60;51;27;96013;0.26;0.73;0.38;0.37
2018;3;2;61;-4.2;-7;-9.8;-6.3;-8.7;-10.9;-0.9;1.1;0.39;1.2;2.5;37.36;170;42;31;12;94763;0.22;2.23;0.38;0.37
2018;3;3;62;-0.4;-4.5;-9.7;-4.1;-7;-11.3;-0.2;-0.5;0.4;1.2;2.5;38.74;268;74;69;38;94837;0.38;0.26;0.38;0.37
2018;3;4;63;2.5;-2.9;-10.1;-2.6;-6;-12.1;-0.1;1.7;0.39;1.2;2.5;37.99;318;91;94;55;95298;0.6;0.03;0.38;0.37
2018;3;5;64;1.1;-1.7;-4.1;-1.2;-2.9;-4.8;-0.7;2.8;0.38;1.2;2.5;37.22;222;52;41;18;94974;0.37;0.49;0.38;0.37
2018;3;6;65;3.1;-0.7;-3.2;-0.9;-2.3;-4.2;-0.2;1.7;0.38;1.2;2.5;39.28;251;58;87;30;94176;0.32;3.61;0.38;0.37
2018;3;7;66;7.1;1.1;-5.4;1.7;-1.7;-7;1.1;0.6;0.38;1.2;2.5;35.32;344;97;101;53;94558;0.28;1.13;0.38;0.37
2018;3;8;67;7.4;3.7;0.2;0.4;-0.5;-1.6;1.2;-0.6;0.37;1.2;2.5;27.77;346;88;88;51;95502;0.57;2.31;0.4;0.37
2018;3;9;68;8.6;3;-1.8;3.2;-0.1;-3.5;0.8;0.5;0.34;1.2;2.5;20.63;310;76;87;50;95826;0.24;0;0.4;0.37
2018;3;10;69;11.2;4.3;-2.1;4.4;0.9;-3.4;0.7;0.8;0.28;1.3;2.5;12.83;439;114;99;44;95633;0.59;0.01;0.41;0.37
2018;3;11;70;13.8;7.4;0.1;7.2;4;-1;1.1;3.1;0.2;1.3;2.5;6.1;483;125;100;54;95179;0.62;0.36;0.41;0.38
2018;3;12;71;14.1;9.2;3.9;7.6;5.7;3.3;1.3;2.3;0.14;1.3;2.5;1.27;423;118;84;49;94642;1.19;2.37;0.41;0.38
2018;3;13;72;13;7;0.6;5.5;2;-0.1;1.6;-0.5;0.13;1.3;2.6;0.57;493;140;111;66;95310;1.3;0.02;0.41;0.38
2018;3;14;73;8.9;5.9;2.6;2.6;1;0.2;1.5;-1.6;0.13;1.3;2.6;0.3;413;118;91;59;95775;0.9;0.07;0.41;0.38
2018;3;15;74;10;5.9;2;4.7;3;0.7;-1;2.4;0.13;1.3;2.6;0.18;267;65;69;29;95366;0.78;1.33;0.41;0.38
2018;3;16;75;9;6;2.2;5.7;4.4;1.4;0.8;1.7;0.13;1.3;2.6;0.06;169;41;84;31;94939;0.84;6.92;0.41;0.38
2018;3;17;76;2.3;0.8;-3.9;1.7;-0.1;-6.3;0.1;-2.7;0.17;1.3;2.6;2.93;140;35;42;13;94917;0.81;13.32;0.41;0.38
2018;3;18;77;-2.6;-4.7;-7.1;-6.2;-7.7;-9.9;0.8;-2.9;0.33;1.4;2.6;11.97;251;62;33;14;95213;0.74;3.18;0.41;0.38
2018;3;19;78;-1.8;-4.5;-6.3;-6.9;-8.2;-9.5;0.4;-2.5;0.35;1.4;2.6;13.24;330;87;56;31;95444;0.82;1.33;0.41;0.38
2018;3;20;79;-0.3;-3.5;-5.7;-7.6;-8.6;-10.5;1.3;-3;0.36;1.4;2.6;13.52;330;92;85;52;95803;1.02;0.31;0.41;0.38
2018;3;21;80;0.9;-2.8;-6.3;-5.8;-9;-13;0.4;-3.5;0.34;1.4;2.6;13.02;369;119;109;77;96814;1.2;0.2;0.4;0.38
2018;3;22;81;2.7;-1.8;-7.5;-5;-8.7;-14.2;0.1;-0.1;0.31;1.4;2.6;11.17;497;150;127;80;96462;0.95;0;0.4;0.38
2018;3;23;82;5.2;0.1;-6.8;-0.5;-3.7;-10.8;1.1;-3.1;0.27;1.5;2.6;9.05;330;86;67;47;95324;0.7;0.57;0.4;0.38
2018;3;24;83;5.8;1.9;-1.3;-1.4;-2.4;-4.3;-0.9;0.2;0.23;1.5;2.6;6.87;504;143;103;73;95324;1.07;0;0.4;0.38
2018;3;25;84;4.5;1.6;-0.8;-2;-2.5;-3.1;-0.7;2.9;0.21;1.5;2.6;5.33;352;102;60;43;95724;0.8;0;0.4;0.39
2018;3;26;85;7.1;2.8;-2.1;0;-1.4;-3.9;0.3;-0.2;0.19;1.5;2.6;3.8;477;119;94;57;95861;0.79;0.14;0.4;0.39
2018;3;27;86;8.3;3.4;-1.6;2.6;0.3;-2.3;0.9;-1.1;0.17;1.5;2.6;2.37;541;137;95;62;96064;1.07;2.15;0.4;0.39
2018;3;28;87;10.1;4.7;-2.9;3.5;0.9;-3.8;0.5;1.6;0.15;1.6;2.6;1.34;508;119;74;48;95622;1.12;0.37;0.4;0.39
2018;3;29;88;9.2;6.5;4.1;6.3;4.6;2.4;0;0.3;0.15;1.6;2.6;0.6;197;54;42;22;95486;0.77;13.85;0.4;0.39
2018;3;30;89;9.5;6.8;1.5;7.2;4.5;0.7;0.3;2.6;0.14;1.6;2.6;0.35;335;90;79;39;95586;0.81;0.24;0.41;0.39
2018;3;31;90;13.5;10;6.1;8.3;7.1;4.4;1.1;3;0.14;1.6;2.6;0.06;340;107;64;40;94541;1.31;5.73;0.41;0.39
2018;4;1;91;10;6.8;4.4;3.5;0.8;-1.4;4;-2.8;0.14;1.6;2.6;0;443;129;107;64;94961;1.96;2.14;0.41;0.39
2018;4;2;92;13.8;8.1;3.6;1.2;-0.6;-2.6;1.3;0.2;0.14;1.7;2.6;0;505;166;123;76;96009;1.93;0;0.41;0.39
2018;4;3;93;18;11.3;5;6.8;3.8;0;0.9;2.4;0.14;1.7;2.6;0;630;191;126;83;95767;2.27;0;0.41;0.39
2018;4;4;94;16.8;11.8;7.7;6.2;4.7;2.8;2.3;3.6;0.14;1.7;2.6;0;598;170;107;76;95587;2.15;0.02;0.4;0.39
2018;4;5;95;14.9;10.7;6.5;6.2;4.6;2.9;1.6;-1.3;0.14;1.7;2.6;0;462;119;84;56;95985;1.57;0.21;0.4;0.39
2018;4;6;96;10.4;7.2;3.7;2.2;1.1;0.2;0.7;-3.5;0.14;1.7;2.6;0;561;183;103;84;96919;1.76;0;0.39;0.39
2018;4;7;97;13.4;8.2;1.4;6;3.1;-0.7;-0.7;1.9;0.14;1.8;2.6;0;612;184;104;65;96858;1.95;0.95;0.39;0.39
2018;4;8;98;16.9;11.1;5.8;7.2;5.9;4.5;0.1;4.3;0.14;1.8;2.6;0;649;181;114;73;96238;2.13;0.11;0.39;0.39
2018;4;9;99;20.7;14.7;8.4;8.2;6;3.8;0.2;3.6;0.15;1.8;2.6;0;661;213;124;92;95718;2.94;0;0.39;0.39
2018;4;10;100;15.6;12.1;8.6;9.5;7.2;5.4;0.1;4.1;0.15;1.8;2.6;0;497;153;82;66;95510;1.89;0.52;0.38;0.39
2018;4;11;101;18;13.1;7.7;7.4;6.6;5.4;0.5;3;0.15;1.8;2.6;0;580;190;104;79;95651;2.36;0;0.38;0.39
2018;4;12;102;19.7;14.4;8.8;10;8.4;6.5;0;2.6;0.15;1.9;2.6;0;652;201;107;70;95594;2.62;1.28;0.38;0.39
2018;4;13;103;18;13.3;8.7;9.6;6.3;3.3;1;3.4;0.15;1.9;2.6;0;644;211;122;82;95871;2.87;0.18;0.38;0.39
2018;4;14;104;17.9;12.9;5.9;8.2;5.8;3;-0.4;0.7;0.15;1.9;2.6;0;675;223;129;91;96852;2.58;0;0.37;0.39
2018;4;15;105;20.3;15.1;9.6;13.4;10.4;6.4;-0.4;1.7;0.15;1.9;2.6;0;513;155;83;53;96326;1.93;0.5;0.37;0.39
2018;4;16;106;19.1;14.5;11.1;13.7;12.2;10.1;0.1;-0.4;0.15;2;2.6;0;399;120;73;37;96089;2;13.95;0.37;0.39
2018;4;17;107;17.5;14;11.1;9.8;8.4;7.3;0.5;-4.1;0.15;2;2.6;0;424;139;85;54;97062;2.55;1.11;0.38;0.39
2018;4;18;108;18.2;13.9;9.3;8.1;7;5.7;0.5;-3.1;0.15;2;2.6;0;676;227;118;93;97800;2.95;0;0.38;0.39
2018;4;19;109;20.8;15.7;9.3;10.9;7.7;5.4;0.6;-2.4;0.15;2.1;2.7;0;692;231;125;92;97670;3.23;0;0.37;0.39
2018;4;20;110;21.5;16.3;10.9;10.7;9;7.5;0.4;-1.8;0.15;2.1;2.7;0;688;231;127;91;97316;3.29;0;0.37;0.39
2018;4;21;111;24.4;17.3;9.3;10.3;8.5;6.5;0.9;2.1;0.15;2.1;2.7;0;698;235;133;92;96714;3.57;0;0.37;0.39
2018;4;22;112;22.8;18;12;14.4;10.9;8;0.7;-1;0.15;2.2;2.7;0;636;196;101;70;96390;2.91;0.04;0.36;0.39
2018;4;23;113;23.9;17.8;11.5;14.5;12;10.3;1.2;0;0.15;2.2;2.7;0;622;189;110;69;96294;2.97;3.22;0.36;0.39
2018;4;24;114;20.6;16.2;12.4;13.1;10.6;9.2;1.2;-0.4;0.16;2.2;2.7;0;549;164;88;56;96480;2.76;1.46;0.36;0.39
2018;4;25;115;22.9;17.4;10;15.2;12.3;9.3;0.6;0.5;0.16;2.3;2.7;0;644;210;109;68;96104;3.03;1.69;0.36;0.39
2018;4;26;116;15.4;12.1;8.3;10.7;8.2;4.9;0.9;-1.8;0.16;2.3;2.7;0;172;60;57;32;96344;2.2;9.63;0.36;0.39
2018;4;27;117;16.4;12.1;6.5;8.2;6.1;3.7;0.4;2.4;0.16;2.3;2.7;0;653;194;106;70;96464;2.83;0;0.36;0.39
2018;4;28;118;22.3;16.7;9.4;12.6;10.7;7.7;0.1;2.8;0.16;2.4;2.7;0;702;239;117;87;96150;3.49;0;0.36;0.39
2018;4;29;119;24.6;19.4;13.2;12.3;10.8;10;0.4;3.3;0.16;2.4;2.7;0;697;242;115;88;95823;4.06;0;0.35;0.39
2018;4;30;120;22.4;18.2;13.4;11.1;8.4;4.9;1.2;4.2;0.16;2.4;2.7;0;673;223;114;92;95488;3.95;0;0.35;0.39
2018;5;1;121;21.2;16.3;9.9;8.3;5.9;4.5;0.5;1.9;0.16;2.5;2.7;0;682;228;123;84;95845;3.78;0;0.35;0.39
2018;5;2;122;23.6;17.5;12.1;14.5;12.1;8.6;-0.8;1;0.16;2.5;2.7;0;679;215;106;66;95878;3.32;5.25;0.34;0.39
2018;5;3;123;23.2;18.2;12.2;14.6;12.6;10.9;-0.3;-0.7;0.16;2.6;2.7;0;687;230;109;76;95771;3.73;0.49;0.34;0.39
2018;5;4;124;21.3;17.6;14.6;13.7;12.8;10.8;0.5;-3.5;0.16;2.6;2.7;0;555;177;88;56;96288;3.26;1.98;0.34;0.39
2018;5;5;125;20;16.2;13.4;11.9;9.7;3;1.2;-3.9;0.16;2.6;2.7;0;584;180;90;63;96699;3;0.23;0.34;0.39
2018;5;6;126;20.2;15.5;10.8;7.1;4.5;0.8;1.2;-3.9;0.16;2.7;2.7;0;716;251;119;93;96773;4.07;0;0.34;0.39
2018;5;7;127;21.3;16.2;10.5;9;6.5;4.4;0.4;-2.2;0.16;2.7;2.7;0;704;247;124;92;96562;3.88;0;0.33;0.39
2018;5;8;128;20.6;15.4;10.1;9.7;7.4;4.9;-0.1;-1.6;0.16;2.7;2.7;0;656;230;114;84;95954;3.51;1.74;0.33;0.38
2018;5;9;129;20.1;15.6;9.6;13;10.7;7.9;-0.2;0.1;0.16;2.8;2.7;0;554;204;101;72;95635;3.25;1.58;0.33;0.38
2018;5;10;130;21.3;16.7;12.1;15.4;13.2;10.1;-0.2;0.1;0.16;2.8;2.7;0;621;201;90;59;95846;3.07;9.81;0.33;0.38
2018;5;11;131;18.9;15.9;13;14.2;12.3;10.9;0.6;-1.3;0.17;2.8;2.8;0;480;152;69;47;96515;2.93;2.34;0.33;0.38
2018;5;12;132;22.1;16.9;11.3;15.9;13.3;10.6;0.3;0.8;0.17;2.9;2.8;0;680;211;103;63;96329;3.34;6;0.33;0.38
2018;5;13;133;21.6;16.9;12.4;14.3;13.1;11.5;-0.7;1.2;0.17;2.9;2.8;0;657;211;98;60;95919;3.64;5.94;0.33;0.38
2018;5;14;134;15.3;13.8;12.1;13.4;10.8;9.5;-0.6;1;0.17;2.9;2.8;0;416;103;57;40;95881;2.17;8.73;0.34;0.38
2018;5;15;135;11.7;10.2;7.3;10.1;8.7;6.7;-0.5;-0.9;0.17;3;2.8;0;135;36;61;25;95779;1.16;25.51;0.36;0.38
2018;5;16;136;15.9;11.7;7;11.1;8.8;6.4;1.1;0.7;0.17;3;2.8;0;485;160;72;52;95916;2.91;6.24;0.37;0.38
2018;5;17;137;17;13;7.4;11.6;8.6;6.3;1.6;-0.5;0.17;3;2.8;0;482;155;69;53;96139;2.68;1.53;0.37;0.38
2018;5;18;138;19.3;15;11.3;11.8;10.5;9;1.5;-2.1;0.17;3;2.8;0;517;185;95;56;96425;3.31;1.06;0.37;0.38
2018;5;19;139;18.6;15;11.1;12.9;11;9.5;0.3;-2.5;0.17;3;2.8;0;651;233;96;68;96623;3.59;1.75;0.36;0.38
2018;5;20;140;18.7;14.7;10.6;12.8;10.3;8;-0.2;-1.1;0.17;3;2.8;0;585;194;88;64;96838;3.13;1.15;0.36;0.38
2018;5;21;141;19.5;15.7;11.3;12.1;9.7;8.2;-0.8;0.1;0.17;3;2.8;0;591;223;102;72;96567;3.55;0.14;0.36;0.38
2018;5;22;142;21.3;16.2;10.6;14.4;12.1;8.3;-0.1;2;0.17;3;2.8;0;632;210;93;65;96288;3.25;1.41;0.35;0.38
2018;5;23;143;22.6;17.2;11.6;16.6;14.6;11.6;-0.3;0.9;0.17;3;2.8;0;664;206;90;59;96519;3.32;7.85;0.35;0.38
2018;5;24;144;21.9;17.7;13.1;16.4;15.2;12.8;0.1;-0.5;0.17;3;2.8;0;541;170;75;50;96622;2.96;8.24;0.36;0.38
2018;5;25;145;18;15.5;11.7;16.2;14.3;11.4;0.3;-1.4;0.17;3;2.8;0;376;124;64;37;96618;2.45;16.2;0.37;0.38
2018;5;26;146;22.3;17.2;10.6;15.5;13.1;10.4;-0.2;0.4;0.17;3;2.8;0;598;221;93;62;96927;3.75;0.37;0.37;0.38
2018;5;27;147;23.3;19;12.2;16.5;14.4;11.6;-0.2;1.1;0.17;3;2.8;0;606;218;89;65;96838;3.67;0.44;0.37;0.38
2018;5;28;148;24.8;19.8;15.1;17.2;15.9;13.9;-0.2;1.4;0.17;3;2.8;0;674;222;94;60;96798;3.8;1.24;0.37;0.38
2018;5;29;149;25.1;20;14.9;17.1;15.8;14.1;-0.8;2.2;0.17;3;2.8;0;663;221;87;56;96581;4.16;3.11;0.36;0.38
2018;5;30;150;23.5;19.6;15.9;15.8;14.3;12.5;-0.7;2.1;0.17;3;2.8;0;560;197;83;54;96516;4.18;5.28;0.37;0.38
2018;5;31;151;24.8;20.3;14.5;17.4;14.8;11.5;0;1.9;0.17;3;2.8;0;620;225;86;61;96395;4.1;1.05;0.36;0.38
2018;6;1;152;24.4;20.1;16.1;17.8;16.5;14.5;0.6;0.1;0.17;3;2.8;0;579;187;81;55;96475;3.41;9.55;0.36;0.38
2018;6;2;153;24.2;19.9;15;16.5;14.9;13.9;1.3;-1.2;0.17;3;2.8;0;633;219;88;61;96520;4.18;2.13;0.37;0.38
2018;6;3;154;23.2;19.7;15.5;16.5;14.4;12.6;1.1;-1.4;0.17;3;2.8;0;602;206;83;64;96455;3.87;0.53;0.36;0.38
2018;6;4;155;24.1;19.3;14.2;17.4;15.4;12.8;0.3;0.1;0.17;3;2.8;0;692;233;97;66;95973;4.02;2.09;0.36;0.38
2018;6;5;156;25.3;20.2;14.1;17.2;15.7;13.9;0.4;-1;0.17;3;2.8;0;704;227;95;60;95794;4.23;1.32;0.36;0.38
2018;6;6;157;24.3;19.7;16.5;17.6;16.3;14.7;-0.2;-0.3;0.17;3;2.8;0;661;200;84;52;96197;3.75;10.3;0.36;0.38
2018;6;7;158;21.1;18.4;16;18.9;17.1;15.3;-1.2;0.6;0.17;3;2.8;0;368;113;46;24;96444;2.46;9.12;0.37;0.38
2018;6;8;159;25.9;20.6;14.7;17.8;16.5;14.4;-0.1;2;0.17;3;2.8;0;674;230;93;55;96175;4.34;0.33;0.37;0.38
2018;6;9;160;24.6;20.2;16.1;18.2;16.7;15;-0.4;-0.4;0.17;3;2.8;0;632;187;88;53;96022;3.37;3.41;0.37;0.38
2018;6;10;161;25.9;20.8;14.4;18.4;16.4;13.9;0.6;0.2;0.17;3;2.8;0;650;221;88;62;95969;4.12;3.77;0.36;0.38
2018;6;11;162;26.9;22.3;16.3;18.1;17.2;15.7;0.5;0.9;0.17;3;2.8;0;651;225;92;62;95858;4.44;0.65;0.36;0.38
2018;6;12;163;25.1;21.2;17.7;18;17;16.2;0.9;-0.3;0.17;3;2.8;0;566;199;80;54;95530;3.96;11.06;0.36;0.38
2018;6;13;164;21.2;18;15.2;17.8;15.4;11.7;0.3;-2.4;0.17;3;2.8;0;456;136;48;28;95459;3.6;13.94;0.37;0.38
2018;6;14;165;16.5;14.7;13;11.5;10;8.5;1.7;-4.4;0.17;3;2.8;0;241;75;41;26;96059;2.92;6.18;0.38;0.38
2018;6;15;166;19.6;16.5;13.3;10;9.4;8.7;1.4;-3.8;0.17;3;2.8;0;388;128;64;33;96270;3.39;0.95;0.38;0.38
2018;6;16;167;23.1;19.1;15;13.8;11.7;9;0.7;-2.7;0.17;3;2.8;0;691;225;91;64;96254;4.36;0.11;0.37;0.38
2018;6;17;168;24;20.2;16;14;12.5;11.1;1;-2.5;0.17;3;2.8;0;682;202;88;60;96311;4.21;0.28;0.37;0.38
2018;6;18;169;23.3;20.3;17.2;13.8;11.5;9.7;1.7;-4.1;0.17;3;2.8;0;661;234;91;71;96584;4.95;0.01;0.37;0.38
2018;6;19;170;24.3;20.6;16.7;12.2;11.1;9.8;1.2;-3.6;0.17;3;2.8;0;669;226;91;71;96956;4.91;0;0.36;0.38
2018;6;20;171;26.4;21.8;16.7;17.1;14.2;11.4;0;-0.1;0.17;3;2.8;0;723;246;101;71;96957;4.73;0.02;0.36;0.38
2018;6;21;172;28.5;23;17.7;18.9;16.4;13.5;1.2;0.8;0.17;3;2.8;0;685;254;91;65;96243;5.28;2.99;0.35;0.38
2018;6;22;173;17.9;14.2;11.2;11.6;6;3.8;1.4;-3.7;0.17;3;2.8;0;575;132;95;55;96602;3.82;2.35;0.35;0.38
2018;6;23;174;17.5;14.1;10.5;6.2;5.2;4.5;2.2;-3.1;0.17;3;2.8;0;538;212;101;71;96825;3.86;0.42;0.35;0.38
2018;6;24;175;17.9;14.6;11.9;9.3;7.8;6.3;1.4;-1.5;0.16;3;2.8;0;580;157;80;43;96695;2.95;1.12;0.35;0.38
2018;6;25;176;18.1;14.5;11.4;10.1;8.9;7.5;0.7;-2.2;0.16;2.9;2.8;0;569;165;78;47;96753;3.44;4.22;0.35;0.37
2018;6;26;177;20.6;16.4;12.4;12;10;8;0.9;-2.8;0.16;2.9;2.8;0;639;240;93;72;96780;4.29;2.08;0.34;0.37
2018;6;27;178;19.5;15.2;12;13;11.5;10;0.6;-3.8;0.16;2.9;2.8;0;663;223;87;56;96571;3.89;8.13;0.34;0.37
2018;6;28;179;19.5;16.1;13.3;15.5;14;12.2;1.4;-3.6;0.16;2.9;2.8;0;325;103;67;24;95993;2.55;8.13;0.35;0.37
2018;6;29;180;23.7;19.9;16.2;17.2;15.6;14.4;1.8;-4.3;0.16;2.9;2.8;0;567;173;63;40;95804;3.8;4.45;0.35;0.37
2018;6;30;181;19.8;17.6;12.3;14.7;10.2;4.5;0.3;-3.8;0.16;2.9;2.8;0;651;233;115;81;96135;4.22;0.36;0.35;0.37
2018;7;1;182;17.6;14.4;10.3;6.8;5.3;4.4;0.1;-2.4;0.16;2.9;2.8;0;544;209;102;79;96543;3.68;0;0.35;0.37
2018;7;2;183;20.7;16.3;10.4;12.2;8.8;4.2;0.2;1.5;0.16;2.9;2.8;0;621;212;92;63;96460;3.51;0;0.34;0.37
2018;7;3;184;23.1;18.4;11.6;15.5;12.6;10.5;0.5;1.1;0.16;2.9;2.8;0;544;222;93;71;96493;3.69;0.37;0.34;0.37
2018;7;4;185;25.9;20.6;13.8;16.2;13.7;11.8;1;0.8;0.16;2.9;2.7;0;616;216;101;71;96412;3.83;0.13;0.34;0.37
2018;7;5;186;27.7;21.8;15.2;19.2;15.7;13.1;1;0.7;0.16;2.9;2.7;0;725;243;109;70;96106;4.39;5.07;0.33;0.37
2018;7;6;187;21.6;18.9;17.6;16.6;15.5;14;2.2;-2.4;0.16;2.8;2.7;0;341;124;56;33;96184;3.79;8.2;0.34;0.37
2018;7;7;188;23.1;19.7;16.6;13.8;11;8;1.5;-3.9;0.16;2.8;2.7;0;663;225;93;68;96577;4.56;0.03;0.34;0.37
2018;7;8;189;22.9;19.3;15.1;10.4;8.9;6.6;1.2;-3;0.16;2.8;2.7;0;719;234;104;78;96603;4.6;0.49;0.33;0.37
2018;7;9;190;23.2;19.9;16.3;13.4;11.5;10.1;1.2;-2.8;0.16;2.8;2.7;0;562;211;87;70;96523;4.11;0.25;0.33;0.37
2018;7;10;191;25;19.9;15.6;17.2;14.3;12;0.5;-0.3;0.16;2.8;2.7;0;624;200;93;58;96259;3.73;14.43;0.33;0.37
2018;7;11;192;20.2;17.1;13.3;15.7;14;12.4;0.1;-0.8;0.16;2.8;2.7;0;480;118;81;41;96277;2.45;5.94;0.34;0.37
2018;7;12;193;22.2;17.9;12.2;15.2;12.7;11.4;0.8;0.5;0.16;2.8;2.7;0;587;198;88;61;96452;3.34;0.55;0.34;0.37
2018;7;13;194;23.4;19.1;12.6;14.8;12.2;10.7;1.6;-1.2;0.16;2.8;2.7;0;588;201;94;68;96610;3.73;0.29;0.34;0.37
2018;7;14;195;24.7;20.1;14.2;16.9;14;12.4;1.1;-0.7;0.16;2.8;2.7;0;636;223;101;68;96592;3.88;2.91;0.33;0.37
2018;7;15;196;24.5;20.3;15.1;15.4;13.3;10.9;0.8;-1.2;0.16;2.8;2.7;0;719;237;104;75;96396;4.25;0.09;0.33;0.37
2018;7;16;197;24.3;20;14.7;16.9;14;11.6;0.8;-0.6;0.16;2.8;2.7;0;664;213;99;70;96126;3.73;3.65;0.33;0.37
2018;7;17;198;24.3;20.6;15.9;14.2;12.6;9.8;2.4;-2.4;0.16;2.8;2.7;0;698;231;94;67;95910;4.42;0.15;0.33;0.37
2018;7;18;199;24.3;21.2;18.3;14.2;12;9.7;2.7;-3.4;0.16;2.8;2.7;0;579;182;82;63;96069;3.97;0.33;0.32;0.37
2018;7;19;200;25.9;21.4;17.7;12.7;11.4;10.3;1.6;-3;0.16;2.7;2.7;0;715;253;111;82;96268;4.69;0;0.32;0.37
2018;7;20;201;26.2;21.5;15.4;16.5;13.3;11.6;0.3;-1.4;0.16;2.7;2.7;0;686;244;105;76;96260;4.12;0.02;0.32;0.37
2018;7;21;202;25.7;21.1;16.8;18.5;16.8;15.1;0.2;1.5;0.16;2.7;2.7;0;662;197;82;53;95995;3.34;5.48;0.31;0.37
2018;7;22;203;21.6;18.6;15.4;16.8;15.8;14.7;1;-1.2;0.16;2.7;2.7;0;413;120;63;37;95920;3.05;13.09;0.32;0.37
2018;7;23;204;24;19.7;16.6;15.4;14.3;12.5;1.7;-3.7;0.16;2.7;2.7;0;555;169;81;47;96109;4.28;6.09;0.33;0.37
2018;7;24;205;24.8;21.5;17.7;15.3;14;12.9;1;-3.2;0.16;2.7;2.7;0;558;212;81;68;96215;4.14;0.19;0.33;0.37
2018;7;25;206;24.9;21.8;17.5;15.3;14.3;12.6;1;-3;0.16;2.7;2.7;0;658;217;85;66;96179;4.12;0.3;0.32;0.37
2018;7;26;207;26.4;21.7;18;16.7;15.3;13.7;1;-3;0.16;2.7;2.7;0;643;228;91;63;96236;4.4;2.32;0.32;0.37
2018;7;27;208;25.9;21.9;17.6;18.1;17.3;16;0.8;-1.5;0.16;2.7;2.7;0;635;216;83;54;96153;4.11;2.73;0.32;0.37
2018;7;28;209;26.8;22.7;17.3;19.6;18;15.8;0.7;0.2;0.16;2.7;2.7;0;583;201;83;58;95967;3.52;0.74;0.32;0.37
2018;7;29;210;28.3;24.2;20;18.1;16.5;15.3;1.3;-2.3;0.16;2.7;2.7;0;665;237;93;63;96287;4.43;0.04;0.31;0.37
2018;7;30;211;28.9;24.4;19.7;18.2;15.6;13.1;0.7;-2.6;0.16;2.7;2.7;0;568;213;91;66;96429;4.15;0;0.31;0.37
2018;7;31;212;29.4;24.5;19.3;17.6;15.6;14.6;0.7;-2.8;0.16;2.7;2.7;0;585;222;94;69;96446;4.13;0.01;0.31;0.37
2018;8;1;213;27.8;23.8;20;19;17.6;14.7;0.3;-1.9;0.16;2.7;2.7;0;651;198;75;54;96575;3.67;2.12;0.3;0.37
2018;8;2;214;28;23.3;19.2;20.4;18.8;17.3;-0.2;-1.5;0.16;2.7;2.7;0;588;198;80;46;96743;3.73;27.25;0.3;0.36
2018;8;3;215;27.7;23.7;19.8;19.8;18.9;17.5;0.1;-1;0.16;2.7;2.7;0;619;202;76;53;96747;4.03;0.8;0.32;0.36
2018;8;4;216;28.2;23.8;18.1;20.1;17.7;15.9;0.1;1;0.16;2.6;2.7;0;598;219;92;64;96606;3.94;0.23;0.32;0.36
2018;8;5;217;28.9;23.7;19.2;19.6;18.3;17.1;0.9;-0.2;0.16;2.6;2.7;0;653;201;97;59;96536;3.77;5.77;0.32;0.36
2018;8;6;218;26.6;23;18.8;19.6;17.9;16.9;0.1;-0.4;0.16;2.6;2.7;0;590;196;82;61;96634;3.59;0.34;0.32;0.36
2018;8;7;219;28;23.8;18.8;19.5;18.6;17.3;0;2;0.16;2.6;2.7;0;619;200;82;55;96446;3.59;0.13;0.31;0.36
2018;8;8;220;29.7;24.7;20.5;20.4;18.9;17.8;0.6;2.3;0.16;2.6;2.7;0;674;218;90;63;96354;4.01;0.3;0.31;0.36
2018;8;9;221;30.3;25.5;19.5;19.8;18.4;17.1;0;2.7;0.16;2.6;2.7;0;666;226;90;66;96450;4.27;0.1;0.31;0.36
2018;8;10;222;26.4;22.3;16.6;18.1;16.6;13.9;0.7;-1.4;0.16;2.6;2.7;0;612;165;72;52;96847;3.73;5.38;0.3;0.36
2018;8;11;223;24.1;19.4;16.3;15.2;13.7;12.1;1.2;-1.9;0.16;2.6;2.7;0;501;137;80;40;96936;3.45;3.25;0.31;0.36
2018;8;12;224;25.6;20.9;14.4;13.8;12.4;11;0.6;1.4;0.16;2.6;2.7;0;660;224;112;78;96698;3.86;0;0.3;0.36
2018;8;13;225;28.2;23.2;17.6;17.1;16;13.9;0.6;2.5;0.16;2.6;2.7;0;683;227;108;78;95967;3.88;0;0.3;0.36
2018;8;14;226;21.9;19.9;18.9;17.4;15.2;11.8;1.7;-1.8;0.16;2.6;2.7;0;442;101;59;46;96105;2.58;6.84;0.3;0.36
2018;8;15;227;23.8;20.5;17.5;13.1;11.2;10.2;1.4;-3.1;0.16;2.6;2.7;0;600;184;87;69;96586;3.53;0.01;0.3;0.36
2018;8;16;228;25.3;20.6;15.7;15.5;11.8;9.9;0.3;-1.2;0.16;2.6;2.7;0;654;212;107;77;96627;3.52;0;0.3;0.36
2018;8;17;229;26.3;21.1;14.4;16.1;14;11.9;0.5;1.4;0.15;2.6;2.7;0;659;214;107;74;96436;3.35;0.08;0.3;0.36
2018;8;18;230;27.5;22.1;15.7;16.9;14.9;12.3;0.2;-0.2;0.15;2.6;2.7;0;567;199;109;71;96708;3.24;0.09;0.29;0.36
2018;8;19;231;28.4;22.9;16.4;17.4;14.6;13;0.3;-0.2;0.15;2.6;2.7;0;621;204;104;73;96798;3.28;0;0.29;0.36
2018;8;20;232;28.8;23.3;16.6;17.2;15.5;14.3;1.2;-0.3;0.15;2.6;2.7;0;654;205;100;69;96573;3.34;0.3;0.29;0.36
2018;8;21;233;28.2;23.6;20;16.1;14.5;12.2;0.7;-2.2;0.15;2.6;2.7;0;605;202;104;68;96669;3.37;0;0.28;0.36
2018;8;22;234;28;23.2;17.7;16.3;14.8;14.1;-0.3;0.5;0.15;2.6;2.7;0;586;189;99;65;96694;3.01;0.08;0.28;0.36
2018;8;23;235;29.2;24.1;18.9;17.6;16;14.9;-0.1;2.3;0.15;2.5;2.7;0;619;195;97;66;96325;3.06;0.33;0.28;0.36
2018;8;24;236;26.4;21.8;18.9;18.5;16.8;14.4;0.4;0;0.15;2.5;2.7;0;595;164;94;57;95952;2.88;12.45;0.28;0.36
2018;8;25;237;19.3;16.9;13.4;15.7;11.6;8.2;1.3;-2.2;0.15;2.5;2.7;0;311;89;48;28;96014;2.44;7.36;0.29;0.36
2018;8;26;238;16.9;13.6;11.4;11.1;8.6;6.4;0.8;-4;0.15;2.5;2.7;0;430;101;90;41;96214;3.31;14.66;0.3;0.36
2018;8;27;239;20.5;15.5;10.9;10.8;7.7;5.4;0.4;-1.3;0.15;2.5;2.7;0;657;219;125;91;96506;3.24;0;0.3;0.36
2018;8;28;240;23.7;18.7;12.2;15.3;12;9.4;0.4;-0.4;0.15;2.5;2.7;0;597;159;101;54;96723;2.64;0.04;0.3;0.36
2018;8;29;241;24.3;20.1;15.2;14.8;13.1;12.5;-0.1;2.4;0.15;2.5;2.7;0;628;182;102;68;96534;3.03;0;0.3;0.36
2018;8;30;242;24.1;19.3;15.6;16.8;14;12.2;0.7;-0.3;0.15;2.5;2.7;0;492;147;74;52;96530;3.08;7.52;0.3;0.36
2018;8;31;243;22.3;18.5;14.8;15.8;13.4;12.2;-0.1;-0.3;0.15;2.5;2.7;0;463;142;76;43;96684;2.64;1.58;0.3;0.36
2018;9;1;244;19.3;16.9;15.3;16.9;15.7;13.8;0.2;-1.5;0.15;2.5;2.7;0;423;84;39;24;96638;1.95;34.37;0.31;0.36
2018;9;2;245;19.3;17;15.8;16.6;15.5;14.4;0.3;-1.6;0.15;2.5;2.7;0;253;78;38;18;96676;1.83;5;0.33;0.36
2018;9;3;246;19.4;17;15.2;17.7;16.3;14.6;0;-1;0.15;2.5;2.7;0;301;78;59;25;96279;1.46;15.11;0.34;0.36
2018;9;4;247;19.5;16.6;15.2;16.2;15;14.2;1.1;-2.5;0.15;2.5;2.7;0;362;75;52;21;96130;2.29;12.26;0.35;0.36
2018;9;5;248;22;18.4;15.5;14.8;13;11.5;1;-2.8;0.15;2.5;2.7;0;557;170;94;62;96401;3.2;0.07;0.35;0.36
2018;9;6;249;22.2;18.1;13;14.7;12.5;10.8;0.1;-0.8;0.15;2.5;2.7;0;607;175;94;65;96172;2.7;0.1;0.35;0.36
2018;9;7;250;22.1;18;13;13.9;13.2;12.1;0.7;-1.1;0.15;2.5;2.7;0;555;160;89;59;96137;2.65;0.28;0.35;0.36
2018;9;8;251;21.7;18.2;15.7;13.5;12.8;11.6;1.2;-2;0.15;2.5;2.7;0;572;170;95;62;96775;2.82;0;0.35;0.35
2018;9;9;252;22.5;18.3;14.5;14.7;12.7;11.8;0.1;-0.7;0.15;2.5;2.7;0;567;171;103;63;97015;2.74;0;0.34;0.35
2018;9;10;253;23.7;18.5;13;14.7;12.4;11.4;0.6;-0.4;0.15;2.5;2.7;0;576;180;107;71;97087;2.86;0;0.34;0.35
2018;9;11;254;25.6;20.1;15.3;15.3;12.9;11;1.3;-0.4;0.15;2.5;2.7;0;485;148;94;59;97188;2.62;0.02;0.34;0.35
2018;9;12;255;26.3;20.3;13.7;15.9;14.2;12;0.6;1.2;0.15;2.5;2.7;0;594;185;113;77;97016;2.98;0;0.34;0.35
2018;9;13;256;25.8;20.5;15.4;18.2;15.9;14;0.2;0.4;0.15;2.5;2.7;0;559;161;98;62;96520;2.5;0.19;0.33;0.35
2018;9;14;257;19.6;17.4;15.1;16.8;15.5;13.5;1;-1.6;0.15;2.5;2.7;0;346;93;53;40;96581;2.01;12.67;0.34;0.35
2018;9;15;258;21.6;17.5;12.7;14.5;13.1;11.8;0.9;-1.4;0.15;2.5;2.7;0;539;142;92;58;96975;2.38;0.31;0.34;0.35
2018;9;16;259;20.5;17.3;13.8;14.4;13.5;12.4;-0.3;1;0.15;2.4;2.7;0;389;110;67;48;97217;1.88;0.94;0.34;0.35
2018;9;17;260;23.9;18.8;14;16.4;14.3;11.8;0;1.8;0.15;2.4;2.7;0;529;162;97;68;96992;2.49;0.3;0.34;0.35
2018;9;18;261;23.6;19.1;15.2;14.5;12.8;11.3;0;2.9;0.14;2.4;2.7;0;558;171;104;78;96839;2.86;0;0.34;0.35
2018;9;19;262;22.7;18.4;13.7;16.8;14;11.1;0.5;0.5;0.14;2.4;2.7;0;487;131;81;56;96903;2.04;0.5;0.33;0.35
2018;9;20;263;23.4;18.7;14.2;17.1;14.9;13.1;0.4;0.2;0.14;2.3;2.7;0;524;139;88;58;96881;2.09;0.49;0.33;0.35
2018;9;21;264;24.2;19.5;14.4;15.8;14.8;13.2;0.9;2.5;0.14;2.3;2.7;0;555;166;102;70;96327;2.49;0.28;0.33;0.35
2018;9;22;265;17.7;13.4;10.9;14.8;8.8;6.3;1.4;-1.3;0.14;2.3;2.7;0;169;43;69;34;96858;1.92;6.37;0.33;0.35
2018;9;23;266;17.7;14.5;12;13.7;10.8;8.8;1;2.5;0.14;2.3;2.7;0;321;73;73;33;96380;1.3;3.34;0.33;0.35
2018;9;24;267;15.3;11;8.7;12.5;3.2;-0.1;2.6;-4.3;0.14;2.2;2.7;0;491;136;98;64;97028;3.19;4.47;0.34;0.35
2018;9;25;268;11;8.3;5.6;2.1;-0.2;-1.9;1.1;-3.4;0.14;2.2;2.7;0;394;124;105;83;98161;1.83;0.31;0.34;0.35
2018;9;26;269;13.2;8.3;2.6;3;1.3;-0.5;0.8;1.4;0.14;2.2;2.7;0;562;165;126;94;98325;1.87;0;0.33;0.35
2018;9;27;270;19;12.2;5;8.1;5.2;2.1;0.7;1;0.14;2.1;2.7;0;541;151;109;81;97668;2;0;0.33;0.35
2018;9;28;271;21.1;15.2;9.8;11.1;7.9;4.1;0.7;-0.1;0.14;2.1;2.6;0;537;155;124;76;96780;2.16;0.01;0.33;0.35
2018;9;29;272;12.9;10.4;6.4;8.5;2.3;-0.3;0.2;-3.8;0.14;2.1;2.6;0;554;157;120;85;97238;1.97;0.02;0.33;0.35
2018;9;30;273;13.9;9.4;4.7;3.7;2.4;-0.7;0;2.4;0.14;2.1;2.6;0;536;154;118;88;96780;1.66;0;0.33;0.35
2018;10;1;274;15.5;10.3;5.6;9.3;5.4;2.1;0.6;-0.2;0.14;2;2.6;0;512;126;105;60;95974;1.97;2.93;0.33;0.35
2018;10;2;275;11.7;8.8;6.8;5.3;2.8;0.2;1.8;-1.8;0.14;2;2.6;0;456;110;109;55;96652;1.78;1.15;0.33;0.35
2018;10;3;276;15.1;11.5;7.6;7.1;5.5;3;1.9;-0.5;0.14;2;2.6;0;320;81;69;48;96939;1.14;0.12;0.32;0.35
2018;10;4;277;15.8;11;6.4;7.7;6.3;5;0.2;0.4;0.14;2;2.6;0;369;107;96;65;97511;1.24;0.07;0.32;0.35
2018;10;5;278;16.7;11.9;7.8;7.8;6.3;4.5;0.1;3.4;0.14;1.9;2.6;0;509;142;113;84;97268;1.58;0;0.32;0.35
2018;10;6;279;19.6;14.2;9.6;12.2;8.8;4.2;0.4;3.6;0.14;1.9;2.6;0;490;136;95;71;96502;1.69;0.91;0.32;0.35
2018;10;7;280;19.4;14.8;11.8;14.1;12.7;10.8;0.6;0.4;0.14;1.9;2.6;0;391;92;84;45;96273;1.32;9.49;0.32;0.35
2018;10;8;281;17.1;14;10.6;12.9;11.2;9.4;0.5;-1.9;0.14;1.9;2.6;0;385;101;86;45;96908;1.4;0.89;0.33;0.35
2018;10;9;282;19.7;14;8.9;13.2;11.2;8.3;0.2;1;0.14;1.8;2.6;0;472;114;96;63;97148;1.17;0.01;0.33;0.35
2018;10;10;283;19.5;14.6;10.2;13.3;11;9.3;0;2.1;0.14;1.8;2.6;0;458;119;95;72;97205;1.28;0.02;0.33;0.35
2018;10;11;284;19.8;14.8;10.1;12;10.4;7.7;-0.2;2.4;0.14;1.8;2.6;0;470;127;104;78;97082;1.4;0;0.33;0.35
2018;10;12;285;19.1;14.2;10.2;11.3;9.8;8.6;-0.2;2.2;0.14;1.8;2.6;0;473;129;113;83;97401;1.38;0;0.32;0.35
2018;10;13;286;18.7;13.7;9.2;11.1;9;7.6;0;2.2;0.14;1.7;2.6;0;464;124;109;78;97444;1.34;0;0.32;0.35
2018;10;14;287;17.7;13;9.4;9.3;6.3;3.2;-0.3;2.5;0.14;1.7;2.6;0;463;125;115;84;97058;1.44;0;0.32;0.35
2018;10;15;288;16.2;11.8;7.4;7.4;5.1;2.2;-0.2;2.5;0.14;1.7;2.6;0;431;112;98;70;96893;1.27;0;0.32;0.35
2018;10;16;289;18.1;12.9;9;9.6;8.3;5.8;0.2;2.5;0.14;1.7;2.6;0;409;107;98;70;96839;1.13;0;0.32;0.35
2018;10;17;290;18.9;13.7;9.2;12.1;10.8;8.6;0.1;1.8;0.13;1.7;2.6;0;416;100;93;52;96789;1.06;1.23;0.32;0.35
2018;10;18;291;18.9;14.1;10.6;12.6;10.3;8.5;0.4;0.5;0.13;1.6;2.6;0;393;98;103;56;96685;1.17;3.33;0.32;0.35
2018;10;19;292;17.3;13;10;10.4;9.2;8.3;0.9;-2;0.13;1.6;2.6;0;428;112;104;71;96912;1.31;0.01;0.32;0.35
2018;10;20;293;15.7;11.8;8.8;9.1;7.9;3.8;0.8;-3;0.13;1.6;2.6;0;340;80;76;51;97243;1.11;0.62;0.32;0.35
2018;10;21;294;9.9;8.2;6.1;3.9;2.6;1.5;0.6;-3.9;0.13;1.6;2.6;0;271;66;78;47;97287;0.97;0.44;0.32;0.35
2018;10;22;295;12.6;9.2;7.1;4.8;4.1;3.7;0.7;-2.3;0.13;1.6;2.6;0;375;88;99;55;97285;0.89;0.02;0.32;0.35
2018;10;23;296;13.8;10.9;8.1;5.4;3.5;0.5;2.4;-1.3;0.13;1.6;2.6;0;288;67;75;44;96736;0.97;0;0.32;0.35
2018;10;24;297;11.1;9.1;7.4;8.4;5;2.6;2.9;-3.8;0.13;1.6;2.6;0;105;16;67;28;96021;1.9;13.49;0.32;0.35
2018;10;25;298;15.5;11.3;7.5;9.2;6.8;3.6;2.1;-1.5;0.13;1.6;2.6;0;280;65;80;47;96275;1.08;0.93;0.33;0.35
2018;10;26;299;14.8;10.6;6.3;8.6;7.4;5.4;0.9;1.5;0.13;1.6;2.6;0;312;75;84;61;95905;0.65;0;0.33;0.35
2018;10;27;300;10.2;8.3;6.7;8;6.8;6;0.5;-1.3;0.13;1.6;2.6;0;85;18;63;18;95474;0.92;7.97;0.33;0.35
2018;10;28;301;16.7;11.4;6.7;13.3;9.9;5.9;-0.2;2.1;0.13;1.5;2.6;0;267;53;50;23;95300;0.99;2.52;0.33;0.35
2018;10;29;302;17.7;15.4;12.6;14.2;12.9;11;-0.5;4.6;0.13;1.5;2.6;0;289;55;63;37;95210;0.9;0.25;0.33;0.35
2018;10;30;303;16.6;13.4;10;11.9;7.2;4.7;0.6;5.7;0.13;1.5;2.6;0;386;93;100;75;95493;1.76;1.64;0.33;0.35
2018;10;31;304;15.3;11.6;7.8;7.5;6.7;6.1;0.4;3.6;0.12;1.5;2.6;0;381;95;106;85;96732;0.99;0;0.33;0.35
2018;11;1;305;15.6;12.7;10.6;10.2;8.3;6.5;0.3;3.9;0.12;1.5;2.6;0;293;71;79;61;96652;0.88;0.05;0.33;0.35
2018;11;2;306;17.2;13.1;8.7;13.1;11.2;8.4;0;1;0.12;1.5;2.6;0;330;73;81;42;96861;0.64;3.95;0.33;0.35
2018;11;3;307;15.6;13;11.2;12.7;11.2;10.5;0;-1;0.12;1.5;2.6;0;236;56;53;29;97173;0.7;0.26;0.34;0.35
2018;11;4;308;15.8;12.4;9.8;11.8;11;9.8;-0.3;1.8;0.12;1.5;2.6;0;280;54;82;33;96780;0.49;0.01;0.34;0.35
2018;11;5;309;12.9;11.6;10.6;10.6;9.9;9.6;-0.5;2.8;0.12;1.5;2.6;0;157;34;56;26;96578;0.32;0.04;0.33;0.35
2018;11;6;310;14.8;11.4;9.4;10.2;9.4;8.7;-0.3;3.5;0.12;1.4;2.6;0;307;67;78;53;96476;0.56;0;0.33;0.35
2018;11;7;311;14.5;11.3;9.2;10.4;9.5;8.7;0;3.4;0.12;1.4;2.6;0;270;57;72;44;96406;0.49;0;0.33;0.35
2018;11;8;312;14.3;11.1;8.9;9.8;9.2;8.6;-0.2;0.2;0.12;1.4;2.6;0;271;55;71;37;96797;0.47;0.01;0.33;0.35
2018;11;9;313;13.5;11.3;10;9.7;9.1;8.6;-0.1;3;0.12;1.4;2.6;0;188;43;40;25;96589;0.44;0.01;0.33;0.35
2018;11;10;314;12.4;10.1;7.8;8.9;8.1;7;-0.2;2.8;0.12;1.4;2.6;0;152;31;74;32;96169;0.27;0.04;0.33;0.35
2018;11;11;315;14.5;9.5;6.1;9.2;7.1;5.4;0.4;0.7;0.12;1.4;2.6;0;322;75;98;72;96428;0.54;0;0.33;0.35
2018;11;12;316;14;8.8;4.5;10.1;7.5;4.4;0.7;1.3;0.12;1.4;2.6;0;186;39;70;38;96893;0.28;0;0.33;0.35
2018;11;13;317;13.1;9.4;6.1;9.4;7.6;5.7;0.7;-1;0.12;1.4;2.6;0;202;37;75;37;97251;0.32;0.09;0.33;0.35
2018;11;14;318;12.1;7.6;3.5;5.4;4;2.1;0.7;-1.5;0.12;1.4;2.6;0;330;76;106;81;97705;0.57;0;0.33;0.35
2018;11;15;319;9;4.9;2.2;3.9;2.5;0.8;0.3;-0.9;0.11;1.3;2.6;0;329;72;110;69;97607;0.43;0;0.33;0.35
2018;11;16;320;7.2;3.7;1.1;2.2;1.2;-0.8;0.1;-1;0.11;1.3;2.6;0;290;63;100;65;97780;0.36;0.01;0.33;0.35
2018;11;17;321;4;1;-1.8;-0.9;-2.5;-3.4;-0.3;-1.5;0.11;1.4;2.6;0;302;68;94;72;97752;0.36;0;0.33;0.35
2018;11;18;322;4.1;1;-1.8;-1.7;-2.5;-3.6;0.1;-1.5;0.11;1.4;2.6;0.06;242;59;96;49;97060;0.34;0.73;0.33;0.35
2018;11;19;323;1.7;0.3;-0.6;0.2;-1.1;-2.7;-0.9;-1;0.18;1.4;2.6;3.69;117;19;26;12;96268;0.26;6.15;0.33;0.35
2018;11;20;324;1.7;0.7;0.1;1.1;0.2;-0.5;-1.3;0.2;0.28;1.4;2.6;9.58;40;9;9;4;96008;0.16;7.46;0.33;0.35
2018;11;21;325;3.9;3.1;1.6;3.5;2.7;1.1;-0.7;0.3;0.28;1.4;2.6;9.38;41;9;4;0;96296;0;0.4;0.33;0.35
2018;11;22;326;4.3;3.9;3.4;4.2;3.7;3.3;-0.7;0.7;0.22;1.4;2.6;6.42;26;6;3;-1;96798;0.06;0.71;0.34;0.35
2018;11;23;327;5.6;4.7;4.1;4.2;3.8;3.5;-0.4;3;0.17;1.4;2.6;3.65;72;16;13;6;96936;0.18;0.08;0.34;0.35
2018;11;24;328;8.4;5.6;4;6.8;4.8;3.2;0.3;2.2;0.14;1.4;2.6;1.37;133;22;31;13;96258;0.19;2.11;0.34;0.35
2018;11;25;329;5.2;4.3;2.8;4.6;4.1;2.8;-0.3;-0.7;0.13;1.4;2.6;0.81;96;15;38;10;95811;0.26;6.88;0.34;0.35
2018;11;26;330;4.7;3.6;1;4.5;3.2;0.4;1.3;-3.1;0.12;1.4;2.6;0.89;23;4;8;3;95050;0.58;21.31;0.36;0.35
2018;11;27;331;0.8;-0.2;-1.8;-0.1;-3.6;-7;1.4;-5.1;0.2;1.4;2.6;6.25;98;18;56;22;96037;0.77;5.18;0.37;0.35
2018;11;28;332;0.2;-1.3;-2.4;-5.5;-6;-7;1.1;-3.8;0.22;1.4;2.6;7.33;187;42;81;66;97218;0.53;0.01;0.37;0.35
2018;11;29;333;-0.6;-2.9;-5.3;-4.5;-6.1;-7.3;-0.8;2.5;0.22;1.4;2.6;7.17;188;44;96;62;97562;0.35;0;0.37;0.35
2018;11;30;334;-2.6;-3.5;-4.6;-4.7;-8.1;-10.2;-0.5;4;0.22;1.4;2.6;7.02;202;43;72;45;96903;0.51;0.56;0.37;0.35
2018;12;1;335;2;-1.9;-4.2;-1.6;-4.6;-7.9;0;1.3;0.23;1.4;2.6;7.58;163;29;47;27;96620;0.22;0.52;0.37;0.35
2018;12;2;336;3.6;0;-3.4;0.9;-1.5;-4.6;0.4;2.2;0.22;1.4;2.6;7.08;198;37;66;34;96102;0.15;0.13;0.37;0.35
2018;12;3;337;7.5;3.6;1.4;6;2.5;0.3;1.3;1.2;0.19;1.4;2.6;5.21;138;22;48;15;95730;0.14;4.3;0.37;0.35
2018;12;4;338;11.1;5.6;2.4;6.8;3.2;0.4;1.5;-1.5;0.16;1.4;2.6;3.1;249;49;82;50;96242;0.45;2.17;0.37;0.35
2018;12;5;339;4.7;1.2;-2.6;0;-2.4;-4.4;0.5;-0.8;0.14;1.4;2.6;1.96;272;58;111;83;97484;0.36;0;0.37;0.35
2018;12;6;340;3;1;-2.4;1.6;-1.6;-4.2;0.3;2.3;0.14;1.4;2.6;1.8;87;18;62;18;97001;0.28;0.61;0.37;0.35
2018;12;7;341;10.1;5.6;3;7;4;1.7;1;1.4;0.13;1.4;2.6;1.23;175;35;62;28;96236;0.2;0.58;0.37;0.35
2018;12;8;342;6.2;4.1;0.7;3.8;0.8;-1.6;1.9;-0.6;0.12;1.4;2.6;0.71;105;27;91;44;95761;0.59;4.23;0.38;0.35
2018;12;9;343;7.9;3.6;0.7;3.7;0.4;-2.1;1.5;1.3;0.12;1.4;2.6;0.56;221;42;83;52;95149;0.49;1.67;0.38;0.35
2018;12;10;344;4.9;2.8;-0.3;0.7;-1.4;-3.5;2.8;-2.1;0.12;1.4;2.6;0.49;238;47;87;70;95946;0.69;0.61;0.38;0.35
2018;12;11;345;3.6;1.2;-0.6;-1.7;-3;-4.4;3;-1.6;0.13;1.4;2.6;1;223;40;77;53;96194;0.71;3.19;0.38;0.35
2018;12;12;346;2.8;0.2;-2.8;-0.5;-2.1;-4.4;1.3;-2;0.16;1.4;2.6;3.05;219;41;81;51;96551;0.63;3.46;0.38;0.35
2018;12;13;347;0;-1.8;-3.7;-2.1;-3.2;-4.7;-0.8;-0.2;0.18;1.4;2.6;4.08;115;22;63;34;96680;0.22;0.55;0.38;0.35
2018;12;14;348;-1.1;-2.2;-2.9;-3.4;-3.9;-4.6;-1.1;-0.6;0.19;1.4;2.6;5.12;123;22;35;22;96765;0.19;2.37;0.38;0.35
2018;12;15;349;-1.6;-2.6;-3.4;-4;-5.1;-6.2;1;-3.8;0.26;1.4;2.6;8.97;92;20;66;30;96749;0.36;3.81;0.38;0.35
2018;12;16;350;-0.1;-2.9;-5.4;-4.9;-6;-8.2;0.2;1.1;0.28;1.4;2.6;10.01;191;42;95;65;96469;0.24;0;0.38;0.35
2018;12;17;351;1.4;-2;-5.2;-1.5;-4.4;-6.3;0.4;-0.5;0.27;1.4;2.6;9.57;158;30;75;37;96872;0.1;0;0.38;0.35
2018;12;18;352;3.5;0;-3.5;0.7;-1.6;-4.8;0.6;0.1;0.26;1.4;2.6;8.91;157;30;59;29;97442;0.09;0.16;0.38;0.35
2018;12;19;353;1.2;-0.8;-2.1;-2;-3.1;-4.2;-0.1;4;0.25;1.4;2.6;8.42;172;34;69;43;96966;0.44;0;0.38;0.35
2018;12;20;354;1.5;-0.9;-2.3;0.1;-2.3;-4.2;0.3;1.8;0.27;1.3;2.6;9.49;72;12;46;25;96732;0.06;2.75;0.38;0.35
2018;12;21;355;5.6;1.4;-2.3;1.2;-1.2;-3.7;1.3;2;0.26;1.3;2.6;9.18;200;37;82;37;96515;0.28;0;0.38;0.35
2018;12;22;356;9.3;5;1.2;6.7;2.2;-1.1;2.4;0.2;0.22;1.3;2.6;6.37;157;29;80;48;96172;0.22;2.26;0.38;0.35
2018;12;23;357;8.1;4.6;2.5;4;2.3;0.9;1.7;-0.1;0.17;1.3;2.6;3.7;169;31;67;38;96704;0.17;4.06;0.38;0.35
2018;12;24;358;4.6;2.7;0.7;3.6;0.4;-3.1;1.9;-3.1;0.15;1.3;2.6;2.87;176;33;78;36;96418;0.94;8.81;0.39;0.35
2018;12;25;359;2.8;1.3;0.2;-2.5;-3.4;-4.6;2.6;-3.2;0.15;1.3;2.6;2.83;146;28;77;52;97494;0.47;0.33;0.39;0.35
2018;12;26;360;5.8;2.1;-0.5;-3.3;-4.4;-6.1;1.6;-1.2;0.15;1.3;2.6;2.64;227;44;108;55;97445;0.37;0;0.39;0.35
2018;12;27;361;7.7;3.6;-0.1;3.4;0.4;-2.7;1.5;-0.4;0.14;1.3;2.6;2.11;136;26;83;32;97278;0.18;0.03;0.39;0.35
2018;12;28;362;8.7;3.4;-0.6;1.6;-1.4;-3.3;1.4;-1.1;0.13;1.3;2.6;1.69;207;39;86;46;97078;0.37;0;0.39;0.35
2018;12;29;363;4.2;3;1.3;-1.8;-2.4;-3.3;1.7;-1.8;0.13;1.3;2.6;1.41;115;24;46;30;97419;0.37;0.03;0.39;0.36
2018;12;30;364;5.1;2.7;0.2;1;-0.4;-2;2.4;-1.8;0.13;1.3;2.6;1.31;146;26;71;38;97007;0.7;2.13;0.39;0.36
2018;12;31;365;4;2.4;0.4;0.8;-0.1;-1.4;1.2;-3.9;0.13;1.3;2.6;1.2;202;44;79;61;97463;0.89;1.83;0.39;0.36
2019;1;1;1;5.2;2.8;-0.4;2.2;0.5;-1;1.6;0.5;0.12;1.3;2.6;1.07;155;27;65;29;97011;0.42;1.21;0.39;0.36
2019;1;2;2;3.6;0.7;-2.5;-0.1;-4.6;-8.9;3.2;-4.8;0.12;1.3;2.6;1.28;246;47;91;74;96468;0.74;1.33;0.39;0.36
2019;1;3;3;-1.3;-3;-4.2;-6.3;-8.9;-10.4;2.2;-5.1;0.15;1.3;2.6;2.8;219;41;88;70;97207;0.42;2.96;0.39;0.36
2019;1;4;4;-0.7;-2.9;-5.2;-4;-7.5;-10.5;1.9;-3.1;0.19;1.2;2.6;5.01;247;47;93;56;97373;0.25;2.49;0.39;0.36
2019;1;5;5;2.2;1.1;-0.5;0.3;-2;-3.9;3.4;-2.8;0.28;1.2;2.6;10.24;38;9;38;18;96411;0.52;8.99;0.38;0.36
2019;1;6;6;1.8;-0.1;-2.1;0.2;-3.3;-5.8;1.6;-5.1;0.31;1.2;2.6;12.49;151;32;74;43;96789;0.82;2.44;0.39;0.36
2019;1;7;7;-1.5;-2.4;-3.7;-3;-4.6;-5.8;-0.1;-1.2;0.32;1.2;2.5;13.51;89;19;51;25;97325;0.21;3.01;0.39;0.36
2019;1;8;8;3;-0.5;-5;-0.7;-2.9;-6.5;1.6;1.1;0.36;1.2;2.5;16.78;91;15;79;32;95907;0.19;3.02;0.39;0.36
2019;1;9;9;1.8;-0.2;-1.5;-2.4;-2.9;-3.9;1.9;-1;0.36;1.2;2.5;18.18;162;32;68;41;95148;0.39;3.02;0.39;0.36
2019;1;10;10;0.1;-1.1;-3;-1.8;-3.3;-6.4;0.7;-4;0.38;1.2;2.5;22.19;133;25;73;39;95997;0.45;4.16;0.39;0.36
2019;1;11;11;-1.1;-3.8;-7.2;-6.5;-8.4;-11.2;1.9;-2.3;0.38;1.2;2.5;22.97;193;41;92;60;96559;0.63;0.95;0.38;0.36
2019;1;12;12;2.7;0.6;-3.1;-1.1;-2.8;-6.2;2.1;-0.9;0.38;1.2;2.5;23.48;137;27;70;28;96191;0.38;0.69;0.38;0.36
2019;1;13;13;4.4;2.1;0.4;0;-0.9;-2;1.8;0.6;0.36;1.2;2.5;22.6;199;39;89;39;95190;0.28;4.58;0.38;0.36
2019;1;14;14;3.9;2.3;-1.7;0.4;-2.5;-6.4;3.4;-3.7;0.33;1.2;2.5;19.01;219;47;100;78;94846;0.97;0.32;0.39;0.36
2019;1;15;15;2;0.2;-2.1;-3.6;-5.1;-7.3;3.7;-2;0.31;1.2;2.5;17.9;203;42;94;73;96079;0.87;0.37;0.39;0.36
2019;1;16;16;4.7;1.2;-3.4;-0.3;-2.7;-5;1.6;0.2;0.3;1.2;2.5;16.8;168;39;75;53;96032;0.37;0.05;0.39;0.36
2019;1;17;17;5.4;0.4;-5.9;0.7;-2.8;-9.1;1.4;1.1;0.28;1.2;2.5;14.61;215;48;94;52;95586;0.2;0.17;0.39;0.36
2019;1;18;18;2;-0.1;-4.8;0.1;-3.6;-7.4;1.2;-1.6;0.27;1.2;2.5;13.67;140;30;90;43;96245;0.56;1.96;0.39;0.36
2019;1;19;19;-1.3;-3.1;-4.2;-4.2;-6;-7.3;-0.5;0.5;0.27;1.2;2.5;13.56;165;37;60;40;96571;0.23;0.06;0.39;0.36
2019;1;20;20;0.1;-2.2;-4.3;-3.7;-4.4;-5.7;-0.3;-0.1;0.26;1.2;2.5;13.12;175;39;68;36;96276;0.21;0.08;0.39;0.36
2019;1;21;21;-0.8;-3.6;-5.7;-5.8;-6.8;-8.1;0.2;-0.7;0.26;1.2;2.5;12.66;268;60;111;65;96634;0.25;0;0.39;0.36
2019;1;22;22;-2.1;-4.2;-5.6;-4.9;-6;-7.1;-0.6;0;0.25;1.1;2.5;12.25;144;30;54;28;95921;0.15;0.11;0.39;0.36
2019;1;23;23;-3.4;-5;-6.1;-5.6;-6.6;-7.6;-0.9;-0.1;0.3;1.1;2.5;14.44;140;24;32;16;94867;0.15;3.58;0.39;0.36
2019;1;24;24;-1.6;-3.4;-4.9;-5.2;-6.2;-7.5;0.9;-3.2;0.32;1.1;2.5;15.71;217;49;93;41;95180;0.36;0.3;0.39;0.36
2019;1;25;25;-1.6;-3.6;-4.7;-7.4;-8.5;-9.7;1.3;-4.6;0.31;1.1;2.5;15.35;223;51;83;73;95760;0.59;0.04;0.39;0.36
2019;1;26;26;1;-2;-6;-1.8;-6.3;-11.2;0.9;0.4;0.31;1.1;2.5;15.13;125;32;82;38;95576;0.31;1.04;0.39;0.36
2019;1;27;27;3.1;-0.5;-5;-2.3;-4;-6.6;1;2.2;0.3;1.1;2.5;14.81;221;50;79;54;94623;0.36;0.53;0.39;0.36
2019;1;28;28;2.3;0.1;-4.2;-0.6;-2.6;-6.4;1.3;-0.7;0.3;1.1;2.5;15;107;22;84;29;94381;0.37;2.58;0.39;0.37
2019;1;29;29;2.6;-1.3;-4.5;-4.3;-5.9;-6.8;1.2;-0.4;0.29;1.1;2.5;14.5;247;55;85;50;95260;0.41;0;0.39;0.37
2019;1;30;30;1.5;-2.3;-6.7;-2.9;-4.6;-7;-0.1;2.5;0.29;1.1;2.5;13.8;228;48;65;39;94873;0.27;0.2;0.39;0.37
2019;1;31;31;1.8;-1.2;-3.3;-3.2;-3.9;-4.6;0;2;0.28;1.1;2.5;13.18;235;54;78;49;94955;0.22;0.04;0.39;0.37
2019;2;1;32;5.9;2;-2.7;4.8;0;-4.4;0.3;4.5;0.26;1.1;2.5;11.29;244;55;76;45;94651;0.02;0.21;0.39;0.37
2019;2;2;33;11;7.7;4.4;7.9;6.1;4.1;-0.1;4;0.17;1.1;2.5;4.25;171;40;63;24;94590;-0.03;1.9;0.39;0.37
2019;2;3;34;9.7;4.5;0.3;5.6;1.8;-3.9;0.9;-0.8;0.14;1.1;2.5;2.07;304;53;83;32;95269;0.95;3.49;0.4;0.37
2019;2;4;35;2.6;0.3;-2.6;-3.4;-4.5;-5.2;1.2;-3.1;0.14;1.1;2.5;2.1;286;67;84;69;97320;0.54;0.01;0.4;0.37
2019;2;5;36;3.6;-0.6;-2.8;-2;-4;-6.6;0.3;-0.8;0.14;1.1;2.5;1.92;367;80;105;73;97446;0.27;0;0.4;0.37
2019;2;6;37;4.1;-0.5;-3.9;-2;-4.8;-7.9;0.4;-1.4;0.13;1.1;2.5;1.7;377;91;117;80;97398;0.18;0;0.4;0.37
2019;2;7;38;5.2;-0.3;-4.5;-2.6;-4.1;-5.7;0.3;2.6;0.13;1.1;2.5;1.51;389;95;120;84;96654;0.17;0;0.39;0.37
2019;2;8;39;7.2;1.7;-1.7;0.8;-1.4;-3.6;0.4;0.3;0.13;1.1;2.5;1.27;351;75;104;50;96720;0.29;0.09;0.39;0.37
2019;2;9;40;8.4;2.6;-0.5;2;-0.7;-2.8;0.5;2.2;0.13;1.1;2.5;1.01;384;88;109;69;96368;0.41;0;0.39;0.37
2019;2;10;41;8.5;4.2;-0.6;3.7;0.9;-2.3;1.4;3.3;0.12;1.1;2.5;0.73;381;83;95;56;95660;0.48;1.34;0.39;0.37
2019;2;11;42;5.8;3.6;1.3;2.8;-1.2;-3.1;2.8;-2.9;0.12;1.1;2.5;0.46;372;81;98;57;95612;0.81;0.34;0.39;0.37
2019;2;12;43;3.2;1.4;0.2;-2.7;-4;-5.6;2.8;-5.2;0.12;1.1;2.5;0.69;347;86;89;76;97090;0.85;1.39;0.39;0.37
2019;2;13;44;6.1;2.3;-0.4;-1.2;-2.7;-3.9;1.8;-1.8;0.13;1.1;2.5;1.02;221;53;71;49;98020;0.49;0.17;0.39;0.37
2019;2;14;45;8.6;4.1;-0.3;0.3;-1.9;-5.2;1.3;-1.9;0.13;1.1;2.5;0.84;216;56;72;43;98103;0.46;0;0.39;0.37
2019;2;15;46;9.1;3.7;-1.3;1.3;-1.6;-3.3;0.7;-1.7;0.12;1.1;2.5;0.61;397;100;102;73;97991;0.63;0;0.39;0.37
2019;2;16;47;12;3.9;-1.7;3.3;-1.3;-4.8;0.9;0.6;0.12;1.1;2.5;0.43;415;102;117;73;97692;0.58;0;0.38;0.37
2019;2;17;48;12;4.2;-1.6;4.2;-1;-5.5;0.9;0.4;0.12;1.1;2.5;0.27;439;113;129;83;97359;0.61;0;0.38;0.37
2019;2;18;49;12.1;3.9;-2.2;2.7;-0.9;-4.9;0.5;1.2;0.12;1.1;2.5;0.18;442;110;127;81;96953;0.63;0;0.38;0.37
2019;2;19;50;12.6;4.1;-2.6;1.6;-0.9;-4.4;1.1;0.1;0.12;1.1;2.5;0.1;446;116;124;80;96640;0.69;0;0.38;0.37
2019;2;20;51;10;4.7;0.1;2.6;0.5;-1.9;1.3;-1.4;0.12;1.1;2.5;0.05;353;83;85;48;97026;0.58;0;0.38;0.37
2019;2;21;52;11.2;5.7;-0.3;3.6;2;-1;1.4;-0.6;0.12;1.1;2.5;0.03;314;77;77;41;97280;0.57;0.24;0.38;0.37
2019;2;22;53;7.5;3.2;-4.3;5.7;-1.4;-14.2;1.2;-4.9;0.12;1.1;2.5;0;318;72;108;58;97460;1.37;5.01;0.38;0.37
2019;2;23;54;-0.3;-3.4;-5.9;-10.7;-13;-15.8;0.3;-3.5;0.12;1.1;2.5;0;461;122;114;98;98604;0.56;0;0.38;0.37
2019;2;24;55;3.8;0;-4.4;-3.8;-9.2;-13.4;0.4;-1.5;0.12;1.1;2.5;0;362;83;79;52;98401;0.33;0.02;0.38;0.37
2019;2;25;56;11.6;6.3;1.5;3.1;-0.6;-4.1;1.3;-2.5;0.12;1.1;2.5;0;398;105;94;67;98073;0.79;0;0.38;0.37
2019;2;26;57;13.6;9.2;5.6;0.6;-0.5;-2.5;2.3;-4.2;0.12;1.2;2.5;0;472;123;117;89;97488;1.38;0;0.38;0.37
2019;2;27;58;11.4;6.5;2.2;1.3;-1;-2.2;1;-2.5;0.12;1.2;2.5;0;483;131;119;92;97273;1.14;0;0.37;0.37
2019;2;28;59;16.8;9.3;1.1;2.6;-0.5;-5.2;2.5;-1.1;0.12;1.2;2.5;0;490;132;129;83;96110;1.34;0.06;0.37;0.37
2019;3;1;60;11.3;8.4;5.9;4;2.8;1.9;3;-1.9;0.12;1.2;2.5;0;327;93;92;66;95906;0.95;0.27;0.37;0.37
2019;3;2;61;6.5;5;3.7;4.3;3.5;2.7;0.5;-1.2;0.12;1.2;2.5;0.03;193;39;57;19;96298;0.93;6.73;0.38;0.37
2019;3;3;62;13.5;7.2;1.5;4.6;2.3;0.6;1.3;1;0.12;1.2;2.5;0.05;465;97;91;54;96244;1.02;0.11;0.38;0.37
2019;3;4;63;15.2;9.1;2.5;2.8;1.3;-0.5;1.9;1.7;0.12;1.2;2.5;0.02;439;126;110;66;95233;1.47;0.72;0.37;0.37
2019;3;5;64;11.2;6.8;2.3;1.3;-1.1;-3.3;2.1;-0.1;0.12;1.2;2.5;0;464;133;118;80;95764;1.27;0.36;0.37;0.37
2019;3;6;65;11.3;6.9;0.5;3.1;0.9;-1.6;0.6;2.8;0.12;1.2;2.5;0;510;128;111;78;96131;1.09;0;0.37;0.37
2019;3;7;66;16.2;10.6;6.9;5.8;4;1.2;2.6;3.4;0.12;1.2;2.5;0;442;121;103;70;95413;1.27;0.28;0.37;0.37
2019;3;8;67;12;7.6;4.4;5.3;4;2.4;1;0.9;0.12;1.2;2.5;0;381;76;107;41;96294;0.93;1.85;0.37;0.37
2019;3;9;68;12.7;7.1;2.1;4.1;2.5;1.3;1.6;1.3;0.13;1.2;2.5;0;342;100;92;54;96457;1.08;0.19;0.37;0.37
2019;3;10;69;12.3;8.5;3.7;5.8;3;0;1.8;0.7;0.13;1.3;2.5;0;250;57;82;61;95870;0.69;0.45;0.37;0.37
2019;3;11;70;8.4;5.1;1.7;-0.7;-4.3;-6.1;3.1;-2.5;0.13;1.3;2.5;0;537;128;119;85;96170;1.24;0.23;0.37;0.37
2019;3;12;71;7.2;3.4;1.1;-1.5;-3.7;-5;1.3;-1.9;0.13;1.3;2.5;0.12;531;140;112;80;96691;1.25;0.58;0.37;0.37
2019;3;13;72;7.6;3.6;0.1;2.8;-0.7;-4.7;1.1;2;0.13;1.3;2.6;0.09;242;59;77;47;95960;0.86;2.03;0.37;0.37
2019;3;14;73;9.2;4.4;-2.1;0.2;-1.6;-3.4;1.7;0.7;0.13;1.3;2.6;0.05;458;122;111;60;95616;1.47;1.45;0.37;0.37
2019;3;15;74;10.6;6.5;3;4.7;1.3;-1;2.6;-0.4;0.13;1.3;2.6;0.02;523;110;100;55;95472;1.23;3.52;0.37;0.37
2019;3;16;75;10.2;7.3;4.9;7.5;5.4;3.4;1.1;0.7;0.13;1.3;2.6;0;166;38;72;43;95843;0.6;5.78;0.37;0.37
2019;3;17;76;18.1;10.5;2;7.1;4.4;0.6;1.7;2.3;0.13;1.3;2.6;0;583;170;138;93;95519;1.75;0.03;0.37;0.37
2019;3;18;77;7.5;5.2;2.2;1.4;-0.4;-2;1.9;-2.3;0.13;1.4;2.6;0.15;243;62;81;46;96338;1.48;2.9;0.37;0.37
2019;3;19;78;7.7;4.2;1.4;-1;-2.2;-3.3;0.7;-2.5;0.13;1.4;2.6;0.2;369;104;88;62;97157;0.99;0.12;0.37;0.37
2019;3;20;79;6.8;3.3;-0.2;-2;-3.4;-4.7;0.4;-2.3;0.13;1.4;2.6;0.18;521;129;108;74;97918;1.09;0;0.37;0.37
2019;3;21;80;10.2;4.3;-2.1;0.1;-2.4;-4.9;0.5;-0.2;0.13;1.4;2.6;0.1;591;178;132;90;98085;1.36;0;0.37;0.37
2019;3;22;81;14.5;7.5;-0.7;6.1;1.1;-3.6;0.5;-0.2;0.13;1.4;2.6;0.04;574;172;122;79;97823;1.49;0;0.37;0.37
2019;3;23;82;16.8;9.7;2.5;6.9;3.9;0.2;0.6;0.5;0.13;1.5;2.6;0.01;590;179;128;82;97412;1.67;0;0.36;0.37
2019;3;24;83;18.3;10.9;3.3;8;5.3;2.2;0.4;-0.3;0.13;1.5;2.6;0;600;179;129;79;96834;1.75;0.05;0.36;0.37
2019;3;25;84;11.7;7.8;3.7;6.1;1.2;-3.5;1.7;-2.9;0.13;1.5;2.6;0;492;138;89;63;96245;1.58;0.57;0.36;0.37
2019;3;26;85;9.1;5.2;2;-1.5;-3.6;-5.9;1.9;-4.1;0.14;1.5;2.6;0.05;517;152;101;75;96955;1.55;0.03;0.36;0.37
2019;3;27;86;8.1;5.1;2.7;0.6;-1.6;-3.9;0.6;-3.1;0.14;1.5;2.6;0.08;449;126;75;57;97495;1.61;1.37;0.36;0.37
2019;3;28;87;10.9;6.6;2.4;5;1.8;-0.6;0.6;-2.5;0.14;1.6;2.6;0.05;431;126;79;56;97781;1.38;1.41;0.36;0.37
2019;3;29;88;12.7;7.6;2.5;3.9;2.6;1.2;0.3;-1.1;0.14;1.6;2.6;0.02;573;181;121;84;97790;1.71;0;0.36;0.37
2019;3;30;89;16.2;9;0.6;3.7;1.9;-0.4;0.5;1.4;0.14;1.6;2.6;0;616;193;134;92;97164;1.93;0;0.35;0.37
2019;3;31;90;17.2;10.6;2.4;4.4;2.5;0.1;0.5;-1.6;0.14;1.6;2.6;0;628;197;129;89;96681;2.1;0;0.35;0.37
2019;4;1;91;14.3;9.5;5.3;4.4;2.6;0.8;0.4;-2.7;0.14;1.6;2.6;0;625;193;118;88;96756;1.92;0.01;0.35;0.37
2019;4;2;92;15.8;10;2.7;3.2;1.5;-0.8;-0.6;2.6;0.14;1.7;2.6;0;632;193;119;83;96330;2;0;0.35;0.37
2019;4;3;93;17.7;11.9;7.3;5.1;3.7;2.1;0;3.9;0.14;1.7;2.6;0;628;183;115;78;95570;2.29;0.51;0.35;0.37
2019;4;4;94;15.5;11.9;8;5.8;4.3;3;-0.2;4.7;0.14;1.7;2.6;0;477;159;91;78;95166;1.94;0.47;0.34;0.37
2019;4;5;95;11.4;8.8;7;7.6;5.8;4;-1.5;0.9;0.14;1.7;2.6;0;255;70;72;35;95237;1.19;12.35;0.34;0.37
2019;4;6;96;11;7.7;3.7;5.6;3.6;2.1;-0.5;1.5;0.14;1.7;2.6;0;370;105;69;44;95464;1.46;0.65;0.35;0.37
2019;4;7;97;15.8;10.1;4.8;6.9;5;3.6;-0.2;2.3;0.14;1.8;2.6;0;537;165;97;66;95375;1.87;0.78;0.35;0.37
2019;4;8;98;17.6;11.4;3.9;7.7;6;2.5;0.7;-2;0.14;1.8;2.6;0;617;184;106;72;95458;2.26;0.29;0.35;0.37
2019;4;9;99;17.3;12.8;8.7;6.5;5.3;3.2;0.8;-2.9;0.15;1.8;2.6;0;594;189;104;81;95498;2.38;0.12;0.35;0.37
2019;4;10;100;10.6;8.6;6.6;8;5.7;3.2;0.9;-3;0.15;1.8;2.6;0;355;95;64;39;95658;2.29;7.72;0.35;0.37
2019;4;11;101;6.8;5;3.6;2.4;0.9;-1.6;1.5;-4.8;0.15;1.8;2.6;0.04;188;54;34;17;96100;1.98;4.45;0.35;0.37
2019;4;12;102;7.4;4.6;2.6;-1;-2.3;-4.2;1.1;-5;0.15;1.9;2.6;0.05;483;145;75;44;96395;1.48;0;0.35;0.37
2019;4;13;103;8.5;4.8;2.2;0.4;-1.2;-2.7;0.6;-3.8;0.15;1.9;2.6;0.05;460;127;54;33;96447;1.44;0.2;0.35;0.37
2019;4;14;104;7.6;5.2;2.9;5.6;3.1;-0.1;1.1;-2.3;0.15;1.9;2.6;0.09;261;75;35;17;96444;1.52;10;0.35;0.37
2019;4;15;105;12.7;8.1;3.8;4.2;0.4;-2.6;0.5;-2.4;0.15;1.9;2.6;0.05;642;208;121;82;96824;2.55;0.01;0.36;0.37
2019;4;16;106;14.4;8.7;1;2;-0.2;-3;-0.1;0.7;0.15;2;2.6;0.01;692;227;131;94;96778;2.49;0;0.36;0.37
2019;4;17;107;14.1;9.1;2.8;3.8;0.9;-2.3;0.3;-2.6;0.15;2;2.6;0;675;202;114;71;97000;2.36;0;0.35;0.37
2019;4;18;108;15.5;10.6;5.4;6.7;4;2.7;-0.8;-0.1;0.15;2;2.6;0;570;174;105;69;97489;2.16;0.02;0.35;0.37
2019;4;19;109;18.7;12.4;4.1;5.9;3.3;1.4;0.4;-1;0.15;2.1;2.7;0;684;230;133;92;97662;3;0;0.35;0.37
2019;4;20;110;18.6;13;6.6;5.4;1.4;-0.1;0.2;0.4;0.15;2.1;2.7;0;710;239;148;103;97510;3.06;0;0.35;0.37
2019;4;21;111;19.1;13.4;4.9;5.4;2.1;-0.8;0.2;-0.4;0.15;2.1;2.7;0;702;235;139;94;96867;3.07;0;0.34;0.37
2019;4;22;112;19.5;14.4;9.4;5.5;3.5;0.2;-1.5;0.1;0.15;2.2;2.7;0;696;223;127;79;96073;3.02;0;0.34;0.37
2019;4;23;113;12;10;8.4;10.3;6.9;4.5;-2.2;2.2;0.15;2.2;2.7;0;189;70;82;33;95891;1.73;4.97;0.34;0.37
2019;4;24;114;19.8;14.3;7.9;10.4;8.8;6.9;0.3;5;0.16;2.2;2.7;0;504;168;91;56;95988;2.7;0.36;0.34;0.37
2019;4;25;115;22.4;17.2;11.5;9.6;8.4;7.3;2.1;4;0.16;2.3;2.7;0;704;238;122;93;96142;3.7;0;0.34;0.37
2019;4;26;116;22.4;17.5;11;10.7;8.6;4;1.9;2.8;0.16;2.3;2.7;0;646;213;98;76;95966;3.47;0.45;0.33;0.37
2019;4;27;117;15.5;11.5;7.9;5;3.8;2.8;2.2;-2.3;0.16;2.3;2.7;0;482;152;102;54;96198;3.02;2;0.33;0.37
2019;4;28;118;14.3;10.5;7.4;3.5;0.5;-1.8;1.8;-3.4;0.16;2.4;2.7;0;661;220;112;86;96318;2.9;0;0.33;0.37
2019;4;29;119;9.5;8.1;6.9;4.6;3.3;-0.1;1.9;-4.1;0.16;2.4;2.7;0;315;90;65;36;96176;1.95;2.84;0.33;0.37
2019;4;30;120;11.6;8.8;6.8;9.1;5.8;3.3;2.8;-3.5;0.16;2.4;2.7;0;255;87;63;35;95899;2.03;4.72;0.33;0.37
2019;5;1;121;17.3;12.3;8;6;4.1;1.8;2.6;-3.4;0.16;2.5;2.7;0;710;227;121;82;95945;3.35;0.1;0.33;0.37
2019;5;2;122;21.2;14.6;6.9;7;4.7;1.6;1.1;-0.3;0.16;2.5;2.7;0;705;230;130;85;95663;3.29;0.04;0.33;0.37
2019;5;3;123;14.7;11.7;8.6;8.6;6.9;5;1.2;-1;0.16;2.6;2.7;0;412;119;79;44;95554;2.09;4.25;0.33;0.37
2019;5;4;124;12.6;10;7.9;8.1;7.1;6.2;-0.5;0;0.16;2.6;2.7;0;338;105;56;32;95353;2.01;6.09;0.33;0.37
2019;5;5;125;7.1;4.3;2.2;5.7;1.7;-0.3;1.3;-5.8;0.17;2.6;2.7;0.62;277;74;33;18;95641;3.33;13.84;0.34;0.37
2019;5;6;126;8.9;5.9;2.7;1.2;-0.7;-3.1;1.5;-5.5;0.17;2.7;2.7;1.03;461;104;68;37;96080;2.92;5.06;0.34;0.37
2019;5;7;127;11.5;7.7;3.7;1.8;-0.3;-2;1;-2;0.17;2.7;2.7;0.6;423;156;92;65;96517;2.26;0.04;0.34;0.37
2019;5;8;128;16.1;10.6;3.7;5.4;3.2;-0.4;0.2;4.2;0.17;2.7;2.7;0.27;648;221;100;69;95915;3.05;0;0.34;0.37
2019;5;9;129;14;10.2;7.5;8.2;6.2;4.5;1;1;0.16;2.8;2.7;0.04;387;88;74;40;95263;1.82;7.24;0.34;0.37
2019;5;10;130;17.2;12.1;5.9;8.3;6;3.8;1.7;-0.6;0.17;2.8;2.7;0.01;527;196;98;70;95850;2.93;0.59;0.34;0.37
2019;5;11;131;19.1;12.9;5.5;11.8;8.8;4.2;0.6;0.9;0.17;2.8;2.8;0;619;190;91;57;96034;2.97;12.1;0.34;0.37
2019;5;12;132;12.2;9.6;7.2;9.3;6.4;3.3;2.1;-4.3;0.17;2.9;2.8;0;376;122;55;32;96680;2.97;5.1;0.35;0.37
2019;5;13;133;12.2;8.6;6.8;3.7;1.5;-0.8;1.1;-6.6;0.17;2.9;2.8;0;564;147;82;41;97341;2.95;1.38;0.35;0.36
2019;5;14;134;9;6.7;4.2;3.2;0.1;-1.8;0;-5.6;0.17;2.9;2.8;0;373;120;54;33;96935;2.44;3.89;0.35;0.36
2019;5;15;135;6.4;5;3.6;4.1;3.2;2.6;2.4;-4.5;0.17;3;2.8;0.02;125;38;17;7;96324;2.18;8.53;0.35;0.36
2019;5;16;136;9.1;7.1;4.7;6.6;4.8;2.6;1;-1.3;0.17;3;2.8;0.02;151;45;22;9;96155;1.27;2.3;0.36;0.36
2019;5;17;137;12.9;10;6.5;7.4;6.3;5.9;-0.4;2.5;0.17;3;2.8;0;313;115;46;28;95940;1.84;0.41;0.36;0.36
2019;5;18;138;15.9;12.1;7.7;10.1;8.4;6.8;-0.2;2.6;0.17;3;2.8;0;422;149;79;48;95737;2.09;0.12;0.36;0.36
2019;5;19;139;18.3;13.8;8.4;13.1;10.6;7.4;-0.3;1.6;0.17;3;2.8;0;621;183;76;52;95335;2.64;2.09;0.35;0.36
2019;5;20;140;17.3;13.2;10.2;13.2;10.6;8.1;0.1;2.6;0.17;3;2.8;0;533;176;85;48;95114;3.06;6.68;0.36;0.36
2019;5;21;141;15.5;12.7;8.3;11.2;9.1;7.2;1.6;0.3;0.17;3;2.8;0;437;126;65;47;95457;2.28;3.01;0.36;0.36
2019;5;22;142;15.3;13.4;10.8;11.2;9.6;7.9;3;-1.8;0.17;3;2.8;0;281;124;57;43;95977;2.78;5.6;0.36;0.36
2019;5;23;143;15.3;12.7;10.9;9.6;7.4;5.7;1.9;-3.4;0.17;3;2.8;0;499;144;76;39;96396;3.08;1.54;0.36;0.36
2019;5;24;144;18.8;14.2;9.4;9.3;6.7;5.1;0.8;-2.1;0.17;3;2.8;0;699;238;111;76;96250;3.93;0;0.36;0.36
2019;5;25;145;21.1;16;8.8;12.1;9.2;6.9;0.4;-0.1;0.17;3;2.8;0;647;225;107;67;96227;3.68;0.5;0.35;0.36
2019;5;26;146;22.1;17.2;11.3;14.3;12.2;9.9;0.3;0.1;0.17;3;2.8;0;715;241;112;68;96251;3.86;1.32;0.35;0.36
2019;5;27;147;18.2;14.6;11.5;14.3;12.7;10.8;0.4;2;0.17;3;2.8;0;306;86;55;35;95888;1.89;6.07;0.35;0.36
2019;5;28;148;17.7;14;10.1;15.1;12.3;9.6;0.8;0.7;0.17;3;2.8;0;304;102;68;30;95364;2.1;7.87;0.36;0.36
2019;5;29;149;12.5;11.1;9.3;10.2;9.2;6.9;1.5;-4.5;0.17;3;2.8;0;343;56;22;10;96191;3.25;13.92;0.36;0.36
2019;5;30;150;12.4;10.4;8.6;8.7;7.7;6.3;1;-3.8;0.17;3;2.8;0;199;64;28;14;96986;3.08;11.03;0.38;0.36
2019;5;31;151;19.1;14.7;10.2;9.6;7.9;6.7;0.5;-2.8;0.17;3;2.8;0;591;202;100;55;97119;3.8;0.03;0.37;0.36
2019;6;1;152;20.7;17.5;12.8;14;12.2;10.1;0.5;-3.3;0.17;3;2.8;0;541;206;76;61;96915;3.86;1.68;0.37;0.36
2019;6;2;153;23.4;19.3;14.9;16;13.8;12.6;0.1;-1.7;0.17;3;2.8;0;685;246;99;69;96711;4.27;0.26;0.37;0.36
2019;6;3;154;24;19.8;14.3;15.7;13.2;12;-0.1;-0.5;0.17;3;2.8;0;660;248;107;78;96491;4.26;0.03;0.36;0.36
2019;6;4;155;25.1;19.8;13.1;17.7;14;11.4;-0.1;0;0.17;3;2.8;0;726;244;108;70;96171;4.23;0.52;0.36;0.36
2019;6;5;156;25.2;19.8;13.9;16.6;15.2;13.2;-0.5;1.2;0.17;3;2.8;0;703;230;95;63;95862;4.14;1.82;0.36;0.36
2019;6;6;157;21.7;18.2;15.4;17.3;15.9;14.9;-0.6;1.4;0.17;3;2.8;0;454;109;65;34;95919;2.17;2.66;0.36;0.36
2019;6;7;158;25;19.9;15.6;15.3;13.9;12.4;0.3;1.1;0.17;3;2.8;0;557;199;90;57;96253;4.09;0.66;0.35;0.36
2019;6;8;159;22;18.6;14.2;13.2;10.3;8.6;1.9;-2.6;0.17;3;2.8;0;717;258;101;74;96849;4.82;0;0.35;0.36
2019;6;9;160;25.5;20;13.7;13.7;10.7;7.9;0;0.2;0.17;3;2.8;0;743;274;121;87;97034;4.94;0;0.35;0.36
2019;6;10;161;28;22.9;16.9;16.9;15.4;12.3;-0.3;3.3;0.17;3;2.8;0;713;264;96;70;96359;4.96;0;0.34;0.36
2019;6;11;162;27.4;23.3;18.3;18;16.7;15.3;-1;2.9;0.17;3;2.8;0;702;247;90;72;96099;4.67;0.46;0.34;0.36
2019;6;12;163;29;24.1;18.4;16.9;15.3;13.6;-0.7;3.4;0.17;3;2.8;0;729;267;107;76;96043;5.16;0;0.33;0.36
2019;6;13;164;28.9;24.2;18.7;18.5;16;13.4;0.2;2;0.17;3;2.8;0;662;239;97;75;96120;4.59;0.1;0.33;0.36
2019;6;14;165;30.3;24.6;18.3;17.4;16.6;15;-0.1;-0.5;0.17;3;2.8;0;715;262;106;74;96548;4.86;0;0.32;0.36
2019;6;15;166;30;25;20.4;19.3;17.3;16.1;0.6;2.5;0.17;3;2.8;0;641;233;96;72;96216;4.33;0.36;0.32;0.36
2019;6;16;167;24;20.6;18.3;17.3;15.1;13.2;1.9;-3.4;0.17;3;2.8;0;675;192;81;53;96459;3.74;4.33;0.32;0.36
2019;6;17;168;23.4;20.1;17.3;15;13.9;12.6;0.4;-3.1;0.17;3;2.8;0;542;172;68;49;96714;3.3;0.99;0.32;0.36
2019;6;18;169;25.3;20.9;15.6;17.9;14.9;13.4;-0.5;0.6;0.17;3;2.8;0;675;226;90;59;96499;3.89;1.18;0.31;0.36
2019;6;19;170;26.3;21.2;16.4;18.2;16.9;15.5;0;1.6;0.17;3;2.8;0;656;223;88;57;96128;4.03;5.09;0.31;0.36
2019;6;20;171;27;21.5;15.8;18.2;16.7;15.4;0.4;-0.2;0.17;3;2.8;0;652;234;98;66;96094;4.2;8.55;0.31;0.36
2019;6;21;172;25.3;20.9;16.5;16.3;15;13.4;0.9;-0.9;0.17;3;2.8;0;583;206;82;56;96466;4.07;3.8;0.32;0.36
2019;6;22;173;23.4;19.3;17;18.4;16.5;14.5;-0.3;-0.9;0.17;3;2.8;0;577;161;76;40;96523;3.16;26.49;0.33;0.36
2019;6;23;174;20.4;18.2;16.8;18.5;17;16;0.1;-2.3;0.17;3;2.8;0;405;112;52;22;96464;3.04;22.71;0.35;0.36
2019;6;24;175;24.7;20.9;16.5;17;15.4;13.2;0.6;-2.6;0.16;3;2.8;0;712;247;91;54;96919;5.04;0.94;0.36;0.36
2019;6;25;176;26.9;23.1;17.5;19.9;17.7;14.9;-0.7;1.2;0.16;2.9;2.8;0;644;231;84;58;97209;4.32;0.35;0.35;0.36
2019;6;26;177;31;25.6;19.1;19.4;18.3;17.3;0.7;2.4;0.16;2.9;2.8;0;731;273;103;75;97161;5.48;0;0.35;0.36
2019;6;27;178;29.9;25.3;20.6;20.7;18;7.7;1.3;-2;0.16;2.9;2.8;0;666;222;89;60;96798;4.9;2.65;0.34;0.36
2019;6;28;179;24.5;20.7;16.4;10.7;9.5;7;0.2;-2.9;0.16;2.9;2.8;0;744;278;116;96;96900;5.58;0;0.34;0.36
2019;6;29;180;25.2;20.2;14.3;13.2;11.1;9.7;-0.2;-0.2;0.16;2.9;2.8;0;749;280;126;94;96983;4.9;0;0.34;0.36
2019;6;30;181;30;23.7;16.3;15.6;13.6;11.4;1.3;3.3;0.16;2.9;2.8;0;745;279;120;90;96716;5.44;0;0.33;0.36
2019;7;1;182;32.5;25.9;18.9;20.3;17.3;15.4;1;0.2;0.16;2.9;2.8;0;680;237;100;73;96427;4.67;1.7;0.33;0.36
2019;7;2;183;25.6;22.6;18.7;18.5;16.9;15.8;1.1;-1.9;0.16;2.9;2.8;0;578;208;77;56;96505;4.07;2.08;0.32;0.36
2019;7;3;184;24.2;20.5;17.3;15.9;11.7;9.9;0;-2;0.16;2.9;2.8;0;594;207;89;62;96732;4;0.02;0.32;0.36
2019;7;4;185;25.1;20.2;15.2;13.5;10.8;7.7;-0.2;-0.1;0.16;2.9;2.7;0;736;250;113;80;96829;4.26;0;0.32;0.36
2019;7;5;186;27.7;22.4;15.8;15.4;11.6;8.2;1.5;-0.9;0.16;2.9;2.7;0;704;254;116;83;96396;4.61;0;0.31;0.36
2019;7;6;187;30.2;23.8;16;17.7;14.2;11.1;1.2;1.2;0.16;2.8;2.7;0;681;241;104;72;96026;4.35;0.95;0.31;0.35
2019;7;7;188;26.9;21.8;17.4;15.1;13.7;12.2;2.2;-2.1;0.16;2.8;2.7;0;619;176;78;57;95797;3.75;2.44;0.31;0.35
2019;7;8;189;20.2;17.6;14.4;13.4;11.2;9.1;1.1;-1.1;0.16;2.8;2.7;0;494;167;79;58;96304;3.14;2.19;0.31;0.35
2019;7;9;190;20.3;17;12.7;11;8.5;5.4;0.5;-1.7;0.16;2.8;2.7;0;456;156;75;58;96364;2.88;0.91;0.31;0.35
2019;7;10;191;19.7;16.2;12.8;6.3;4.7;2.7;1;-3.2;0.16;2.8;2.7;0;466;176;96;71;96422;3.19;0;0.3;0.35
2019;7;11;192;22.1;17.6;10.5;11.7;8;6.1;1.3;-1.3;0.16;2.8;2.7;0;594;199;101;64;96235;3.13;0.07;0.3;0.35
2019;7;12;193;19.4;17.1;14.5;14.8;13.1;10.1;0.8;0.5;0.16;2.8;2.7;0;454;125;64;38;96104;2.82;15.89;0.3;0.35
2019;7;13;194;18.5;15.9;12.8;13.8;12.1;10.7;2.1;-1.8;0.16;2.8;2.7;0;435;132;80;49;95953;2.94;8.06;0.32;0.35
2019;7;14;195;20.8;17;14.3;13;11.9;11.3;1.4;-3.6;0.16;2.8;2.7;0;614;212;88;62;96138;3.69;3.13;0.32;0.35
2019;7;15;196;20.9;17.4;13.3;11.7;10.2;8.9;0.2;-2.4;0.16;2.8;2.7;0;670;220;96;75;96241;3.71;0.19;0.31;0.35
2019;7;16;197;23.7;19;13.4;12.5;10.8;9;1.1;-1.9;0.16;2.8;2.7;0;566;199;89;65;96249;3.54;0.22;0.31;0.35
2019;7;17;198;24.6;19.8;13.2;14.4;11.6;9.6;0.5;-1.1;0.16;2.8;2.7;0;644;216;96;66;96178;3.63;3.32;0.31;0.35
2019;7;18;199;23.1;18.7;14.2;16.2;14.4;12.1;0.4;-0.2;0.16;2.8;2.7;0;693;203;98;63;96172;3.64;7.92;0.31;0.35
2019;7;19;200;26.9;20.3;13.7;17;14.4;12.4;0.9;0.7;0.16;2.7;2.7;0;687;220;107;71;96419;3.81;4.09;0.31;0.35
2019;7;20;201;28.7;22.8;15.3;18.5;15.9;14.1;0.8;1.7;0.16;2.7;2.7;0;711;244;104;69;96482;4.44;0.38;0.31;0.35
2019;7;21;202;27.3;22.3;17.8;18.8;15.9;14.4;1.1;-1.6;0.16;2.7;2.7;0;618;185;86;57;96806;3.43;0.62;0.31;0.35
2019;7;22;203;26.7;22.3;16.6;16.8;15.1;13.3;0.9;-1.2;0.16;2.7;2.7;0;656;213;86;61;97111;3.9;0.29;0.31;0.35
2019;7;23;204;28.7;23.9;18;15.5;14.2;13.3;0.6;-2.4;0.16;2.7;2.7;0;706;226;93;62;96865;4.34;0;0.3;0.35
2019;7;24;205;29.9;24.4;18.4;17.2;15.2;12.3;-0.3;-0.7;0.16;2.7;2.7;0;674;251;115;76;96689;4.32;0;0.3;0.35
2019;7;25;206;30.8;25.3;18.2;19.4;16.6;15.1;-0.4;0.3;0.16;2.7;2.7;0;679;247;109;70;96573;4.18;0;0.3;0.35
2019;7;26;207;28.8;25.1;20.3;19.9;18.7;16.6;0.4;1.1;0.16;2.7;2.7;0;653;219;86;61;95935;3.91;2.47;0.29;0.35
2019;7;27;208;26.5;22.1;18.2;20.8;19.2;17;-0.1;0.8;0.16;2.7;2.7;0;517;150;71;40;95300;3.14;26.76;0.3;0.35
2019;7;28;209;22.9;20.4;18.1;19.2;18.2;17.1;-0.9;0.8;0.16;2.7;2.7;0;409;124;52;31;95055;2.78;16.36;0.32;0.35
2019;7;29;210;25;20.7;17.5;19.4;17.5;15.3;0.7;-1.9;0.16;2.7;2.7;0;631;172;85;39;95571;3.56;5.31;0.33;0.35
2019;7;30;211;26.6;22.6;18.7;18.3;17;15.2;1.9;-2.1;0.16;2.7;2.7;0;663;208;75;57;95976;3.98;0.72;0.33;0.35
2019;7;31;212;26.5;22.3;18.5;16.7;15.8;14.9;1.5;-2;0.16;2.7;2.7;0;577;191;77;55;96259;3.94;1.99;0.32;0.35
2019;8;1;213;25.1;21.4;17.7;16.3;14.2;12.9;0.7;-1.7;0.16;2.7;2.7;0;643;215;98;64;96450;4.03;0.61;0.32;0.35
2019;8;2;214;20.9;18.9;16.4;17.1;15.9;14.3;0.3;-0.9;0.16;2.7;2.7;0;301;104;64;42;96165;2.48;7.83;0.32;0.35
2019;8;3;215;21.9;18.4;15.9;14.1;13.4;12.4;1.9;-2.7;0.16;2.7;2.7;0;600;198;86;66;96128;3.63;2.61;0.33;0.35
2019;8;4;216;22.2;18.5;14.8;14.6;12.1;10.9;1.2;-1.7;0.16;2.6;2.7;0;578;209;89;72;96448;3.75;0.57;0.32;0.35
2019;8;5;217;26.1;20.9;13.6;15.6;13.3;11.9;0.8;1;0.16;2.6;2.7;0;605;214;103;71;96318;3.77;0.05;0.32;0.35
2019;8;6;218;25.7;21.4;16.3;18;16;14.3;0.7;0.9;0.16;2.6;2.7;0;471;152;88;55;96206;2.8;0.57;0.32;0.35
2019;8;7;219;28.5;23.1;17.1;18.6;17.1;16.4;0.5;0.9;0.16;2.6;2.7;0;619;198;92;57;95865;3.84;3.73;0.32;0.35
2019;8;8;220;24.9;21;17.8;17.3;15.4;13.3;0.9;-0.4;0.16;2.6;2.7;0;584;171;79;53;96231;3.52;2.68;0.32;0.35
2019;8;9;221;28.1;22.7;15.6;18.6;16.3;14.2;0.5;1.6;0.16;2.6;2.7;0;690;235;107;75;96325;4.05;0;0.31;0.35
2019;8;10;222;30.1;24.2;19.8;19.6;18.8;18;0.3;-0.6;0.16;2.6;2.7;0;667;201;95;54;96365;4.11;4.31;0.31;0.35
2019;8;11;223;25.3;21.8;19.2;17.6;15.2;13.9;-0.1;-0.1;0.16;2.6;2.7;0;471;166;82;49;96617;3.81;0.98;0.31;0.35
2019;8;12;224;29.2;23.8;18.8;19.9;17.5;16;0.1;0.3;0.16;2.6;2.7;0;636;220;93;63;96200;4.12;4.65;0.31;0.35
2019;8;13;225;19.9;18.5;17.1;16.8;14.4;11.1;1.4;-3.4;0.16;2.6;2.7;0;384;128;50;33;96409;3.78;14.38;0.32;0.35
2019;8;14;226;20.3;17.1;14.2;12.2;10;8;1.5;-3.3;0.16;2.6;2.7;0;440;129;83;46;96496;3.41;2.52;0.32;0.35
2019;8;15;227;22.2;17.8;11.4;11.8;9.7;8.3;0.2;1;0.16;2.6;2.7;0;639;204;114;78;96456;3.44;0;0.32;0.35
2019;8;16;228;21.2;17.7;13.7;12.6;11.7;10.3;1.6;-1.4;0.16;2.6;2.7;0;532;161;95;58;96549;2.83;0.13;0.32;0.35
2019;8;17;229;25.3;19.2;11.7;14;12.6;10.5;0.8;1.6;0.15;2.6;2.7;0;635;205;105;73;96436;3.33;0;0.31;0.35
2019;8;18;230;28.9;23.2;17.7;17.2;15.9;14;0.7;2.3;0.15;2.6;2.7;0;662;192;98;60;96214;3.59;0;0.31;0.35
2019;8;19;231;26.9;23.2;18.4;16.7;15.9;15.2;0.7;-0.6;0.15;2.6;2.7;0;622;201;93;66;96455;3.56;0.14;0.31;0.34
2019;8;20;232;28.1;23.5;18.8;18.1;17.1;15.7;0.3;0.5;0.15;2.6;2.7;0;615;194;90;59;96712;3.48;0.28;0.3;0.34
2019;8;21;233;20.9;18.1;15.5;17.5;12;9.9;1.4;-4.2;0.15;2.6;2.7;0;329;116;67;43;97260;3.62;5.58;0.3;0.34
2019;8;22;234;20;17.4;14.4;16.6;14.3;11.5;0.2;-1.7;0.15;2.6;2.7;0;428;132;61;38;97319;2.85;14.66;0.31;0.34
2019;8;23;235;23.3;20.1;16.6;17.7;16.3;15.3;0.1;-0.6;0.15;2.5;2.7;0;462;142;63;39;97269;2.61;4.18;0.32;0.34
2019;8;24;236;26.2;21.3;16.5;20.2;17.3;15.4;-0.2;0.3;0.15;2.5;2.7;0;529;177;83;51;97000;3.06;13.63;0.32;0.34
2019;8;25;237;23.8;20.1;16.9;19.3;17.9;16.1;-0.2;0.1;0.15;2.5;2.7;0;414;111;50;36;96882;2.12;3.4;0.33;0.34
2019;8;26;238;25.4;20.4;16.7;20;18;16;-0.2;0.5;0.15;2.5;2.7;0;597;170;82;52;96854;2.96;6.5;0.33;0.34
2019;8;27;239;24.7;20.9;16.1;19.8;18.2;15.8;-0.1;1.6;0.15;2.5;2.7;0;555;168;78;54;96804;2.97;6.24;0.33;0.34
2019;8;28;240;27.5;23;17.8;18.8;17.9;16.7;0.2;2;0.15;2.5;2.7;0;555;183;82;60;96675;3.31;0.05;0.33;0.34
2019;8;29;241;27.2;22.3;18.6;20.1;18.6;17;0.5;0;0.15;2.5;2.7;0;566;155;80;51;96696;2.77;4.32;0.33;0.34
2019;8;30;242;27.5;22.4;18.3;18.5;17.1;16.2;0.8;-1.3;0.15;2.5;2.7;0;622;202;97;65;96962;3.63;0.48;0.33;0.34
2019;8;31;243;27.9;22.5;16.6;17.9;16.8;15.3;0;1;0.15;2.5;2.7;0;622;194;98;68;96645;3.45;0.31;0.33;0.34
2019;9;1;244;28.2;22.7;18.1;18.2;16.7;15.4;0.6;1.4;0.15;2.5;2.7;0;618;190;98;62;96172;3.56;10.08;0.33;0.34
2019;9;2;245;21.1;17.8;13;17.3;14.9;11.3;1.3;-3.1;0.15;2.5;2.7;0;397;113;49;34;96562;2.97;13.46;0.34;0.34
2019;9;3;246;19.7;15.8;12.5;10.9;8.5;6.3;0.8;-3.3;0.15;2.5;2.7;0;611;196;117;74;97070;3.81;0.62;0.34;0.34
2019;9;4;247;21;16.3;10.4;10.8;9.3;8.1;0;1.4;0.15;2.5;2.7;0;630;202;119;87;96794;3.14;0;0.34;0.34
2019;9;5;248;23.6;18.6;12.8;15.7;11.6;9.2;0.5;-0.2;0.15;2.5;2.7;0;623;177;112;69;96386;3.09;0.49;0.34;0.34
2019;9;6;249;16.2;15;13.7;12.7;11.3;10.3;1.1;-2.9;0.15;2.5;2.7;0;304;90;58;34;96836;2.75;5.08;0.34;0.34
2019;9;7;250;15.6;14.2;13;14.6;12.8;11.4;0.6;-1.6;0.15;2.5;2.7;0;213;50;31;19;96493;1.63;9.3;0.34;0.34
2019;9;8;251;17.2;14.7;11.5;13.4;11;9.9;-0.5;0;0.15;2.5;2.7;0;396;110;58;35;96373;2.03;6.26;0.34;0.34
2019;9;9;252;16.5;13.9;10.2;14;10;7.9;1;-0.6;0.15;2.5;2.7;0;383;107;91;41;96066;2.36;10.29;0.36;0.34
2019;9;10;253;17.6;13.6;8.4;10.9;9.4;7.6;0.3;2.3;0.15;2.5;2.7;0;408;120;86;59;96711;1.78;0.05;0.36;0.34
2019;9;11;254;20.9;15.7;10.4;12.8;10.9;8.9;0;1.3;0.15;2.5;2.7;0;607;188;114;80;97101;2.7;0;0.35;0.34
2019;9;12;255;21.9;16.8;11.8;11.7;10.6;9.3;1.4;-1.8;0.15;2.5;2.7;0;591;156;103;65;97680;2.67;0;0.35;0.34
2019;9;13;256;22.9;18.1;12.6;14.4;12.5;10.5;1.1;-1.1;0.15;2.5;2.7;0;476;128;78;46;97779;2.26;0;0.35;0.34
2019;9;14;257;18.2;16.6;14.4;13.5;11.7;9.7;-0.1;-2;0.15;2.5;2.7;0;281;75;69;28;97815;1.47;0.05;0.35;0.34
2019;9;15;258;23.1;17.5;12.4;14.5;12.2;9.8;0.5;1.4;0.15;2.5;2.7;0;578;169;103;69;97249;2.53;0;0.34;0.34
2019;9;16;259;24.8;19.3;12.8;16.4;14.5;12.2;1.3;0.1;0.15;2.4;2.7;0;480;152;91;59;96622;2.36;0.23;0.34;0.34
2019;9;17;260;22;18.3;14.6;15.5;12.9;8.8;1.1;-1.5;0.15;2.4;2.7;0;437;119;82;52;96335;2.08;0.41;0.34;0.34
2019;9;18;261;16;13.1;9.3;7.9;3.8;1.1;0.5;-2.7;0.14;2.4;2.7;0;607;179;123;88;96905;2.7;0;0.34;0.34
2019;9;19;262;14.5;11;8.2;4.1;2.3;0.1;0.4;-2.5;0.14;2.4;2.7;0;464;129;98;71;97290;1.99;0.11;0.34;0.34
2019;9;20;263;14.6;10.3;6;3.8;2.6;1.1;0.4;-1;0.14;2.3;2.7;0;577;171;120;90;97490;2.12;0;0.33;0.34
2019;9;21;264;16.9;11.7;5.6;5.9;4.2;2.5;0.5;2.5;0.14;2.3;2.7;0;570;171;116;85;97206;2.21;0;0.33;0.34
2019;9;22;265;18.1;13.3;8.7;8.8;6.5;3;-0.1;3.1;0.14;2.3;2.7;0;561;157;105;77;96399;2.09;0.02;0.33;0.34
2019;9;23;266;19.1;14.3;9.3;12.6;10.6;8.2;-0.1;-1.2;0.14;2.3;2.7;0;467;110;81;39;96144;1.63;2.02;0.33;0.34
2019;9;24;267;18.8;15.4;12.8;12.2;11.6;10.6;0.5;-1.2;0.14;2.2;2.7;0;361;91;58;36;96152;1.66;0.35;0.33;0.34
2019;9;25;268;19.5;15;12.1;13.1;12;11;1;0.5;0.14;2.2;2.7;0;323;81;60;36;95883;1.29;3.21;0.33;0.34
2019;9;26;269;18.9;14.7;10.4;11.4;10.2;8.7;1.5;-0.8;0.14;2.2;2.7;0;452;119;78;53;96250;1.96;0.49;0.33;0.34
2019;9;27;270;21.7;16.4;11.2;12.6;11.6;9.8;0.8;1.7;0.14;2.1;2.7;0;503;125;92;52;96358;1.79;0.02;0.33;0.34
2019;9;28;271;16.5;14.7;12.6;14.3;13;11.4;0.8;-0.1;0.14;2.1;2.6;0;129;41;37;29;96503;0.89;6.25;0.33;0.34
2019;9;29;272;19.9;15.9;12.6;12.8;11.9;10.8;1.4;2.5;0.14;2.1;2.6;0;462;114;87;51;96101;1.78;0.27;0.33;0.34
2019;9;30;273;21.3;16.2;11.4;13;9.4;5.6;2.1;-1.1;0.14;2.1;2.6;0;369;113;97;71;95816;1.91;0.22;0.33;0.34
2019;10;1;274;20.5;15.9;10.4;13.5;9.9;6.5;1.2;3;0.14;2;2.6;0;511;139;101;66;95885;1.95;0.01;0.33;0.34
2019;10;2;275;17.5;13.9;9.6;13.2;11.4;8;1.1;-0.8;0.14;2;2.6;0;194;39;63;32;95384;1.24;9.34;0.33;0.34
2019;10;3;276;11.7;9.5;8.1;6.4;3.3;2.1;2.3;-3.9;0.14;2;2.6;0;370;98;95;56;96187;1.7;0.05;0.33;0.34
2019;10;4;277;14.4;10.2;5;5.1;3.2;2.1;0.7;1.1;0.14;2;2.6;0;476;124;110;71;96034;1.56;0;0.33;0.34
2019;10;5;278;13.6;10.1;7.5;8.1;5.4;3.8;2.3;-0.7;0.14;1.9;2.6;0;333;72;81;47;95702;1.64;2.85;0.33;0.34
2019;10;6;279;10.2;8;6.2;4;2.7;1.1;0.1;-2.5;0.14;1.9;2.6;0;376;96;88;53;96457;1.14;0.59;0.33;0.34
2019;10;7;280;8.3;6;2.5;4.5;3.1;1.4;-0.2;-0.7;0.14;1.9;2.6;0;138;40;71;31;96555;1.06;3.85;0.33;0.34
2019;10;8;281;12.7;8.4;2.5;5.2;3.7;1.4;1.4;3.2;0.14;1.9;2.6;0;474;118;102;53;96500;1.28;0.03;0.33;0.34
2019;10;9;282;15.8;12.1;7.8;10.6;7.8;4.5;0.7;0.7;0.14;1.8;2.6;0;304;74;56;38;96045;1.15;1.37;0.33;0.34
2019;10;10;283;14.6;10.4;6.5;9.7;7.6;5.2;1.1;1;0.14;1.8;2.6;0;347;80;82;57;96537;1.25;2.62;0.33;0.34
2019;10;11;284;16.4;10.8;4.8;8.5;6.8;3.6;1.4;2.4;0.14;1.8;2.6;0;446;122;101;81;96972;1.4;0;0.33;0.34
2019;10;12;285;18.8;12.4;7.3;11.4;8.8;5.8;0.5;1.4;0.14;1.8;2.6;0;469;127;124;86;96696;1.25;0;0.33;0.34
2019;10;13;286;18.5;12.3;6.8;12.8;10;6.5;0.2;0.8;0.14;1.7;2.6;0;425;113;103;68;96764;0.96;0;0.33;0.34
2019;10;14;287;19.3;13.8;7.5;13.7;11.3;7.1;0;2;0.14;1.7;2.6;0;432;117;106;71;96582;1.06;0;0.33;0.34
2019;10;15;288;20.4;15;10.5;12;11.3;10;0.7;4;0.14;1.7;2.6;0;451;112;101;72;95976;1.27;0;0.33;0.34
2019;10;16;289;15;12.4;9.3;11.4;9.7;8;0.8;0.4;0.14;1.7;2.6;0;181;38;79;44;96396;0.76;2.25;0.33;0.34
2019;10;17;290;17.3;12.7;9;11.5;9.6;8.2;0.4;2.4;0.13;1.7;2.6;0;371;101;78;64;96522;1.02;0;0.33;0.34
2019;10;18;291;17.3;12;7.6;10.7;9.5;7.4;0.4;0.9;0.13;1.6;2.6;0;416;99;98;65;96317;0.93;0.02;0.33;0.34
2019;10;19;292;19.4;13;7.6;10.7;9.3;7.3;1.1;1.9;0.13;1.6;2.6;0;372;87;82;54;96178;1.02;0;0.33;0.34
2019;10;20;293;21.1;15.6;11.3;12.6;11.1;10;1.5;3.4;0.13;1.6;2.6;0;405;106;102;75;96170;1.26;0;0.33;0.34
2019;10;21;294;20.8;15.4;10.4;13.9;11.9;9.4;0.7;0;0.13;1.6;2.6;0;420;110;111;74;96615;1.06;0;0.32;0.34
2019;10;22;295;20.1;14.3;9.6;14.4;12.1;9.1;0.3;-0.1;0.13;1.6;2.6;0;399;99;90;64;97014;0.8;0;0.32;0.34
2019;10;23;296;21.3;15.2;9.5;14.1;12.2;9.5;0.5;2.5;0.13;1.6;2.6;0;433;108;114;73;96678;1.03;0;0.32;0.34
2019;10;24;297;20.5;15.4;11.9;12;9.8;8.8;0.7;3.1;0.13;1.6;2.6;0;431;111;123;94;96199;1.3;0;0.32;0.34
2019;10;25;298;19.4;13.4;8.4;10.6;9.3;7.1;1.3;-1;0.13;1.6;2.6;0;412;102;104;75;96894;0.96;0;0.32;0.34
2019;10;26;299;19.9;13.1;7.8;10.5;9;6.9;1;1.6;0.13;1.6;2.6;0;412;105;115;79;96969;0.96;0;0.32;0.34
2019;10;27;300;20.4;13.5;8.4;12.1;9.2;5.9;1;0.3;0.13;1.6;2.6;0;409;103;119;78;96721;0.95;0;0.32;0.34
2019;10;28;301;11.1;9.6;8.2;9.3;7;2.8;0.6;-2.1;0.13;1.5;2.6;0;101;22;42;18;96693;1.04;2.62;0.32;0.34
2019;10;29;302;7.9;6.7;6.2;5.1;3.9;2.3;0.3;-2;0.13;1.5;2.6;0;49;12;38;13;96828;1.03;7.83;0.33;0.34
2019;10;30;303;6.5;4.9;2.7;3.4;2;0.6;0.2;-1.8;0.13;1.5;2.6;0.04;169;35;59;32;97294;1.02;3.79;0.33;0.34
2019;10;31;304;5.6;4.1;2.4;2.5;1.7;0.2;-0.5;1.2;0.13;1.5;2.6;0.05;112;27;48;24;97180;0.33;0.29;0.33;0.34
2019;11;1;305;6.6;5;3.2;2.4;1.4;0.5;-0.1;3.8;0.12;1.5;2.6;0.04;285;60;75;40;96581;0.56;0.03;0.33;0.34
2019;11;2;306;12.4;7.9;4.4;7;4.8;2.3;0.9;2.9;0.12;1.5;2.6;0;249;54;65;46;95217;0.56;0.3;0.33;0.34
2019;11;3;307;16.8;12.7;7.2;12.6;10.2;6.4;0.7;4.9;0.12;1.5;2.6;0;329;72;81;50;94338;0.79;0.22;0.33;0.34
2019;11;4;308;13.9;11;7.6;11.9;8.1;6.4;1.1;0.9;0.12;1.5;2.6;0;254;46;100;50;94486;0.99;11.56;0.34;0.34
2019;11;5;309;9.1;7.5;5.5;8.1;6.2;4.6;0.9;-1;0.12;1.5;2.6;0;66;18;73;20;94759;0.85;10.01;0.34;0.34
2019;11;6;310;11.6;8.5;6.3;7;5.5;4.3;0.5;0.6;0.12;1.4;2.6;0;343;62;94;34;95216;0.9;4.38;0.35;0.34
2019;11;7;311;11.4;8.1;5.2;6.8;5.4;3.8;0.4;1.1;0.12;1.4;2.6;0;247;58;86;47;95457;0.77;0.95;0.35;0.34
2019;11;8;312;9;7.1;4.2;8.5;6.4;3.8;-0.6;2.6;0.12;1.4;2.6;0;164;30;67;25;95474;0.24;1.17;0.35;0.34
2019;11;9;313;8.8;7.1;5.5;8.3;5.3;1.6;0.1;-0.9;0.12;1.4;2.6;0;117;24;25;14;95682;0.82;4.52;0.35;0.34
2019;11;10;314;7.2;5.3;3.3;2.2;1.3;0.6;0.9;-1.8;0.12;1.4;2.6;0;170;39;67;46;95953;0.45;0.03;0.35;0.34
2019;11;11;315;7.7;5.1;1.4;5.4;3.2;0.2;0.2;2.8;0.12;1.4;2.6;0;217;42;70;29;96182;0.27;0.04;0.35;0.34
2019;11;12;316;6.7;5.6;3.4;6.2;5;2.7;-0.1;-0.3;0.12;1.4;2.6;0;68;14;14;7;95504;0.47;14.32;0.36;0.34
2019;11;13;317;5;3.8;3.1;4.1;2.3;0.8;1.3;-2;0.12;1.4;2.6;0.12;80;12;25;5;95028;1.17;13.22;0.37;0.34
2019;11;14;318;7.7;4.5;0.8;3.5;2.2;0.2;0;2.3;0.12;1.4;2.6;0.27;260;61;78;49;95761;0.5;0.01;0.38;0.34
2019;11;15;319;9.6;7.2;5;7.6;5.8;3.5;-1.1;3.3;0.12;1.3;2.6;0.12;123;29;42;21;95669;0.21;1.17;0.38;0.34
2019;11;16;320;12.7;9.8;6.8;8.5;7.4;6.2;-0.1;3.4;0.11;1.3;2.6;0.02;235;52;71;42;95945;0.84;4.96;0.38;0.34
2019;11;17;321;14.3;9.7;6.7;10.5;8.2;6.2;-1.2;2.2;0.11;1.4;2.6;0;273;57;75;41;95867;0.56;0.44;0.38;0.34
2019;11;18;322;12;9.1;7.2;8.2;5.1;0.8;0.4;2.8;0.11;1.4;2.6;0;273;50;107;51;95862;0.87;7.48;0.39;0.34
2019;11;19;323;10.4;7.8;6;6.4;5.1;3.4;-0.1;2.2;0.11;1.4;2.6;0;225;49;84;59;96577;0.3;0;0.38;0.34
2019;11;20;324;7.7;6.5;3.8;7.6;6.1;3.4;-0.3;-0.9;0.11;1.4;2.6;0;67;10;68;15;96191;0.14;15.92;0.39;0.34
2019;11;21;325;10.8;8.4;7.1;7.6;6.9;5.7;-0.1;2.3;0.11;1.4;2.6;0;189;37;70;30;95896;0.49;1.65;0.4;0.34
2019;11;22;326;9.1;7;4.7;7;5.6;4.6;-0.3;3.3;0.11;1.4;2.6;0;235;49;67;42;96093;0.34;0;0.4;0.34
2019;11;23;327;8.2;6.3;4.8;6.6;4.7;3.7;-1;3.9;0.11;1.4;2.6;0;177;34;69;32;95921;0.22;0;0.39;0.34
2019;11;24;328;9.2;5.8;3.9;6.2;4.6;3.3;-0.5;2.7;0.11;1.4;2.6;0;222;44;83;49;95921;0.2;0;0.39;0.34
2019;11;25;329;7;5;3.7;4.9;4.2;3.5;-0.4;1.9;0.11;1.4;2.6;0;140;31;46;21;95934;0.21;0.16;0.39;0.34
2019;11;26;330;8;5.7;4.7;4.4;3.9;3.6;0.2;2;0.11;1.4;2.6;0;185;34;56;28;95881;0.32;0.13;0.39;0.34
2019;11;27;331;9.3;6.1;3.9;5.9;4.4;2.7;0.7;2.9;0.11;1.4;2.6;0;151;32;41;25;95137;0.29;0.79;0.39;0.34
2019;11;28;332;9.8;6.4;4;7.7;5.4;3.3;1.3;0.4;0.11;1.4;2.6;0;130;19;61;32;95032;0.25;3.33;0.39;0.35
2019;11;29;333;10;5.9;2.3;6.2;3.8;0.9;1.3;-0.3;0.11;1.4;2.6;0;171;39;79;48;95474;0.49;0.66;0.39;0.35
2019;11;30;334;4.6;2.3;-1.5;0;-1.5;-2.9;1.5;-2.4;0.11;1.4;2.6;0.01;236;52;83;71;96774;0.51;0.18;0.39;0.35
2019;12;1;335;2.5;0.4;-1.9;-0.8;-2;-3.3;-0.4;2.8;0.11;1.4;2.6;0.09;177;35;57;36;96806;0.33;1.16;0.39;0.35
2019;12;2;336;3.2;1;-0.5;0.9;-1.5;-5.3;0.9;-1.7;0.14;1.4;2.6;1.45;113;21;89;39;96623;0.49;4.2;0.39;0.35
2019;12;3;337;3.2;0.6;-1.8;-2;-3.5;-6;1.3;-1.8;0.14;1.4;2.6;1.76;230;45;80;60;97314;0.43;0.31;0.39;0.35
2019;12;4;338;2.6;-1;-3.2;-1.7;-3.4;-4.3;-0.1;2.8;0.14;1.4;2.6;1.71;263;56;94;68;97368;0.3;0;0.39;0.35
2019;12;5;339;0.8;-1.4;-2.4;-3.3;-3.8;-4.1;-0.2;3.1;0.14;1.4;2.6;1.65;177;39;76;49;97150;0.21;0;0.39;0.35
2019;12;6;340;3.4;-0.8;-3;-0.6;-2.9;-4.2;0;1.2;0.14;1.4;2.6;1.56;238;48;91;59;96717;0.19;0;0.38;0.35
2019;12;7;341;6.6;0.9;-2.7;2;-1.7;-5.7;1.2;0.5;0.14;1.4;2.6;1.39;200;36;85;41;96379;0.1;0.02;0.38;0.35
2019;12;8;342;8.2;2.1;-1.6;2.2;-0.1;-3.2;1;1.3;0.13;1.4;2.6;1.15;248;52;93;61;96142;0.22;0;0.38;0.35
2019;12;9;343;4.3;1.6;-1.3;2.2;-0.9;-5.4;1.3;0.3;0.13;1.4;2.6;0.96;118;18;54;28;95532;0.03;1.65;0.38;0.35
2019;12;10;344;4.3;2.3;-0.4;1.3;-1.2;-4.1;1.5;-3.7;0.12;1.4;2.6;0.79;254;53;101;76;96619;0.58;0.03;0.38;0.35
2019;12;11;345;2.2;-1;-3.7;-2.4;-4.7;-7.1;0.2;1.1;0.12;1.4;2.6;0.68;276;58;120;90;96385;0.22;0;0.38;0.35
2019;12;12;346;1;-0.8;-2.1;-1.4;-3.2;-6;0.1;0.8;0.13;1.4;2.6;1.01;115;20;67;28;95345;0.07;1.1;0.38;0.35
2019;12;13;347;2;-0.4;-1.9;0.1;-1.6;-2.8;0.5;3.1;0.14;1.4;2.6;1.81;153;30;62;28;93941;0.17;1.39;0.38;0.35
2019;12;14;348;5.2;1.2;-1.1;1.7;-0.8;-2.7;1.3;1.4;0.14;1.4;2.6;1.77;197;37;78;50;94786;0.3;0.89;0.38;0.35
2019;12;15;349;8.4;3;-0.3;2.2;-0.6;-2.8;1.5;1.6;0.13;1.4;2.6;1.44;221;46;85;53;95820;0.43;0.27;0.38;0.35
2019;12;16;350;8.6;4.2;-0.3;5;1.5;-2.1;1.3;1.5;0.13;1.4;2.6;1.08;216;43;80;51;96158;0.1;0;0.38;0.35
2019;12;17;351;11.8;8.2;3.3;7.2;5.1;2.2;2.3;3.1;0.12;1.4;2.6;0.53;188;38;80;53;96034;0.36;0;0.38;0.35
2019;12;18;352;13;8.9;4.3;8.9;6.8;4.1;1.2;0.8;0.11;1.4;2.6;0.11;244;50;94;59;96680;0.26;0;0.38;0.35
2019;12;19;353;11.6;8.1;4.3;9.2;6.6;4;0.3;2.9;0.11;1.4;2.6;0.03;150;32;71;38;96763;0.2;0;0.38;0.35
2019;12;20;354;10.9;8.9;6.7;7.2;5.5;3.9;1.1;5.2;0.11;1.3;2.6;0;195;42;78;54;95294;0.39;0.03;0.38;0.35
2019;12;21;355;9.8;8.2;5.8;8.4;6.4;2.1;0.7;1.4;0.11;1.3;2.6;0;74;11;67;21;94283;0.44;14.21;0.38;0.35
2019;12;22;356;5.3;3.9;1.1;4;2.5;0.1;0.9;-1.6;0.11;1.3;2.6;0;91;18;76;34;93907;0.59;6.77;0.39;0.35
2019;12;23;357;6.2;5.6;5.2;3.6;2.1;0.9;3.8;-5.1;0.11;1.3;2.6;0;116;21;61;34;94809;1.62;3.36;0.4;0.35
2019;12;24;358;7.1;4.8;1.8;2;0.9;0;2.3;-2.2;0.11;1.3;2.6;0.01;226;46;85;61;96033;0.44;1.64;0.39;0.35
2019;12;25;359;7.7;4.7;2.5;2.9;1.7;0.8;2.5;-2.1;0.11;1.3;2.6;0.05;250;48;90;59;96079;0.76;1.21;0.39;0.36
2019;12;26;360;4.5;2.1;-2.1;0.7;-0.4;-3.1;1.8;-2.6;0.11;1.3;2.6;0.05;214;44;85;72;96923;0.51;0.43;0.39;0.36
2019;12;27;361;4.2;1.1;-1.3;0.2;-2.1;-3;1.2;-2.2;0.11;1.3;2.6;0.09;205;43;97;57;97147;0.28;0.13;0.39;0.36
2019;12;28;362;1;-0.4;-1.7;-2.8;-5.2;-7.3;1.6;-5.4;0.12;1.3;2.6;0.92;243;49;94;76;97924;0.48;1.35;0.39;0.36
2019;12;29;363;-0.1;-1.4;-3;-6.1;-6.6;-7;1;-4.2;0.13;1.3;2.6;1.29;176;37;88;66;98272;0.37;0.08;0.39;0.36
2019;12;30;364;2.9;-1;-3.9;-5.3;-6.9;-8;0.9;0.8;0.13;1.3;2.6;1.27;244;52;95;69;98108;0.12;0;0.39;0.36
2019;12;31;365;9.4;3.1;-1.6;2.6;-2.6;-7.2;1.4;-1.3;0.13;1.3;2.6;1.1;252;51;98;57;97501;0.3;0;0.39;0.36
