YYYY;MM;DD;DOY;2m_temp_max;2m_temp_mean;2m_temp_min;2m_dp_temp_max;2m_dp_temp_mean;2m_dp_temp_min;10m_wind_u;10m_wind_v;fcst_alb;lai_high_veg;lai_low_veg;swe;surf_net_solar_rad_max;surf_net_solar_rad_mean;surf_net_therm_rad_max;surf_net_therm_rad_mean;surf_press;total_et;prec;volsw_123;volsw_4
1981;1;1;1;1.7;0;-2.1;0.5;-2;-4.7;6.1;0.3;0.21;1.4;2.5;6.93;133;26;68;34;95786;0.79;6.92;0.29;0.28
1981;1;2;2;1.1;-0.4;-2.3;0.4;-1.9;-4.4;5;0.9;0.28;1.4;2.5;11.23;85;16;53;20;95839;0.19;11.05;0.28;0.28
1981;1;3;3;5.1;3.1;1.2;4.2;2;-0.9;6.5;1.6;0.33;1.4;2.5;15.65;24;5;58;10;94359;-0.06;20.45;0.3;0.28
1981;1;4;4;1.9;0.6;-1.7;1.2;-0.7;-3.6;4.7;0.2;0.28;1.4;2.5;11.98;111;22;75;38;94263;0.42;4.89;0.31;0.28
1981;1;5;5;-1.7;-2.8;-3.7;-4.7;-5.8;-7.1;4;-2;0.33;1.4;2.5;15.9;150;30;78;46;95238;0.51;4.18;0.31;0.28
1981;1;6;6;-2.6;-4.4;-5.7;-5.3;-6.2;-7.1;1.6;-0.7;0.37;1.3;2.5;19.21;88;17;60;36;95444;0.09;2.49;0.3;0.28
1981;1;7;7;-5.9;-8.6;-11.8;-7.4;-10.8;-13.2;1.6;-1.7;0.37;1.3;2.5;20.62;110;21;59;38;96570;0.11;1.41;0.3;0.28
1981;1;8;8;-9.1;-12.5;-16.4;-12.9;-15;-18.7;-0.1;0.3;0.38;1.3;2.5;21.34;154;31;83;48;97781;0.12;0.04;0.3;0.28
1981;1;9;9;-6.6;-11.5;-18.4;-9.9;-14.7;-20.5;0.4;2.1;0.38;1.3;2.5;21.35;137;28;51;21;97226;0.25;1.18;0.29;0.28
1981;1;10;10;-2.3;-4.5;-7.2;-3.8;-6;-9.6;-0.3;1;0.38;1.3;2.5;23.37;64;13;16;6;95868;0.16;3.18;0.29;0.28
1981;1;11;11;-0.8;-2.3;-4.5;-3.7;-4;-5.7;-1.9;-1.7;0.38;1.2;2.5;25.36;85;17;35;18;96547;0.21;0.31;0.29;0.29
1981;1;12;12;-2.8;-4.5;-7.2;-4.3;-5.7;-8.1;0.6;1.7;0.38;1.2;2.5;25.54;64;14;38;17;95694;0.08;0.81;0.28;0.29
1981;1;13;13;-1.3;-3.6;-6;-4.3;-5.2;-7.2;1.9;-0.2;0.38;1.2;2.5;26.76;94;19;64;31;95229;0.07;1.1;0.28;0.29
1981;1;14;14;-0.8;-4.8;-7;-2.4;-7.1;-9.1;2.9;2.4;0.37;1.2;2.5;27.47;94;20;49;18;95114;0.25;5.34;0.28;0.29
1981;1;15;15;0.9;-1.2;-4.2;0.1;-3;-5.3;4.7;0.4;0.38;1.2;2.5;42.2;150;29;82;38;93149;0.31;14.54;0.28;0.29
1981;1;16;16;-2.6;-4.2;-5.4;-5.2;-5.9;-7.1;3.5;0.5;0.38;1.2;2.5;47.43;141;30;93;43;94661;0.1;2.51;0.28;0.29
1981;1;17;17;1.9;-0.4;-4.6;-0.2;-1.6;-6.2;2.3;2.1;0.38;1.2;2.5;53.42;117;23;51;22;94417;0.04;8.11;0.27;0.29
1981;1;18;18;0.8;-0.2;-1.4;-0.7;-0.9;-1.8;1.9;0.4;0.38;1.2;2.5;57.9;110;21;38;17;95302;0.15;4.45;0.27;0.29
1981;1;19;19;0.7;-1.2;-3.5;-0.1;-2.2;-4.4;2.8;1.3;0.38;1.2;2.5;63.03;62;13;39;21;95134;0.16;8.56;0.27;0.29
1981;1;20;20;-0.7;-2.1;-3.2;-2.5;-3.9;-4.9;2.9;-1.6;0.37;1.1;2.5;69.19;120;24;49;30;95136;0.38;2.04;0.27;0.29
1981;1;21;21;-1.6;-3.5;-5.7;-4.8;-5.5;-6.9;1;-1.5;0.37;1.1;2.5;70.17;133;28;43;31;96928;0.19;0.31;0.27;0.29
1981;1;22;22;-3.7;-7;-10.9;-6.3;-8.8;-12.2;-0.6;0.4;0.37;1.1;2.5;70.19;170;35;95;47;97395;0.05;0;0.27;0.29
1981;1;23;23;-4.6;-9.8;-17;-8.9;-12;-18.9;-0.7;0;0.37;1.1;2.5;70.18;164;35;66;45;97512;-0.02;0;0.27;0.29
1981;1;24;24;-4.3;-10.9;-18.2;-9.1;-13.5;-20.3;0;0.1;0.37;1.1;2.5;70.18;183;37;71;34;96933;0.02;0.01;0.26;0.29
1981;1;25;25;0;-4;-10.3;-0.7;-5.3;-12.2;2.5;0.8;0.37;1.1;2.5;71.28;63;14;17;4;96431;0;3.73;0.26;0.29
1981;1;26;26;-0.4;-2.8;-8.3;-1.3;-5;-10.1;2.2;-1.8;0.37;1.1;2.4;74.36;165;37;95;57;97128;0.29;0.83;0.26;0.29
1981;1;27;27;-4.1;-8.7;-16.2;-8.5;-10.9;-18.2;-0.1;0.2;0.37;1.1;2.4;74.53;202;42;86;52;98065;0.02;0;0.26;0.29
1981;1;28;28;-2.5;-7.7;-13.3;-5.4;-9.6;-14.7;-0.4;0.1;0.37;1.1;2.4;74.54;122;25;47;19;98210;0;0.05;0.26;0.29
1981;1;29;29;-1.6;-7.9;-13.4;-8;-10.8;-14.5;-0.9;-0.1;0.36;1.1;2.4;74.55;197;42;82;45;97938;0.07;0;0.26;0.29
1981;1;30;30;-2.8;-8.2;-15;-8.6;-11.9;-16.3;0.1;0.5;0.36;1.1;2.4;74.49;232;53;91;55;97791;0.08;0;0.26;0.29
1981;1;31;31;-0.4;-7.2;-14;-4.8;-10.2;-15.9;0.9;0.7;0.36;1.1;2.4;74.4;229;52;82;50;97905;0.06;0;0.25;0.29
1981;2;1;32;1.3;-5.5;-13;-3.3;-7.7;-14.3;1.3;0.9;0.36;1.1;2.4;74.35;242;53;98;59;97835;0;0;0.25;0.29
1981;2;2;33;2.7;-3.6;-9.8;-1.5;-5.8;-10.6;1.6;1.2;0.36;1.1;2.4;74.34;238;55;94;65;97667;-0.03;0;0.25;0.29
1981;2;3;34;5.1;0.1;-4.3;0.5;-2.9;-6.9;3.4;2.3;0.36;1.1;2.4;76.36;150;29;73;34;95624;0.26;13.57;0.25;0.29
1981;2;4;35;1.5;0.5;-1.2;1.1;0;-2;3;1.1;0.38;1.1;2.4;88.02;96;21;45;15;93826;0.06;9.58;0.26;0.29
1981;2;5;36;-0.5;-2;-4.2;-2.4;-3.8;-5.6;3.5;-0.5;0.37;1.1;2.4;90.54;205;43;78;47;94758;0.35;3.45;0.26;0.28
1981;2;6;37;2.3;-0.8;-4.5;2.2;-2;-5.8;2.5;1.1;0.37;1.1;2.4;93.57;114;23;57;13;95935;-0.05;5.32;0.26;0.28
1981;2;7;38;4.5;3.7;2.5;4.4;3.6;2.3;3.8;0.8;0.37;1.1;2.4;90.29;52;11;2;-1;96509;-0.62;2.44;0.26;0.28
1981;2;8;39;4.7;3.9;3.2;4.6;3.2;2.4;4.1;0.9;0.36;1.1;2.4;76.84;101;18;28;5;96566;-0.55;0.99;0.28;0.28
1981;2;9;40;4.7;1.9;-1.6;2.9;1;-2.4;0;1.2;0.35;1.1;2.4;66.63;145;34;69;29;96060;-0.25;0.1;0.29;0.28
1981;2;10;41;4.2;1.3;-1.1;1.9;-0.3;-3.7;4;1.5;0.35;1.1;2.4;62.16;125;23;76;27;95678;0.12;2.59;0.29;0.28
1981;2;11;42;0;-1.7;-3.8;-3.6;-5.6;-7;3.8;-0.6;0.35;1.1;2.4;61.48;228;55;93;58;96332;0.64;1.54;0.29;0.28
1981;2;12;43;-1.4;-5.3;-8.6;-7.1;-9.5;-10.5;1.3;-1.5;0.35;1.1;2.4;62.02;236;58;99;65;96034;0.28;0.32;0.29;0.28
1981;2;13;44;-1;-5;-8.8;-6.8;-8.5;-11.4;-0.4;-2.2;0.35;1.1;2.4;61.98;212;47;72;42;96447;0.27;0.14;0.29;0.29
1981;2;14;45;-1.4;-4.3;-7.7;-7.9;-8.8;-9.3;0.1;-1.1;0.35;1.1;2.4;61.84;195;47;59;42;96601;0.25;0.02;0.29;0.29
1981;2;15;46;-1.8;-3.8;-6.8;-6.9;-8.2;-9;0.9;-0.9;0.35;1.1;2.4;61.65;182;46;46;33;96427;0.25;0.06;0.28;0.29
1981;2;16;47;1.2;-2.5;-5.8;-5.1;-6.7;-9.2;-1.4;-0.9;0.35;1.1;2.4;61.43;262;61;85;49;96633;0.36;0;0.28;0.29
1981;2;17;48;1.2;-1.8;-4.6;-4.8;-5.9;-6.8;-2.4;-1.2;0.35;1.1;2.4;61.2;183;46;67;47;96672;0.43;0.32;0.28;0.29
1981;2;18;49;-2.2;-3;-4.3;-5;-6.9;-8.1;-2.3;-1.9;0.35;1.1;2.4;61.32;153;37;36;27;96102;0.54;1.71;0.28;0.29
1981;2;19;50;-2.9;-4.2;-6;-8.1;-8.6;-9.3;-1.9;-1.2;0.35;1.1;2.4;62.28;144;36;44;26;95800;0.48;0.38;0.28;0.29
1981;2;20;51;-1.9;-4.4;-6.3;-6.7;-8.8;-9.7;-0.7;-0.5;0.35;1.1;2.4;62.5;152;36;49;28;95797;0.24;0.95;0.27;0.29
1981;2;21;52;-0.1;-3;-6.6;-6.3;-8.5;-10.2;-0.6;0.3;0.35;1.1;2.4;63.21;174;45;69;40;96067;0.26;0.71;0.27;0.29
1981;2;22;53;0.7;-3.3;-6.5;-5;-7.7;-9.2;-0.9;-0.1;0.36;1.1;2.4;63.91;180;49;87;41;95895;0.25;1.08;0.27;0.29
1981;2;23;54;0.7;-3.4;-9.5;-3.8;-6.3;-10.5;-1.5;-0.9;0.36;1.1;2.5;64.23;268;60;70;34;95811;0.24;1;0.27;0.29
1981;2;24;55;1.4;-1.4;-3.5;-1;-2.9;-4.6;0;-0.5;0.36;1.2;2.5;66.57;164;34;36;21;96148;0.06;2.94;0.27;0.29
1981;2;25;56;2.3;-0.6;-4.1;-1;-2.6;-4.8;-2.4;-0.8;0.36;1.2;2.5;67.58;202;51;91;41;96824;0.19;0.02;0.27;0.29
1981;2;26;57;3.7;-1.1;-5.5;-3.6;-5.5;-8.3;-2.9;-0.8;0.35;1.2;2.5;66.85;347;92;120;96;96841;0.62;0;0.27;0.29
1981;2;27;58;2.9;-1.6;-5;-5.7;-8.1;-10.3;-3.6;0.2;0.35;1.2;2.5;65.92;352;94;122;98;96435;0.84;0;0.26;0.29
1981;2;28;59;2.7;-1.4;-4.3;-6.2;-7.8;-9.6;-3.8;1.2;0.35;1.2;2.5;65.01;344;88;109;84;95807;0.91;0;0.26;0.29
1981;3;1;60;2.4;-0.4;-2.2;0.8;-2.9;-7.2;-0.5;1.9;0.35;1.2;2.5;65.73;125;29;61;21;95701;0.1;2.71;0.26;0.29
1981;3;2;61;6.9;1.6;-3.1;1.4;-0.6;-3.8;-0.6;2.2;0.35;1.2;2.5;64.01;302;72;84;54;95400;-0.12;0.16;0.26;0.29
1981;3;3;62;5.3;1.9;-0.3;0.9;-0.2;-1.3;0.1;1;0.35;1.2;2.5;59.79;169;44;68;34;94659;-0.03;2.13;0.27;0.29
1981;3;4;63;1.8;-0.3;-2.6;-1.5;-3;-4.8;0.5;-2.2;0.35;1.2;2.5;58.12;208;53;41;30;95182;0.39;0.92;0.27;0.29
1981;3;5;64;2.2;-0.9;-4.8;-1;-4;-6.6;2;0.5;0.35;1.2;2.5;57.89;187;47;42;28;95725;0.32;0.63;0.27;0.29
1981;3;6;65;5.7;1.7;-2.3;2.8;-1;-3.7;0.5;1.7;0.34;1.3;2.5;56.58;254;63;58;33;95767;0.06;1.99;0.27;0.28
1981;3;7;66;9.6;6.5;3.9;4.8;4.2;3.3;2.2;2.2;0.33;1.3;2.5;44.5;137;32;43;9;96156;-0.65;0.38;0.28;0.28
1981;3;8;67;12.1;8.6;5.4;8.2;5.8;3.5;2.3;2.7;0.27;1.3;2.5;24.48;289;58;53;19;95902;-0.36;3.88;0.3;0.28
1981;3;9;68;10.1;9.4;8.6;8.9;7.7;6.7;4.3;1.9;0.18;1.3;2.5;8.07;110;29;22;7;96063;0.21;4.61;0.32;0.29
1981;3;10;69;10.6;9.9;9.2;10.4;9.7;8.4;3.4;1;0.13;1.3;2.5;2.5;42;11;5;0;95958;-0.28;12.98;0.33;0.29
1981;3;11;70;13.9;11.9;10.4;10.5;9.8;9.1;5.1;1.8;0.12;1.3;2.5;0.79;142;36;42;18;95012;1.44;7.11;0.33;0.29
1981;3;12;71;11.5;8.8;5;8.6;5.2;3.5;4.2;-0.2;0.12;1.3;2.5;0.14;304;80;78;42;94593;1.1;0.83;0.32;0.3
1981;3;13;72;8.9;6.3;3.6;6.8;4.3;2.2;2.4;0.3;0.12;1.3;2.5;0.06;331;79;82;40;94593;0.94;1.87;0.32;0.3
1981;3;14;73;8.9;5.7;2.5;4.4;1.6;-1.8;3.4;1.7;0.12;1.3;2.5;0.03;380;108;101;54;94863;1.43;2.82;0.31;0.3
1981;3;15;74;8.9;4.1;-1.1;1.1;-0.9;-2.3;1.7;0.7;0.12;1.4;2.5;0.02;441;128;95;79;95328;1.04;0.25;0.31;0.3
1981;3;16;75;8.5;3.9;0.4;2.3;-0.4;-2.6;0.6;0.2;0.12;1.4;2.5;0;416;120;98;60;95369;0.92;0.99;0.3;0.3
1981;3;17;76;6.6;3;0.5;1.3;-0.2;-2.3;1.2;0.3;0.12;1.4;2.5;0.07;292;84;63;32;95242;0.84;3.53;0.3;0.3
1981;3;18;77;2.6;0.5;-2.8;0.1;-1.3;-5.7;1.7;-1.5;0.26;1.4;2.5;8.87;178;41;84;30;95192;0.5;11.55;0.29;0.3
1981;3;19;78;4.3;0.2;-5.6;-0.4;-3.1;-8.1;2.8;1.2;0.29;1.4;2.5;10.67;226;65;72;40;95340;0.65;0.02;0.29;0.3
1981;3;20;79;9.6;2.9;-2.5;0.3;-1.5;-3.5;1.4;1.6;0.24;1.4;2.5;7.91;433;121;110;66;95256;0.83;0;0.29;0.3
1981;3;21;80;13.4;6.2;-1.3;2.9;0;-3.6;1;1.9;0.19;1.5;2.5;4.58;526;145;115;75;95432;1.1;0;0.29;0.3
1981;3;22;81;16.1;9;1;4;1.2;-1.3;0.9;2.6;0.16;1.5;2.5;2.11;562;164;130;84;94926;1.58;0.06;0.29;0.3
1981;3;23;82;12.5;8.8;5.5;7.1;4.1;2.1;2.1;1.9;0.13;1.5;2.5;0.56;293;89;59;35;95301;1.29;7.95;0.29;0.3
1981;3;24;83;11.8;9.9;8.3;8.7;5.8;3.4;5.1;0.9;0.13;1.5;2.5;0.08;338;95;73;35;95176;1.81;6.5;0.3;0.3
1981;3;25;84;13.8;10.6;8;11.8;9.7;6.1;1.7;1.2;0.13;1.5;2.5;0;126;32;56;17;95702;0.42;3.39;0.3;0.3
1981;3;26;85;13;10.5;7;11;8.2;5.2;2.4;1.4;0.13;1.5;2.5;0;262;72;75;39;95419;1.32;3.52;0.29;0.3
1981;3;27;86;11.1;6.6;2.7;3.4;0.8;-0.2;1.4;-0.4;0.13;1.5;2.5;0;396;141;128;79;96075;1.36;0;0.29;0.3
1981;3;28;87;13.7;7.8;2.1;2;0.7;-1.4;-3.4;0.3;0.13;1.6;2.5;0;565;174;125;88;95637;1.72;0;0.29;0.3
1981;3;29;88;16.8;10.6;4.7;7.7;4.7;1.4;-3.2;0.7;0.13;1.6;2.5;0;538;152;104;77;95180;1.66;0;0.28;0.3
1981;3;30;89;18.2;12;6.3;10.4;7.3;4.4;-1.3;0.8;0.13;1.6;2.5;0;564;160;113;74;95413;1.66;0;0.28;0.3
1981;3;31;90;17.9;12.6;7.2;11.4;8.9;6.5;-2.6;-0.2;0.13;1.6;2.5;0;386;123;92;61;95560;1.26;0.02;0.28;0.3
1981;4;1;91;21.1;14.7;8.5;11.4;9;6.4;-2.4;0.4;0.13;1.6;2.5;0;607;186;124;88;95503;2.15;0;0.27;0.3
1981;4;2;92;19.8;13.7;8.7;10.2;7.8;3.1;-2.9;-0.4;0.13;1.6;2.5;0;608;191;122;89;95820;2.18;0;0.27;0.3
1981;4;3;93;16.3;10.4;5.1;4.5;1.9;-0.9;-2.4;0.2;0.13;1.7;2.5;0;637;200;141;101;96267;2.22;0;0.26;0.3
1981;4;4;94;13.4;8.7;3.9;7;4.4;1.6;0.2;-0.5;0.13;1.7;2.5;0;418;110;81;47;96181;1.36;1.29;0.26;0.3
1981;4;5;95;7.3;5.6;4.3;3.5;1.8;1;0.3;-1.2;0.13;1.7;2.5;0;242;76;67;37;96096;1.05;1.42;0.26;0.3
1981;4;6;96;12.9;7.8;3;3.8;2.5;1.3;-1.4;0.2;0.13;1.7;2.5;0;494;128;91;56;96292;1.56;0.24;0.25;0.3
1981;4;7;97;17.2;11.2;3.1;9.5;5.5;1.9;-0.7;0.5;0.13;1.7;2.5;0;625;164;120;70;96521;1.68;0.01;0.25;0.3
1981;4;8;98;17.6;11.6;4.6;9.1;7.4;3.7;0.2;-0.3;0.13;1.7;2.5;0;512;150;94;60;96554;1.64;1.56;0.25;0.3
1981;4;9;99;15.3;10.7;7.3;8.4;5.3;2.4;-1.2;-1.7;0.14;1.7;2.5;0;567;170;117;73;96795;1.93;0;0.25;0.3
1981;4;10;100;16.9;10.9;3.3;4.6;2.8;1.1;-1.8;0.4;0.14;1.8;2.5;0;650;211;138;99;96696;2.31;0;0.24;0.3
1981;4;11;101;17.2;11.9;6.9;4.9;3.3;-0.6;-2.9;0.7;0.14;1.8;2.5;0;649;212;129;100;96200;2.39;0;0.24;0.3
1981;4;12;102;19.5;12.3;3.7;8.8;3.5;-0.5;-1.1;0.6;0.14;1.8;2.5;0;665;219;143;101;96236;2.41;0;0.23;0.3
1981;4;13;103;20.4;14.2;9.4;12.4;8.5;4.3;-0.6;-1.3;0.14;1.8;2.5;0;627;180;112;66;96533;2.04;1.55;0.23;0.3
1981;4;14;104;16.5;12;6.9;10;2.3;-1.7;-2.5;-1.4;0.14;1.8;2.5;0;673;217;145;93;96795;2.62;0;0.23;0.3
1981;4;15;105;17.4;10.7;3.6;2.4;-0.5;-2.6;-1.2;-1.1;0.14;1.8;2.5;0;686;234;152;114;96472;2.56;0;0.22;0.3
1981;4;16;106;9.5;6.2;1.6;2.8;-0.7;-4;-1.8;-2.8;0.14;1.9;2.5;0;591;192;108;86;96242;1.65;0;0.22;0.3
1981;4;17;107;4.3;1.9;-1;-3.2;-5.3;-7.8;-2.7;-2.3;0.14;1.9;2.5;0;420;139;108;70;96351;1.16;0.04;0.22;0.29
1981;4;18;108;4.3;1;-1.7;-4.7;-6.6;-8.4;-1.9;-2.1;0.14;1.9;2.5;0.15;401;145;100;70;96283;1.16;0.27;0.22;0.29
1981;4;19;109;5.1;1.3;-2.4;-1.1;-3.6;-6.2;0.5;1.2;0.15;1.9;2.5;0.82;436;133;92;57;95778;0.98;1.78;0.21;0.29
1981;4;20;110;8.3;3.5;-1.6;-3.1;-4.3;-5.5;-2;-0.9;0.15;1.9;2.5;0.95;505;183;99;78;96263;1.64;0.36;0.21;0.29
1981;4;21;111;10;4.2;-2.2;-1.1;-3;-4.3;2;-1.1;0.15;2;2.5;0.6;680;224;135;93;96319;1.72;0;0.21;0.29
1981;4;22;112;6;3.3;0.4;-0.8;-2.7;-4.5;2.6;-1.1;0.15;2;2.5;0.4;344;110;53;38;95974;0.98;0.12;0.21;0.29
1981;4;23;113;6.1;2.7;-2.2;-0.1;-1.7;-3.6;0.8;-1.1;0.15;2;2.5;0.46;398;144;86;59;95500;1.43;2.12;0.21;0.29
1981;4;24;114;7.7;2.5;-3.7;-3.7;-5.2;-6.6;-2.4;-0.9;0.15;2;2.5;0.51;647;218;122;82;95522;1.79;0;0.21;0.29
1981;4;25;115;12.9;7.2;1.6;1.7;-1.4;-6.1;-1.9;0.5;0.15;2;2.5;0.31;663;181;117;67;95266;1.74;0;0.2;0.29
1981;4;26;116;16.4;10.5;3;4.2;2.9;1.5;-3.4;0.1;0.15;2.1;2.5;0.11;682;233;131;90;94867;2.28;0.03;0.2;0.29
1981;4;27;117;8.7;4.3;0.9;5.7;2.8;0.2;1.7;1.3;0.15;2.1;2.5;0.27;155;47;61;21;94712;1.41;8.53;0.2;0.29
1981;4;28;118;6.3;3;0.6;0.2;-1.7;-3.7;3.1;-1.2;0.24;2.1;2.5;6.95;453;134;98;46;95593;1.72;7.39;0.2;0.29
1981;4;29;119;7.9;4.2;0.7;3.7;1.1;-1.7;3.5;0.7;0.22;2.1;2.5;5.56;432;119;62;29;95873;1.4;3.4;0.21;0.29
1981;4;30;120;7.8;6.5;4.3;7.7;5.9;3.9;4.4;1.1;0.17;2.1;2.5;2.09;98;26;9;3;95255;0.59;15.89;0.21;0.29
1981;5;1;121;7.1;5.8;2.1;6.1;4.1;0;2.8;-0.9;0.15;2.2;2.5;0.5;248;61;80;30;94763;1.28;7.23;0.23;0.29
1981;5;2;122;7.6;3.8;-0.8;-0.3;-2.8;-4.7;2.3;-1;0.15;2.2;2.5;0.26;521;184;95;73;95203;1.87;0;0.23;0.29
1981;5;3;123;7.9;4.2;-1.1;0.3;-1.6;-3.1;0.3;-0.7;0.15;2.2;2.5;0.17;461;166;83;63;95172;1.76;0.88;0.23;0.29
1981;5;4;124;8.3;5.1;1.4;3.5;1.9;-0.8;0.5;2.1;0.15;2.2;2.5;0.08;430;137;73;49;94189;1.45;1.5;0.23;0.29
1981;5;5;125;9;5.7;3.2;5.9;3.1;1.8;3.2;-0.3;0.15;2.2;2.5;0.02;501;160;81;47;94586;2.15;3.14;0.23;0.28
1981;5;6;126;11.1;7;2.7;7.5;3.2;-0.7;2.5;0.7;0.15;2.2;2.5;0;550;156;102;42;95940;1.63;0.41;0.23;0.28
1981;5;7;127;16;11.4;6.9;8;6.6;5;-1.7;0.5;0.15;2.3;2.5;0;419;148;104;49;96122;2;0.02;0.22;0.28
1981;5;8;128;18.8;13.2;7.2;8.7;5.9;3.3;-2.6;0.1;0.15;2.3;2.5;0;630;207;111;86;95571;2.71;0;0.22;0.28
1981;5;9;129;20.6;15.2;7.8;10.2;8.1;5.4;-2.7;0.3;0.15;2.3;2.5;0;692;220;116;83;95408;2.94;0.2;0.22;0.28
1981;5;10;130;23.5;17.5;11.1;10.1;8.8;7.6;-3.9;0.7;0.15;2.3;2.5;0;705;251;123;99;94983;3.64;0;0.22;0.28
1981;5;11;131;23;16.8;12;12.5;9.5;7.2;-3.1;1;0.15;2.3;2.5;0;701;228;115;86;94524;3.36;1.94;0.21;0.28
1981;5;12;132;20.9;14.9;10.5;12.9;10.9;9.2;-1.2;-0.3;0.15;2.4;2.5;0;597;186;97;58;94972;2.7;5.96;0.21;0.28
1981;5;13;133;20.5;14.5;8.9;12.3;10.6;8.2;-0.9;0.4;0.15;2.4;2.5;0;661;196;112;64;95123;2.88;8.17;0.21;0.28
1981;5;14;134;18.9;13.7;8.9;12.5;11;8.8;-0.3;0.4;0.15;2.4;2.5;0;607;184;104;52;95663;2.8;7.82;0.22;0.28
1981;5;15;135;17.7;13.2;9;12.7;10.9;8.9;0;-0.1;0.15;2.4;2.5;0;498;149;87;47;95961;2.31;3.48;0.22;0.28
1981;5;16;136;19;13.7;6.9;13.5;10.8;6.9;-0.2;0.2;0.15;2.4;2.5;0;605;207;100;62;95686;3;2.75;0.22;0.28
1981;5;17;137;12.4;10.2;6.5;11.1;8.3;4.9;1.9;-0.1;0.16;2.4;2.5;0;343;83;90;38;95878;1.67;9.92;0.23;0.28
1981;5;18;138;17;11.7;4.4;8.5;5.3;3.5;0.2;0.6;0.16;2.5;2.5;0;621;201;107;79;96450;2.68;0.24;0.23;0.28
1981;5;19;139;21.1;15.4;6.6;13.5;7.8;4.1;-0.1;0.5;0.16;2.5;2.5;0;695;218;118;71;96604;3.15;0.02;0.23;0.28
1981;5;20;140;23.1;17.9;10.1;12.5;10.3;7.9;-1.5;-0.3;0.16;2.5;2.5;0;643;235;114;84;96547;3.57;0.08;0.22;0.28
1981;5;21;141;23.4;18.6;12.8;12.9;11.3;9.1;-2.6;0.4;0.16;2.5;2.5;0;615;206;99;82;96242;3.34;0;0.22;0.28
1981;5;22;142;16.7;14.6;11.8;13.4;10.9;8;1.7;-0.7;0.16;2.5;2.5;0;363;109;78;47;96142;2.14;8.58;0.22;0.28
1981;5;23;143;17.7;14;10.8;10.8;9;6;1.1;-0.4;0.16;2.5;2.5;0;558;170;92;50;96272;2.84;4.8;0.23;0.28
1981;5;24;144;14.4;12.4;8.7;11.5;8.9;7;0.8;1.8;0.16;2.5;2.5;0;240;100;90;47;95817;2.09;3.36;0.23;0.28
1981;5;25;145;16.6;11.6;8;11.5;9.2;7.2;-0.3;0;0.16;2.6;2.5;0;534;114;73;35;95451;1.85;6.66;0.23;0.28
1981;5;26;146;13.1;11;9;10;9.2;8.1;0.1;-1.8;0.16;2.6;2.5;0;219;59;25;17;95144;1.54;10.91;0.23;0.28
1981;5;27;147;11.2;10.1;7.3;10.6;8.6;6.5;2.1;0.7;0.16;2.6;2.5;0;258;79;75;29;95027;1.86;14.16;0.25;0.28
1981;5;28;148;15.7;11.3;6.1;9.5;6.8;5.4;1.2;1.4;0.16;2.6;2.5;0;594;206;116;70;96008;2.9;0.81;0.25;0.28
1981;5;29;149;15.4;12.5;9.7;12.5;10;7.1;1.7;1.6;0.16;2.6;2.5;0;314;103;67;31;96073;1.97;5.12;0.25;0.27
1981;5;30;150;19.2;14.7;9.7;13.7;11.2;9.6;0.5;-0.1;0.16;2.6;2.5;0;502;179;101;56;96200;2.7;0.92;0.25;0.27
1981;5;31;151;23.9;17.9;9.6;13.7;11.4;8.8;-1.5;0.2;0.16;2.6;2.5;0;676;246;115;79;96226;3.88;0;0.25;0.27
1981;6;1;152;25.3;20;13.1;16.7;14.6;11.7;-0.9;-0.3;0.16;2.6;2.5;0;623;233;106;77;96262;3.68;0.28;0.24;0.27
1981;6;2;153;28;21.5;12.5;18.5;14.4;11.9;-0.7;-0.2;0.16;2.7;2.5;0;654;229;110;76;96044;3.82;0;0.24;0.27
1981;6;3;154;28.2;22;16.2;17.6;15.6;13.7;-1.6;-0.1;0.16;2.7;2.5;0;630;212;97;68;95553;3.87;1.46;0.23;0.27
1981;6;4;155;18.9;15.7;12.2;15.4;11.7;7.9;3;1.3;0.16;2.7;2.5;0;527;152;67;37;95581;2.74;2.93;0.23;0.27
1981;6;5;156;18;14.3;11.5;9.9;9.3;8.1;1.7;0.1;0.16;2.7;2.5;0;375;135;101;43;96326;2.45;0.59;0.23;0.27
1981;6;6;157;21;16.4;9.6;14;10.9;8.2;1;0.5;0.16;2.7;2.5;0;621;181;99;59;96167;2.78;0.57;0.23;0.27
1981;6;7;158;21.3;17.3;11.8;15.5;13.5;11.5;1;-0.3;0.16;2.7;2.5;0;558;205;91;59;96027;3.23;2.9;0.23;0.27
1981;6;8;159;20.4;17.3;14.6;16.7;14.5;11.1;0.6;2;0.16;2.7;2.5;0;461;118;51;36;95794;2.41;6.94;0.23;0.27
1981;6;9;160;22.9;18.2;15.4;16.7;15.6;14.6;2;1.6;0.16;2.8;2.5;0;495;154;65;38;95722;2.93;8.43;0.23;0.27
1981;6;10;161;18.1;15.4;13.1;14.3;11.4;9.7;2.7;0.1;0.16;2.8;2.6;0;480;166;84;50;96401;3.09;1.15;0.24;0.27
1981;6;11;162;22.4;17.6;12.2;14.9;10.9;9.6;0.8;0.8;0.16;2.8;2.6;0;654;249;117;82;96588;3.83;0;0.23;0.27
1981;6;12;163;21.8;16.6;12.2;14.6;12.3;8.9;2.5;-0.5;0.16;2.8;2.6;0;504;164;79;54;96477;2.74;1.04;0.23;0.27
1981;6;13;164;17;12.6;8;8.1;4.8;1.6;0.8;-1.6;0.16;2.8;2.6;0;740;274;140;96;97111;3.8;0;0.23;0.27
1981;6;14;165;22.5;17;9.1;14.9;10;6.6;2.9;-0.1;0.16;2.8;2.6;0;703;252;109;67;96641;3.9;0.01;0.22;0.27
1981;6;15;166;24.4;20.3;16.4;15.5;14.8;14.2;3.2;-0.3;0.16;2.8;2.6;0;445;177;89;52;96137;3.13;0.11;0.22;0.27
1981;6;16;167;17.8;15.6;11.5;15.1;9.3;5.2;3.4;-1.2;0.16;2.8;2.6;0;434;157;78;52;95755;2.69;0.35;0.22;0.27
1981;6;17;168;13.7;10.7;7.4;6.6;4.7;2;3.2;-0.1;0.16;2.8;2.6;0;501;187;89;66;95827;2.76;2.02;0.21;0.27
1981;6;18;169;11.9;9;6.7;8.4;7.1;5.7;2.5;-1.3;0.16;2.8;2.6;0;446;110;66;30;95983;1.95;4.48;0.21;0.27
1981;6;19;170;11.2;8.9;7.2;6.5;4;2.6;2.6;-1.5;0.16;2.8;2.6;0;260;96;38;25;96236;1.79;0.17;0.21;0.27
1981;6;20;171;14.1;10.4;7.4;8.2;4.9;2.8;1.8;0.7;0.16;2.8;2.6;0;392;138;64;41;96248;2.1;1.29;0.21;0.27
1981;6;21;172;12.9;9.8;6.6;8.2;7.2;5.2;0.7;-1.5;0.16;2.8;2.6;0;349;106;81;37;96135;2.39;11.1;0.22;0.27
1981;6;22;173;14.6;10.7;3.9;9.6;6.4;3.3;-1.1;-2.1;0.16;2.8;2.6;0;406;143;70;56;96416;2.1;0.11;0.22;0.27
1981;6;23;174;18.3;13.8;10.1;13.2;10.6;8.9;-1.5;-2.6;0.16;2.8;2.5;0;446;145;82;47;96266;2.21;1.51;0.22;0.27
1981;6;24;175;18.2;13.8;8.9;10.4;8.8;7.4;-0.3;-2.1;0.16;2.8;2.5;0;529;201;91;69;95788;2.89;0.14;0.22;0.27
1981;6;25;176;18;13.8;9.2;11;9.6;8.5;0.1;-1.1;0.16;2.8;2.5;0;589;174;110;60;95732;2.38;0.37;0.21;0.27
1981;6;26;177;21.6;15.7;9.5;14.8;11.2;8.1;-1.1;0;0.15;2.7;2.5;0;603;208;95;68;95470;2.9;8.11;0.21;0.27
1981;6;27;178;22.4;17.2;11.2;12.9;11.2;9.1;0.8;-0.1;0.15;2.7;2.5;0;599;224;115;67;95823;3.7;0.03;0.22;0.27
1981;6;28;179;26.8;21;13.7;14.7;12.9;10;-3.1;0.5;0.15;2.7;2.5;0;671;244;107;76;95553;4.17;0;0.21;0.27
1981;6;29;180;19.2;14.8;9.6;15.7;9.5;5.3;3.9;2;0.15;2.7;2.5;0;426;137;61;39;95707;2.31;0.48;0.21;0.27
1981;6;30;181;12.8;10.7;8.6;6.2;4.7;3.4;4.5;0.8;0.15;2.7;2.5;0;305;102;39;28;96203;1.97;0.68;0.21;0.26
1981;7;1;182;18.1;14.1;10.4;10.4;7.9;5.1;2.9;0.9;0.15;2.7;2.5;0;396;126;89;40;95994;2.13;0.32;0.21;0.26
1981;7;2;183;24.7;18.4;10.1;14.3;10.9;8.2;-0.3;1.1;0.15;2.7;2.5;0;653;248;111;79;95657;3.62;0.02;0.2;0.26
1981;7;3;184;22.5;18.2;12.6;14.1;12.3;10.2;2.6;0.3;0.15;2.7;2.5;0;617;178;81;49;95239;3.13;2.43;0.2;0.26
1981;7;4;185;17.2;14.1;10.6;11;9.6;7.6;3.2;-0.2;0.15;2.7;2.5;0;543;179;76;57;96351;3.02;1.57;0.2;0.26
1981;7;5;186;20.2;16.2;10.8;13.4;9.9;8.6;0.3;0.3;0.15;2.7;2.5;0;507;172;95;62;96623;2.4;0.26;0.2;0.26
1981;7;6;187;23;18.3;12.6;14.5;12.1;10;0.6;-0.2;0.15;2.7;2.5;0;574;203;98;63;96585;2.95;0.81;0.2;0.26
1981;7;7;188;23.6;18.4;12.5;15.7;14.2;12.2;0;-1;0.15;2.7;2.5;0;578;201;90;62;96636;3.04;2.27;0.19;0.26
1981;7;8;189;24.6;20;13;15.1;13.4;12.4;-1.9;-0.4;0.15;2.6;2.5;0;552;212;91;70;96356;3.37;0.43;0.19;0.26
1981;7;9;190;26.2;21.3;15.4;15.2;12.9;11.6;-2.1;0;0.15;2.6;2.5;0;595;217;105;78;96015;3.44;0.03;0.19;0.26
1981;7;10;191;26.6;21.6;14.7;14.3;12.3;11.2;-1.8;-0.1;0.15;2.6;2.5;0;628;217;104;76;95880;3.4;0.01;0.19;0.26
1981;7;11;192;26.5;21.8;15.8;15.7;13.4;11.3;-0.4;-0.2;0.15;2.6;2.5;0;567;206;104;72;95928;3.2;0.44;0.18;0.26
1981;7;12;193;22.9;19.5;16.3;17.3;14.8;11.2;2.1;-1.1;0.15;2.6;2.5;0;473;157;87;48;96126;2.66;2.05;0.18;0.26
1981;7;13;194;20.7;17.1;14.9;15.3;13.8;12.2;1.5;0.4;0.15;2.6;2.5;0;438;127;61;38;96173;2.15;9.12;0.18;0.26
1981;7;14;195;20.3;16.7;13.3;14.3;12.8;11.2;2.5;0.1;0.15;2.6;2.5;0;521;182;86;54;96279;2.94;1.11;0.19;0.26
1981;7;15;196;18.2;15.3;12.5;12.1;10.2;8;2.5;-0.4;0.15;2.6;2.5;0;525;157;85;50;96328;2.73;2.16;0.19;0.26
1981;7;16;197;19.9;16;12.4;12.9;11.2;9.4;1.4;1.3;0.15;2.6;2.5;0;468;139;71;42;96076;2.51;2.57;0.19;0.26
1981;7;17;198;18.3;15.8;13;13.4;12.4;11.7;2;0.9;0.15;2.6;2.5;0;356;111;63;43;95648;1.98;3.35;0.19;0.26
1981;7;18;199;13.4;12.1;10;12.6;11.5;9.2;-0.1;-2.3;0.15;2.6;2.5;0;95;27;42;15;95386;1.11;32.73;0.2;0.26
1981;7;19;200;12.3;10.5;9.4;9.6;9;8.3;1.5;-3.6;0.15;2.5;2.5;0;145;38;21;12;95589;2.21;25.16;0.23;0.26
1981;7;20;201;13.4;11.4;9.5;11;9.4;7.7;3;-1.5;0.15;2.5;2.5;0;260;69;40;23;95834;1.92;5.14;0.24;0.26
1981;7;21;202;15;13;10.5;13.2;11.8;10.1;3.1;0.2;0.15;2.5;2.5;0;291;71;39;19;95802;1.59;5.12;0.25;0.26
1981;7;22;203;20;15.6;12.6;14.7;13.1;11.9;1.7;1.3;0.15;2.5;2.5;0;511;142;80;38;95579;2.53;5.74;0.25;0.26
1981;7;23;204;24.3;17;11.7;15.8;13.5;11;0.5;0.7;0.15;2.5;2.5;0;659;189;104;55;95396;3.3;16.02;0.25;0.26
1981;7;24;205;16.2;13.8;11.1;12.6;11.5;10.4;1.1;1.2;0.15;2.5;2.5;0;296;93;54;35;95902;2.11;18.25;0.26;0.26
1981;7;25;206;16.3;12.6;10.5;12.3;10.4;8.5;2.8;0.9;0.15;2.5;2.5;0;487;161;83;43;96070;3.21;6.99;0.28;0.26
1981;7;26;207;14.6;11.6;9.9;10.8;9.2;8.3;3.1;0.4;0.15;2.5;2.5;0;390;88;69;29;96533;1.81;3.27;0.28;0.26
1981;7;27;208;16.2;12.6;10;12.7;9.7;7.4;3.4;-0.4;0.15;2.5;2.5;0;414;77;74;24;96207;1.95;9.1;0.29;0.26
1981;7;28;209;15.6;13;11.4;10.8;8.9;8;2.3;-1.6;0.15;2.5;2.5;0;221;73;40;21;96394;1.55;2.62;0.29;0.26
1981;7;29;210;20;16.3;12.2;13.8;12.7;11.5;1.8;-1.2;0.15;2.5;2.5;0;482;130;62;31;96295;2.56;1.42;0.29;0.26
1981;7;30;211;20.5;16.7;12.3;15.3;12.9;9.2;1.4;-1.1;0.15;2.4;2.5;0;543;178;99;63;96301;2.63;0.61;0.28;0.26
1981;7;31;212;23.2;16.8;8.2;13.2;10.2;7.3;-0.7;0.3;0.15;2.4;2.5;0;707;239;131;89;96129;3.53;0;0.28;0.26
1981;8;1;213;23.8;19.7;15.3;18.4;15.8;10.8;1.2;0.9;0.15;2.4;2.5;0;476;169;73;47;95867;3.22;4.74;0.28;0.26
1981;8;2;214;27.8;20.8;13.4;18.2;16.5;13.2;-1;-0.8;0.15;2.4;2.5;0;603;200;94;56;96368;3.53;10.99;0.28;0.26
1981;8;3;215;25.2;20.2;15.8;17.3;16.4;15.2;-0.1;-1.1;0.15;2.4;2.5;0;601;193;101;54;97058;3.35;2.17;0.28;0.26
1981;8;4;216;24.1;20.6;16.4;17.9;16.9;15.8;-2.1;-0.1;0.15;2.4;2.5;0;520;183;83;53;97173;3.13;1.42;0.28;0.26
1981;8;5;217;25.6;21;16.2;16.6;14.9;13.3;-2.3;-0.2;0.15;2.4;2.5;0;654;232;109;85;96656;3.89;0;0.27;0.26
1981;8;6;218;26.8;21.5;15.2;16.9;14.7;12.5;-2.2;-0.1;0.15;2.4;2.5;0;663;229;106;78;96091;3.95;0;0.27;0.26
1981;8;7;219;25.9;20.9;16.3;18.9;16.2;12.8;-0.5;0.7;0.15;2.4;2.5;0;636;208;97;70;95969;3.34;6.74;0.27;0.26
1981;8;8;220;24.7;20.1;15.1;18.5;16.6;15;1;-0.2;0.15;2.4;2.5;0;615;179;90;56;96000;3.11;0.66;0.27;0.26
1981;8;9;221;21.5;17.9;14.8;18.5;16.7;14.8;0.1;-0.7;0.15;2.3;2.5;0;330;89;52;32;95861;1.79;19.89;0.27;0.26
1981;8;10;222;17.3;15.6;13.4;16.8;15.2;12.9;1.6;0.9;0.15;2.3;2.5;0;186;40;19;9;95749;1.1;11.8;0.29;0.26
1981;8;11;223;20.2;16.2;13.3;14.2;12.8;11.8;1.1;0.3;0.15;2.3;2.5;0;378;100;47;24;95913;2.09;0.84;0.29;0.26
1981;8;12;224;20.8;17.3;14.8;14.6;13.4;11.6;-1.1;-1.7;0.15;2.3;2.5;0;390;106;76;40;96219;1.95;0.51;0.29;0.26
1981;8;13;225;22.4;17.9;12.9;13.9;12.5;11.5;-1.5;-0.6;0.15;2.3;2.5;0;493;158;84;57;96359;2.64;0.29;0.28;0.26
1981;8;14;226;24;19.6;13.2;15.9;13.6;11.8;-0.4;-0.5;0.15;2.3;2.5;0;585;168;100;56;96374;2.72;0;0.28;0.26
1981;8;15;227;25.4;20.8;14.2;17.9;15;13.3;0.3;-0.6;0.14;2.3;2.5;0;572;174;98;62;96262;2.82;0;0.28;0.26
1981;8;16;228;23.8;18.9;14.1;18;15;10.5;1.3;-0.2;0.14;2.3;2.5;0;508;170;78;57;95842;3.14;6.41;0.27;0.27
1981;8;17;229;15.3;12.8;9.5;10.1;6.7;5;1.9;-1.8;0.14;2.3;2.5;0;407;129;82;58;96487;2.25;0.12;0.27;0.27
1981;8;18;230;16.7;13.1;7.6;8.6;7.3;5.9;0.5;-0.1;0.14;2.3;2.5;0;422;153;111;72;96664;2.09;0.32;0.27;0.27
1981;8;19;231;19.6;14.7;8.7;10.2;8.5;6.7;1.6;1;0.14;2.3;2.5;0;596;180;103;67;96026;2.63;0;0.27;0.27
1981;8;20;232;16.1;13.7;11.3;12.7;10.8;8.2;3;2.1;0.14;2.3;2.5;0;256;55;39;22;95144;2.29;12.12;0.27;0.27
1981;8;21;233;15.2;12.3;9.7;11;8.8;6.1;3;-0.2;0.14;2.3;2.5;0;543;146;93;50;95538;2.38;1.18;0.27;0.27
1981;8;22;234;16.1;12.4;9.2;10.8;8.6;6.9;2.9;1;0.14;2.2;2.5;0;331;95;70;38;95973;1.87;3.12;0.27;0.27
1981;8;23;235;14.9;11.6;8.4;10;8.5;6.8;3.2;-1.2;0.14;2.2;2.5;0;478;148;89;50;96098;2.6;2.94;0.27;0.27
1981;8;24;236;16;12.4;9.8;11.2;9.2;7.9;1.9;-2.3;0.14;2.2;2.5;0;497;139;93;54;96698;2.25;1.61;0.27;0.27
1981;8;25;237;16.9;12.6;6.9;10.6;8.1;5.9;1.5;-1.2;0.14;2.2;2.5;0;457;140;83;61;97035;2.01;0.47;0.27;0.27
1981;8;26;238;16.8;13.1;9.4;12.1;10.5;8.1;2.7;-0.6;0.14;2.2;2.5;0;393;90;56;36;96894;1.45;1.3;0.27;0.27
1981;8;27;239;14.4;13.1;11.5;12;10;8.7;3.3;-1.4;0.14;2.2;2.5;0;286;77;38;20;96595;1.65;2.94;0.27;0.27
1981;8;28;240;15.6;12.5;8.9;10.6;7.6;4.8;2;-1.6;0.14;2.2;2.5;0;398;122;86;45;96169;2.42;2.88;0.27;0.27
1981;8;29;241;16.5;12.7;7.6;11.3;9;6;1.5;-0.8;0.14;2.2;2.5;0;361;106;70;42;95848;1.52;0.45;0.27;0.27
1981;8;30;242;16.1;13.1;9.9;9.4;8.1;7.3;-1;-0.6;0.14;2.2;2.5;0;387;92;68;39;96068;1.5;0.25;0.26;0.27
1981;8;31;243;19;14.5;8.8;10.7;9.1;7;-0.3;-0.7;0.14;2.2;2.5;0;531;137;102;54;95992;1.95;0;0.26;0.27
1981;9;1;244;17.9;14.2;10.5;9.9;8;6.6;-1.5;-1.4;0.14;2.2;2.5;0;521;138;100;65;96176;2.15;0.05;0.26;0.27
1981;9;2;245;16.6;12.5;7.2;9.9;8.2;5.9;-1.5;-0.9;0.14;2.2;2.5;0;517;154;101;68;96633;2.2;1.99;0.26;0.27
1981;9;3;246;16.4;12.7;9;9;7.3;6.2;-2.2;-1.5;0.14;2.2;2.5;0;464;160;91;73;96940;2.29;0.38;0.26;0.27
1981;9;4;247;17.8;13;8.6;8.5;7.3;6;-3.1;-1;0.14;2.2;2.5;0;559;172;103;81;97092;2.28;0;0.25;0.27
1981;9;5;248;18.3;13.4;8.6;8.4;7.5;6.3;-2.7;-0.6;0.14;2.2;2.5;0;602;191;122;94;96931;2.37;0;0.25;0.27
1981;9;6;249;19.6;13.9;7.2;10.9;8.9;6.3;-1.5;-0.1;0.14;2.2;2.5;0;591;187;125;89;96870;2.26;0;0.25;0.27
1981;9;7;250;22;15.3;7.4;11.8;10;6.9;-1.6;0.5;0.14;2.2;2.5;0;594;188;126;87;96678;2.37;0;0.25;0.27
1981;9;8;251;23.9;17.2;10.3;14.9;12.3;8.5;0.4;1.2;0.14;2.2;2.5;0;551;162;96;61;96481;2.29;1.93;0.24;0.27
1981;9;9;252;20.4;16.2;12;16.3;14.2;11.9;1;-0.2;0.14;2.2;2.5;0;366;104;77;42;96494;1.61;3;0.24;0.27
1981;9;10;253;19.6;15.4;11.5;13.5;12.8;11.5;-1.5;-0.3;0.14;2.2;2.5;0;403;118;89;45;96178;1.71;0.65;0.24;0.27
1981;9;11;254;19.9;15.8;12.1;13.6;12.2;11.4;-1.1;0;0.14;2.2;2.5;0;349;110;86;51;95984;1.57;0.32;0.24;0.26
1981;9;12;255;20.9;15.9;9.8;13.4;11.9;9.6;-1;1.2;0.14;2.1;2.5;0;442;125;78;55;96051;1.71;0.09;0.24;0.26
1981;9;13;256;17.6;15.1;11.9;13.9;10.8;6.7;1.8;0.8;0.14;2.1;2.5;0;326;95;68;46;96159;1.58;2.77;0.24;0.26
1981;9;14;257;14.2;11.3;8.3;8.7;7.3;6.3;2.3;-0.2;0.14;2.1;2.5;0;485;130;84;63;96379;1.81;2.56;0.24;0.26
1981;9;15;258;15;11.3;7.2;7.8;6.6;4.6;1.9;-0.2;0.14;2.1;2.5;0;437;118;81;56;96412;1.59;0.33;0.24;0.26
1981;9;16;259;15.5;12.6;10.4;13.5;11.1;7.2;1.7;0.2;0.14;2.1;2.5;0;247;45;56;15;96149;0.95;5.74;0.24;0.26
1981;9;17;260;16.4;13.1;9;12.2;11.1;8.6;0.3;-0.7;0.14;2.1;2.5;0;292;79;63;35;96251;1.37;1.54;0.24;0.26
1981;9;18;261;18.5;13;7.2;10.5;9.4;6.7;-1.4;1.4;0.14;2.1;2.5;0;431;123;102;54;95833;1.69;1.64;0.24;0.26
1981;9;19;262;17.3;14.2;11.6;13.4;11.1;9;1.4;1.5;0.14;2.1;2.5;0;386;94;84;41;95641;1.53;4.64;0.24;0.26
1981;9;20;263;21.7;16.2;11.3;14.3;12.6;10.5;0.2;3.1;0.14;2.1;2.5;0;432;114;78;53;95449;1.72;0.5;0.24;0.26
1981;9;21;264;24.2;18.5;14.5;15.1;14.3;12.9;0.5;1.9;0.13;2;2.5;0;472;127;83;58;95645;1.96;0.64;0.24;0.26
1981;9;22;265;25.5;19.3;13.5;16.9;15;12.7;-0.7;1.2;0.13;2;2.5;0;496;141;94;61;95708;1.98;0;0.24;0.26
1981;9;23;266;17.4;14.3;9.9;14.9;12.2;9.2;2.3;0.5;0.13;2;2.5;0;204;54;76;39;95921;1.31;5.28;0.24;0.26
1981;9;24;267;16.5;12.3;7.9;9.7;8.5;7.8;-1.2;0.3;0.13;2;2.5;0;472;121;101;51;95838;1.63;0.5;0.24;0.26
1981;9;25;268;17.2;13.6;11.3;10.5;9.9;9;0.9;0.5;0.13;2;2.5;0;379;83;78;39;95158;1.21;0.03;0.24;0.26
1981;9;26;269;20.6;15.2;9.2;12.1;10.6;8.4;-2.2;1.7;0.13;2;2.5;0;482;124;100;69;95164;1.63;0;0.24;0.26
1981;9;27;270;17;13.4;10.5;12.4;10.4;9.2;0.9;-0.1;0.13;1.9;2.5;0;358;85;80;49;95258;1.03;1.8;0.24;0.26
1981;9;28;271;13.2;11.5;9.8;12.9;11;9.3;-0.5;-2.4;0.13;1.9;2.5;0;97;24;33;11;95252;0.69;11.14;0.24;0.26
1981;9;29;272;10.2;9.5;8.7;9.6;8.8;8.1;2;-2.7;0.13;1.9;2.5;0;53;13;9;6;95737;1.11;13.28;0.25;0.26
1981;9;30;273;14.6;11.8;9.7;9.4;8.3;7.2;-0.1;-1.5;0.13;1.9;2.5;0;277;63;51;22;96410;1.21;0.8;0.26;0.26
1981;10;1;274;16.9;13.4;11.1;11.7;10.3;8.3;-2.7;0.6;0.13;1.9;2.5;0;283;81;76;41;95648;1.02;0.03;0.26;0.26
1981;10;2;275;15.7;12.6;9.5;10.9;10.2;9.1;-0.5;0.9;0.13;1.9;2.5;0;281;61;69;32;94655;0.85;1.81;0.26;0.26
1981;10;3;276;14.9;12.4;10.2;10.7;8.4;6.3;0.8;1.9;0.13;1.8;2.5;0;342;79;69;34;94431;1.57;1.83;0.26;0.26
1981;10;4;277;13.8;10.6;6.5;9.4;3.8;1.5;3;2.4;0.13;1.8;2.5;0;434;122;107;66;95138;2.01;0.31;0.25;0.26
1981;10;5;278;12.6;10.7;8.3;11.2;8.8;3.9;0.9;2.1;0.13;1.8;2.5;0;177;42;37;25;95720;1.09;4.91;0.25;0.26
1981;10;6;279;21.9;15.7;10.4;12.7;11.3;9.3;-0.4;2.3;0.13;1.8;2.5;0;455;125;108;66;95652;1.76;0.58;0.26;0.26
1981;10;7;280;15;13.2;9.6;12.3;8.7;4.7;3.5;1.4;0.13;1.8;2.5;0;359;98;100;65;96258;1.65;0.84;0.25;0.26
1981;10;8;281;14.3;10.7;7.8;7.3;6;4.5;2.1;1.5;0.13;1.8;2.5;0;297;74;82;58;96718;0.99;0.01;0.25;0.26
1981;10;9;282;17.6;11.7;4.9;10.8;7.8;4.2;0.2;2.6;0.13;1.7;2.5;0;448;122;105;70;96011;1.41;1.55;0.25;0.26
1981;10;10;283;13;10.4;8.1;11.7;6.3;2.9;3.6;2.1;0.13;1.7;2.5;0;316;85;79;43;95447;1.96;8.44;0.25;0.26
1981;10;11;284;12;8.2;5.7;10.6;5.2;0.6;4.9;1.5;0.13;1.7;2.5;0;234;61;68;36;94555;2.69;25.22;0.27;0.26
1981;10;12;285;6.6;5;3.6;4.2;2.2;0.5;2.3;1.4;0.13;1.7;2.5;0;163;42;76;35;94825;0.97;7.27;0.28;0.26
1981;10;13;286;6.8;4.8;2.8;3.9;1.9;0.2;4.7;0.3;0.13;1.7;2.5;0;342;72;66;31;95181;1.75;3.48;0.29;0.26
1981;10;14;287;7.5;4.7;2.3;1.6;0.1;-1.6;2.9;1;0.13;1.7;2.5;0;272;71;73;48;95685;1.21;1.22;0.28;0.26
1981;10;15;288;9;6.1;4.3;8.9;5.4;1.7;-0.3;0.8;0.13;1.7;2.5;0;32;9;24;6;94930;0.39;28.37;0.29;0.26
1981;10;16;289;7.5;5.4;3.7;5.9;2;0.6;0.3;-0.4;0.13;1.6;2.5;0;205;48;71;26;96296;0.79;0.12;0.31;0.26
1981;10;17;290;11.3;8;4.9;8.8;5.7;1.8;-1.3;1.1;0.13;1.6;2.5;0;297;53;59;27;96430;0.59;5.21;0.3;0.27
1981;10;18;291;16.4;11.7;8.1;13.1;10.2;7;1.7;1.4;0.13;1.6;2.5;0;341;67;55;35;96091;1.2;9.89;0.31;0.27
1981;10;19;292;11.3;9.6;7.7;8.8;7.2;5;3.3;0.3;0.12;1.6;2.5;0;217;49;43;24;96243;1.11;1.55;0.31;0.27
1981;10;20;293;13;9.9;7.6;9.2;7;5;2.3;2.7;0.12;1.6;2.5;0;138;33;41;19;95364;0.85;4.34;0.31;0.27
1981;10;21;294;9.1;7.3;4.7;8.7;6.5;3.9;1.2;-0.7;0.12;1.6;2.5;0;74;13;15;10;95126;0.7;14.67;0.31;0.27
1981;10;22;295;5.5;3.8;2.4;3.7;2.6;1.6;1.2;-0.7;0.12;1.6;2.5;0;127;28;31;17;95392;1.01;7.85;0.32;0.27
1981;10;23;296;6;3;0.6;1.9;1;0;0.7;1.1;0.12;1.6;2.5;0;285;62;78;40;95800;0.99;1.93;0.32;0.28
1981;10;24;297;5.1;2.3;-0.2;1.2;0;-1.2;1.1;-0.3;0.12;1.6;2.5;0;195;46;65;38;96244;0.56;0.36;0.31;0.28
1981;10;25;298;6.2;2.4;-1.7;-0.5;-1.6;-2.4;0;2.3;0.12;1.6;2.5;0;208;51;65;40;95707;0.63;0.1;0.31;0.28
1981;10;26;299;8.7;4.5;1.1;2.3;0;-3.3;-2.2;-0.3;0.12;1.6;2.5;0;331;81;96;63;95301;0.66;0.24;0.3;0.28
1981;10;27;300;6.6;3.9;1.8;5;3;1.4;0;-1.8;0.12;1.6;2.5;0.11;120;25;39;16;95365;0.54;19.23;0.3;0.28
1981;10;28;301;5.1;3.3;1.6;3.2;2.1;1.3;3.5;0.9;0.19;1.6;2.5;4.3;134;31;56;19;96039;0.67;5.66;0.31;0.28
1981;10;29;302;10.1;7;3.7;6.4;3.9;2.9;2;3;0.15;1.6;2.5;2.16;198;49;74;28;96109;0.92;2.49;0.31;0.29
1981;10;30;303;8.7;7.5;6.5;7.5;6.4;5.4;2.7;1.7;0.13;1.6;2.5;0.51;123;26;44;17;95595;0.91;11.21;0.32;0.29
1981;10;31;304;11.6;9.5;6.6;10.2;8.5;5.9;4.5;1.3;0.12;1.6;2.5;0.13;52;10;31;8;95770;0.99;2.94;0.32;0.29
1981;11;1;305;11.4;9.4;7;11.3;8.4;5;3;0.5;0.12;1.6;2.5;0;122;22;41;13;96741;0.39;2.63;0.31;0.29
1981;11;2;306;11;10.4;9.7;10.8;9.5;8.4;4.6;0.8;0.12;1.6;2.5;0;88;20;11;5;96667;0.58;0.76;0.31;0.29
1981;11;3;307;12.1;10.2;8.4;10.2;9.2;7.7;1.5;0.6;0.12;1.6;2.5;0;121;22;56;17;96982;0.4;1.61;0.31;0.29
1981;11;4;308;10.6;9.3;8.4;8.8;8;7.2;1.9;0.8;0.12;1.6;2.5;0;104;25;39;17;96831;0.37;0.36;0.3;0.29
1981;11;5;309;8.8;6.5;3.5;8.1;3.1;0.2;3;-1.2;0.12;1.6;2.5;0;233;53;83;36;96671;0.71;0.82;0.3;0.3
1981;11;6;310;5.5;3.2;1.5;2.8;0.1;-2.5;3.5;-1.4;0.12;1.6;2.5;0.06;262;50;85;47;96774;1.08;2.08;0.29;0.3
1981;11;7;311;1.7;-0.2;-3.1;-0.2;-3.2;-5.6;1;-2.2;0.13;1.6;2.5;0.85;278;67;104;70;96879;0.69;1.41;0.29;0.3
1981;11;8;312;1.5;-0.9;-2.7;-4;-4.8;-5.5;0.7;-1.8;0.14;1.5;2.5;1.57;172;45;84;48;96971;0.34;1.02;0.29;0.3
1981;11;9;313;0.9;-1;-2.3;-3.6;-4.7;-5.8;0.9;-2.3;0.16;1.5;2.5;2.7;163;37;69;42;96885;0.32;1.23;0.29;0.3
1981;11;10;314;0.9;-0.9;-2.2;-3.3;-5.2;-7.4;0.8;-1;0.17;1.5;2.5;3.39;191;43;75;43;97255;0.38;0.29;0.28;0.3
1981;11;11;315;0.3;-1.7;-3.4;-2.9;-4.7;-6.5;2.7;1.3;0.18;1.5;2.5;4.13;196;39;79;40;96640;0.26;2.91;0.28;0.3
1981;11;12;316;1.6;0.2;-1;1.5;-1;-3.5;2.3;0.7;0.23;1.5;2.5;6.97;45;10;12;6;96233;0.13;1.78;0.28;0.3
1981;11;13;317;4.1;2.7;1.1;3.2;2.1;0.8;3.3;0.1;0.2;1.5;2.5;5.6;73;17;42;13;96527;0.25;4.63;0.28;0.3
1981;11;14;318;3;0.8;-1.3;0.6;-1.1;-3.8;3.5;-1.8;0.21;1.5;2.5;6.62;146;31;90;45;96527;0.68;3.6;0.28;0.3
1981;11;15;319;1.3;-1.3;-3.3;-3.2;-3.9;-4.9;0;-2.6;0.21;1.5;2.5;6.75;197;40;73;49;97127;0.44;0.19;0.28;0.3
1981;11;16;320;1.8;-1.4;-3.4;-3.7;-4.7;-6;-1.3;0;0.21;1.5;2.5;6.7;207;49;78;52;97113;0.31;0;0.28;0.3
1981;11;17;321;2.3;-1.6;-4.6;-2.9;-4.5;-6.2;-0.7;2.1;0.21;1.5;2.5;6.46;256;56;97;67;96738;0.21;0.71;0.28;0.3
1981;11;18;322;5.4;2.8;-0.2;3.7;1.8;-3;0.6;2.2;0.2;1.5;2.5;5.74;49;9;20;0;96436;0.06;0.91;0.28;0.3
1981;11;19;323;9.7;8.2;5.5;8.8;7.4;3.8;2.7;1.6;0.14;1.5;2.5;2.13;55;12;9;1;96390;0.07;3.09;0.28;0.3
1981;11;20;324;11;9;8.1;8.5;7.6;5.3;1.7;2.5;0.12;1.6;2.5;0.53;132;29;71;31;96799;0.35;0.34;0.28;0.3
1981;11;21;325;10.2;9.4;8.6;8.3;6.8;4.7;4.3;1.5;0.11;1.6;2.5;0.1;67;15;72;26;96731;0.32;0.69;0.28;0.3
1981;11;22;326;10.5;9.6;9;9.6;8.8;8.1;3.9;1.1;0.11;1.6;2.5;0;86;15;18;6;96820;0.63;1.97;0.28;0.3
1981;11;23;327;10.9;8.8;7.5;8.2;6.9;4.4;2.7;1.8;0.11;1.6;2.5;0;150;27;67;31;96309;0.66;1.71;0.28;0.3
1981;11;24;328;9;4.4;0.4;7.9;-0.2;-5;4.5;0.7;0.11;1.6;2.5;0;269;55;112;61;95916;1.26;3.37;0.28;0.29
1981;11;25;329;1;-0.1;-1.1;-2.8;-3.4;-3.9;5.2;0.6;0.12;1.6;2.5;0.94;191;42;72;52;96384;0.44;2.63;0.28;0.29
1981;11;26;330;0.6;-0.3;-1.3;0;-1.6;-3.5;4.7;0.7;0.21;1.6;2.5;6.76;54;10;61;16;96631;0.2;13.32;0.27;0.29
1981;11;27;331;4.2;2.7;0.7;3.5;1.5;0.2;3;2.2;0.33;1.6;2.5;14.35;78;14;28;7;95791;0.04;11.71;0.28;0.29
1981;11;28;332;3.8;1.6;-0.5;3.5;1.1;-0.6;2.6;0.3;0.24;1.6;2.5;8.77;137;28;65;26;94981;0.17;2.85;0.29;0.29
1981;11;29;333;1.4;-0.1;-1.6;0.2;-1.5;-2.8;2.4;-0.1;0.24;1.6;2.5;8.96;110;22;42;21;95168;0.41;3.43;0.29;0.29
1981;11;30;334;1.2;0.1;-0.8;0.4;-0.8;-1.9;2.7;0.6;0.32;1.6;2.5;14.03;88;18;48;22;94908;0.25;15.87;0.29;0.29
1981;12;1;335;1.6;-0.7;-1.9;1.5;-2;-4;2.8;-1.9;0.38;1.6;2.5;31.21;132;21;58;22;94888;0.38;10.11;0.29;0.29
1981;12;2;336;-0.3;-1.8;-3.5;-2.2;-3.1;-4.4;1.3;-1.7;0.38;1.6;2.5;35.66;109;22;61;33;96493;0.14;2.1;0.28;0.29
1981;12;3;337;-0.4;-2.1;-3.2;-3.1;-3.7;-4.4;1.4;-0.6;0.37;1.7;2.5;36.28;117;20;47;22;97187;0.29;1.45;0.28;0.29
1981;12;4;338;0.7;-0.8;-3.3;0.3;-1.7;-4.5;4.2;0.9;0.38;1.7;2.5;50.83;39;6;23;5;95438;0.11;23.29;0.28;0.29
1981;12;5;339;-0.6;-1.7;-2.6;-2.1;-3.4;-4.2;4.5;-0.3;0.38;1.7;2.5;61.36;124;25;72;48;95111;0.43;2.78;0.28;0.29
1981;12;6;340;-0.7;-1.5;-2.7;-1.5;-2.8;-4;2.4;2.4;0.38;1.7;2.5;65.08;75;15;44;20;94586;0.18;6.23;0.28;0.29
1981;12;7;341;0.6;-0.1;-0.8;-0.2;-1.1;-1.8;2.7;2.1;0.38;1.7;2.5;71.28;66;14;42;16;93673;0.13;5.5;0.27;0.29
1981;12;8;342;4.6;2.2;0.1;1.9;0.7;-0.2;3.8;2.9;0.38;1.7;2.5;78.95;65;11;39;15;92869;-0.05;19.22;0.28;0.29
1981;12;9;343;1.8;-1.9;-4.1;-0.1;-3.8;-6.2;3.8;0.6;0.37;1.7;2.5;77.62;140;25;80;48;93786;0.52;1.67;0.29;0.29
1981;12;10;344;-1;-3.1;-4.8;-2.7;-4.9;-6.3;1.5;0.8;0.38;1.7;2.5;82.49;131;24;79;36;94580;0.22;6.38;0.29;0.29
1981;12;11;345;3;-0.2;-4.4;2.5;-1.3;-5.5;-0.5;2.2;0.38;1.7;2.5;87.28;62;10;25;7;93966;-0.08;8.43;0.28;0.29
1981;12;12;346;1.6;-2.3;-6.5;1.6;-3.5;-8.3;2;-1.1;0.38;1.7;2.5;93.16;102;18;64;25;94019;0.48;4.55;0.28;0.29
1981;12;13;347;-7.2;-10.1;-13.5;-8.9;-12.6;-14.9;0.7;0.7;0.37;1.7;2.5;94.06;145;30;88;66;95071;0.04;0.01;0.28;0.29
1981;12;14;348;3.2;-1.7;-7.5;0.3;-5.9;-15.7;1.8;2;0.38;1.7;2.5;98.09;74;13;52;26;93335;0.24;7.94;0.28;0.29
1981;12;15;349;0.6;-0.2;-2.6;-0.1;-1.2;-3.5;2.7;0.6;0.38;1.7;2.5;106.55;42;10;58;21;93641;0.19;9.19;0.28;0.29
1981;12;16;350;-2.7;-7;-11.9;-3.8;-8.8;-13.8;-1.5;-1.8;0.38;1.7;2.5;110.43;88;14;60;28;93898;0.43;1.25;0.28;0.29
1981;12;17;351;-9.3;-12.2;-16.3;-11.7;-14.6;-18.2;-1.5;-0.1;0.38;1.7;2.5;110.82;158;31;81;47;95126;0.05;0.4;0.28;0.29
1981;12;18;352;-5.2;-6.8;-8.8;-7.8;-8.9;-11.1;-2.5;-0.6;0.38;1.7;2.5;111.59;86;16;31;10;94175;0.14;2.88;0.27;0.29
1981;12;19;353;-6.6;-9.5;-11.8;-8.3;-11.7;-13.4;2.2;-1.9;0.38;1.7;2.5;115.37;73;14;51;19;95040;0.3;2.48;0.27;0.29
1981;12;20;354;-7;-9.6;-11.7;-9.7;-11.3;-13.2;1.2;0.5;0.38;1.6;2.5;116.79;77;16;46;23;95958;0.02;0.95;0.27;0.29
1981;12;21;355;-6.6;-9.5;-12.7;-10.7;-13.1;-14.4;-1.7;1.2;0.38;1.6;2.5;117.13;145;26;64;30;94647;0.18;0.14;0.27;0.29
1981;12;22;356;-4.9;-7.1;-9;-8.5;-10;-11.8;-1.7;0;0.38;1.6;2.5;117.15;139;26;64;33;94019;0.2;0.29;0.27;0.29
1981;12;23;357;-5.9;-8.5;-11.9;-7.2;-9.8;-13.2;-0.7;0.6;0.38;1.6;2.5;117.37;111;20;43;22;94132;0;0.06;0.26;0.29
1981;12;24;358;-1.1;-3.2;-6.2;-3;-4.7;-7.2;-1.3;1;0.38;1.6;2.5;117.94;103;18;38;16;93693;0.02;2.24;0.26;0.29
1981;12;25;359;-1.1;-1.9;-2.4;-2.4;-2.9;-3.4;2.1;-0.2;0.38;1.6;2.5;122.73;74;14;27;14;94903;0.12;4.32;0.26;0.29
1981;12;26;360;-1.4;-2.8;-5.4;-3;-4.2;-6;2.1;0.1;0.38;1.5;2.5;124.52;115;18;52;25;95802;0.15;1.17;0.26;0.29
1981;12;27;361;-3.9;-6;-8;-6.1;-7.5;-9.7;-1.5;0.9;0.38;1.5;2.5;124.97;140;25;82;39;95362;0.11;0;0.26;0.29
1981;12;28;362;-2.7;-5.8;-8.6;-7.1;-8.7;-10.3;-1.6;1.1;0.38;1.5;2.5;125.11;127;22;64;32;94725;0.2;0.34;0.26;0.29
1981;12;29;363;0.8;-2.6;-5.9;-2.1;-5.5;-9.1;-1.5;1.4;0.37;1.5;2.5;125.16;121;18;51;27;93658;0.14;0.18;0.25;0.29
1981;12;30;364;2.9;0.1;-3.2;-1;-2.4;-4.6;-1.5;1.9;0.37;1.5;2.5;125.24;160;32;87;57;94145;0.07;2.41;0.25;0.29
1981;12;31;365;6.8;3.5;1.7;2.5;0.6;-1.3;1;2.6;0.36;1.4;2.5;123.84;126;25;58;38;94050;0.01;1.03;0.25;0.29
1982;1;1;1;2.5;1.3;0;1.1;0.5;-0.3;0;0.9;0.36;1.4;2.5;118.39;88;17;33;18;94927;-0.04;0.21;0.26;0.29
1982;1;2;2;2;1.3;0.5;1.6;0.6;-0.3;2.2;0.9;0.35;1.4;2.5;115.36;63;13;45;10;96159;-0.06;0.55;0.26;0.29
1982;1;3;3;4.6;3.2;1.5;4.3;2.5;-0.1;1.5;2.1;0.35;1.4;2.5;108.77;54;11;60;12;95993;-0.4;0.71;0.27;0.29
1982;1;4;4;6.5;4.7;2.1;4.6;2.6;-0.3;3.3;2.2;0.34;1.4;2.5;99.47;44;10;57;22;95426;-0.61;2.59;0.28;0.29
1982;1;5;5;6.3;5.6;5.1;4.8;4.3;3.9;4;2.4;0.34;1.4;2.5;77.31;70;12;28;11;95064;-1.12;9.88;0.3;0.29
1982;1;6;6;6.3;-1.8;-9.1;4.7;-5.9;-16.9;4.8;-2;0.34;1.3;2.5;59.22;78;14;69;29;94871;0.48;5.5;0.33;0.29
1982;1;7;7;-7.8;-9.8;-12.9;-14.4;-15.7;-17.8;2;-2.2;0.34;1.3;2.5;57.37;153;30;95;68;96593;0.52;0.31;0.32;0.29
1982;1;8;8;-9;-11.4;-16.5;-14.7;-16.9;-19.8;-2.8;0.1;0.34;1.3;2.5;57.28;147;31;93;44;96607;0.34;0.67;0.31;0.3
1982;1;9;9;-6.9;-8.5;-10.3;-10.5;-12.5;-14.5;-2.6;-0.1;0.35;1.3;2.5;60.63;53;10;24;12;95550;0.42;7.01;0.31;0.3
1982;1;10;10;-8.2;-11.1;-12.9;-13.4;-15.1;-17.2;-2.7;-0.3;0.37;1.3;2.5;64.34;188;38;103;69;95607;0.24;0.23;0.3;0.3
1982;1;11;11;-4.5;-7.8;-12.6;-6.2;-10.8;-17.1;-1.8;-0.1;0.37;1.2;2.5;66.63;59;10;52;2;94771;0.15;8.95;0.3;0.3
1982;1;12;12;-4.7;-8.3;-14;-8.5;-11;-16.5;-2;-1.7;0.38;1.2;2.5;74.18;182;37;97;62;96137;0.19;1.37;0.29;0.3
1982;1;13;13;-7.3;-13.3;-17.6;-12.5;-16.6;-19.8;-2.3;-0.7;0.38;1.2;2.5;74.18;180;38;96;69;97477;0.07;0;0.29;0.3
1982;1;14;14;-7.2;-12.9;-16.6;-13.5;-17;-19.6;-2.4;-0.2;0.38;1.2;2.5;74.09;190;40;100;74;97284;0.12;0;0.29;0.3
1982;1;15;15;-3.2;-11;-16.9;-8.4;-14.7;-19.9;-1.8;0.2;0.38;1.2;2.5;73.98;181;39;75;49;97086;0.11;0;0.29;0.3
1982;1;16;16;-1.3;-8.2;-11.7;-6.7;-11.6;-14.2;-1.9;-0.2;0.38;1.2;2.5;73.87;186;39;82;52;96877;0.16;0;0.28;0.3
1982;1;17;17;-2.4;-8.8;-14.2;-6.4;-11.7;-16.3;-1.4;0.6;0.37;1.2;2.5;73.72;188;40;84;53;96905;0.04;0;0.28;0.3
1982;1;18;18;-2.1;-7.2;-10.5;-5.1;-9.4;-12.7;-0.8;1.4;0.37;1.2;2.5;73.69;165;34;79;46;97019;0.02;0;0.28;0.3
1982;1;19;19;-0.5;-5.4;-9.2;-2.6;-6.8;-10.4;-1.2;0.3;0.37;1.2;2.5;73.69;152;33;66;38;96994;-0.02;0.04;0.27;0.3
1982;1;20;20;-2.8;-7.5;-10.9;-5.6;-8.9;-12;-1.1;0.6;0.37;1.1;2.5;73.69;172;35;83;47;96900;-0.04;0;0.27;0.3
1982;1;21;21;-3.2;-9.2;-13.2;-6.5;-11.1;-14.6;0;0.8;0.37;1.1;2.5;73.66;200;42;84;53;96871;-0.02;0;0.27;0.3
1982;1;22;22;-0.7;-4.5;-10;-1.8;-5.5;-11;0.4;0.6;0.37;1.1;2.5;74.3;88;17;17;3;96635;0;1.18;0.27;0.3
1982;1;23;23;1.3;-1;-2.9;-1.1;-2;-3.2;-0.1;0.8;0.37;1.1;2.5;74.96;122;24;34;13;96380;0.05;0.39;0.26;0.3
1982;1;24;24;0.9;-1.2;-4.2;-0.9;-2.3;-4.6;0.5;-0.4;0.36;1.1;2.5;75.39;122;23;51;25;96525;0.11;0.7;0.26;0.3
1982;1;25;25;-0.6;-3.6;-5;-3.3;-4.7;-5.7;0.6;0.6;0.36;1.1;2.5;75.81;166;34;87;35;96566;0.09;0.15;0.26;0.3
1982;1;26;26;1;-2.6;-6.6;0.4;-4.2;-8.1;1.4;2.7;0.36;1.1;2.4;77.37;59;12;63;16;95243;0;5.33;0.26;0.3
1982;1;27;27;1.6;0.7;-0.2;0.6;-0.2;-1.1;1.4;0.2;0.36;1.1;2.4;80.41;118;23;33;13;94985;0.1;0.6;0.26;0.3
1982;1;28;28;0;-1.2;-2.4;-0.8;-3.4;-5.2;2.2;-0.1;0.36;1.1;2.4;80.02;174;35;62;26;96301;0.54;0.98;0.25;0.3
1982;1;29;29;1.8;0.3;-1.6;0.4;-0.9;-2.9;4.1;0.2;0.37;1.1;2.4;86.48;167;32;71;20;95703;0.12;11.31;0.25;0.3
1982;1;30;30;4.8;3.7;0.6;4.5;3.4;0.4;5.3;-0.1;0.37;1.1;2.4;86.34;20;5;4;0;95510;-0.6;12.37;0.26;0.3
1982;1;31;31;3.1;1.1;-2.2;2.9;-1.3;-5.4;3.4;-1.9;0.36;1.1;2.4;74.98;196;31;87;33;96166;0.34;7.74;0.29;0.3
1982;2;1;32;0.1;-4.2;-7.3;-5;-7.2;-10.1;0;-1.5;0.36;1.1;2.4;73.39;238;54;112;70;97252;0.26;0;0.28;0.3
1982;2;2;33;-1.2;-5.5;-9.8;-8;-9.8;-12.7;-2.8;0.4;0.36;1.1;2.4;73.21;246;57;106;71;97277;0.36;0;0.28;0.3
1982;2;3;34;-1.4;-5.1;-7.9;-7;-8.8;-10.8;-2.9;0.2;0.35;1.1;2.4;72.95;253;59;106;85;97139;0.25;0;0.28;0.3
1982;2;4;35;0.3;-6.3;-11.3;-6.8;-10;-13.2;-1.9;0.4;0.35;1.1;2.4;72.73;236;57;102;69;97434;0.19;0;0.28;0.3
1982;2;5;36;1.9;-5.2;-9.6;-4.6;-8.2;-11;-0.7;1.2;0.35;1.1;2.4;72.58;254;59;107;66;97506;0.16;0;0.28;0.3
1982;2;6;37;3.5;-1.8;-8.4;1.5;-3.3;-9.3;0.6;1.7;0.35;1.1;2.4;72.24;158;38;47;26;96813;-0.11;2.04;0.27;0.3
1982;2;7;38;2.9;1.7;0.5;2.9;1.7;0.4;0.7;1.2;0.34;1.1;2.4;68.06;58;15;32;6;96564;-0.27;0.26;0.28;0.3
1982;2;8;39;4.5;2.4;0.6;4;1.9;0;1.8;0.7;0.34;1.1;2.4;61.87;59;10;37;7;96110;-0.36;9.23;0.29;0.3
1982;2;9;40;2.5;0.1;-2.2;-0.1;-1;-2.8;1;0.8;0.34;1.1;2.4;57.37;127;26;71;32;96999;0;0.16;0.29;0.3
1982;2;10;41;6.5;0.4;-4.2;-0.4;-2.6;-5;-1.5;1.3;0.34;1.1;2.4;54.58;271;65;93;62;97112;0.15;0;0.29;0.3
1982;2;11;42;5.5;0.6;-3.5;1.6;-1.9;-5.5;-0.6;1.7;0.33;1.1;2.4;50.09;249;61;95;60;96863;0.01;0;0.3;0.3
1982;2;12;43;6.5;0.2;-3.6;2.4;-1.4;-4.2;0;1.2;0.32;1.1;2.4;45.06;289;70;102;62;96806;-0.09;0;0.3;0.3
1982;2;13;44;5.7;-0.5;-5;0.9;-2.1;-5.5;-1.8;0.2;0.31;1.1;2.4;40.22;298;71;101;62;96253;-0.01;0;0.3;0.3
1982;2;14;45;4.9;-0.4;-5.3;1.3;-2;-6.2;-1;1.1;0.3;1.1;2.4;36.4;268;66;83;44;95970;0.11;0.05;0.3;0.3
1982;2;15;46;2.4;-0.2;-3.3;-0.8;-2.4;-5.5;-2;-0.6;0.29;1.1;2.4;34.14;187;42;79;36;95915;0.38;0.15;0.3;0.3
1982;2;16;47;3.2;-1.2;-3.9;-1.9;-3.7;-5.4;-2.1;-0.3;0.28;1.1;2.4;32.76;294;72;98;59;96143;0.24;0;0.3;0.3
1982;2;17;48;3.1;-0.3;-2.9;-0.7;-2;-4.2;-2.5;-0.6;0.27;1.1;2.4;31.46;217;53;74;43;96251;0.12;0;0.3;0.3
1982;2;18;49;2.3;0.4;-1.2;-0.8;-1.4;-3;-2.5;-1.2;0.27;1.1;2.4;30.31;172;38;37;21;96504;0.3;0.21;0.3;0.3
1982;2;19;50;-1.1;-3;-5.3;-3.6;-7.5;-9.4;-3.8;-0.9;0.27;1.1;2.4;29.61;315;73;102;55;96770;0.68;0.21;0.29;0.3
1982;2;20;51;0.5;-3.9;-7.7;-8;-9.3;-11.4;-3.5;-0.3;0.26;1.1;2.4;29.14;361;92;117;93;96958;0.57;0;0.29;0.3
1982;2;21;52;0.2;-3.8;-6.9;-8.8;-9.7;-11.1;-2.9;-0.2;0.26;1.1;2.4;28.63;365;94;117;93;96836;0.54;0;0.29;0.3
1982;2;22;53;1.3;-2.6;-6.3;-7;-8.6;-11;-3.4;-0.2;0.26;1.1;2.4;28.2;366;90;114;71;95907;0.58;0.54;0.29;0.3
1982;2;23;54;0.5;-2.4;-4.9;-5.7;-9.6;-11.9;-2;0.7;0.27;1.1;2.5;28.8;340;89;109;69;95106;0.54;0.84;0.28;0.3
1982;2;24;55;1.1;-2.5;-5.1;-6.8;-8.4;-9.7;0.1;0.2;0.27;1.2;2.5;28.48;292;72;93;54;95243;0.31;0.12;0.28;0.3
1982;2;25;56;-1.1;-3.3;-6.8;-4.8;-6.6;-9.1;-1.8;-0.8;0.29;1.2;2.5;29.48;151;37;54;27;95017;0.32;3.32;0.28;0.3
1982;2;26;57;1.3;-1.6;-3.2;-4.3;-5.2;-6.3;-0.8;-1.4;0.31;1.2;2.5;31.5;236;58;56;35;95459;0.34;0.49;0.28;0.3
1982;2;27;58;1.8;-2;-4.3;-4.7;-6.1;-7.3;1;0.7;0.31;1.2;2.5;31.08;339;81;111;53;95835;0.36;0.03;0.27;0.3
1982;2;28;59;4.2;-0.1;-5.6;2.8;-3.1;-8.2;1.7;1.4;0.3;1.2;2.5;29.84;316;56;92;28;95905;0.13;0.47;0.27;0.3
1982;3;1;60;6.7;5.2;3.1;5.4;4.4;3;3.4;2.3;0.27;1.2;2.5;23.47;68;16;46;6;95487;-0.43;3.04;0.28;0.3
1982;3;2;61;4.6;2.3;0.1;3.1;0.2;-1.6;3.5;0.3;0.26;1.2;2.5;18.66;320;66;81;44;95409;0.53;9.96;0.29;0.3
1982;3;3;62;8.4;3.9;0.2;2.7;1.1;-0.9;3.2;3.1;0.25;1.2;2.5;16.94;131;34;48;24;95701;0.62;3.44;0.29;0.3
1982;3;4;63;8.6;4.5;1.2;4.6;1.3;-0.5;3.9;1.5;0.2;1.2;2.5;10.26;251;62;73;35;95578;0.74;4.03;0.3;0.3
1982;3;5;64;4.3;0.9;-3;0.1;-2.6;-4.7;1.8;-1.9;0.19;1.2;2.5;8.77;352;96;102;60;96893;0.76;0.64;0.3;0.3
1982;3;6;65;3.1;-0.5;-3.6;-3.5;-6.2;-9.3;-2;-1.5;0.19;1.3;2.5;8.4;433;106;106;67;97521;0.78;0.03;0.3;0.3
1982;3;7;66;6.4;1;-3.5;-1.3;-4.3;-7.4;-4.6;0.1;0.18;1.3;2.5;7.79;458;126;105;85;96804;0.66;0;0.29;0.3
1982;3;8;67;9.3;4;-0.3;1.2;-1;-2.5;-1.8;0.8;0.17;1.3;2.5;6.43;472;131;115;84;96272;0.8;0;0.29;0.3
1982;3;9;68;8.2;2.7;-2.4;1.2;-0.9;-3.1;0.4;0.4;0.15;1.3;2.5;4.87;442;108;101;63;96102;0.5;0.01;0.29;0.3
1982;3;10;69;9.9;4;-1.5;1.9;-1.2;-3.1;1.3;3.7;0.15;1.3;2.5;3.71;469;112;94;52;95204;1.28;4.71;0.29;0.3
1982;3;11;70;4.2;1.7;-1.7;2.8;-0.7;-3.7;4.7;0.9;0.15;1.3;2.5;3.96;401;101;90;46;94696;1.45;11.6;0.3;0.3
1982;3;12;71;6.7;2;-1.8;1.2;-2.4;-5.2;2.2;2.5;0.17;1.3;2.5;4.88;366;80;66;37;95517;0.87;2.84;0.29;0.3
1982;3;13;72;4.6;1.1;-1.4;1.4;-1;-3;2.8;0.4;0.19;1.3;2.5;6.48;417;102;94;55;95666;0.9;4.56;0.29;0.3
1982;3;14;73;5.1;1.1;-1.4;-1.8;-2.5;-4.2;2.5;0.5;0.21;1.3;2.5;7.21;386;101;86;52;96620;1.07;0.89;0.29;0.3
1982;3;15;74;8.8;2.8;-3.4;-1.7;-3.7;-5.4;-0.6;2.5;0.19;1.4;2.5;5.77;502;145;122;86;96387;1.02;0;0.29;0.3
1982;3;16;75;10;4.6;0;1.2;-2.3;-6.8;0.5;2.4;0.17;1.4;2.5;4.05;412;109;90;64;95530;1.05;0.35;0.29;0.3
1982;3;17;76;8.7;3.9;1.5;2.4;1.2;0.6;1;1.3;0.15;1.4;2.5;2.67;360;83;68;32;95169;0.75;1.8;0.29;0.3
1982;3;18;77;6.2;2.7;-0.1;0.6;-0.8;-2.4;0.4;-0.6;0.14;1.4;2.5;1.78;382;103;72;43;95306;0.86;0.51;0.29;0.3
1982;3;19;78;5.4;1.6;-1.5;0.1;-1.2;-2.6;2.1;-1.4;0.14;1.4;2.5;1.5;357;98;72;51;95393;0.95;1.26;0.28;0.3
1982;3;20;79;5.1;1.5;-3.5;0.4;-1.7;-3.9;-1;1.9;0.14;1.4;2.5;1.33;269;76;81;39;95181;0.71;0.64;0.28;0.3
1982;3;21;80;7.4;3.8;1;1.6;0.6;-0.1;-0.3;-0.4;0.13;1.5;2.5;1.05;372;92;61;34;96170;0.87;0.96;0.28;0.3
1982;3;22;81;7.5;2.8;-1;3.4;1;-1.5;-0.8;-1.3;0.13;1.5;2.5;0.7;408;120;82;54;96601;1.13;2.88;0.28;0.3
1982;3;23;82;7.4;2.8;-2.1;0.8;-1.7;-3.3;-1.6;-2.1;0.13;1.5;2.5;0.5;474;134;87;68;97060;1.4;0.95;0.28;0.3
1982;3;24;83;9.2;3.6;-1.2;-1.3;-2.4;-3.3;-1.8;-1.5;0.13;1.5;2.5;0.37;594;180;133;100;97660;1.32;0;0.27;0.3
1982;3;25;84;10.4;4.1;-2.4;-0.8;-2.5;-4.1;-0.6;-1.1;0.13;1.5;2.5;0.22;534;166;120;85;97517;1.33;0;0.27;0.3
1982;3;26;85;13.1;5.7;-1.7;3.9;0.3;-3;-0.7;-1;0.13;1.5;2.5;0.12;582;177;128;86;97086;1.41;0;0.27;0.3
1982;3;27;86;16;7.8;-1.1;4.9;1.9;-2.1;-2.1;0;0.13;1.5;2.5;0.05;603;184;136;91;96311;1.63;0;0.26;0.3
1982;3;28;87;14.6;7.9;0.7;5.2;3.3;-0.5;1.5;0.8;0.13;1.6;2.5;0.02;576;163;118;75;95387;1.57;0.86;0.26;0.3
1982;3;29;88;12;7.3;3.1;7.3;4.9;2.7;2;0.9;0.13;1.6;2.5;0;488;133;91;56;95073;1.4;3.48;0.26;0.3
1982;3;30;89;10.2;5.3;0.6;4.5;2.5;0.6;-1.8;-1.8;0.13;1.6;2.5;0;446;120;84;47;94870;1.56;1.58;0.26;0.3
1982;3;31;90;8.1;4.7;2.1;1.2;0.3;-0.5;-4.2;-1.7;0.13;1.6;2.5;0;388;110;83;44;95515;1.03;0;0.26;0.3
1982;4;1;91;13.4;7.2;1;4.8;2.5;-0.6;-3;-0.1;0.13;1.6;2.5;0;617;190;127;93;96035;1.54;0;0.25;0.3
1982;4;2;92;15.1;9.2;2.5;5;3.8;1.7;0;0.6;0.13;1.6;2.5;0;616;174;129;83;95760;1.66;0.04;0.25;0.3
1982;4;3;93;11.3;8.1;4.6;7.2;4;0.4;2.9;-0.4;0.13;1.7;2.5;0;451;124;95;46;96144;1.61;1.41;0.25;0.3
1982;4;4;94;12.9;7.3;2;3.1;0.8;-0.6;-1.3;-0.5;0.13;1.7;2.5;0;569;181;120;89;96385;1.71;0;0.24;0.3
1982;4;5;95;16.1;9.3;2.8;3.7;1.2;-1.2;-2.6;0.7;0.13;1.7;2.5;0;646;206;139;102;96242;2.04;0;0.24;0.29
1982;4;6;96;18.5;11.1;2.6;7.6;4.8;0.8;1.2;0.7;0.13;1.7;2.5;0;536;167;107;67;96099;2;2.28;0.24;0.29
1982;4;7;97;10.3;8.3;6.3;7.9;6.8;5.7;3;1.6;0.13;1.7;2.5;0;257;60;46;27;96055;1.63;5.62;0.24;0.29
1982;4;8;98;9.6;6.7;-0.1;7.9;4.8;-2.3;4.3;1.4;0.13;1.7;2.5;0.12;227;54;50;23;94964;2.4;13.46;0.24;0.29
1982;4;9;99;4.2;1;-2.1;-3.2;-5.4;-7.7;4.8;-0.1;0.16;1.7;2.5;1.41;450;140;88;63;95776;1.48;0.66;0.25;0.29
1982;4;10;100;6.3;1.9;-0.5;0.9;-1.7;-3.2;4.2;0.6;0.18;1.8;2.5;3.28;488;122;85;50;95396;1.32;4.88;0.25;0.29
1982;4;11;101;5.9;1.3;-1.4;0.7;-1.3;-2.9;4;-0.1;0.19;1.8;2.5;4.21;493;147;81;54;95360;1.59;4.78;0.25;0.29
1982;4;12;102;4;0.5;-2.8;-2.3;-4.6;-6.9;3.6;-0.1;0.22;1.8;2.5;5.7;490;154;90;66;95397;1.67;2.52;0.25;0.29
1982;4;13;103;5.4;1.2;-2.8;-1.3;-3;-4.5;1.7;-0.8;0.22;1.8;2.5;5.68;553;172;106;73;95613;1.45;1.18;0.25;0.29
1982;4;14;104;6.7;1.8;-3.3;-3;-5.2;-7.3;-2.1;-1.5;0.2;1.8;2.5;4.39;511;162;103;69;96299;1.48;0;0.24;0.29
1982;4;15;105;9.9;4.3;-1.5;-2.5;-3.7;-5.2;-2.9;-1;0.18;1.8;2.5;3.08;615;204;115;90;96405;1.78;0;0.24;0.29
1982;4;16;106;11.5;6;0.7;0.7;-1.4;-3.9;-2.5;-1.1;0.16;1.9;2.5;1.75;663;221;128;96;96052;1.98;0;0.24;0.29
1982;4;17;107;12;6.8;2;3.3;0.5;-1;0.2;-2.5;0.15;1.9;2.5;0.82;586;183;120;71;95790;2;0.52;0.24;0.29
1982;4;18;108;8.7;4.7;0.4;0.4;-1.7;-3.5;0;-2.8;0.15;1.9;2.5;0.4;583;169;107;74;96012;1.61;0.03;0.24;0.29
1982;4;19;109;8.3;4.2;-0.7;-0.6;-2.6;-5;-1.2;-2;0.14;1.9;2.5;0.26;537;169;111;74;96207;1.59;0;0.24;0.29
1982;4;20;110;9.8;4.8;-0.3;1.2;-2;-3.7;-1.1;-2;0.14;1.9;2.5;0.16;597;173;108;75;96191;1.66;0.05;0.23;0.29
1982;4;21;111;9.9;5.2;0.6;2.1;-0.4;-2.6;0.2;-1;0.14;2;2.5;0.07;502;158;93;69;96108;1.54;1.04;0.23;0.29
1982;4;22;112;10.2;5;-1.2;0.9;-3.1;-5.7;-1.2;-2.1;0.14;2;2.5;0.02;692;225;140;95;96253;2.18;0;0.23;0.29
1982;4;23;113;10.7;5.5;-1.6;-0.9;-3;-4.9;-0.7;-0.5;0.14;2;2.5;0;629;205;117;80;96178;1.94;0.06;0.23;0.29
1982;4;24;114;10.2;6.4;2.6;1.8;-0.3;-2.3;-0.8;-1.3;0.14;2;2.5;0;515;157;91;56;96144;2.1;2.65;0.22;0.29
1982;4;25;115;10.7;6.9;2;0.8;-1;-2.2;-0.8;-2.3;0.14;2;2.5;0;463;167;100;73;96902;1.92;0.46;0.22;0.29
1982;4;26;116;7.2;4.7;1;4.2;1.9;-0.6;2.5;-1.8;0.14;2.1;2.5;0;305;84;68;42;96532;1.17;1.92;0.22;0.29
1982;4;27;117;8.8;5.3;1.2;1.3;-1.5;-4.8;0.6;-3.1;0.15;2.1;2.5;0;603;181;96;75;96488;1.9;0.23;0.22;0.29
1982;4;28;118;7.8;4.4;-1.1;3.1;0.7;-3.2;1.5;-1.5;0.15;2.1;2.5;0;333;103;70;42;96248;0.96;0.92;0.22;0.29
1982;4;29;119;9.9;5.2;1.7;5.5;3.1;0.8;2.8;0.1;0.15;2.1;2.5;0;443;86;50;23;95557;1.56;7.69;0.22;0.28
1982;4;30;120;6.3;3.2;-0.1;0.1;-3.1;-5.3;3;-0.9;0.15;2.1;2.5;0.19;557;178;84;56;95951;2.11;0.84;0.22;0.28
1982;5;1;121;8.2;4.4;1.3;5.1;2.1;-2.9;3.4;1.5;0.17;2.2;2.5;1.69;136;44;34;15;95784;0.9;6.29;0.22;0.28
1982;5;2;122;8;4;-0.5;0.5;-1.9;-3.6;2.9;0.2;0.16;2.2;2.5;1.03;530;165;102;67;96184;2.03;0.6;0.22;0.28
1982;5;3;123;13.9;8.3;0.9;6.1;2.3;-3;1.7;2.2;0.15;2.2;2.5;0.52;487;175;94;63;95668;2.02;0.73;0.22;0.28
1982;5;4;124;16.1;10.6;6.8;9;6.1;3.6;1.4;1.1;0.15;2.2;2.5;0.13;590;179;96;53;95577;2.18;3.55;0.22;0.28
1982;5;5;125;18;10;6;9.8;7;5.3;0.4;0.3;0.15;2.2;2.5;0;589;179;90;48;95450;2.42;10.89;0.22;0.28
1982;5;6;126;11.1;8.2;5.7;6.2;5.1;3.7;-1.1;-0.2;0.15;2.2;2.5;0;256;83;40;23;95889;1.57;9.16;0.23;0.28
1982;5;7;127;9.7;6.4;2.8;6;3.2;0.5;2.9;1.3;0.15;2.3;2.5;0;469;174;103;53;96238;2.59;7.1;0.24;0.28
1982;5;8;128;14.2;8.6;1.1;3.3;1;-0.7;-0.6;1;0.15;2.3;2.5;0;626;208;104;77;96261;2.51;0.04;0.24;0.28
1982;5;9;129;12.4;8.7;4.1;8.3;5.6;2.4;-1.2;-1.1;0.15;2.3;2.5;0;431;103;68;40;95859;1.33;4.11;0.24;0.28
1982;5;10;130;15.3;9.9;5;7.9;6.5;4.9;0.2;0;0.15;2.3;2.5;0;577;173;109;48;96122;2.51;3.58;0.24;0.28
1982;5;11;131;10.6;7.5;4.9;5.4;4.1;2.9;2;-0.6;0.15;2.3;2.5;0;498;133;78;41;96529;2.03;1.13;0.24;0.28
1982;5;12;132;14;9;1.6;4.9;3.3;1.2;-1.3;-0.7;0.15;2.4;2.5;0;565;169;101;72;97227;2.08;0.05;0.24;0.28
1982;5;13;133;17.5;11.2;2.5;6.9;4.3;1.5;-0.8;-1.2;0.15;2.4;2.5;0;691;250;135;97;97215;3.14;0;0.24;0.28
1982;5;14;134;18.9;12.5;4;8.4;5.2;2.5;-1;-1.2;0.15;2.4;2.5;0;709;255;136;98;96906;3.31;0;0.23;0.28
1982;5;15;135;20.5;14.7;7.3;9.7;7.5;5.5;-1.9;0.1;0.15;2.4;2.5;0;699;250;129;93;96434;3.4;0;0.23;0.28
1982;5;16;136;22.4;16;8.3;11.6;8;5.9;-1.3;0.6;0.15;2.4;2.5;0;703;253;134;93;96115;3.55;0.23;0.22;0.28
1982;5;17;137;21.6;15.6;8.8;13.3;10.5;7.1;0.1;0.3;0.16;2.4;2.5;0;641;202;108;70;96065;2.77;1.47;0.22;0.28
1982;5;18;138;21;16.6;10;13.2;10.9;9.2;0.9;0.3;0.16;2.5;2.5;0;583;212;109;74;96038;3;0.47;0.22;0.28
1982;5;19;139;18.5;14.9;10.3;14.3;12.1;9.3;1.3;-0.5;0.16;2.5;2.5;0;446;166;75;54;96352;2.21;1.83;0.22;0.28
1982;5;20;140;20.1;15.5;9.7;12.1;10.8;9.4;-0.8;0;0.16;2.5;2.5;0;522;196;106;71;96529;2.74;1.12;0.22;0.28
1982;5;21;141;18.1;14.7;10.4;14.1;12;10.2;1.2;-0.2;0.16;2.5;2.5;0;458;159;74;49;96533;2.62;4.96;0.21;0.28
1982;5;22;142;17.7;13.9;10.3;12.9;11;9.7;1.4;0.9;0.16;2.5;2.5;0;365;116;64;44;96146;1.92;4.03;0.22;0.28
1982;5;23;143;19.5;14.3;10.8;12.5;10.8;9.6;1.5;1.6;0.16;2.5;2.5;0;592;176;86;45;95418;2.71;6.99;0.22;0.28
1982;5;24;144;13.2;11;9.2;9.4;7.5;6;3.3;0;0.16;2.5;2.5;0;425;145;80;48;95587;2.63;3.2;0.22;0.28
1982;5;25;145;16.6;12.3;7.2;9.6;7.2;6.1;0.8;-0.1;0.16;2.6;2.5;0;512;161;101;66;96651;2.17;0.15;0.22;0.27
1982;5;26;146;22;15.5;6.9;10.5;7.9;4.8;-2.5;0.6;0.16;2.6;2.5;0;720;265;129;95;96659;3.73;0;0.22;0.27
1982;5;27;147;24.1;18.1;9.5;13;10.8;8;0.2;0.4;0.16;2.6;2.5;0;712;260;126;94;96234;3.72;0;0.21;0.27
1982;5;28;148;18.4;15.3;11.6;14.6;11.8;8.7;1.7;-1.3;0.16;2.6;2.5;0;478;183;90;58;96563;2.6;2.63;0.21;0.27
1982;5;29;149;16.8;13.4;10.2;8.5;7;6;-1.3;-2;0.16;2.6;2.5;0;411;155;72;56;97154;2.42;0.15;0.21;0.27
1982;5;30;150;18.8;14.3;8.8;7;6;4.8;-3.6;-0.4;0.16;2.6;2.5;0;681;264;129;101;97162;3.53;0;0.21;0.27
1982;5;31;151;24.6;18;10.8;12.9;9.7;6.3;-3;0.5;0.16;2.6;2.5;0;717;265;123;97;96862;3.81;0;0.2;0.27
1982;6;1;152;27.1;20.4;11.7;13.1;11.5;9.9;-1.7;-0.5;0.16;2.6;2.5;0;710;263;129;95;96861;3.96;0;0.2;0.27
1982;6;2;153;27.6;21.5;13.9;12.3;10.4;8.4;-2.6;-0.3;0.16;2.7;2.5;0;722;269;134;102;96489;4.11;0;0.2;0.27
1982;6;3;154;28.3;22.2;14.9;12.2;10.6;8.6;-2.2;0.2;0.16;2.7;2.5;0;717;264;133;97;96356;4.07;0;0.19;0.27
1982;6;4;155;29.2;22.7;14.4;12.3;10.2;7.8;-2;0.3;0.16;2.7;2.5;0;707;265;142;98;96347;3.95;0;0.19;0.27
1982;6;5;156;29.5;22.9;14.1;14.6;10.8;8;-0.3;-0.4;0.16;2.7;2.5;0;678;253;141;95;96200;3.7;0.05;0.18;0.27
1982;6;6;157;27.9;21.2;15.3;16.1;13.7;10.5;0.8;-1.1;0.16;2.7;2.5;0;649;206;120;76;95923;3.07;2.86;0.18;0.27
1982;6;7;158;24.5;19.2;14.7;16.5;14.5;13;0.5;-1.7;0.16;2.7;2.5;0;639;210;97;67;96196;3.46;3.46;0.18;0.27
1982;6;8;159;22.9;18.5;12.3;13.6;12.2;10.9;0;-1.3;0.16;2.7;2.5;0;566;185;90;66;96347;2.72;0.14;0.18;0.27
1982;6;9;160;22.3;18.3;14.1;15.9;13;8.5;0.3;-1.7;0.16;2.8;2.5;0;485;183;103;67;96077;2.81;1.92;0.18;0.27
1982;6;10;161;23.4;17.8;11.2;10.3;8.6;7.7;-1.3;-0.9;0.16;2.8;2.6;0;638;249;122;93;95915;3.47;0;0.18;0.27
1982;6;11;162;23.1;17;12.9;16.4;12.4;7.6;0.4;1.1;0.16;2.8;2.6;0;515;151;80;51;95397;2.47;12.73;0.18;0.27
1982;6;12;163;16.8;14;11.2;13.2;11.4;6.7;2.3;1.3;0.16;2.8;2.6;0;269;93;77;45;95079;2.23;6.91;0.19;0.27
1982;6;13;164;15.8;12;9.6;10.2;7.7;6.4;3.2;0.5;0.16;2.8;2.6;0;531;184;95;64;94834;3.04;3.87;0.19;0.27
1982;6;14;165;12.6;10.4;8.4;7.9;5.9;3.8;3.7;-0.7;0.16;2.8;2.6;0;541;179;85;63;95424;2.63;2;0.19;0.27
1982;6;15;166;13.7;10.6;7.1;4.7;3.2;1.6;3;-1;0.16;2.8;2.6;0;418;166;75;62;95924;2.49;0.37;0.19;0.26
1982;6;16;167;14.7;11;7.2;12.1;7.8;4.2;2;0.5;0.16;2.8;2.6;0;511;111;69;39;95802;2.18;7.53;0.19;0.26
1982;6;17;168;15.4;11.4;7.7;7.7;5.6;4.5;0.5;-0.7;0.16;2.8;2.6;0;369;147;86;52;96257;2.29;0.09;0.19;0.26
1982;6;18;169;20.4;13.9;6.1;13.1;8;4;0.1;0.9;0.16;2.8;2.6;0;645;218;102;69;95742;3.12;3.75;0.19;0.26
1982;6;19;170;18.6;14.4;10.5;11.5;9.5;7.1;3;0.8;0.16;2.8;2.6;0;635;231;105;79;95843;3.34;0.56;0.19;0.26
1982;6;20;171;18.4;14.3;9.8;9.4;7.7;6.2;2.3;0.1;0.16;2.8;2.6;0;566;190;95;73;96082;2.78;0.08;0.19;0.26
1982;6;21;172;20.9;15.9;8.4;12.5;9.6;7.5;0.4;0.4;0.16;2.8;2.6;0;579;178;92;65;95972;2.53;0.02;0.19;0.26
1982;6;22;173;22.4;17.6;10.3;14.6;11.6;9.6;0.4;1.5;0.16;2.8;2.6;0;554;192;90;64;95704;2.83;0.97;0.18;0.26
1982;6;23;174;19.2;16.6;13.5;15.9;13.5;10.4;2.6;1.6;0.16;2.8;2.5;0;547;115;76;42;95414;2.51;3.66;0.19;0.26
1982;6;24;175;19.3;15.9;12.8;11.9;10.5;9.6;2.9;0.8;0.16;2.8;2.5;0;598;198;90;70;95812;2.75;0.32;0.18;0.26
1982;6;25;176;24.2;18.1;9.3;14.7;11.4;8.4;-1.4;0.8;0.16;2.8;2.5;0;610;234;103;75;95674;3.29;0;0.18;0.26
1982;6;26;177;19.8;17.1;14.6;15.6;14.3;13.5;1.4;-0.2;0.15;2.7;2.5;0;386;118;64;37;95406;2.19;7.02;0.18;0.26
1982;6;27;178;17.5;14.8;12.8;13.9;11.9;9.3;2.6;0;0.15;2.7;2.5;0;396;113;77;39;95540;2.32;7.43;0.19;0.26
1982;6;28;179;18.1;14.2;11.9;12.5;11.1;9.6;3.5;0.8;0.15;2.7;2.5;0;538;182;73;47;95749;3.05;5.94;0.19;0.26
1982;6;29;180;17.5;14;11.3;13.2;10.9;8.6;3.2;0.8;0.15;2.7;2.5;0;588;189;94;50;95887;3.48;5.95;0.19;0.26
1982;6;30;181;16.6;13.1;9.9;11.5;9.3;7.9;3.4;0.1;0.15;2.7;2.5;0;580;182;96;54;96499;3.16;3.53;0.2;0.26
1982;7;1;182;17.6;14.4;10.4;10.1;8.2;6.7;2.1;-0.3;0.15;2.7;2.5;0;508;172;84;59;96684;2.66;0.33;0.19;0.26
1982;7;2;183;23.6;18.3;11.9;14.1;11.5;9.5;-0.4;1.2;0.15;2.7;2.5;0;669;231;103;70;96116;3.43;0.05;0.19;0.26
1982;7;3;184;27.5;21.3;15.9;16.7;14.9;12;1;1.9;0.15;2.7;2.5;0;616;212;97;59;95584;3.73;2.4;0.19;0.26
1982;7;4;185;18.4;16.1;13.3;15.9;11.2;7.1;3.3;-0.5;0.15;2.7;2.5;0;573;156;93;46;96069;3.41;11.54;0.2;0.26
1982;7;5;186;18.9;15.2;11;9.6;8;6.6;2.9;-0.1;0.15;2.7;2.5;0;459;176;101;69;96493;2.93;0.1;0.2;0.26
1982;7;6;187;21.4;17;12.2;11.2;9.5;7.8;1.6;0.2;0.15;2.7;2.5;0;546;197;99;56;96245;3.13;0.28;0.19;0.26
1982;7;7;188;19.4;16.3;13.3;11.8;10.4;9.1;1.2;-1.9;0.15;2.7;2.5;0;463;164;79;53;96429;2.82;0.97;0.19;0.26
1982;7;8;189;23.1;17.4;10.2;11.9;10.3;9.3;-0.6;-1.2;0.15;2.6;2.5;0;639;241;113;83;96756;3.54;0;0.19;0.26
1982;7;9;190;24.9;19.1;11.5;12.9;10.7;9.2;-1.6;-0.1;0.15;2.6;2.5;0;712;264;129;94;96546;3.88;0;0.19;0.26
1982;7;10;191;28.1;21.4;12.2;14;12;9.5;-1.1;-0.7;0.15;2.6;2.5;0;712;262;128;92;96368;4.03;0;0.18;0.26
1982;7;11;192;26.8;21.1;14.5;14;12.2;10.5;-2.2;-0.8;0.15;2.6;2.5;0;697;246;114;88;96341;3.7;0;0.18;0.25
1982;7;12;193;26.3;21.1;15.4;16.1;14.7;13.4;-1.3;-2.5;0.15;2.6;2.5;0;658;226;97;70;95959;3.23;0.23;0.18;0.25
1982;7;13;194;24.9;21;16.1;15.8;13.9;12.6;-2.1;-0.7;0.15;2.6;2.5;0;552;190;82;68;95800;2.87;0.33;0.17;0.25
1982;7;14;195;26.7;21.9;16;14.5;11.9;10.7;-2.2;0.2;0.15;2.6;2.5;0;645;238;115;86;95658;3.48;0;0.17;0.25
1982;7;15;196;29.2;23.1;15.4;17.1;13.5;11.2;-0.1;0.4;0.15;2.6;2.5;0;623;227;116;77;95819;3.33;1.99;0.17;0.25
1982;7;16;197;27.5;22.1;15.9;17.6;16.2;15;0.5;-0.2;0.15;2.6;2.5;0;598;218;103;70;96197;3.45;1.53;0.17;0.25
1982;7;17;198;20.5;18.5;16.4;16.9;15.9;14.9;-0.5;-1.4;0.15;2.6;2.5;0;258;90;53;39;96432;2.2;12.56;0.17;0.25
1982;7;18;199;22.2;18.5;15.4;14.9;12.3;9.6;-2.3;-2.2;0.15;2.6;2.5;0;586;194;88;59;96705;3.24;0.11;0.18;0.25
1982;7;19;200;20.8;17.5;14.3;14.1;12.1;9.4;-2.7;-1.4;0.15;2.5;2.5;0;387;106;57;32;96785;1.82;0.25;0.17;0.25
1982;7;20;201;26.5;21.3;16.7;16.5;15.4;14.3;-2.1;-0.3;0.15;2.5;2.5;0;476;173;89;51;96576;2.69;0.11;0.17;0.25
1982;7;21;202;28.3;22.3;15.2;18.6;16.2;14.6;0.3;-0.5;0.15;2.5;2.5;0;630;218;99;69;96312;3.18;0.39;0.17;0.25
1982;7;22;203;24.1;20.1;17.2;18;17.2;16;0.1;-0.9;0.15;2.5;2.5;0;515;168;77;45;95998;3.41;20.19;0.17;0.25
1982;7;23;204;21.2;18.3;16;15.5;14.2;13.5;-1.1;-1.2;0.15;2.5;2.5;0;419;105;64;29;96016;2.4;2.32;0.19;0.25
1982;7;24;205;22.8;19.1;16;17.1;15.2;12.8;-1.8;-1.1;0.15;2.5;2.5;0;466;143;71;40;95927;2.86;8.55;0.19;0.25
1982;7;25;206;20.2;17.7;15.5;16.6;15.5;14.2;-0.4;-1.7;0.15;2.5;2.5;0;251;75;43;28;96022;1.86;14.38;0.2;0.25
1982;7;26;207;16.3;14.9;13.8;14.5;13;10.9;0.4;-2.2;0.15;2.5;2.5;0;255;69;37;23;96115;2.17;12.06;0.21;0.25
1982;7;27;208;18.4;14.7;12.6;12.4;11.2;10.2;-0.6;-1.7;0.15;2.5;2.5;0;482;140;79;44;95992;2.66;9.16;0.21;0.25
1982;7;28;209;17.8;14.8;11.6;13.8;11.6;9.5;-1.4;-1.4;0.15;2.5;2.5;0;380;94;48;29;96045;2.46;9.69;0.22;0.25
1982;7;29;210;23.1;18.2;13;14.2;12.5;10;-1.8;-0.7;0.15;2.5;2.5;0;567;187;92;60;96276;3.2;0.53;0.23;0.25
1982;7;30;211;25.3;20.2;13.9;12.5;11;8.6;-2.6;-0.1;0.15;2.4;2.5;0;689;241;119;84;96104;4.1;0;0.22;0.25
1982;7;31;212;26.2;20.7;16.7;16.7;13.1;10.3;-2.3;-0.7;0.15;2.4;2.5;0;639;210;103;68;95481;3.88;2.04;0.22;0.25
1982;8;1;213;24.9;20.1;15.3;16;14.5;12.3;0.6;-0.5;0.15;2.4;2.5;0;556;180;92;61;95803;3.11;0.05;0.22;0.25
1982;8;2;214;26;20.9;14.7;13.2;11.4;10.2;-2.8;0.1;0.15;2.4;2.5;0;637;223;106;78;95842;3.9;0.03;0.21;0.25
1982;8;3;215;26.2;20.4;16.1;16.8;13.7;10.1;-2.6;0;0.15;2.4;2.5;0;541;184;88;60;95732;3.61;7.78;0.21;0.25
1982;8;4;216;22.4;18.8;15.7;17.9;16.1;14;0.4;0.2;0.15;2.4;2.5;0;413;131;85;44;95870;2.21;4.58;0.22;0.25
1982;8;5;217;23.5;18.8;13.9;17.1;15.5;13.4;0.5;0.6;0.15;2.4;2.5;0;527;171;82;54;95796;2.84;4.68;0.22;0.25
1982;8;6;218;20.6;17.5;14.4;17.3;16;14.3;-0.3;-0.7;0.15;2.4;2.5;0;367;114;58;36;95678;2.21;13.27;0.22;0.25
1982;8;7;219;20.3;17.1;14.8;17.1;15.9;14.5;-0.3;-0.1;0.15;2.4;2.5;0;278;78;56;26;95617;1.52;6.16;0.23;0.25
1982;8;8;220;22;17.6;14.2;17.1;15.8;14.1;0.9;-0.7;0.15;2.4;2.5;0;454;124;71;33;96034;2.23;8.11;0.24;0.25
1982;8;9;221;20.4;17.8;15.7;16.7;15.1;12.9;1.6;-0.6;0.15;2.3;2.5;0;390;102;62;34;96305;2.12;3.1;0.24;0.25
1982;8;10;222;22;18.1;14.9;15.2;13.3;11.7;2.4;-0.3;0.15;2.3;2.5;0;606;167;90;51;96460;2.89;0.88;0.24;0.25
1982;8;11;223;22.7;18.2;13.1;14.2;12.3;10.6;0.9;-0.5;0.15;2.3;2.5;0;546;194;115;72;96710;3.04;0.01;0.24;0.25
1982;8;12;224;26.1;20.3;12.4;15.9;13.5;10;0.5;1.6;0.15;2.3;2.5;0;640;205;101;75;96145;3.38;0.09;0.24;0.25
1982;8;13;225;24.6;20.1;16.3;16.7;14.8;12.8;2.4;1.5;0.15;2.3;2.5;0;620;190;103;57;95799;3.45;7.62;0.23;0.25
1982;8;14;226;19.5;16.8;13.6;16;13.7;11.8;2.6;0.8;0.15;2.3;2.5;0;417;139;88;53;96030;2.59;1.98;0.24;0.25
1982;8;15;227;24.6;18.4;10.9;16.4;13.7;10.5;0.6;1.3;0.14;2.3;2.5;0;611;186;101;58;96051;3.1;3.55;0.24;0.25
1982;8;16;228;21.8;18.3;14.7;16;13.4;11.1;2.2;0.4;0.14;2.3;2.5;0;550;167;89;62;96021;2.89;0.35;0.24;0.25
1982;8;17;229;20.2;16.7;13.7;15.4;12.8;11;2;0.7;0.14;2.3;2.5;0;451;127;80;48;95832;2.28;2.89;0.24;0.25
1982;8;18;230;22.7;17.6;14.2;13.1;11.7;10.3;2.7;1.5;0.14;2.3;2.5;0;635;178;98;61;95938;3.09;0.69;0.23;0.25
1982;8;19;231;19;16.3;13.6;14.8;12.6;11.5;2.5;1.5;0.14;2.3;2.5;0;384;110;93;56;95740;2.08;3.14;0.23;0.25
1982;8;20;232;15.5;13;9.4;13.9;11.4;8.5;2;0.9;0.14;2.3;2.5;0;186;38;57;28;95500;1.41;8.21;0.24;0.25
1982;8;21;233;14.7;12;8.7;8.6;7;5.7;3.2;0.7;0.14;2.3;2.5;0;378;110;50;38;96037;2.09;0.29;0.24;0.25
1982;8;22;234;17.4;13.8;10.7;9.4;7.4;5.6;2.3;0.2;0.14;2.2;2.5;0;392;138;79;56;96477;2.18;0.13;0.24;0.25
1982;8;23;235;20.8;15.4;8.7;11.5;9.1;6.7;0.8;1.1;0.14;2.2;2.5;0;539;156;95;57;96269;2.33;0.04;0.23;0.25
1982;8;24;236;18.1;14.4;10.8;12.6;11.3;9.1;1.8;0.3;0.14;2.2;2.5;0;516;159;93;59;95862;2.33;7;0.23;0.24
1982;8;25;237;16.4;13.3;11.2;11.5;10.8;10;2;1.5;0.14;2.2;2.5;0;188;47;60;30;95904;1.21;1.15;0.24;0.24
1982;8;26;238;23.6;16.9;9.7;14.8;12.4;9.2;0.1;2.3;0.14;2.2;2.5;0;614;180;102;63;95599;2.66;1.29;0.24;0.24
1982;8;27;239;18.8;15.7;12.9;15.1;13.1;11.1;1.9;0.9;0.14;2.2;2.5;0;471;91;55;33;95870;1.88;7.8;0.24;0.24
1982;8;28;240;18.9;15.1;11.7;12.4;10.6;8.2;0.7;0.1;0.14;2.2;2.5;0;477;130;91;52;96367;2.02;1.36;0.24;0.24
1982;8;29;241;19.2;15;10.3;11.5;9.7;8.6;-0.9;-0.4;0.14;2.2;2.5;0;494;145;93;66;96661;2.11;0.52;0.24;0.24
1982;8;30;242;20.6;15.8;9.1;11.5;9.3;7.6;-0.8;1.5;0.14;2.2;2.5;0;533;154;98;59;96198;2.36;0;0.24;0.24
1982;8;31;243;18.5;14.6;11.8;14;12.2;10.1;0.8;0.2;0.14;2.2;2.5;0;375;90;73;41;95812;1.43;12.56;0.24;0.24
1982;9;1;244;17.6;14.3;11.7;11.8;10.3;8.9;1.6;-1;0.14;2.2;2.5;0;323;109;82;44;96392;1.9;0.52;0.25;0.24
1982;9;2;245;15.5;12.9;10.2;10.9;9.8;8.6;2.2;0.3;0.14;2.2;2.5;0;288;62;57;32;96780;0.89;0.16;0.25;0.24
1982;9;3;246;18.5;13.5;8;10.4;8.6;6.8;1.2;0.3;0.14;2.2;2.5;0;567;169;125;76;97194;2.16;0;0.24;0.24
1982;9;4;247;22.4;15.9;7.9;11.8;9;5.7;0.3;1.4;0.14;2.2;2.5;0;588;186;121;84;96748;2.57;0;0.24;0.24
1982;9;5;248;25.8;19;10.6;16.6;13.1;9.1;-0.9;0.7;0.14;2.2;2.5;0;566;174;108;69;96269;2.48;0;0.24;0.24
1982;9;6;249;22.4;18.7;15.2;16.4;15.2;14.1;1.2;0.2;0.14;2.2;2.5;0;392;129;77;46;95635;2.09;2.02;0.24;0.24
1982;9;7;250;18.6;15.8;11.9;16;13.5;9.8;1.6;-0.3;0.14;2.2;2.5;0;285;78;80;39;96036;1.47;1.78;0.24;0.24
1982;9;8;251;19.6;15.4;10.2;12.2;10.7;9;1.3;-0.5;0.14;2.2;2.5;0;451;126;93;55;96465;1.77;0.07;0.24;0.24
1982;9;9;252;21.4;16.7;12.1;12.4;11.1;9.7;-1.2;-1.1;0.14;2.2;2.5;0;440;119;74;49;96664;1.84;0.09;0.23;0.24
1982;9;10;253;21.9;17.1;12.7;12.3;10.8;9.9;-2.6;0.3;0.14;2.2;2.5;0;567;176;113;84;96849;2.47;0;0.23;0.24
1982;9;11;254;23.7;17.7;10.5;14.4;12.3;9.5;0.2;-0.2;0.14;2.2;2.5;0;560;166;114;68;96849;2.28;0;0.23;0.24
1982;9;12;255;23.3;18.5;14.6;14.6;13.2;12.1;-0.7;-0.6;0.14;2.1;2.5;0;512;121;89;52;96900;1.76;0.07;0.23;0.24
1982;9;13;256;23.3;18.5;13.9;14.4;13.2;11.8;0.2;-0.4;0.14;2.1;2.5;0;444;118;79;49;96700;1.73;0.03;0.23;0.24
1982;9;14;257;24.5;18.7;13.3;14.4;13.1;11.7;-1.4;-0.2;0.14;2.1;2.5;0;550;165;110;73;96624;2.26;0;0.22;0.24
1982;9;15;258;25.3;18.6;12;15.1;12.8;11.1;-1.5;0.1;0.14;2.1;2.5;0;550;168;120;80;96594;2.28;0;0.22;0.24
1982;9;16;259;26;19;11.8;15.6;12.5;10;-0.9;-0.2;0.14;2.1;2.5;0;548;172;124;81;96710;2.21;0;0.22;0.24
1982;9;17;260;25.5;18.7;12;14;12;10.4;-1.8;0;0.14;2.1;2.5;0;544;165;121;82;96585;2.25;0;0.22;0.24
1982;9;18;261;24.1;18;11.7;14;12;10.5;-0.6;0.7;0.14;2.1;2.5;0;538;163;121;81;96298;2.05;0;0.22;0.24
1982;9;19;262;24;17.9;12.6;15.3;13.5;11.3;0.1;1.2;0.14;2.1;2.5;0;502;141;98;65;96202;1.84;0.76;0.21;0.24
1982;9;20;263;25.2;18.6;12.4;16;14;11.9;0.1;1.7;0.14;2.1;2.5;0;505;154;99;66;96005;1.97;3.53;0.21;0.24
1982;9;21;264;23.1;18.7;15;15.8;14.3;12.8;1.4;2.4;0.13;2;2.5;0;481;138;88;61;95604;2.36;2.08;0.21;0.24
1982;9;22;265;16.4;14.1;11.2;14.7;12;9.3;1.1;0;0.13;2;2.5;0;205;44;48;28;95447;1.38;7.95;0.22;0.24
1982;9;23;266;14.2;11.8;9.1;11.6;9.5;7.3;1.2;0.2;0.13;2;2.5;0;296;71;60;35;95477;1.27;1.68;0.22;0.24
1982;9;24;267;16.9;11.5;5.1;8.3;6.3;4.4;-0.3;1.2;0.13;2;2.5;0;457;120;91;73;95789;1.51;0;0.22;0.24
1982;9;25;268;21.6;14.8;8.6;10.8;8.5;4.6;-2.4;1.3;0.13;2;2.5;0;487;140;98;76;95811;1.82;0;0.22;0.24
1982;9;26;269;24.3;17;12;13.3;11.3;9.4;-1.1;1.3;0.13;2;2.5;0;501;142;111;70;95614;2.17;4.03;0.22;0.24
1982;9;27;270;16.6;13.1;10.5;10.8;9.3;7.8;0.9;0.9;0.13;1.9;2.5;0;344;76;70;41;96398;1.5;1.14;0.22;0.24
1982;9;28;271;18.2;13.5;7.8;11;9;6.9;-0.1;0.8;0.13;1.9;2.5;0;428;111;90;64;96470;1.25;0.01;0.22;0.24
1982;9;29;272;19.2;13.7;7.5;10.6;9.1;6.7;-1.8;0.3;0.13;1.9;2.5;0;468;137;112;78;96429;1.5;0;0.22;0.24
1982;9;30;273;20.7;15;10.4;13.2;10.6;8.4;-0.9;0.1;0.13;1.9;2.5;0;474;131;105;68;95900;1.53;2.78;0.22;0.24
1982;10;1;274;16.6;13.6;11.2;12.5;11.7;10.4;0.5;-1.2;0.13;1.9;2.5;0;230;57;46;31;96142;0.98;2.21;0.22;0.24
1982;10;2;275;17.1;14.2;10.5;12.5;11.8;10.2;-2.1;-0.5;0.13;1.9;2.5;0;176;43;63;22;96312;0.89;0.51;0.22;0.24
1982;10;3;276;17.8;13.4;10.1;11.5;8.4;5.6;-2.2;0;0.13;1.8;2.5;0;466;122;120;77;96275;1.43;0;0.22;0.24
1982;10;4;277;15.3;10.9;7.5;7.3;5.8;4.2;-2.3;0.7;0.13;1.8;2.5;0;456;118;109;73;95901;1.24;0;0.22;0.24
1982;10;5;278;15.8;11;7.1;8.3;5.9;3.5;-1.5;0.9;0.13;1.8;2.5;0;439;114;102;68;94830;1.25;0.12;0.21;0.24
1982;10;6;279;16.9;11.8;6.9;9.9;7.8;6.1;-3.1;0.8;0.13;1.8;2.5;0;401;92;91;48;93880;1.58;4.22;0.21;0.24
1982;10;7;280;8.9;6.8;2.9;7;5.3;2.8;2.3;5.6;0.13;1.8;2.5;0.09;63;15;21;7;93722;2.76;27.42;0.23;0.24
1982;10;8;281;11.2;9.1;7.6;8;6.7;5.4;2.8;2.6;0.13;1.8;2.5;0;200;37;66;27;94530;1.42;5.78;0.25;0.24
1982;10;9;282;11.6;8.9;7.4;7.2;6.3;5.5;1.5;1.5;0.13;1.7;2.5;0;275;71;74;38;95118;1.04;1.32;0.25;0.24
1982;10;10;283;11.9;8.5;5.9;7.4;6.4;5.4;0.9;1.4;0.13;1.7;2.5;0;295;67;62;36;95776;0.93;2.9;0.25;0.24
1982;10;11;284;12.2;8.9;5.8;8.6;7.4;5.4;0.9;2;0.13;1.7;2.5;0;290;67;70;30;95638;1.22;9.63;0.25;0.24
1982;10;12;285;9.8;8.4;7.2;8;7;6.3;2.3;2;0.13;1.7;2.5;0;198;43;55;24;95097;1.29;5.01;0.26;0.24
1982;10;13;286;12.1;9.6;7.2;10.1;7.8;6.1;1.3;3.3;0.13;1.7;2.5;0;178;29;27;13;93871;1.81;11.34;0.26;0.24
1982;10;14;287;14.2;10.5;8;7.7;6.2;4.3;2.8;3.2;0.13;1.7;2.5;0;369;96;90;53;93799;1.87;2.51;0.27;0.24
1982;10;15;288;10.1;7.7;6.1;6.3;5.2;4;4.5;1.1;0.13;1.7;2.5;0;289;68;87;42;94901;1.64;3.21;0.27;0.24
1982;10;16;289;8.6;6;3.3;4.1;2.4;0.4;1.4;0.9;0.13;1.6;2.5;0;282;63;81;45;95844;0.77;0.04;0.27;0.24
1982;10;17;290;8.1;5.6;0.9;7.1;3.9;-0.6;-0.7;1.8;0.13;1.6;2.5;0;211;39;69;32;95526;0.54;2.39;0.27;0.24
1982;10;18;291;14.4;9.3;5;8;6.4;3.9;-1.1;1.3;0.13;1.6;2.5;0;370;98;102;62;95672;0.94;0;0.27;0.24
1982;10;19;292;11.9;8.8;5.3;10;7.5;4.7;0.4;0.3;0.12;1.6;2.5;0;161;39;49;27;96317;0.47;1.59;0.27;0.24
1982;10;20;293;11.8;9.3;6.6;8.6;7.3;6.5;1.3;1.6;0.12;1.6;2.5;0;260;54;55;36;96513;0.53;0.03;0.27;0.24
1982;10;21;294;12.6;8.9;4;9;7.7;4;0.3;1.5;0.12;1.6;2.5;0;261;59;73;44;95978;0.38;0.02;0.26;0.24
1982;10;22;295;14.2;9.5;6.2;7.7;6.9;5;-1.8;0.9;0.12;1.6;2.5;0;393;92;108;66;95217;0.81;0;0.26;0.24
1982;10;23;296;14.6;9.6;4.4;10.7;7.7;3.6;-1.1;0.4;0.12;1.6;2.5;0;292;70;63;46;94868;0.63;0.48;0.26;0.24
1982;10;24;297;10.6;8.8;6.8;8.9;7.7;5.4;1.8;0.9;0.12;1.6;2.5;0;116;26;21;9;95819;0.67;1.49;0.26;0.24
1982;10;25;298;8.4;7.2;6.1;5.4;4.7;4.1;-0.3;-0.9;0.12;1.6;2.5;0;79;20;23;15;96627;0.43;0.07;0.26;0.24
1982;10;26;299;10.8;7.4;4.9;5.6;4.7;3.9;0.5;0.9;0.12;1.6;2.5;0;302;70;91;54;96671;0.58;0;0.26;0.24
1982;10;27;300;9.7;6.6;2.7;7.4;5.3;2.3;-0.1;0.4;0.12;1.6;2.5;0;117;29;58;25;97076;0.22;0.15;0.26;0.24
1982;10;28;301;10.7;8.1;6.6;6.6;6.2;5.6;-2.4;-0.5;0.12;1.6;2.5;0;266;66;91;49;97454;0.49;0.01;0.26;0.24
1982;10;29;302;11.3;8.1;6.3;6.7;6.1;5.6;-2.6;0;0.12;1.6;2.5;0;268;58;86;47;97569;0.41;0.03;0.26;0.24
1982;10;30;303;12;7.5;4.3;7.2;5.9;4.2;-1.4;0.5;0.12;1.6;2.5;0;258;64;90;54;97376;0.5;0;0.25;0.24
1982;10;31;304;9.6;5.6;2.6;6;4.4;2.5;0.2;1.5;0.12;1.6;2.5;0;277;62;102;52;97259;0.35;0;0.25;0.25
1982;11;1;305;12.3;6.1;0.2;6.9;4.2;0;0.4;1.6;0.12;1.6;2.5;0;249;61;79;56;97208;0.42;0;0.25;0.25
1982;11;2;306;13.4;7.5;2.1;9.4;6.1;1.9;0.7;1.1;0.12;1.6;2.5;0;312;76;95;58;97077;0.51;0;0.25;0.25
1982;11;3;307;9.9;7.4;4.7;8.2;6.8;4.7;-0.4;0.5;0.12;1.6;2.5;0;131;30;45;22;96935;0.26;1.01;0.25;0.25
1982;11;4;308;9.8;6.9;5.1;6.9;6;4.9;0.4;0.3;0.12;1.6;2.5;0;167;40;57;20;96660;0.38;0.06;0.25;0.25
1982;11;5;309;7.5;6.1;2;7;3.9;-2.9;-2.1;-0.5;0.12;1.6;2.5;0;193;36;64;29;96677;0.46;0.4;0.25;0.25
1982;11;6;310;4.4;0.9;-1.6;-3.2;-6;-8.8;-4.2;0.5;0.12;1.6;2.5;0;340;81;116;96;96371;0.71;0;0.25;0.25
1982;11;7;311;6.1;1.7;-0.7;-4.8;-7.9;-11.2;-4;0.9;0.12;1.6;2.5;0;345;82;125;103;95561;0.81;0;0.25;0.25
1982;11;8;312;9.8;5.6;1.1;1.4;-3.6;-9.3;-2.2;1.9;0.11;1.5;2.5;0;202;44;90;50;95177;0.67;0.02;0.25;0.25
1982;11;9;313;11.8;7.9;5.2;8.8;5.4;1.6;0;1.9;0.11;1.5;2.5;0;274;51;75;43;95590;0.42;0.75;0.25;0.25
1982;11;10;314;11.4;8.2;5.7;7.4;6.5;5.3;1;1.5;0.11;1.5;2.5;0;164;37;60;31;96435;0.34;0.05;0.25;0.25
1982;11;11;315;9.6;7.4;5.6;6.5;5.9;5;0.4;1.3;0.11;1.5;2.5;0;96;23;45;31;97046;0.17;0.02;0.25;0.25
1982;11;12;316;8.7;5.4;1.5;6.7;4.5;1.2;-0.8;2;0.11;1.5;2.5;0;129;31;69;39;96392;0.22;0.88;0.24;0.25
1982;11;13;317;8.2;5.9;4.1;7.1;4.8;3.6;1.8;1.8;0.11;1.5;2.5;0;73;17;27;12;95337;0.91;9.6;0.25;0.25
1982;11;14;318;5.3;3.1;-0.2;3.5;2.1;-0.8;1.7;1.4;0.11;1.5;2.5;0;191;43;80;40;95038;0.71;1.87;0.25;0.25
1982;11;15;319;4.6;1.5;-1.8;0.5;-0.5;-2.5;0;0.3;0.11;1.5;2.5;0.08;201;38;79;42;95214;0.37;0.34;0.25;0.25
1982;11;16;320;1.6;0.5;-1.5;0;-1.4;-2.1;1.7;1.2;0.11;1.5;2.5;0.15;153;33;54;32;95726;0.31;1.57;0.25;0.25
1982;11;17;321;2.7;1.2;0.4;0.4;-0.5;-1.2;3.5;0.5;0.19;1.5;2.5;5.11;162;37;67;28;95285;0.37;6.32;0.25;0.25
1982;11;18;322;7.6;3.9;1.2;7.4;3.6;0.6;3.2;2.3;0.2;1.5;2.5;5.33;55;10;8;1;95264;0.04;4.58;0.26;0.25
1982;11;19;323;7.9;6.6;4.3;7.1;5.5;2.9;3.9;1.7;0.14;1.5;2.5;1.86;103;17;59;22;95923;0.56;3.11;0.26;0.25
1982;11;20;324;6.2;4.5;3.3;3.3;2.2;0.8;4;1.3;0.12;1.6;2.5;0.66;229;41;85;43;96772;0.99;2.17;0.27;0.25
1982;11;21;325;5.5;3.1;1.1;2.7;1.5;-0.2;0;1.8;0.12;1.6;2.5;0.4;154;34;99;51;96915;0.17;0.01;0.27;0.25
1982;11;22;326;8.4;4.1;1;3.6;1;-1.8;0.5;2.5;0.11;1.6;2.5;0.29;254;54;100;59;96582;0.38;0.07;0.26;0.25
1982;11;23;327;9.4;5.6;3.6;2.3;0.4;-0.9;-0.4;2.6;0.11;1.6;2.5;0.16;233;49;88;53;96570;0.58;0.01;0.26;0.25
1982;11;24;328;10.2;6.2;2.7;6.7;2.3;-1.2;1.2;2;0.11;1.6;2.5;0.1;239;50;84;50;95869;0.59;1.41;0.26;0.25
1982;11;25;329;6.8;4;2;4.3;3.2;1.9;-0.4;2;0.11;1.6;2.5;0;209;42;94;53;95766;0.24;0;0.26;0.25
1982;11;26;330;7.3;3;-0.3;3.9;1.9;-0.6;-1;1.4;0.11;1.6;2.5;0;201;42;91;52;95264;0.26;0;0.26;0.25
1982;11;27;331;7.2;2.9;0.1;3.1;1.5;-0.4;-1.7;0.3;0.11;1.6;2.5;0;228;45;91;55;94865;0.24;0.02;0.26;0.25
1982;11;28;332;3.9;2.4;0.2;2.4;1.1;0.1;0.4;-1.3;0.11;1.6;2.5;0;112;19;37;11;95561;0.37;1.5;0.26;0.25
1982;11;29;333;3.3;2.2;1.3;1.7;1.1;0.6;-2.1;-2.5;0.11;1.6;2.5;0.24;46;10;13;8;96585;0.61;2.32;0.26;0.25
1982;11;30;334;2;0.9;-0.8;0.5;-1.3;-3.6;-3.5;-1.7;0.11;1.6;2.5;0.23;122;25;50;24;97250;0.57;0.14;0.26;0.25
1982;12;1;335;2.2;0;-1.6;-1.9;-3.1;-4.8;-4.6;-0.5;0.11;1.6;2.5;0.23;234;49;90;70;96939;0.29;0;0.26;0.25
1982;12;2;336;6.3;2.7;0.3;3.1;1.1;-1.7;-3;-0.3;0.11;1.6;2.5;0.2;215;44;86;63;96749;0.09;0;0.26;0.25
1982;12;3;337;6.5;2.7;0.5;3.3;1.5;-0.2;-2.1;-0.5;0.11;1.7;2.5;0.15;222;44;94;65;97086;0.08;0;0.26;0.25
1982;12;4;338;2;-0.3;-2.2;0.3;-1;-2.7;-1.3;0.4;0.11;1.7;2.5;0.15;167;34;74;44;97672;0.15;0.12;0.26;0.25
1982;12;5;339;1.6;0.1;-0.8;0.7;-0.2;-1.1;0.4;1.6;0.11;1.7;2.5;0.33;106;22;49;21;97738;0.08;0.22;0.26;0.25
1982;12;6;340;3;1.2;-0.9;2.5;0.3;-1.7;0.5;1.6;0.11;1.7;2.5;0.36;61;10;57;15;96648;0.24;7.04;0.26;0.25
1982;12;7;341;6;2.7;0.6;5.5;2.5;0.5;-1.1;1;0.11;1.7;2.5;0.3;21;5;7;1;95999;0.11;2.91;0.26;0.25
1982;12;8;342;10.4;8.3;6;8.8;7.4;5.4;1.8;2.1;0.11;1.7;2.5;0.13;88;17;43;9;95396;0.35;13.73;0.27;0.25
1982;12;9;343;7.3;5.9;4.9;5.8;4.5;3.6;2.2;2.5;0.11;1.7;2.5;0.01;155;28;59;28;95039;0.91;3.44;0.28;0.25
1982;12;10;344;10.4;6.7;2.6;7.4;4.3;0.6;4;3.4;0.11;1.7;2.5;0;93;13;49;25;94063;1.78;14.16;0.28;0.25
1982;12;11;345;2.1;1.2;0.4;0.5;-0.4;-1;4.4;1.4;0.12;1.7;2.5;1.09;154;31;67;35;93966;0.9;4.37;0.29;0.25
1982;12;12;346;2.2;0.7;-0.5;0.6;-1.4;-2.8;0.9;2.2;0.16;1.7;2.5;4.35;168;29;72;28;94017;0.34;8.1;0.29;0.25
1982;12;13;347;3.2;1.2;-0.5;1.2;0.4;-1.2;0.7;0.3;0.27;1.7;2.5;10.48;107;20;44;21;94531;0.16;4.34;0.29;0.25
1982;12;14;348;1.2;-0.1;-1.1;-0.4;-1.3;-2.1;0;0;0.28;1.7;2.5;10.95;58;11;38;16;95759;0.17;0.59;0.29;0.25
1982;12;15;349;6.7;2;-0.9;5.9;0.6;-2.6;3.6;3.1;0.28;1.7;2.5;11.07;42;9;46;12;94955;0.15;5.35;0.29;0.25
1982;12;16;350;7.6;6.2;3.1;6.7;4.9;2.9;6.1;1.8;0.16;1.7;2.5;3.74;52;10;19;7;94037;0.98;18.16;0.3;0.25
1982;12;17;351;2.5;1.3;0.6;2.4;0.1;-2.1;0.7;0.8;0.17;1.7;2.5;4.3;134;23;50;17;93715;0.48;15.32;0.31;0.26
1982;12;18;352;1;0.1;-1.4;0.2;-1.1;-3.1;1.2;-1.7;0.35;1.7;2.5;14.16;73;15;30;18;93947;0.26;2.58;0.31;0.26
1982;12;19;353;-1.5;-2.1;-2.8;-3.4;-5.3;-7.1;1.7;0.8;0.35;1.7;2.5;14.91;77;15;90;38;95293;0.44;0.18;0.31;0.26
1982;12;20;354;6.5;3.2;-2.6;4.8;1;-7.3;1.6;3.9;0.31;1.6;2.5;12.21;43;7;63;5;93841;0.03;14.1;0.31;0.26
1982;12;21;355;3.2;1.4;0;2.5;0;-1.9;1.9;2.8;0.21;1.6;2.5;6.89;109;21;73;38;93990;0.44;2.37;0.32;0.27
1982;12;22;356;2.4;-0.3;-2.5;-1;-2.2;-3.8;0.7;2;0.21;1.6;2.5;6.64;153;30;71;55;94711;0.22;0.04;0.31;0.27
1982;12;23;357;0.7;-0.9;-2.6;-1.3;-2.8;-3.9;1.3;0.2;0.21;1.6;2.5;7.15;79;16;46;24;95588;0.16;0.85;0.31;0.27
1982;12;24;358;0;-2;-4;-2.8;-4.3;-6.6;1.2;0.1;0.22;1.6;2.5;7.3;134;25;67;36;96524;0.14;0.03;0.3;0.27
1982;12;25;359;-0.7;-1.9;-3.2;-1.8;-3.8;-6.5;1.8;0.1;0.24;1.6;2.5;8.65;66;11;29;13;96765;0.15;2.06;0.3;0.27
1982;12;26;360;1.2;-0.4;-2.3;0;-1.2;-2.8;1;1.1;0.25;1.5;2.5;9.24;66;13;24;9;97080;0.05;0.63;0.29;0.28
1982;12;27;361;3.8;2.7;1;3.7;2.6;0.4;3.2;1.3;0.23;1.5;2.5;7.77;30;6;3;0;96669;-0.16;3.75;0.29;0.28
1982;12;28;362;3.3;1;-0.3;2.6;-0.2;-1.9;5;-0.8;0.2;1.5;2.5;6.31;129;28;80;40;96406;0.6;5.4;0.3;0.28
1982;12;29;363;0.8;-0.4;-1.2;-2.1;-3;-4.2;2.4;-2.1;0.24;1.5;2.5;8.57;127;26;70;42;97255;0.43;0.34;0.3;0.28
1982;12;30;364;0.6;-0.6;-1.4;-1.9;-3.3;-4.6;1.3;-1.2;0.24;1.5;2.5;8.87;100;21;57;34;97755;0.23;0.42;0.29;0.28
1982;12;31;365;0.7;-2.1;-4.6;-2.8;-4.3;-6.6;0.6;0.8;0.24;1.4;2.5;8.67;186;37;97;54;97531;0.08;0;0.29;0.28
1983;1;1;1;0.5;-3;-5.1;-3.9;-5.7;-7.1;1.7;0.9;0.23;1.4;2.5;8.42;190;39;97;59;96978;0.06;0;0.29;0.28
1983;1;2;2;0.2;-1.3;-3.1;-1;-2.4;-4.5;2.4;0.6;0.25;1.4;2.5;9.72;57;9;48;17;96956;0.06;2.56;0.29;0.28
1983;1;3;3;5.6;2.1;-1.2;5.3;1.7;-1.4;2.1;1.7;0.27;1.4;2.5;10.4;49;8;9;2;96812;-0.23;6.38;0.28;0.28
1983;1;4;4;6.6;5.7;3.6;6;4.6;1.2;5.3;1.5;0.18;1.4;2.5;4.79;40;6;63;15;96068;0.42;8.17;0.3;0.28
1983;1;5;5;9.3;5.2;2.2;9.1;4.4;0.2;2.6;1.1;0.14;1.4;2.5;2.14;28;5;42;10;96253;-0.16;8.26;0.3;0.28
1983;1;6;6;9.3;7.7;4.7;9.1;6.8;3.8;2.7;2;0.12;1.3;2.5;0.7;105;18;86;31;96566;0.11;0.93;0.31;0.28
1983;1;7;7;6.1;3.7;1.3;5.3;1.8;-1.4;3;1.2;0.11;1.3;2.5;0.31;110;17;81;41;96847;0.51;2.24;0.31;0.28
1983;1;8;8;2.6;1.3;0.5;1.4;-0.1;-1.3;2.5;1.3;0.11;1.3;2.5;0.57;131;24;48;26;97322;0.27;2.32;0.3;0.29
1983;1;9;9;1.4;0.6;-0.3;0.6;-0.8;-2;3.5;1.6;0.12;1.3;2.5;1.44;106;22;45;15;97579;0.45;2.44;0.3;0.29
1983;1;10;10;4.1;3.1;1.5;3.8;2.9;0.9;3.8;1.1;0.13;1.3;2.5;2;54;9;17;3;97610;0.15;2.16;0.3;0.29
1983;1;11;11;5.4;4.6;3.9;4.7;4.3;3.8;1.7;0.7;0.12;1.2;2.5;1.08;56;12;12;3;97712;0.14;0.41;0.3;0.29
1983;1;12;12;5.5;2.6;-0.5;4.1;0.7;-1.7;1.1;1.6;0.12;1.2;2.5;0.72;229;47;101;54;97464;0.35;0.01;0.3;0.29
1983;1;13;13;4.2;0.7;-2.8;1.9;-1.9;-3.8;1.1;2.1;0.11;1.2;2.5;0.64;212;47;92;60;96464;0.27;1.24;0.29;0.29
1983;1;14;14;2;-0.2;-1.3;1.5;-3;-6.2;4.1;1.7;0.13;1.2;2.5;2.05;185;38;68;35;95465;0.54;6.44;0.29;0.29
1983;1;15;15;1.4;0.7;-0.3;0.6;-0.4;-1.8;4.8;0.1;0.25;1.2;2.5;9.42;136;27;51;24;94346;0.18;7.41;0.29;0.29
1983;1;16;16;3.6;2.5;1.3;2.4;1;-0.1;5.2;-2;0.27;1.2;2.5;10.33;156;30;78;30;95133;0.64;9.61;0.29;0.29
1983;1;17;17;4.8;3.9;3.2;4.4;3.4;2.3;6;0.2;0.19;1.2;2.5;5.58;26;5;9;4;95983;0.19;5.21;0.3;0.29
1983;1;18;18;3;1.7;-0.9;2.1;-0.3;-3.5;5.8;0.8;0.15;1.2;2.5;3.05;75;13;70;30;95389;1.05;2.96;0.31;0.29
1983;1;19;19;0.2;-1.2;-2.2;-4;-4.7;-5.5;5.3;-0.7;0.17;1.2;2.5;4.48;179;37;67;52;95698;0.42;3.41;0.3;0.29
1983;1;20;20;-0.4;-2;-3;-3.6;-5.8;-8.3;2.4;-2.1;0.21;1.1;2.5;6.65;209;46;106;60;97102;0.31;0.99;0.3;0.29
1983;1;21;21;0.6;-0.6;-1.9;-0.2;-2;-3.4;4.7;0.6;0.25;1.1;2.5;9.45;69;14;24;10;97412;0.18;4.88;0.3;0.29
1983;1;22;22;2.2;1;0.2;1.1;0.2;-0.1;3.1;-0.3;0.29;1.1;2.5;11.9;72;15;27;11;97766;0.07;1.49;0.29;0.29
1983;1;23;23;2;-0.3;-2.3;0;-1.6;-3.4;1.3;-0.2;0.27;1.1;2.5;11.16;159;34;94;43;97805;0.22;0.09;0.29;0.29
1983;1;24;24;1.8;-2.3;-5.1;-1.7;-4.1;-6.4;-0.1;0.8;0.26;1.1;2.5;10.66;231;46;105;49;97813;0.21;0;0.29;0.29
1983;1;25;25;2.6;-0.9;-5.1;1.6;-4;-6.6;0.7;1.8;0.25;1.1;2.5;10.21;158;32;56;27;97658;0.29;1.16;0.29;0.29
1983;1;26;26;5.1;3.6;2.2;4.9;3.2;1.8;2.5;0.8;0.22;1.1;2.4;7.58;49;9;2;-1;97557;-0.25;3.26;0.29;0.29
1983;1;27;27;10.3;7.4;5.3;5.7;4.9;3.6;4.3;1.5;0.16;1.1;2.4;3.44;172;34;75;23;96753;0.25;0.37;0.3;0.29
1983;1;28;28;7.3;5.9;5.4;5.9;5;4.3;5.4;0.7;0.12;1.1;2.4;0.85;99;17;27;9;96194;0.82;7.01;0.3;0.29
1983;1;29;29;6.5;5.5;4.2;5.8;4.5;2.8;5.3;1.4;0.11;1.1;2.4;0.23;49;11;21;8;95710;0.99;5.06;0.3;0.29
1983;1;30;30;6.1;3.4;-0.7;5.4;2.2;-3.2;3.8;1.6;0.11;1.1;2.4;0.28;79;17;56;20;94769;0.99;8.23;0.3;0.3
1983;1;31;31;1.5;-0.2;-1.5;-2.2;-4;-5.1;4.7;0.9;0.16;1.1;2.4;3.66;251;56;83;53;95132;0.58;4.32;0.3;0.3
1983;2;1;32;8.6;4.4;0;4.7;1.8;-1.8;5.7;2.8;0.2;1.1;2.4;6.23;168;30;72;24;94400;0.92;11.45;0.31;0.3
1983;2;2;33;0.8;-0.3;-1.8;-2.6;-3.4;-4.6;5.9;0;0.21;1.1;2.4;7.08;212;48;79;57;95687;0.66;4.26;0.31;0.3
1983;2;3;34;0.9;-1.3;-4;-1.7;-3.3;-5.6;3.5;0.5;0.26;1.1;2.4;10.46;124;32;79;44;96336;0.35;5.74;0.3;0.3
1983;2;4;35;-0.7;-4.9;-10.5;-5;-7.4;-11.5;2.5;-0.8;0.32;1.1;2.4;13.98;157;37;107;56;96986;0.29;0.38;0.3;0.3
1983;2;5;36;-0.6;-5;-13.8;-0.9;-7;-14;0.2;3.2;0.34;1.1;2.4;16.42;130;26;51;24;95294;0.26;9.51;0.3;0.3
1983;2;6;37;1.8;-0.8;-5.8;-0.8;-2.1;-6.2;0.3;1.8;0.38;1.1;2.4;25.98;200;43;87;39;93559;0.1;4.39;0.29;0.3
1983;2;7;38;-0.3;-4.5;-8.5;-2.9;-5.7;-9.3;-1.1;-0.1;0.37;1.1;2.4;27.04;138;32;54;31;93772;0.14;0.76;0.29;0.3
1983;2;8;39;-0.3;-4;-6.7;-3.6;-5.5;-7.4;-0.4;-0.3;0.37;1.1;2.4;27.61;114;31;60;24;94665;0.21;0.54;0.29;0.3
1983;2;9;40;0.5;-3.4;-7.6;-4.1;-5.7;-8.5;-2.5;-1.1;0.37;1.1;2.4;27.74;206;46;64;31;95211;0.41;1.02;0.29;0.3
1983;2;10;41;-0.9;-3.6;-7.5;-4.5;-5.7;-8.9;-0.8;-1.3;0.37;1.1;2.4;28.54;151;34;49;28;94921;0.23;0.48;0.28;0.3
1983;2;11;42;-2.9;-5.5;-8.3;-6.5;-8.1;-10;-1.2;-2.3;0.36;1.1;2.4;28.55;173;40;52;27;94744;0.31;0.73;0.28;0.3
1983;2;12;43;-2.7;-4;-4.8;-5.3;-6.3;-7.1;0;-2.5;0.38;1.1;2.4;33.73;96;22;25;16;95064;0.29;8.38;0.28;0.3
1983;2;13;44;-2.8;-5.1;-7.8;-6.2;-7.8;-9.2;-2.5;-1.2;0.38;1.1;2.4;37.04;204;46;75;46;95872;0.23;0.03;0.28;0.3
1983;2;14;45;-3.5;-6;-7.4;-7.8;-8.4;-9.3;-3.3;-1.1;0.38;1.1;2.4;36.81;204;47;73;43;95911;0.23;0;0.27;0.3
1983;2;15;46;-2.7;-7.4;-11.1;-8.3;-10.4;-13.3;-2.5;-1.1;0.38;1.1;2.4;36.58;278;68;100;70;96800;0.23;0;0.27;0.3
1983;2;16;47;-4.9;-9.8;-14;-11.4;-13.8;-17;-2.4;-1.1;0.37;1.1;2.4;36.33;290;72;105;76;97271;0.18;0.01;0.27;0.3
1983;2;17;48;-2.8;-6.6;-11.9;-8.6;-9.8;-13.4;-2;-1.6;0.37;1.1;2.4;36.09;223;58;86;53;97667;0.23;0.01;0.27;0.3
1983;2;18;49;0.5;-7.6;-15;-4.9;-10.2;-15.9;-0.1;-1.7;0.37;1.1;2.4;35.83;287;70;107;62;97578;0.26;0;0.27;0.3
1983;2;19;50;-0.6;-6.5;-11.6;-5;-8.9;-12.6;0.9;-1;0.37;1.1;2.4;35.58;266;65;96;48;97019;0.3;0.19;0.26;0.3
1983;2;20;51;0;-2.9;-6.7;-2.1;-4.3;-7.9;1.6;-0.3;0.37;1.1;2.4;36.24;118;30;43;21;96579;0.13;1.3;0.26;0.3
1983;2;21;52;-2.7;-5.8;-15.3;-4;-9.4;-17.6;0.2;-2.6;0.36;1.1;2.4;36.81;255;66;113;62;96882;0.37;0.37;0.26;0.3
1983;2;22;53;-4.9;-12.3;-21.3;-11.2;-15.7;-23;-1.9;-0.5;0.36;1.1;2.4;36.57;317;79;114;70;97621;0.23;0;0.26;0.3
1983;2;23;54;-0.5;-8.7;-17.6;-6.6;-12.5;-19.7;-2.3;0.1;0.36;1.1;2.5;36.28;322;83;112;75;97790;0.31;0;0.26;0.3
1983;2;24;55;2.3;-5.6;-13.3;-4;-9.2;-15.5;-1.9;0.6;0.36;1.2;2.5;35.84;328;86;117;81;97675;0.28;0;0.25;0.3
1983;2;25;56;3.5;-4.8;-14.3;-3;-8.1;-15.7;-1.8;0.9;0.36;1.2;2.5;34.82;325;84;116;66;97094;0.34;0.04;0.25;0.3
1983;2;26;57;3.8;2;-2.1;2.7;0;-5.4;0;2.4;0.35;1.2;2.5;33.1;53;12;18;-1;96023;-0.02;7.22;0.26;0.3
1983;2;27;58;4;2.9;2.2;3.2;2.4;1.6;1.6;1.3;0.35;1.2;2.5;24.65;79;18;6;0;95807;-0.4;1.96;0.27;0.3
1983;2;28;59;4.3;1.7;-0.9;2.4;0.8;-1.7;2.3;1.4;0.32;1.2;2.5;18.18;166;39;74;30;95555;-0.19;4.36;0.28;0.3
1983;3;1;60;3.2;0;-3.2;0.4;-1.3;-4;-0.1;0.5;0.32;1.2;2.5;16.93;209;52;53;33;95960;0.21;2.74;0.28;0.3
1983;3;2;61;4.6;0.8;-2.8;-0.8;-2.4;-3.6;-1.7;-1.1;0.3;1.2;2.5;15.05;252;66;68;39;97000;0.51;0.08;0.28;0.29
1983;3;3;62;3.3;0.2;-1.9;-1.4;-2.6;-3.8;-1.5;-0.1;0.27;1.2;2.5;13.05;253;69;61;36;97706;0.39;0;0.28;0.29
1983;3;4;63;4.7;0.5;-2.4;-0.9;-3.3;-4.7;0;0.6;0.24;1.2;2.5;10.92;415;111;128;74;97540;0.36;0;0.28;0.29
1983;3;5;64;6.6;1.7;-2.4;-0.1;-1.9;-4.4;2.5;-0.1;0.22;1.2;2.5;8.59;363;101;102;62;97286;0.3;0;0.28;0.29
1983;3;6;65;3.5;2.1;0.9;2;1.2;-0.6;3.8;0.7;0.2;1.3;2.5;7.44;75;20;37;7;96905;0.18;2.9;0.28;0.29
1983;3;7;66;5.6;4;2.3;4.3;3.2;1.8;4.2;-0.3;0.17;1.3;2.5;4.65;83;21;13;5;96764;0.2;1.59;0.28;0.29
1983;3;8;67;8.6;4.8;1.1;3.5;2.8;0.3;2.6;0.3;0.14;1.3;2.5;2.13;271;67;85;35;96945;0.51;0.04;0.28;0.29
1983;3;9;68;9.9;4.4;-1.5;5.4;2.5;-2;2.7;0.2;0.13;1.3;2.5;1.24;269;79;83;50;96432;0.33;0;0.28;0.29
1983;3;10;69;8.3;4.1;0.1;3.4;2.1;0;2.2;-0.2;0.13;1.3;2.5;0.67;325;93;76;53;96434;0.53;0.03;0.28;0.29
1983;3;11;70;5.9;3.1;-0.7;4.3;1.2;-5.2;3.1;-1.1;0.12;1.3;2.5;0.38;126;30;69;25;96284;0.75;1.72;0.28;0.29
1983;3;12;71;3.5;0.1;-2.9;-5.3;-7;-9;-1.9;-0.4;0.12;1.3;2.5;0.29;486;133;122;82;97289;0.91;0;0.28;0.29
1983;3;13;72;6.5;1.1;-2.7;-3.8;-6.5;-9.7;-1.9;1.1;0.12;1.3;2.5;0.27;532;151;128;99;96857;0.83;0;0.27;0.29
1983;3;14;73;7.6;3.2;-0.6;6;1.1;-4.3;-0.7;1.8;0.12;1.3;2.5;0.21;235;62;65;37;96184;0.38;1.34;0.27;0.29
1983;3;15;74;11.8;5.3;0;4.2;2.1;-0.5;-1.4;0.1;0.12;1.4;2.5;0.11;465;127;97;62;95399;1.09;0.72;0.27;0.29
1983;3;16;75;8.6;5.5;2.7;4.4;3.3;1;-1.5;-2.3;0.12;1.4;2.5;0.04;210;61;51;31;96018;0.57;0.54;0.27;0.29
1983;3;17;76;9.6;6.3;3.8;3.9;3.3;2.8;0.6;0.2;0.12;1.4;2.5;0;270;69;55;27;96635;0.61;1.24;0.27;0.29
1983;3;18;77;8.2;6.5;5;8.1;5.9;2.8;2.3;0.8;0.12;1.4;2.5;0;60;18;47;12;96555;0.24;7.24;0.27;0.29
1983;3;19;78;8.7;7;6;7.9;6.6;5.8;2.5;0.7;0.12;1.4;2.5;0;114;22;35;10;96152;0.47;9.75;0.28;0.29
1983;3;20;79;10.5;7.4;4.6;5.7;4.8;3.7;1.7;0.3;0.12;1.4;2.5;0;316;76;67;30;96140;0.94;0.88;0.28;0.29
1983;3;21;80;8.2;6.3;3.7;5.7;4.6;3.1;2.6;1.9;0.12;1.5;2.5;0;183;41;50;21;95493;1.13;3.93;0.28;0.29
1983;3;22;81;5.8;3.2;1.1;3.7;0.4;-2.4;5.1;1.7;0.13;1.5;2.5;0.55;429;116;81;49;94708;2.15;7.32;0.28;0.29
1983;3;23;82;7.1;3.7;0.1;1.8;-1.6;-3;4;1.4;0.16;1.5;2.5;2.7;481;125;91;51;94906;1.2;2.78;0.28;0.29
1983;3;24;83;10.1;6.9;4.6;5.8;3.8;-0.6;2.3;2.7;0.14;1.5;2.5;1.45;338;80;54;32;94100;1.59;7.8;0.28;0.29
1983;3;25;84;6;3.1;-0.2;3.4;-2.1;-7.3;1.6;-1.3;0.15;1.5;2.5;1.47;303;71;89;40;94344;1.17;4.93;0.29;0.29
1983;3;26;85;3.8;0.7;-1.2;0.8;-1.9;-5;1.9;1;0.18;1.5;2.5;3.96;369;100;89;48;94003;1.02;6.58;0.29;0.29
1983;3;27;86;4.5;1;-1.6;-2.3;-4.9;-7;1.1;0.9;0.2;1.5;2.5;5.29;330;90;91;41;94575;1.06;0.65;0.29;0.29
1983;3;28;87;7;2.1;-0.2;2.8;-1.2;-6.6;0.9;1.1;0.2;1.6;2.5;4.86;285;77;69;28;94401;0.78;3.58;0.28;0.29
1983;3;29;88;5.7;1.2;-3.6;-1.4;-4.1;-5.9;1.7;0.1;0.18;1.6;2.5;3.6;424;125;107;66;95350;1.18;0.04;0.29;0.29
1983;3;30;89;8.8;3.7;-2.3;2.6;-1.7;-5.6;1.7;2.3;0.16;1.6;2.5;2.63;460;128;80;47;95401;1.04;0.92;0.28;0.29
1983;3;31;90;10.5;6.3;3.2;4.6;3.4;2.3;0.3;1.2;0.15;1.6;2.5;1.24;374;110;78;39;94933;1.23;1.03;0.28;0.29
1983;4;1;91;11.5;6.9;2.2;7.3;5;1.4;-1.2;-1.3;0.14;1.6;2.5;0.56;292;94;61;32;94086;1.03;5.52;0.28;0.29
1983;4;2;92;7.3;5.4;2.2;6.2;4.3;1.5;1.5;-0.5;0.13;1.6;2.5;0.2;201;58;31;13;93794;0.97;3.59;0.29;0.29
1983;4;3;93;6.4;3.4;-0.1;1.3;-0.7;-3;2.1;-1.2;0.14;1.7;2.5;0.62;285;92;98;40;94412;1.37;2.54;0.29;0.29
1983;4;4;94;7.2;2.9;-2.1;2;-0.7;-3.8;-1.1;0.3;0.14;1.7;2.5;0.51;352;108;70;52;94672;0.92;1.29;0.29;0.29
1983;4;5;95;7.2;2.9;0.4;0.8;-1;-3.6;2.1;1.4;0.14;1.7;2.5;0.5;468;140;102;55;94742;1.56;1.74;0.28;0.29
1983;4;6;96;7.7;3.6;1.4;4.4;1.8;0.4;1.8;3.3;0.17;1.7;2.5;3.02;500;110;84;40;94340;1.71;11.71;0.29;0.29
1983;4;7;97;8.2;4.4;1.7;3.9;2;0.8;2.6;2;0.16;1.7;2.5;2.06;458;132;84;51;94879;1.82;4.28;0.29;0.29
1983;4;8;98;11.9;8.9;4.4;9;7.2;3.4;2.8;2.9;0.14;1.7;2.5;0.78;257;51;43;14;95030;1.79;14.61;0.29;0.29
1983;4;9;99;8.4;5.9;4.6;7.6;4.3;2.9;1.7;0.1;0.14;1.7;2.5;0.14;193;56;31;17;95609;1.33;9.09;0.31;0.29
1983;4;10;100;12.4;8.2;3.8;10.1;7.4;3.3;0.2;1.4;0.14;1.8;2.5;0.05;169;44;41;15;95700;0.55;9.72;0.31;0.29
1983;4;11;101;20.4;12.6;5.4;10.5;8.1;4.8;1.2;1.4;0.14;1.8;2.5;0;616;177;117;60;94999;2.54;8.92;0.31;0.29
1983;4;12;102;7.5;5;2.2;5.2;3.6;1.2;3.4;0.8;0.14;1.8;2.5;0;370;109;53;29;95210;2.07;6.02;0.32;0.29
1983;4;13;103;6.5;3;-0.1;1;0;-1.5;2.5;-1.6;0.15;1.8;2.5;0.59;512;152;94;56;96337;1.94;3.33;0.31;0.3
1983;4;14;104;5.5;2.3;-0.9;2.3;0.3;-1.7;3.6;-0.4;0.15;1.8;2.5;0.69;467;117;74;37;96517;1.48;4.64;0.31;0.3
1983;4;15;105;6.4;4.3;1.6;4.4;2.7;1.3;3;-1.7;0.15;1.8;2.5;0.51;298;75;41;15;96483;1.71;6.21;0.31;0.3
1983;4;16;106;10.9;7.3;4.3;4.4;3.2;1.5;0.8;0.3;0.14;1.9;2.5;0.23;292;99;104;42;96359;1.27;0.29;0.31;0.3
1983;4;17;107;17.4;9.9;1.8;4.5;2.5;-0.4;-1.7;1.9;0.14;1.9;2.5;0.09;673;223;135;97;95420;2.48;0;0.3;0.3
1983;4;18;108;18.8;11.5;2.9;8.5;5.7;2.2;-2.1;0.7;0.14;1.9;2.5;0.01;642;195;117;81;94860;2.3;0.04;0.3;0.3
1983;4;19;109;19.4;12.7;6.7;10.4;8.1;5.1;-0.3;0.7;0.14;1.9;2.5;0;601;179;123;71;94695;2.22;6.37;0.29;0.3
1983;4;20;110;16;11;6.6;8.6;5.3;3.4;0.5;1;0.14;1.9;2.5;0;618;183;134;66;95892;2.58;0.39;0.29;0.3
1983;4;21;111;22.1;15.3;8.4;8.5;7.3;5.7;-2.4;1.6;0.14;2;2.5;0;554;195;115;84;95370;2.81;0;0.29;0.3
1983;4;22;112;12.5;9.6;4.8;9.7;7.1;3.6;2.2;0.4;0.14;2;2.5;0;189;54;74;31;95402;1.09;7.22;0.29;0.3
1983;4;23;113;16.8;10.5;2.7;7.8;5.8;2;-2;0.2;0.14;2;2.5;0;644;206;113;83;95246;2.32;0.01;0.29;0.3
1983;4;24;114;14.9;10.6;6.6;7.5;6.6;5.9;1.8;-0.4;0.14;2;2.5;0;491;159;89;55;95280;2.03;0.87;0.28;0.3
1983;4;25;115;17.8;12;5.8;9.6;6.5;4.8;-1.1;0.4;0.14;2;2.5;0;668;214;134;81;95485;2.58;0;0.28;0.3
1983;4;26;116;19.4;13.9;7.4;9.7;7.9;6.2;-1.6;0.7;0.14;2.1;2.5;0;639;200;115;75;95411;2.56;0.11;0.27;0.3
1983;4;27;117;15.4;11.8;7.7;7.4;5.8;4.1;2.4;1.1;0.15;2.1;2.5;0;627;209;122;80;95496;2.5;0.07;0.27;0.3
1983;4;28;118;16.1;11.3;6;8.3;4.8;3.4;0.6;1;0.15;2.1;2.5;0;585;205;114;81;95941;2.46;0.34;0.26;0.3
1983;4;29;119;14.4;10.6;6.7;8.7;5.6;4.2;1.4;0.1;0.15;2.1;2.5;0;523;153;103;62;95879;2.1;1.66;0.26;0.3
1983;4;30;120;16.6;11.5;4.1;6.8;5.1;2.8;-1.1;0.7;0.15;2.1;2.5;0;522;187;108;71;95623;2.36;0.48;0.26;0.3
1983;5;1;121;17.3;11.6;6.6;10.6;8.3;4.8;0.5;0.8;0.15;2.2;2.5;0;557;156;90;53;94595;2.38;4.76;0.26;0.3
1983;5;2;122;12.7;9.4;7.1;6.6;5;3.5;3.7;0.7;0.15;2.2;2.5;0;573;192;107;62;95069;2.86;2.26;0.26;0.3
1983;5;3;123;11.8;8.7;6;6.3;4.4;2.2;2.9;1.4;0.15;2.2;2.5;0;566;170;97;62;95550;2.53;3.25;0.25;0.3
1983;5;4;124;9.2;7.1;5.2;6.5;4.6;1.9;2;0.9;0.15;2.2;2.5;0;212;69;83;43;95754;1.34;5.87;0.25;0.3
1983;5;5;125;12.7;8.2;2.5;5.4;2.8;1.4;0.9;-1.2;0.15;2.2;2.5;0;475;174;107;76;96227;2.24;0.16;0.25;0.3
1983;5;6;126;15;9.1;1.8;4.4;3;0.9;-2;-0.5;0.15;2.2;2.5;0;714;245;136;97;96258;2.79;0;0.25;0.3
1983;5;7;127;15.4;11;5.7;9;5.7;3.8;-1.8;1.5;0.15;2.3;2.5;0;508;162;89;59;95711;2.18;3.58;0.25;0.3
1983;5;8;128;14.1;11.3;8.8;9.5;7.4;5;2.1;0.3;0.15;2.3;2.5;0;485;129;78;40;95118;2.02;1.02;0.25;0.29
1983;5;9;129;14.2;10.2;6.4;9.2;7;5;2;0.1;0.15;2.3;2.5;0;541;169;101;60;95036;2.16;1.17;0.24;0.29
1983;5;10;130;12.4;9.1;4.5;7.7;6.2;3.7;1.1;1.1;0.15;2.3;2.5;0;344;101;71;43;94791;1.34;6.6;0.24;0.29
1983;5;11;131;14.3;9.4;5.1;6.3;4.6;3.3;1.2;2.6;0.15;2.3;2.5;0;355;134;76;46;94571;2.36;3.89;0.25;0.29
1983;5;12;132;19;12.4;5.2;10.6;7.1;4.3;0.3;2;0.15;2.4;2.5;0;566;209;95;77;94914;2.78;0.38;0.25;0.29
1983;5;13;133;16.2;11.3;7.3;8.6;7.1;5.8;1.3;-0.3;0.15;2.4;2.5;0;506;152;75;48;95529;2.33;3.39;0.24;0.29
1983;5;14;134;19.8;13.8;6.3;12.1;9.2;5.8;-0.6;0.6;0.15;2.4;2.5;0;663;195;104;61;95637;2.9;1.37;0.24;0.29
1983;5;15;135;20.8;15.5;10.3;15.6;12.8;9.8;-0.8;-0.5;0.15;2.4;2.5;0;436;125;65;46;95330;1.88;8.18;0.24;0.29
1983;5;16;136;26.3;17.2;11.6;14.7;11.8;7.5;0.2;0.8;0.15;2.4;2.5;0;687;213;125;70;95055;3.5;2.87;0.24;0.29
1983;5;17;137;22;15.8;8.6;13.6;10.9;8.5;-0.4;-0.1;0.16;2.4;2.5;0;575;196;99;68;95457;3.12;1.07;0.24;0.29
1983;5;18;138;15.8;12.1;8.5;9.8;5.9;4;2.1;0.4;0.16;2.5;2.5;0;403;166;114;63;95870;2.67;0;0.24;0.29
1983;5;19;139;14.8;10.4;5.4;9.4;7;4.2;0.6;-0.3;0.16;2.5;2.5;0;399;146;94;60;95820;2.47;7.45;0.24;0.29
1983;5;20;140;18.6;12.3;3.4;7.5;5.4;2.8;-2;1.1;0.16;2.5;2.5;0;716;256;135;96;95691;3.45;0;0.24;0.29
1983;5;21;141;24.2;17;9.8;13.5;10;7.3;-0.1;1.1;0.16;2.5;2.5;0;681;203;111;70;94856;3.45;1.54;0.24;0.29
1983;5;22;142;12.2;10;8.4;8.7;7.4;6.6;0.7;-1.5;0.16;2.5;2.5;0;176;50;30;18;95607;1.62;7.99;0.24;0.29
1983;5;23;143;14.7;11.6;8.7;13.3;10.7;8;-0.9;-1.8;0.16;2.5;2.5;0;193;57;15;8;95308;1.42;24.1;0.24;0.29
1983;5;24;144;12.4;10.4;8.6;10.8;9.2;8.5;1.8;0.9;0.16;2.5;2.5;0;202;56;21;9;94914;1.11;7.64;0.26;0.29
1983;5;25;145;9.7;8.4;7.4;8.2;7.6;7.1;2.1;2;0.16;2.6;2.5;0;121;30;11;7;95151;0.94;8.44;0.27;0.29
1983;5;26;146;10.3;8;6.5;7;5.8;4.7;1.2;2.4;0.16;2.6;2.5;0;245;81;64;23;95553;1.68;2.71;0.27;0.29
1983;5;27;147;10.6;7.9;6;7.1;5.8;4.6;1.6;1.4;0.16;2.6;2.5;0;292;97;42;25;95809;1.8;4.9;0.27;0.29
1983;5;28;148;12.9;9.4;5.8;6.2;4.6;2.7;1.3;0.9;0.16;2.6;2.5;0;393;136;73;45;95826;2.3;0.75;0.27;0.29
1983;5;29;149;15;10.4;4.4;7.5;5.7;3.1;1.4;1.5;0.16;2.6;2.5;0;553;204;90;70;95483;2.8;1.44;0.27;0.29
1983;5;30;150;16.2;11.5;6;7.9;5.9;4.7;1.5;0.3;0.16;2.6;2.5;0;582;203;100;70;95776;2.9;0.42;0.27;0.29
1983;5;31;151;20.9;15.3;7.4;11.9;8.8;6.2;-0.8;0.1;0.16;2.6;2.5;0;634;233;114;80;96137;3.42;0.1;0.26;0.29
1983;6;1;152;25.8;19;9.8;14.6;10.8;7.8;-1.4;0.5;0.16;2.6;2.5;0;701;249;121;84;96071;4.06;0;0.26;0.29
1983;6;2;153;19.7;16.6;12.7;13.5;11.8;10.5;1.9;-0.2;0.16;2.7;2.5;0;530;195;92;65;96378;2.89;0.37;0.25;0.29
1983;6;3;154;20.9;16.9;12.8;12.1;10.5;9.4;0.7;-0.5;0.16;2.7;2.5;0;550;207;100;74;96717;3.19;0.18;0.25;0.29
1983;6;4;155;24.6;18.5;9.9;15.7;11.6;8.6;-0.2;-0.3;0.16;2.7;2.5;0;670;245;123;84;96766;3.77;0;0.25;0.28
1983;6;5;156;25.2;18.7;13.6;15.4;13.1;10.7;-0.4;-1.3;0.16;2.7;2.5;0;639;213;109;70;96415;3.51;2.36;0.24;0.28
1983;6;6;157;16.7;13.4;9.5;10.4;7.5;5.3;-2;-2.3;0.16;2.7;2.5;0;479;176;96;68;96609;2.87;0.28;0.24;0.28
1983;6;7;158;17.6;12.6;7.3;5.6;4.7;3.1;-3;0.5;0.16;2.7;2.5;0;721;269;130;105;96963;3.62;0;0.24;0.28
1983;6;8;159;24.6;17.3;8.8;14;7.5;2;-1.2;1.6;0.16;2.7;2.5;0;735;275;139;105;96622;4.16;0;0.23;0.28
1983;6;9;160;23.6;18.1;12.7;15.7;13.8;10.5;1.7;0.3;0.16;2.8;2.5;0;569;159;77;51;96447;2.48;1.98;0.23;0.28
1983;6;10;161;19.8;16.8;13.8;14.7;12.7;11.1;1.3;-1.1;0.16;2.8;2.6;0;559;176;93;55;96225;2.88;0.93;0.23;0.28
1983;6;11;162;19.3;16.1;12.2;10.9;10;8.5;0.1;-1.1;0.16;2.8;2.6;0;488;163;80;54;96012;2.59;0.16;0.22;0.28
1983;6;12;163;21.8;17.8;11.3;14.2;11.4;9.9;-0.3;0;0.16;2.8;2.6;0;547;173;104;58;96010;2.65;0.03;0.22;0.28
1983;6;13;164;20.8;16.4;12.3;15.5;13.2;11.3;-0.2;-1.3;0.16;2.8;2.6;0;470;136;69;46;95967;2.41;7.87;0.22;0.28
1983;6;14;165;16;13.7;10.5;13.7;12.5;9.5;0.8;-1.6;0.16;2.8;2.6;0;258;73;59;32;96312;1.74;13.97;0.23;0.28
1983;6;15;166;14.4;11;8.2;9.3;7.3;5.1;1.7;-1.7;0.16;2.8;2.6;0;561;157;99;54;96576;3.04;6.24;0.24;0.28
1983;6;16;167;12.8;9.8;7.1;5.6;5.3;4.5;1.6;-2.4;0.16;2.8;2.6;0;605;208;102;69;96819;3.17;2.23;0.24;0.28
1983;6;17;168;13.3;9.7;5.3;7.6;5.2;2.7;0.1;-1.8;0.16;2.8;2.6;0;525;198;95;75;96680;2.68;0.98;0.23;0.28
1983;6;18;169;15.2;11.1;5.2;8.9;5.6;3.2;-1.6;-2;0.16;2.8;2.6;0;529;176;87;60;96821;2.58;0.02;0.23;0.28
1983;6;19;170;17.9;13.8;10.2;9.5;8.2;7.4;-1.5;-2.5;0.16;2.8;2.6;0;589;184;84;50;96488;2.91;1.03;0.23;0.28
1983;6;20;171;21.3;16.4;10.5;12.7;10.5;6.8;-2.1;-1.5;0.16;2.8;2.6;0;596;198;85;55;96313;3.28;0.21;0.23;0.28
1983;6;21;172;23.1;18.6;14.1;15.9;13.7;11.4;-3.2;-0.7;0.16;2.8;2.6;0;569;195;88;59;96180;3.36;3.03;0.22;0.28
1983;6;22;173;23.3;19.1;15;13.4;12;11;-2.9;-0.6;0.16;2.8;2.6;0;633;233;106;82;96103;3.92;0.05;0.22;0.28
1983;6;23;174;23.1;18.1;12.9;11.5;9.6;7.4;-2.1;-0.1;0.16;2.8;2.5;0;690;264;131;100;96062;4.22;0;0.22;0.28
1983;6;24;175;25.4;19.2;10.2;14.1;10.3;7.9;-0.3;0.6;0.16;2.8;2.5;0;717;267;135;97;96049;4.07;0;0.21;0.28
1983;6;25;176;24.5;19.4;14.2;17.1;14;10.5;1.1;0.4;0.16;2.8;2.5;0;651;208;103;67;96106;3.24;4.18;0.21;0.28
1983;6;26;177;23.6;19;14.5;16.8;15.6;14.4;0.9;0.6;0.15;2.7;2.5;0;610;200;87;63;96040;3.19;3.71;0.21;0.28
1983;6;27;178;21;17.5;14.3;16.3;14.7;13.3;2.1;0.3;0.15;2.7;2.5;0;463;156;78;41;95570;2.85;3.04;0.21;0.28
1983;6;28;179;16.4;13.9;10.7;13.1;7.8;3.7;2.1;-1.8;0.15;2.7;2.5;0;584;190;101;55;95729;3.31;0.56;0.21;0.28
1983;6;29;180;17.7;13.7;8.1;10.2;7.4;6;1.9;0.5;0.15;2.7;2.5;0;435;145;84;55;95974;2.19;0.06;0.21;0.27
1983;6;30;181;20.4;16.1;10.2;11.1;9.5;8.2;1.3;1;0.15;2.7;2.5;0;564;177;91;64;95721;2.63;0.04;0.2;0.27
1983;7;1;182;17.5;14.7;11.9;12.7;11.5;9.9;1.2;-0.4;0.15;2.7;2.5;0;324;120;66;39;96009;2.12;3;0.2;0.27
1983;7;2;183;18.9;15.3;10.8;11.6;10;9.1;-0.3;-0.6;0.15;2.7;2.5;0;371;125;59;40;96661;2.02;0.08;0.2;0.27
1983;7;3;184;21.7;18;11.6;12.9;11.5;10.2;-0.9;-0.2;0.15;2.7;2.5;0;569;174;91;54;96529;2.66;0.13;0.2;0.27
1983;7;4;185;23.6;19.7;14.7;12.3;11.4;10.2;-1.9;-1;0.15;2.7;2.5;0;592;183;92;60;96412;3.13;0;0.2;0.27
1983;7;5;186;25.8;21.1;15.4;14.1;12.4;10.4;-2.8;-0.5;0.15;2.7;2.5;0;587;217;97;75;96414;3.57;0.05;0.19;0.27
1983;7;6;187;27;21.6;17.2;18.6;15.7;12.2;-1.8;0.1;0.15;2.7;2.5;0;615;227;96;70;96139;3.47;3.04;0.19;0.27
1983;7;7;188;26.7;21;15.8;19.2;17.6;15.2;-0.4;-0.9;0.15;2.7;2.5;0;543;179;86;56;95844;2.99;7.97;0.19;0.27
1983;7;8;189;25.9;20.8;15.9;19.3;17.2;14.1;-0.3;-0.6;0.15;2.6;2.5;0;566;182;83;51;95912;3.22;6.68;0.2;0.27
1983;7;9;190;27.4;21.6;14;13;10.9;9.5;-1.6;-1.1;0.15;2.6;2.5;0;721;267;135;96;96211;4.63;0;0.2;0.27
1983;7;10;191;27.7;22.4;15.1;15.6;12.2;9.8;-2.1;-0.6;0.15;2.6;2.5;0;691;246;115;85;96377;4.1;0;0.19;0.27
1983;7;11;192;27.5;22.5;16;15;12.9;11.8;-1.3;-1.4;0.15;2.6;2.5;0;548;216;105;78;96392;3.66;0.16;0.19;0.27
1983;7;12;193;26.3;22.3;17.9;15.7;13.4;11.7;-0.3;-2.5;0.15;2.6;2.5;0;583;209;97;73;96248;3.53;0.02;0.19;0.27
1983;7;13;194;26;21.1;17;14.6;12.1;7.8;1.6;-2.6;0.15;2.6;2.5;0;697;245;119;79;95968;3.83;0.48;0.18;0.27
1983;7;14;195;21.7;17.8;14.8;12.9;10;7.9;0.2;-2.1;0.15;2.6;2.5;0;723;243;136;83;96136;3.33;0.01;0.18;0.27
1983;7;15;196;24.2;19.2;12.6;13.2;11.3;9.9;0.6;-0.8;0.15;2.6;2.5;0;550;209;119;80;96145;2.88;0;0.18;0.27
1983;7;16;197;27.9;22.2;17.3;15.7;12.7;10.6;0.5;-0.3;0.15;2.6;2.5;0;681;238;120;79;96094;3.38;0.51;0.17;0.27
1983;7;17;198;29.6;23;14.6;16.2;13;10;-0.8;0.9;0.15;2.6;2.5;0;681;235;124;85;96160;3.44;0;0.17;0.27
1983;7;18;199;30.5;23.8;17.2;17.9;14;11.6;1;0.7;0.15;2.6;2.5;0;628;229;109;78;96097;3.48;3.74;0.17;0.27
1983;7;19;200;25.7;21.3;16.1;17;15.1;13.4;1.1;-0.6;0.15;2.5;2.5;0;492;175;85;68;96332;2.65;0.41;0.17;0.26
1983;7;20;201;19.2;16.4;12.4;15.7;11;4.5;1.2;-2.2;0.15;2.5;2.5;0;626;170;96;64;96415;2.16;0.46;0.17;0.26
1983;7;21;202;17.5;13.4;9.7;6;4;3.2;1;-1.9;0.15;2.5;2.5;0;639;211;127;87;96657;2.4;0;0.17;0.26
1983;7;22;203;25.9;18.4;9.1;13.3;9.1;4.7;-0.1;-0.9;0.15;2.5;2.5;0;690;251;124;89;96276;2.99;0;0.16;0.26
1983;7;23;204;29.2;22.4;13.9;12.4;10.9;8.9;-0.9;-1.3;0.15;2.5;2.5;0;703;255;142;97;95794;3.22;0;0.16;0.26
1983;7;24;205;25.9;20.7;17.1;17.3;14.2;10.6;0.2;-0.5;0.15;2.5;2.5;0;476;154;86;62;95570;2.45;7.59;0.16;0.26
1983;7;25;206;25.7;21;16.1;15.9;14.5;12.8;-0.5;-0.5;0.15;2.5;2.5;0;512;180;98;59;96004;2.88;0.44;0.16;0.26
1983;7;26;207;31.6;24.7;16.1;18.9;14;12;-1.6;1.1;0.15;2.5;2.5;0;674;246;126;86;96150;3.56;0.09;0.16;0.26
1983;7;27;208;35.3;27;19.2;20.3;15.9;11.5;0.5;0.3;0.15;2.5;2.5;0;666;214;124;80;96111;3.3;1.72;0.16;0.26
1983;7;28;209;30.5;24.2;19.8;17.4;16.6;15.3;-1.1;-1.7;0.15;2.5;2.5;0;565;191;113;71;96197;3.17;2.63;0.16;0.26
1983;7;29;210;23.5;19.3;15.7;14.8;13.2;11.3;1.5;-2.4;0.15;2.5;2.5;0;632;151;92;49;96317;2.54;3.45;0.16;0.26
1983;7;30;211;26;21.1;16.4;14.6;12.7;10.5;1.7;-1.4;0.15;2.4;2.5;0;681;235;123;82;96303;3.08;0;0.16;0.26
1983;7;31;212;30.5;23.4;14.2;12.3;11.1;10;-1.4;0.4;0.15;2.4;2.5;0;692;247;144;99;95939;3.35;0;0.16;0.26
1983;8;1;213;31.3;23.8;18;16.6;14.4;11.9;1.3;0.7;0.15;2.4;2.5;0;652;199;115;75;95403;3.2;6.71;0.15;0.26
1983;8;2;214;22.5;17.7;13.4;16.5;13;10.1;1.7;-0.4;0.15;2.4;2.5;0;536;162;92;51;95762;2.83;8.55;0.16;0.26
1983;8;3;215;13.4;12.4;10.3;12.1;10.8;8.9;1;-2.1;0.15;2.4;2.5;0;190;52;33;29;96122;2.26;19.88;0.17;0.26
1983;8;4;216;15.4;12.2;10;10.5;7.8;4.6;3.1;-1.4;0.15;2.4;2.5;0;414;121;67;37;96380;2.66;10.16;0.18;0.26
1983;8;5;217;12.7;11.6;11;11.4;10.5;9.9;3;-1.4;0.15;2.4;2.5;0;178;52;29;16;95982;1.95;16.13;0.19;0.26
1983;8;6;218;12.9;11.6;10.7;12.4;11;10.3;1.9;-0.4;0.15;2.4;2.5;0;95;27;25;9;95988;0.81;6.02;0.21;0.26
1983;8;7;219;18.3;14.5;10.4;11.4;10.7;10.2;-1.4;-0.9;0.15;2.4;2.5;0;277;91;70;31;96382;1.73;0.3;0.21;0.26
1983;8;8;220;22.3;17.5;12.5;14.6;12.8;11.3;-1.7;-0.9;0.15;2.4;2.5;0;431;141;88;47;96745;2.25;0.25;0.21;0.26
1983;8;9;221;23.7;18.8;13.1;15.2;14.2;12.4;-2.1;-0.8;0.15;2.3;2.5;0;610;200;102;74;96660;2.96;0.45;0.2;0.26
1983;8;10;222;23.1;18.5;15;16.4;15.3;14;-1.7;-1;0.15;2.3;2.5;0;550;180;90;68;96102;2.87;7.42;0.2;0.26
1983;8;11;223;22.2;17.4;14;15.8;14.6;13.5;-1.2;-1.3;0.15;2.3;2.5;0;484;153;80;52;95666;2.65;9.52;0.21;0.26
1983;8;12;224;23.5;18.8;12.5;15.6;13.1;10.8;1.2;-0.6;0.15;2.3;2.5;0;616;195;102;70;95430;3.16;0.39;0.21;0.25
1983;8;13;225;16.7;15.2;13.1;11;8;5.7;2.7;-1.9;0.15;2.3;2.5;0;467;129;84;54;95618;2.45;0.69;0.21;0.25
1983;8;14;226;17;13.9;10.9;9.3;7.9;7.1;1;-1;0.15;2.3;2.5;0;467;125;77;51;96370;2.01;0.4;0.21;0.25
1983;8;15;227;22.3;16;8.8;11.8;9.5;6.8;-0.8;1.1;0.14;2.3;2.5;0;654;223;124;88;96429;2.99;0;0.21;0.25
1983;8;16;228;25.5;19.3;13;15.1;12.8;9.3;1;1.3;0.14;2.3;2.5;0;605;192;98;71;95985;2.89;0.13;0.2;0.25
1983;8;17;229;22;18;14.7;15.5;14.3;12.6;0.7;0;0.14;2.3;2.5;0;401;139;74;54;96008;2.1;3.15;0.2;0.25
1983;8;18;230;24;18.6;12.3;16.4;14;12.3;-1.5;-0.2;0.14;2.3;2.5;0;533;170;96;57;96347;2.74;0.18;0.2;0.25
1983;8;19;231;26.6;21.3;15.6;15.7;13.9;13.1;-2.6;0.1;0.14;2.3;2.5;0;625;206;112;82;96308;3.21;0;0.2;0.25
1983;8;20;232;27.2;21.7;15.7;14.4;13;11.7;-2.2;0;0.14;2.3;2.5;0;633;212;121;88;96276;3.27;0;0.2;0.25
1983;8;21;233;26.4;21.7;16;14.7;13.4;12.2;-1.2;0.2;0.14;2.3;2.5;0;596;195;109;79;96193;2.94;0.06;0.19;0.25
1983;8;22;234;22.9;18.9;15;16.7;15.5;13.4;0.1;-0.5;0.14;2.2;2.5;0;394;129;77;50;96306;2.29;8.03;0.19;0.25
1983;8;23;235;24.1;19.3;13.8;16.4;15.3;13.6;-1;-0.2;0.14;2.2;2.5;0;523;165;86;61;96287;2.66;3.36;0.2;0.25
1983;8;24;236;26.1;20.5;15;16.2;14.3;12.8;-2.6;-1.2;0.14;2.2;2.5;0;589;177;99;63;95944;3.27;2.21;0.2;0.25
1983;8;25;237;25;20.8;17.5;15.1;13.7;12.7;-3.1;-1.3;0.14;2.2;2.5;0;557;171;94;69;95989;2.99;1.88;0.2;0.25
1983;8;26;238;25.6;21;16.3;15.2;13;11.9;-2.4;-1.4;0.14;2.2;2.5;0;605;188;103;77;96217;3.08;0;0.2;0.25
1983;8;27;239;26.1;20.9;15.5;15.1;13.5;12.3;-1.3;-1.2;0.14;2.2;2.5;0;600;186;106;80;96349;2.86;0;0.19;0.25
1983;8;28;240;24.1;19.2;14.7;14.3;12.9;12;-1.3;-1.5;0.14;2.2;2.5;0;521;169;101;77;96312;2.45;0;0.19;0.25
1983;8;29;241;21.8;17.7;13.8;12.7;11.5;10;-2.4;-1.4;0.14;2.2;2.5;0;421;126;80;60;96270;1.98;0.02;0.19;0.25
1983;8;30;242;23.1;17.8;12.4;11.4;9.9;8.5;-2.1;-0.5;0.14;2.2;2.5;0;612;200;127;95;96372;2.63;0;0.19;0.25
1983;8;31;243;25.2;19.1;11.9;13.2;11.1;7.7;-2.4;0.3;0.14;2.2;2.5;0;597;177;113;78;96078;2.43;0;0.18;0.25
1983;9;1;244;25.5;20.1;14.3;15.8;13.8;12.5;-0.2;1.7;0.14;2.2;2.5;0;511;163;100;65;95682;2.26;1.33;0.18;0.25
1983;9;2;245;19.4;16.8;15.2;15.1;14;12.8;0.9;1.1;0.14;2.2;2.5;0;299;74;72;40;95689;1.62;7.35;0.19;0.25
1983;9;3;246;18;14.7;11;12.8;10.3;6.5;2.4;2.1;0.14;2.2;2.5;0;268;63;80;49;95787;1.69;2.29;0.19;0.25
1983;9;4;247;15.7;12.9;10.8;9.5;6.7;3.8;3.4;1.1;0.14;2.2;2.5;0;403;120;82;49;96357;1.93;0.93;0.19;0.25
1983;9;5;248;19.5;15.6;11.7;11.2;8;4.7;3.5;1.1;0.14;2.2;2.5;0;372;96;90;48;96459;1.78;0.29;0.19;0.25
1983;9;6;249;18;13.6;8.6;6.8;5.4;4.4;2.8;-0.2;0.14;2.2;2.5;0;554;170;112;86;96470;2.12;0;0.19;0.25
1983;9;7;250;14.3;11.6;8.7;4.5;1.8;-0.2;3.7;-0.9;0.14;2.2;2.5;0;483;143;94;72;96210;1.89;0.02;0.18;0.25
1983;9;8;251;15.9;11;5.5;4;2;0.8;1.4;0.9;0.14;2.2;2.5;0;601;182;136;92;95944;1.9;0;0.18;0.25
1983;9;9;252;20.2;15.3;11.3;15.8;11;1.5;1;2.6;0.14;2.2;2.5;0;330;85;53;37;95167;1.7;11.91;0.18;0.25
1983;9;10;253;25.3;18.5;13.1;15.8;13.2;9.3;0.7;1.7;0.14;2.2;2.5;0;481;139;85;50;94906;2.64;2.96;0.19;0.25
1983;9;11;254;16.3;12.8;10.6;10;8.4;6.6;1.9;2.6;0.14;2.2;2.5;0;401;104;76;45;95090;2.3;4.56;0.19;0.25
1983;9;12;255;13.8;10.7;9;8.4;6.8;5.5;2.9;1.9;0.14;2.1;2.5;0;381;95;98;47;95466;1.66;2.04;0.19;0.25
1983;9;13;256;13.6;10.3;8.3;8.6;6.6;5.7;3;1.6;0.14;2.1;2.5;0;483;117;86;48;96108;2.1;2.8;0.2;0.25
1983;9;14;257;16.5;12.2;8.3;11.9;8.7;6;1.1;2;0.14;2.1;2.5;0;282;60;57;29;96200;1.07;3.88;0.2;0.25
1983;9;15;258;23.6;17.1;10.9;14.1;11.8;10;1.4;2.5;0.14;2.1;2.5;0;487;146;99;59;95495;2.46;4.04;0.2;0.25
1983;9;16;259;15.3;12.8;9.5;13.8;11.3;8.5;1.7;2.9;0.14;2.1;2.5;0;124;32;57;34;94927;1.56;10.04;0.2;0.25
1983;9;17;260;13;10.4;7.7;8.1;6.8;5.2;2.5;1.2;0.14;2.1;2.5;0;233;75;68;44;95066;1.35;0.31;0.21;0.25
1983;9;18;261;14.5;11.8;9.3;8.2;7.2;6.4;2.5;0.8;0.14;2.1;2.5;0;319;86;59;36;96015;1.39;0.59;0.21;0.25
1983;9;19;262;19.8;14.2;8.7;11.9;9.3;6.5;0.7;1.8;0.14;2.1;2.5;0;507;142;103;67;96263;1.68;0;0.21;0.25
1983;9;20;263;15.6;12.2;7.8;12.1;8.7;5.8;1.6;0.1;0.14;2.1;2.5;0;359;87;102;49;96679;1.39;4.67;0.21;0.25
1983;9;21;264;15.7;11.6;6.4;11.4;8.2;4.9;-0.7;2.1;0.13;2;2.5;0;371;91;70;46;96246;1.25;2.59;0.21;0.25
1983;9;22;265;14.7;13.3;8.5;12.7;9.3;6.6;3.1;0.3;0.13;2;2.5;0;244;60;81;34;96445;1.64;1.38;0.21;0.24
1983;9;23;266;16.5;11.1;5.8;7.2;6.1;5;-1.4;-0.1;0.13;2;2.5;0;515;152;120;83;97207;1.66;0;0.21;0.24
1983;9;24;267;21.1;14.3;6.8;13.1;8.3;4.7;0.7;1.4;0.13;2;2.5;0;489;140;103;68;96927;1.79;0.12;0.21;0.24
1983;9;25;268;16.2;12;7.7;14.5;6.8;3.5;1.4;-2.3;0.13;2;2.5;0;440;118;111;60;97182;1.77;1.74;0.21;0.24
1983;9;26;269;16.7;11.3;6.5;6.5;5;3.8;0.5;-0.1;0.13;2;2.5;0;524;153;131;88;97435;1.59;0;0.2;0.24
1983;9;27;270;20.2;13.4;6.1;11.5;7.4;4.1;-0.6;-0.3;0.13;1.9;2.5;0;501;146;117;76;97062;1.57;0;0.2;0.24
1983;9;28;271;23.1;15.4;7.8;13.1;10.7;6.5;-1.4;-0.8;0.13;1.9;2.5;0;495;141;119;77;96610;1.58;0;0.2;0.24
1983;9;29;272;19.6;14.9;11.5;12;11.2;10.1;-2.8;0;0.13;1.9;2.5;0;478;126;104;69;96157;1.37;0.01;0.2;0.24
1983;9;30;273;19;13.4;8.7;11.9;10.1;7.7;-0.1;-0.9;0.13;1.9;2.5;0;475;107;101;51;95928;1.2;0.12;0.2;0.24
1983;10;1;274;13.3;9.8;6.6;7;2.5;-1;-2.7;-0.5;0.13;1.9;2.5;0;456;119;128;73;96935;1.36;0.03;0.2;0.24
1983;10;2;275;14.8;10.5;4.9;11.9;5.6;-1.4;0.5;1.4;0.13;1.9;2.5;0;319;89;75;47;96891;1.01;1.48;0.2;0.24
1983;10;3;276;17.9;14.9;12.8;13.8;12.9;11.9;2.9;0.6;0.13;1.8;2.5;0;242;61;57;25;96735;1.16;2.89;0.2;0.24
1983;10;4;277;21.7;16.4;12.1;13.8;12.8;11.8;0.8;1.7;0.13;1.8;2.5;0;434;114;104;64;96597;1.25;0.02;0.2;0.24
1983;10;5;278;20.8;16.9;13.6;12.5;11.8;10.1;3;1.3;0.13;1.8;2.5;0;406;104;78;61;96463;1.37;1.02;0.2;0.24
1983;10;6;279;15;13;10.4;12.7;8.8;5.7;3.7;0;0.13;1.8;2.5;0;392;99;86;59;96422;1.43;0.77;0.2;0.24
1983;10;7;280;14.9;11.3;9.1;8.1;6.5;5.6;2.2;0.7;0.13;1.8;2.5;0;274;81;92;52;96538;0.95;0.04;0.2;0.24
1983;10;8;281;10.7;9.7;8.1;8.9;7.3;5.2;3.6;1.6;0.13;1.8;2.5;0;90;18;60;23;95964;0.95;2.13;0.2;0.24
1983;10;9;282;10.9;8.5;7.1;7.7;3.7;0.2;4.1;0.2;0.13;1.7;2.5;0;404;77;89;42;95505;2.08;7.37;0.2;0.24
1983;10;10;283;14.3;11.5;7.7;10.7;9.4;5.1;3;1.4;0.13;1.7;2.5;0;163;36;31;10;95937;0.89;1.68;0.2;0.24
1983;10;11;284;10.7;9.1;5.8;8.9;6.8;3.8;3.6;1.1;0.13;1.7;2.5;0;116;23;75;29;95982;1.28;3.9;0.2;0.24
1983;10;12;285;9.2;7;5.3;4;3.1;1.9;3.8;0.5;0.13;1.7;2.5;0;300;64;79;47;96563;1.2;1.15;0.21;0.24
1983;10;13;286;15.5;9.1;3.5;5.6;3.9;2.1;-0.3;2.1;0.13;1.7;2.5;0;430;116;112;81;96297;1.1;0;0.21;0.24
1983;10;14;287;15.6;11;7.3;10.9;8;3.9;0.6;1.7;0.13;1.7;2.5;0;287;70;66;49;96185;0.63;0.9;0.2;0.24
1983;10;15;288;13.2;10.2;7.9;10;7.4;4.8;0.7;2;0.13;1.7;2.5;0;280;60;91;52;95853;1.05;2.69;0.21;0.24
1983;10;16;289;14.6;9.5;6.5;8.3;5.7;4.3;1;2.8;0.13;1.6;2.5;0;229;58;77;49;95166;1.24;3.43;0.21;0.24
1983;10;17;290;9.3;6.9;5.6;5.2;4.1;2.1;3.2;1.5;0.13;1.6;2.5;0;323;71;76;44;95681;1.22;1.46;0.21;0.24
1983;10;18;291;8.8;7.1;4.8;6.6;3.9;2.7;3.1;1.6;0.13;1.6;2.5;0;159;36;45;21;96593;0.67;0.55;0.21;0.24
1983;10;19;292;11.9;10.1;8.2;9.3;8.3;6.8;3.5;1.7;0.12;1.6;2.5;0;102;23;29;11;96648;0.54;1.34;0.21;0.24
1983;10;20;293;10.1;7.5;6;9;3.3;1.5;2.3;-0.8;0.12;1.6;2.5;0;298;69;79;41;96858;0.99;0.2;0.21;0.24
1983;10;21;294;8;5.6;2.4;3.1;0.8;-2;0.6;-2;0.12;1.6;2.5;0;350;81;97;62;97257;0.78;0.1;0.21;0.24
1983;10;22;295;6.4;3.5;0.7;2;0.9;-0.3;-0.2;-1;0.12;1.6;2.5;0;232;54;78;46;97977;0.39;0;0.21;0.24
1983;10;23;296;9.3;3;-1.9;1.2;-0.3;-2.5;-1.5;0.1;0.12;1.6;2.5;0;392;98;119;80;97465;0.62;0;0.21;0.24
1983;10;24;297;10.4;3.9;-1.9;2.2;-0.1;-2.8;-0.6;-1.3;0.12;1.6;2.5;0;392;100;121;80;96860;0.65;0;0.21;0.24
1983;10;25;298;6.3;4.7;3.6;2.5;1.3;0.2;-0.5;0;0.12;1.6;2.5;0;182;42;46;26;97218;0.36;0.06;0.21;0.24
1983;10;26;299;8.3;5.4;2.8;2.6;1.9;1.3;2.1;0.7;0.12;1.6;2.5;0;208;42;67;32;96952;0.36;0;0.21;0.24
1983;10;27;300;13.1;6.6;-0.1;4.9;2.8;-0.8;0.7;1.4;0.12;1.6;2.5;0;366;87;105;68;96569;0.65;0;0.2;0.24
1983;10;28;301;10.1;5.7;2.3;4;3;1.3;1.7;0.2;0.12;1.6;2.5;0;349;83;114;73;96167;0.5;0.02;0.2;0.24
1983;10;29;302;5.8;4.5;2.9;3.6;2.8;1.8;-1.9;-2.1;0.12;1.6;2.5;0;100;23;50;22;96589;0.57;1.19;0.2;0.24
1983;10;30;303;6.4;4.2;2.5;2.2;1.9;1.6;-1.7;-0.2;0.12;1.6;2.5;0;195;44;57;29;96629;0.37;0.06;0.2;0.24
1983;10;31;304;4.7;3.5;1.8;4.2;2.3;0.2;3.2;0.4;0.12;1.6;2.5;0;148;22;60;20;96468;0.29;0.8;0.2;0.24
1983;11;1;305;7.1;5.6;4.4;4.4;3.3;2;2.5;0.4;0.12;1.6;2.5;0;154;30;42;19;97130;0.48;0.18;0.2;0.24
1983;11;2;306;9.1;6.2;3.5;6.4;4.5;2.8;-0.6;0.1;0.12;1.6;2.5;0;184;41;55;35;97222;0.26;0.05;0.2;0.24
1983;11;3;307;11.2;7;3.4;5.5;3.4;2.5;-1.7;1.1;0.12;1.6;2.5;0;319;76;103;74;96618;0.52;0;0.2;0.24
1983;11;4;308;10.3;6;1.8;6.7;4.5;1.4;0.2;1;0.12;1.6;2.5;0;211;44;58;37;96343;0.34;0.5;0.2;0.24
1983;11;5;309;12.4;7.5;4.2;6.3;5.1;3.9;-0.1;1.3;0.12;1.6;2.5;0;275;64;99;53;96362;0.42;0;0.2;0.24
1983;11;6;310;10.5;6.4;2;7.3;5.3;2;-0.9;0.5;0.12;1.6;2.5;0;172;36;63;27;96660;0.18;0;0.2;0.24
1983;11;7;311;11.1;6.4;3.2;4.8;4;2.2;-2.3;0.1;0.12;1.6;2.5;0;319;70;106;72;96525;0.39;0.01;0.2;0.24
1983;11;8;312;11.6;5.1;0.2;6.4;3.3;0;-1;0.3;0.11;1.5;2.5;0;308;69;109;66;96707;0.38;0;0.2;0.24
1983;11;9;313;8.9;3.2;-0.1;5.1;2.2;-0.6;-1;-0.2;0.11;1.5;2.5;0;253;51;96;44;96898;0.19;0.02;0.2;0.24
1983;11;10;314;9.2;2.7;-1.3;2.3;0.2;-1.9;-1.4;-0.4;0.11;1.5;2.5;0;309;68;105;64;96609;0.4;0;0.2;0.24
1983;11;11;315;6.9;3.3;-0.7;4.3;1.4;-1.2;-0.7;-1.2;0.11;1.5;2.5;0;214;40;48;31;96546;0.25;0.12;0.2;0.24
1983;11;12;316;1.7;-0.2;-2.2;-1.9;-5.1;-7.6;-3.2;-0.2;0.11;1.5;2.5;0;294;61;105;68;96846;0.4;0;0.2;0.24
1983;11;13;317;0.7;-1.8;-4.5;-5.6;-8.1;-11.5;-3.4;-0.7;0.11;1.5;2.5;0;267;61;92;74;96784;0.34;0;0.2;0.24
1983;11;14;318;-1.4;-4.6;-7.1;-10.2;-11.2;-13.3;-2.8;-0.7;0.11;1.5;2.5;0;312;72;117;99;96931;0.06;0;0.2;0.24
1983;11;15;319;-3.5;-5.3;-8.5;-6;-9;-10.7;1.6;0.8;0.12;1.5;2.5;0.68;121;26;82;39;95763;0;1.79;0.2;0.24
1983;11;16;320;1.3;-1;-3.6;-0.4;-2.2;-5.7;1.8;0.3;0.15;1.5;2.5;2.4;127;26;29;13;95307;0;1.34;0.2;0.24
1983;11;17;321;1.1;-0.6;-1.9;-0.9;-1.9;-2.8;0.1;-0.4;0.16;1.5;2.5;3.07;122;27;55;26;95732;0.03;0.08;0.2;0.24
1983;11;18;322;2.6;-0.7;-2.6;-2;-2.7;-3.3;-0.4;-0.7;0.16;1.5;2.5;2.94;228;50;82;48;96182;0.03;0.01;0.2;0.24
1983;11;19;323;0.7;-0.9;-1.9;-1.3;-2.1;-2.7;0.8;0.4;0.16;1.5;2.5;3.06;96;20;31;16;96489;0.04;0.45;0.2;0.24
1983;11;20;324;1.8;-1.4;-2.9;-2.6;-3.7;-4.6;1.2;1;0.16;1.6;2.5;3.19;255;50;102;47;95822;0.1;0.18;0.2;0.24
1983;11;21;325;1.3;-1;-2.3;-2;-2.7;-3.5;2.8;-0.5;0.17;1.6;2.5;4.01;139;29;79;33;95653;0.06;1.17;0.2;0.24
1983;11;22;326;-1.6;-2.6;-3.3;-3.7;-4.4;-5.2;2.1;0;0.18;1.6;2.5;4.48;102;23;59;29;96413;0.11;0.18;0.2;0.24
1983;11;23;327;-1;-3;-3.9;-4.1;-4.9;-5.8;1.4;0.2;0.18;1.6;2.5;4.53;147;32;67;30;96657;0.07;0;0.2;0.24
1983;11;24;328;2.1;-2.4;-4.7;-3.9;-4.9;-6.5;-1;0.9;0.18;1.6;2.5;4.42;242;50;105;62;96796;0.09;0;0.2;0.24
1983;11;25;329;7.1;2.5;-3.8;6.5;1.8;-6.4;1.2;2.2;0.17;1.6;2.5;4.02;32;6;38;-1;96220;-0.21;3.91;0.2;0.24
1983;11;26;330;10.1;9.1;7.4;8.9;8.2;6.7;4.2;2.9;0.13;1.6;2.5;1.31;43;7;10;1;94862;0.35;13.35;0.21;0.24
1983;11;27;331;11.5;8.6;5.5;9.9;7;3.9;4.9;3.9;0.11;1.6;2.5;0.12;136;27;56;18;92871;1.85;23.76;0.23;0.24
1983;11;28;332;6.3;4.7;3.7;5.4;3.9;2.7;4.7;-1;0.11;1.6;2.5;0;70;13;20;8;93860;0.99;8.48;0.25;0.24
1983;11;29;333;4.1;3.2;1.6;3.6;2.7;1;3.3;-0.7;0.11;1.6;2.5;0;66;14;39;12;95426;0.62;6.17;0.25;0.24
1983;11;30;334;0.9;-1;-3;-0.5;-3.7;-6.2;2.4;-2.6;0.13;1.6;2.5;1.27;194;36;76;53;96278;0.58;2.91;0.25;0.24
1983;12;1;335;-2.5;-3.5;-4.9;-5.8;-8.1;-10.2;-0.6;-2.3;0.15;1.6;2.5;2.97;140;32;68;47;97727;0.19;0.28;0.25;0.24
1983;12;2;336;-3.1;-5;-7.8;-6.8;-9.7;-11.8;-2.1;-0.8;0.16;1.6;2.5;3.06;190;40;87;66;97981;0.09;0;0.25;0.24
1983;12;3;337;-2.1;-6.1;-9;-12.4;-13.9;-15.4;-2.3;-0.5;0.15;1.7;2.5;3.02;234;49;100;80;97502;0.06;0;0.25;0.24
1983;12;4;338;-0.1;-4.3;-8;-6.8;-9.9;-13.8;-0.4;-0.1;0.15;1.7;2.5;2.97;222;47;92;63;97350;0.04;0;0.25;0.24
1983;12;5;339;0.7;-3.9;-7.2;-4.8;-6.7;-8.4;0;1;0.15;1.7;2.5;2.9;219;46;86;59;96987;0.04;0;0.25;0.24
1983;12;6;340;-1.6;-3.7;-7.4;-2.1;-5.1;-8.3;1.5;0.2;0.16;1.7;2.5;3.54;119;22;53;31;96409;0.02;2.23;0.25;0.24
1983;12;7;341;0;-1.9;-3.4;-2.2;-3.6;-5.2;2.3;-1.5;0.2;1.7;2.5;5.65;140;27;82;34;96800;0.05;1.11;0.25;0.24
1983;12;8;342;-3.5;-4.5;-6.1;-5.3;-6.4;-7.1;1.4;1.2;0.21;1.7;2.5;6.15;122;24;67;34;96942;0.09;0.02;0.25;0.24
1983;12;9;343;0.6;-2;-4.6;-3.7;-6;-7.5;0.6;2.7;0.22;1.7;2.5;6.58;88;19;45;20;95141;0.23;0.84;0.25;0.24
1983;12;10;344;2.9;0.1;-4.4;1.5;-1.6;-7.4;1.6;0.6;0.22;1.7;2.5;7.02;49;10;43;12;94514;0.21;4.55;0.25;0.24
1983;12;11;345;-1.8;-5;-7;-4.3;-7;-8.4;1.6;0.1;0.25;1.7;2.5;8.59;122;24;86;54;95764;0.16;1.69;0.25;0.24
1983;12;12;346;-3.5;-6.8;-10.2;-8.8;-10.2;-11.7;-2.5;0.2;0.26;1.7;2.5;9.4;189;35;99;53;96205;0.26;0;0.25;0.24
1983;12;13;347;-1.9;-5.7;-9.7;-4.5;-8.5;-12.7;0;0.9;0.26;1.7;2.5;9.26;128;26;53;32;96571;0.14;0.07;0.25;0.24
1983;12;14;348;-1.1;-5.3;-8.7;-4.3;-7;-10;-1.1;0.9;0.26;1.7;2.5;9.24;136;28;79;46;96630;0.04;0.01;0.25;0.24
1983;12;15;349;-2.4;-7.2;-10.1;-7.1;-10.1;-12;-2.5;0.1;0.26;1.7;2.5;9.17;186;38;97;70;95893;0.12;0;0.25;0.24
1983;12;16;350;-2.9;-5.9;-8.3;-7.8;-9.3;-11;-2;1.1;0.25;1.7;2.5;9.09;186;37;93;66;94890;0.1;0.07;0.25;0.24
1983;12;17;351;2.8;-1.6;-5.6;-0.9;-4.3;-8.7;-1.4;1.1;0.25;1.7;2.5;8.9;181;37;88;51;94452;0.09;2.03;0.25;0.24
1983;12;18;352;2.8;-0.2;-1.9;0.3;-1.6;-3.1;-1.2;1.4;0.28;1.7;2.5;10.97;159;29;84;45;94280;0.02;0.92;0.25;0.24
1983;12;19;353;4;0.4;-2.4;0.3;-1.6;-3.9;-0.7;1.5;0.28;1.7;2.5;10.53;69;14;59;32;93758;0.04;0.62;0.25;0.24
1983;12;20;354;4.2;0.7;-1;1.7;-0.4;-1.6;-0.4;2;0.26;1.6;2.5;9.83;130;25;88;47;94645;-0.23;0.08;0.25;0.24
1983;12;21;355;2.9;0.6;-0.7;-0.3;-1.2;-2.7;-0.9;1.4;0.25;1.6;2.5;9.29;104;20;66;33;94458;0.09;0.76;0.25;0.24
1983;12;22;356;3.5;1.3;-0.4;2.8;0.9;-0.8;0.9;1.5;0.24;1.6;2.5;8.55;67;12;75;12;95056;-0.2;0.44;0.25;0.24
1983;12;23;357;6.3;3.7;-0.6;5.9;3.1;-1.5;2.1;2.3;0.2;1.6;2.5;6.29;45;8;79;10;95272;-0.33;2.23;0.25;0.24
1983;12;24;358;8.4;6.5;5;8;6;4.7;2.6;1.3;0.15;1.6;2.5;2.85;46;6;52;8;95887;-0.27;2.91;0.26;0.24
1983;12;25;359;11;7.9;4.9;4.2;1.9;0;3;2;0.12;1.6;2.5;1.05;211;42;97;62;95768;0.65;0.86;0.26;0.24
1983;12;26;360;8.2;5.9;1.7;7.2;4.6;0.1;5.1;0.6;0.11;1.5;2.5;0.29;57;11;53;15;95812;1.08;13.68;0.27;0.24
1983;12;27;361;3.9;1.7;-0.8;0.2;-1;-2.3;3.4;0.2;0.11;1.5;2.5;0.2;119;23;81;28;97534;0.5;0.28;0.28;0.24
1983;12;28;362;5.7;4.7;3.8;4.5;3.6;0.4;3.8;1;0.11;1.5;2.5;0.12;95;17;30;14;97381;0.02;0.22;0.27;0.24
1983;12;29;363;5.7;4.7;3.7;5.5;4.6;3.5;1.6;0.5;0.11;1.5;2.5;0.04;50;9;15;3;97612;0.05;0.21;0.27;0.24
1983;12;30;364;6;3.6;1.9;3.2;2.4;1.6;1.5;1;0.11;1.5;2.5;0.01;166;30;77;24;96679;0.31;0.16;0.27;0.24
1983;12;31;365;2.8;1.1;0.1;2;-1.3;-2.8;3.7;0.3;0.11;1.4;2.5;0.13;114;25;49;33;96729;0.36;0.55;0.27;0.24
1984;1;1;1;3;1.1;-0.1;-1.8;-2.3;-2.9;4.2;1.4;0.11;1.4;2.5;0.49;189;39;86;55;96136;0.4;0.22;0.27;0.24
1984;1;2;2;3.4;1.5;0;2.5;0.2;-3;3.1;1.9;0.13;1.4;2.5;1.91;44;7;63;17;95964;0.16;3.99;0.27;0.24
1984;1;3;3;5.6;3.5;1.1;3.5;0.4;-3.5;4.3;2.9;0.13;1.4;2.5;1.96;34;7;60;28;94677;1.17;8.35;0.27;0.24
1984;1;4;4;1;0.2;-0.3;-0.9;-2;-3.2;4.7;1.1;0.15;1.4;2.5;3.36;145;25;51;35;95051;0.46;3.95;0.28;0.24
1984;1;5;5;-0.3;-1.3;-2.3;-1;-3.4;-4.7;2.7;0;0.22;1.4;2.5;7.56;145;29;86;43;96256;0.22;2.75;0.27;0.24
1984;1;6;6;0.4;-1;-2.5;-0.4;-2.7;-6;1.8;1.6;0.25;1.3;2.5;9.22;52;11;53;18;96002;0.14;2.22;0.27;0.25
1984;1;7;7;2.4;0.7;-0.7;1.4;-0.2;-1.3;2.1;2.3;0.28;1.3;2.5;11.39;157;24;56;18;94962;0.14;7.68;0.27;0.25
1984;1;8;8;0.8;-0.6;-1.6;-0.9;-2.4;-3.2;4.1;1.6;0.33;1.3;2.5;14.49;142;28;75;46;94759;0.49;2.21;0.27;0.25
1984;1;9;9;-0.4;-1.6;-3.1;-1.6;-3.3;-4.5;3.1;-0.5;0.35;1.3;2.5;18.28;114;22;64;35;95530;0.25;3.82;0.27;0.25
1984;1;10;10;-1.2;-4.3;-9.5;-4.3;-6;-10;1.5;-0.3;0.36;1.3;2.5;19.72;118;22;74;35;96778;0.17;0.84;0.27;0.25
1984;1;11;11;-0.7;-2.8;-7;-4.8;-5.4;-8.1;1.2;2.1;0.36;1.2;2.5;19.98;98;19;31;17;96462;0.34;0.04;0.27;0.25
1984;1;12;12;0.6;-1.6;-4.5;0.2;-3.8;-8.3;0.7;2.3;0.37;1.2;2.5;22.18;82;16;52;17;95240;0.27;4.66;0.27;0.25
1984;1;13;13;4.3;0.7;-1.7;2.4;-1.2;-4.1;3.1;3.2;0.37;1.2;2.5;25.67;117;20;53;21;95254;0.24;7.54;0.27;0.25
1984;1;14;14;7.3;4.2;1.5;5.2;2.6;-0.4;4.6;2.5;0.35;1.2;2.5;21.12;17;4;51;15;94180;-0.18;16.14;0.28;0.25
1984;1;15;15;1.4;0;-1.1;-0.7;-2.7;-5.2;5;1.5;0.31;1.2;2.5;16.53;126;23;88;56;94847;0.65;6.62;0.3;0.25
1984;1;16;16;1.6;-0.2;-1.3;-0.1;-2.1;-3.1;3.8;1.8;0.36;1.2;2.5;23.06;141;30;69;36;95847;0.39;6.98;0.3;0.25
1984;1;17;17;4.8;2.9;-0.3;3.8;1.3;-2.7;4.5;2.4;0.35;1.2;2.5;21.65;39;8;82;25;95035;-0.16;14.32;0.31;0.25
1984;1;18;18;0.2;-1;-2.2;-2.3;-3;-3.4;4.2;1.1;0.34;1.2;2.5;20.54;122;28;90;54;95842;0.37;3.23;0.31;0.25
1984;1;19;19;0;-2.4;-5.6;-3.4;-5;-6.5;-1;1.1;0.34;1.2;2.5;21.59;153;32;80;39;95546;0.3;0.77;0.31;0.26
1984;1;20;20;0.6;-1.9;-3.8;-3.7;-4.7;-5.9;-0.1;-1.2;0.36;1.1;2.5;23.09;109;25;71;29;95593;0.22;1.48;0.3;0.26
1984;1;21;21;-1.2;-3.3;-6.5;-4.2;-6.8;-8.8;-2.3;-0.4;0.36;1.1;2.5;23.32;163;32;70;44;96133;0.37;0.09;0.3;0.26
1984;1;22;22;-0.8;-4.5;-6.9;-2.3;-7.7;-9.4;-2.6;0.9;0.36;1.1;2.5;23.73;107;26;74;38;94953;0.41;4.36;0.29;0.26
1984;1;23;23;0.5;-0.5;-1.5;-1.7;-3.4;-5;1.6;2.7;0.37;1.1;2.5;28.64;154;33;77;35;93704;0.48;5.85;0.29;0.26
1984;1;24;24;0.7;-0.4;-1.7;-0.8;-2.7;-3.4;3.2;2.4;0.37;1.1;2.5;34.73;150;28;61;33;93196;0.41;4.57;0.29;0.26
1984;1;25;25;-0.9;-2.8;-8;-2.7;-4.5;-8.8;3.5;-0.7;0.37;1.1;2.5;39.06;156;32;82;47;95275;0.18;3.26;0.28;0.27
1984;1;26;26;-2.3;-5.6;-8.5;-7.3;-8.2;-9.3;-1.7;1.2;0.37;1.1;2.4;39.81;182;36;90;40;96057;0.29;0.07;0.28;0.27
1984;1;27;27;0.9;-2.9;-5.3;-2.9;-5.7;-8.1;-1.6;0.8;0.37;1.1;2.4;39.59;203;43;83;44;95923;0.26;0.15;0.28;0.27
1984;1;28;28;1.6;-3.9;-9.4;-1.6;-5.7;-10.7;-0.5;1.7;0.37;1.1;2.4;39.71;179;39;73;47;96606;0.07;0.37;0.28;0.27
1984;1;29;29;2;-1.7;-4.6;-1.1;-3.2;-5.4;-0.4;2;0.36;1.1;2.4;39.51;175;37;83;39;96494;0.14;0.11;0.28;0.27
1984;1;30;30;1.1;0;-1.2;0.5;-1;-2.8;0.2;2.1;0.36;1.1;2.4;40.75;60;16;18;9;96050;0.09;3.7;0.28;0.27
1984;1;31;31;1.2;-0.3;-1.8;-0.5;-1.6;-2.6;-0.5;2.5;0.36;1.1;2.4;42.48;88;20;40;26;95022;0.15;1.08;0.27;0.27
1984;2;1;32;2.3;-0.3;-2.2;-1.1;-2.2;-3;0.3;2.3;0.36;1.1;2.4;44.43;152;32;52;27;94926;0.29;3.01;0.27;0.27
1984;2;2;33;2.9;0.4;-2.4;1.8;-1;-4.7;0.7;2.1;0.36;1.1;2.4;45.51;80;17;47;16;94952;-0.01;1.24;0.27;0.27
1984;2;3;34;3.5;1.8;0.8;0.7;0;-1.4;2.3;3;0.36;1.1;2.4;43.43;166;34;55;21;95408;0.18;11.4;0.28;0.27
1984;2;4;35;2.3;1.3;0.2;1.5;-0.3;-1.9;3.3;0.6;0.37;1.1;2.4;47.45;147;32;56;27;95848;0.17;2.09;0.28;0.27
1984;2;5;36;5.3;3.6;1.3;4.6;3.1;0;2.6;1.4;0.36;1.1;2.4;41.43;45;8;3;0;95887;-0.55;6.03;0.29;0.27
1984;2;6;37;3.1;1.2;-1.2;2.8;0.2;-3.1;3.6;2.8;0.36;1.1;2.4;36.27;86;15;50;16;95278;-0.01;16.92;0.3;0.27
1984;2;7;38;4.5;1.7;-1;3.5;-0.6;-4.6;5.1;1.3;0.36;1.1;2.4;33.2;183;29;96;34;93743;0.21;19.55;0.33;0.27
1984;2;8;39;0.6;-0.5;-1.9;0.1;-2.1;-3.9;2.5;1.1;0.37;1.1;2.4;38.21;68;14;59;20;93623;0.25;11.56;0.32;0.28
1984;2;9;40;0.3;-0.8;-1.9;-2.1;-2.9;-3.7;2.1;-3.1;0.38;1.1;2.4;46.74;194;43;80;40;95558;0.48;3.66;0.31;0.28
1984;2;10;41;-1;-2.6;-5;-2.2;-4.7;-6.4;1.2;-2.2;0.37;1.1;2.4;47.9;155;35;48;25;97497;0.36;0.92;0.31;0.28
1984;2;11;42;1.8;-0.9;-4.9;-1.2;-3;-7.1;-0.9;-1.3;0.37;1.1;2.4;51.81;173;34;65;29;97387;0.42;4.08;0.3;0.28
1984;2;12;43;-2.5;-6.3;-10;-7.8;-9.4;-12.1;-2;-1.8;0.37;1.1;2.4;52.22;279;66;104;76;98105;0.29;0;0.3;0.29
1984;2;13;44;-1.6;-5.4;-8.9;-6.8;-8.4;-11.5;-1.9;-1.8;0.37;1.1;2.4;52;260;59;110;60;97813;0.28;0;0.29;0.29
1984;2;14;45;-1.3;-7;-13.2;-6.9;-10.6;-15.8;-1.6;-1.7;0.37;1.1;2.4;51.76;283;67;104;65;97695;0.25;0.08;0.29;0.29
1984;2;15;46;-3.8;-7.5;-13.7;-7.8;-10.1;-15.5;-1.6;-1;0.37;1.1;2.4;51.62;230;53;81;49;97642;0.17;0;0.29;0.29
1984;2;16;47;-5.4;-8.8;-14;-9.5;-11.4;-15.7;-1.8;-0.8;0.36;1.1;2.4;51.44;223;53;68;45;97391;0.17;0;0.28;0.29
1984;2;17;48;-3.8;-10.8;-17.8;-9.4;-13.8;-19.8;-1.4;-0.5;0.36;1.1;2.4;51.27;292;71;111;68;97237;0.17;0;0.28;0.29
1984;2;18;49;-4.4;-9.7;-16.9;-8;-12.5;-18.9;-2.4;-0.7;0.36;1.1;2.4;51.09;266;62;76;49;97101;0.2;0.03;0.28;0.29
1984;2;19;50;-0.1;-4.5;-8.3;-4.9;-7.6;-10.8;-3.6;-0.4;0.36;1.1;2.4;50.81;299;71;93;68;96391;0.37;0.02;0.28;0.29
1984;2;20;51;1.4;-4;-7.8;-4.3;-6.9;-9.5;-1.8;1;0.36;1.1;2.4;50.53;296;73;111;73;96133;0.25;0;0.28;0.29
1984;2;21;52;2.3;-4.3;-10.5;-2.9;-7;-11.9;-1.9;1.1;0.35;1.1;2.4;50.16;300;77;106;69;96279;0.24;0;0.27;0.29
1984;2;22;53;1.1;-3.3;-7.6;-1.4;-5.4;-9.6;-1.1;1.1;0.35;1.1;2.4;50.44;163;38;81;40;96030;0.07;1.2;0.27;0.29
1984;2;23;54;3;-1.9;-8.1;-2.5;-4.3;-8.9;-1.9;-0.8;0.35;1.1;2.4;50.34;317;73;102;53;96182;0.25;0.07;0.27;0.29
1984;2;24;55;0.6;-1;-3.5;-2.5;-3.1;-4.9;-1.4;-2.7;0.36;1.1;2.5;52.68;122;31;72;23;96331;0.37;4.68;0.27;0.29
1984;2;25;56;1.5;-0.5;-3.4;-0.2;-2.2;-4.6;-3.1;-1.9;0.36;1.2;2.5;54.46;130;32;56;23;96012;0.14;1.18;0.27;0.29
1984;2;26;57;3.7;1.3;-1.2;0.3;-0.6;-2.3;-3.1;-0.6;0.35;1.2;2.5;53.82;188;44;75;53;95425;0.02;0.12;0.27;0.29
1984;2;27;58;1.4;0.3;-2.3;-0.3;-1;-3.1;-0.7;2;0.36;1.2;2.5;54.38;131;33;62;30;95302;0.08;5.3;0.27;0.29
1984;2;28;59;4.1;0;-4;-1.2;-2.7;-4.5;-1.4;0.7;0.36;1.2;2.5;54.81;306;72;87;48;95753;0.24;0.08;0.27;0.29
1984;2;29;60;2.7;0.1;-2.2;-1.7;-2.6;-3.6;-2.2;-0.4;0.35;1.2;2.5;52.83;209;54;62;41;95722;0.23;0;0.27;0.29
1984;3;1;61;3.8;-1.3;-5.4;-1.3;-3.4;-5.9;-1;-1.2;0.35;1.2;2.5;50.54;335;84;113;63;95303;0.19;0;0.27;0.29
1984;3;2;62;2;0;-3.6;0.2;-2;-4.7;1.5;1.3;0.35;1.2;2.5;48.82;169;42;37;18;94776;0.28;3.06;0.27;0.29
1984;3;3;63;1.8;-1;-3.5;-1;-5;-7.1;1.4;0.2;0.35;1.2;2.5;50.62;183;51;52;36;94781;0.58;0.53;0.27;0.29
1984;3;4;64;1;-2.4;-7.4;-4;-5.7;-8.9;-0.2;-2.4;0.35;1.2;2.5;50.38;206;53;60;36;96286;0.5;0.05;0.27;0.29
1984;3;5;65;1.4;-1.2;-4.8;-1;-4.2;-6.4;1.4;-1.2;0.35;1.3;2.5;50.08;182;48;37;24;96953;0.37;0.29;0.27;0.29
1984;3;6;66;4.1;1;-1.1;-0.4;-1.2;-2.6;1.3;-1.2;0.35;1.3;2.5;48.62;223;56;93;33;97333;0.14;0.07;0.27;0.29
1984;3;7;67;3.9;1.6;-0.7;2;0.4;-2.2;1.8;-1.3;0.34;1.3;2.5;44.87;104;29;59;20;96938;-0.09;1.58;0.27;0.29
1984;3;8;68;1.9;-1.5;-5.3;-2.3;-5.8;-8.2;-0.2;-2.6;0.34;1.3;2.5;42.96;356;94;107;64;97006;0.76;0.97;0.27;0.29
1984;3;9;69;0.6;-2.8;-7.5;-5.5;-7;-10.1;-1.7;-2.2;0.34;1.3;2.5;43.02;284;81;101;59;97260;0.64;0.69;0.27;0.29
1984;3;10;70;1;-3.8;-9.1;-7.5;-9;-10.8;-1.6;-0.5;0.34;1.3;2.5;42.77;329;84;93;59;96952;0.6;0.08;0.27;0.29
1984;3;11;71;2.2;-1.6;-4.1;-5.7;-7.2;-9;-0.6;-1.3;0.33;1.3;2.5;41.67;345;103;99;66;96808;0.51;0;0.27;0.29
1984;3;12;72;2.3;-0.6;-4;-2.7;-4.3;-6;-1.4;-1.1;0.33;1.3;2.5;40.65;215;57;71;33;96473;0.42;0.6;0.27;0.29
1984;3;13;73;2.7;-0.4;-4.6;-1.8;-3.3;-6;-1.8;-0.4;0.32;1.3;2.5;39.55;185;49;65;31;96456;0.32;0.01;0.27;0.29
1984;3;14;74;4.7;1.6;-2.2;-1.2;-2.1;-3.6;-2.3;-0.5;0.31;1.3;2.5;36.83;303;81;73;49;96341;0.44;0;0.27;0.29
1984;3;15;75;7.6;2.7;-2.2;-1.3;-2.7;-4.4;-2.8;-0.5;0.29;1.4;2.5;32.12;438;123;116;78;95525;0.73;0;0.27;0.29
1984;3;16;76;5.8;2;-3;-0.9;-2.3;-4.7;-2.2;-0.6;0.27;1.4;2.5;27.39;372;90;84;52;95281;0.51;0.05;0.27;0.29
1984;3;17;77;5.9;2.5;-0.2;-0.7;-2;-3.1;-2.7;-0.6;0.25;1.4;2.5;23.99;373;92;85;50;95509;0.68;0;0.27;0.29
1984;3;18;78;4.3;1.2;-1.4;-1.9;-3.4;-6;-2.8;-0.7;0.24;1.4;2.5;21.64;334;99;80;59;95887;0.89;0.06;0.27;0.29
1984;3;19;79;2.4;-1.2;-3.9;-6.6;-8.9;-12.3;-3.1;0;0.23;1.4;2.5;20.38;485;135;124;89;96133;1.01;0;0.27;0.29
1984;3;20;80;4.8;-0.7;-4.8;-4.1;-8.5;-13;-2.5;0.1;0.23;1.4;2.5;19.29;512;152;128;99;95697;0.82;0;0.27;0.29
1984;3;21;81;6.4;0.6;-4;-2.1;-5.7;-9.2;-1.5;-0.2;0.22;1.5;2.5;17.14;517;154;131;90;95463;0.65;0;0.27;0.29
1984;3;22;82;6.9;1.2;-3.6;-3;-4.8;-6.5;-2;-0.5;0.21;1.5;2.5;14.49;531;159;130;91;95464;0.8;0;0.27;0.29
1984;3;23;83;7.6;1.8;-3;-2.8;-4.8;-6.4;-1.4;-0.1;0.2;1.5;2.5;12.01;544;163;132;90;95460;0.79;0;0.27;0.29
1984;3;24;84;9.6;3.5;-3;-2;-4.3;-6.9;-2.3;1.2;0.18;1.5;2.5;9.65;559;168;129;82;95196;1.05;0;0.27;0.29
1984;3;25;85;8.5;3.5;-0.4;3.5;-0.6;-3.9;-0.4;0.2;0.17;1.5;2.5;7.71;390;81;65;36;94659;0.56;1.71;0.27;0.29
1984;3;26;86;10.5;4.5;-1.2;2.9;1.4;-1.5;0.7;1.9;0.16;1.5;2.5;5.97;532;129;105;57;94571;1.06;1.44;0.27;0.29
1984;3;27;87;8.8;4.9;1.6;3.9;1.8;0;1.6;1.9;0.15;1.5;2.5;4.24;449;126;93;52;95086;1.44;3.19;0.28;0.29
1984;3;28;88;10.9;7.5;3.6;5.6;3.5;0.5;0.6;2.4;0.14;1.6;2.5;2.67;315;88;66;41;94985;1.28;3.11;0.28;0.29
1984;3;29;89;11;6.5;3.3;5.6;3.6;2;2.1;0.6;0.14;1.6;2.5;1.56;402;97;66;34;95029;1.24;3.92;0.28;0.29
1984;3;30;90;5.7;3.2;-0.1;2.3;-0.5;-2.6;1.4;-2;0.13;1.6;2.5;1.03;234;80;66;39;95510;1.14;1.14;0.28;0.29
1984;3;31;91;7.8;2.5;-1.7;0.4;-1.2;-2.7;1.3;0.2;0.13;1.6;2.5;0.86;510;157;110;70;95488;1.33;1.06;0.28;0.29
1984;4;1;92;7;3.3;-1.5;3.2;0.5;-2.7;-1.5;0.7;0.13;1.6;2.5;0.71;310;74;45;25;94758;0.91;10.45;0.28;0.29
1984;4;2;93;6.2;3.7;0;5.3;3;-0.9;0.5;0.1;0.14;1.6;2.5;0.88;103;30;19;9;94402;0.58;15.41;0.29;0.29
1984;4;3;94;2.3;0.2;-2.5;-1.1;-2.5;-4.2;1.9;-0.3;0.23;1.7;2.5;7.28;269;83;42;23;94981;0.87;5.52;0.29;0.29
1984;4;4;95;2.5;0.2;-2.7;-1.3;-2.7;-4.3;1;-0.1;0.3;1.7;2.5;11.15;244;68;58;28;95306;0.58;5.53;0.29;0.29
1984;4;5;96;5.8;1.5;-4.1;-0.7;-2.6;-5.8;-1.2;0.3;0.27;1.7;2.5;9.24;410;127;106;52;95462;0.94;0.21;0.29;0.29
1984;4;6;97;6.4;2.7;-1.2;2.2;0.2;-2.3;0;0.4;0.23;1.7;2.5;6.68;268;81;67;37;95895;0.78;2.74;0.29;0.29
1984;4;7;98;10.2;4.3;-2.7;2.2;0;-3.6;0.3;0.4;0.19;1.7;2.5;4.06;494;141;94;52;96199;1.16;0.05;0.29;0.29
1984;4;8;99;8.8;5.1;1.4;3;1.9;0.5;0.2;-1.7;0.16;1.7;2.5;2.14;297;94;51;31;96250;1;1.89;0.29;0.29
1984;4;9;100;8.5;4.6;0.8;2;0.4;-1.3;-0.4;-1.3;0.15;1.7;2.5;1.15;442;125;73;47;96255;1.51;0.96;0.29;0.29
1984;4;10;101;8.4;4.2;-1.9;3.7;1.2;-2.4;-2.2;-0.5;0.14;1.8;2.5;0.66;400;109;68;46;95839;0.93;0.35;0.29;0.29
1984;4;11;102;12;6.9;2.8;6;4.1;2.1;-0.6;-1.5;0.14;1.8;2.5;0.28;470;152;81;57;95497;1.59;4.27;0.29;0.29
1984;4;12;103;9.1;5.6;2.5;3.6;2.3;0.8;1.4;-1.1;0.14;1.8;2.5;0.11;395;115;85;48;95938;1.43;2.06;0.29;0.29
1984;4;13;104;9.9;5.9;1.9;2.6;1.5;0.6;-1.1;-1;0.14;1.8;2.5;0.04;339;110;63;43;96628;1.15;0.13;0.29;0.29
1984;4;14;105;14.1;7.5;-0.7;4.3;2.2;-1.5;-1.5;0.9;0.14;1.8;2.5;0.01;665;218;133;92;96406;2.02;0;0.28;0.29
1984;4;15;106;18.6;11.2;2.3;6.2;3.8;0.7;0.1;2;0.14;1.8;2.5;0;667;220;134;94;95777;2.47;0;0.28;0.29
1984;4;16;107;13.9;7.7;2.2;7.4;3.7;1.2;1.7;-1.4;0.14;1.9;2.5;0.02;438;111;80;44;95729;1.55;6.65;0.28;0.29
1984;4;17;108;9;4.6;1.5;1;-1.2;-3.7;-0.2;-2.5;0.14;1.9;2.5;0.07;547;153;89;60;96827;2.05;0.77;0.28;0.29
1984;4;18;109;8.5;4.1;-1.6;-1.1;-2.8;-4.4;-1.2;-1.6;0.14;1.9;2.5;0.03;517;169;113;76;97248;1.65;0.01;0.28;0.29
1984;4;19;110;10.8;5.2;-1.8;-1.1;-2.9;-4.1;-1.9;0;0.14;1.9;2.5;0.01;587;209;124;93;97031;2.05;0;0.27;0.29
1984;4;20;111;13.4;7.3;-1.2;2.3;-1.1;-3.7;-1.1;0.4;0.14;1.9;2.5;0;695;235;145;92;96808;2.34;0.04;0.27;0.29
1984;4;21;112;16.8;10.4;2.2;6.1;2.3;-0.4;-1;-0.7;0.14;2;2.5;0;678;223;138;87;96497;2.55;0;0.27;0.29
1984;4;22;113;18.6;11.8;4.6;7.4;4.8;2.1;0.1;-0.3;0.14;2;2.5;0;655;210;132;81;96298;2.51;0;0.26;0.29
1984;4;23;114;16.4;10.9;5.8;7.2;4.3;1.3;-0.4;-2.5;0.14;2;2.5;0;640;221;121;92;96409;2.47;0;0.26;0.29
1984;4;24;115;14;9;3.8;5.7;2.4;1.4;-1.9;-2.2;0.14;2;2.5;0;658;220;126;90;96893;2.32;0;0.25;0.29
1984;4;25;116;15.2;9.2;3.1;3.4;1.7;0.3;-2.2;-0.5;0.14;2;2.5;0;700;240;137;105;97017;2.54;0;0.25;0.29
1984;4;26;117;17.2;9.9;2.6;4.9;2.8;-1.2;0.4;-2.5;0.14;2.1;2.5;0;656;212;120;79;96358;2.41;0;0.25;0.29
1984;4;27;118;9.1;4.8;0.3;-3;-5.4;-7;-0.9;-3;0.15;2.1;2.5;0;678;226;122;102;96516;2.19;0;0.24;0.29
1984;4;28;119;6.4;2.7;-0.6;0.3;-2.4;-5.3;-0.5;-2.4;0.15;2.1;2.5;0.11;588;192;102;76;96227;1.8;1.74;0.24;0.29
1984;4;29;120;8.5;4;-1.5;-2.3;-3.6;-4.6;-3.3;-0.4;0.15;2.1;2.5;0.1;574;201;115;87;96527;1.91;0;0.24;0.29
1984;4;30;121;12.1;6.7;1.8;2.7;0.1;-2.8;-3.5;-0.1;0.15;2.1;2.5;0.03;668;190;117;71;95470;2.04;1.5;0.24;0.29
1984;5;1;122;14.2;8.5;1.6;3.3;0.9;-1.7;-0.4;2.1;0.15;2.2;2.5;0;694;234;130;90;94846;2.72;0.35;0.24;0.29
1984;5;2;123;19.3;12.1;3.2;5.3;3.1;0.6;-1;1.5;0.15;2.2;2.5;0;690;242;131;96;95067;2.88;0;0.23;0.28
1984;5;3;124;20.8;13.6;4.9;9.4;6.9;3.9;0.8;0.2;0.15;2.2;2.5;0;669;215;122;76;95274;2.67;0.56;0.23;0.28
1984;5;4;125;16.8;12.7;8.1;10;8.4;7.2;0;0;0.15;2.2;2.5;0;449;139;87;56;95568;1.79;0.61;0.23;0.28
1984;5;5;126;20.4;14.6;9.2;12.7;10.9;8.3;-1.4;-1.5;0.15;2.2;2.5;0;626;200;109;65;95314;2.52;12.6;0.22;0.28
1984;5;6;127;17.8;14.1;11;11.6;10.3;8.5;1.3;-0.2;0.15;2.2;2.5;0;496;140;88;42;95567;2.25;2.34;0.23;0.28
1984;5;7;128;13.5;7.6;2.4;10.3;5.5;1;0;-2.3;0.15;2.3;2.5;0;334;106;54;34;95620;1.6;3.77;0.23;0.28
1984;5;8;129;8.3;4.6;0.1;1.5;0.5;-1;1.5;-1.5;0.15;2.3;2.5;0.01;593;187;104;71;95972;2.54;2.49;0.23;0.28
1984;5;9;130;10.6;5.7;-0.8;1.7;-0.2;-1.7;-1;-1;0.15;2.3;2.5;0;484;158;78;58;96035;2.08;0.62;0.23;0.28
1984;5;10;131;11.6;6.9;3.1;5.6;3.3;1.4;-2.4;-1.1;0.15;2.3;2.5;0;532;189;96;69;95684;2.37;5.39;0.23;0.28
1984;5;11;132;10.1;6.5;1.7;3.3;1.8;0.2;-3;-1.6;0.15;2.3;2.5;0;503;185;85;70;95773;2.35;0.9;0.23;0.28
1984;5;12;133;6.6;5.4;4.5;4.3;3.2;2;-2.5;-2.2;0.15;2.4;2.5;0;167;56;35;15;95989;1.47;3.58;0.23;0.28
1984;5;13;134;7.2;5.9;4.4;6.6;5.2;3.9;-1.4;-2;0.15;2.4;2.5;0;64;21;8;4;95889;0.6;7.4;0.23;0.28
1984;5;14;135;9.3;8.2;7.2;8.3;7.5;6.7;-1.1;-0.5;0.15;2.4;2.5;0;99;28;14;8;95307;0.54;5.79;0.24;0.28
1984;5;15;136;16.6;10.6;5.4;6.9;5.6;4.8;-0.5;0.9;0.15;2.4;2.5;0;650;186;120;59;94856;2.6;0.06;0.24;0.28
1984;5;16;137;19.6;13.5;7.2;11.4;8.3;5.2;-0.6;1;0.15;2.4;2.5;0;635;222;111;77;94225;3.09;4.56;0.24;0.28
1984;5;17;138;14;11.4;8.3;10.8;8.7;6.2;1.7;1.6;0.16;2.4;2.5;0;398;146;75;48;94880;2.64;7.2;0.24;0.28
1984;5;18;139;18.8;13.2;5.8;9.3;7.2;4.7;-1;0.7;0.16;2.5;2.5;0;677;238;123;86;95543;3.16;0.22;0.24;0.28
1984;5;19;140;21.6;14.9;9.4;12;8.9;5.7;-1.2;1;0.16;2.5;2.5;0;658;224;120;78;94839;3.35;4.24;0.24;0.28
1984;5;20;141;18.4;14;7.5;10;8.4;6.6;-1.2;0.6;0.16;2.5;2.5;0;542;188;92;74;94617;2.88;0.01;0.24;0.28
1984;5;21;142;15.3;12.5;8.4;13.3;10.4;7.3;0.3;1.3;0.16;2.5;2.5;0;136;52;54;23;93747;1.82;16.09;0.24;0.28
1984;5;22;143;15.1;10.6;7.1;7.4;5.3;3.5;2.3;1.4;0.16;2.5;2.5;0;370;134;101;43;94925;2.74;2.07;0.25;0.28
1984;5;23;144;17.1;11.4;4.8;9;6.9;3.5;0;-0.9;0.16;2.5;2.5;0;665;219;115;76;94785;3.02;3.42;0.25;0.28
1984;5;24;145;9.4;8.6;7.7;8.3;7.2;6.2;3.2;0.8;0.16;2.5;2.5;0;224;74;43;21;94538;2.19;9.94;0.25;0.28
1984;5;25;146;14.2;10.1;7;9.8;7.9;6.4;2.1;0.2;0.16;2.6;2.5;0;405;116;84;34;94572;2.24;5.15;0.26;0.28
1984;5;26;147;16.7;11.9;5.8;9.6;7.7;5.5;0;0.9;0.16;2.6;2.5;0;537;191;97;64;94955;2.65;0.83;0.26;0.28
1984;5;27;148;17.6;12.2;7.8;11;9;6.4;0.6;-0.1;0.16;2.6;2.5;0;553;172;90;50;94963;2.66;7.54;0.26;0.28
1984;5;28;149;11.5;9.4;7.3;8.5;7.3;5.9;2.8;-0.7;0.16;2.6;2.5;0;338;97;66;33;95035;2.01;9.58;0.27;0.28
1984;5;29;150;12;9;6.6;5.9;4.8;3.9;2.2;0;0.16;2.6;2.5;0;419;128;72;42;95170;2.13;1.67;0.27;0.28
1984;5;30;151;13.7;9;5.1;7.7;5.7;3.4;0.7;2.4;0.16;2.6;2.5;0;567;188;98;56;95328;2.87;7.48;0.27;0.28
1984;5;31;152;13;9.6;6.6;8.9;7;5.2;-0.6;1.8;0.16;2.6;2.5;0;356;115;73;37;95444;2.62;9.86;0.27;0.28
1984;6;1;153;17.5;12.1;4.9;9.2;6.2;4.3;0.7;1.2;0.16;2.6;2.5;0;532;200;103;66;95530;2.93;0;0.27;0.28
1984;6;2;154;20.4;15.7;8.7;12.9;9.4;5.8;-0.6;-0.4;0.16;2.7;2.5;0;645;224;105;74;95824;3.29;0.06;0.27;0.28
1984;6;3;155;25.2;19.6;13.7;13.6;11.4;8.9;-3.9;0.9;0.16;2.7;2.5;0;691;255;114;85;95143;4.48;0;0.27;0.28
1984;6;4;156;16.8;14;9.8;13.3;10.8;8.2;1.1;0.5;0.16;2.7;2.5;0;349;131;80;57;94703;1.75;0.26;0.26;0.28
1984;6;5;157;18.3;13.5;8.1;10.9;8.2;6.7;0.4;-1.3;0.16;2.7;2.5;0;697;216;118;66;94895;3.31;11.44;0.26;0.28
1984;6;6;158;11.8;9.9;7.2;10.8;7.7;6.1;2.3;-0.5;0.16;2.7;2.5;0;273;70;76;30;95240;2.29;21.15;0.28;0.28
1984;6;7;159;15;10.7;4.8;7.3;6.1;4.7;2.2;0.6;0.16;2.7;2.5;0;542;187;93;69;95272;2.79;1.05;0.28;0.28
1984;6;8;160;14.5;11.1;8.4;10.7;8.3;6.6;4.1;-0.6;0.16;2.7;2.5;0;357;111;59;32;95066;2.03;8.87;0.28;0.28
1984;6;9;161;13.9;11.5;9.6;10.9;8.3;5.3;3.4;-0.4;0.16;2.8;2.5;0;393;126;61;24;95744;2.18;0.55;0.29;0.28
1984;6;10;162;17.2;13;8.1;8.2;6.9;6.2;2.8;-0.6;0.16;2.8;2.6;0;620;200;88;67;96353;3.11;0.04;0.28;0.28
1984;6;11;163;14.2;11.4;7.6;11;7.6;4;0.4;-1.7;0.16;2.8;2.6;0;396;148;97;61;96666;2.15;1.41;0.28;0.28
1984;6;12;164;16.3;11.7;5.6;7.1;4.5;3.1;-0.8;0;0.16;2.8;2.6;0;548;188;100;70;96952;2.78;0;0.28;0.28
1984;6;13;165;19.3;14.4;6.7;11.5;8.5;3.9;1.8;0.8;0.16;2.8;2.6;0;506;181;78;60;96679;2.89;0.01;0.27;0.28
1984;6;14;166;20.6;15.8;12.2;13.9;12.4;11.3;3.7;0.1;0.16;2.8;2.6;0;565;192;76;44;96264;3.38;12.8;0.27;0.28
1984;6;15;167;13.5;11.3;9.1;10.7;7.1;5.7;2.9;-1.8;0.16;2.8;2.6;0;361;142;66;47;96353;2.71;1.14;0.28;0.28
1984;6;16;168;14.2;11.6;9.2;7.8;7.1;6.4;1.4;-1.3;0.16;2.8;2.6;0;313;108;40;30;96421;1.96;0.64;0.28;0.28
1984;6;17;169;16.2;12.7;9;9.3;7.8;6.9;-0.4;-0.9;0.16;2.8;2.6;0;368;123;79;45;96462;1.93;0.17;0.27;0.28
1984;6;18;170;18.7;14.4;8.5;11;9.2;7.7;-0.4;-1.1;0.16;2.8;2.6;0;511;174;94;65;96798;2.67;0.07;0.27;0.28
1984;6;19;171;22.2;16.3;8.6;13;10.3;8.2;-0.5;-1.1;0.16;2.8;2.6;0;621;246;120;85;96989;3.8;0;0.27;0.28
1984;6;20;172;24.4;18.6;10;15.2;11.7;9.1;-0.2;0.4;0.16;2.8;2.6;0;712;264;128;87;96425;4.15;0.24;0.26;0.28
1984;6;21;173;24;18.8;13.2;16.8;15;11.8;1.5;0.4;0.16;2.8;2.6;0;593;211;94;56;95526;3.44;6.56;0.26;0.28
1984;6;22;174;19.8;16.8;14.5;15.4;11.7;7.7;2.1;-0.5;0.16;2.8;2.6;0;567;192;112;58;95613;3.61;4.58;0.26;0.27
1984;6;23;175;15;12.9;9.4;11.6;6.3;2.2;4.3;-0.1;0.16;2.8;2.5;0;587;163;110;55;95557;3.65;6.09;0.26;0.27
1984;6;24;176;13.3;10.9;8.4;5.9;4.3;3.1;3.2;-1;0.16;2.8;2.5;0;499;187;100;62;95673;3.05;1.02;0.26;0.27
1984;6;25;177;11.5;9.4;7.1;9.3;6.2;3.1;4.7;0.4;0.16;2.8;2.5;0;356;93;56;32;96021;2.27;7.04;0.26;0.27
1984;6;26;178;13.7;10.8;8;8.6;6.4;5.3;3.7;-1.3;0.15;2.7;2.5;0;421;147;68;43;96295;2.92;1.64;0.26;0.27
1984;6;27;179;19.3;13.8;6.6;11.6;8.4;5.7;2.2;0.5;0.15;2.7;2.5;0;582;206;94;69;96237;3.04;0;0.26;0.27
1984;6;28;180;18.1;14.2;10.3;12.5;10.5;8.9;1.7;-0.3;0.15;2.7;2.5;0;445;159;73;52;95571;2.48;1.75;0.26;0.27
1984;6;29;181;14;10.9;7.7;8.8;6.8;4.3;2.3;-0.5;0.15;2.7;2.5;0;549;211;96;74;95748;3.03;0.94;0.26;0.27
1984;6;30;182;12.9;10.2;6.4;7.1;5.5;4.1;2.7;0.8;0.15;2.7;2.5;0;499;153;82;60;95960;2.09;0.6;0.25;0.27
1984;7;1;183;17.8;12.7;6.2;8.8;6.4;5.1;0.7;0.3;0.15;2.7;2.5;0;710;268;133;95;96252;3.57;0.48;0.25;0.27
1984;7;2;184;16.2;13.8;10.8;12.4;10.4;7.3;2;0.6;0.15;2.7;2.5;0;392;139;73;43;95693;2.6;8.47;0.25;0.27
1984;7;3;185;12.2;9.9;7.7;9.2;7.7;5.9;3.9;-0.6;0.15;2.7;2.5;0;461;149;66;41;96084;3.37;9.79;0.26;0.27
1984;7;4;186;14.3;10.6;7.4;9.5;7.7;6.2;2.9;-1.1;0.15;2.7;2.5;0;478;160;78;44;96463;2.84;3.62;0.26;0.27
1984;7;5;187;13;11;9.2;8;7.1;6;3.1;-0.7;0.15;2.7;2.5;0;320;106;52;28;96527;1.91;1.12;0.26;0.27
1984;7;6;188;14.5;12;9.3;8.9;8;7.4;1.8;-1.3;0.15;2.7;2.5;0;311;111;69;32;96470;1.81;0.52;0.26;0.27
1984;7;7;189;18.8;13.3;7.1;9;7.4;6.5;-1.7;0;0.15;2.7;2.5;0;641;217;115;76;96573;3.21;0;0.25;0.27
1984;7;8;190;22.5;16.4;9.2;11.6;8.4;6.9;-2.3;0.8;0.15;2.6;2.5;0;737;273;133;102;96420;4.19;0;0.25;0.27
1984;7;9;191;25.9;19;9.6;15.1;10.7;7.3;-1.3;0.6;0.15;2.6;2.5;0;722;269;127;95;96132;4.24;0;0.25;0.27
1984;7;10;192;29.8;23.1;14.8;19;15.1;10;-0.7;1.1;0.15;2.6;2.5;0;697;254;110;76;96075;4.32;0.04;0.24;0.27
1984;7;11;193;33;25.6;18.2;18.6;15.7;13.7;-1.2;2.3;0.15;2.6;2.5;0;714;255;128;87;95810;4.7;0.15;0.24;0.27
1984;7;12;194;23.3;20.4;16.4;16.7;15;13.4;2.6;0.2;0.15;2.6;2.5;0;542;189;83;58;96280;3.33;9.46;0.23;0.27
1984;7;13;195;22;17.7;14;15.8;13;8.5;2.4;0.9;0.15;2.6;2.5;0;511;179;82;65;96288;3.4;2.8;0.24;0.27
1984;7;14;196;18.8;15.6;12.2;12.9;9.9;8.4;2.8;0.9;0.15;2.6;2.5;0;476;146;77;50;96075;2.8;4.82;0.24;0.27
1984;7;15;197;17.3;14.6;12;13.7;12.1;9.8;3.2;1.1;0.15;2.6;2.5;0;395;99;77;31;95238;2.44;14.37;0.25;0.27
1984;7;16;198;14.1;11.6;9.5;11.3;9.6;8.5;3.6;-0.2;0.15;2.6;2.5;0;299;104;81;35;95606;2.55;7.87;0.25;0.27
1984;7;17;199;14.8;12.2;9.8;9.2;8;7.1;3.7;-1.4;0.15;2.6;2.5;0;365;114;49;30;96047;2.27;1.31;0.25;0.27
1984;7;18;200;14.8;12.7;10.8;10.1;8.2;6.9;2.9;-0.5;0.15;2.6;2.5;0;337;104;39;27;96326;1.94;1.84;0.25;0.27
1984;7;19;201;16.2;13.1;10.2;13.3;11.2;9;1.6;-0.5;0.15;2.5;2.5;0;293;83;76;31;96180;1.64;7.98;0.26;0.27
1984;7;20;202;16;12.9;8.8;9.8;8.7;8.1;1.5;-1;0.15;2.5;2.5;0;324;118;66;43;96323;1.98;0.56;0.26;0.27
1984;7;21;203;18.1;13.4;8;9.9;8.8;7.5;1.5;-0.8;0.15;2.5;2.5;0;397;155;82;55;96306;2.37;0.09;0.26;0.27
1984;7;22;204;19.6;14.4;7.6;10.7;9.1;7;0.7;-1;0.15;2.5;2.5;0;616;214;106;76;96357;3.13;0;0.25;0.27
1984;7;23;205;18.8;14.5;10.2;11.6;9.4;7.6;0.6;-1.5;0.15;2.5;2.5;0;612;198;103;69;96455;2.92;0.02;0.25;0.27
1984;7;24;206;20.2;15.3;9.9;10.9;9;7.3;0.2;-1;0.15;2.5;2.5;0;554;218;105;79;96344;3.2;0;0.25;0.27
1984;7;25;207;21.7;16.4;9.5;12.1;10.3;8.6;0.1;-1.2;0.15;2.5;2.5;0;655;231;109;80;96052;3.36;0;0.24;0.27
1984;7;26;208;18.3;15;11.5;10.1;9.4;9;1.3;-2.3;0.15;2.5;2.5;0;480;153;65;46;96112;2.52;0.07;0.24;0.27
1984;7;27;209;16.2;13.4;10.7;10.8;8.9;7.3;3.4;-1.5;0.15;2.5;2.5;0;528;148;81;46;96578;2.65;3.17;0.24;0.27
1984;7;28;210;16.6;13.4;10.9;12.8;10.8;9.3;2.8;-0.1;0.15;2.5;2.5;0;339;78;55;20;96447;1.76;5.11;0.24;0.27
1984;7;29;211;20.4;16;12.9;15.7;14;10.8;2.2;0.8;0.15;2.5;2.5;0;263;69;62;24;96326;1.29;5.25;0.24;0.27
1984;7;30;212;26.5;19.5;10.9;15.3;13.3;10.4;-1.4;1.3;0.15;2.4;2.5;0;694;238;124;85;96128;3.74;0;0.24;0.27
1984;7;31;213;28.9;22.7;15.6;19.2;16.4;12.9;-1.6;-0.1;0.15;2.4;2.5;0;668;234;109;78;95976;3.83;0;0.24;0.27
1984;8;1;214;21.8;17.9;14.5;17.1;15.3;13.2;2.4;-0.8;0.15;2.4;2.5;0;441;112;48;37;96327;2.51;8.69;0.24;0.27
1984;8;2;215;21.3;17;13.4;13;11.4;9.4;1.3;-0.2;0.15;2.4;2.5;0;680;196;109;61;96515;3.24;0.04;0.24;0.27
1984;8;3;216;26.1;20.1;13.2;14.9;12.5;10;-1.1;1.5;0.15;2.4;2.5;0;677;235;114;80;96296;3.77;0;0.24;0.27
1984;8;4;217;25.4;20.7;15.1;16.4;14.6;11.7;0.1;-1.1;0.15;2.4;2.5;0;537;192;93;64;96225;3.2;3.16;0.23;0.27
1984;8;5;218;19.8;16.8;13.5;15.9;14.4;12.1;1.7;-0.5;0.15;2.4;2.5;0;316;99;74;40;96285;2.01;7.6;0.24;0.27
1984;8;6;219;19.5;15.7;11.6;12.6;11.1;10.2;1.8;-0.2;0.15;2.4;2.5;0;558;196;98;72;96467;2.91;0.64;0.24;0.27
1984;8;7;220;19.8;15.5;10.8;12.7;11.1;10;-1.1;-0.9;0.15;2.4;2.5;0;510;144;78;57;96349;2.22;0.65;0.23;0.27
1984;8;8;221;19.8;16;11.9;12.9;12.1;11.2;-2.4;-1.5;0.15;2.4;2.5;0;448;147;72;51;96096;2.36;0.61;0.23;0.27
1984;8;9;222;21;17;14;15.2;13.9;12.8;-2.3;-2.4;0.15;2.3;2.5;0;471;121;69;34;96016;2.11;1.93;0.23;0.27
1984;8;10;223;20.6;17.6;15.4;16.7;15.6;14.8;-2.7;-2.3;0.15;2.3;2.5;0;326;103;66;26;95676;2.12;3.36;0.23;0.26
1984;8;11;224;18.3;16.1;14.3;15.9;14.9;14;0.4;-2;0.15;2.3;2.5;0;249;74;38;18;95624;1.72;7.43;0.23;0.26
1984;8;12;225;18.2;15.6;13.2;15.9;14;10.7;0;-1.9;0.15;2.3;2.5;0;301;74;62;26;95974;1.61;10.58;0.24;0.26
1984;8;13;226;19.8;15.5;9.9;12.3;10.9;8.8;-1.5;-1.1;0.15;2.3;2.5;0;530;181;94;70;96036;2.77;1.35;0.24;0.26
1984;8;14;227;20.9;16.1;10.6;11.4;9.7;7.6;-0.7;-0.9;0.15;2.3;2.5;0;571;174;92;69;95885;2.7;0.05;0.24;0.26
1984;8;15;228;20.3;15.3;9.7;13.9;11.7;8.8;-0.1;-1.2;0.14;2.3;2.5;0;525;166;94;68;96032;2.44;5.67;0.24;0.26
1984;8;16;229;19.9;14.7;9.6;12.2;10.8;8.9;-0.4;-1.3;0.14;2.3;2.5;0;581;188;105;74;96189;2.66;0.98;0.24;0.26
1984;8;17;230;19.5;14.7;9.2;11.5;10;8.3;-0.1;-1.3;0.14;2.3;2.5;0;572;169;99;62;96424;2.54;0.15;0.24;0.26
1984;8;18;231;20.3;15.9;10.9;12;10.2;9;0.4;-1.3;0.14;2.3;2.5;0;484;171;99;66;96668;2.52;0.11;0.24;0.26
1984;8;19;232;20;15.7;10.8;12.7;10.6;8.5;-0.4;-1;0.14;2.3;2.5;0;481;158;84;58;96829;2.32;0.62;0.24;0.26
1984;8;20;233;21.1;16.4;10.9;14.1;11.3;10;-1.1;-0.2;0.14;2.3;2.5;0;537;150;96;61;96671;2.18;0.1;0.23;0.26
1984;8;21;234;22.3;17;10.8;12.2;10.5;8.9;-1.5;0;0.14;2.3;2.5;0;572;175;108;73;96419;2.58;0;0.23;0.26
1984;8;22;235;23.6;17.7;10.7;10.8;9;7.9;-2.1;0.2;0.14;2.2;2.5;0;647;217;129;92;96050;3.2;0;0.23;0.26
1984;8;23;236;24.2;18.4;11.9;12.3;10.1;7.5;-2;-0.1;0.14;2.2;2.5;0;643;215;129;91;95765;3.12;0;0.22;0.26
1984;8;24;237;25.1;18.5;12.8;16.8;13.8;10.7;-0.2;0.1;0.14;2.2;2.5;0;604;187;106;66;95329;2.67;9.57;0.22;0.26
1984;8;25;238;17.5;15.7;14.4;15.8;15;14.1;2.1;-0.2;0.14;2.2;2.5;0;187;51;37;16;95442;1.2;5.61;0.23;0.26
1984;8;26;239;19;16.1;14;15.6;14.5;12.7;0.5;-1.8;0.14;2.2;2.5;0;304;88;61;25;95672;1.88;5.25;0.23;0.26
1984;8;27;240;19.2;15.3;11;12.5;9.8;7.3;-0.9;-1.2;0.14;2.2;2.5;0;493;149;87;63;96190;2.37;0.05;0.23;0.26
1984;8;28;241;21.2;15.7;8.2;13;9.3;6.8;0;0;0.14;2.2;2.5;0;609;194;122;82;96452;2.61;0;0.23;0.26
1984;8;29;242;21.3;17.1;10.9;11.8;10.6;8.5;1.5;0.7;0.14;2.2;2.5;0;488;144;85;59;96384;2.2;0.06;0.23;0.26
1984;8;30;243;19.6;15.9;11.4;13.2;11.6;9.7;2.2;0.3;0.14;2.2;2.5;0;396;123;81;56;96301;1.74;0.15;0.23;0.26
1984;8;31;244;21.6;17.2;11.9;12.9;12.2;10.6;2.6;0.7;0.14;2.2;2.5;0;475;146;84;60;96240;2.2;0.45;0.23;0.26
1984;9;1;245;20.8;17.2;13.6;13.5;12.8;12;2.9;0.4;0.14;2.2;2.5;0;274;96;91;51;96161;1.63;0.4;0.22;0.26
1984;9;2;246;21.3;17.1;12.4;14.2;12.6;11.7;1.4;0;0.14;2.2;2.5;0;411;130;77;60;96241;1.86;0.24;0.22;0.26
1984;9;3;247;23.8;18.1;12.6;14.4;12.4;11;2.2;1.7;0.14;2.2;2.5;0;556;165;96;65;95971;2.39;0;0.22;0.26
1984;9;4;248;22.3;18;14.9;13.6;12.4;11.3;2.5;1.5;0.14;2.2;2.5;0;468;148;91;58;95468;2.43;1.76;0.22;0.26
1984;9;5;249;15.3;12.7;9.1;13.5;11.3;8.1;0.2;-1.5;0.14;2.2;2.5;0;189;45;39;20;95138;1.67;15.24;0.22;0.26
1984;9;6;250;9.9;8.8;7.9;8.2;7.5;6.9;0.2;-1.5;0.14;2.2;2.5;0;73;21;25;14;95742;1.18;8.05;0.24;0.26
1984;9;7;251;13.8;9.6;6.4;6.9;5.9;4.9;1.2;2.3;0.14;2.2;2.5;0;414;129;83;56;96096;2.1;1.93;0.24;0.26
1984;9;8;252;10.5;8.8;7.6;7.9;6.7;5.3;2.7;2.7;0.14;2.2;2.5;0;194;50;40;22;95920;2;8.74;0.24;0.26
1984;9;9;253;11.2;9.9;7.9;9.9;8.8;7.1;3.4;2.8;0.14;2.2;2.5;0;110;24;31;9;95183;1.86;17.21;0.25;0.26
1984;9;10;254;13.5;11.1;9.6;10.4;8.2;5.4;4.4;1.6;0.14;2.2;2.5;0;462;113;93;33;94744;2.57;13.96;0.27;0.26
1984;9;11;255;11.7;9.9;8.6;9.9;8.3;7.2;3.7;1;0.14;2.2;2.5;0;181;54;42;26;95763;1.77;7.27;0.27;0.26
1984;9;12;256;13.7;11.4;9.4;11;9.4;7.9;3.9;0.3;0.14;2.1;2.5;0;224;44;48;15;95959;1.48;8.26;0.28;0.26
1984;9;13;257;16.7;13.2;10.6;11.7;11;9.9;2;-0.3;0.14;2.1;2.5;0;267;70;65;26;96253;1.31;1.24;0.28;0.26
1984;9;14;258;19.5;13.8;7.8;13.7;11.4;7.8;0;1.7;0.14;2.1;2.5;0;487;115;76;44;95744;1.4;2.96;0.28;0.26
1984;9;15;259;15.1;13.5;12.3;13.6;12.7;12;0.4;-0.3;0.14;2.1;2.5;0;150;38;29;14;95366;0.83;13.33;0.28;0.26
1984;9;16;260;16.1;13.5;11.7;12.5;11.7;9.5;-1.6;-2;0.14;2.1;2.5;0;199;48;36;13;95462;1.04;1.6;0.29;0.26
1984;9;17;261;12.1;11.4;10.7;9.7;9.3;9;0.1;-1.6;0.14;2.1;2.5;0;117;32;18;13;95573;0.53;0.32;0.29;0.26
1984;9;18;262;15.3;12.3;9.6;9.8;8.1;6.3;-1.9;-0.1;0.14;2.1;2.5;0;297;80;72;38;95231;1.26;0.12;0.29;0.26
1984;9;19;263;16.2;11.7;5.7;10.1;7.7;5.2;0.7;0.3;0.14;2.1;2.5;0;496;133;101;60;95310;1.61;0.14;0.28;0.26
1984;9;20;264;14.6;12.3;10.5;10.2;9.4;8.6;1.1;1.3;0.14;2.1;2.5;0;164;42;56;25;95464;0.81;0.58;0.28;0.26
1984;9;21;265;17.4;13.7;11.2;11.5;10.1;8.8;1.1;1.5;0.13;2;2.5;0;332;97;66;40;95064;1.53;3.62;0.28;0.26
1984;9;22;266;11.4;9.5;7.3;9.8;5.6;3.5;2.1;1.1;0.13;2;2.5;0;299;77;65;37;94932;1.72;2.51;0.28;0.26
1984;9;23;267;12.1;9.2;7.2;9.1;6.8;4.4;2;2;0.13;2;2.5;0;299;71;53;31;94227;1.56;6.14;0.28;0.26
1984;9;24;268;10.8;7.8;6.5;7.5;6.2;4.6;2.2;1.2;0.13;2;2.5;0;272;74;69;35;94433;1.57;5.5;0.28;0.26
1984;9;25;269;10.6;7.9;6.3;8.5;6.2;5.1;2.4;0.8;0.13;2;2.5;0;360;96;78;40;95171;1.59;3.55;0.28;0.26
1984;9;26;270;9.2;7.7;6.6;8;6.4;5.3;3.3;1.6;0.13;2;2.5;0;168;47;63;22;95435;1.54;6.39;0.29;0.27
1984;9;27;271;11.2;8.8;6.8;6.2;5.8;5.4;3;0;0.13;1.9;2.5;0;207;58;70;29;95965;1.14;0.58;0.29;0.27
1984;9;28;272;14.1;9.5;3.8;7.3;6;3.5;-0.7;1;0.13;1.9;2.5;0;387;100;78;50;95976;1.08;0;0.29;0.27
1984;9;29;273;17.2;12;7.6;12.9;9.7;6.8;-0.4;1.1;0.13;1.9;2.5;0;312;70;58;37;95718;0.78;0.43;0.28;0.27
1984;9;30;274;18.4;12.6;7;12.1;10.1;6.7;0;1.8;0.13;1.9;2.5;0;437;109;89;48;95720;1.15;0;0.28;0.27
1984;10;1;275;19.1;14;10.1;12.2;11;9.4;-1.2;1.5;0.13;1.9;2.5;0;466;128;102;65;95076;1.38;0;0.28;0.27
1984;10;2;276;10.9;9.8;7.2;10.1;8.9;6.3;1.7;0.5;0.13;1.9;2.5;0;100;26;56;25;94748;0.82;9.27;0.28;0.27
1984;10;3;277;14.9;9.5;4.3;7.9;6.2;3.9;-0.9;0.8;0.13;1.8;2.5;0;439;122;114;66;95088;1.4;1.86;0.28;0.27
1984;10;4;278;12.4;10;7.6;7.9;6.6;5.6;-0.4;0.2;0.13;1.8;2.5;0;189;53;66;33;94882;0.99;0.53;0.28;0.27
1984;10;5;279;14.7;10.4;7;7.9;6.6;5.2;-0.6;1.2;0.13;1.8;2.5;0;421;116;113;72;94121;1.37;0.8;0.28;0.27
1984;10;6;280;13.1;9.2;6.1;8.9;7.1;4.9;2;1.6;0.13;1.8;2.5;0;233;73;75;44;95322;1.04;2.07;0.28;0.27
1984;10;7;281;11;8.3;6;7.9;4.7;3;2.3;-0.4;0.13;1.8;2.5;0;267;71;82;46;96662;1.07;0.16;0.28;0.27
1984;10;8;282;9.5;8.2;6.4;7.3;6.4;3.4;3.5;1.3;0.13;1.8;2.5;0;105;22;49;11;96725;0.97;5.71;0.28;0.27
1984;10;9;283;13.7;11.6;9.2;11.3;10.1;7.3;2.8;1.6;0.13;1.7;2.5;0;148;30;12;6;96917;0.54;0.91;0.28;0.27
1984;10;10;284;15;12.7;11.4;11.9;11.6;11.2;1.8;0.8;0.13;1.7;2.5;0;158;33;42;16;97050;0.56;0.71;0.28;0.27
1984;10;11;285;15.7;12.3;8.4;11.6;10.6;8.4;0.6;-0.1;0.13;1.7;2.5;0;277;59;46;24;96706;0.6;0.11;0.28;0.27
1984;10;12;286;13.6;11.5;9.5;11.4;8.2;6.2;1.8;-0.9;0.13;1.7;2.5;0;362;83;87;37;96745;1.09;0.39;0.27;0.27
1984;10;13;287;12.6;10.5;9.1;8.4;7.5;6.6;1.5;-0.4;0.13;1.7;2.5;0;190;45;40;27;97086;0.66;0.33;0.27;0.27
1984;10;14;288;12.8;9.7;5.9;8.5;7.4;5.4;2.2;-0.2;0.13;1.7;2.5;0;271;71;62;45;97070;0.65;0.01;0.27;0.27
1984;10;15;289;12.3;9.7;8;8.9;7.9;6.7;2.4;-0.9;0.13;1.7;2.5;0;194;42;66;27;96896;0.63;0.73;0.27;0.27
1984;10;16;290;10.8;8;4;6.5;4.8;2.6;0;-0.6;0.13;1.6;2.5;0;303;77;102;54;97027;0.73;0;0.27;0.27
1984;10;17;291;13.9;7.8;1.8;7.1;4;1;-0.5;1.8;0.13;1.6;2.5;0;410;108;108;75;96380;0.98;0.02;0.27;0.27
1984;10;18;292;16.3;11.6;7.2;9;7.5;5.7;1.9;2.8;0.13;1.6;2.5;0;379;86;101;56;95553;1.03;0.04;0.26;0.27
1984;10;19;293;17.2;13.1;10.9;7.5;5.9;4.2;0.2;2.9;0.12;1.6;2.5;0;359;80;104;66;95203;1.21;0.03;0.26;0.27
1984;10;20;294;13.2;10.8;9.5;7.5;4.3;3;3.7;2.5;0.12;1.6;2.5;0;379;94;109;68;95391;1.65;1.28;0.26;0.27
1984;10;21;295;10.2;8.2;6.3;6.1;4.3;2.2;3.8;0.8;0.12;1.6;2.5;0;291;67;73;52;96219;1.13;1.19;0.26;0.27
1984;10;22;296;10.5;7.9;4.8;5.1;4.4;3.6;2.3;2.2;0.12;1.6;2.5;0;202;50;70;35;96442;0.64;0.16;0.26;0.27
1984;10;23;297;12.1;10.6;9.1;9.8;7.4;4.1;3;2.3;0.12;1.6;2.5;0;84;21;33;14;95949;0.94;3.92;0.26;0.27
1984;10;24;298;11.9;10.3;9.3;9;8.4;7.7;0.9;1.3;0.12;1.6;2.5;0;170;32;49;21;96195;0.67;1.21;0.26;0.27
1984;10;25;299;16.8;12.1;8.8;9.5;8.2;7;0;2.5;0.12;1.6;2.5;0;348;80;88;57;95710;0.89;0;0.26;0.27
1984;10;26;300;14.8;10.8;6.5;9.3;7.8;5.6;1.7;1.1;0.12;1.6;2.5;0;277;58;67;41;95688;0.98;1.89;0.26;0.27
1984;10;27;301;10.1;6.7;3.8;5.8;4.6;3.8;0.3;-0.2;0.12;1.6;2.5;0;225;53;74;47;96570;0.62;0.16;0.26;0.27
1984;10;28;302;9.4;5.9;2.4;3.8;3.2;2.3;-1.2;0.6;0.12;1.6;2.5;0;273;60;66;44;97260;0.55;0;0.26;0.27
1984;10;29;303;9.8;5.1;1.5;4.4;3;0.7;-0.3;1.5;0.12;1.6;2.5;0;317;71;87;55;97354;0.54;0.6;0.26;0.27
1984;10;30;304;12.8;6;0.8;5.5;3;0.2;-1.2;0.4;0.12;1.6;2.5;0;343;81;101;64;97190;0.78;0;0.25;0.27
1984;10;31;305;11.8;5.3;0.7;6;3;-0.3;-0.3;1.5;0.12;1.6;2.5;0;356;86;112;74;97000;0.56;0;0.25;0.27
1984;11;1;306;8.5;3.4;0;5.4;2.5;-0.6;-1.1;0.6;0.12;1.6;2.5;0;245;55;91;49;96756;0.25;0;0.25;0.27
1984;11;2;307;10.5;4.3;0.9;4.9;2.5;0.6;-1.7;0.4;0.12;1.6;2.5;0;302;70;103;57;96268;0.46;0;0.25;0.27
1984;11;3;308;9.1;4;-1;5.1;2.7;-1.2;-0.2;0.9;0.12;1.6;2.5;0;284;62;101;44;96093;0.33;0.04;0.25;0.27
1984;11;4;309;6.8;5.7;4.9;5.2;4.8;4.2;-0.3;0.5;0.12;1.6;2.5;0;85;18;23;8;95858;0.14;0.07;0.25;0.27
1984;11;5;310;7.1;4.4;1.6;4.2;3.1;0.8;-1.2;1;0.12;1.6;2.5;0;216;49;102;44;95330;0.27;0.05;0.25;0.27
1984;11;6;311;9.7;4.2;0.8;3.2;1.4;-0.7;-2.2;0.6;0.12;1.6;2.5;0;263;63;84;66;95140;0.46;0;0.25;0.27
1984;11;7;312;10.9;4.5;-0.3;6.2;2.8;-0.6;-0.8;0.8;0.12;1.6;2.5;0;311;67;95;57;95521;0.43;0;0.25;0.27
1984;11;8;313;10.8;4.4;0;6.1;3;-0.2;-1.7;0.3;0.11;1.5;2.5;0;298;58;95;54;95729;0.27;0;0.24;0.27
1984;11;9;314;9.8;6;3;6.7;4.9;2.6;-2.6;-0.1;0.11;1.5;2.5;0;239;51;71;42;95528;0.27;0;0.24;0.27
1984;11;10;315;10.2;6.4;4;6.6;5.2;3.8;-1.7;0.2;0.11;1.5;2.5;0;243;56;93;50;96146;0.31;0.02;0.24;0.27
1984;11;11;316;10.3;6.7;3.8;7.2;4.8;-0.1;-3;0.3;0.11;1.5;2.5;0;241;50;80;49;96626;0.37;0;0.24;0.27
1984;11;12;317;9;5.3;3.2;1.7;-0.1;-4.4;-3.5;0.4;0.11;1.5;2.5;0;296;64;94;66;96135;0.59;0;0.24;0.27
1984;11;13;318;7.8;3.7;0.2;-2.4;-4.9;-6.5;-3;0.2;0.11;1.5;2.5;0;300;68;120;87;95851;0.71;0;0.24;0.27
1984;11;14;319;4.3;0.3;-1.8;-2.6;-4.5;-6.4;-2.9;0;0.11;1.5;2.5;0;295;69;117;88;95307;0.42;0;0.24;0.27
1984;11;15;320;2.2;-0.4;-1.8;-2.1;-3.4;-4.5;-2.7;-0.2;0.11;1.5;2.5;0;162;37;69;47;94527;0.23;0.26;0.24;0.27
1984;11;16;321;3.6;0.4;-1.7;-0.7;-2.1;-3.4;-3.4;0.2;0.11;1.5;2.5;0.01;265;60;87;55;94402;0.29;0.23;0.24;0.27
1984;11;17;322;3.7;1.2;-0.2;1.5;-0.2;-1.9;-1.5;0.7;0.14;1.5;2.5;1.57;99;22;66;27;94608;0.22;2.56;0.24;0.27
1984;11;18;323;5.2;1.1;-2.4;1.9;-0.1;-2.9;-0.7;0.9;0.14;1.5;2.5;1.73;197;40;72;41;94875;0.21;0.01;0.24;0.27
1984;11;19;324;4.9;1;-1.5;0.8;-0.5;-1.9;-1.5;0;0.13;1.5;2.5;1.47;251;54;90;56;94901;0.25;0;0.24;0.27
1984;11;20;325;4.2;1.4;-1.8;2.4;-0.3;-2.3;0.4;0.6;0.13;1.6;2.5;1.27;233;44;87;35;95350;0.17;0.08;0.23;0.27
1984;11;21;326;4.9;3.8;2.4;4.1;3;1.4;2;1.9;0.13;1.6;2.5;0.91;97;17;31;11;95296;0.31;4.02;0.24;0.27
1984;11;22;327;11.1;5.9;3.4;8.9;4.9;2.8;1.7;3.2;0.12;1.6;2.5;0.44;74;13;31;7;94993;0.84;12.87;0.24;0.27
1984;11;23;328;12.9;10.5;8.9;9.8;6.7;3.2;5.9;2.8;0.11;1.6;2.5;0.04;236;43;83;34;94325;2.39;12.31;0.26;0.27
1984;11;24;329;13.1;9.2;7.1;9.4;5.8;4.5;7;2;0.11;1.6;2.5;0;185;36;72;42;94709;2.21;5.84;0.26;0.27
1984;11;25;330;8.7;7.4;6.7;6.3;5.4;4.8;3.8;1.5;0.11;1.6;2.5;0;188;34;61;32;95747;1.05;2.2;0.26;0.27
1984;11;26;331;7.2;6.1;3.4;6.5;5.2;2.7;1.3;0;0.11;1.6;2.5;0;44;9;44;18;96079;0.31;6.99;0.27;0.27
1984;11;27;332;3.5;2.1;0.4;2.3;0.6;-1.4;1.2;0.1;0.11;1.6;2.5;0;93;19;67;34;97133;0.3;0.11;0.27;0.27
1984;11;28;333;4.5;1.1;-2;-0.3;-1.5;-3.2;-0.5;2;0.11;1.6;2.5;0;248;53;98;75;96750;0.25;0;0.27;0.27
1984;11;29;334;4.3;-0.3;-2.6;0.3;-2.2;-4;-1.1;0.8;0.11;1.6;2.5;0;231;49;102;71;96579;0.2;0;0.27;0.27
1984;11;30;335;3;-1;-3.3;-1.2;-3.1;-4.3;-1.7;0.2;0.11;1.6;2.5;0;237;48;97;64;96026;0.15;0.01;0.27;0.27
1984;12;1;336;3.5;-0.7;-3.6;-1.5;-3;-4.7;-2;0.5;0.11;1.6;2.5;0;233;50;95;69;95533;0.09;0;0.26;0.27
1984;12;2;337;5;0.8;-1.4;1.8;-0.8;-2.9;-1;0.4;0.11;1.6;2.5;0;227;47;85;57;95656;0.12;0;0.26;0.27
1984;12;3;338;2.2;0.6;-1.3;1.6;0.2;-1.5;-0.9;0;0.11;1.7;2.5;0;105;22;34;15;96320;0.05;0.02;0.26;0.27
1984;12;4;339;4.3;1.3;-0.1;0.9;-0.1;-0.8;-1.2;0.4;0.11;1.7;2.5;0;199;41;84;39;96636;0.22;0.02;0.26;0.27
1984;12;5;340;2.7;0.8;-1.3;0.5;-0.2;-1.9;0.3;1;0.11;1.7;2.5;0;149;30;57;26;96976;0.17;0.07;0.26;0.27
1984;12;6;341;3.5;0;-2.4;0.9;-1.1;-2.9;0;1.6;0.11;1.7;2.5;0;211;40;86;52;96934;0.07;0.01;0.26;0.27
1984;12;7;342;2.4;1.5;0.7;2.2;1.3;0.1;-0.1;0.1;0.11;1.7;2.5;0;64;13;18;2;97441;0.05;0;0.26;0.27
1984;12;8;343;4.6;1.5;-0.2;2.6;1;-0.3;-0.2;1.1;0.11;1.7;2.5;0;166;32;63;28;97402;0.15;0.05;0.26;0.27
1984;12;9;344;3.4;1.9;0.3;3.3;1.5;-0.4;2.3;0.6;0.11;1.7;2.5;0;24;5;52;17;97042;0;2.89;0.26;0.27
1984;12;10;345;2.2;1;-0.2;1.3;0.5;-0.4;3.2;0.5;0.11;1.7;2.5;0.33;29;6;20;5;97052;0.43;1.34;0.26;0.27
1984;12;11;346;3.5;2.6;1.2;3.3;2.1;0.7;2.7;-0.3;0.11;1.7;2.5;0.41;41;9;24;7;96860;0.14;0.16;0.26;0.27
1984;12;12;347;5;3;0.3;3.2;1.8;-1;-1.1;0.3;0.11;1.7;2.5;0.28;113;22;64;25;96683;0.25;0.14;0.26;0.27
1984;12;13;348;1.9;-0.4;-1.6;-1.4;-3.1;-3.8;-2.1;0.1;0.11;1.7;2.5;0.24;188;35;78;59;95958;0.24;0;0.26;0.27
1984;12;14;349;0.4;-0.7;-1.7;-0.1;-2.3;-4.3;-0.8;0.7;0.12;1.7;2.5;1.16;90;16;59;21;95956;0.08;3.95;0.26;0.27
1984;12;15;350;2.4;1.5;0.5;2;1.3;0.4;0.2;0.2;0.15;1.7;2.5;3.18;60;12;20;5;96442;0.05;0.22;0.26;0.27
1984;12;16;351;2.1;0.8;-0.1;1.1;0.3;-0.7;-0.9;1.4;0.16;1.7;2.5;3.25;77;15;21;10;96055;0.17;2.05;0.26;0.27
1984;12;17;352;2.6;1.3;-0.1;1.8;0.7;-0.4;1.2;1.4;0.2;1.7;2.5;5.98;90;15;27;11;95644;0.19;4.5;0.26;0.27
1984;12;18;353;4.6;2.2;0.8;2.1;1.1;-0.1;-0.3;1.9;0.2;1.7;2.5;5.62;122;23;77;28;95658;0.18;2.14;0.26;0.27
1984;12;19;354;2.2;0.3;-1.3;1.8;-1.2;-3.4;1.4;0.6;0.2;1.7;2.5;5.81;91;20;82;32;96780;0.28;3.31;0.26;0.27
1984;12;20;355;3.2;0.9;-0.5;-0.9;-2.4;-3.3;0.2;2.5;0.2;1.6;2.5;5.87;107;20;65;32;96817;0.35;0.08;0.26;0.27
1984;12;21;356;5;2.3;0.3;4.6;0.5;-3.2;3;0.7;0.18;1.6;2.5;5.07;132;18;65;27;96248;0.39;5;0.27;0.27
1984;12;22;357;1.8;0.1;-1.2;-0.8;-1.2;-2;2;0;0.17;1.6;2.5;4.48;83;16;59;28;97208;0.18;0.24;0.27;0.27
1984;12;23;358;2;-0.8;-3;-1.9;-2.8;-3.9;-0.9;1.4;0.17;1.6;2.5;4.38;189;36;85;51;96998;0.13;0;0.27;0.27
1984;12;24;359;0.6;-1.9;-3.6;-4;-5.7;-7.3;-2.1;1.3;0.17;1.6;2.5;4.28;198;40;112;76;96232;0.17;0;0.27;0.27
1984;12;25;360;-0.4;-2.8;-5.9;-2.6;-5.2;-7.4;-0.5;1.3;0.17;1.6;2.5;4.24;186;36;77;46;95773;0.09;0.13;0.26;0.27
1984;12;26;361;0.7;-0.9;-2.4;-1;-1.6;-2.8;0;0.9;0.17;1.5;2.5;4.41;95;16;63;21;95587;0.01;0.18;0.26;0.27
1984;12;27;362;-0.4;-1.4;-2.4;-1.6;-4;-4.8;-0.4;-0.8;0.17;1.5;2.5;4.42;115;23;46;22;95829;0.08;0.01;0.26;0.27
1984;12;28;363;-0.6;-1.7;-2.6;-4.8;-5.2;-5.9;0;-0.9;0.17;1.5;2.5;4.43;106;19;40;24;97015;0.06;0.14;0.26;0.27
1984;12;29;364;-1;-2.7;-3.8;-6.1;-6.9;-8.2;-1.1;-1.2;0.17;1.5;2.5;4.47;184;37;89;50;97596;0.08;0.03;0.26;0.27
1984;12;30;365;-1.9;-3.7;-4.9;-6.3;-7.5;-8.3;0.1;-1.8;0.18;1.5;2.5;4.71;134;29;83;51;97672;0.08;0.57;0.26;0.27
1984;12;31;366;-4.3;-5.1;-5.7;-8.2;-10.2;-11.3;0.3;0.2;0.18;1.4;2.5;4.97;125;25;62;36;97235;0.06;0.13;0.26;0.27
1985;1;1;1;-2;-3.8;-5.7;-3.3;-6.5;-10.2;1.6;2.5;0.22;1.4;2.5;7.36;77;15;36;17;95293;0.07;7.18;0.26;0.27
1985;1;2;2;-1.8;-4.2;-7.7;-2.7;-5.9;-9.9;0.1;-1.3;0.34;1.4;2.5;13.76;109;20;48;21;94438;0.17;2.85;0.26;0.27
1985;1;3;3;-5.9;-7.8;-10.1;-9.4;-10.1;-11.8;2.6;-1;0.37;1.4;2.5;15.84;122;22;61;31;94884;0.17;2.94;0.26;0.27
1985;1;4;4;-10;-11.9;-14.2;-11.4;-14.2;-16;2;-1.2;0.37;1.4;2.5;18;119;24;55;37;94642;0.06;0.96;0.26;0.27
1985;1;5;5;-8.1;-11.8;-14.5;-13.1;-14.4;-16;0.6;-1.7;0.37;1.4;2.5;18.72;110;23;81;37;95035;0.11;0.76;0.26;0.27
1985;1;6;6;-10.9;-14.3;-21.5;-14.7;-17.2;-23.5;1.1;0.2;0.37;1.3;2.5;19.23;128;25;71;42;95259;0.14;0.57;0.26;0.27
1985;1;7;7;-12.6;-18;-22.3;-17.3;-21.1;-24.5;-1.9;-0.6;0.37;1.3;2.5;19.41;155;32;81;46;95212;0.13;0.07;0.25;0.27
1985;1;8;8;-12.2;-17.9;-21.7;-16.7;-20.9;-24.2;-0.5;-1;0.37;1.3;2.5;19.36;154;31;88;45;95612;0.11;0.01;0.25;0.27
1985;1;9;9;-13.2;-17;-19.5;-16.3;-19.5;-21.7;0.4;1.5;0.37;1.3;2.5;19.42;150;28;64;34;95805;0.08;0.2;0.25;0.27
1985;1;10;10;-11.4;-17.6;-23.4;-15.1;-20.4;-25.9;0.3;0.8;0.37;1.3;2.5;19.43;158;34;78;45;96092;0.11;0.1;0.25;0.27
1985;1;11;11;-8.6;-13;-16.7;-11.3;-14.9;-18.5;1.2;-0.3;0.37;1.2;2.5;19.68;124;26;51;28;96704;0.08;0.29;0.25;0.27
1985;1;12;12;-8.4;-10.9;-14.1;-10.4;-12.7;-15.7;1.4;0;0.37;1.2;2.5;22.29;68;14;41;16;96269;0.05;4.65;0.25;0.27
1985;1;13;13;-10;-12.9;-15.6;-12.9;-15.6;-17.6;-1.7;-1.6;0.38;1.2;2.5;24.25;169;34;74;57;96415;0;0.02;0.25;0.27
1985;1;14;14;-10;-12.3;-15.1;-13;-15.1;-17.4;-3.4;-1.7;0.37;1.2;2.5;24.25;124;27;69;38;96024;0.19;0.36;0.25;0.27
1985;1;15;15;-5;-8.6;-14.5;-7.2;-11.3;-16.6;-3.1;-0.3;0.37;1.2;2.5;24.36;169;38;90;61;96154;0.1;0.01;0.25;0.27
1985;1;16;16;-1.1;-4;-6.2;-4.5;-6.3;-8.2;-3.1;-0.4;0.37;1.2;2.5;24.18;163;33;75;47;96251;0.19;0;0.25;0.27
1985;1;17;17;-2.9;-6.2;-9.4;-6.5;-8.6;-10.7;-2;0;0.37;1.2;2.5;24.07;119;25;62;37;95579;0.11;0.15;0.25;0.27
1985;1;18;18;-3.1;-10.2;-16;-5.6;-11.8;-17.5;-1.2;0.1;0.37;1.2;2.5;24.06;182;37;89;44;94681;0.13;0;0.25;0.27
1985;1;19;19;-3.2;-9;-15.7;-5.6;-10.6;-17.4;-0.1;0;0.37;1.2;2.5;24.04;150;32;78;19;94743;0.1;0.57;0.25;0.27
1985;1;20;20;-1;-3.4;-5.6;-2.9;-4.6;-6.4;-0.8;0.9;0.37;1.1;2.5;25.08;115;24;32;14;94984;0.13;1.14;0.25;0.27
1985;1;21;21;2.8;0.2;-2.1;-0.4;-1.6;-2.7;-0.7;2.3;0.37;1.1;2.5;26.44;160;31;79;29;94653;0.18;1.73;0.25;0.27
1985;1;22;22;4.1;2.6;0.6;1.9;0.2;-2.6;0.3;3.1;0.36;1.1;2.5;24.64;73;14;19;4;94216;-0.03;8.88;0.25;0.27
1985;1;23;23;3.5;1.5;-1.5;2.3;0.4;-2.3;1.2;0.7;0.35;1.1;2.5;18.01;93;14;29;8;94519;-0.17;7.38;0.27;0.27
1985;1;24;24;-0.5;-1.7;-2.8;-2.3;-4.1;-6.2;3.4;0.4;0.36;1.1;2.5;19.69;138;30;85;39;95129;0.3;2.01;0.27;0.27
1985;1;25;25;0.5;-1.4;-3.4;-2.6;-5;-8.1;2.4;2.6;0.36;1.1;2.5;21.55;62;13;61;27;94981;0.45;3.09;0.27;0.27
1985;1;26;26;4.2;1.4;-2;2;-1.3;-7.1;1.5;3.2;0.37;1.1;2.4;24.55;59;12;45;13;94098;0.05;6.78;0.27;0.27
1985;1;27;27;1;-1.7;-5.8;0.6;-4.4;-9.5;1.9;-0.9;0.37;1.1;2.4;25.36;110;23;86;31;95297;0.34;3.44;0.27;0.27
1985;1;28;28;-1.9;-6.5;-13.5;-7.4;-10.5;-15.2;-2.5;1;0.37;1.1;2.4;25.56;218;49;100;62;95929;0.25;0;0.27;0.27
1985;1;29;29;1.5;-2.5;-7.5;-0.6;-4.5;-9.9;0.3;1.9;0.37;1.1;2.4;25.1;106;20;65;23;96545;0.07;0.01;0.27;0.27
1985;1;30;30;4.1;1.8;-1.1;4.1;1.3;-2.3;2.3;1;0.36;1.1;2.4;23.05;43;8;64;17;96467;-0.28;5.01;0.28;0.27
1985;1;31;31;5.5;3.2;1.1;4.1;2.5;1;3.4;1.5;0.32;1.1;2.4;17.08;173;26;45;10;96162;-0.33;7.62;0.28;0.27
1985;2;1;32;6.3;4.3;1.5;5.9;3.8;0.7;5.3;0.5;0.23;1.1;2.4;9.71;22;5;50;9;95764;-0.24;6.51;0.3;0.27
1985;2;2;33;6.1;4.6;2.7;4.8;3.3;1.4;5.7;-0.7;0.16;1.1;2.4;3.99;215;41;64;27;95622;0.76;4.14;0.31;0.27
1985;2;3;34;2.8;-0.4;-3.7;1.8;-5.8;-10.6;2.9;-2.7;0.14;1.1;2.4;2.83;314;64;107;66;96665;0.77;1.31;0.31;0.27
1985;2;4;35;1.6;-2.5;-4.9;-10.2;-12;-14.3;-0.5;0.5;0.14;1.1;2.4;2.81;335;79;121;85;97029;0.13;0;0.3;0.27
1985;2;5;36;5;-0.3;-3;-5.1;-8.9;-12.5;0.6;0.9;0.14;1.1;2.4;2.63;334;78;117;74;96040;0.1;0;0.3;0.27
1985;2;6;37;2.9;0.9;-1.9;1.8;0;-4.5;2.4;-0.1;0.14;1.1;2.4;2.37;162;34;43;16;95649;0.03;1.37;0.3;0.27
1985;2;7;38;0.4;-1.8;-4.7;0;-7.1;-12.9;0.2;-2;0.14;1.1;2.4;2.73;171;44;96;45;95984;0.37;0.56;0.29;0.27
1985;2;8;39;-1.6;-4.3;-6;-7.8;-13.2;-15.8;-3.5;0.4;0.15;1.1;2.4;3.57;297;62;76;41;95474;0.25;7.18;0.29;0.28
1985;2;9;40;-2.4;-5.2;-9;-4.6;-7.3;-11.5;-2;-1;0.34;1.1;2.4;13.65;89;19;10;4;94565;0.26;9.73;0.29;0.28
1985;2;10;41;-9.5;-11.8;-14.8;-12;-15.2;-17.3;-2.4;-2.5;0.38;1.1;2.4;19.75;281;64;103;59;94985;0.26;0.67;0.29;0.28
1985;2;11;42;-10.4;-15.2;-18.7;-16;-18.7;-21.6;-2.5;-1.2;0.38;1.1;2.4;19.6;280;67;109;79;95354;0.1;0;0.28;0.28
1985;2;12;43;-10;-16;-20.9;-16.3;-20;-23.9;-3;-0.4;0.38;1.1;2.4;19.38;285;70;104;80;95515;0.22;0;0.28;0.28
1985;2;13;44;-5.7;-12.1;-15.7;-12.7;-16.6;-19.2;-2.8;0.4;0.38;1.1;2.4;19.1;290;72;111;85;95303;0.29;0;0.28;0.28
1985;2;14;45;-1.8;-9.6;-18.2;-3.9;-11.9;-20.8;0.3;0.4;0.38;1.1;2.4;19.24;202;42;67;34;95308;0.16;1.07;0.28;0.28
1985;2;15;46;-8.1;-12.8;-19.6;-12.3;-16.5;-22.6;0.1;-2.2;0.38;1.1;2.4;19.72;256;66;114;65;96199;0.21;0.04;0.28;0.28
1985;2;16;47;-4.8;-12.2;-19.4;-9.5;-16.1;-22.7;0.6;-0.2;0.37;1.1;2.4;19.51;287;68;110;55;97053;0.25;0;0.27;0.28
1985;2;17;48;-1.1;-10.2;-19.4;-6.1;-13.3;-20.8;-1.6;-1.8;0.37;1.1;2.4;18.94;233;58;102;45;96730;0.42;0.06;0.27;0.28
1985;2;18;49;-7.5;-10.9;-15.5;-12.9;-14.2;-17.4;-0.6;-2.3;0.37;1.1;2.4;18.42;216;52;79;48;97145;0.2;0.06;0.27;0.28
1985;2;19;50;-5.5;-12.9;-20.4;-13.6;-17.5;-22.7;0.5;-2.3;0.37;1.1;2.4;18.14;283;73;99;65;97410;0.37;0.02;0.27;0.28
1985;2;20;51;-3.2;-11.1;-20.2;-9.3;-15.6;-22.7;0.3;-1.2;0.37;1.1;2.4;17.8;320;81;118;65;97571;0.34;0;0.27;0.28
1985;2;21;52;-2.3;-6.9;-13.8;-4.2;-10.1;-16.6;1.8;-0.2;0.37;1.1;2.4;17.91;186;46;38;18;97069;0.29;1.35;0.27;0.28
1985;2;22;53;-1.3;-4.1;-11.8;-3.5;-6.7;-13.1;0.1;-1.5;0.37;1.1;2.4;19.11;213;46;76;35;97258;0.28;0.83;0.27;0.28
1985;2;23;54;-0.7;-7.1;-17.3;-3.6;-9.8;-19;0.7;0.4;0.37;1.1;2.5;19.04;288;70;87;40;97447;0.39;0.73;0.27;0.28
1985;2;24;55;3.1;0.1;-2.2;0.5;-1.4;-3.1;2.4;-0.3;0.36;1.2;2.5;20.01;132;28;71;20;97275;0.04;1.41;0.27;0.28
1985;2;25;56;7.3;-1.8;-10.8;0.8;-3.9;-12.1;-1;0.3;0.35;1.2;2.5;17.04;312;73;98;46;97204;0;0;0.27;0.28
1985;2;26;57;7.6;0.2;-5.9;1.5;-2.1;-6.3;-0.8;1.1;0.3;1.2;2.5;12.58;322;82;89;47;96953;0.09;0;0.27;0.28
1985;2;27;58;7.7;1.5;-2.8;1.4;-0.8;-3.2;-0.7;0.7;0.24;1.2;2.5;8.8;336;92;108;53;96893;0.17;0;0.27;0.28
1985;2;28;59;6.4;0.8;-3.4;2.2;-0.9;-3.7;-0.3;0.4;0.2;1.2;2.5;6.25;337;80;76;35;96699;0.07;0.29;0.28;0.28
1985;3;1;60;8.1;2.7;-1.3;2.3;0.6;-1.6;-0.3;1.6;0.18;1.2;2.5;4.46;318;86;73;37;96322;0.29;0.8;0.28;0.28
1985;3;2;61;5.1;2.8;-0.3;2.7;1.5;-0.8;0.8;0.8;0.15;1.2;2.5;2.93;172;40;36;12;95860;0.34;1.66;0.28;0.28
1985;3;3;62;6.3;2.4;-0.5;1.4;0.3;-1.5;0.1;1.4;0.15;1.2;2.5;2.27;257;61;77;31;96010;0.46;0.68;0.28;0.28
1985;3;4;63;9.1;2.7;-1.5;1.6;-0.6;-2.9;-1.8;1.3;0.14;1.2;2.5;1.64;339;99;91;64;95847;0.5;0.04;0.28;0.28
1985;3;5;64;6.5;1.5;-2.8;1.3;-0.7;-3.4;-1.5;-0.6;0.13;1.2;2.5;1.13;307;73;66;50;96406;0.26;0.07;0.28;0.28
1985;3;6;65;9.4;2.7;-2.8;1.3;-0.7;-3.3;0.4;-0.2;0.13;1.3;2.5;0.77;433;118;96;61;96871;0.58;0;0.27;0.28
1985;3;7;66;6.6;3.2;0.4;0.8;-0.2;-0.5;-0.2;-0.8;0.12;1.3;2.5;0.52;259;66;46;25;97052;0.41;0.04;0.27;0.28
1985;3;8;67;5.6;2.6;0.4;0.5;-1;-2.1;-1;-1.2;0.12;1.3;2.5;0.38;280;80;49;33;97373;0.55;0.05;0.27;0.28
1985;3;9;68;5.7;1.9;-0.9;0.1;-1.7;-4.5;-0.4;-1.6;0.13;1.3;2.5;0.54;372;85;91;38;97512;0.68;0.89;0.27;0.28
1985;3;10;69;1.8;-0.2;-2.5;-4.2;-5.2;-6;-1.2;-1;0.13;1.3;2.5;0.68;187;54;66;39;97382;0.33;0.22;0.27;0.28
1985;3;11;70;3.2;-0.3;-3.7;-5;-6.2;-6.8;-2;-0.3;0.13;1.3;2.5;0.83;300;86;81;62;97104;0.28;0.22;0.27;0.28
1985;3;12;71;5.9;1;-2.4;-1.1;-3.3;-5.9;-2.8;-1;0.13;1.3;2.5;0.84;514;128;106;76;97097;0.48;0.02;0.27;0.28
1985;3;13;72;7.1;2.1;-3;0.5;-1.3;-3.9;-0.1;0;0.13;1.3;2.5;0.62;437;112;86;51;96344;0.53;0;0.26;0.28
1985;3;14;73;5.5;2.2;-0.1;0.7;-0.5;-1.2;1.8;0.9;0.13;1.3;2.5;0.46;339;80;65;33;95406;0.66;1.19;0.26;0.28
1985;3;15;74;3.9;0.4;-2.6;-0.2;-3.2;-5.5;2.1;0.5;0.14;1.4;2.5;1.19;454;126;119;59;95074;0.83;0.95;0.26;0.28
1985;3;16;75;6.7;1.3;-3.6;-2.8;-4.7;-6.9;-0.4;1.7;0.14;1.4;2.5;1.36;442;125;98;68;94436;0.7;0.56;0.26;0.28
1985;3;17;76;1.8;0.2;-1.3;-0.4;-1.7;-3.6;0.4;-1.8;0.2;1.4;2.5;5.65;139;39;38;24;94151;0.22;9.71;0.26;0.28
1985;3;18;77;0.1;-0.9;-2.2;-1.2;-3;-4;-0.9;-5;0.34;1.4;2.5;14.77;140;35;22;16;94542;0.59;10.65;0.26;0.28
1985;3;19;78;2.1;-0.5;-2.7;-1.3;-2.9;-3.8;-1.2;-1.3;0.38;1.4;2.5;21.32;175;51;46;23;94864;0.47;1.92;0.26;0.28
1985;3;20;79;3;0.2;-4;-0.2;-1.6;-4.4;-1.3;0.6;0.37;1.4;2.5;21.42;180;56;54;30;94571;0.27;1.94;0.26;0.28
1985;3;21;80;6.5;0.1;-6.6;0.5;-2.6;-6.9;-2.2;0.5;0.36;1.5;2.5;17.95;324;96;96;50;94083;0.36;0;0.26;0.28
1985;3;22;81;9.1;3.4;-3;2.2;0.1;-3.7;-0.8;1.3;0.29;1.5;2.5;12.14;409;117;96;54;93990;0.55;0.39;0.27;0.28
1985;3;23;82;9.3;3.9;-1.4;2.5;0.4;-1.9;0.9;0.8;0.22;1.5;2.5;7.04;382;108;95;54;94557;0.57;0.08;0.27;0.28
1985;3;24;83;9.3;3.4;-1.3;2;-0.4;-2.5;1.2;1.6;0.18;1.5;2.5;4.21;455;143;108;67;95039;0.86;0.72;0.27;0.28
1985;3;25;84;9.2;3.5;-2.4;1.7;-1.2;-3.1;1.1;1.8;0.16;1.5;2.5;2.67;383;106;93;48;95301;0.96;0.29;0.27;0.28
1985;3;26;85;9.8;6.1;1.5;4.5;1.6;-1.8;2;2.8;0.15;1.5;2.5;1.61;431;122;88;55;95043;1.46;4.84;0.27;0.28
1985;3;27;86;10.3;6;1.2;4.9;3.5;0.6;2.4;2;0.13;1.5;2.5;0.64;433;118;75;45;94564;1.75;6.29;0.28;0.28
1985;3;28;87;3.7;0.4;-2.6;-0.1;-4.1;-7.9;4;-1.1;0.14;1.6;2.5;1.24;494;138;87;61;95345;1.38;2.21;0.28;0.28
1985;3;29;88;4.3;1.4;-1.4;-1.8;-2.7;-3.6;4.6;1.6;0.17;1.6;2.5;3.04;325;80;79;42;95791;0.92;2.15;0.28;0.28
1985;3;30;89;12.4;6.9;0.7;0.2;-1.5;-3.7;3.1;2;0.16;1.6;2.5;2.38;519;157;103;73;95519;1.64;0;0.28;0.28
1985;3;31;90;14.3;8.3;4.1;6.7;3.1;-1.6;3.1;1.6;0.14;1.6;2.5;1.03;542;133;104;48;95472;1.71;4.82;0.27;0.28
1985;4;1;91;11.4;8.3;4.8;7.1;5.9;3.8;1.8;1.6;0.13;1.6;2.5;0.23;267;72;73;34;96073;0.95;0.73;0.28;0.28
1985;4;2;92;12.5;8.5;4.4;7.1;4.9;3;3.4;1.1;0.13;1.6;2.5;0.05;459;131;89;55;95958;1.77;3.09;0.28;0.28
1985;4;3;93;13;8.9;4.9;6.8;4.7;2.8;1.7;0;0.13;1.7;2.5;0;242;91;95;43;96428;1.07;0.3;0.28;0.28
1985;4;4;94;18.5;10.7;1.6;7.8;4.4;0.3;-0.6;2.1;0.13;1.7;2.5;0;618;193;128;84;95622;1.98;0;0.27;0.28
1985;4;5;95;20.1;13.1;5.2;9.8;6.5;2.7;-1.1;1;0.13;1.7;2.5;0;559;177;115;76;94771;1.99;0;0.27;0.28
1985;4;6;96;14.7;10.6;7.2;7.9;6.7;4.8;2.3;0.4;0.13;1.7;2.5;0;498;131;98;51;94630;1.99;4.32;0.27;0.28
1985;4;7;97;12.2;8.6;5.5;4.4;2.4;0.3;2.7;1.4;0.13;1.7;2.5;0;503;140;86;50;95058;2.41;2.14;0.27;0.28
1985;4;8;98;11.6;9.1;6.2;6.9;4.6;-0.2;2.6;2.5;0.13;1.7;2.5;0;343;106;73;52;94566;1.63;2.24;0.27;0.28
1985;4;9;99;10.5;7.3;3.9;6.3;4.9;3.3;1.5;1.3;0.14;1.7;2.5;0;259;87;71;44;94507;1.17;3.17;0.27;0.28
1985;4;10;100;11.4;7.4;4.2;6.6;4.3;2.7;1.9;-0.3;0.14;1.8;2.5;0;518;147;90;54;95118;1.77;2.14;0.27;0.28
1985;4;11;101;10;6.9;3.8;6.6;4.4;3;1.6;1.7;0.14;1.8;2.5;0;405;129;84;49;95333;1.92;5.54;0.27;0.28
1985;4;12;102;8.8;5.4;2.6;3.8;0.9;-1.6;4.2;1.5;0.14;1.8;2.5;0;493;150;90;51;94983;2.29;3.69;0.27;0.28
1985;4;13;103;9.4;4.6;2.1;6.1;2.9;0.5;3.3;2.3;0.14;1.8;2.5;0.04;320;74;58;26;94885;1.63;9.74;0.27;0.28
1985;4;14;104;9.2;5.2;2.3;3.8;2.5;1;3.1;2.1;0.14;1.8;2.5;0.01;478;155;72;49;94955;2.28;4.49;0.28;0.28
1985;4;15;105;8;4.6;2.2;4.8;2.9;1.4;3.4;0.1;0.14;1.8;2.5;0.01;436;144;74;48;95939;2.08;6.01;0.28;0.28
1985;4;16;106;7.1;4.8;2.4;5.1;2.5;0;2.4;-0.6;0.14;1.9;2.5;0;352;82;47;24;96743;1.43;3.21;0.28;0.28
1985;4;17;107;11.4;5.9;1.2;2.1;-0.3;-1.5;-1.9;-1.4;0.14;1.9;2.5;0;571;196;125;79;97301;2.16;0;0.28;0.28
1985;4;18;108;12.7;6.6;-0.6;1.8;0.5;-1.9;-2.1;-1.1;0.14;1.9;2.5;0;682;227;133;96;97063;2.17;0;0.28;0.28
1985;4;19;109;14.7;8.6;0.8;4.3;2.4;-0.5;-2;0.1;0.14;1.9;2.5;0;571;190;111;81;96488;2.06;0;0.28;0.28
1985;4;20;110;17.3;10.7;3.5;6.9;3.4;1.1;-0.3;1.9;0.14;1.9;2.5;0;688;231;137;95;95402;2.61;0;0.27;0.28
1985;4;21;111;19.9;13.2;5.3;8.3;6;2.3;-1.8;0.1;0.14;2;2.5;0;665;214;121;86;95554;2.68;0.15;0.27;0.28
1985;4;22;112;19;13.3;7.6;8.5;6.7;5;-2.1;-1.4;0.14;2;2.5;0;684;233;131;100;95565;2.81;0;0.26;0.28
1985;4;23;113;14.1;9.1;1.5;7;4.6;-2.8;-0.6;-3.3;0.14;2;2.5;0;559;165;81;59;95214;1.89;0.3;0.26;0.28
1985;4;24;114;5.4;2;-1.3;-3.9;-5.8;-6.9;0.8;-3.1;0.15;2;2.5;0.32;375;141;81;56;95951;1.48;0.59;0.26;0.28
1985;4;25;115;9.9;3.6;-1;2.7;-1.7;-5.7;2.4;-0.4;0.15;2;2.5;0.38;619;168;107;56;95681;1.64;1.86;0.26;0.28
1985;4;26;116;6.2;2.6;-1;-0.1;-4.1;-6.3;0.6;-1.5;0.15;2.1;2.5;0.39;477;165;87;62;95716;1.84;0.23;0.26;0.28
1985;4;27;117;5.4;2.7;-0.9;1.5;-1.8;-4.1;2.6;1.9;0.15;2.1;2.5;0.53;342;112;58;38;94992;1.37;7.44;0.25;0.28
1985;4;28;118;5.5;1.9;-1.5;0.7;-1.4;-3;4.1;0.1;0.2;2.1;2.5;3.96;554;176;91;56;94728;2.09;4.33;0.26;0.28
1985;4;29;119;5.3;2.3;-0.6;0.4;-1.4;-2.8;4.5;-0.6;0.22;2.1;2.5;5.69;507;160;85;53;95099;1.81;4.87;0.26;0.28
1985;4;30;120;7.4;3.8;0.3;-0.3;-1.8;-2.8;4.9;-1.2;0.2;2.1;2.5;4.63;384;132;86;52;95293;1.74;0.84;0.26;0.28
1985;5;1;121;10.9;6.5;3.4;8;4.4;0.2;4.2;-0.2;0.18;2.2;2.5;2.24;324;83;62;25;95246;1.71;5.62;0.26;0.28
1985;5;2;122;8.8;4.9;2.2;5.5;2.4;1;3.5;1.3;0.16;2.2;2.5;0.66;610;175;87;51;94693;2.61;6.13;0.27;0.28
1985;5;3;123;7.5;3.5;0.5;3.8;1.7;-0.5;2.7;-0.6;0.16;2.2;2.5;1.05;591;163;79;49;94803;2.36;6.58;0.27;0.28
1985;5;4;124;9.3;5;-1.8;1.9;0.1;-2;0;0.4;0.16;2.2;2.5;0.62;461;144;67;51;95204;1.63;0.19;0.27;0.28
1985;5;5;125;13.3;8.7;2.6;4.5;2.1;-0.4;-1.1;0.3;0.15;2.2;2.5;0.3;588;154;118;57;95140;1.84;0.09;0.27;0.28
1985;5;6;126;18.5;12.2;5.2;9.2;6.3;3.9;-3.9;0;0.15;2.2;2.5;0.07;588;213;99;81;94746;2.7;0;0.26;0.28
1985;5;7;127;19.4;14.8;11.6;11.3;10;8.4;-5.2;0.2;0.15;2.3;2.5;0;531;173;84;59;94355;2.57;1;0.26;0.27
1985;5;8;128;11;9.4;7.2;8.9;5.9;4.6;-2.7;1.4;0.15;2.3;2.5;0;442;148;71;51;94562;2.34;2.63;0.26;0.27
1985;5;9;129;13.6;9.6;6.5;8.5;7.2;6.1;1.3;1.8;0.15;2.3;2.5;0;399;131;76;39;95056;2.32;6.33;0.26;0.27
1985;5;10;130;14.5;11.1;8.3;8.3;6.9;5.8;0.4;0.6;0.15;2.3;2.5;0;296;114;71;35;95651;1.88;1.06;0.26;0.27
1985;5;11;131;18.5;13.8;8.2;9.9;7.8;5.7;-2.9;-0.8;0.15;2.3;2.5;0;630;208;103;67;95706;3.01;1.48;0.26;0.27
1985;5;12;132;22.3;16.3;10.7;11.6;10;7.7;-2.6;-0.1;0.15;2.4;2.5;0;684;241;117;83;95423;3.42;0;0.26;0.27
1985;5;13;133;24.7;18.3;10.3;11.7;10.5;9;-2.3;1.3;0.15;2.4;2.5;0;687;232;118;80;95315;3.69;0;0.25;0.27
1985;5;14;134;20.3;17.6;13.6;12.1;10.2;8.9;0.9;0.1;0.15;2.4;2.5;0;630;227;107;84;95288;3.5;0.54;0.25;0.27
1985;5;15;135;18.6;14.9;11.6;10;9.1;7.9;-0.3;-2.3;0.15;2.4;2.5;0;491;174;91;61;95701;2.88;1.69;0.25;0.27
1985;5;16;136;21;15.9;10.4;11.4;10.1;9.2;-1.8;-1.7;0.15;2.4;2.5;0;499;187;96;59;95889;2.9;0;0.24;0.27
1985;5;17;137;20.7;15.7;11.5;11.5;10.6;10;-2;-2;0.16;2.4;2.5;0;620;215;106;74;96122;2.98;0.09;0.24;0.27
1985;5;18;138;19.3;14.8;10.8;12;10.5;9.1;-2.4;-0.9;0.16;2.5;2.5;0;626;202;91;65;96071;2.9;1.74;0.24;0.27
1985;5;19;139;18.2;15.1;11.3;10.4;9.6;8.5;-2.3;-0.2;0.16;2.5;2.5;0;431;146;74;53;96039;2.37;0.65;0.24;0.27
1985;5;20;140;20.8;15.8;11.3;12.7;11;9.6;-2.4;0.2;0.16;2.5;2.5;0;675;217;105;69;95660;3.17;1.63;0.23;0.27
1985;5;21;141;17.8;14.2;11.1;12.5;11.2;10.1;-0.9;-0.1;0.16;2.5;2.5;0;381;127;67;45;95236;2.1;8.3;0.23;0.27
1985;5;22;142;15;11.4;8.1;12.6;10.3;7.6;2.3;0.4;0.16;2.5;2.5;0;398;105;66;30;94909;2.17;13.65;0.24;0.27
1985;5;23;143;14.4;10.9;7.8;10.1;8.4;7;2.6;1;0.16;2.5;2.5;0;498;170;83;53;95061;2.89;3.72;0.25;0.27
1985;5;24;144;17.5;12.6;7.9;9.9;7.4;6;0.8;0.9;0.16;2.5;2.5;0;417;150;103;54;95718;2.35;0.4;0.25;0.27
1985;5;25;145;21.9;16.3;8.6;11.5;9.1;6.3;-1.2;0.3;0.16;2.6;2.5;0;653;228;114;82;96126;3.43;0.01;0.25;0.27
1985;5;26;146;24.3;18.8;12.5;13.7;11.8;10.1;-2.4;0.3;0.16;2.6;2.5;0;696;240;113;84;96012;3.86;0.09;0.24;0.27
1985;5;27;147;26.1;19.8;12.8;15.5;12.8;10.6;-0.9;0.2;0.16;2.6;2.5;0;705;244;118;82;95787;3.89;0.03;0.24;0.27
1985;5;28;148;21.9;17.4;13.9;16.1;14.7;13.7;0.6;-1;0.16;2.6;2.5;0;541;183;81;54;95922;2.93;12.11;0.23;0.27
1985;5;29;149;17.3;14.7;11.8;14.4;13.3;10.5;-1.2;-2.7;0.16;2.6;2.5;0;267;82;36;18;96040;2.07;10.11;0.25;0.27
1985;5;30;150;17.6;13.8;10.8;11.1;10.2;9.2;-0.8;-2.7;0.16;2.6;2.5;0;419;140;81;39;96369;2.2;0.06;0.25;0.27
1985;5;31;151;19.9;15.2;9.4;12.3;10.7;7.7;-0.4;-2.5;0.16;2.6;2.5;0;586;218;86;73;96506;3.13;0.16;0.25;0.27
1985;6;1;152;19.3;15;10.3;11.6;8.6;6.4;-0.7;-2.6;0.16;2.6;2.5;0;703;237;121;82;96514;3.65;0.19;0.24;0.27
1985;6;2;153;19.4;14.8;11.4;9.7;8.4;7.2;-0.7;-2.6;0.16;2.7;2.5;0;474;155;87;50;96353;3.19;1.7;0.24;0.27
1985;6;3;154;21.8;16.5;9.5;10.7;9.1;6.8;-1.9;-0.8;0.16;2.7;2.5;0;681;254;121;87;96331;3.88;0;0.24;0.27
1985;6;4;155;23.9;18.5;11.6;13.7;12.1;10.4;-1.9;1;0.16;2.7;2.5;0;653;241;106;81;96086;3.78;0;0.23;0.27
1985;6;5;156;25.1;19.7;14;15.7;14.2;12.4;0.8;1.5;0.16;2.7;2.5;0;651;234;98;72;95670;3.74;1.11;0.23;0.27
1985;6;6;157;22.5;18.4;14.4;15.7;14.7;13.2;1.9;1.3;0.16;2.7;2.5;0;580;197;86;60;95567;3.32;5.03;0.23;0.27
1985;6;7;158;19.9;15.7;13.4;15.5;13.6;11.5;1.9;1.4;0.16;2.7;2.5;0;583;120;85;42;95429;2.44;8.52;0.23;0.27
1985;6;8;159;13.8;11.7;7.9;11.5;6.3;3;3.4;-0.1;0.16;2.7;2.5;0;590;187;100;59;95510;3.05;1.09;0.23;0.27
1985;6;9;160;12.7;9.3;5.8;5.9;3.4;0.6;3.5;1.3;0.16;2.8;2.5;0;566;167;81;54;95892;2.96;2.57;0.23;0.27
1985;6;10;161;11.8;9.6;7.1;9.6;7.5;5.7;3.1;2.1;0.16;2.8;2.6;0;285;91;65;35;95490;2.7;13.08;0.24;0.27
1985;6;11;162;13.9;10;6.5;7.4;6.5;4.8;3.4;0.4;0.16;2.8;2.6;0;668;195;107;58;95928;2.94;2.35;0.24;0.27
1985;6;12;163;16.4;11.1;7.3;9.7;7.4;6.1;2.3;2.4;0.16;2.8;2.6;0;351;124;75;48;95234;2.46;5.06;0.24;0.27
1985;6;13;164;12.9;10.5;8.3;7.3;5.8;3.7;4.7;1.1;0.16;2.8;2.6;0;557;162;84;51;95147;3.05;1.62;0.24;0.27
1985;6;14;165;16.8;12.4;7.9;8.6;6.8;5.6;1.8;0.2;0.16;2.8;2.6;0;397;163;91;58;95582;2.58;0.76;0.24;0.27
1985;6;15;166;12.9;10.1;7.8;8.4;5.9;1.9;2.9;-0.9;0.16;2.8;2.6;0;646;146;93;52;95774;2.73;4.77;0.24;0.27
1985;6;16;167;13.5;9.9;6;4.1;2.9;1.8;1.4;-0.9;0.16;2.8;2.6;0;512;169;84;63;96111;2.58;0;0.24;0.27
1985;6;17;168;13.6;10;6.2;7;4.7;3.6;2.2;-1.1;0.16;2.8;2.6;0;621;203;92;65;95952;2.89;1.34;0.24;0.27
1985;6;18;169;14.3;10.6;6;6.8;4.8;3.5;2;-0.9;0.16;2.8;2.6;0;486;167;90;65;96066;2.55;0.57;0.24;0.27
1985;6;19;170;18.7;13.5;5.3;7.3;5.7;3.8;-1.8;1;0.16;2.8;2.6;0;708;234;119;78;95638;3.49;0.01;0.23;0.27
1985;6;20;171;13.6;11.7;9.6;10.9;8.6;5.7;2.5;1.2;0.16;2.8;2.6;0;306;102;68;29;95155;2.43;9.53;0.24;0.27
1985;6;21;172;15.7;11.8;8.6;11.9;9.8;7.6;2.5;0.4;0.16;2.8;2.6;0;441;120;78;35;95540;2.2;3.29;0.24;0.26
1985;6;22;173;17.6;13;8.2;12.8;10.6;7.2;0.9;1.3;0.16;2.8;2.6;0;372;107;62;32;95350;1.76;2.88;0.24;0.26
1985;6;23;174;16.7;12.8;9.7;10.7;9.2;7.2;2.5;-0.2;0.16;2.8;2.5;0;583;180;102;59;95415;2.86;1.1;0.24;0.26
1985;6;24;175;18.1;13.1;7.4;11.7;9.9;7;2.1;0.5;0.16;2.8;2.5;0;558;200;93;62;95587;3;5.24;0.24;0.26
1985;6;25;176;14.7;12.2;9.4;12.4;10.2;8.3;3.2;0.3;0.16;2.8;2.5;0;454;127;70;39;96106;2.73;8.91;0.24;0.26
1985;6;26;177;16.3;12.4;6.9;11.4;9.1;6.6;1.9;1.4;0.15;2.7;2.5;0;499;136;85;47;96205;2.35;3.01;0.24;0.26
1985;6;27;178;15.6;11.6;8.5;8.8;6.6;3.9;3.7;0;0.15;2.7;2.5;0;492;174;86;56;96085;3.04;0.48;0.24;0.26
1985;6;28;179;15.3;11.7;8.5;10.7;9;7.6;2.7;0.2;0.15;2.7;2.5;0;485;156;68;49;96075;2.6;5.3;0.24;0.26
1985;6;29;180;17.7;13.6;9.3;10;8.9;8.3;2.2;0.4;0.15;2.7;2.5;0;447;161;89;50;96221;2.69;0.34;0.24;0.26
1985;6;30;181;20.7;15.6;9.7;13.2;10.3;8;1.6;0;0.15;2.7;2.5;0;497;204;97;66;96281;3.15;0.4;0.24;0.26
1985;7;1;182;20.3;15.7;10.9;13.1;11.8;10.3;1.6;-0.7;0.15;2.7;2.5;0;570;179;82;57;95890;2.79;2.38;0.24;0.26
1985;7;2;183;17.3;13.9;10;11.1;9.2;7.8;0.8;-1.9;0.15;2.7;2.5;0;382;138;91;47;96283;2.65;2.39;0.24;0.26
1985;7;3;184;20.7;15.1;7;10.3;8.7;6.4;-1.7;-0.4;0.15;2.7;2.5;0;715;265;123;94;96676;3.84;0;0.24;0.26
1985;7;4;185;23;17.6;11.6;10;8.9;7.5;-3.3;0.2;0.15;2.7;2.5;0;724;270;123;97;96447;4.37;0;0.23;0.26
1985;7;5;186;23.5;18.5;12.8;10.7;9;7.3;-2.9;-0.2;0.15;2.7;2.5;0;719;269;122;96;96216;4.41;0;0.23;0.26
1985;7;6;187;23.4;18.8;13.2;15.5;11.8;9.1;-0.4;-0.4;0.15;2.7;2.5;0;647;217;105;74;96391;3.55;1;0.22;0.26
1985;7;7;188;20.6;16.6;12.4;15.6;9.8;5.8;0.8;-2.4;0.15;2.7;2.5;0;744;248;139;75;96719;4.13;2.02;0.22;0.26
1985;7;8;189;18;14.1;9.5;9.3;7.4;5.8;1.6;-1;0.15;2.6;2.5;0;487;167;97;65;96397;2.63;0.32;0.22;0.26
1985;7;9;190;16.8;13.5;9.6;10.1;8.6;7.8;2.2;-0.4;0.15;2.6;2.5;0;419;127;71;44;96092;2.08;1.77;0.22;0.26
1985;7;10;191;18.1;14.3;10.9;11.8;10.4;9;1.7;-0.9;0.15;2.6;2.5;0;517;169;84;50;96069;2.84;4.31;0.22;0.26
1985;7;11;192;18.9;15;9.4;11.8;10;8.8;0.6;-0.7;0.15;2.6;2.5;0;388;150;67;54;96292;2.27;0.54;0.22;0.26
1985;7;12;193;22.1;17.6;11.9;11.7;10.2;8.6;0.8;-0.4;0.15;2.6;2.5;0;515;189;80;57;96452;3.08;0;0.21;0.26
1985;7;13;194;24.6;19.4;12.2;14.6;11.7;9.8;-0.9;-0.4;0.15;2.6;2.5;0;629;217;112;75;96599;3.35;0;0.21;0.26
1985;7;14;195;28.2;22.3;14.3;15.5;13.2;11.6;-1;1.6;0.15;2.6;2.5;0;707;261;121;87;96244;4.08;0;0.21;0.26
1985;7;15;196;23.4;20.4;16.9;17.1;14.7;13;1.9;0.2;0.15;2.6;2.5;0;500;158;84;59;96247;2.88;3.79;0.21;0.26
1985;7;16;197;24;18.3;13;17.8;15.3;12.5;0.4;0.5;0.15;2.6;2.5;0;529;152;87;51;96299;2.4;8.61;0.21;0.26
1985;7;17;198;21.8;17.9;13.3;14.9;12.4;9.3;1.2;-0.3;0.15;2.6;2.5;0;505;200;111;70;96470;3.28;0.36;0.21;0.26
1985;7;18;199;25.1;19.9;12.7;14.2;12.3;11;-0.5;1.7;0.15;2.6;2.5;0;566;201;90;66;95890;3.34;0.1;0.21;0.26
1985;7;19;200;21.7;18.8;15.6;16.7;14.5;12.2;2.2;1.3;0.15;2.5;2.5;0;504;158;80;52;95553;2.81;3.5;0.21;0.26
1985;7;20;201;22.1;17.8;14.2;16.5;13.7;8.5;2.1;1.1;0.15;2.5;2.5;0;412;139;82;51;95760;2.75;10.02;0.21;0.26
1985;7;21;202;16.1;13.8;11.2;9.5;7.6;5.6;3.3;0;0.15;2.5;2.5;0;493;202;100;80;96519;3.39;3.47;0.21;0.26
1985;7;22;203;19.5;14.5;8.9;11.9;8.7;6.2;1.9;1.5;0.15;2.5;2.5;0;507;145;91;53;96725;2.41;0.89;0.21;0.26
1985;7;23;204;19.9;17;13.3;13.9;11.6;10.4;3.5;-0.2;0.15;2.5;2.5;0;351;137;67;49;96480;2.68;0.84;0.21;0.26
1985;7;24;205;22.8;17.4;10.2;13.1;11;9.4;-0.4;-0.7;0.15;2.5;2.5;0;613;226;122;79;96677;3.29;0;0.21;0.26
1985;7;25;206;25.7;19.8;11.9;14.6;12.2;10.3;-0.8;-0.7;0.15;2.5;2.5;0;694;249;124;88;96325;3.74;0;0.21;0.26
1985;7;26;207;28.2;22.1;14.2;15.4;14;12.5;-1.2;1.1;0.15;2.5;2.5;0;641;232;110;79;95761;3.72;1.17;0.2;0.26
1985;7;27;208;23.3;19.8;15.7;16.7;13.2;9.7;3;0.4;0.15;2.5;2.5;0;578;186;101;62;95665;3.31;0.43;0.2;0.26
1985;7;28;209;26.7;20.4;13;16.5;13;9.6;-0.4;0.6;0.15;2.5;2.5;0;640;228;110;72;95561;3.46;6.16;0.2;0.26
1985;7;29;210;26.8;19.5;14.8;18.9;15.4;11.6;1.2;0.9;0.15;2.5;2.5;0;584;176;80;52;95160;3.2;10.36;0.2;0.25
1985;7;30;211;20.7;17.1;13.9;12.9;10.2;8;2.9;1.7;0.15;2.4;2.5;0;533;173;97;58;95368;3.38;0.72;0.21;0.25
1985;7;31;212;18.5;15.1;12.9;13.2;11.5;9.2;3.1;1.1;0.15;2.4;2.5;0;407;132;64;48;95405;2.43;7.29;0.21;0.25
1985;8;1;213;19.7;15.7;12.3;13.8;12.5;11.6;2;0.6;0.15;2.4;2.5;0;482;142;92;43;95827;2.33;3.25;0.21;0.25
1985;8;2;214;18.3;14.8;11.6;12.5;10;7.1;2.6;-0.1;0.15;2.4;2.5;0;493;169;97;57;96123;2.88;1.2;0.21;0.25
1985;8;3;215;22.5;17.3;11.1;11.6;10.1;7.4;2;1.4;0.15;2.4;2.5;0;649;194;99;65;95865;3.07;0.27;0.21;0.25
1985;8;4;216;17.4;14.7;12.3;11.5;8.8;6.3;2.7;0.4;0.15;2.4;2.5;0;521;152;80;53;95747;2.66;1.11;0.21;0.25
1985;8;5;217;26;18.8;12.8;14.6;10.9;8;2;2.8;0.15;2.4;2.5;0;660;199;101;60;94994;3.44;0.8;0.21;0.25
1985;8;6;218;16.3;13.3;10.9;12.1;11;10.2;1.4;-0.7;0.15;2.4;2.5;0;168;53;58;35;95020;1.53;13.11;0.21;0.25
1985;8;7;219;16.1;12.5;10;10.4;8.3;5.6;2.6;-1.8;0.15;2.4;2.5;0;506;140;80;49;95658;2.52;1.39;0.21;0.25
1985;8;8;220;15.5;12.9;9.3;11.2;9.7;8.2;3.3;-0.1;0.15;2.4;2.5;0;316;90;65;35;95935;1.52;0.82;0.21;0.25
1985;8;9;221;20.6;15.8;10.1;12.2;10.2;8.9;0.7;0;0.15;2.3;2.5;0;481;164;116;65;95824;2.35;0.03;0.21;0.25
1985;8;10;222;24.1;16.3;11.7;16.1;12.2;9.4;1.7;1.4;0.15;2.3;2.5;0;589;174;91;63;95573;2.77;8.14;0.21;0.25
1985;8;11;223;21.1;15.9;9.2;13.1;10.7;8.1;0;1.9;0.15;2.3;2.5;0;541;182;105;76;96127;2.6;0;0.22;0.25
1985;8;12;224;26;20.4;15.2;18;15.5;13.2;0.3;0.5;0.15;2.3;2.5;0;576;199;92;68;96161;3;0.68;0.21;0.25
1985;8;13;225;28.1;21.5;15.1;17.6;15.8;14.2;-1.5;-0.4;0.15;2.3;2.5;0;622;206;109;68;96346;3.43;0.74;0.21;0.25
1985;8;14;226;29.7;23.2;16;19.5;17.1;15.3;-1.1;0.5;0.15;2.3;2.5;0;646;211;109;72;96219;3.38;0.65;0.21;0.25
1985;8;15;227;27.5;22.5;17.6;19.5;18;16.5;-0.8;-0.5;0.14;2.3;2.5;0;612;192;97;62;96241;3.21;8.24;0.21;0.25
1985;8;16;228;25.8;19.6;15.3;17.6;16.3;15;0.1;-0.4;0.14;2.3;2.5;0;627;182;107;63;96152;2.92;7.6;0.21;0.25
1985;8;17;229;18.5;16.1;11.8;15.3;11.9;8.5;2.2;0;0.14;2.3;2.5;0;382;133;96;56;96139;2.52;1.89;0.22;0.25
1985;8;18;230;17.1;13.5;10.1;9.9;8.5;7.1;2.1;-0.5;0.14;2.3;2.5;0;530;161;92;68;96180;2.3;0.44;0.21;0.25
1985;8;19;231;22.8;16.2;9.6;14.7;10.5;7.5;1.5;0.9;0.14;2.3;2.5;0;581;183;104;62;95800;2.66;6.65;0.21;0.25
1985;8;20;232;18.1;15.3;11.5;14.5;11.5;9.3;3.4;-0.4;0.14;2.3;2.5;0;443;123;90;46;96114;2.47;1.56;0.22;0.25
1985;8;21;233;22.5;16.8;9.8;13.9;11.5;8.1;1.9;0.4;0.14;2.3;2.5;0;612;183;94;63;96492;2.63;0;0.22;0.25
1985;8;22;234;25.5;19.6;12.4;15.9;14.2;11.7;0.7;0.4;0.14;2.2;2.5;0;587;193;97;66;96250;2.93;1.1;0.21;0.25
1985;8;23;235;21.4;17.9;14.3;15.2;13;10.6;1.3;-0.2;0.14;2.2;2.5;0;502;150;83;53;96328;2.52;0.42;0.21;0.25
1985;8;24;236;26.5;19.8;13.3;18;14.5;11.1;-0.4;1.3;0.14;2.2;2.5;0;557;179;90;62;95536;2.77;5.45;0.21;0.25
1985;8;25;237;17.5;14.4;11.8;14.9;12.3;10.4;1.7;0.9;0.14;2.2;2.5;0;168;49;41;28;95680;1.77;8.76;0.22;0.25
1985;8;26;238;15.3;12.9;11.1;11.8;10.5;7.7;1.4;-0.3;0.14;2.2;2.5;0;263;76;60;38;95945;1.7;7.06;0.22;0.25
1985;8;27;239;16.3;12.7;9.4;8.8;7.9;7.3;1.1;-2;0.14;2.2;2.5;0;426;112;73;50;96840;1.98;0.7;0.22;0.25
1985;8;28;240;18.2;12.8;6.4;9.6;7;5.4;-0.9;-0.5;0.14;2.2;2.5;0;577;192;117;85;97021;2.44;0;0.22;0.25
1985;8;29;241;19.9;13.8;6.9;11.1;8.3;5.8;-1.1;-0.6;0.14;2.2;2.5;0;630;204;130;88;96855;2.54;0;0.22;0.25
1985;8;30;242;22.3;15.9;8.8;12.4;10.5;7.9;-1.4;0.1;0.14;2.2;2.5;0;589;194;113;81;96683;2.57;0;0.22;0.25
1985;8;31;243;23.7;17.7;10.4;13.2;11.7;9.5;-0.4;1.7;0.14;2.2;2.5;0;612;198;120;80;96297;2.75;0;0.22;0.25
1985;9;1;244;20.6;16.8;13.9;16.3;13.9;12;2;1.2;0.14;2.2;2.5;0;462;113;63;44;95948;2.15;7.41;0.21;0.25
1985;9;2;245;18;13.8;9.6;10.5;7.6;6.2;1.6;0.9;0.14;2.2;2.5;0;475;165;121;81;96186;2.47;0;0.22;0.25
1985;9;3;246;21.4;14.6;11.4;15.6;11.6;8.3;1.4;2.7;0.14;2.2;2.5;0;410;82;76;49;95609;2.03;10.48;0.22;0.25
1985;9;4;247;15.4;12.5;10.2;11.6;10.1;9.1;4;0.5;0.14;2.2;2.5;0;303;95;62;37;96221;2.26;5.04;0.23;0.25
1985;9;5;248;13.3;12;10.1;12.6;10.8;9.1;2.1;1.8;0.14;2.2;2.5;0;175;33;39;16;96182;1.06;8.03;0.23;0.25
1985;9;6;249;12.7;10.4;6.9;11.6;4.6;1.8;4.7;-1.3;0.14;2.2;2.5;0;475;149;93;67;96250;2.61;1.29;0.23;0.25
1985;9;7;250;11;8.4;5.4;3.3;2.5;1.9;4.5;-0.3;0.14;2.2;2.5;0;363;112;79;54;96570;1.78;0.87;0.23;0.25
1985;9;8;251;9.9;8.8;7.2;8.8;6.9;3.5;3.5;0.1;0.14;2.2;2.5;0;128;31;41;16;96113;1.34;5.87;0.23;0.25
1985;9;9;252;11.9;9.5;7.6;8.8;6.3;3.5;2.1;-1.5;0.14;2.2;2.5;0;389;89;87;38;96152;1.68;1.81;0.24;0.25
1985;9;10;253;14.4;9.9;5;6.5;5.2;3.6;1.6;-0.5;0.14;2.2;2.5;0;445;148;110;65;96829;1.66;0;0.24;0.25
1985;9;11;254;18.8;12.8;6.7;10.4;8;4.6;1.3;-0.7;0.14;2.2;2.5;0;540;161;102;71;96896;1.93;0;0.23;0.25
1985;9;12;255;18.7;12.7;6.3;9.9;8.2;6.1;-0.9;-0.8;0.14;2.1;2.5;0;570;166;122;80;96827;1.96;0;0.23;0.25
1985;9;13;256;20.6;14.3;6.5;11.4;8.6;5.4;-0.6;0.9;0.14;2.1;2.5;0;563;173;119;81;96362;2.11;0;0.23;0.25
1985;9;14;257;18.9;14.6;10.7;13;11.5;9.2;0.4;-0.8;0.14;2.1;2.5;0;343;86;58;35;96298;1.1;0.08;0.23;0.25
1985;9;15;258;15.4;11.6;9.1;11.6;9.9;8.4;2.1;0.5;0.14;2.1;2.5;0;324;53;58;26;95994;1.12;3.87;0.23;0.25
1985;9;16;259;14.5;11.2;8.7;8.8;6.7;4.6;2.5;0.6;0.14;2.1;2.5;0;305;90;68;40;96458;1.62;0.37;0.23;0.25
1985;9;17;260;15.2;12.5;9.3;13.1;8.9;4.3;4.3;1.3;0.14;2.1;2.5;0;132;31;61;16;96548;0.61;0.22;0.23;0.25
1985;9;18;261;19.4;15.6;12.1;14.1;12.9;10.5;0.7;-0.2;0.14;2.1;2.5;0;266;78;85;33;96925;1.17;1.1;0.23;0.25
1985;9;19;262;23.5;16.5;8.7;15.9;12.9;8.3;0.2;1.7;0.14;2.1;2.5;0;527;153;105;70;96417;1.77;0;0.23;0.25
1985;9;20;263;24.1;18.1;12.1;15.6;13;10;1.4;0.4;0.14;2.1;2.5;0;508;147;107;67;96315;1.95;0.2;0.22;0.25
1985;9;21;264;23.9;18.4;12.5;14.8;13;11.5;2;1.3;0.13;2;2.5;0;464;127;83;58;96186;1.89;0.02;0.22;0.25
1985;9;22;265;23.2;19;15.5;14.3;13;12.2;3.3;0.7;0.13;2;2.5;0;476;128;93;67;96096;1.91;0;0.22;0.25
1985;9;23;266;18.7;16.3;13.3;14.8;14.1;12.7;0.9;-0.1;0.13;2;2.5;0;197;56;48;30;96359;0.87;1.26;0.22;0.24
1985;9;24;267;19;15;11.4;14;11.8;9.3;1.5;-0.7;0.13;2;2.5;0;433;103;99;52;96274;1.44;0.39;0.22;0.24
1985;9;25;268;18.7;14;9.9;11;9.7;8.6;0.9;-0.9;0.13;2;2.5;0;428;129;106;72;96441;1.43;0;0.22;0.24
1985;9;26;269;16.6;12.1;7.9;9;7.8;7.3;-0.9;-1.2;0.13;2;2.5;0;372;109;85;67;97046;1.25;0.01;0.22;0.24
1985;9;27;270;18.9;12.7;6.9;10.8;8.3;6.3;-0.6;-0.4;0.13;1.9;2.5;0;499;139;119;76;97092;1.48;0;0.21;0.24
1985;9;28;271;19.3;13.6;7.6;10.8;8.8;5.9;0.6;-1.5;0.13;1.9;2.5;0;465;124;100;68;96813;1.33;0;0.21;0.24
1985;9;29;272;17.2;11.7;7.3;9.7;6.2;4.7;0.2;-1.4;0.13;1.9;2.5;0;502;141;122;81;96998;1.51;0;0.21;0.24
1985;9;30;273;19;12.2;5.4;8.6;6.2;3.7;-1;0.7;0.13;1.9;2.5;0;491;140;121;79;97098;1.49;0;0.21;0.24
1985;10;1;274;20.7;13.9;6.7;11.3;8.7;5.5;-0.8;1.4;0.13;1.9;2.5;0;492;139;122;81;96826;1.39;0;0.21;0.24
1985;10;2;275;20.8;15.5;10.7;15.4;12.9;10.1;0.5;1.5;0.13;1.9;2.5;0;390;101;73;53;96643;0.98;1.49;0.21;0.24
1985;10;3;276;24.3;17.8;12.2;14.9;12.9;11.3;-0.2;2.3;0.13;1.8;2.5;0;463;131;107;74;96388;1.62;0;0.21;0.24
1985;10;4;277;25.2;18.4;12.1;14.3;13;11.3;-0.2;1.9;0.13;1.8;2.5;0;460;129;109;76;96130;1.57;0;0.21;0.24
1985;10;5;278;22.8;17.5;13.9;14.4;13.6;12.4;0.2;-0.9;0.13;1.8;2.5;0;432;116;101;60;96063;1.33;3.97;0.21;0.24
1985;10;6;279;17.9;14.7;12.8;14.7;13.8;12.8;0.4;-0.7;0.13;1.8;2.5;0;223;58;66;28;96360;0.99;6.72;0.21;0.24
1985;10;7;280;18.4;14.9;12.2;12.8;12.3;11.9;0.1;1.2;0.13;1.8;2.5;0;290;67;69;29;96595;0.99;0.04;0.21;0.24
1985;10;8;281;16;11.9;7.4;12.2;8.5;4.3;2.3;1.3;0.13;1.8;2.5;0;295;69;92;63;96038;1.12;1.25;0.21;0.24
1985;10;9;282;12.5;9.2;6.1;5.4;3.3;1.7;1.5;1.8;0.13;1.7;2.5;0;312;74;80;53;96053;0.94;0.17;0.21;0.24
1985;10;10;283;12.1;10.1;8.5;9.2;7.3;4.3;3.3;0.5;0.13;1.7;2.5;0;284;64;63;35;96648;1.22;1.95;0.21;0.24
1985;10;11;284;16;11.4;7.1;9.6;8.3;6.8;2.4;0.7;0.13;1.7;2.5;0;351;86;86;55;97243;0.84;0;0.21;0.24
1985;10;12;285;13.4;11.1;7.2;11.6;6.9;3.5;1.9;-1.7;0.13;1.7;2.5;0;396;82;118;56;97287;1.07;0.47;0.21;0.24
1985;10;13;286;9.5;6.9;5;3.3;2.2;1.5;1;-2.1;0.13;1.7;2.5;0;327;88;90;61;97693;0.86;0;0.21;0.24
1985;10;14;287;10.2;7.5;4.3;7.5;5.4;3;2.3;-0.8;0.13;1.7;2.5;0;99;18;50;15;97487;0.45;0.81;0.21;0.24
1985;10;15;288;11.8;9.6;6.3;9.2;7.4;4.4;0.9;-2.2;0.13;1.7;2.5;0;146;30;74;29;97157;0.57;0.67;0.21;0.24
1985;10;16;289;10.6;6.5;2.4;4.4;3.7;2.1;-0.1;-1.3;0.13;1.6;2.5;0;354;90;110;62;97348;0.66;0.01;0.21;0.24
1985;10;17;290;10;7.9;5.4;7.1;6;4;0.6;-0.1;0.13;1.6;2.5;0;146;30;26;12;97215;0.28;0.31;0.21;0.24
1985;10;18;291;10.2;8.5;6.8;7.2;5.5;4.3;1.1;-0.2;0.13;1.6;2.5;0;214;53;46;25;96752;0.59;0.31;0.21;0.24
1985;10;19;292;9.1;7.2;4.9;6.6;4.6;2.5;0;-1.5;0.12;1.6;2.5;0;151;35;82;36;96666;0.55;0.61;0.21;0.24
1985;10;20;293;9.1;5.7;3.6;2.6;1.7;1;-2;0;0.12;1.6;2.5;0;369;94;116;70;97096;0.7;0.02;0.21;0.24
1985;10;21;294;10.9;5.8;2.1;2.4;1.6;0.7;-2.5;-0.3;0.12;1.6;2.5;0;403;104;116;87;97120;0.75;0;0.21;0.24
1985;10;22;295;8.2;5.3;0.4;4.9;2.8;-0.2;-2.5;-1;0.12;1.6;2.5;0;231;60;78;40;97154;0.46;0.06;0.21;0.24
1985;10;23;296;9.3;6;2.9;3.8;1;-1.3;-3.4;-0.7;0.12;1.6;2.5;0;379;92;118;74;97771;0.75;0;0.21;0.24
1985;10;24;297;7.6;3.9;1;1.5;-0.2;-1.5;-3.5;-0.5;0.12;1.6;2.5;0;388;97;110;86;97531;0.64;0;0.21;0.24
1985;10;25;298;10.5;5.6;1.7;1.4;0.5;-0.6;-3.5;-0.2;0.12;1.6;2.5;0;385;96;110;85;97293;0.74;0;0.2;0.24
1985;10;26;299;11;5.4;0.9;3;1.5;0.2;-2.2;0.1;0.12;1.6;2.5;0;380;95;116;87;97103;0.61;0;0.2;0.24
1985;10;27;300;7.7;2.3;-1.7;3.6;0.8;-1.8;-0.2;-0.2;0.12;1.6;2.5;0;330;71;114;62;96824;0.35;0;0.2;0.24
1985;10;28;301;3.3;0.5;-1.4;1.1;-0.2;-1.8;0.4;-0.6;0.12;1.6;2.5;0;220;49;62;35;96701;0.19;0.07;0.2;0.24
1985;10;29;302;5.4;0.5;-2.8;-1.3;-2.2;-3.2;-2.2;-0.9;0.12;1.6;2.5;0;360;83;114;68;96534;0.45;0;0.2;0.24
1985;10;30;303;5.8;1.1;-1.5;0.1;-1.6;-2.9;-1.5;0.3;0.12;1.6;2.5;0;344;79;106;70;96083;0.38;0;0.2;0.24
1985;10;31;304;7.3;2.1;-2;1.5;-0.4;-2.8;0.9;0.9;0.12;1.6;2.5;0;347;81;99;61;95454;0.39;0;0.2;0.24
1985;11;1;305;7.5;3.7;0.2;4.3;2.3;-0.5;0.8;1.3;0.12;1.6;2.5;0;195;44;54;29;95250;0.2;0.83;0.2;0.24
1985;11;2;306;5.2;3.3;1.9;3.1;2.3;1.5;3.6;1.8;0.12;1.6;2.5;0;185;37;61;21;94652;1.11;6.85;0.2;0.24
1985;11;3;307;3.9;0.6;-2.2;1.1;-2.2;-4.3;1.3;0.3;0.12;1.6;2.5;0.05;230;56;93;54;95208;0.6;0.1;0.21;0.24
1985;11;4;308;6.4;1.3;-2.4;1.4;-0.9;-4.2;-1.4;1.7;0.12;1.6;2.5;0.06;328;73;105;70;95469;0.25;0;0.21;0.24
1985;11;5;309;9.6;5.9;1.4;8;3.6;-0.1;0.2;3.6;0.12;1.6;2.5;0.02;110;19;56;14;94076;1.25;18.75;0.21;0.24
1985;11;6;310;6.6;3.2;1.4;4.3;0.2;-3;4.6;0.7;0.12;1.6;2.5;0.19;293;66;93;65;94431;1.36;3.55;0.22;0.24
1985;11;7;311;5.9;4.2;1.7;4.6;2;-1.4;4.3;1.8;0.12;1.6;2.5;0.29;119;23;50;19;95053;0.89;4.34;0.23;0.24
1985;11;8;312;8.5;6.1;4.4;6.1;4.8;4.1;0.7;2;0.12;1.5;2.5;0.13;184;33;43;15;95495;0.74;3.25;0.23;0.24
1985;11;9;313;13.8;10.9;7.2;11.1;9.3;6.5;1.4;3.6;0.11;1.5;2.5;0;139;30;45;17;95073;1.38;12.33;0.24;0.24
1985;11;10;314;12;8.6;1.3;9.7;5.8;0.4;4.7;2.2;0.11;1.5;2.5;0.01;149;32;65;37;94713;1.79;7.31;0.24;0.24
1985;11;11;315;1.7;0.1;-1.3;-0.8;-4.1;-5.9;4.5;0.9;0.12;1.5;2.5;0.85;222;46;82;58;95439;0.75;0.89;0.25;0.24
1985;11;12;316;2.2;0.2;-1.2;-2;-3.6;-5.2;1.9;0.7;0.14;1.5;2.5;1.68;243;53;79;46;95447;0.38;0.83;0.25;0.24
1985;11;13;317;0.9;-0.5;-1.5;-2.7;-3.7;-4.9;-0.9;-1.8;0.15;1.5;2.5;2.92;123;26;36;25;95843;0.23;3.88;0.25;0.24
1985;11;14;318;1.5;-0.7;-2.6;-2.1;-2.8;-3.8;0.8;-1.4;0.24;1.5;2.5;7.67;122;28;53;26;96771;0.25;2.85;0.24;0.24
1985;11;15;319;1.5;-0.7;-3;-2.4;-3.4;-5.2;0;0.1;0.24;1.5;2.5;8.17;161;36;64;36;97392;0.24;0.21;0.24;0.24
1985;11;16;320;0.1;-3.5;-6.3;-4.7;-6.2;-8;-2;-0.1;0.24;1.5;2.5;7.96;204;47;85;56;97259;0.22;0;0.24;0.24
1985;11;17;321;-1;-3.8;-6.6;-6;-7;-8.2;-2.6;-0.3;0.23;1.5;2.5;7.79;190;41;76;47;97461;0.27;0;0.24;0.24
1985;11;18;322;-3.6;-5.3;-6.7;-8.4;-9.4;-10.5;-4.7;-1.7;0.23;1.5;2.5;7.59;159;34;75;48;97249;0.34;0.18;0.24;0.24
1985;11;19;323;-3.2;-4.9;-6.8;-6.1;-7.9;-10.3;-4;-1.5;0.23;1.5;2.5;7.71;147;30;42;26;96274;0.21;0.36;0.24;0.24
1985;11;20;324;1.4;-0.9;-3.9;-1.4;-3;-5.9;-3.4;-1.3;0.23;1.6;2.5;7.76;127;25;37;17;95632;0.21;0.45;0.24;0.24
1985;11;21;325;0;-0.8;-2.3;-1.2;-2.3;-3.6;-1.7;-1.4;0.27;1.6;2.5;10.01;69;14;21;12;95505;0.15;3.79;0.24;0.24
1985;11;22;326;-0.6;-2.2;-3.9;-3.3;-3.8;-5.4;0.2;0.9;0.32;1.6;2.5;12.68;102;22;31;18;95944;0.15;2.42;0.24;0.24
1985;11;23;327;-0.7;-3.1;-4.8;-3.3;-5.2;-6.2;-0.2;0;0.34;1.6;2.5;13.78;135;27;58;21;96336;0.17;0.22;0.24;0.24
1985;11;24;328;1.2;-1.9;-5.2;-0.7;-3.1;-6.3;-1.1;-1.7;0.34;1.6;2.5;13.95;95;20;31;14;96036;0.16;0.86;0.24;0.24
1985;11;25;329;-0.5;-2.5;-4.7;-3.5;-4.4;-6.5;-0.7;-1.7;0.34;1.6;2.5;14.2;91;18;49;23;95513;0.18;0.42;0.24;0.24
1985;11;26;330;-3.1;-4.4;-5.9;-6.7;-7.9;-8.9;-0.2;-0.1;0.34;1.6;2.5;14.27;118;25;41;26;95151;0.21;0.08;0.24;0.24
1985;11;27;331;-3.7;-6.1;-10.3;-7.1;-9;-11.7;1.2;1.8;0.34;1.6;2.5;14.18;158;34;59;41;95042;0.29;0;0.24;0.24
1985;11;28;332;-0.4;-3.4;-6.2;-2.3;-5.6;-9.4;2;2;0.35;1.6;2.5;15.96;59;14;71;40;95058;0.16;3.92;0.24;0.24
1985;11;29;333;-1;-4.5;-9;-4.6;-6.5;-9.7;1.8;1.6;0.36;1.6;2.5;17.94;131;28;95;46;95985;0.07;0.47;0.24;0.24
1985;11;30;334;1.2;-1;-8;1.2;-1.4;-8.7;0.3;1.1;0.37;1.6;2.5;23.37;54;8;13;0;96055;0;12.05;0.24;0.24
1985;12;1;335;2.6;1.9;1.3;2.4;1.7;1.3;0.2;1.4;0.37;1.6;2.5;25.88;33;8;30;4;96734;-0.26;0.37;0.24;0.24
1985;12;2;336;5.7;3.3;1.4;4.3;2.2;0.3;1.6;1.6;0.36;1.6;2.5;20.94;111;25;54;42;96812;-0.44;0.01;0.25;0.24
1985;12;3;337;8.7;4.8;1.9;5.6;2.9;0.4;1.4;1.9;0.33;1.7;2.5;14.91;164;34;71;50;96599;-0.42;0;0.25;0.24
1985;12;4;338;10.3;7.1;4.6;8;5.2;2.1;1;2;0.22;1.7;2.5;7.42;142;29;75;36;96455;-0.18;0.27;0.26;0.24
1985;12;5;339;10;4.4;1;3.8;1.3;-1;-0.2;2.2;0.17;1.7;2.5;4.51;219;45;93;63;95721;0.17;0;0.27;0.24
1985;12;6;340;8.3;5.3;1.6;5.5;2;-1;4.3;2;0.15;1.7;2.5;2.76;154;23;78;37;95566;0.81;2.52;0.27;0.24
1985;12;7;341;7.5;5.8;3.3;5.8;3.6;1.5;2.7;2.5;0.12;1.7;2.5;1.18;101;16;40;16;95582;0.68;2.52;0.27;0.24
1985;12;8;342;6.8;5.9;3.4;6.2;5.4;2.7;0.4;1.5;0.11;1.7;2.5;0.42;44;8;42;13;95756;0.02;4.26;0.27;0.24
1985;12;9;343;5.9;2.4;0.4;3.9;1.7;0.1;-0.6;1.2;0.11;1.7;2.5;0.3;160;32;79;50;95783;0.07;0.03;0.27;0.24
1985;12;10;344;4.3;2.6;0.8;4;2.3;0.5;2.1;0.1;0.11;1.7;2.5;0.25;94;18;40;13;96042;0.26;1.86;0.27;0.24
1985;12;11;345;2.1;1.1;0.2;0.9;0.1;-0.8;1.4;-1.3;0.12;1.7;2.5;0.68;74;15;38;15;96680;0.42;2.01;0.27;0.24
1985;12;12;346;2.1;0.1;-1.9;-1;-1.5;-2.6;0.2;-1.7;0.13;1.7;2.5;1.46;96;18;53;30;97392;0.25;0.48;0.27;0.24
1985;12;13;347;1.9;-0.4;-2.2;-1.2;-2;-2.9;0.8;0.8;0.13;1.7;2.5;1.54;218;42;94;47;97293;0.17;2.06;0.27;0.24
1985;12;14;348;2.6;0.7;-0.5;2.5;0.3;-2.2;2.3;0.8;0.18;1.7;2.5;4.7;27;5;8;2;96938;-0.03;2.39;0.27;0.24
1985;12;15;349;5.8;4.6;2.7;5.8;4.5;2.6;3.5;0.5;0.16;1.7;2.5;3.23;32;6;6;1;96804;-0.18;1.47;0.27;0.24
1985;12;16;350;6.9;6.2;4.5;6.8;6;4.2;4.3;0.4;0.13;1.7;2.5;1.32;23;4;6;1;96560;-0.05;2.84;0.28;0.25
1985;12;17;351;4.4;3.8;3.2;4.2;3.6;3;4.7;0.4;0.11;1.7;2.5;0.51;22;4;6;2;96190;0.21;3.89;0.28;0.25
1985;12;18;352;4.2;3.2;2.2;4.1;3.1;2.1;3.3;1;0.11;1.7;2.5;0.27;40;7;6;2;96058;0.24;5.95;0.28;0.25
1985;12;19;353;4.3;2.4;0.6;4.1;1.4;-0.5;4.9;0;0.11;1.7;2.5;0.3;140;24;53;28;96092;1.03;4.82;0.29;0.25
1985;12;20;354;3.4;2.2;0.4;3.2;1.6;-0.7;4.2;0.7;0.11;1.6;2.5;0.72;68;10;39;11;96246;0.45;8.51;0.29;0.25
1985;12;21;355;4;2.3;0.2;2.7;-0.5;-4.5;2.2;1.5;0.11;1.6;2.5;0.52;149;29;84;41;96442;0.49;1.14;0.29;0.25
1985;12;22;356;5.2;0.9;-1.3;-2.5;-4.8;-6.2;-0.5;2;0.11;1.6;2.5;0.45;221;44;101;76;96227;0.19;0;0.29;0.25
1985;12;23;357;4.5;0.9;-2.3;0;-3.2;-6.8;0.1;1.1;0.11;1.6;2.5;0.41;197;40;84;56;95937;0.02;0;0.29;0.25
1985;12;24;358;3;0;-1.4;0.1;-1.4;-2.4;-0.6;1.8;0.11;1.6;2.5;0.37;186;37;92;54;95677;0;0;0.29;0.25
1985;12;25;359;2.1;1;-0.9;1.3;-1.6;-3.7;-0.1;2.7;0.11;1.6;2.5;0.36;54;11;42;6;94955;0.37;3.76;0.28;0.25
1985;12;26;360;5.6;3.4;1.5;3.3;2.1;0.9;2;2.3;0.11;1.5;2.5;0.28;149;31;56;30;94543;0.52;3;0.29;0.25
1985;12;27;361;4.7;2.9;1.6;2.3;1.3;0.3;2.9;2.2;0.11;1.5;2.5;0.31;124;28;72;39;94741;0.75;3.99;0.29;0.25
1985;12;28;362;1.2;0.2;-0.6;0.7;-0.4;-1.1;-1.2;0.2;0.16;1.5;2.5;3.72;38;8;34;14;94507;0.22;14.26;0.29;0.25
1985;12;29;363;0.1;-2.5;-7.4;-0.1;-3.7;-9.1;2.6;0.3;0.36;1.5;2.5;16.09;65;13;50;21;94389;0.23;4.42;0.29;0.26
1985;12;30;364;-4.2;-8.4;-15.9;-7.5;-10.3;-17.6;-0.2;-0.5;0.37;1.5;2.5;17.27;122;26;77;50;95751;0.08;0.1;0.28;0.26
1985;12;31;365;-8.4;-14.6;-21.4;-10.3;-16.4;-23.6;-1.5;-0.6;0.36;1.4;2.5;17.2;155;31;83;47;95273;0.02;0;0.28;0.26
1986;1;1;1;-5.2;-10.4;-15.1;-8;-12.4;-16.7;-0.4;0.7;0.36;1.4;2.5;17.18;105;20;70;32;94727;0.07;0.1;0.28;0.26
1986;1;2;2;0.7;-3.3;-10.3;-1.2;-5.3;-12.5;-0.3;2.6;0.37;1.4;2.5;18.36;71;14;56;22;94056;0.16;2.34;0.28;0.26
1986;1;3;3;3.1;0.4;-1;-0.4;-1.5;-3.3;0.5;2.4;0.36;1.4;2.5;18.96;143;28;84;55;94338;0.02;0.54;0.28;0.26
1986;1;4;4;-0.7;-2.7;-4.7;-1.2;-4.7;-6.7;2.8;0.3;0.37;1.4;2.5;21.39;132;25;69;41;95120;0.2;4.6;0.28;0.26
1986;1;5;5;-0.9;-3.5;-5;-4.8;-6.9;-8.6;0.4;2.4;0.37;1.4;2.5;23.26;163;33;88;52;94868;0.34;0.14;0.27;0.26
1986;1;6;6;1.3;-1.8;-5;-1.1;-3.6;-8.7;1.1;1.7;0.37;1.3;2.5;23.22;128;25;59;30;94633;0.1;0.8;0.27;0.26
1986;1;7;7;-0.8;-3.1;-6.9;-1.3;-4.1;-7.7;1.7;0.1;0.36;1.3;2.5;24.55;114;22;76;29;95409;0.11;1.69;0.27;0.26
1986;1;8;8;-3.2;-6.2;-11.3;-6.7;-8.1;-12.3;-1.9;-0.2;0.36;1.3;2.5;25.09;150;31;67;32;95571;0.22;0.15;0.27;0.26
1986;1;9;9;-3.2;-6.4;-13.2;-6.5;-8.3;-14.7;-1.6;-0.9;0.36;1.3;2.5;25.34;145;29;64;42;96238;0.12;0.34;0.27;0.26
1986;1;10;10;-0.9;-9.5;-18.5;-1.6;-11.4;-20.3;-0.2;1.2;0.36;1.3;2.5;25.57;145;30;75;29;96908;0.1;3.41;0.27;0.26
1986;1;11;11;2.7;1.6;0;2.4;1.2;-0.5;3;0.9;0.37;1.2;2.5;28.37;50;10;23;5;95651;-0.21;6.87;0.27;0.26
1986;1;12;12;1.2;0.4;0;0;-0.8;-1.4;4.2;0.9;0.37;1.2;2.5;31.48;122;23;67;25;95458;0.23;6.22;0.27;0.26
1986;1;13;13;4;1.5;0;3.7;0.8;-1.1;4.5;1;0.37;1.2;2.5;37.16;43;8;13;5;95339;-0.1;13.09;0.27;0.26
1986;1;14;14;5.1;3.3;0.8;3.9;2.1;0.2;5.7;1.3;0.37;1.2;2.5;30.3;67;10;29;10;94483;-0.43;13.47;0.29;0.26
1986;1;15;15;1.1;0.4;-1.3;0.1;-0.9;-2.6;5.5;0.2;0.37;1.2;2.5;32.42;61;12;56;24;94129;0.24;8.62;0.3;0.26
1986;1;16;16;0.3;-1.5;-3;-1.5;-3.1;-4.8;3.2;-0.9;0.37;1.2;2.5;37.1;126;23;74;36;95205;0.26;4.26;0.3;0.26
1986;1;17;17;-1.3;-3.8;-6.9;-3.6;-5.8;-8.2;3.2;-1.2;0.38;1.2;2.5;41.53;133;24;88;44;95933;0.22;3.98;0.3;0.27
1986;1;18;18;3.1;-3;-8.8;2.9;-4.4;-10.6;3.3;1.9;0.38;1.2;2.5;45.81;90;14;59;16;96048;-0.03;11.61;0.29;0.27
1986;1;19;19;7.2;5.2;3.5;5;4.4;3.3;5.5;2.2;0.37;1.2;2.5;42.88;40;5;11;1;95157;-0.85;15.53;0.31;0.27
1986;1;20;20;4.6;1.4;0.4;2;-0.8;-2.4;5.5;0.3;0.35;1.1;2.5;31.01;163;33;83;50;95814;0.38;2.14;0.33;0.27
1986;1;21;21;3;0.7;-1;-0.8;-1.6;-2.2;2.1;2.4;0.34;1.1;2.5;30.13;186;40;80;56;95954;0.37;0.01;0.32;0.27
1986;1;22;22;3.1;1.2;0.1;1.8;-0.7;-2.5;2.3;2.6;0.33;1.1;2.5;29.79;138;25;83;44;95303;0.15;3.3;0.31;0.28
1986;1;23;23;4.7;2.7;0.7;3.9;1.1;-3.3;2.2;3.6;0.34;1.1;2.5;30.73;43;8;44;9;93695;-0.14;25.01;0.32;0.28
1986;1;24;24;3.3;0.5;-2.4;3.1;-0.4;-4.1;3.4;0.4;0.35;1.1;2.5;30.61;141;24;69;27;93524;0.14;13.79;0.34;0.28
1986;1;25;25;0.3;-1.9;-3.6;-3.5;-4.6;-6;3.9;-1;0.37;1.1;2.5;34.4;197;38;80;47;95133;0.5;3.31;0.33;0.29
1986;1;26;26;-1.8;-4.3;-8;-4.8;-7.3;-11.2;2.2;-1.2;0.37;1.1;2.4;36.02;173;36;87;54;96092;0.32;0.45;0.32;0.29
1986;1;27;27;-3.7;-7.1;-11.1;-8.5;-10.3;-12.9;2;1.1;0.37;1.1;2.4;36;132;29;68;35;95879;0.26;0.03;0.31;0.29
1986;1;28;28;-0.9;-4.6;-8.3;-4.1;-7.9;-11.4;0.2;2.6;0.37;1.1;2.4;36.22;116;24;67;37;95670;0.24;0.89;0.3;0.3
1986;1;29;29;0.5;-4.2;-8.9;-5.3;-8.2;-12.1;-2.9;0.7;0.37;1.1;2.4;36.46;221;49;98;70;95000;0.37;0;0.3;0.3
1986;1;30;30;2.8;-1.1;-4.6;-2.5;-5.4;-9.1;-4.3;0.1;0.37;1.1;2.4;36.01;196;44;90;65;94553;0.59;0;0.29;0.3
1986;1;31;31;2.6;0.9;-0.6;-1;-2;-3.4;-5.6;0.1;0.36;1.1;2.4;35.27;175;37;60;49;94439;0.5;0.01;0.29;0.3
1986;2;1;32;4.2;2.6;-0.1;0.3;-0.5;-1.5;-5;0.5;0.34;1.1;2.4;32.33;139;32;76;54;94034;0.33;0.03;0.29;0.3
1986;2;2;33;3.3;1;-0.4;-0.6;-1.3;-1.9;-3.5;-0.2;0.32;1.1;2.4;29.79;197;44;78;48;94758;0.36;0.02;0.29;0.3
1986;2;3;34;1.3;-0.3;-2.1;-1;-3.9;-6.3;-4.5;0;0.31;1.1;2.4;28.88;173;40;65;37;95384;0.8;0.04;0.29;0.3
1986;2;4;35;-0.6;-2.3;-3.5;-6.3;-6.9;-7.9;-4.1;-0.1;0.31;1.1;2.4;28.31;164;38;63;43;95670;0.67;0.03;0.28;0.3
1986;2;5;36;-1.5;-3.8;-5.2;-8;-8.8;-10;-3;0.1;0.3;1.1;2.4;27.93;201;46;66;50;95208;0.56;0.2;0.28;0.3
1986;2;6;37;-2.6;-6;-10.5;-9.3;-10.8;-13.5;-2.2;-0.4;0.31;1.1;2.4;27.78;233;51;87;51;95491;0.41;0.38;0.28;0.3
1986;2;7;38;-5.9;-9.7;-14.9;-12.1;-15;-19.2;-1.8;-1.7;0.31;1.1;2.4;27.62;252;56;116;68;95741;0.37;0.02;0.28;0.3
1986;2;8;39;-7.6;-10.7;-14.6;-15;-17.8;-20.9;-0.4;-1.2;0.3;1.1;2.4;27.48;205;49;83;50;95292;0.28;0.6;0.27;0.3
1986;2;9;40;-9.9;-12.5;-15.7;-15;-17.8;-20.4;-1.2;-2.1;0.32;1.1;2.4;28.34;198;45;57;35;95570;0.31;3.62;0.27;0.3
1986;2;10;41;-5.1;-8.1;-11.1;-7.7;-10.9;-14.5;-0.7;-1.7;0.37;1.1;2.4;34.6;95;23;22;11;96040;0.21;5.33;0.27;0.3
1986;2;11;42;-3;-7.3;-12.2;-8;-10.7;-15.2;-1.6;-2.2;0.37;1.1;2.4;36.05;280;65;106;61;96767;0.31;0.04;0.27;0.3
1986;2;12;43;-1.6;-9.9;-16.8;-10.5;-15;-20.2;-1.9;-1.7;0.37;1.1;2.4;35.74;286;70;114;80;97149;0.34;0;0.27;0.3
1986;2;13;44;-3.1;-9.1;-14.9;-8.2;-12.5;-17.9;-2.2;-1.1;0.37;1.1;2.4;35.44;272;66;99;62;96497;0.19;0;0.26;0.3
1986;2;14;45;-2.1;-6.3;-10.8;-6.5;-9.1;-12.4;-3.5;-0.3;0.37;1.1;2.4;35.22;252;61;87;65;95720;0.18;0;0.26;0.3
1986;2;15;46;-0.6;-4.5;-7.5;-6;-7.6;-9.6;-3.5;-0.1;0.36;1.1;2.4;34.95;273;64;88;70;95415;0.28;0;0.26;0.3
1986;2;16;47;-0.1;-3.4;-6.6;-4.1;-6.1;-8.4;-2.8;0;0.36;1.1;2.4;34.66;225;51;63;44;95220;0.32;0.02;0.26;0.3
1986;2;17;48;-3;-5.6;-7.9;-5.7;-8.2;-10;-3.4;-1.3;0.36;1.1;2.4;34.39;267;62;80;44;94492;0.35;0;0.26;0.3
1986;2;18;49;-1.2;-4.9;-8.4;-4.6;-7.3;-10.3;-1.5;-0.9;0.36;1.1;2.4;34.77;187;41;38;20;94227;0.25;2.06;0.25;0.3
1986;2;19;50;-2.2;-5.2;-10.3;-5.6;-7.2;-11.9;0.6;-1.2;0.37;1.1;2.4;39.52;157;34;66;23;94696;0.23;4.56;0.25;0.3
1986;2;20;51;-8.1;-10.8;-13.8;-11.7;-13.4;-15.3;1.7;-0.3;0.37;1.1;2.4;40.32;218;50;48;29;95451;0.2;0.16;0.25;0.3
1986;2;21;52;-5.6;-10.4;-15.1;-11.5;-13.6;-16.7;-0.9;-0.4;0.37;1.1;2.4;40.27;293;74;94;55;95245;0.24;0.07;0.25;0.3
1986;2;22;53;-5.3;-12;-21.3;-9.9;-15;-23.7;0.1;0;0.37;1.1;2.4;40.07;323;79;109;59;95421;0.16;0.11;0.25;0.3
1986;2;23;54;-5.3;-9.7;-13.9;-10.8;-12.7;-16.4;-1.6;-1.1;0.37;1.1;2.5;40.61;223;53;76;37;95380;0.28;1.04;0.24;0.3
1986;2;24;55;-5.5;-12;-16.1;-11.6;-15.6;-18.3;-1.4;-1.4;0.37;1.2;2.5;40.73;332;83;117;75;95635;0.18;0;0.24;0.29
1986;2;25;56;-5.7;-12;-18.5;-12;-15.6;-20.5;-2.5;-1.3;0.37;1.2;2.5;40.49;304;74;84;61;96313;0.22;0.01;0.24;0.29
1986;2;26;57;-7.1;-12.3;-16.6;-13.5;-16.2;-19.4;-2.9;-0.9;0.37;1.2;2.5;40.21;349;92;112;88;97168;0.19;0;0.24;0.29
1986;2;27;58;-4.2;-10.5;-15.3;-12.7;-15.7;-18.3;-3.2;-0.3;0.36;1.2;2.5;39.89;358;95;122;94;97185;0.36;0;0.24;0.29
1986;2;28;59;-4;-8.4;-11.8;-11.2;-13.9;-16;-4.2;-0.5;0.36;1.2;2.5;39.41;303;80;93;66;96736;0.59;0;0.24;0.29
1986;3;1;60;-1.7;-6.5;-9.6;-7.1;-10.4;-13.5;-4;0.1;0.36;1.2;2.5;38.84;256;73;83;51;95764;0.45;0;0.24;0.29
1986;3;2;61;-1;-5.3;-9.7;-5.6;-8;-11.6;-2.1;-1.3;0.36;1.2;2.5;38.46;288;75;71;41;95360;0.34;0.04;0.23;0.29
1986;3;3;62;0.5;-2.9;-5.6;-2.8;-5.2;-7;-1.6;-0.1;0.36;1.2;2.5;38.42;241;54;52;25;95646;0.29;0.65;0.23;0.29
1986;3;4;63;0.5;-1.5;-3.7;-3;-3.8;-4.5;2.4;1.3;0.36;1.2;2.5;38.8;169;43;33;19;95573;0.38;0.61;0.23;0.29
1986;3;5;64;3.2;1.7;-1.1;2.3;0.6;-3.3;2.1;2;0.36;1.2;2.5;38.92;55;14;10;3;95314;-0.17;3.5;0.23;0.29
1986;3;6;65;7.6;3.6;1.5;4.5;2.5;0.9;0.6;1.4;0.34;1.3;2.5;31.47;240;50;54;18;95251;-0.32;1.88;0.24;0.29
1986;3;7;66;5;2.2;-2;2.4;-0.1;-3.5;1.2;-1.1;0.3;1.3;2.5;23.57;216;51;66;25;96114;0.2;0.85;0.25;0.29
1986;3;8;67;3.8;0.8;-2.8;0.3;-1.5;-3.5;-2.8;-1.4;0.29;1.3;2.5;20.91;151;45;34;21;96478;0.36;1.47;0.25;0.29
1986;3;9;68;4.5;2;0.3;2.1;0.7;-0.5;-0.7;0;0.27;1.3;2.5;18.54;176;42;25;14;96127;0.14;1.47;0.25;0.29
1986;3;10;69;5.9;2.8;0.1;2.8;1.5;-0.2;-1.5;-0.8;0.25;1.3;2.5;15.2;157;42;19;9;96296;0.15;0.07;0.26;0.29
1986;3;11;70;7.4;3.5;0.5;2.5;1.3;0.3;-1.5;-0.6;0.22;1.3;2.5;11.22;290;73;47;26;96295;0.32;0.05;0.26;0.29
1986;3;12;71;6.2;2.6;-0.1;0;-0.4;-0.7;-2;-0.7;0.2;1.3;2.5;8.38;280;79;57;37;96102;0.44;0;0.26;0.29
1986;3;13;72;8.3;3.6;0.2;1.6;0.7;-0.4;-1.3;-0.6;0.18;1.3;2.5;6.42;315;84;56;30;95863;0.46;0.04;0.26;0.29
1986;3;14;73;7.1;3.6;0.7;3;1.8;0.5;-0.3;-0.9;0.17;1.3;2.5;4.73;202;55;39;17;96757;0.38;1.01;0.26;0.29
1986;3;15;74;7.3;4;1.2;2.5;1.7;0.8;-2.1;-0.4;0.15;1.4;2.5;3.41;203;57;53;24;97017;0.59;0.4;0.26;0.29
1986;3;16;75;11.4;5.4;1.1;1.8;1;-0.4;-2.4;0.7;0.14;1.4;2.5;2.21;508;140;116;73;96574;1;0.01;0.26;0.29
1986;3;17;76;9.7;3.8;-0.8;1;-1.3;-3.5;-2.2;0.6;0.14;1.4;2.5;1.46;534;152;122;87;96774;1;0;0.26;0.29
1986;3;18;77;10.8;4.1;-2.1;-1.9;-3.9;-5.6;-2.2;0.3;0.13;1.4;2.5;1.02;549;162;137;98;96508;1.22;0;0.26;0.29
1986;3;19;78;9.8;3.5;-2;-2.4;-4.5;-6.3;-2.1;0.5;0.13;1.4;2.5;0.74;569;168;136;99;96402;1.16;0;0.26;0.29
1986;3;20;79;9.6;3.1;-2.9;-1;-3.3;-5.4;-0.6;1.1;0.13;1.4;2.5;0.53;579;171;135;91;96381;1.03;0.29;0.25;0.29
1986;3;21;80;3.2;1.1;-1.2;1.7;-0.3;-2.9;1;-0.9;0.14;1.5;2.5;1.35;110;34;68;24;96203;0.6;7.57;0.26;0.29
1986;3;22;81;6;1.6;-2.5;-0.9;-2;-3.4;1.4;0.7;0.15;1.5;2.5;1.65;444;126;92;57;96769;1.1;0.79;0.26;0.29
1986;3;23;82;6.4;2.7;-0.1;5.5;1;-2.2;2.4;2.1;0.15;1.5;2.5;1.68;87;22;71;25;95255;0.55;6.75;0.26;0.29
1986;3;24;83;8.5;3.3;-0.3;6.3;2.2;-1.2;1.5;3.5;0.15;1.5;2.5;2.06;138;29;62;20;93950;0.8;19.76;0.26;0.29
1986;3;25;84;6.5;3.2;0.4;1;-1.3;-3.7;4.1;1.8;0.15;1.5;2.5;1.7;499;146;104;71;93969;1.58;1.53;0.28;0.29
1986;3;26;85;7.1;2.5;-0.2;0.5;-1.1;-2.6;2.5;2.2;0.15;1.5;2.5;1.53;458;131;93;61;95133;1.28;2.34;0.28;0.29
1986;3;27;86;8;4.4;-1.1;4.3;1.2;-2.3;1.3;2.9;0.14;1.5;2.5;1.06;426;88;73;43;95848;0.92;0.53;0.27;0.29
1986;3;28;87;16.2;8.2;4;6.3;4;2.6;2.3;2.2;0.13;1.6;2.5;0.35;502;127;87;51;95879;1.47;1.88;0.27;0.29
1986;3;29;88;9.7;5.5;2.6;3.2;2;-1;1.9;2.5;0.13;1.6;2.5;0.1;503;137;93;56;95649;1.72;2.77;0.27;0.29
1986;3;30;89;6.2;3.9;2.1;2.6;-0.4;-5.4;2.4;2.7;0.13;1.6;2.5;0.25;492;139;105;50;95263;1.9;6.04;0.27;0.29
1986;3;31;90;10.8;7.4;2.9;6.1;4.7;1.8;4.7;3.5;0.14;1.6;2.5;0.84;317;92;78;26;94662;2.39;12.27;0.28;0.29
1986;4;1;91;9.1;5.3;2.3;2.5;-1.1;-3.2;4.5;1.1;0.13;1.6;2.5;0.25;575;169;121;77;95664;2.04;0.91;0.28;0.29
1986;4;2;92;9.6;4.8;-1.2;1.2;-1.7;-3.4;0.6;0.8;0.13;1.6;2.5;0.16;521;153;107;74;95801;1.34;0.18;0.28;0.29
1986;4;3;93;10.8;6;2.1;6.4;3.5;-0.6;0.3;0;0.13;1.7;2.5;0.08;376;78;38;18;94916;1.19;6.17;0.28;0.29
1986;4;4;94;7.6;3.8;-0.4;3;1.4;-1.3;1.7;-0.2;0.13;1.7;2.5;0.08;419;108;76;39;95599;1.53;3.43;0.28;0.29
1986;4;5;95;5.5;2.1;-1.4;-1.4;-2.6;-4.1;1.2;0;0.13;1.7;2.5;0.12;359;99;62;38;96036;0.98;0.3;0.28;0.29
1986;4;6;96;7.9;4.1;-1;3;0.5;-2.5;-2.7;-0.5;0.14;1.7;2.5;0.19;372;108;62;41;96044;0.87;0.05;0.28;0.29
1986;4;7;97;17.8;10.3;4;9.1;6;3.1;-3;-0.4;0.13;1.7;2.5;0.05;638;188;121;72;95500;1.84;0;0.28;0.29
1986;4;8;98;19.9;12.1;4.7;9;6.7;3.7;-2.1;-0.6;0.13;1.7;2.5;0;649;202;131;80;95420;2.27;0;0.27;0.29
1986;4;9;99;20.1;12.8;7.7;8.7;7.7;6.1;-2.7;-1.3;0.14;1.7;2.5;0;650;187;127;63;94451;2.31;0.37;0.27;0.29
1986;4;10;100;7.3;2.3;-2.8;5.9;0.2;-6.6;-0.5;-3.6;0.16;1.8;2.5;1.91;112;32;33;18;94415;0.99;8.86;0.27;0.29
1986;4;11;101;0.6;-2.1;-3.7;-7;-7.9;-8.5;-1.3;-3.1;0.23;1.8;2.5;7.05;320;103;58;35;95755;1.19;1.18;0.27;0.29
1986;4;12;102;0.9;-2.5;-5.8;-7.4;-9;-11.2;-1;-1.5;0.25;1.8;2.5;7.67;342;124;79;56;95403;1.11;0.72;0.26;0.29
1986;4;13;103;1.1;-1.7;-4;-8.2;-9.2;-9.9;0.8;-0.4;0.25;1.8;2.5;7.63;362;129;98;68;95230;0.84;0.8;0.26;0.29
1986;4;14;104;7;1.4;-4.3;-0.5;-4.7;-9.9;0.4;2.2;0.23;1.8;2.5;6.47;505;149;102;67;94992;0.89;0.68;0.26;0.29
1986;4;15;105;13.3;6.7;0;0.8;-1.6;-3.7;-0.9;2.3;0.2;1.8;2.5;4.04;600;189;115;76;94809;2.01;0.01;0.26;0.29
1986;4;16;106;14.3;8.2;1.1;4.9;1.8;-1.8;-0.3;0.7;0.16;1.9;2.5;1.77;632;199;122;76;94885;1.96;1.2;0.26;0.29
1986;4;17;107;12.6;7.5;2.2;5.7;4.1;2;1.2;0.3;0.15;1.9;2.5;0.67;577;166;103;60;94904;1.83;3.14;0.26;0.28
1986;4;18;108;10.7;5.7;2.1;6;3.6;1.8;1.6;0.1;0.14;1.9;2.5;0.27;518;140;87;53;94719;1.68;4.8;0.26;0.28
1986;4;19;109;7.9;4;1.6;4.3;2.3;1.1;2.6;-0.4;0.14;1.9;2.5;0.15;523;151;81;54;94789;1.89;3.79;0.26;0.28
1986;4;20;110;7.7;4.4;1.2;3;0.9;-1;3.1;0.9;0.14;1.9;2.5;0.18;479;146;78;40;95166;1.9;3.28;0.26;0.28
1986;4;21;111;12;8;3.8;6.6;3.8;0.8;1.7;2.1;0.14;2;2.5;0.07;530;135;81;37;95023;2.08;3.41;0.26;0.28
1986;4;22;112;11.6;8.2;4.7;6.9;4.5;1.9;1.1;0;0.14;2;2.5;0;335;114;68;50;95078;1.27;2.29;0.26;0.28
1986;4;23;113;14.1;8.7;3.9;6.4;4.8;3.3;0.4;-0.8;0.14;2;2.5;0;582;161;111;53;95484;1.98;1.25;0.26;0.28
1986;4;24;114;17.9;11.1;4.4;8.7;7.1;4;0.7;-0.9;0.14;2;2.5;0;632;197;116;68;95752;2.44;1.38;0.26;0.28
1986;4;25;115;14.8;10.8;6.3;11.6;8.6;5.8;-0.3;-1.3;0.14;2;2.5;0;461;142;86;59;95907;1.85;3.38;0.26;0.28
1986;4;26;116;18.9;13.1;8.1;10.6;9.2;7.5;-1.4;-0.3;0.14;2.1;2.5;0;531;162;90;55;95211;2.13;7.48;0.26;0.28
1986;4;27;117;15.9;11.9;8;9.1;6.9;4.6;1;-1;0.15;2.1;2.5;0;508;180;112;54;95232;2.49;3.95;0.27;0.28
1986;4;28;118;17.7;13.3;9.1;10.7;9.5;7.9;-2.6;-1.9;0.15;2.1;2.5;0;397;133;70;49;95296;2.17;4.84;0.27;0.28
1986;4;29;119;20;14.6;9.9;12;10.4;8.6;-2.2;-2.1;0.15;2.1;2.5;0;641;205;105;76;95618;2.75;2.18;0.27;0.28
1986;4;30;120;18.8;13.5;9.6;11.3;9.8;8.3;-1.2;-3.1;0.15;2.1;2.5;0;607;189;95;71;96288;2.6;1.91;0.26;0.28
1986;5;1;121;18.7;13.6;8.6;10.2;8.4;6.8;-2.4;-1.3;0.15;2.2;2.5;0;641;214;107;81;96608;2.81;0.3;0.26;0.28
1986;5;2;122;20.2;14.9;9;8.8;7.4;5.4;-3.3;0.3;0.15;2.2;2.5;0;692;239;123;95;95998;3.36;0;0.26;0.28
1986;5;3;123;22.4;16.6;10.1;11;8.2;5.2;-2.3;0.2;0.15;2.2;2.5;0;689;234;124;90;95485;3.49;0.09;0.25;0.28
1986;5;4;124;20.5;15.3;9.7;13.4;10.9;7.4;-0.5;-0.4;0.15;2.2;2.5;0;655;210;114;78;95434;2.79;2.61;0.25;0.28
1986;5;5;125;23.2;17.1;10.9;13;10.3;8.2;-1.2;0.1;0.15;2.2;2.5;0;678;228;120;86;95357;3.47;0.25;0.25;0.28
1986;5;6;126;22.2;16.4;10.1;12.7;10.5;7.8;-2.2;0.2;0.15;2.2;2.5;0;673;226;117;82;95391;3.24;1.93;0.25;0.28
1986;5;7;127;20.1;15.3;11.1;12.8;10.8;7.9;0.3;0;0.15;2.3;2.5;0;646;209;119;69;95604;2.88;8.07;0.24;0.28
1986;5;8;128;13.1;10.6;7.3;11;7.1;3.6;2.7;0;0.15;2.3;2.5;0;456;124;106;50;96124;2.45;6.15;0.25;0.28
1986;5;9;129;13.5;10.2;5.7;8.1;6.1;4.2;2.1;0.2;0.15;2.3;2.5;0;584;191;101;65;96521;2.51;3.7;0.25;0.28
1986;5;10;130;14.2;10.9;6.4;10.3;8.3;5.8;1.7;1.3;0.15;2.3;2.5;0;312;104;53;35;96597;1.6;1.99;0.25;0.28
1986;5;11;131;17;13.5;9.6;13.6;10.3;7.8;2.4;0.9;0.15;2.3;2.5;0;421;141;91;45;96178;2.46;4.58;0.25;0.28
1986;5;12;132;18;13.7;9.5;9.3;7.4;6.3;1;0.6;0.15;2.4;2.5;0;592;204;101;70;96131;2.84;0;0.25;0.28
1986;5;13;133;23.2;16.1;9.4;14.6;10.8;6;0.3;1.5;0.15;2.4;2.5;0;693;213;115;72;95858;2.98;0.43;0.25;0.28
1986;5;14;134;19.8;14.6;11.1;15;12.2;10.2;1.1;0.9;0.15;2.4;2.5;0;487;149;77;50;95829;2.2;7.95;0.25;0.28
1986;5;15;135;19.1;13.6;9.3;12.6;10.4;8.4;1.4;0.9;0.15;2.4;2.5;0;512;163;84;53;95729;2.77;4.49;0.25;0.28
1986;5;16;136;16.5;12.8;8.5;10.5;9.1;7.6;0.5;-0.2;0.15;2.4;2.5;0;592;180;103;55;96152;2.5;6.01;0.25;0.28
1986;5;17;137;18.6;14.6;10;11.4;10.4;9.4;-1.1;0.1;0.16;2.4;2.5;0;415;149;82;48;96508;2.48;3.58;0.26;0.28
1986;5;18;138;23.4;17.4;12.1;16.1;13.2;9.7;0.3;1.2;0.16;2.5;2.5;0;632;201;98;59;96610;3.07;2.66;0.25;0.28
1986;5;19;139;22.1;17.6;13.2;15.4;14.5;13.2;-0.5;-1;0.16;2.5;2.5;0;507;178;86;43;96623;3.01;9.4;0.25;0.28
1986;5;20;140;19.5;16.2;13.3;14;13.2;12.1;-3.1;-0.1;0.16;2.5;2.5;0;307;105;67;30;96227;2.32;8.41;0.27;0.28
1986;5;21;141;23.1;17.7;12.9;17.8;15.1;12.2;0.6;0.7;0.16;2.5;2.5;0;575;178;80;52;95835;2.78;12.36;0.26;0.28
1986;5;22;142;17.8;15;11.5;13.9;10.4;9.3;2;-0.1;0.16;2.5;2.5;0;482;154;81;57;96612;2.72;0.29;0.27;0.28
1986;5;23;143;23.7;17.9;9.5;15.7;11.9;8.4;-0.8;0.4;0.16;2.5;2.5;0;703;243;114;75;96436;3.66;0.07;0.27;0.28
1986;5;24;144;17.4;14.7;9.9;15.4;11.9;6.9;2.2;-0.8;0.16;2.5;2.5;0;338;124;77;48;96410;2.59;9.49;0.27;0.28
1986;5;25;145;17.9;13;6.8;9.8;6.9;5.2;0.7;0.3;0.16;2.6;2.5;0;716;249;129;92;97080;3.41;0;0.27;0.28
1986;5;26;146;23.6;17;7.8;15;10.1;6;-0.5;1.4;0.16;2.6;2.5;0;686;256;125;88;96586;3.88;0;0.26;0.28
1986;5;27;147;24.8;19;13.2;17.1;15;11.4;0.9;0.8;0.16;2.6;2.5;0;631;205;98;62;96109;3.18;7.62;0.26;0.28
1986;5;28;148;16.7;14.6;11.5;14.9;13.2;11.1;0.7;-1;0.16;2.6;2.5;0;235;74;42;20;95953;1.9;11.46;0.27;0.28
1986;5;29;149;11.5;10.3;7.6;11;9.2;6.3;1.4;-1.4;0.16;2.6;2.5;0;146;47;28;18;95939;1.53;12.96;0.27;0.28
1986;5;30;150;7.8;6.7;5.4;6.2;5.2;4;0.5;-3.2;0.16;2.6;2.5;0;227;51;20;12;96146;1.69;12.54;0.29;0.28
1986;5;31;151;9.5;7.2;5.5;4.9;4.3;3.7;0.5;-1.9;0.16;2.6;2.5;0;332;105;56;30;96300;2.21;6.02;0.3;0.28
1986;6;1;152;13.3;9.5;5.1;7.8;6.1;4.3;1;0.3;0.16;2.6;2.5;0;546;193;93;64;96088;2.61;1.79;0.3;0.28
1986;6;2;153;15.1;10.3;5.7;8.2;6.8;4.6;0.1;-0.1;0.16;2.7;2.5;0;647;217;116;75;95937;2.87;4.11;0.29;0.28
1986;6;3;154;15.3;11.1;4.9;8.8;7.2;4.8;1.4;0.4;0.16;2.7;2.5;0;551;201;94;63;95760;2.92;2.81;0.29;0.28
1986;6;4;155;10.8;9.6;6.3;9.5;7.2;4.7;2.2;1;0.16;2.7;2.5;0;351;82;71;33;94873;2.3;13.51;0.3;0.28
1986;6;5;156;11.7;8.4;5;5.1;3.7;0.8;2.2;-0.8;0.16;2.7;2.5;0;643;219;100;71;94887;2.85;0.97;0.3;0.28
1986;6;6;157;10;7.4;5.5;5.2;4.2;3.3;3.8;1.4;0.16;2.7;2.5;0;270;103;63;37;94795;2.38;4;0.29;0.28
1986;6;7;158;7.8;6.8;5.9;7;5.3;2.9;3.6;3.3;0.16;2.7;2.5;0;116;40;22;11;95081;1.77;14.51;0.3;0.28
1986;6;8;159;14.6;10.7;6.2;8.4;6.2;4.3;3;0.7;0.16;2.7;2.5;0;429;150;69;38;96113;2.7;1.26;0.3;0.28
1986;6;9;160;17.6;13.4;7.1;10.2;8.2;6.7;0;0.5;0.16;2.8;2.5;0;518;157;81;56;96638;2.28;0.16;0.3;0.28
1986;6;10;161;21;15.8;8.9;11.2;8.8;7;-2.5;0.7;0.16;2.8;2.6;0;719;269;123;91;96237;4.06;0;0.29;0.28
1986;6;11;162;16.4;12.1;8.1;11.4;8.7;6.7;0.7;-1.4;0.16;2.8;2.6;0;450;131;83;45;95928;2.24;5.54;0.29;0.28
1986;6;12;163;10.9;9.1;7;7.3;6.2;5.2;0.1;-3.6;0.16;2.8;2.6;0;130;49;21;15;96391;1.63;6.93;0.29;0.28
1986;6;13;164;14.6;10.8;7.8;11;8.4;5.1;-1.2;-3;0.16;2.8;2.6;0;221;68;30;13;96826;1.83;5.07;0.29;0.28
1986;6;14;165;21.3;17.1;12.6;13.8;12.4;10.8;-3.4;-1.9;0.16;2.8;2.6;0;558;181;78;45;96793;3.03;0;0.29;0.28
1986;6;15;166;24.4;19.6;13.6;16.5;14.3;11;-4;-0.8;0.16;2.8;2.6;0;688;243;95;74;96446;4.07;0;0.29;0.28
1986;6;16;167;26.3;21.3;16.5;17.3;16.1;15.2;-3.3;0.2;0.16;2.8;2.6;0;686;238;100;77;95991;4.29;1.48;0.28;0.28
1986;6;17;168;26.6;21.2;16.3;18.4;17;15.5;-0.7;0.4;0.16;2.8;2.6;0;682;237;100;73;95805;4.08;3.83;0.28;0.28
1986;6;18;169;24.3;19.5;14.7;18;16.6;14.7;1;-0.6;0.16;2.8;2.6;0;628;204;87;50;96062;3.59;1.18;0.27;0.28
1986;6;19;170;23.5;19.9;16.7;18.5;17.2;16;-2.7;-1.2;0.16;2.8;2.6;0;472;168;67;44;96092;3.01;1.95;0.27;0.28
1986;6;20;171;25.9;21.4;17.5;17.9;16.9;15.8;-2.4;-1;0.16;2.8;2.6;0;647;225;93;65;95902;3.99;0.44;0.27;0.28
1986;6;21;172;24;20;15.1;17.7;15.8;12.2;-1.5;-2.1;0.16;2.8;2.6;0;598;225;95;72;95893;3.82;1.16;0.26;0.28
1986;6;22;173;23.5;18.2;12.7;13.6;12.2;10.6;-1.1;-1.2;0.16;2.8;2.6;0;719;259;126;90;95908;4.22;0.01;0.26;0.28
1986;6;23;174;22;17.8;13.1;10.7;8.9;7.1;-3;-0.4;0.16;2.8;2.5;0;694;257;119;89;95749;4.5;0.87;0.25;0.28
1986;6;24;175;20.8;16.3;12.2;12.9;10.6;7.7;0.6;-0.5;0.16;2.8;2.5;0;592;170;101;50;96085;3.64;6.16;0.26;0.28
1986;6;25;176;20.5;16.6;11.5;12.7;11.5;9.1;-1;-1.7;0.16;2.8;2.5;0;549;171;82;60;96630;3.07;1.23;0.25;0.28
1986;6;26;177;23.4;18.1;11;11.4;9.6;8.1;-1.4;-1.5;0.15;2.7;2.5;0;688;252;118;93;96902;4.24;0;0.25;0.28
1986;6;27;178;25.7;19.6;11.1;13.9;11.7;9.4;-1.2;-1.2;0.15;2.7;2.5;0;696;263;122;91;96829;4.33;0;0.24;0.28
1986;6;28;179;25.3;20.3;13;14.1;12.5;11.3;0;-1.7;0.15;2.7;2.5;0;653;231;114;82;96534;3.96;0;0.24;0.28
1986;6;29;180;22;18;13.7;14.1;11.6;10;-0.4;-2.8;0.15;2.7;2.5;0;612;237;108;82;96180;3.57;0.05;0.24;0.28
1986;6;30;181;21.1;17.1;11.7;10.7;9.2;7.8;-1.7;-1.8;0.15;2.7;2.5;0;521;198;99;73;96369;3.26;0;0.23;0.28
1986;7;1;182;23.2;18.5;10.9;13.8;10.7;8.8;-1.1;-0.9;0.15;2.7;2.5;0;650;187;113;71;96630;3;0;0.23;0.28
1986;7;2;183;25.7;20.6;13;14.5;12.4;11.2;-1.3;-0.5;0.15;2.7;2.5;0;587;222;103;77;96499;3.54;0.05;0.22;0.28
1986;7;3;184;27.6;21.9;14;14.4;12.2;10.2;-1;1.1;0.15;2.7;2.5;0;666;263;128;88;96242;4.08;0;0.22;0.28
1986;7;4;185;25.5;20.7;14.8;16.1;14.8;11.8;1.4;0;0.15;2.7;2.5;0;643;218;99;67;96325;3.36;1.37;0.22;0.28
1986;7;5;186;26.1;21.5;14.6;15.9;14.2;13.1;1.4;1.2;0.15;2.7;2.5;0;623;221;95;72;95947;3.45;0.07;0.21;0.28
1986;7;6;187;19.5;17;14.5;17.8;15;13.5;1.6;1.1;0.15;2.7;2.5;0;302;70;53;27;95169;2.13;18.24;0.22;0.28
1986;7;7;188;16.9;14.1;11.9;13.5;11.8;9.9;2.2;-0.7;0.15;2.7;2.5;0;379;103;72;35;95595;2.72;11.12;0.23;0.28
1986;7;8;189;14.5;11.9;9.7;11.1;8.9;6.6;2.1;-0.7;0.15;2.6;2.5;0;377;116;90;52;96033;2.5;5.76;0.24;0.28
1986;7;9;190;17.5;12.6;7.4;10.3;8.9;5.8;2.2;0.1;0.15;2.6;2.5;0;510;192;85;66;96129;2.86;3.91;0.24;0.28
1986;7;10;191;14.1;11.5;8.6;11.5;9.7;7.8;2.8;0.5;0.15;2.6;2.5;0;354;99;64;40;96106;2.28;6.5;0.24;0.28
1986;7;11;192;14.9;12.5;9.8;9.8;8.2;7;2.9;-0.6;0.15;2.6;2.5;0;456;155;80;52;96242;2.67;1.04;0.24;0.28
1986;7;12;193;15.8;12.2;8;7.8;6.2;4.8;1.5;-1;0.15;2.6;2.5;0;424;154;76;57;96227;2.47;0.28;0.24;0.28
1986;7;13;194;15.8;11.8;7;7.4;5.8;4.6;1.5;-1.2;0.15;2.6;2.5;0;547;170;90;59;96248;2.66;0.56;0.23;0.28
1986;7;14;195;16.7;12.9;8.7;7.5;5.8;4.2;1.4;-1.1;0.15;2.6;2.5;0;488;182;89;62;96533;2.76;0;0.23;0.28
1986;7;15;196;20;15.4;8.9;12.3;9;5.7;-0.1;-1.1;0.15;2.6;2.5;0;595;184;105;62;96758;2.67;0;0.23;0.28
1986;7;16;197;22.8;18;10.8;13.7;12;10.2;-1.6;-0.3;0.15;2.6;2.5;0;582;185;90;64;96765;2.97;0.11;0.23;0.27
1986;7;17;198;25.7;19.9;11.6;15;12;9.6;-0.3;-0.2;0.15;2.6;2.5;0;708;262;129;85;96296;3.98;0;0.22;0.27
1986;7;18;199;18.5;16.5;12.7;14.7;12.7;10;-0.4;-3.2;0.15;2.6;2.5;0;525;162;63;39;96255;2.89;3.51;0.22;0.27
1986;7;19;200;13.2;12.2;9.6;11.5;10.7;9;-0.3;-2;0.15;2.5;2.5;0;90;32;49;21;96574;1.32;10.81;0.23;0.27
1986;7;20;201;17.8;13.8;6.6;9.5;7.7;6.1;0.1;-0.7;0.15;2.5;2.5;0;503;178;86;63;96519;2.79;0.42;0.23;0.27
1986;7;21;202;20.3;16.3;10.3;12.6;9.4;7.7;0.1;0.8;0.15;2.5;2.5;0;619;177;110;57;96202;2.71;0;0.22;0.27
1986;7;22;203;22.7;18.5;13.9;12.7;10.7;9.1;0.7;1.9;0.15;2.5;2.5;0;568;194;96;65;95818;3.31;0.2;0.22;0.27
1986;7;23;204;26.8;20;14.8;15.7;12.8;9.5;0.7;2.8;0.15;2.5;2.5;0;654;207;100;66;95222;3.82;10.29;0.22;0.27
1986;7;24;205;15.4;12.7;10.2;14.6;8.8;4.9;4;0.3;0.15;2.5;2.5;0;451;141;77;47;95626;3.09;5.51;0.23;0.27
1986;7;25;206;17.9;13.7;9.9;10.5;7.7;6.1;3.5;0.6;0.15;2.5;2.5;0;372;135;63;41;96013;2.69;2.1;0.23;0.27
1986;7;26;207;18.9;15.2;12.3;14;12.4;10.3;3.2;0.3;0.15;2.5;2.5;0;458;152;66;35;95967;3.05;5.41;0.23;0.27
1986;7;27;208;21.4;17.4;12.8;16.2;14.9;12.7;0.7;-0.4;0.15;2.5;2.5;0;493;151;73;45;96399;2.31;1.05;0.23;0.27
1986;7;28;209;24;19.5;13.3;17.8;14.9;13;-0.7;0.1;0.15;2.5;2.5;0;483;175;78;55;96553;2.93;0.98;0.23;0.27
1986;7;29;210;27.4;21.4;15.6;17.4;15.3;13.6;0.6;1.6;0.15;2.5;2.5;0;623;200;94;64;96151;3.41;1.2;0.22;0.27
1986;7;30;211;23.3;19.7;15.7;15.4;13.3;10.9;0.5;-0.5;0.15;2.4;2.5;0;560;194;110;72;96037;3.19;0.13;0.22;0.27
1986;7;31;212;26.8;20.6;15.1;19.4;16;11;0.2;1.3;0.15;2.4;2.5;0;632;187;90;58;95680;2.92;7.22;0.22;0.27
1986;8;1;213;21.6;18.3;14.3;16.8;14.8;12.2;0.9;-0.3;0.15;2.4;2.5;0;421;134;94;54;96332;2.34;2.02;0.22;0.27
1986;8;2;214;25.9;20.1;12.5;18.8;15.4;12;-0.7;1.1;0.15;2.4;2.5;0;540;194;81;62;96535;3.05;0.11;0.22;0.27
1986;8;3;215;29.6;23.9;16.3;18.5;16.2;14.4;-2.5;0.8;0.15;2.4;2.5;0;635;227;100;73;96235;4.01;0.01;0.22;0.27
1986;8;4;216;28.8;23.7;18.8;19.7;17.5;15.2;0.5;-0.4;0.15;2.4;2.5;0;645;207;94;70;95779;3.57;6.84;0.21;0.27
1986;8;5;217;22.3;19.2;14.8;17.4;12.6;8.1;2.6;-1.3;0.15;2.4;2.5;0;611;202;113;67;96478;3.94;4.94;0.22;0.27
1986;8;6;218;23.4;18.5;13;13.6;11.2;8.9;-1.9;0.1;0.15;2.4;2.5;0;597;222;118;86;96649;3.5;0;0.22;0.27
1986;8;7;219;25.3;20.1;13.2;14;12.1;10;0.7;0.7;0.15;2.4;2.5;0;658;205;109;76;96030;3.38;0;0.21;0.27
1986;8;8;220;22.4;18.8;14.8;13.5;11.6;9.9;1.5;0;0.15;2.4;2.5;0;518;181;99;73;96027;2.89;0.16;0.21;0.27
1986;8;9;221;23.5;18.6;11.2;14;11;9.3;-0.5;0.2;0.15;2.3;2.5;0;612;216;115;78;96199;3.16;0.07;0.21;0.27
1986;8;10;222;26.1;20.8;14.6;15.8;13.4;11.3;0;0.6;0.15;2.3;2.5;0;581;202;105;68;96204;3.08;0.05;0.21;0.27
1986;8;11;223;24.7;20.7;16.1;16.7;15.5;14.9;-0.4;-0.1;0.15;2.3;2.5;0;605;189;99;63;96064;2.8;0.41;0.2;0.27
1986;8;12;224;19.8;17.7;15.5;16.7;15.6;14.7;1;-0.7;0.15;2.3;2.5;0;252;82;45;28;95653;2.08;16.74;0.21;0.27
1986;8;13;225;21.3;17.4;14.4;14.6;13.9;13;0.3;-1.4;0.15;2.3;2.5;0;503;161;80;46;95893;2.81;2.06;0.21;0.26
1986;8;14;226;21.7;17.5;12.7;15.4;13.8;12.2;-0.5;0.7;0.15;2.3;2.5;0;501;171;95;61;96174;2.57;0.29;0.21;0.26
1986;8;15;227;24.8;19.6;13.8;15.2;13.9;12.3;0.3;1.7;0.14;2.3;2.5;0;585;186;100;64;96027;2.91;1.34;0.21;0.26
1986;8;16;228;21.4;18.4;15.5;16.7;15.6;14.8;2.1;0.8;0.14;2.3;2.5;0;390;124;65;44;95975;2.18;1.84;0.21;0.26
1986;8;17;229;23.3;18.4;13.2;16.4;14.9;12.8;1;0.9;0.14;2.3;2.5;0;525;170;93;63;95773;2.56;2.4;0.21;0.26
1986;8;18;230;22.4;17.6;14.7;17.1;15.4;14.2;1;0.5;0.14;2.3;2.5;0;439;127;73;37;95278;2.3;11.85;0.22;0.26
1986;8;19;231;19.2;15.9;13.4;16.7;14.7;12.8;1.5;0.5;0.14;2.3;2.5;0;320;76;41;22;95291;1.94;12.47;0.22;0.26
1986;8;20;232;15.9;13;10.2;12.3;8.3;6.6;3.7;-0.6;0.14;2.3;2.5;0;424;131;85;47;96182;2.67;2.88;0.23;0.26
1986;8;21;233;16.7;12.4;7.3;8.7;6.3;4.7;1.1;-0.5;0.14;2.3;2.5;0;437;160;95;73;96338;2.24;0.01;0.23;0.26
1986;8;22;234;22.3;16.5;10.1;15.1;10.8;5.4;1;1.3;0.14;2.2;2.5;0;565;160;86;51;95463;2.5;0.25;0.23;0.26
1986;8;23;235;15.7;13.8;10.5;14.2;12.2;9.2;1.7;0.9;0.14;2.2;2.5;0;253;61;60;33;94998;1.59;22.2;0.24;0.26
1986;8;24;236;17;12.4;9.1;12.3;10.6;8.6;0.9;0.7;0.14;2.2;2.5;0;458;100;66;33;95404;1.96;9.94;0.24;0.26
1986;8;25;237;15.7;12.4;8.7;10.2;8.5;6.8;1.1;-0.1;0.14;2.2;2.5;0;500;150;89;59;96125;2.1;0.34;0.25;0.26
1986;8;26;238;23;16.2;9.7;14.1;9.6;6.1;-0.6;2.5;0.14;2.2;2.5;0;573;174;95;62;95186;2.89;2.78;0.25;0.26
1986;8;27;239;15.8;13.7;10.5;14.3;8.1;6.4;3.7;1.4;0.14;2.2;2.5;0;402;134;92;58;95265;2.6;0.51;0.25;0.26
1986;8;28;240;14.2;11.7;9.3;10.7;8.5;6.9;0.8;0.7;0.14;2.2;2.5;0;264;76;73;40;95536;1.09;4.8;0.25;0.26
1986;8;29;241;13.7;10.7;8.4;9.7;7.8;5.9;2.5;0.8;0.14;2.2;2.5;0;485;141;88;54;95866;2.53;4.15;0.25;0.26
1986;8;30;242;12.6;10.3;7.8;6.7;5.7;3.8;3.6;0.8;0.14;2.2;2.5;0;351;97;74;46;96300;1.47;0.2;0.25;0.26
1986;8;31;243;14.2;10.7;8.6;9.8;8;5.8;2.8;0.1;0.14;2.2;2.5;0;398;111;82;42;96476;1.7;3.99;0.25;0.26
1986;9;1;244;12.5;9.3;5.6;7.3;5.8;5.1;2.5;-0.1;0.14;2.2;2.5;0;331;91;80;54;96606;1.4;0.55;0.25;0.26
1986;9;2;245;13.4;10.9;7.9;9;7.4;4.8;3.2;1.5;0.14;2.2;2.5;0;196;56;46;29;96264;0.99;0.52;0.25;0.26
1986;9;3;246;18.9;13.4;9.8;13;10.3;7.9;3.2;1.6;0.14;2.2;2.5;0;402;79;49;31;95792;1.96;6.12;0.25;0.26
1986;9;4;247;13.2;10.3;8;8.1;6.1;4.4;3.5;-1.2;0.14;2.2;2.5;0;494;130;91;51;96668;2.25;1.6;0.25;0.26
1986;9;5;248;14.8;10.4;5.4;7.7;6.1;4.3;1.2;0.4;0.14;2.2;2.5;0;452;144;108;71;96931;1.64;0;0.25;0.26
1986;9;6;249;18.9;12.3;5;9.3;7.4;4.2;1.3;1;0.14;2.2;2.5;0;589;187;121;81;96276;2.26;0.89;0.25;0.26
1986;9;7;250;14;11.7;10;9.5;7.9;6.9;2.6;0.2;0.14;2.2;2.5;0;334;92;60;35;96111;1.69;1.74;0.25;0.26
1986;9;8;251;15.8;11.7;8.4;7.2;5.6;4;2.3;-0.1;0.14;2.2;2.5;0;536;162;102;70;96027;2.16;0;0.25;0.26
1986;9;9;252;13.1;10.4;8.2;7.2;5.6;4.2;-1.4;-1.6;0.14;2.2;2.5;0;279;88;62;39;96156;1.3;0.35;0.25;0.26
1986;9;10;253;13.3;10.6;8.2;7.5;5.2;3;-0.9;-0.3;0.14;2.2;2.5;0;291;78;65;41;96130;1.11;0.01;0.24;0.26
1986;9;11;254;16.2;11.2;6.5;8.1;6;4.6;-0.8;0.6;0.14;2.2;2.5;0;569;172;131;78;96190;2.02;0;0.24;0.26
1986;9;12;255;16.9;11.4;4.9;12.6;8.8;3.5;-1.1;-0.1;0.14;2.1;2.5;0;485;98;90;44;95777;1.12;9.22;0.24;0.26
1986;9;13;256;14.6;12.3;10.4;11.6;10.3;9.2;-1.4;-0.3;0.14;2.1;2.5;0;118;37;26;11;95911;0.87;5.98;0.25;0.26
1986;9;14;257;20.8;16.5;12.6;15;14;11.8;2;2.3;0.14;2.1;2.5;0;396;95;66;41;95723;1.75;1.98;0.25;0.26
1986;9;15;258;22.7;18.4;14.7;16.7;15.4;14.3;0.7;2.4;0.14;2.1;2.5;0;296;85;71;35;95524;1.53;0.8;0.25;0.26
1986;9;16;259;20.2;14.6;9;15.5;12.7;7.9;0.2;-0.9;0.14;2.1;2.5;0;95;29;54;24;95631;0.85;4.2;0.25;0.26
1986;9;17;260;14.2;11.2;8.3;13.4;10.7;7.6;-1.4;-0.4;0.14;2.1;2.5;0;107;28;29;11;95878;0.75;21.68;0.27;0.26
1986;9;18;261;12.3;9.3;6.5;12.1;7.4;3.6;0.3;-1.8;0.14;2.1;2.5;0;66;21;76;18;96733;0.74;0.54;0.27;0.26
1986;9;19;262;13.1;8.1;2.8;3.7;3.1;2.1;-1.6;-0.7;0.14;2.1;2.5;0;547;157;127;90;97768;1.7;0;0.27;0.26
1986;9;20;263;16.3;9.6;2.6;6.9;4.4;1.6;-0.1;-0.6;0.14;2.1;2.5;0;554;164;132;89;97389;1.83;0;0.27;0.26
1986;9;21;264;17.1;11.3;5.9;8;6.4;3.9;1.8;0.2;0.13;2;2.5;0;511;152;120;80;96971;1.73;0;0.27;0.26
1986;9;22;265;17.2;12;6.6;7.6;6.8;5.5;2.4;0.2;0.13;2;2.5;0;502;148;117;80;96642;1.79;0;0.26;0.26
1986;9;23;266;16.5;11.7;7.9;10.3;8.7;6.5;1.9;-0.4;0.13;2;2.5;0;398;117;96;60;96570;1.26;0;0.26;0.26
1986;9;24;267;16.6;12;8.1;11.1;8.9;6.3;-0.5;-1.6;0.13;2;2.5;0;318;90;77;50;96362;1.06;0.01;0.26;0.26
1986;9;25;268;13;9.2;6.4;6.1;4.6;3.2;-2.6;-1.5;0.13;2;2.5;0;499;142;119;83;96326;1.53;0;0.26;0.26
1986;9;26;269;14.2;9;4.5;5.5;4.2;2.5;-1.7;-1.3;0.13;2;2.5;0;516;150;116;88;96292;1.55;0;0.26;0.26
1986;9;27;270;14.7;10;5.3;7.4;6.2;4.5;-0.5;-0.5;0.13;1.9;2.5;0;400;105;94;54;96671;1.15;0.11;0.25;0.26
1986;9;28;271;15.9;10.8;5.9;8.5;7;5.3;-1.1;0.2;0.13;1.9;2.5;0;494;106;105;58;97360;1.21;0.01;0.25;0.26
1986;9;29;272;16.8;11.5;6.6;9.2;7.3;4.7;0.9;-0.1;0.13;1.9;2.5;0;488;140;111;72;97519;1.44;0;0.25;0.26
1986;9;30;273;15.8;12.3;9.3;11.4;8.9;5.5;-0.7;-1.2;0.13;1.9;2.5;0;306;83;108;47;97480;0.99;0.13;0.25;0.26
1986;10;1;274;19.9;13;7.3;8.8;5.9;3.8;-2.2;0.4;0.13;1.9;2.5;0;493;141;118;87;96949;1.75;0;0.25;0.26
1986;10;2;275;19.2;12.8;6.8;11.8;9.5;5.6;1.5;0.7;0.13;1.9;2.5;0;478;125;114;69;96670;1.2;0;0.25;0.26
1986;10;3;276;17.3;12.4;8.8;11.2;9.5;7.7;1.2;-1;0.13;1.8;2.5;0;399;109;101;59;96711;1.12;0;0.24;0.26
1986;10;4;277;13.5;9.1;5;7.4;5.6;4.4;-0.6;-1.2;0.13;1.8;2.5;0;447;118;106;72;96865;1.1;0;0.24;0.26
1986;10;5;278;16.2;9.7;4.3;6.4;4.4;3.1;-1.6;0.3;0.13;1.8;2.5;0;464;127;109;72;96944;1.35;0;0.24;0.26
1986;10;6;279;18.4;12.2;5.8;13;9.1;3.6;1.1;0.5;0.13;1.8;2.5;0;437;108;89;49;96847;1.02;0.17;0.24;0.26
1986;10;7;280;14.9;13;11;11.4;9.3;7.8;2.2;-0.3;0.13;1.8;2.5;0;273;68;60;29;96802;0.93;0.27;0.24;0.26
1986;10;8;281;14.5;11.9;10.3;10.1;8.7;7.7;1.9;-1;0.13;1.8;2.5;0;258;57;58;26;96630;1.15;1.74;0.24;0.26
1986;10;9;282;13.1;11.1;9.2;9.1;7.2;5.6;0.1;0.4;0.13;1.7;2.5;0;213;63;49;33;96590;0.7;0.05;0.24;0.26
1986;10;10;283;14.9;10;6.3;7.6;6.4;5.1;-0.5;1.2;0.13;1.7;2.5;0;449;118;116;77;96358;1;0;0.24;0.26
1986;10;11;284;13.5;9.2;3.9;9.8;7.5;3.9;0.8;0.2;0.13;1.7;2.5;0;244;56;62;33;96715;0.51;0.13;0.24;0.26
1986;10;12;285;15.1;11.6;9.1;10.1;8.2;5.2;-2.9;0.1;0.13;1.7;2.5;0;266;62;84;43;97108;0.93;0.52;0.23;0.26
1986;10;13;286;17.3;11.6;7.6;9.6;7.3;5.2;-1.7;1.1;0.13;1.7;2.5;0;429;115;110;81;96887;1.09;0;0.23;0.26
1986;10;14;287;18;11;4.7;9.1;6.5;3.7;-1.3;0.6;0.13;1.7;2.5;0;423;113;109;74;96832;1.11;0;0.23;0.26
1986;10;15;288;16.9;10.3;5;8.4;6.2;4.1;-1.4;0;0.13;1.7;2.5;0;427;114;120;81;96652;1.02;0;0.23;0.26
1986;10;16;289;15.4;9.1;3.2;9.1;5.9;2.4;-0.5;-0.4;0.13;1.6;2.5;0;422;111;118;76;96803;0.87;0;0.23;0.26
1986;10;17;290;13.7;8.9;4.8;7.4;6.5;4.6;-1.5;-1.2;0.13;1.6;2.5;0;377;92;102;59;96829;0.72;0.01;0.23;0.26
1986;10;18;291;12.4;8.2;5.8;6.1;5.1;4.2;-1.4;1;0.13;1.6;2.5;0;378;89;101;62;96014;0.73;0.02;0.23;0.26
1986;10;19;292;12.4;8.9;6.9;10.2;7.7;5.5;1.2;2.4;0.12;1.6;2.5;0;190;40;47;20;94998;1.14;10.98;0.23;0.26
1986;10;20;293;11.5;8.1;5.9;10.2;6.3;3.5;3.9;2.8;0.12;1.6;2.5;0;173;34;73;25;94570;2.08;15.93;0.24;0.26
1986;10;21;294;8.2;6.2;4.4;4.6;1.9;0;5.5;1.2;0.12;1.6;2.5;0;285;70;72;47;95246;1.91;7;0.25;0.26
1986;10;22;295;13.3;11.6;6.2;11.9;10.5;4.9;5.2;3.1;0.12;1.6;2.5;0;35;7;18;3;94225;1.73;37.37;0.27;0.26
1986;10;23;296;11.9;7.2;3.8;10.7;4.5;0.4;4.2;0.9;0.12;1.6;2.5;0;241;62;76;46;94612;2.07;14.09;0.3;0.26
1986;10;24;297;7.1;4.2;2.3;2.2;1;-0.6;2.5;1;0.12;1.6;2.5;0;296;71;91;58;95902;1.15;1.31;0.3;0.26
1986;10;25;298;10.3;6.2;2.6;5.6;1.9;-1.2;0.3;3.1;0.12;1.6;2.5;0;290;59;73;41;95358;1.27;4.06;0.29;0.26
1986;10;26;299;8.2;6.1;4.6;6.7;4.1;2.1;2.8;0.6;0.12;1.6;2.5;0;247;48;91;34;96138;1.08;2.2;0.3;0.26
1986;10;27;300;7.8;5.2;1.6;3.6;2.2;0.3;1.4;-0.1;0.12;1.6;2.5;0;207;52;67;42;97202;0.57;0.23;0.29;0.26
1986;10;28;301;8;4.2;1;3.1;1.9;0;-0.1;2.3;0.12;1.6;2.5;0;310;71;86;49;96942;0.52;0;0.29;0.26
1986;10;29;302;8.7;6.3;4.5;8.6;5.1;1.8;0.7;0.7;0.12;1.6;2.5;0;44;8;61;11;96514;0.26;7.22;0.29;0.26
1986;10;30;303;7.3;4.9;0.4;5;3.4;0.3;-0.9;0.3;0.12;1.6;2.5;0;201;44;67;31;96664;0.43;0.07;0.29;0.27
1986;10;31;304;7;5.6;3.5;5.7;3.9;1.9;2.4;1.5;0.12;1.6;2.5;0;181;34;55;20;96289;0.59;2.1;0.29;0.27
1986;11;1;305;10;8.3;6;9.2;7.7;5.8;1.6;2.4;0.12;1.6;2.5;0;39;10;20;5;95590;0.47;5.49;0.29;0.27
1986;11;2;306;9.5;5.8;1.6;8.3;4.4;-0.1;1.2;-1.7;0.12;1.6;2.5;0;94;19;86;26;95675;1.02;6.11;0.29;0.27
1986;11;3;307;3.9;1.6;-2.1;-0.4;-1.4;-2.7;0.9;-0.7;0.12;1.6;2.5;0;248;58;87;54;97092;0.41;0.02;0.29;0.27
1986;11;4;308;4.8;2.9;1.2;1.4;-0.1;-1.1;1.9;0;0.12;1.6;2.5;0;236;48;69;29;97154;0.44;0.27;0.29;0.27
1986;11;5;309;4.9;3.2;1.7;1.6;1.1;0.4;2.8;1.3;0.12;1.6;2.5;0;168;36;43;22;96925;0.52;1.31;0.29;0.27
1986;11;6;310;6.3;4.5;2.7;5.5;3.8;1.8;4;0;0.12;1.6;2.5;0;76;13;35;13;96821;0.59;2.76;0.29;0.27
1986;11;7;311;5.2;2.8;-0.2;2;0.8;-1.1;1.5;0.7;0.12;1.6;2.5;0;197;50;90;51;96993;0.4;0;0.29;0.27
1986;11;8;312;8.8;3.2;-2.3;4.6;1.3;-2.9;1.2;1.6;0.11;1.5;2.5;0;315;67;99;52;96000;0.42;0.36;0.28;0.27
1986;11;9;313;5.1;2.6;-0.7;3.7;0;-1.8;0.5;0.7;0.11;1.5;2.5;0;266;64;107;63;96662;0.45;0.01;0.28;0.27
1986;11;10;314;9.2;3.6;-1;5.3;2.1;-2;0.5;2.2;0.11;1.5;2.5;0;289;57;98;59;96627;0.17;0;0.28;0.27
1986;11;11;315;10.3;4.3;-0.6;5.1;2.2;-1.4;-0.3;2.3;0.11;1.5;2.5;0;307;71;101;76;96728;0.37;0;0.28;0.27
1986;11;12;316;10.5;5.2;1.3;6.7;3.3;0;0;1.6;0.11;1.5;2.5;0;224;49;68;48;96977;0.27;0;0.28;0.27
1986;11;13;317;8;3.3;0.1;5.2;2.2;-0.5;-2.1;0.4;0.11;1.5;2.5;0;227;53;101;59;96616;0.18;0;0.27;0.27
1986;11;14;318;7.8;3.1;0.1;3;1;-0.9;-1.6;1;0.11;1.5;2.5;0;291;63;97;67;96099;0.37;0;0.27;0.27
1986;11;15;319;10.7;5.4;0.8;5.4;2.8;-0.2;-1.2;1.3;0.11;1.5;2.5;0;282;62;89;53;96396;0.42;0.39;0.27;0.27
1986;11;16;320;12.6;7.7;5.2;7.6;5.5;3.9;-0.4;2;0.11;1.5;2.5;0;283;59;94;52;96895;0.46;0.11;0.27;0.27
1986;11;17;321;9;5.7;2.3;6.9;4.7;1.9;-0.4;1.5;0.11;1.5;2.5;0;194;43;61;36;96688;0.22;1.04;0.27;0.27
1986;11;18;322;7.8;6;4.4;7.3;3.8;2.1;2;1.6;0.11;1.5;2.5;0;102;25;84;35;96920;0.48;0.21;0.27;0.27
1986;11;19;323;9.4;6.3;3.3;4.7;2.9;1.1;1;2.8;0.11;1.5;2.5;0;179;37;55;40;96391;0.4;0.23;0.27;0.27
1986;11;20;324;9;6.4;2.4;7.3;3.1;-0.1;1.7;1.8;0.11;1.6;2.5;0;120;17;69;29;95915;0.51;3.6;0.27;0.27
1986;11;21;325;4;2;-2;3.2;0.8;-2.3;-0.9;1.1;0.11;1.6;2.5;0;126;28;65;38;95825;0.36;0.94;0.27;0.27
1986;11;22;326;6.7;4.2;2.1;6.1;3.5;1.6;0.1;2.9;0.11;1.6;2.5;0;43;10;44;16;94976;0.38;4.29;0.27;0.27
1986;11;23;327;6.1;4.9;1.6;5.4;3.9;0.4;1.3;1.7;0.11;1.6;2.5;0;103;19;66;29;94741;0.37;3.62;0.27;0.27
1986;11;24;328;5.3;3.3;0.7;1.8;0.6;-0.4;2.3;2;0.11;1.6;2.5;0;117;22;62;31;95938;0.52;0.32;0.27;0.27
1986;11;25;329;8.3;6;4.7;5.5;2.9;-0.1;1;2.1;0.11;1.6;2.5;0;69;16;50;17;96700;0.2;0.03;0.27;0.27
1986;11;26;330;8.8;5.2;0.9;5.6;1.7;-1;0.8;1.8;0.11;1.6;2.5;0;255;55;98;53;96619;0.42;0.85;0.27;0.27
1986;11;27;331;6.5;3.6;-0.3;5.2;1.9;-0.9;2.6;-0.5;0.11;1.6;2.5;0;186;35;72;41;97742;0.72;0.8;0.27;0.27
1986;11;28;332;2.6;-0.6;-3.6;0.5;-1.5;-4;-1.2;-0.1;0.11;1.6;2.5;0;200;41;76;56;98020;0.07;0;0.27;0.27
1986;11;29;333;3.2;-0.7;-2.3;0.2;-1.9;-3.1;-1.4;-0.4;0.11;1.6;2.5;0;243;48;94;66;97481;0.16;0;0.27;0.27
1986;11;30;334;0.1;-1.9;-3.3;-2.2;-2.9;-3.7;0.2;0.8;0.11;1.6;2.5;0;148;30;65;40;97489;0.06;0;0.27;0.27
1986;12;1;335;1.8;-1.7;-3.9;-2.2;-3.5;-4.6;0.9;1.6;0.11;1.6;2.5;0;230;46;101;66;97115;0.06;0;0.26;0.27
1986;12;2;336;1.2;-0.2;-2;1.1;-0.8;-4.6;1.8;0.9;0.11;1.6;2.5;0;43;8;73;16;97229;0.02;0.4;0.26;0.27
1986;12;3;337;5.9;2.5;-0.7;5.3;1.8;-2.7;0.8;1.8;0.11;1.7;2.5;0;122;24;80;33;97425;-0.05;0.08;0.26;0.27
1986;12;4;338;6;1.1;-1.9;0.2;-2.6;-5.5;1.5;1.8;0.11;1.7;2.5;0;244;51;99;76;97402;0.39;0;0.26;0.27
1986;12;5;339;4.8;0.7;-1.5;-0.8;-2.8;-4.4;0.4;2;0.11;1.7;2.5;0;241;50;102;72;97076;0.17;0;0.26;0.27
1986;12;6;340;6.2;2.5;-0.3;2.9;0.7;-2.8;1;1.9;0.11;1.7;2.5;0;196;38;71;40;96383;0.2;1.78;0.26;0.27
1986;12;7;341;5.2;3.2;1.9;3.8;2.3;1.2;-1.1;1.6;0.11;1.7;2.5;0;94;20;48;16;96571;0.39;1.62;0.26;0.27
1986;12;8;342;7.4;3.4;-0.5;2.5;0.6;-3.7;-1.7;1.3;0.11;1.7;2.5;0;217;43;88;47;96429;0.54;0.03;0.26;0.27
1986;12;9;343;3.5;0.1;-1.7;0.8;-2;-4.3;-0.7;1.4;0.11;1.7;2.5;0;162;29;71;42;96447;0.16;0.25;0.26;0.27
1986;12;10;344;2.8;1.2;0.3;1.4;0.1;-1.3;0;0.4;0.11;1.7;2.5;0;65;14;17;2;97350;0.14;0.19;0.26;0.27
1986;12;11;345;1.3;0.3;-1;0.5;-0.8;-2.6;-0.1;0.1;0.11;1.7;2.5;0.01;104;19;41;18;97433;0.14;0.04;0.26;0.27
1986;12;12;346;0.6;-1.6;-2.9;-2.7;-3.4;-4.1;-0.7;0.8;0.11;1.7;2.5;0.02;188;38;83;54;96919;0.13;0;0.26;0.27
1986;12;13;347;-0.3;-2.1;-3.9;-2.2;-3.9;-4.9;-0.7;1.8;0.11;1.7;2.5;0.08;130;27;68;41;95872;0.07;0.4;0.26;0.27
1986;12;14;348;2.5;0.9;-0.6;1.6;0.5;-1.8;0.9;1.2;0.11;1.7;2.5;0.45;94;16;33;7;95741;0.06;0.54;0.25;0.27
1986;12;15;349;1.7;0.2;-0.7;0.2;-0.4;-0.9;0.4;1.7;0.11;1.7;2.5;0.59;98;19;41;19;95851;0.22;0.95;0.25;0.27
1986;12;16;350;3.2;1.2;-0.7;2.5;-0.5;-2.1;4.3;1.8;0.17;1.7;2.5;4.29;172;34;86;35;95098;0.8;8.6;0.26;0.27
1986;12;17;351;1.5;0.3;-1.1;0.5;-1;-2.2;3.7;0.7;0.2;1.7;2.5;6.35;128;24;60;29;95815;0.29;4.19;0.26;0.27
1986;12;18;352;5.2;3.1;0.9;4.6;2.5;0.2;3.6;2.5;0.25;1.7;2.5;8.98;23;5;16;5;95048;-0.04;16.51;0.26;0.27
1986;12;19;353;7.5;2.3;-0.1;6.5;-1.2;-4.2;6.8;0.5;0.19;1.7;2.5;5.44;178;34;80;40;93842;1.18;12.48;0.28;0.27
1986;12;20;354;0.2;-0.7;-1.6;-1.9;-2.8;-4.8;4.8;-0.4;0.23;1.6;2.5;8.54;126;20;73;42;94806;0.27;3.57;0.28;0.27
1986;12;21;355;-0.4;-1.1;-2.2;-1.8;-2.5;-3.3;4.1;0.4;0.32;1.6;2.5;14.41;87;15;42;21;94738;0.29;8.44;0.28;0.27
1986;12;22;356;-2.6;-6.3;-7.5;-3.2;-8.5;-10.7;1.9;-1.4;0.38;1.6;2.5;20.46;101;19;42;25;95241;0.27;2.83;0.28;0.27
1986;12;23;357;-4.4;-5.6;-6.4;-7;-7.7;-9.5;2.8;-1.2;0.38;1.6;2.5;22.38;122;23;59;34;95767;0.24;2.59;0.28;0.27
1986;12;24;358;-4.1;-6.7;-8.3;-8.1;-8.9;-9.8;1.3;-1.9;0.38;1.6;2.5;24.05;103;20;71;35;96822;0.14;0.64;0.28;0.27
1986;12;25;359;-5.9;-8.4;-11.6;-9.3;-10.7;-12.7;0.5;1.7;0.38;1.6;2.5;24.35;94;17;46;26;96704;0.2;0.49;0.28;0.27
1986;12;26;360;-1.9;-4.6;-8.1;-2.6;-6.4;-11.1;1.6;1.4;0.38;1.5;2.5;25.7;36;8;38;11;95233;0.15;3.49;0.27;0.27
1986;12;27;361;-0.1;-1.4;-1.9;-2.2;-2.7;-3.7;3.9;-0.3;0.38;1.5;2.5;30.13;112;20;81;26;95368;0.21;4.13;0.27;0.27
1986;12;28;362;1.6;0.3;-1.7;1;-0.7;-2.6;5;0.6;0.38;1.5;2.5;37.13;37;8;22;10;95654;-0.02;13.04;0.27;0.27
1986;12;29;363;4.9;4.1;1.2;4;3.4;1;6.3;1.2;0.38;1.5;2.5;37.16;24;4;6;2;95376;-0.79;15.92;0.29;0.27
1986;12;30;364;5.4;4.7;3.7;4.9;4.1;2.9;5.2;1.5;0.33;1.5;2.5;19.56;14;3;7;2;95342;-0.82;19.99;0.32;0.27
1986;12;31;365;5.3;4.7;3.6;4.3;3.7;3;5.6;1.8;0.22;1.4;2.5;8.3;60;13;36;12;95082;0.3;11.22;0.34;0.28
1987;1;1;1;5.3;4.3;3.8;5.2;3.7;2.7;3;0.6;0.15;1.4;2.5;3.43;57;10;27;8;95275;0.28;13.41;0.34;0.28
1987;1;2;2;8.1;2.9;-3.4;6.7;1.8;-6.3;4;0.2;0.13;1.4;2.5;1.93;133;28;52;28;94563;0.98;8.53;0.34;0.29
1987;1;3;3;-3.5;-4.8;-6.7;-6.7;-10.7;-12.5;0.4;-1.8;0.16;1.4;2.5;3.43;229;47;115;69;95954;0.37;1.22;0.33;0.3
1987;1;4;4;-1.9;-3.4;-5;-3.7;-6.6;-8.7;2.4;0.2;0.18;1.4;2.5;4.47;155;32;67;39;96631;0.12;1.68;0.32;0.3
1987;1;5;5;1;-0.3;-2;-0.3;-1.9;-4.5;4.8;1.5;0.31;1.4;2.5;12.65;36;9;40;16;95150;0.24;11.7;0.31;0.3
1987;1;6;6;0.6;-0.4;-5;-0.6;-1.8;-7.1;3.8;-0.4;0.37;1.3;2.5;20.6;91;17;51;28;94662;0.29;8.49;0.3;0.3
1987;1;7;7;-6.1;-9.8;-15.1;-7.8;-12.5;-16.9;-0.1;-2.4;0.38;1.3;2.5;25.15;140;28;85;49;96176;0.21;0.18;0.3;0.31
1987;1;8;8;-6.5;-10.5;-15.9;-9.4;-13.3;-17.6;1.9;0.6;0.38;1.3;2.5;25.22;139;25;57;30;96575;0.23;1.35;0.3;0.31
1987;1;9;9;-3.2;-5;-6.6;-5.6;-6.9;-9;3.7;0.3;0.38;1.3;2.5;29.3;73;15;27;12;95442;0.22;5.02;0.29;0.31
1987;1;10;10;-6.1;-8.5;-12.5;-7.5;-10.8;-16;-2.3;-0.9;0.38;1.3;2.5;32.47;83;17;23;15;94993;0.21;3.4;0.29;0.31
1987;1;11;11;-13.1;-17;-19.4;-16.8;-21.1;-22.4;-1.7;-3.3;0.38;1.2;2.5;34.57;111;23;40;27;95546;0.26;0.96;0.28;0.31
1987;1;12;12;-15.7;-18.2;-21.3;-18.6;-21.5;-24.3;1.8;-1.4;0.38;1.2;2.5;36.27;96;19;55;23;95545;0.04;2.32;0.28;0.31
1987;1;13;13;-14.7;-17.2;-19.2;-18.4;-20;-22.1;-0.3;0.5;0.38;1.2;2.5;37.32;161;33;74;50;95295;0.04;0.22;0.28;0.31
1987;1;14;14;-11.1;-15.1;-19.3;-14.4;-19.2;-22.5;-4.5;-1.1;0.38;1.2;2.5;37.27;186;39;74;47;95070;0.21;0.34;0.27;0.31
1987;1;15;15;-7.9;-9.5;-11.3;-11.2;-12.6;-15.1;-4.7;-1.8;0.38;1.2;2.5;39.61;76;15;19;7;94673;0.29;4.26;0.27;0.31
1987;1;16;16;-5.9;-8;-9.6;-8.9;-10.2;-12;-2.3;-1.5;0.38;1.2;2.5;41.42;113;22;33;19;96105;0.14;0.15;0.27;0.31
1987;1;17;17;-3.9;-6.9;-9;-6.8;-8.8;-10.6;-1.8;-1.2;0.38;1.2;2.5;41.42;115;22;36;21;97220;0.14;0.09;0.27;0.31
1987;1;18;18;-4.4;-8;-11.5;-8;-10.2;-13.2;-2.4;-1.2;0.38;1.2;2.5;41.38;159;34;71;33;97066;0.15;0.3;0.26;0.31
1987;1;19;19;0.5;-3.6;-7;-1.9;-5.2;-8.9;-1.8;-1;0.38;1.2;2.5;41.59;160;32;64;33;96903;0.12;0.09;0.26;0.3
1987;1;20;20;-2.3;-6.1;-8.9;-4.4;-7.5;-10;-1;-0.7;0.37;1.1;2.5;41.52;143;29;62;35;97335;-0.03;0.02;0.26;0.3
1987;1;21;21;-2.6;-8.4;-11.9;-6;-10;-13.1;-0.2;-0.7;0.37;1.1;2.5;41.48;179;38;87;45;97608;0.07;0.01;0.26;0.3
1987;1;22;22;-1.9;-5.5;-11.2;-3.9;-6.9;-12.1;0.9;-0.4;0.37;1.1;2.5;41.63;83;18;30;3;97526;0.08;0.36;0.25;0.3
1987;1;23;23;0.2;-2.6;-5.5;-0.4;-3.3;-6.4;2.1;-0.1;0.37;1.1;2.5;42.83;28;7;21;5;97054;0.07;3.86;0.25;0.3
1987;1;24;24;1.4;0.3;-2.4;0.3;-0.9;-2.7;0.5;-1.2;0.37;1.1;2.5;45.76;112;22;36;15;97257;0.12;0.96;0.25;0.3
1987;1;25;25;-1.6;-2.2;-2.9;-2.5;-2.9;-3.4;3.3;0.3;0.36;1.1;2.5;45.52;87;19;34;14;96815;0.09;0.67;0.25;0.3
1987;1;26;26;-1.2;-2.5;-6.8;-2.4;-3.8;-8.1;3.9;-0.5;0.37;1.1;2.4;49.5;43;9;82;25;95300;0.16;6.83;0.25;0.3
1987;1;27;27;-3.4;-7.3;-12.1;-7.6;-9.4;-13.6;1.1;0.5;0.37;1.1;2.4;52.61;190;36;78;47;95202;0.09;0.03;0.24;0.3
1987;1;28;28;-2.3;-6;-12.3;-4.1;-7.7;-13.8;3.3;0.3;0.37;1.1;2.4;53.28;94;22;50;23;94600;0.06;2.42;0.24;0.3
1987;1;29;29;-5.2;-8;-15.4;-6.6;-10.7;-18.1;2;-2;0.37;1.1;2.4;55.3;185;42;99;68;95358;0.14;0.82;0.24;0.3
1987;1;30;30;-10.9;-17.1;-23;-17.2;-20.9;-25.2;-1.8;-0.4;0.37;1.1;2.4;55.48;238;54;102;79;96384;0.06;0;0.24;0.3
1987;1;31;31;-8.5;-15.8;-21.8;-14.6;-19.9;-24.7;-1.5;-0.2;0.37;1.1;2.4;55.39;238;54;95;63;96458;0.1;0;0.24;0.3
1987;2;1;32;-6.2;-13.9;-20.5;-11.8;-17.8;-23.3;-1.3;0.3;0.37;1.1;2.4;55.3;236;53;91;54;96692;0.1;0;0.23;0.3
1987;2;2;33;-3.5;-12;-18.9;-10.2;-15.7;-21.1;-2;0.1;0.37;1.1;2.4;55.19;244;56;98;61;96339;0.15;0;0.23;0.3
1987;2;3;34;-3.2;-9.2;-16.1;-7.4;-12.8;-18.3;-1.3;0.7;0.37;1.1;2.4;55.04;243;55;89;45;96379;0.21;0.02;0.23;0.3
1987;2;4;35;1.2;-2.4;-4.8;-1.9;-4.6;-7;-0.4;0.4;0.37;1.1;2.4;54.91;140;31;53;21;96792;0.14;0.04;0.23;0.3
1987;2;5;36;1.1;-2.6;-6.3;-1;-3.9;-6.9;0;0.8;0.36;1.1;2.4;54.88;131;32;44;21;96790;0.1;0.08;0.23;0.3
1987;2;6;37;2.5;-0.4;-4.3;1.2;-1.8;-5.2;2.5;2;0.36;1.1;2.4;54.53;154;33;51;25;96315;-0.01;2.48;0.23;0.3
1987;2;7;38;3.9;1.8;-2.7;2.9;0.3;-4.2;4;-0.4;0.35;1.1;2.4;49;185;32;88;30;95970;0.02;7.84;0.24;0.3
1987;2;8;39;3.7;-1.3;-7.3;3.6;-2.4;-8.2;3;1;0.35;1.1;2.4;46.64;141;29;66;26;96436;-0.13;7.52;0.24;0.3
1987;2;9;40;4.4;3.7;2.7;4.3;3.7;2.7;2.1;0.8;0.35;1.1;2.4;40.17;37;8;0;-2;95854;-0.4;3.62;0.26;0.3
1987;2;10;41;6;3.3;1;5.1;2.8;0.8;0.9;1.6;0.34;1.1;2.4;31.5;71;15;35;6;94892;-0.5;4.38;0.27;0.29
1987;2;11;42;4.9;1.5;-0.4;1.9;0.4;-0.7;-1.8;0.3;0.31;1.1;2.4;24.77;255;56;79;42;94378;-0.03;0;0.28;0.29
1987;2;12;43;8.1;1.1;-2.7;2.1;-0.7;-3.4;-1.2;0.2;0.29;1.1;2.4;20.76;270;65;96;57;94238;0;0;0.28;0.29
1987;2;13;44;2.5;-0.1;-3.8;0.7;-0.8;-4.1;0.7;-0.3;0.28;1.1;2.4;18.15;126;28;63;23;94905;0.11;1.01;0.28;0.29
1987;2;14;45;4;0.8;-3.8;1.9;-0.2;-4.2;-1.4;-0.2;0.26;1.1;2.4;16.47;114;26;30;10;94994;0;0.03;0.28;0.29
1987;2;15;46;2;0.4;-1;1.2;-0.1;-1.6;-0.3;-1.2;0.26;1.1;2.4;15.88;89;18;20;10;94946;0.08;5.36;0.28;0.29
1987;2;16;47;1.3;-0.7;-2.9;-1.8;-2.5;-4.7;1.4;-0.7;0.29;1.1;2.4;17.52;117;29;53;20;95017;0.31;0.3;0.28;0.29
1987;2;17;48;0.2;-1.5;-3.2;-4.7;-5.1;-5.8;-0.5;-1.3;0.28;1.1;2.4;17.37;151;35;35;20;95207;0.38;0.16;0.28;0.29
1987;2;18;49;-1.1;-2.2;-4.5;-3.4;-4.5;-6;-1.2;-1.7;0.32;1.1;2.4;20.27;82;21;46;23;95118;0.23;5.77;0.28;0.29
1987;2;19;50;-1;-3.4;-5.7;-4.9;-6;-7.2;-1.8;-2.1;0.35;1.1;2.4;22.85;217;49;50;28;95416;0.39;0.63;0.27;0.29
1987;2;20;51;0.7;-0.6;-2.5;-1.8;-2.8;-4.7;-4.2;-2.9;0.36;1.1;2.4;24.25;88;24;27;15;95111;0.42;4.13;0.27;0.29
1987;2;21;52;2.6;0.9;-0.2;0.8;-0.4;-1.9;-2.1;-1.5;0.36;1.1;2.4;26.36;71;17;18;9;95030;0.07;2.16;0.27;0.29
1987;2;22;53;1.6;-0.1;-1.3;-0.7;-1.5;-2.5;1.7;0.1;0.35;1.1;2.4;25.79;132;30;28;14;95710;0.22;1.58;0.27;0.29
1987;2;23;54;-1;-3.3;-9.1;-2.5;-8.3;-13;1.1;-2.3;0.36;1.1;2.5;26.51;259;63;109;55;96281;0.63;0.84;0.27;0.29
1987;2;24;55;-1.6;-7.2;-12.7;-11.4;-13.5;-15.7;-2.5;0.3;0.36;1.2;2.5;26.26;335;88;125;80;96496;0.52;0;0.27;0.29
1987;2;25;56;0.5;-6;-11.4;-8.5;-12.3;-16.7;-2.5;0.4;0.35;1.2;2.5;25.76;331;84;118;72;96147;0.54;0;0.27;0.29
1987;2;26;57;2.3;-2.6;-8.7;-2.1;-7;-13.5;-1.5;0.9;0.35;1.2;2.5;25.14;211;53;54;34;96464;0.38;0.32;0.27;0.29
1987;2;27;58;3.7;1.4;-1.2;3.6;1.1;-1.9;0.7;1.9;0.35;1.2;2.5;26.37;41;12;10;1;96058;-0.23;9.11;0.27;0.29
1987;2;28;59;5;4.2;3.4;5;4.1;3.4;2.7;-0.4;0.32;1.2;2.5;20.2;63;15;3;-1;95635;-0.52;8.29;0.28;0.29
1987;3;1;60;5.2;3;-0.4;4.9;2.7;-1.2;0.6;-0.7;0.26;1.2;2.5;13.29;91;20;15;2;96278;-0.09;4.09;0.29;0.29
1987;3;2;61;-0.9;-4;-8.3;-2;-5.6;-10.6;-3.1;0.2;0.34;1.2;2.5;24.55;30;8;4;0;95000;0.49;30.61;0.29;0.29
1987;3;3;62;-8.3;-11.6;-20.1;-10.7;-16.6;-21.9;-2.5;-2;0.39;1.2;2.5;40.17;275;79;99;58;96260;0.44;1.35;0.3;0.29
1987;3;4;63;-6.2;-15.3;-23.2;-12.8;-18.9;-25.5;-0.9;0;0.39;1.2;2.5;40.02;356;92;120;67;96552;0.18;0;0.29;0.29
1987;3;5;64;-5.3;-14.2;-23.5;-11.4;-17.7;-25.5;-1.5;-0.4;0.38;1.2;2.5;39.81;313;88;111;67;96889;0.23;0;0.29;0.29
1987;3;6;65;-4.3;-12;-21.8;-10.5;-15.7;-23.7;-1;-1.3;0.38;1.3;2.5;39.69;337;82;99;57;97277;0.24;0.2;0.29;0.29
1987;3;7;66;-5.9;-12.7;-20.8;-11.7;-16.1;-22.9;-1.2;-1.6;0.38;1.3;2.5;39.56;362;96;103;70;97053;0.21;0;0.29;0.29
1987;3;8;67;-4.2;-10.1;-17.4;-9.5;-13.1;-19.2;-2.5;-0.3;0.38;1.3;2.5;39.32;336;93;94;56;96789;0.25;0;0.28;0.29
1987;3;9;68;-3.4;-7.1;-11.3;-8.1;-10.3;-13.2;-2.7;-1.2;0.38;1.3;2.5;39.02;298;79;74;55;96848;0.31;0;0.28;0.29
1987;3;10;69;0.4;-5.9;-12.9;-4.7;-9.1;-14.9;-2.2;-1.2;0.38;1.3;2.5;38.7;374;104;107;76;96977;0.33;0;0.28;0.29
1987;3;11;70;-2.3;-6.7;-13.2;-7.4;-9.9;-14.9;-2.5;-1;0.37;1.3;2.5;38.33;347;88;81;59;97056;0.33;0;0.28;0.29
1987;3;12;71;-2.4;-7.4;-12.1;-9;-11.1;-15.2;-2.3;-0.9;0.37;1.3;2.5;37.97;342;97;115;73;97069;0.36;0;0.28;0.29
1987;3;13;72;-1.3;-8.2;-16.5;-8.9;-13.1;-19.5;-2.7;-0.1;0.37;1.3;2.5;37.55;401;115;120;83;96616;0.47;0;0.27;0.29
1987;3;14;73;0.3;-5.9;-11.9;-7;-10.6;-14.1;-2.6;-1;0.37;1.3;2.5;37.03;401;114;112;87;96577;0.55;0;0.27;0.29
1987;3;15;74;2.6;-5.5;-15.5;-4.4;-10.2;-18.2;1.5;0.5;0.36;1.4;2.5;36.23;399;105;116;58;96081;0.64;1.24;0.27;0.29
1987;3;16;75;0.9;-1.8;-4.6;-3.3;-4.2;-6;3.6;-0.6;0.37;1.4;2.5;38.62;317;87;76;49;95152;0.43;4.08;0.27;0.29
1987;3;17;76;-0.2;-2.2;-4.7;-1;-4.5;-7.4;3;1.2;0.37;1.4;2.5;42.02;181;50;42;21;95361;0.34;7.15;0.27;0.29
1987;3;18;77;4.6;1.7;-0.8;0.9;-0.1;-1.7;3.6;2.3;0.37;1.4;2.5;46.58;149;41;55;17;94499;0.03;6.58;0.27;0.29
1987;3;19;78;2.8;-0.5;-3.7;-0.2;-2.6;-5.1;2.1;2.1;0.37;1.4;2.5;45.48;328;78;79;52;94303;0.29;3.91;0.27;0.29
1987;3;20;79;2;-2.1;-6.3;-3.5;-5.1;-6.8;2.2;-0.1;0.37;1.4;2.5;45.67;380;108;108;67;94610;0.46;1;0.27;0.29
1987;3;21;80;3.6;-1.2;-4.9;-3.9;-6;-10.5;1.2;1.8;0.36;1.5;2.5;45.02;366;109;113;66;95488;0.66;0.84;0.27;0.29
1987;3;22;81;3.9;-0.3;-4.9;0.3;-4.4;-10.6;1.5;1.7;0.36;1.5;2.5;42.81;338;103;87;57;95790;0.32;2.08;0.27;0.29
1987;3;23;82;4;-0.6;-9.2;2.2;-1.9;-9.6;0.8;2.4;0.35;1.5;2.5;38.72;301;62;64;27;96065;-0.1;6.08;0.28;0.29
1987;3;24;83;6;4.6;2.3;5.1;3.8;1.3;2.4;2;0.32;1.5;2.5;28.76;89;22;8;3;95389;-0.59;9.62;0.3;0.29
1987;3;25;84;10.3;6.4;3.5;7;4.9;3.1;0.7;1.9;0.26;1.5;2.5;17.47;196;55;44;15;95211;-0.1;1.9;0.31;0.29
1987;3;26;85;8.3;5.7;-0.8;7.9;4.6;-1.7;1.8;0.6;0.21;1.5;2.5;9.54;169;44;86;25;95697;0.03;1.75;0.32;0.29
1987;3;27;86;12.1;5.8;-2.3;5;2.2;-2.8;1.1;3.4;0.18;1.5;2.5;5.6;420;91;61;31;95355;1.04;1.08;0.32;0.29
1987;3;28;87;10.2;6.9;2.9;5.9;2.9;-0.4;3.7;2.5;0.15;1.6;2.5;1.97;290;77;67;37;94266;1.69;7.27;0.32;0.3
1987;3;29;88;6.4;2.8;-1.5;1.4;-2;-5.5;2.4;-0.9;0.15;1.6;2.5;1.85;533;152;114;71;94926;1.55;2.29;0.32;0.3
1987;3;30;89;4.1;0.4;-2.6;-3.4;-5.8;-8.1;1.6;-1.8;0.15;1.6;2.5;1.71;424;127;100;66;96496;0.92;0.18;0.31;0.3
1987;3;31;90;3.5;0.7;-2.7;-0.6;-3.6;-5.1;-0.4;-1.9;0.15;1.6;2.5;1.76;355;101;64;41;96666;0.55;0.48;0.3;0.3
1987;4;1;91;3.9;1.3;-2.9;1.9;-0.3;-3.7;-0.7;-1.8;0.17;1.6;2.5;3.16;232;70;81;36;95733;0.77;4.86;0.3;0.3
1987;4;2;92;5.5;1.2;-4.1;1.5;-1.4;-4.8;-1.3;0.2;0.17;1.6;2.5;2.87;323;86;61;40;94660;0.57;1.42;0.3;0.3
1987;4;3;93;12.4;5.4;-1;1.9;0.7;-1.5;-3.5;0.8;0.15;1.7;2.5;1.78;598;184;116;77;94731;1.65;0;0.3;0.3
1987;4;4;94;15.8;8.9;3.3;6.9;4.5;2.1;-2.9;0.7;0.14;1.7;2.5;0.63;588;164;102;64;94502;1.6;1.32;0.29;0.3
1987;4;5;95;10.7;6.5;2.8;3.8;1.8;0;3.8;0.2;0.13;1.7;2.5;0.17;363;122;108;51;95054;1.78;1.84;0.29;0.3
1987;4;6;96;11.9;6.7;0.9;5.4;3.3;-0.5;2.7;0.4;0.13;1.7;2.5;0.06;582;173;106;72;95706;1.42;1.01;0.29;0.3
1987;4;7;97;15.7;8.6;-0.5;6.7;3.6;-0.5;-0.3;1.7;0.13;1.7;2.5;0.01;615;184;127;72;95788;1.94;0.32;0.28;0.3
1987;4;8;98;14.1;10.3;7.1;7.8;6.2;3.4;1.9;0.8;0.13;1.7;2.5;0;353;109;79;42;95350;1.4;0.75;0.28;0.3
1987;4;9;99;15.1;10.6;5.5;9.6;7.3;4.4;-0.8;-0.4;0.14;1.7;2.5;0;437;126;74;38;95025;1.64;11.28;0.28;0.3
1987;4;10;100;12.9;8.7;5.5;7.4;5.8;3.5;1.8;-2.5;0.14;1.8;2.5;0;461;116;69;37;95093;2.15;10.48;0.29;0.3
1987;4;11;101;10.4;6.6;2.9;3.1;0.5;-2.3;2.5;0.2;0.14;1.8;2.5;0;420;143;77;58;95566;1.65;0.13;0.29;0.3
1987;4;12;102;8.4;4.8;0.7;3.5;1.6;-0.7;2.2;1.1;0.14;1.8;2.5;0;564;176;97;61;95555;2.05;3.47;0.29;0.3
1987;4;13;103;9.6;4.9;0.6;0.8;-0.6;-2.6;0.7;-0.9;0.14;1.8;2.5;0;482;150;88;56;96619;1.52;0.02;0.29;0.3
1987;4;14;104;10;5.7;-0.3;1.8;0;-1.1;-0.1;-1.5;0.14;1.8;2.5;0;443;141;81;56;97172;1.44;0.06;0.28;0.3
1987;4;15;105;9.9;6.5;1.9;5;2.9;0.8;0.4;-0.8;0.14;1.8;2.5;0;334;82;52;34;97170;0.82;0.21;0.28;0.3
1987;4;16;106;10.2;7.8;3.8;6.5;5.3;3.2;1.6;-0.8;0.14;1.9;2.5;0;252;71;50;24;96902;0.72;0.46;0.27;0.3
1987;4;17;107;12.8;9.3;6.5;6.4;4.6;2.9;1.4;-0.8;0.14;1.9;2.5;0;430;141;102;49;96826;1.67;0.19;0.27;0.3
1987;4;18;108;17;10.8;4.8;8.1;5.5;3;1;-1.1;0.14;1.9;2.5;0;629;213;120;83;96559;2.26;0;0.27;0.3
1987;4;19;109;17.7;11.1;3.6;11.2;7.3;2.2;0.4;0.5;0.14;1.9;2.5;0;587;174;96;66;96328;1.93;1.66;0.26;0.3
1987;4;20;110;13.8;10.1;7.2;10.5;7.1;3.5;2.9;0.8;0.14;1.9;2.5;0;525;126;91;47;95880;2.14;8.51;0.27;0.3
1987;4;21;111;9;6.3;4.7;4.1;3.4;2.5;2.8;-1.4;0.14;2;2.5;0;435;117;76;40;96177;2.03;4.02;0.27;0.3
1987;4;22;112;10.6;6.9;3.6;4.1;2.7;1.1;-0.3;-1.7;0.14;2;2.5;0;460;118;92;45;96995;1.85;1.59;0.27;0.3
1987;4;23;113;14.1;8;0.5;5;2.6;-0.5;-1.5;0.2;0.14;2;2.5;0;681;232;132;94;97125;2.3;0;0.26;0.3
1987;4;24;114;17.5;10.7;2.1;8.8;4.6;1.3;-0.9;0.4;0.14;2;2.5;0;684;233;136;93;96628;2.66;0;0.26;0.3
1987;4;25;115;19.7;13;5.1;7.8;5.3;2.7;0.9;0;0.14;2;2.5;0;692;235;138;93;96080;2.95;0;0.25;0.3
1987;4;26;116;16;11.5;7.4;11.4;8.2;5.3;0.7;-1.1;0.14;2.1;2.5;0;417;143;86;56;96059;2.23;6.58;0.25;0.3
1987;4;27;117;12.9;9.2;5.4;4.9;1.3;-1;-2.4;-1;0.15;2.1;2.5;0;707;239;137;100;96847;2.79;0;0.25;0.3
1987;4;28;118;15.6;9.6;2.4;2.4;0.3;-1.2;-2.2;0.6;0.15;2.1;2.5;0;702;243;137;105;97293;2.94;0;0.25;0.3
1987;4;29;119;20.6;13.2;4.7;9.9;3.9;-0.6;-1.8;0.9;0.15;2.1;2.5;0;700;243;135;99;96918;3.19;0;0.24;0.3
1987;4;30;120;22.2;15.3;5.8;11.3;7.9;4.3;0.3;-0.1;0.15;2.1;2.5;0;687;231;132;85;96340;3.05;0.18;0.24;0.3
1987;5;1;121;19.1;15.1;10.2;10.2;8.7;7.9;1.5;-0.6;0.15;2.2;2.5;0;638;204;112;75;96118;2.7;0.17;0.24;0.29
1987;5;2;122;21.4;14.7;7.7;13.3;10.3;7;0.5;0.5;0.15;2.2;2.5;0;592;195;108;70;95586;2.48;2.98;0.23;0.29
1987;5;3;123;12.9;9.8;2.6;10.8;8.8;2.5;0.8;-1.8;0.15;2.2;2.5;0.03;236;58;37;19;95166;1.61;42.26;0.24;0.29
1987;5;4;124;9.5;5.7;1.5;5.3;2.3;0.5;-0.4;-1.7;0.16;2.2;2.5;0.99;308;92;42;20;95410;1.55;3.75;0.27;0.29
1987;5;5;125;10;7.8;6.1;9.2;7;5.3;-1.6;-3.6;0.15;2.2;2.5;0.3;219;64;25;11;95955;1.63;7.45;0.27;0.29
1987;5;6;126;9.9;7;5;5.5;3.7;2;-0.3;-3.6;0.15;2.2;2.5;0.04;329;90;44;22;96178;1.46;0.5;0.27;0.29
1987;5;7;127;10.8;7;4.8;4.1;3.4;2.6;1;-2.9;0.15;2.3;2.5;0;294;75;77;30;96395;1.5;1.47;0.27;0.29
1987;5;8;128;14.2;9.1;3.1;5.1;3.3;2;1.1;-2.3;0.15;2.3;2.5;0;506;176;96;75;96496;2.3;0.34;0.27;0.29
1987;5;9;129;17.5;10.8;3.2;8.1;5.1;2.4;0.8;0.1;0.15;2.3;2.5;0;712;254;133;97;96195;2.96;0;0.27;0.29
1987;5;10;130;19;12;6.9;10.9;7;2.8;2.3;1.4;0.15;2.3;2.5;0;610;194;104;66;95289;2.92;9.28;0.26;0.29
1987;5;11;131;10.6;7.7;4.2;5.2;1.5;-1.3;2.3;-0.2;0.15;2.3;2.5;0;446;166;84;67;95552;2.35;0.16;0.27;0.29
1987;5;12;132;14.4;9;5.2;7.8;4.7;0.9;3.2;2.7;0.15;2.4;2.5;0;568;128;90;43;94771;2.38;8.86;0.26;0.29
1987;5;13;133;8.9;7.3;4.2;6.8;3.9;-0.1;2.4;-0.3;0.15;2.4;2.5;0;346;118;74;42;94779;2.04;3.43;0.27;0.29
1987;5;14;134;10.1;6.3;1.7;1.4;0.6;-0.6;2;1;0.15;2.4;2.5;0;704;214;119;76;95424;2.61;1.22;0.27;0.29
1987;5;15;135;13.2;9.1;5.9;7;4.3;1.2;1.3;2.3;0.15;2.4;2.5;0;379;123;61;37;95042;2.1;4.3;0.27;0.29
1987;5;16;136;10;7.5;4.7;5.7;3.4;1.2;2.7;-0.2;0.15;2.4;2.5;0;403;141;85;50;95393;2.2;1.91;0.27;0.29
1987;5;17;137;12;7.7;1.9;3.2;1.8;1;0.6;0.5;0.16;2.4;2.5;0;448;159;111;70;95952;2.05;0.39;0.26;0.29
1987;5;18;138;15.9;10.6;6.1;9.1;6.2;1.2;-0.3;-0.6;0.16;2.5;2.5;0;485;153;95;52;95520;1.93;0.53;0.26;0.29
1987;5;19;139;16.9;11.8;5.3;8.8;7;5.1;-0.8;-1.9;0.16;2.5;2.5;0;615;181;105;61;95713;2.56;0.89;0.26;0.29
1987;5;20;140;11.8;8.6;4.8;7.8;4.4;0.2;2.2;-1.7;0.16;2.5;2.5;0;417;142;77;61;95851;1.95;0.9;0.26;0.29
1987;5;21;141;7.8;5.2;2.4;5.1;2.9;1;2.4;0.8;0.16;2.5;2.5;0;458;143;81;43;95691;2.17;4.25;0.26;0.29
1987;5;22;142;7.9;5.2;1.5;4.9;3.1;1.1;0.5;-1.5;0.16;2.5;2.5;0;277;92;57;30;95766;1.65;6.76;0.26;0.29
1987;5;23;143;10;7.1;4.5;7.6;6.1;4.2;1.4;-1.2;0.16;2.5;2.5;0;121;38;34;12;95876;0.66;3.68;0.26;0.29
1987;5;24;144;16.8;11.2;3.7;6.9;4.9;3.2;-0.7;-1.5;0.16;2.5;2.5;0;727;227;131;72;95859;3.14;0;0.26;0.29
1987;5;25;145;16.9;12.4;7.2;9.6;7.7;5.8;-0.5;-1.5;0.16;2.6;2.5;0;599;222;106;72;96190;2.88;0.36;0.26;0.29
1987;5;26;146;18.7;13.2;5.3;9.7;6.7;4.6;-0.7;-0.4;0.16;2.6;2.5;0;633;223;107;80;96100;3.12;0;0.25;0.29
1987;5;27;147;18.1;13.1;7.8;12.8;8.9;5.2;1.3;1.1;0.16;2.6;2.5;0;619;192;94;65;95653;2.71;3.74;0.25;0.29
1987;5;28;148;16.1;11.8;8.8;10.4;7.7;5.1;2.5;-0.2;0.16;2.6;2.5;0;535;137;99;54;95866;2.18;1.16;0.25;0.29
1987;5;29;149;13.4;10;5.4;9.4;7.1;4.1;1.7;-0.1;0.16;2.6;2.5;0;369;134;77;48;96199;2.19;5.78;0.25;0.29
1987;5;30;150;13.2;9.9;6.9;7.3;5.7;3.6;2.4;-1.1;0.16;2.6;2.5;0;439;153;63;35;96573;2.75;2.33;0.25;0.29
1987;5;31;151;14.6;11.7;9;10.7;9.1;7.4;1.4;-0.3;0.16;2.6;2.5;0;378;112;51;28;96113;1.89;5.71;0.25;0.29
1987;6;1;152;15.8;12.3;9.6;10;8.4;6.3;1.8;-1.1;0.16;2.6;2.5;0;454;152;84;44;96229;2.6;2.35;0.25;0.29
1987;6;2;153;16;12.4;9.1;11.1;9.2;6.4;2.4;0;0.16;2.7;2.5;0;539;191;80;55;96169;2.91;4.64;0.25;0.29
1987;6;3;154;14.5;12;10.1;12.4;10.9;9.4;1.6;1.2;0.16;2.7;2.5;0;166;48;43;21;95608;0.93;7.9;0.25;0.29
1987;6;4;155;16.6;12.4;9.7;13.1;11;9.1;1.8;1.1;0.16;2.7;2.5;0;540;119;71;28;95144;2.07;7.5;0.26;0.28
1987;6;5;156;15.9;12.3;9.4;12.3;10.2;9;2.6;0.3;0.16;2.7;2.5;0;525;163;92;45;95538;2.63;2.31;0.26;0.28
1987;6;6;157;19;14.7;8.4;11.8;10.1;8;2.2;1.5;0.16;2.7;2.5;0;460;156;67;47;95947;2.59;0.95;0.26;0.28
1987;6;7;158;16.7;14.4;12.7;14.6;13.2;11.8;1.2;1.8;0.16;2.7;2.5;0;274;71;58;29;95715;1.53;11.49;0.26;0.28
1987;6;8;159;14.5;11.6;8.9;13.5;9.5;7.3;1.9;2.1;0.16;2.7;2.5;0;191;70;46;28;95196;2.19;5.79;0.27;0.28
1987;6;9;160;15.2;11.6;8.2;9.6;8.2;7.2;0.7;1;0.16;2.8;2.5;0;507;163;83;53;95262;2.37;2.8;0.27;0.28
1987;6;10;161;16.9;12.4;7.1;10.8;8.7;6.6;0.6;0.8;0.16;2.8;2.6;0;610;214;108;70;95710;3.16;2.3;0.27;0.28
1987;6;11;162;21.3;15.7;8.5;12.1;10;6.7;0.4;1.3;0.16;2.8;2.6;0;673;248;108;81;96189;3.78;0.2;0.26;0.28
1987;6;12;163;22.7;16.8;11.7;15.2;12.8;9.4;0.4;-0.3;0.16;2.8;2.6;0;629;209;106;66;96220;3.23;5.12;0.26;0.28
1987;6;13;164;24.1;16.9;11.7;15.7;13.4;11.6;-0.8;1.1;0.16;2.8;2.6;0;708;222;110;60;95692;3.66;5.89;0.26;0.28
1987;6;14;165;18.4;16.1;13.5;14.7;13;11.2;1.3;-0.1;0.16;2.8;2.6;0;468;165;68;46;95622;3.01;5.49;0.26;0.28
1987;6;15;166;20.5;15.4;11.1;16.4;13.4;9.6;0.5;-0.2;0.16;2.8;2.6;0;371;126;52;38;94800;2.66;20.24;0.27;0.28
1987;6;16;167;13.4;9.8;7.5;9.2;6.8;5.5;3.2;-0.8;0.16;2.8;2.6;0;453;127;81;42;95440;2.64;2.78;0.28;0.28
1987;6;17;168;12.7;9.5;6.6;7.1;5.5;4.4;3;0.6;0.16;2.8;2.6;0;531;191;87;63;95968;3;4.41;0.28;0.28
1987;6;18;169;12.2;9.6;7.2;9.1;6.3;4.9;2.8;0.3;0.16;2.8;2.6;0;501;143;62;37;95584;2.7;6.41;0.28;0.28
1987;6;19;170;17.5;12.4;7;10.7;8.3;4.9;0.7;1.5;0.16;2.8;2.6;0;663;209;106;63;95209;2.97;3.19;0.28;0.28
1987;6;20;171;17.6;13.7;9.9;12.2;10.7;9.5;0.6;0.5;0.16;2.8;2.6;0;556;195;95;55;95114;3.12;7.23;0.28;0.28
1987;6;21;172;15.7;12.7;10.2;12.6;10.7;9.2;1.2;-1.6;0.16;2.8;2.6;0;398;136;57;38;95952;2.58;7.01;0.29;0.28
1987;6;22;173;17;13;8.4;10.9;9.2;8.1;1.2;-0.3;0.16;2.8;2.6;0;513;195;92;66;96506;3.09;2.09;0.28;0.28
1987;6;23;174;16.1;12.9;9.5;12.4;10.7;8.6;2.2;1;0.16;2.8;2.5;0;363;95;70;37;96403;1.76;3.65;0.28;0.28
1987;6;24;175;17.2;13.2;11;12.8;11.6;10.5;2.4;0.7;0.16;2.8;2.5;0;403;103;65;30;96066;2.13;12.35;0.29;0.28
1987;6;25;176;15.8;12.5;9.1;10.4;8.1;6.5;2.6;-0.1;0.16;2.8;2.5;0;417;164;88;54;96224;2.86;1;0.29;0.28
1987;6;26;177;19.7;14.2;8.3;14.1;11.3;6.2;1;0.9;0.15;2.7;2.5;0;563;166;85;45;95887;2.68;6.08;0.29;0.28
1987;6;27;178;19.5;15.6;11.2;14.8;12.7;11;1.7;0.3;0.15;2.7;2.5;0;549;182;86;53;96386;2.81;0.57;0.29;0.28
1987;6;28;179;19.8;16.5;10.6;16.1;13.7;9.4;1.6;-0.2;0.15;2.7;2.5;0;386;131;63;43;96802;1.82;0.06;0.28;0.28
1987;6;29;180;26.5;20.4;12.1;18.6;15.8;12;-1.5;0;0.15;2.7;2.5;0;619;225;89;60;96936;3.83;0;0.28;0.28
1987;6;30;181;28.7;23.6;16.2;19.8;17.5;15.3;0.1;0.4;0.15;2.7;2.5;0;666;248;99;69;96466;4.33;0;0.28;0.28
1987;7;1;182;27.1;22.1;18.8;19.6;18.6;17;0.3;-1.3;0.15;2.7;2.5;0;605;159;89;43;96176;2.81;8.56;0.28;0.28
1987;7;2;183;21.9;19.1;16.6;16.5;14.9;13.9;-2.3;-1.5;0.15;2.7;2.5;0;377;125;62;39;96529;2.63;0.3;0.28;0.28
1987;7;3;184;24.2;20;15.4;14.8;13.7;12.5;-2.6;-0.1;0.15;2.7;2.5;0;662;222;96;66;96534;4.02;0.03;0.27;0.28
1987;7;4;185;22.1;18.8;15.5;16.6;14.5;11.3;-1.8;-1.6;0.15;2.7;2.5;0;425;173;72;58;96570;3.07;1.39;0.27;0.28
1987;7;5;186;20.9;17.1;13.4;11;9.9;8.3;-2.6;-1.3;0.15;2.7;2.5;0;715;265;124;92;96778;4.34;0;0.26;0.28
1987;7;6;187;22.8;17.8;12;11.8;9.9;7.9;-2.8;0.5;0.15;2.7;2.5;0;725;271;122;98;96598;4.37;0;0.26;0.28
1987;7;7;188;26.1;20.2;12.3;16.2;13.1;10;0.3;0.3;0.15;2.7;2.5;0;722;266;123;89;96101;4.19;0;0.25;0.28
1987;7;8;189;19.6;17.6;14.9;18.1;16.7;14.3;1;-0.3;0.15;2.6;2.5;0;172;54;39;22;95841;1.24;30.99;0.26;0.28
1987;7;9;190;18.6;15.6;12.1;14.1;10.6;7.3;1.8;-1.4;0.15;2.6;2.5;0;588;178;101;56;96180;3.33;0.75;0.28;0.28
1987;7;10;191;18.4;14.5;9.2;10;8.1;6.7;2.1;-0.6;0.15;2.6;2.5;0;614;231;117;81;96571;3.46;0.05;0.27;0.28
1987;7;11;192;23.9;18.2;10.9;15;11.4;8.1;0.5;1.4;0.15;2.6;2.5;0;716;264;119;85;96239;4.11;0;0.27;0.28
1987;7;12;193;23.6;19.4;14.8;15.4;13.7;12.2;2.3;0.1;0.15;2.6;2.5;0;602;218;95;72;95888;3.71;0.35;0.26;0.28
1987;7;13;194;20.3;16.7;12.9;12.8;10.1;8.8;0.7;-1.7;0.15;2.6;2.5;0;611;208;99;72;96281;3.44;0;0.26;0.28
1987;7;14;195;22.7;17.9;11.9;13.6;11.6;9.5;-2.5;-0.1;0.15;2.6;2.5;0;638;219;103;76;96324;3.6;0;0.25;0.28
1987;7;15;196;25.4;20.1;14.4;18.8;15.2;11.3;-0.7;0.8;0.15;2.6;2.5;0;544;200;81;62;95996;3.39;4.24;0.25;0.28
1987;7;16;197;25.6;21.1;15.6;19.4;17.7;15.1;-1.3;0.1;0.15;2.6;2.5;0;553;173;76;51;95416;3.21;5.97;0.25;0.28
1987;7;17;198;25.6;20.8;16;18;16.8;14.4;1;0.3;0.15;2.6;2.5;0;653;218;98;57;94738;4.19;13.65;0.26;0.28
1987;7;18;199;16.9;15.5;13.5;14.1;12.9;11.9;0.8;-0.5;0.15;2.6;2.5;0;140;40;25;18;95280;1.66;11.89;0.26;0.28
1987;7;19;200;19.3;15.2;11.7;13.6;11.9;10;0.9;0.8;0.15;2.5;2.5;0;439;123;74;41;95640;2.28;2.83;0.27;0.28
1987;7;20;201;20.9;15.7;9.4;14.1;11.4;9.3;0.6;1.8;0.15;2.5;2.5;0;623;203;98;60;95651;3.35;2.27;0.27;0.28
1987;7;21;202;19.4;15.8;13;13.6;12.7;11.5;0.4;2.1;0.15;2.5;2.5;0;499;154;81;51;95779;2.87;6.79;0.27;0.28
1987;7;22;203;20.5;16;10.5;14.1;11.4;9.9;0.5;0.4;0.15;2.5;2.5;0;390;153;90;54;96083;2.59;0.19;0.27;0.28
1987;7;23;204;21.6;17.3;12.5;14.7;13.5;11.3;0.9;0.1;0.15;2.5;2.5;0;617;210;101;64;96156;3.23;2.1;0.27;0.28
1987;7;24;205;21.4;17.9;13.8;14;12.7;11.6;1.5;-0.3;0.15;2.5;2.5;0;632;187;88;60;96024;3.14;0.52;0.27;0.28
1987;7;25;206;17.7;14.3;11.2;12;11.2;10.1;2.4;-0.5;0.15;2.5;2.5;0;541;147;81;49;95805;2.21;1.78;0.26;0.28
1987;7;26;207;13.9;11.2;9.3;9.9;7.4;5.6;2.9;-0.8;0.15;2.5;2.5;0;538;171;97;59;95901;3.02;2.95;0.26;0.28
1987;7;27;208;12.5;10.8;8.6;11.9;8.8;5.6;3.9;1.9;0.15;2.5;2.5;0;328;62;63;23;95656;1.77;16.07;0.26;0.28
1987;7;28;209;14.5;11.9;9.7;9.5;8.3;7.3;3.7;-0.3;0.15;2.5;2.5;0;431;111;58;28;95900;2.3;1.32;0.27;0.28
1987;7;29;210;17.4;13.7;10.5;12.2;10.1;8.9;1.2;0.9;0.15;2.5;2.5;0;404;92;55;31;95901;1.65;0.75;0.27;0.28
1987;7;30;211;20.3;15.5;11.6;15.3;13.1;10.2;1.1;1.4;0.15;2.4;2.5;0;423;131;58;44;95552;2.4;8.37;0.27;0.28
1987;7;31;212;16.4;13.8;11;12.1;9.8;8.2;2.4;-0.7;0.15;2.4;2.5;0;337;108;53;29;95935;2.26;1.7;0.28;0.28
1987;8;1;213;16;13.9;11.2;14.3;11.5;8;3.6;0.8;0.15;2.4;2.5;0;169;55;70;28;95668;1.44;3.84;0.27;0.28
1987;8;2;214;12.8;11.8;10.2;12.2;10.3;7.9;2.7;0.8;0.15;2.4;2.5;0;177;55;60;24;95615;1.35;5.78;0.28;0.28
1987;8;3;215;16.6;14.1;11.7;13.1;11.7;10.3;2.5;0.9;0.15;2.4;2.5;0;366;89;40;20;95647;1.73;2.42;0.28;0.28
1987;8;4;216;16;13.8;10.5;13;8.6;5.7;3;-0.4;0.15;2.4;2.5;0;581;187;102;58;95710;3.15;0.97;0.28;0.28
1987;8;5;217;13.1;10.5;8.3;9.1;7.1;5.8;3.1;-0.8;0.15;2.4;2.5;0;422;160;76;60;95922;2.78;5.99;0.28;0.28
1987;8;6;218;13.3;9.9;6.9;8.3;6.2;4.6;2.3;0;0.15;2.4;2.5;0;564;173;94;66;95851;2.35;1.6;0.28;0.28
1987;8;7;219;15.4;10.9;4.8;8;5.8;3.4;0.2;1.2;0.15;2.4;2.5;0;517;164;102;70;95748;2.23;0.31;0.27;0.28
1987;8;8;220;17.8;12.9;6.3;10.9;9;5.6;1.5;1.4;0.15;2.4;2.5;0;578;176;97;67;96078;2.55;1.65;0.27;0.28
1987;8;9;221;18.9;13.4;9.1;13.9;10.9;8.1;1.2;1.3;0.15;2.3;2.5;0;506;124;86;46;95900;2.19;11.56;0.27;0.28
1987;8;10;222;15.9;12.7;9.1;13;10.4;7.2;2.9;0.3;0.15;2.3;2.5;0;437;138;79;42;96043;2.71;8.58;0.28;0.28
1987;8;11;223;16.7;12.2;6.7;9;7.4;5.9;0.8;-0.8;0.15;2.3;2.5;0;434;158;82;67;96347;2.23;0.52;0.28;0.28
1987;8;12;224;18.1;13.6;7.6;9.9;8.3;6.4;0.1;-0.4;0.15;2.3;2.5;0;429;139;92;53;96178;2.01;1.66;0.28;0.28
1987;8;13;225;19.6;15.5;11.8;11.4;9.8;8.1;-0.3;0;0.15;2.3;2.5;0;474;162;89;46;96149;2.68;2.5;0.28;0.28
1987;8;14;226;21.7;18;14.4;17;14.8;11;1.8;0.5;0.15;2.3;2.5;0;456;142;69;45;95697;2.36;2.92;0.28;0.28
1987;8;15;227;17.8;15.6;12.6;14.3;10.9;8.4;3.1;-1.2;0.14;2.3;2.5;0;489;140;83;50;95964;2.59;1.51;0.28;0.28
1987;8;16;228;17.6;14.8;11.5;11.9;9.9;9;1.7;-0.9;0.14;2.3;2.5;0;416;130;62;38;96411;2.17;0.37;0.27;0.28
1987;8;17;229;24.7;19;12.7;17.6;14.1;10.6;0;0.8;0.14;2.3;2.5;0;587;205;101;64;96019;2.97;0.02;0.27;0.28
1987;8;18;230;19.9;17.2;14.8;17.9;16.1;13.7;1.2;0.3;0.14;2.3;2.5;0;206;55;47;23;95764;0.89;10.74;0.27;0.28
1987;8;19;231;20.1;17;14.3;17.4;15.7;13.8;1.9;-0.7;0.14;2.3;2.5;0;368;99;66;28;96311;1.71;2.4;0.28;0.28
1987;8;20;232;21.8;17.6;13.2;14.4;13.6;13;-0.7;-0.7;0.14;2.3;2.5;0;339;125;72;44;96595;2.14;0.31;0.28;0.28
1987;8;21;233;23.9;18.9;13.2;14.5;13.2;12.3;-1.6;0.5;0.14;2.3;2.5;0;606;188;98;75;96355;2.95;0;0.27;0.28
1987;8;22;234;24.8;19.2;12.8;14.7;13.1;11.6;-1.7;0.8;0.14;2.2;2.5;0;648;216;123;87;95849;3.31;0;0.27;0.28
1987;8;23;235;25.3;19.3;13.5;19;16.1;12.1;-0.4;0.6;0.14;2.2;2.5;0;584;157;90;56;95582;2.27;4.88;0.27;0.28
1987;8;24;236;25.3;20.2;14.5;17.4;16.1;14.4;-2.2;0.6;0.14;2.2;2.5;0;502;166;91;51;95362;2.95;0.26;0.27;0.28
1987;8;25;237;18.9;16.4;13.5;15.8;12.9;9.5;1.2;1.2;0.14;2.2;2.5;0;186;50;59;37;95168;1.41;6.64;0.26;0.28
1987;8;26;238;17.6;14.2;11.9;10.3;9.3;7.9;1.8;2.3;0.14;2.2;2.5;0;346;119;97;56;95624;2.28;0.98;0.27;0.28
1987;8;27;239;19.5;14.9;11.9;13.5;11.2;8.6;1;1.1;0.14;2.2;2.5;0;449;115;84;44;95866;1.94;4.07;0.27;0.28
1987;8;28;240;16.3;13.3;11.7;13.3;11.5;10.2;3;0;0.14;2.2;2.5;0;363;74;53;25;96404;1.44;1.06;0.27;0.28
1987;8;29;241;14.2;13.2;12.2;13.9;11.9;9.9;2.8;0.1;0.14;2.2;2.5;0;26;10;38;10;96639;0.36;1.84;0.27;0.28
1987;8;30;242;20.1;16.1;11.9;13.7;12.3;10.7;1.8;-0.8;0.14;2.2;2.5;0;386;128;92;47;96488;2.24;0.44;0.27;0.28
1987;8;31;243;19.4;14.5;9.3;12.4;10.2;8.1;-0.3;-1.2;0.14;2.2;2.5;0;550;179;121;77;96347;2.38;0;0.26;0.28
1987;9;1;244;22.4;15.8;9.4;14.1;11.1;7.2;-2;0.6;0.14;2.2;2.5;0;612;196;115;82;96126;2.63;0;0.26;0.27
1987;9;2;245;19.9;16.5;13.9;17.2;15.2;12.7;0.3;0.1;0.14;2.2;2.5;0;269;68;49;23;96078;1.23;8.61;0.26;0.27
1987;9;3;246;22.2;17.7;14;14.9;14;12.7;-1.1;-0.8;0.14;2.2;2.5;0;377;123;90;46;96105;2.08;0.21;0.26;0.27
1987;9;4;247;23.5;17.7;11.3;15.5;13.3;11.3;-1.3;-0.3;0.14;2.2;2.5;0;571;175;112;68;96058;2.56;0;0.26;0.27
1987;9;5;248;20.1;16.3;13.3;16.9;14.8;13;0.6;0.6;0.14;2.2;2.5;0;329;87;66;36;95872;1.39;7.83;0.26;0.27
1987;9;6;249;17.5;14.5;11.7;13.8;11;9.1;2.8;0.1;0.14;2.2;2.5;0;380;116;86;48;96273;2.26;1.46;0.26;0.27
1987;9;7;250;17.2;14.4;11;13.6;11.5;8.6;2.5;2;0.14;2.2;2.5;0;147;42;73;27;96272;1.15;4.05;0.26;0.27
1987;9;8;251;16.7;13.6;10.1;13.4;9.6;7;1.4;-1.1;0.14;2.2;2.5;0;425;113;89;47;96268;2.04;9.98;0.27;0.27
1987;9;9;252;16.4;12.8;8.5;9.9;8.2;6.3;0.8;0.6;0.14;2.2;2.5;0;455;118;85;62;96428;1.55;0.08;0.27;0.27
1987;9;10;253;18.5;13.9;8.3;11.4;10;7.8;1.6;1.5;0.14;2.2;2.5;0;460;109;71;47;96241;1.71;0.43;0.27;0.27
1987;9;11;254;14.6;13.4;10.9;13.2;11.7;10.7;2.5;1;0.14;2.2;2.5;0;175;51;72;30;96287;1.27;4.57;0.27;0.27
1987;9;12;255;23.8;17.6;10.7;14.7;13.4;10.6;2.5;1.9;0.14;2.1;2.5;0;533;153;89;59;96050;2.38;0.26;0.27;0.27
1987;9;13;256;24;19.6;15.9;15.8;14.5;13.6;3.2;1.3;0.14;2.1;2.5;0;536;160;101;70;96129;2.54;0;0.26;0.27
1987;9;14;257;23;19.5;16.2;15.8;14.8;13.1;3.8;0.9;0.14;2.1;2.5;0;426;131;71;54;96175;2.25;0.56;0.26;0.27
1987;9;15;258;18.3;15.3;12.1;13.7;10.3;8.5;2;-0.6;0.14;2.1;2.5;0;513;135;111;57;96733;2.09;0.03;0.26;0.27
1987;9;16;259;21.1;15.2;9.4;14.4;10.8;7.1;-0.8;0;0.14;2.1;2.5;0;534;161;107;73;96808;2.02;0;0.26;0.27
1987;9;17;260;25.5;18.4;10;18.2;15.1;9.7;0.4;0.7;0.14;2.1;2.5;0;534;157;101;65;96656;2.04;0.8;0.25;0.27
1987;9;18;261;24.5;19.9;15.8;18.3;16.6;14.8;1.4;-0.5;0.14;2.1;2.5;0;492;137;88;59;96648;1.98;4.5;0.25;0.27
1987;9;19;262;19.5;16.8;14.6;15.2;14.8;13.8;0.3;-0.6;0.14;2.1;2.5;0;273;82;61;38;96526;1.33;0.62;0.25;0.27
1987;9;20;263;21.1;18;14.7;16.9;14.8;13.4;2.6;0.4;0.14;2.1;2.5;0;416;116;77;56;95956;1.87;1;0.25;0.27
1987;9;21;264;24.7;18.3;11.2;17.2;14.8;10.9;-0.3;1.5;0.13;2;2.5;0;517;150;101;69;96228;1.95;0;0.25;0.27
1987;9;22;265;25.7;19.7;14.7;16.9;15.5;13;0.5;1.6;0.13;2;2.5;0;485;145;97;71;96124;2.08;0.11;0.25;0.27
1987;9;23;266;22.3;18.3;15.4;16.4;15.5;14.6;1;1.4;0.13;2;2.5;0;343;104;65;40;95705;1.98;12.36;0.25;0.27
1987;9;24;267;15.7;13.8;11.6;14.2;10.9;7.8;3;1.5;0.13;2;2.5;0;367;100;79;50;95309;2.16;4.91;0.26;0.27
1987;9;25;268;14.8;11.5;8.5;9;6.5;3.6;2.2;1;0.13;2;2.5;0;423;103;90;56;95312;1.83;0.98;0.26;0.27
1987;9;26;269;12.6;10.3;8.1;9.8;8;5.7;-0.8;-0.9;0.13;2;2.5;0;136;28;43;18;95088;0.7;1.92;0.26;0.27
1987;9;27;270;11.1;9;5.9;7.6;4.8;1.7;2.1;-1.5;0.13;1.9;2.5;0;332;87;87;52;95948;1.6;1.13;0.26;0.27
1987;9;28;271;9.9;6.6;2.7;3.2;2;0.7;1.2;-1.1;0.13;1.9;2.5;0;358;91;80;58;96620;1.05;0.05;0.25;0.27
1987;9;29;272;9.9;6.1;2.3;3.9;2.3;1;0.5;-1.5;0.13;1.9;2.5;0;307;90;88;63;96750;1.06;0.61;0.25;0.27
1987;9;30;273;10;5.8;0.8;3.7;2.4;0.3;-2.7;-0.6;0.13;1.9;2.5;0;363;93;91;62;97050;0.92;0;0.25;0.27
1987;10;1;274;11.3;6.9;3.4;4.1;3;1.9;-3;-0.1;0.13;1.9;2.5;0;481;123;116;81;97214;1.14;0;0.25;0.27
1987;10;2;275;10.5;7;4;3.5;2.8;1.6;-3.8;-0.2;0.13;1.9;2.5;0;441;112;100;72;97287;1.1;0;0.25;0.27
1987;10;3;276;13;8.5;4.6;4;3.3;2.5;-3.7;0.5;0.13;1.8;2.5;0;414;106;90;73;97060;1.18;0;0.25;0.27
1987;10;4;277;13.3;9.4;4.7;7.1;5.2;2.6;-2.2;0.7;0.13;1.8;2.5;0;334;81;83;54;96550;0.85;0;0.25;0.27
1987;10;5;278;17.9;12;7;10.4;7.7;4.7;-2.6;0.7;0.13;1.8;2.5;0;458;126;98;68;95796;1.34;0;0.24;0.27
1987;10;6;279;20.4;14.4;10.9;11.9;9.7;7.5;0.3;1.9;0.13;1.8;2.5;0;461;114;107;65;95169;1.44;0.5;0.24;0.27
1987;10;7;280;14.5;12.2;10.6;10.3;8;5.3;1.4;2.3;0.13;1.8;2.5;0;425;94;99;58;95488;1.4;0.47;0.24;0.27
1987;10;8;281;13.6;10.4;7.9;9;6.4;2.2;0.9;2.8;0.13;1.8;2.5;0;174;35;80;49;94840;1.04;1.55;0.24;0.27
1987;10;9;282;12.6;8.9;6.3;4.9;3;2;0.7;1.9;0.13;1.7;2.5;0;455;117;121;80;95918;1.66;1.82;0.24;0.27
1987;10;10;283;17.9;12.2;6.5;8.9;6;3;-2.7;1.6;0.13;1.7;2.5;0;461;127;121;92;95190;1.45;0;0.24;0.27
1987;10;11;284;19.2;14;9.7;12.4;10.5;7.3;-1.5;0.2;0.13;1.7;2.5;0;399;86;94;60;94855;0.88;0.02;0.24;0.27
1987;10;12;285;14.6;10.1;5;12.7;7.2;1.4;1.7;1.3;0.13;1.7;2.5;0;170;37;47;26;94606;0.63;0.64;0.24;0.27
1987;10;13;286;11.7;8.3;5.6;4.9;3.7;2.7;1;2.3;0.13;1.7;2.5;0;348;78;77;50;95430;0.84;0.08;0.23;0.27
1987;10;14;287;11.6;8.8;6.3;6.8;5.5;3.8;0;2.3;0.13;1.7;2.5;0;254;63;84;51;95506;0.95;1.15;0.23;0.27
1987;10;15;288;15.9;12;8.3;9.4;7.1;3.8;-1.5;3.1;0.13;1.7;2.5;0;260;49;49;32;94934;1.23;2.57;0.23;0.27
1987;10;16;289;19.8;14.7;10.7;11.2;9.2;7;-0.1;1.1;0.13;1.6;2.5;0;353;89;97;56;95250;1.14;0;0.23;0.27
1987;10;17;290;11.1;10.2;8.6;9.4;8.1;6.4;1.1;-1.6;0.13;1.6;2.5;0;54;15;33;16;96355;0.5;6.29;0.23;0.27
1987;10;18;291;12.3;9.3;6.6;8.6;6.7;4.8;-0.4;-0.6;0.13;1.6;2.5;0;203;48;81;30;96819;0.74;0.16;0.24;0.27
1987;10;19;292;12.4;7.8;5.4;5.5;5;4.6;-2.7;0.2;0.12;1.6;2.5;0;416;102;119;78;96582;0.79;0;0.24;0.27
1987;10;20;293;11.4;8.2;5.7;6.5;5.7;5.1;-2.2;-0.1;0.12;1.6;2.5;0;262;68;82;51;96254;0.58;0.01;0.23;0.27
1987;10;21;294;11.5;8.8;6.7;7.6;6.5;5.7;-1.3;0.2;0.12;1.6;2.5;0;227;44;48;34;96096;0.47;0.72;0.23;0.27
1987;10;22;295;9.8;7.9;5.7;8.6;7.1;5.5;0.3;-0.2;0.12;1.6;2.5;0;125;29;55;21;96306;0.5;2.99;0.23;0.27
1987;10;23;296;10.8;7.6;4.2;7.7;5.9;4.1;-2.1;-0.4;0.12;1.6;2.5;0;219;47;41;23;96295;0.68;0.48;0.23;0.27
1987;10;24;297;11.3;8.1;5.3;7.5;5.9;5;1.6;1;0.12;1.6;2.5;0;249;64;72;47;96554;0.63;0.04;0.23;0.27
1987;10;25;298;8.5;6.6;4.7;7.1;5.4;4;-0.4;-0.9;0.12;1.6;2.5;0;120;27;64;30;97078;0.42;3.28;0.24;0.27
1987;10;26;299;9;6.1;4.2;3.9;3.2;2.5;-3.5;0.3;0.12;1.6;2.5;0;262;63;75;48;97168;0.7;0;0.24;0.27
1987;10;27;300;11.2;6.6;3.2;4.4;2.9;1.1;-3.8;0.7;0.12;1.6;2.5;0;360;87;97;72;96860;0.74;0.03;0.23;0.27
1987;10;28;301;11.3;6.7;3.9;4.5;2.7;1.2;-2.9;0.4;0.12;1.6;2.5;0;358;87;101;71;96538;0.82;1.17;0.23;0.27
1987;10;29;302;8.6;4.8;2.4;3.4;1.9;-1.9;-2.2;0.3;0.12;1.6;2.5;0;263;58;80;49;96437;0.88;2.61;0.23;0.27
1987;10;30;303;7.7;3.3;0.3;1.7;-0.5;-2.6;-1.6;-0.1;0.12;1.6;2.5;0;347;83;97;70;96344;0.61;0;0.23;0.27
1987;10;31;304;9.4;3.8;-0.9;3.5;1.1;-1.8;-1.3;0.6;0.12;1.6;2.5;0;337;82;93;59;96439;0.54;0.12;0.23;0.27
1987;11;1;305;9;6;1.5;7.6;4.9;0.9;0.3;1.2;0.12;1.6;2.5;0;99;24;55;15;96321;0.16;1.14;0.23;0.27
1987;11;2;306;9.2;7.7;6.6;8.7;7.4;6.3;0.5;-1.2;0.12;1.6;2.5;0;82;22;31;12;96561;0.29;1.53;0.23;0.27
1987;11;3;307;7.4;6.1;4.2;6.2;3.9;1.8;-1.3;-1.6;0.12;1.6;2.5;0;143;29;38;16;97320;0.51;0.08;0.23;0.27
1987;11;4;308;7.1;4.4;2;1.7;1.3;0.7;-1.7;-0.5;0.12;1.6;2.5;0;265;59;69;47;97839;0.45;0.02;0.23;0.27
1987;11;5;309;6.8;2.6;0.4;1.6;0.8;0.1;-0.1;-0.8;0.12;1.6;2.5;0;323;71;104;61;97841;0.42;0.01;0.23;0.27
1987;11;6;310;5.9;2.6;0.7;3;1.7;0.6;1.2;-0.4;0.12;1.6;2.5;0;233;51;88;39;97514;0.29;0.07;0.23;0.27
1987;11;7;311;5.4;2;-0.8;1.2;0.4;-1.3;0.8;0.3;0.12;1.6;2.5;0;275;59;104;47;96879;0.37;0.1;0.23;0.27
1987;11;8;312;4.6;0.9;-1.5;1.6;0;-1.6;0.3;1;0.11;1.5;2.5;0;234;51;83;45;96150;0.23;0;0.23;0.27
1987;11;9;313;7.6;3.5;-1;3.8;1.8;-1.4;-0.8;0.8;0.11;1.5;2.5;0;271;53;76;30;95712;0.32;0.25;0.23;0.27
1987;11;10;314;7.6;5.3;3.8;4.4;3.7;2.8;-1;0.6;0.11;1.5;2.5;0;160;31;38;17;95447;0.28;2.05;0.23;0.27
1987;11;11;315;6.8;5.3;3.1;6.3;4.7;2.3;2.4;1.2;0.11;1.5;2.5;0;38;11;68;18;95593;0.29;1.32;0.23;0.27
1987;11;12;316;8.1;4.9;2.5;4.8;2.6;1.5;1.8;3.1;0.11;1.5;2.5;0;80;20;73;42;94730;1.2;3.45;0.23;0.27
1987;11;13;317;7.9;5.5;3.3;4.9;3.5;1.8;1.2;3.5;0.11;1.5;2.5;0.01;218;40;74;38;94295;1.14;7.7;0.23;0.26
1987;11;14;318;5.8;4.2;2.6;2.9;1.5;0.7;3.9;1.1;0.11;1.5;2.5;0;197;43;78;44;94917;0.95;1.21;0.24;0.26
1987;11;15;319;4.8;2.9;1.3;1.7;0.6;-1.1;1.9;1.7;0.11;1.5;2.5;0;135;30;79;35;95969;0.42;0.44;0.24;0.26
1987;11;16;320;8.7;5.6;1.2;7.7;4;-2.8;2.3;2.6;0.11;1.5;2.5;0.03;34;8;73;14;95712;0.52;7.88;0.24;0.26
1987;11;17;321;7.3;5.8;4.7;6.2;4.5;3.3;4.5;0.3;0.11;1.5;2.5;0;128;24;46;26;96491;1.06;3.32;0.25;0.26
1987;11;18;322;7.2;5.6;4.2;5.8;3.9;3.1;3.2;-0.7;0.11;1.5;2.5;0;124;32;66;26;97271;0.62;1.07;0.25;0.26
1987;11;19;323;6.2;5.5;5;5.8;4.7;3.3;3.2;1.2;0.11;1.5;2.5;0;51;12;35;12;96706;0.72;7.37;0.25;0.26
1987;11;20;324;5.6;3.7;1.9;5.3;3;1.6;4;-0.3;0.11;1.6;2.5;0.07;145;34;75;18;95364;0.93;9.23;0.26;0.26
1987;11;21;325;4.4;2.5;1;1.8;1;0.6;1.7;-0.8;0.12;1.6;2.5;1;116;26;52;23;95604;0.53;3.5;0.26;0.26
1987;11;22;326;3;2.2;1.8;2.1;1.7;1;1.9;1.7;0.12;1.6;2.5;0.93;78;15;17;7;95050;0.53;4.57;0.26;0.26
1987;11;23;327;5.5;2.4;0.3;1.6;0.5;-1.2;-1.8;1;0.12;1.6;2.5;0.69;182;40;88;52;94359;0.48;0.13;0.26;0.26
1987;11;24;328;3.5;1.5;-0.6;2.3;0;-1.9;-3.7;-1.4;0.12;1.6;2.5;0.57;113;26;80;36;94047;0.18;0.03;0.26;0.26
1987;11;25;329;6.1;3.3;-1.4;5.3;2.3;-2.3;-0.5;0.9;0.11;1.6;2.5;0.36;103;22;73;37;93720;0.3;2.41;0.26;0.26
1987;11;26;330;5.7;0.3;-3.2;2.6;-0.8;-3.9;-1;-0.4;0.11;1.6;2.5;0.27;223;45;82;61;94657;0.19;0;0.26;0.26
1987;11;27;331;2.3;0.9;-1;0.8;0;-1.2;0.6;-2.1;0.11;1.6;2.5;0.35;76;16;30;10;95307;0.29;0.75;0.26;0.26
1987;11;28;332;2.7;1;-0.3;-0.9;-1.5;-1.9;0.1;-1.6;0.12;1.6;2.5;0.65;104;22;33;20;96118;0.32;0.39;0.26;0.26
1987;11;29;333;2.9;1;-0.4;-1;-2.3;-3.1;-0.8;-0.9;0.12;1.6;2.5;0.7;153;27;40;26;96574;0.22;0;0.26;0.26
1987;11;30;334;3.2;0.9;-0.5;-1.6;-2;-2.3;-2.4;-1.7;0.12;1.6;2.5;0.66;150;34;59;36;96879;0.25;0;0.26;0.26
1987;12;1;335;1.8;0.5;-0.4;-1.7;-2.5;-3.5;-3;-2;0.12;1.6;2.5;0.65;132;26;40;24;97102;0.28;0.02;0.26;0.26
1987;12;2;336;0.5;-0.7;-1.5;-3.7;-5.1;-5.7;-3.5;-1.2;0.12;1.6;2.5;0.66;156;32;53;37;97322;0.4;0.03;0.26;0.26
1987;12;3;337;0.9;-1;-2;-3.2;-4.1;-5.2;-3.5;-0.3;0.12;1.7;2.5;0.65;188;38;73;52;97182;0.2;0;0.26;0.26
1987;12;4;338;2.5;-1;-3.9;-1.7;-3.4;-4.8;-2.4;0.5;0.12;1.7;2.5;0.64;235;48;100;77;96432;0.09;0;0.26;0.26
1987;12;5;339;2.4;-1.7;-4.3;-1.6;-3.6;-5.3;-1.6;0;0.12;1.7;2.5;0.61;204;42;84;61;95754;0.08;0;0.26;0.26
1987;12;6;340;1.4;-1;-2.5;-1.9;-2.9;-4;-0.4;-0.3;0.12;1.7;2.5;0.61;178;30;61;35;95065;0.04;0.24;0.26;0.26
1987;12;7;341;-1;-2.5;-4.3;-3;-6.8;-11.7;0.3;-2.2;0.12;1.7;2.5;0.92;91;18;59;32;95806;0.14;0.22;0.26;0.26
1987;12;8;342;-3.3;-5.7;-7.9;-11.7;-12.9;-14;-2;-1.2;0.12;1.7;2.5;1;245;51;119;96;96473;0.04;0;0.25;0.26
1987;12;9;343;-4;-6.9;-8.5;-10.4;-11.4;-12.2;-2.2;-0.8;0.12;1.7;2.5;0.99;239;48;110;88;96285;0;0;0.25;0.26
1987;12;10;344;-3.5;-6.4;-9.9;-7.5;-9.9;-11;1.2;0.3;0.12;1.7;2.5;1.01;190;36;80;49;96080;0.01;0.28;0.25;0.26
1987;12;11;345;0.1;-1.6;-3.9;-1.3;-2.8;-6.9;2.6;0.1;0.14;1.7;2.5;2.3;85;16;36;13;95719;-0.02;1.6;0.25;0.26
1987;12;12;346;0.3;-1.4;-2.7;-1.8;-3;-4.1;-0.1;0.2;0.15;1.7;2.5;2.85;129;24;40;24;96112;0.05;0.11;0.25;0.26
1987;12;13;347;-1.2;-3.4;-4.8;-4.2;-6.5;-7.6;-2.2;0;0.15;1.7;2.5;2.84;201;39;94;63;95872;0.07;0;0.25;0.26
1987;12;14;348;-1.2;-4.5;-6.3;-6.6;-7.1;-8;-0.9;0.6;0.15;1.7;2.5;2.82;218;43;101;68;95150;0.05;0;0.25;0.26
1987;12;15;349;-0.1;-3;-6.3;-3.1;-5.1;-8;-0.5;0.9;0.15;1.7;2.5;3;83;18;45;19;95451;0.03;0.34;0.25;0.26
1987;12;16;350;4;1;-2;3.5;0.1;-3;0.1;2.1;0.15;1.7;2.5;3;39;8;20;2;95440;-0.03;3.2;0.25;0.26
1987;12;17;351;7.2;6;4.3;6.8;5.8;3.9;2.4;1.1;0.13;1.7;2.5;1.77;48;8;12;0;95736;-0.56;14.9;0.26;0.26
1987;12;18;352;11;9.2;5.8;10.5;9;5.7;3;1.9;0.12;1.7;2.5;0.7;38;6;4;-2;95602;-0.55;20.49;0.28;0.26
1987;12;19;353;9.8;5.8;3.8;9.6;5.2;3.1;3.9;-0.7;0.11;1.7;2.5;0.17;91;12;29;7;95875;0.33;8.98;0.3;0.26
1987;12;20;354;5.5;4.8;3.8;5.4;4.7;3.6;3.6;0.4;0.11;1.6;2.5;0.07;21;3;3;1;96589;-0.02;7.24;0.3;0.26
1987;12;21;355;5.5;5;4.5;5.4;4.9;4.4;2.8;-0.1;0.11;1.6;2.5;0;43;8;5;2;96938;0.08;0.53;0.3;0.27
1987;12;22;356;5.4;4.5;2.3;5.3;4.3;1.9;2.1;-0.4;0.11;1.6;2.5;0;37;6;38;9;97184;0.08;0.54;0.3;0.27
1987;12;23;357;2.1;0.7;-1.6;1.4;-0.6;-2.4;0.5;-0.7;0.11;1.6;2.5;0;132;25;56;33;97351;0.29;0.02;0.3;0.27
1987;12;24;358;2.6;-1.2;-3.2;-1.4;-3.1;-4.4;-1.3;0.8;0.11;1.6;2.5;0;190;38;91;63;96931;0.11;0;0.29;0.27
1987;12;25;359;1.2;-1.1;-3;-1.1;-2.5;-4.4;0.1;1.2;0.11;1.6;2.5;0;148;27;53;34;96613;0.04;0.05;0.29;0.27
1987;12;26;360;3.1;1.6;-0.3;2.9;1.5;-0.9;1.6;1;0.11;1.5;2.5;0.16;52;11;12;3;97202;-0.07;0.21;0.29;0.27
1987;12;27;361;4.7;3.4;2.2;3;2.4;1.5;2.7;1.1;0.11;1.5;2.5;0.1;123;24;52;30;97280;0.15;0.16;0.28;0.27
1987;12;28;362;6.1;5.1;3.6;5.5;4.1;1.8;3.7;0.6;0.11;1.5;2.5;0.05;37;8;48;18;97164;0.14;0.12;0.28;0.27
1987;12;29;363;6.8;5;3.9;4.9;3.8;2.4;2.6;1.1;0.11;1.5;2.5;0;145;27;77;42;97239;0.12;0;0.28;0.27
1987;12;30;364;6.7;5.8;4.4;6.4;4.4;0.9;2.8;1;0.11;1.5;2.5;0;40;8;73;19;96741;0.2;1.5;0.28;0.27
1987;12;31;365;7.7;5.6;4.1;6.5;5.3;3.9;-0.8;1;0.11;1.4;2.5;0;134;24;45;15;95726;0.19;0.22;0.28;0.27
1988;1;1;1;6.5;4.4;2.9;4.6;3.3;1.6;2.3;1.8;0.11;1.4;2.5;0;130;24;58;34;95519;0.37;0.66;0.28;0.27
1988;1;2;2;9.9;7;3.3;7.2;4.6;0.6;3.7;3.3;0.11;1.4;2.5;0;64;12;49;14;94655;1.08;6.18;0.28;0.27
1988;1;3;3;7.7;5.4;4.2;5.8;2.7;1.2;4.2;2.8;0.11;1.4;2.5;0;162;27;60;42;94237;1.53;4.46;0.28;0.27
1988;1;4;4;6.5;4.6;3.3;4.7;2.3;0.5;3.5;3.6;0.11;1.4;2.5;0;125;17;47;24;94677;1.31;5.37;0.28;0.27
1988;1;5;5;9.2;7.1;5.8;6.9;5.2;2.4;2.9;2.4;0.11;1.4;2.5;0;80;15;73;35;95168;0.75;3.53;0.29;0.27
1988;1;6;6;9.5;5.8;3.8;3.2;1.6;0.2;1;2.4;0.11;1.3;2.5;0;226;45;92;63;95076;0.53;0.67;0.28;0.28
1988;1;7;7;6;3.5;0.9;2.7;1.5;-0.6;2.5;2.2;0.11;1.3;2.5;0;185;37;78;43;95576;0.83;1.83;0.28;0.28
1988;1;8;8;2.6;1.1;0.4;0.8;0.1;-0.7;3.2;0.2;0.13;1.3;2.5;1.93;127;25;66;27;96719;0.36;3.45;0.28;0.28
1988;1;9;9;1.3;-0.4;-2.7;0.5;-1.8;-3.9;-0.5;1.5;0.14;1.3;2.5;2.28;161;33;90;49;97301;0.25;0.02;0.28;0.28
1988;1;10;10;2.2;-0.8;-3.5;-2.5;-3.6;-5.2;-0.9;1.5;0.14;1.3;2.5;2.22;126;26;77;30;96923;0.2;0.13;0.28;0.28
1988;1;11;11;2.5;-0.1;-2.5;2.3;-1.6;-3.6;0.6;1.3;0.15;1.2;2.5;2.73;46;9;82;16;96395;0.29;3.3;0.28;0.28
1988;1;12;12;0.4;-2.1;-4.1;-1.1;-3.1;-4.6;-0.3;0.9;0.15;1.2;2.5;3.03;114;25;74;43;96662;0.08;0;0.28;0.28
1988;1;13;13;1.8;-2.5;-4.7;-4.1;-5.7;-7.1;-1.9;0.8;0.15;1.2;2.5;2.96;243;51;107;79;96211;0.19;0;0.28;0.28
1988;1;14;14;2.9;-1.8;-4;-2.5;-4.7;-6.4;-1.9;0.3;0.15;1.2;2.5;2.86;224;47;90;65;96053;0.06;0;0.28;0.28
1988;1;15;15;2.2;-1.1;-3.2;-2.3;-3.7;-5.4;-1.7;0.4;0.15;1.2;2.5;2.79;170;36;68;49;96175;0.04;0.02;0.27;0.28
1988;1;16;16;4.3;0.6;-2.6;1.3;-0.9;-3.4;-0.1;1.8;0.15;1.2;2.5;2.6;135;29;52;33;96682;0.01;0.05;0.27;0.28
1988;1;17;17;3.3;1.1;-0.8;2.3;0;-2.5;0.7;1.1;0.14;1.2;2.5;2.28;92;18;46;15;96620;0.11;2.74;0.27;0.28
1988;1;18;18;2.6;0.4;-1.8;1.2;-0.4;-2.4;-0.8;0.6;0.13;1.2;2.5;1.95;128;26;52;24;96616;0.17;0.06;0.27;0.28
1988;1;19;19;3.1;-0.8;-2.9;0.1;-2;-3.6;-1.5;0.6;0.13;1.2;2.5;1.8;203;43;89;53;96016;0.09;0.03;0.27;0.28
1988;1;20;20;3.7;-0.9;-3;-0.5;-2.5;-3.7;-1.1;1.2;0.13;1.1;2.5;1.63;245;54;95;63;95643;0.09;0;0.27;0.28
1988;1;21;21;2.5;-0.8;-3.2;0.3;-1.8;-4.1;0;0.7;0.13;1.1;2.5;1.56;167;32;56;30;95596;0.11;1.33;0.27;0.28
1988;1;22;22;1.1;-0.2;-1.6;-0.5;-1.4;-2.2;-0.2;2.6;0.14;1.1;2.5;2.41;122;25;45;19;94956;0.34;4.09;0.27;0.28
1988;1;23;23;0.6;-0.6;-1.9;-0.6;-2.1;-3;3.6;0.2;0.27;1.1;2.5;10.67;159;34;77;31;95338;0.25;6.74;0.27;0.28
1988;1;24;24;4.2;0.5;-2.5;3.3;-0.7;-4;0.5;2.6;0.34;1.1;2.5;14.54;48;10;27;8;94901;-0.09;9.26;0.27;0.28
1988;1;25;25;4;3.1;1.9;2.7;2;1.2;0.4;2.8;0.28;1.1;2.5;11.3;48;10;55;20;94157;-0.08;8.39;0.28;0.28
1988;1;26;26;6.9;3.8;1.5;3.5;2.3;0.7;2.1;2.6;0.22;1.1;2.4;7.47;204;39;61;30;94536;0.37;4.62;0.29;0.28
1988;1;27;27;4.1;2.4;-0.7;2.9;0.3;-1.7;2;0.4;0.16;1.1;2.4;3.91;177;38;62;32;95475;0.45;1.03;0.3;0.28
1988;1;28;28;5;2.7;-0.4;2.7;1.1;-1.6;-1.2;1.8;0.15;1.1;2.4;3.11;87;13;39;12;95041;0.22;2.19;0.3;0.28
1988;1;29;29;8.4;4.1;0.9;3.6;2.3;0.5;-1;1.8;0.13;1.1;2.4;1.96;293;64;100;53;93669;0.39;1.21;0.3;0.28
1988;1;30;30;4.1;2.5;1;1.6;0.9;0.2;2.7;0.6;0.12;1.1;2.4;1.25;209;46;72;38;93477;0.63;1.7;0.29;0.28
1988;1;31;31;2.6;0.7;-0.4;0.5;-0.6;-1.9;3.2;0.3;0.14;1.1;2.4;2.33;176;38;82;34;94725;0.54;2.52;0.29;0.28
1988;2;1;32;3.6;1.1;-1.7;-0.5;-3.3;-5.7;-0.4;3.2;0.15;1.1;2.4;2.74;176;37;56;32;95145;0.54;1.54;0.29;0.28
1988;2;2;33;5.7;3.9;2.1;2.3;1.2;-0.1;3.4;2.9;0.14;1.1;2.4;2.08;204;45;62;35;94724;1.17;4.53;0.29;0.28
1988;2;3;34;4.9;3.5;2.5;3.9;2;0.5;3.4;2.5;0.12;1.1;2.4;1.34;165;32;74;34;95291;1.01;7.74;0.3;0.28
1988;2;4;35;9.4;4;-0.1;0.8;-1.3;-3.2;0.1;2.5;0.12;1.1;2.4;0.87;319;75;114;77;95208;0.56;0.01;0.3;0.28
1988;2;5;36;6.5;3.6;1;1.3;-0.3;-2.5;1;2.6;0.12;1.1;2.4;0.71;209;41;71;35;94951;0.84;1.87;0.29;0.28
1988;2;6;37;6.5;4.2;1.8;3.9;2;0.9;1.6;2.8;0.11;1.1;2.4;0.41;153;29;52;30;94635;1.08;6.14;0.3;0.28
1988;2;7;38;4.3;1.8;-0.1;2.1;0.5;-0.5;1.1;0.5;0.11;1.1;2.4;0.3;134;30;68;34;95162;0.39;1.73;0.3;0.28
1988;2;8;39;3;0.4;-0.8;0.6;-1.2;-2.4;2.8;2.2;0.18;1.1;2.4;5;208;33;57;25;94467;0.52;12.65;0.29;0.28
1988;2;9;40;4.9;1.3;-1.6;3.8;-1;-3.5;2.9;2.7;0.3;1.1;2.4;11.77;228;39;57;21;94717;0.45;7.75;0.29;0.28
1988;2;10;41;2.8;1.1;-0.2;1.5;-1.4;-2.8;4.5;2.8;0.27;1.1;2.4;10.34;194;45;70;46;94770;0.97;4.01;0.3;0.28
1988;2;11;42;2.5;0.3;-1.7;0.8;-1.9;-3.9;2.6;2.7;0.31;1.1;2.4;13.84;173;38;86;46;94922;0.35;6.05;0.3;0.29
1988;2;12;43;4.7;1.1;-1.5;0.6;-1.1;-3.2;0.2;0.3;0.32;1.1;2.4;15.06;146;33;49;22;94916;0.32;5.21;0.3;0.29
1988;2;13;44;1.9;-0.3;-2.2;-1.1;-3.3;-4.9;1.8;-0.6;0.34;1.1;2.4;16.96;177;43;68;41;96910;0.54;0.57;0.3;0.29
1988;2;14;45;3;-1.8;-7;-4.2;-5.6;-8.4;-2.2;0.7;0.33;1.1;2.4;16.1;301;73;116;72;97606;0.38;0;0.3;0.29
1988;2;15;46;4.9;0.6;-2.5;-0.5;-2.3;-4.1;-2.7;0.4;0.31;1.1;2.4;14.4;284;71;106;79;97211;0.23;0;0.29;0.29
1988;2;16;47;5.6;0.1;-4;0.1;-2.1;-4.7;0.2;1.5;0.28;1.1;2.4;12.24;312;71;104;56;96547;0.21;0.04;0.29;0.29
1988;2;17;48;1.9;0.4;-1.6;0.1;-2.1;-4.7;4.4;0.1;0.26;1.1;2.4;11.38;231;55;52;31;96064;0.62;3.33;0.29;0.29
1988;2;18;49;1.8;0.6;-0.7;-0.2;-1.6;-3.4;3.5;-1.1;0.31;1.1;2.4;15.05;151;37;45;26;96117;0.49;3.45;0.29;0.29
1988;2;19;50;3.1;1.2;-0.1;0.7;-0.2;-1.7;4.2;-1.5;0.35;1.1;2.4;19.28;237;56;71;37;95838;0.29;8.42;0.29;0.29
1988;2;20;51;1.9;-0.8;-5.7;-0.9;-3.2;-8.1;0.8;-1.7;0.36;1.1;2.4;21.28;281;63;94;57;96600;0.47;3.33;0.29;0.29
1988;2;21;52;1.4;-2.4;-6.9;-1.8;-6;-9.3;1.1;0.3;0.35;1.1;2.4;20.8;299;74;99;49;97237;0.43;0.1;0.29;0.29
1988;2;22;53;4;1.3;-1.5;0.5;-1.2;-3.2;2.9;-0.5;0.34;1.1;2.4;19.21;240;57;81;40;96785;0.44;1.26;0.29;0.29
1988;2;23;54;1.4;-0.5;-2.9;-0.2;-1.8;-4.4;3.2;1;0.33;1.1;2.4;19.31;84;24;71;31;95184;0.14;4.3;0.29;0.29
1988;2;24;55;1;-1.1;-3.3;-1.6;-2.8;-4.6;1.7;-0.4;0.36;1.1;2.5;23.12;190;50;77;38;94440;0.31;4.23;0.29;0.29
1988;2;25;56;0;-1.6;-2.9;-3.2;-4.2;-5.1;1.8;-3;0.36;1.2;2.5;25.67;143;38;37;21;94647;0.58;6.68;0.29;0.29
1988;2;26;57;1;-1.7;-3.4;-3.4;-4.4;-5.2;0.5;-1.9;0.37;1.2;2.5;31.98;197;53;92;36;95178;0.45;2.23;0.29;0.29
1988;2;27;58;-0.5;-1.5;-2.9;-2.8;-3.4;-3.9;0;-3.2;0.37;1.2;2.5;33.41;108;28;18;13;95663;0.37;2.62;0.28;0.29
1988;2;28;59;-1.2;-2;-2.8;-2.8;-3.5;-4.7;4;0.3;0.37;1.2;2.5;36.31;92;22;47;19;94886;0.27;4.94;0.28;0.29
1988;2;29;60;0.7;-1.9;-3.3;-3.2;-4.7;-6.4;4.5;1;0.38;1.2;2.5;40.84;268;62;95;44;93673;0.64;4.24;0.28;0.29
1988;3;1;61;0;-2.1;-4.2;-3;-4;-5.3;3.7;-0.6;0.38;1.2;2.5;45.48;221;57;62;35;93703;0.47;5.36;0.28;0.29
1988;3;2;62;-1;-4;-7.2;-5.4;-7.2;-9.2;3;-1;0.38;1.2;2.5;49.26;202;54;93;41;95170;0.51;1.91;0.28;0.29
1988;3;3;63;1;-2.7;-6.8;-3.9;-5.4;-8.2;2;1.4;0.38;1.2;2.5;49.91;187;49;66;30;95371;0.42;0.67;0.27;0.29
1988;3;4;64;3.2;-1.2;-5.7;-2.2;-4.5;-7.5;1.2;2;0.37;1.2;2.5;49.92;262;68;68;47;94754;0.54;0.61;0.27;0.29
1988;3;5;65;1.8;-0.8;-5.9;-1.2;-3.5;-8.2;1.7;0.2;0.37;1.3;2.5;50.97;259;62;77;44;94867;0.52;2.1;0.27;0.29
1988;3;6;66;0.3;-3.3;-9.8;-0.9;-5.7;-11;3.2;1.5;0.36;1.3;2.5;51.27;204;54;71;31;95358;0.38;2.55;0.27;0.29
1988;3;7;67;1.5;0.3;-1.9;0.2;-0.9;-3.9;3.7;0;0.38;1.3;2.5;60.71;187;44;52;21;94752;0.29;12.97;0.27;0.29
1988;3;8;68;-0.1;-2.6;-4.7;-4.7;-5.5;-6.7;2.1;-3;0.38;1.3;2.5;65.31;308;86;83;59;95791;0.73;2.56;0.27;0.29
1988;3;9;69;0.2;-3.5;-7.4;-5.5;-7.2;-9.4;1.1;-1.2;0.37;1.3;2.5;66.31;232;64;56;40;96753;0.62;0.48;0.27;0.29
1988;3;10;70;1.3;-3.9;-12;-0.9;-6.2;-13.3;2.1;1.2;0.37;1.3;2.5;66.44;295;66;71;38;96738;0.27;2.52;0.26;0.29
1988;3;11;71;3.1;0.8;-0.5;-0.2;-1;-1.8;3.6;0;0.37;1.3;2.5;69.25;332;82;69;34;96184;0.41;5.01;0.26;0.29
1988;3;12;72;1.3;0.5;-1.6;1.2;-0.6;-2.8;4;-0.4;0.38;1.3;2.5;74.61;96;26;54;20;95164;0.19;13.36;0.27;0.29
1988;3;13;73;1.4;-1;-4.1;1;-3.1;-6.1;3.7;0.5;0.37;1.3;2.5;79.05;195;51;71;28;95127;0.47;7.38;0.27;0.29
1988;3;14;74;1.4;-0.5;-3.5;1;-1.8;-4;1.2;-0.3;0.38;1.3;2.5;91.7;106;27;60;22;94930;0.24;14.08;0.27;0.29
1988;3;15;75;5.4;1.3;-3.9;2.3;-0.4;-4.3;1.2;2.1;0.38;1.4;2.5;95.85;122;33;53;19;95139;-0.04;5.1;0.27;0.29
1988;3;16;76;5.4;4.4;3.1;3.4;2.2;0.2;3.1;2.7;0.37;1.4;2.5;85.07;131;30;61;15;93641;-0.37;19.95;0.29;0.29
1988;3;17;77;3.1;1.2;-3.9;1.6;-2.1;-5.8;4.1;-0.7;0.36;1.4;2.5;74.86;237;66;84;44;94493;0.75;1.99;0.31;0.29
1988;3;18;78;3.3;-1;-4.7;-2.8;-5;-6.4;1.1;-1.3;0.35;1.4;2.5;73.21;305;95;86;69;95560;0.81;0.36;0.31;0.29
1988;3;19;79;4.1;-0.4;-5.4;-4.2;-5.3;-7.1;-0.8;1.1;0.35;1.4;2.5;72.23;424;124;119;67;96438;0.96;0.12;0.3;0.29
1988;3;20;80;9.8;5.1;1.4;6.4;2.8;-3.9;1.9;1.1;0.35;1.4;2.5;64.67;254;58;75;20;95720;-0.47;2.45;0.31;0.29
1988;3;21;81;6.5;3.7;0.2;6.1;3.5;0.2;0.6;0.9;0.34;1.5;2.5;50.41;110;26;44;10;95301;-0.32;7.43;0.32;0.29
1988;3;22;82;6.5;4.6;2.6;5.6;4;1.8;3;0;0.32;1.5;2.5;37.64;177;42;47;17;95466;-0.55;3.55;0.33;0.3
1988;3;23;83;7.3;4.2;1.8;4.3;3;1.4;2.7;1.4;0.28;1.5;2.5;26.64;276;57;47;18;95591;0.09;6.59;0.34;0.3
1988;3;24;84;7.5;4.5;1.8;4.2;2.1;-0.8;3.3;0.7;0.24;1.5;2.5;17.56;337;82;60;19;95597;0.84;9;0.34;0.31
1988;3;25;85;6.3;4.4;2;4.7;3.3;1.9;3.6;1.6;0.22;1.5;2.5;12.35;162;34;50;19;94744;0.53;20.65;0.34;0.31
1988;3;26;86;5.8;3.1;0.8;4.7;2.2;0.5;3.1;0.9;0.21;1.5;2.5;9.28;283;83;76;34;95143;0.79;8.49;0.35;0.32
1988;3;27;87;6.1;2.3;0.6;3.6;1.4;0.2;3.2;0.5;0.22;1.5;2.5;9.06;327;70;54;28;95366;0.75;9.27;0.34;0.32
1988;3;28;88;6.2;2.2;-1.5;2;-0.2;-2.5;2.4;-0.7;0.22;1.6;2.5;8.87;408;119;76;50;96030;1.18;3.2;0.33;0.33
1988;3;29;89;9.3;3.9;-2.2;1.5;-0.6;-3.2;-0.2;2.1;0.2;1.6;2.5;6.55;398;115;70;51;95726;1.04;0.33;0.32;0.33
1988;3;30;90;13.2;6.8;1;2;0.1;-2.8;-2.4;0.7;0.17;1.6;2.5;4.14;547;156;124;73;94770;1.4;0.01;0.32;0.33
1988;3;31;91;11.2;5.9;0.2;6.5;3.1;-0.8;-0.9;0;0.15;1.6;2.5;2.31;351;92;79;40;94573;0.8;5.47;0.31;0.33
1988;4;1;92;3.6;2.1;1.3;2.1;1.6;1.1;2.6;0;0.17;1.6;2.5;3.04;131;38;28;10;95271;0.81;10.7;0.31;0.33
1988;4;2;93;8.8;4.7;0.3;1.4;-0.1;-1.6;1.5;-0.1;0.16;1.6;2.5;2.63;503;145;98;59;95997;1.55;0.83;0.31;0.33
1988;4;3;94;11;5.5;-0.8;2.2;-0.6;-2.4;-1.9;-0.7;0.15;1.7;2.5;1.56;592;158;116;72;96349;1.44;0;0.3;0.33
1988;4;4;95;11.5;7.3;2.6;4.4;2.1;-1.1;-3.3;-1.6;0.14;1.7;2.5;0.78;505;128;81;58;96203;1.24;0.11;0.3;0.33
1988;4;5;96;10.9;7.6;5;6.7;4.9;3.7;-3.7;-1.6;0.14;1.7;2.5;0.24;279;86;52;30;96095;1.34;2.26;0.29;0.33
1988;4;6;97;14.8;10.1;5;4.8;3.8;3;-4.6;-0.7;0.13;1.7;2.5;0.04;620;155;108;68;96009;1.86;0;0.28;0.33
1988;4;7;98;16.5;11.4;7.1;7.8;5.8;3.1;-3.4;0.3;0.13;1.7;2.5;0.01;533;152;93;63;95435;1.95;3.04;0.28;0.33
1988;4;8;99;12.1;8.9;5;10.3;7.9;4.8;1.8;-0.3;0.13;1.7;2.5;0;297;89;55;32;95147;1.5;16.38;0.28;0.32
1988;4;9;100;6.8;4.3;0.5;5.8;0.5;-2;1.1;-1.9;0.14;1.7;2.5;0.1;299;84;51;29;95671;1.31;1.9;0.28;0.32
1988;4;10;101;7.1;2.6;-1.9;-2.5;-4.6;-6.2;1.4;-0.5;0.15;1.8;2.5;0.92;625;206;134;90;96304;1.84;0.03;0.28;0.32
1988;4;11;102;12.1;5.7;-1.6;2.4;-0.7;-4;1.3;0.3;0.14;1.8;2.5;0.52;658;214;132;94;96260;1.87;0;0.27;0.32
1988;4;12;103;16.1;8.8;-0.6;5.2;2.2;-2.1;-1.6;0.1;0.14;1.8;2.5;0.22;647;213;129;82;95636;2.19;0.08;0.26;0.32
1988;4;13;104;8.2;5.6;0.6;6.6;1.6;-6.3;0.2;-2.9;0.14;1.8;2.5;0.05;266;81;97;38;95816;1.54;4.97;0.26;0.32
1988;4;14;105;7.8;2.9;-2.8;-4.4;-5.7;-6.5;-0.9;-0.7;0.14;1.8;2.5;0;677;227;141;105;96970;1.93;0;0.26;0.32
1988;4;15;106;12.5;6.1;-0.6;0;-3.5;-7.2;-1.9;1.4;0.14;1.8;2.5;0;654;210;119;90;96317;2.2;0;0.25;0.32
1988;4;16;107;16;8.8;1.2;1.7;-1.3;-4.2;-1.8;1.7;0.14;1.9;2.5;0;687;230;140;100;95756;2.58;0;0.25;0.32
1988;4;17;108;17.9;10.4;1.2;9.8;3.3;-3.1;0;0.9;0.14;1.9;2.5;0;675;216;129;80;95466;2.39;0.37;0.24;0.32
1988;4;18;109;17.5;12.4;7.7;11.3;9.7;7.6;0.6;-0.2;0.14;1.9;2.5;0;557;165;90;48;95800;2.03;2.46;0.24;0.32
1988;4;19;110;19.3;13.3;6;11.2;7.8;6;-1.3;0.8;0.14;1.9;2.5;0;573;197;113;75;95583;2.56;0.2;0.23;0.31
1988;4;20;111;19.1;12.6;6;11.1;8.1;4.5;1.3;-0.1;0.14;1.9;2.5;0;665;200;125;67;95414;2.58;6.33;0.23;0.31
1988;4;21;112;14.4;11;7.9;9.3;6.7;4.9;2.2;-0.1;0.14;2;2.5;0;524;166;96;55;96067;2.23;1.21;0.23;0.31
1988;4;22;113;13.5;9.8;5.6;6.4;4;2.6;1.7;-1.5;0.14;2;2.5;0;543;170;93;68;95913;1.95;0.14;0.23;0.31
1988;4;23;114;5.6;3.6;-0.4;2.5;-4;-6.9;-0.9;-2.9;0.14;2;2.5;0;717;214;129;83;95934;1.88;0;0.22;0.31
1988;4;24;115;6.2;2;-2;-5.1;-6;-6.8;-2.3;-0.9;0.14;2;2.5;0;655;226;141;103;96005;1.87;0;0.22;0.31
1988;4;25;116;10;4.4;-2.1;-2.6;-4.1;-6.1;-1.4;-1.3;0.14;2;2.5;0;704;240;140;102;95680;2.13;0;0.22;0.31
1988;4;26;117;10.5;5.7;0.4;-0.9;-2.7;-4.7;-2.1;-1.3;0.14;2.1;2.5;0;653;181;110;80;95938;1.85;0;0.21;0.31
1988;4;27;118;15.1;9.1;2.1;3.9;1.6;-3.4;-3.2;-0.6;0.15;2.1;2.5;0;698;226;128;87;95984;2.29;0.01;0.21;0.31
1988;4;28;119;16.3;10.8;6.7;8.2;6;4.2;-1.3;0.1;0.15;2.1;2.5;0;562;160;82;57;95675;1.79;2.06;0.21;0.31
1988;4;29;120;14.6;10.5;6.3;9.2;7.1;5.8;-0.4;-0.8;0.15;2.1;2.5;0;501;151;77;47;95633;1.91;1.86;0.21;0.3
1988;4;30;121;18.5;12.5;5.7;9;7.1;4;-1.4;0.5;0.15;2.1;2.5;0;658;218;114;78;95369;2.6;0.45;0.2;0.3
1988;5;1;122;19.3;13.4;5.4;10.1;8.2;5.1;-0.7;1.5;0.15;2.2;2.5;0;608;216;108;78;95218;2.55;0.58;0.2;0.3
1988;5;2;123;18.7;13.9;7.5;11.1;8.3;5.4;0.1;0;0.15;2.2;2.5;0;484;179;96;74;95084;2.1;0.04;0.2;0.3
1988;5;3;124;14.9;11.3;7.7;9.4;6.9;5.1;1.9;1.1;0.15;2.2;2.5;0;383;129;89;56;95159;2.17;2.88;0.2;0.3
1988;5;4;125;16.7;11.6;6.1;8.7;6.3;4.7;1.2;1.6;0.15;2.2;2.5;0;633;187;119;71;95507;2.31;1.42;0.2;0.3
1988;5;5;126;17.9;13.1;7.7;9.8;7.5;5.2;1;0.1;0.15;2.2;2.5;0;568;195;110;69;95825;2.29;1.38;0.19;0.3
1988;5;6;127;18.2;13.3;6.6;10.2;8.2;6.3;-0.9;-1.4;0.15;2.2;2.5;0;632;206;108;77;96493;2.58;0.5;0.19;0.3
1988;5;7;128;20.5;14.9;8.6;9.1;7;5.4;-3.5;-0.2;0.15;2.3;2.5;0;697;247;124;97;96602;2.95;0;0.19;0.3
1988;5;8;129;20;15;10;8.9;6.6;4.1;-4.6;0.2;0.15;2.3;2.5;0;572;195;91;76;96269;2.49;0.05;0.19;0.3
1988;5;9;130;20.7;15.8;11;8.7;7;5.4;-3.4;0;0.15;2.3;2.5;0;686;220;115;78;96097;2.84;0.21;0.18;0.29
1988;5;10;131;19.8;15;10.2;6.4;4.3;-0.6;-2.2;-0.6;0.15;2.3;2.5;0;624;187;111;80;95871;2.54;0;0.18;0.29
1988;5;11;132;16.3;11.9;6.7;2.5;0.1;-2.5;-3.9;0;0.15;2.3;2.5;0;721;265;136;109;95858;2.76;0;0.18;0.29
1988;5;12;133;19.8;14.3;7.8;4.9;3.6;2.3;-5.4;0.4;0.15;2.4;2.5;0;714;257;129;105;95491;2.75;0;0.17;0.29
1988;5;13;134;21.5;16.2;11.2;6.2;4.8;3;-5.1;0.4;0.15;2.4;2.5;0;706;232;121;93;95406;2.66;0;0.17;0.29
1988;5;14;135;21.1;16.8;11.8;8.6;7.4;6.3;-4.7;0.2;0.15;2.4;2.5;0;591;192;92;77;95589;2.36;0.24;0.17;0.29
1988;5;15;136;21;17.3;13;7.6;5.8;3.8;-4.2;-0.8;0.15;2.4;2.5;0;579;201;101;80;95584;2.6;0.53;0.17;0.29
1988;5;16;137;22.2;17.7;13.2;11.6;7.2;3.9;-2.4;-0.3;0.15;2.4;2.5;0;559;193;97;72;95467;2.48;1.26;0.16;0.29
1988;5;17;138;18.7;15;11.6;13.5;11.8;9.7;1.1;0.4;0.16;2.4;2.5;0;395;132;66;46;95082;2.29;7.9;0.17;0.29
1988;5;18;139;16.5;12.9;10.6;12.6;11.5;10;0.2;-0.4;0.16;2.5;2.5;0;318;94;53;31;95231;1.88;13.74;0.17;0.29
1988;5;19;140;17.7;13.3;10.2;11.3;10;9.1;-1;-0.4;0.16;2.5;2.5;0;499;121;69;32;95616;1.98;3.56;0.18;0.29
1988;5;20;141;13.5;11.1;6.9;12;8;1.6;1.3;-1.6;0.16;2.5;2.5;0;391;114;80;38;96045;2.04;9.15;0.19;0.29
1988;5;21;142;11.7;8.2;4.8;1.8;0.1;-1.8;0.2;-2.2;0.16;2.5;2.5;0;455;166;101;68;96929;2.19;0;0.19;0.28
1988;5;22;143;12.4;8.8;3.1;3.3;2.2;1.2;-1.5;-1.1;0.16;2.5;2.5;0;433;145;86;59;96838;1.93;0.45;0.19;0.28
1988;5;23;144;16.2;11.3;5.8;4.6;3.5;2.4;-2.5;0.1;0.16;2.5;2.5;0;680;243;125;93;96338;2.91;0;0.18;0.28
1988;5;24;145;20.4;14.3;6.1;11;7.6;4;0;0.3;0.16;2.5;2.5;0;702;221;123;81;96211;2.75;0;0.18;0.28
1988;5;25;146;22.9;17.3;9.4;11.6;9.6;8.1;-1.8;-0.2;0.16;2.6;2.5;0;619;209;101;77;96188;3.01;0.07;0.18;0.28
1988;5;26;147;23.2;18.4;12.4;11.2;9.8;8.4;-3.2;0;0.16;2.6;2.5;0;662;238;117;88;95766;3.32;0.11;0.17;0.28
1988;5;27;148;23.2;18.2;13.7;12.4;11.1;9.9;-3;0.5;0.16;2.6;2.5;0;637;230;102;82;95223;3.25;1.6;0.17;0.28
1988;5;28;149;21.7;16.2;12.1;13.7;12.2;10.7;-0.4;0.7;0.16;2.6;2.5;0;601;204;104;73;95018;2.73;6.87;0.17;0.28
1988;5;29;150;20.2;14.6;10.4;13.4;11.3;8.3;1.6;-0.1;0.16;2.6;2.5;0;605;178;94;53;95186;3.18;5.8;0.18;0.28
1988;5;30;151;17.9;13.3;8;9;7.3;5;1.1;1.4;0.16;2.6;2.5;0;415;144;88;57;95442;2.49;0.76;0.18;0.28
1988;5;31;152;15.7;12.8;9.6;10.3;7.6;5.5;3;1.4;0.16;2.6;2.5;0;558;194;91;63;95651;2.99;2.35;0.18;0.28
1988;6;1;153;16.1;12;9.7;10.1;8;6.6;2.9;0.3;0.16;2.6;2.5;0;588;183;90;57;95637;2.67;5.47;0.18;0.28
1988;6;2;154;16;11.9;8.1;9.9;7.8;6.4;3.3;-0.1;0.16;2.7;2.5;0;614;191;98;62;96038;2.47;1.19;0.18;0.28
1988;6;3;155;19.9;15.2;10.7;12.3;10.3;9.4;1.1;1.5;0.16;2.7;2.5;0;428;133;80;40;95749;2.17;0.63;0.18;0.28
1988;6;4;156;17.5;13.9;11.4;14.2;12.2;9.8;1.1;1;0.16;2.7;2.5;0;338;80;45;29;95325;1.57;11.19;0.18;0.27
1988;6;5;157;14.8;12;9.8;10.2;8.1;5.5;1.1;-1.6;0.16;2.7;2.5;0;376;115;54;37;95685;2.31;6.18;0.19;0.27
1988;6;6;158;11.1;10.1;9.4;9.7;9;7.9;-0.8;-2.8;0.16;2.7;2.5;0;72;22;20;10;95424;1.22;18.29;0.2;0.27
1988;6;7;159;17.3;13.2;9.4;9.7;8.7;7.4;-0.1;-0.1;0.16;2.7;2.5;0;336;129;86;38;95592;2.14;0.98;0.21;0.27
1988;6;8;160;18.6;14.1;10.4;13.4;11.6;9.6;-0.6;-1.2;0.16;2.7;2.5;0;474;161;87;51;95784;2.7;8.52;0.21;0.27
1988;6;9;161;19.4;14.9;9.5;14.4;11.9;9.4;0.7;-0.8;0.16;2.8;2.5;0;556;191;91;61;95966;2.8;1;0.21;0.27
1988;6;10;162;19.9;15;9.4;14;12;9.2;0.5;-0.2;0.16;2.8;2.6;0;591;196;87;64;95833;2.94;3.5;0.21;0.27
1988;6;11;163;20;15.1;10.4;14.3;12.4;10.4;0.6;-0.8;0.16;2.8;2.6;0;507;170;79;44;95400;2.84;2.14;0.21;0.27
1988;6;12;164;16.2;13.8;11.9;12;10.9;7.6;-3.2;-1.3;0.16;2.8;2.6;0;272;96;68;31;95753;1.73;0.65;0.21;0.27
1988;6;13;165;19.1;14.7;9.9;8.3;6.8;5.6;-1.6;-1.2;0.16;2.8;2.6;0;582;213;105;76;95957;3.39;0;0.21;0.27
1988;6;14;166;22.1;16.8;9.9;11.8;9.2;7.1;0.5;-1;0.16;2.8;2.6;0;690;248;116;85;95772;3.72;0;0.2;0.27
1988;6;15;167;21.5;16.9;10.1;11.5;10.3;8.4;0.3;-1.6;0.16;2.8;2.6;0;540;201;100;67;95753;3.16;0.07;0.2;0.27
1988;6;16;168;20.7;16.6;11.9;12.6;10.5;7.8;-1.3;-1.6;0.16;2.8;2.6;0;571;214;99;76;95734;3.42;3.1;0.2;0.27
1988;6;17;169;19.3;15.5;10.7;8.3;6.5;4.6;-1.5;-2.3;0.16;2.8;2.6;0;726;231;123;80;95759;3.61;0;0.2;0.27
1988;6;18;170;19.9;16;11.6;11.6;9;7.7;-0.9;-1.2;0.16;2.8;2.6;0;552;175;87;61;95976;2.74;0.28;0.19;0.27
1988;6;19;171;20.7;15.1;8.8;12.7;9.8;7.4;0.3;-1.6;0.16;2.8;2.6;0;604;214;105;76;96159;3.13;3.21;0.19;0.27
1988;6;20;172;15.4;12.1;8.9;8.2;7.5;6.5;0.9;-1.5;0.16;2.8;2.6;0;292;100;73;46;96278;1.74;0.88;0.19;0.27
1988;6;21;173;16.4;13.1;8.7;9.4;8.1;7.1;1.8;-0.6;0.16;2.8;2.6;0;351;136;78;48;96205;2.01;0.58;0.19;0.27
1988;6;22;174;17.2;14.1;11;12.9;11;8.6;2.2;-0.1;0.16;2.8;2.6;0;386;120;79;36;96256;2.06;4.63;0.19;0.27
1988;6;23;175;12.1;10.6;8.7;9.1;6.1;4.3;2.1;-1.9;0.16;2.8;2.5;0;346;106;70;36;96473;1.9;0.47;0.19;0.27
1988;6;24;176;16.9;13.6;10.2;10.8;8.7;6.4;0.9;-0.9;0.16;2.8;2.5;0;286;103;37;24;96159;1.66;0.78;0.19;0.27
1988;6;25;177;16.8;14;11.4;11.8;11.1;10.4;-0.3;-1.3;0.16;2.8;2.5;0;334;78;74;26;95888;1.63;2.7;0.19;0.27
1988;6;26;178;20;15.4;10.9;13.9;12.3;10.2;-1.1;-1.1;0.15;2.7;2.5;0;584;180;89;57;95724;2.59;4.08;0.19;0.27
1988;6;27;179;21.8;16.3;10.8;14.9;12.8;10.6;-0.6;-0.5;0.15;2.7;2.5;0;602;204;89;63;95616;3.02;5.51;0.19;0.26
1988;6;28;180;23.2;17.8;10.9;15.8;13.8;10.8;-0.5;-0.2;0.15;2.7;2.5;0;637;215;104;61;95450;3.35;1.04;0.19;0.26
1988;6;29;181;22.9;18.8;13.1;15.7;14.3;12.9;1.2;0.3;0.15;2.7;2.5;0;553;199;86;61;95530;3.31;1.81;0.19;0.26
1988;6;30;182;24.1;19.9;13.6;17;15;12.3;-0.6;1.1;0.15;2.7;2.5;0;575;216;93;67;95810;3.33;1.25;0.19;0.26
1988;7;1;183;27.4;20.6;16.1;17.2;15;12.2;-0.4;1.1;0.15;2.7;2.5;0;550;180;82;61;94938;3.27;3.61;0.19;0.26
1988;7;2;184;19.5;16.1;13.2;11.8;9.3;7.9;2.1;1.4;0.15;2.7;2.5;0;553;172;96;62;94958;3.15;1.45;0.19;0.26
1988;7;3;185;16.1;13.6;11.1;12.3;10.1;8.8;0.3;2.1;0.15;2.7;2.5;0;223;78;83;52;94969;1.85;4.93;0.19;0.26
1988;7;4;186;19.5;14.4;10.2;13.2;10.9;8.6;-0.6;1.6;0.15;2.7;2.5;0;471;116;105;59;95425;2.01;4.4;0.19;0.26
1988;7;5;187;29.1;20.5;13;16;13.5;10.6;-0.3;1.4;0.15;2.7;2.5;0;682;239;104;69;95242;4.02;2.2;0.19;0.26
1988;7;6;188;21.5;17.1;14.4;14.1;12.5;10.5;1.4;1;0.15;2.7;2.5;0;511;140;97;51;96147;2.82;7.64;0.2;0.26
1988;7;7;189;21.7;17;12.4;14.8;13;10.6;1.2;1;0.15;2.7;2.5;0;539;184;82;59;96350;2.95;3.98;0.2;0.26
1988;7;8;190;20.4;16.6;12.2;13.3;12.3;11.1;1.2;0.8;0.15;2.6;2.5;0;562;165;86;57;96230;2.61;1.15;0.2;0.26
1988;7;9;191;19;15.2;10.2;12.6;11.1;9.3;2.3;0.6;0.15;2.6;2.5;0;535;202;86;68;96285;3.3;6.38;0.2;0.26
1988;7;10;192;21.6;16.9;10.5;11.3;9.3;7.5;0.9;0.1;0.15;2.6;2.5;0;632;233;125;82;96589;3.45;0;0.2;0.26
1988;7;11;193;25.8;19.8;11.6;14.9;12.5;9.1;0.6;1;0.15;2.6;2.5;0;701;243;110;72;96212;3.76;0.07;0.19;0.26
1988;7;12;194;20.4;17.8;14.4;13.9;12.4;10.3;0.6;-0.8;0.15;2.6;2.5;0;543;186;99;59;96155;2.98;1.16;0.19;0.26
1988;7;13;195;22.2;17.7;11.6;14;11.6;10.2;-1.2;1.3;0.15;2.6;2.5;0;492;169;89;62;95721;2.67;3.39;0.19;0.26
1988;7;14;196;17.1;15.2;12.8;14.3;10.9;8.1;3;1.4;0.15;2.6;2.5;0;508;171;85;58;95589;3.51;10.27;0.2;0.26
1988;7;15;197;16;13.3;11.5;12.3;10.4;8.5;2.4;1.1;0.15;2.6;2.5;0;415;134;78;45;95809;2.64;6.73;0.2;0.26
1988;7;16;198;16.3;12.4;10.6;11.9;10.5;9.5;3.1;0.8;0.15;2.6;2.5;0;473;127;69;29;95896;2.87;10.26;0.21;0.26
1988;7;17;199;17.5;13.5;10.5;12.1;10.5;8.7;2.8;1.2;0.15;2.6;2.5;0;565;154;84;37;95875;2.78;3.83;0.21;0.26
1988;7;18;200;18.5;15.1;12.2;14.4;11.4;9.2;2.8;0.6;0.15;2.6;2.5;0;561;167;87;37;95906;2.98;2.9;0.21;0.26
1988;7;19;201;16.1;13.3;11;11.4;10.3;9.5;2.4;0.1;0.15;2.5;2.5;0;239;66;66;31;96144;1.6;1.99;0.21;0.26
1988;7;20;202;23.9;17.5;9.8;12.8;10.9;8.8;1.2;0.6;0.15;2.5;2.5;0;698;246;118;82;96162;3.67;0;0.21;0.26
1988;7;21;203;25.2;20.3;14.6;16;13.2;10.5;1.2;0.3;0.15;2.5;2.5;0;607;200;94;62;96210;3.24;0.01;0.21;0.26
1988;7;22;204;26.3;20.9;15;18.2;16.9;14.8;1.6;1.2;0.15;2.5;2.5;0;579;202;85;55;96154;3.18;0.78;0.2;0.26
1988;7;23;205;28.9;23.6;16.3;19.8;17.8;15.6;0.1;1.2;0.15;2.5;2.5;0;615;218;89;63;95962;3.65;0.26;0.2;0.26
1988;7;24;206;26;20.6;14.2;19.8;16.7;13.4;1.9;0.1;0.15;2.5;2.5;0;594;177;86;51;95880;3.39;11.99;0.2;0.26
1988;7;25;207;21.8;17.2;12.2;12.9;11.1;9.2;0.8;1;0.15;2.5;2.5;0;598;225;118;81;96694;3.62;0.18;0.21;0.25
1988;7;26;208;27.5;21;12.8;15.4;13;10.2;-0.4;1.7;0.15;2.5;2.5;0;699;252;121;86;96356;4;0;0.2;0.25
1988;7;27;209;21.2;17.4;12.4;16.2;13.8;10.7;0.9;-1.2;0.15;2.5;2.5;0;414;116;78;46;96220;2.34;22.6;0.21;0.25
1988;7;28;210;20.6;15.7;9.1;11;9.2;7.6;0;0.6;0.15;2.5;2.5;0;557;214;118;85;96375;3.33;0;0.22;0.25
1988;7;29;211;23.3;16.9;11.8;14.1;11.6;8.4;1.9;0.6;0.15;2.5;2.5;0;633;211;103;70;95711;3.29;1.54;0.22;0.25
1988;7;30;212;17.8;14.9;10.5;11.1;8;5.7;2;0.2;0.15;2.4;2.5;0;566;166;93;65;96425;2.81;0.08;0.21;0.25
1988;7;31;213;21.8;17.4;11.3;13;9.5;7.7;0.6;0.5;0.15;2.4;2.5;0;559;165;91;63;96513;2.66;0.05;0.21;0.25
1988;8;1;214;26.3;19.6;10.5;14.4;11.9;8.7;0.2;0.8;0.15;2.4;2.5;0;677;236;118;83;96250;3.62;0.01;0.21;0.25
1988;8;2;215;23.6;18.8;14.7;16.6;14.9;12.6;1;0.8;0.15;2.4;2.5;0;534;177;86;54;95797;2.93;5.11;0.21;0.25
1988;8;3;216;15.7;13.7;9.2;15.3;11.7;7;0.5;-0.8;0.15;2.4;2.5;0;256;55;86;37;95666;1.36;12.7;0.22;0.25
1988;8;4;217;18.9;13.7;7;9;6.9;4.8;-0.6;-0.1;0.15;2.4;2.5;0;550;187;92;64;96125;2.75;0;0.22;0.25
1988;8;5;218;19.3;15.5;11;10.3;9.4;8.7;1.8;-0.3;0.15;2.4;2.5;0;517;147;76;56;96275;2.45;0.4;0.22;0.25
1988;8;6;219;22.8;17;10.4;13.7;11;8.2;-0.5;-0.9;0.15;2.4;2.5;0;545;190;94;70;96573;2.8;0;0.22;0.25
1988;8;7;220;25.1;19.1;12;15.4;13.5;11.2;-1.1;-0.4;0.15;2.4;2.5;0;658;233;116;82;96378;3.39;0;0.21;0.25
1988;8;8;221;25.6;20.2;12.9;15.1;13.6;12;-1.1;0.2;0.15;2.4;2.5;0;606;199;110;72;96008;3.08;0.2;0.21;0.25
1988;8;9;222;24.7;19.7;14.5;16.1;14.8;12.9;0.1;-0.1;0.15;2.3;2.5;0;599;182;95;60;95915;2.97;2.38;0.21;0.25
1988;8;10;223;26.4;21.6;15.7;16;14.1;12.6;0.1;0.8;0.15;2.3;2.5;0;588;204;105;74;95875;3.14;0.02;0.21;0.25
1988;8;11;224;26.7;20.7;16.7;18.4;15.6;12.6;1;1.1;0.15;2.3;2.5;0;583;163;88;54;95766;2.61;6.75;0.2;0.25
1988;8;12;225;25.4;19.9;14.3;18.4;16.6;13.7;0.9;1.4;0.15;2.3;2.5;0;551;156;78;53;95836;2.58;4.3;0.21;0.25
1988;8;13;226;22.6;19.2;16;16;13.3;10.9;2.8;0.6;0.15;2.3;2.5;0;512;174;97;69;96107;2.97;0.52;0.21;0.25
1988;8;14;227;27.2;20.8;13;15.6;13.6;10.7;0.1;1.6;0.15;2.3;2.5;0;639;212;111;76;96114;3.28;0;0.21;0.25
1988;8;15;228;27.9;22.5;16.8;17.8;15.2;13.6;1.6;0.8;0.14;2.3;2.5;0;590;192;98;66;95910;3.14;0;0.2;0.25
1988;8;16;229;25.5;20.6;15.4;16.2;13.7;11;0.4;-1.1;0.14;2.3;2.5;0;604;194;103;64;96032;3.01;0.12;0.2;0.25
1988;8;17;230;22.3;18;13.7;10.6;9.5;8;0.2;-1.4;0.14;2.3;2.5;0;625;213;130;89;96434;3.06;0;0.2;0.25
1988;8;18;231;25;18.6;10.9;12.6;10.2;8.4;-0.6;0.6;0.14;2.3;2.5;0;657;224;133;93;96262;3.05;0;0.19;0.25
1988;8;19;232;26.4;20.7;12.9;14.5;12.7;9.5;0.5;2;0.14;2.3;2.5;0;515;170;87;67;95567;2.53;0.18;0.19;0.25
1988;8;20;233;19.2;16.6;13.3;15.8;14.3;12.2;1.9;1.6;0.14;2.3;2.5;0;213;58;55;36;95340;1.81;17.09;0.19;0.25
1988;8;21;234;18.3;14.8;11.7;12.7;10.5;8.4;2;2;0.14;2.3;2.5;0;489;151;99;59;95578;2.59;1.7;0.21;0.25
1988;8;22;235;17.3;13.9;10.7;10;9.1;8.4;1.9;-0.4;0.14;2.2;2.5;0;361;113;68;52;95863;1.71;0.44;0.2;0.25
1988;8;23;236;16.6;13.5;10.3;10.5;7.6;4.5;1.9;-1.2;0.14;2.2;2.5;0;520;156;87;59;96069;2.26;0.32;0.2;0.25
1988;8;24;237;18;14.1;9.2;10.6;8.4;5.9;0.6;1.9;0.14;2.2;2.5;0;464;139;81;53;95538;1.97;0.89;0.2;0.25
1988;8;25;238;15.5;12.4;9.8;13;9.8;6.1;2.3;1.2;0.14;2.2;2.5;0;297;83;89;43;94976;1.98;10.17;0.2;0.25
1988;8;26;239;14.9;11.7;8.9;9.7;8.3;7.4;3.5;1.2;0.14;2.2;2.5;0;456;127;85;51;95658;2.1;2.63;0.21;0.25
1988;8;27;240;15.1;12.8;10.1;13.9;11.2;8.9;1.6;0.7;0.14;2.2;2.5;0;230;55;33;17;96095;0.96;0.67;0.21;0.25
1988;8;28;241;24.5;18.8;14;15.6;14.6;13.9;-0.8;2;0.14;2.2;2.5;0;615;178;110;53;95702;2.55;0.21;0.21;0.25
1988;8;29;242;21.5;17.6;14.1;17;15.1;12.4;2.1;0.5;0.14;2.2;2.5;0;446;116;69;44;95431;1.95;3.58;0.21;0.25
1988;8;30;243;17.4;14;10.6;11.9;8.6;6.2;1.7;0;0.14;2.2;2.5;0;448;133;85;62;96110;2.22;1.14;0.21;0.25
1988;8;31;244;21.7;15.4;8.4;11.7;9.3;6;-0.5;1.1;0.14;2.2;2.5;0;613;194;119;82;96022;2.53;0;0.21;0.25
1988;9;1;245;24.6;17.9;10.1;13.9;11.2;9;-1;1.8;0.14;2.2;2.5;0;599;186;111;72;95333;2.75;2.17;0.2;0.25
1988;9;2;246;15.3;13.2;10.6;14.1;11.6;7.1;2.1;0.7;0.14;2.2;2.5;0;104;32;62;30;94599;1.39;14.49;0.21;0.25
1988;9;3;247;14.3;11.7;9.1;10.9;8.8;6.4;2.3;2.1;0.14;2.2;2.5;0;378;99;74;45;95283;2;11.2;0.22;0.25
1988;9;4;248;17;14.3;11.9;12;10.7;8.5;2.9;0.8;0.14;2.2;2.5;0;381;111;60;31;95960;2.07;2.02;0.23;0.25
1988;9;5;249;18.6;15.3;11.9;15.7;13.6;11.3;1.6;1;0.14;2.2;2.5;0;398;72;52;20;96436;1.54;9.38;0.23;0.24
1988;9;6;250;17.8;14.8;11.2;14.4;10.2;6.9;2;-2;0.14;2.2;2.5;0;436;130;87;50;96752;2.2;0.26;0.23;0.24
1988;9;7;251;16.4;12.6;8.9;9.3;7.9;7;-1.1;-1.9;0.14;2.2;2.5;0;354;107;77;56;97168;1.57;0.05;0.23;0.24
1988;9;8;252;17.7;13;7.5;10;8.1;6.2;-2.1;-0.4;0.14;2.2;2.5;0;507;134;98;74;96812;1.78;0;0.23;0.24
1988;9;9;253;19.1;13.5;7.6;9.2;7.8;6.4;-1.7;0.3;0.14;2.2;2.5;0;580;180;120;89;96382;2.24;0;0.23;0.24
1988;9;10;254;20.7;14.7;7.1;11.5;8.9;5.9;0.2;0.2;0.14;2.2;2.5;0;566;175;117;81;96583;2.23;0;0.23;0.24
1988;9;11;255;20.8;15.8;10;13.3;11.3;7.9;1.7;0.8;0.14;2.2;2.5;0;439;131;84;59;96455;1.75;0.12;0.22;0.24
1988;9;12;256;15;13.9;12.3;12.1;10.8;7.8;3;0.4;0.14;2.1;2.5;0;312;82;62;40;95883;1.41;1.35;0.22;0.24
1988;9;13;257;13.6;11.1;8.7;7.5;5.5;3.4;3.9;0.2;0.14;2.1;2.5;0;449;130;96;61;95288;2.06;1.14;0.22;0.24
1988;9;14;258;11.4;9;6.3;6.8;5.7;4.9;1.9;0.2;0.14;2.1;2.5;0;338;102;71;54;95566;1.41;1.34;0.22;0.24
1988;9;15;259;13.8;9.8;6.4;7.7;7;5.9;-0.9;-2.1;0.14;2.1;2.5;0;405;119;89;55;96293;1.53;1.87;0.22;0.24
1988;9;16;260;13.5;10.5;8.4;7.9;7.4;6.5;1.3;-1.6;0.14;2.1;2.5;0;355;89;75;40;96261;1.22;0.47;0.22;0.24
1988;9;17;261;14.6;11;8.5;8.3;7.5;6.8;1.9;-1.3;0.14;2.1;2.5;0;281;62;62;30;96317;1.18;1.25;0.22;0.24
1988;9;18;262;14.1;11.6;9.2;9.9;8.4;6.7;2.7;-1.4;0.14;2.1;2.5;0;211;45;35;16;96671;0.91;0.8;0.22;0.24
1988;9;19;263;14.2;12.3;10.9;9.9;9.6;9.2;1.5;-1;0.14;2.1;2.5;0;184;49;25;17;97258;0.82;0.43;0.22;0.24
1988;9;20;264;15.7;12.3;9.4;9.6;8.6;7.5;0.2;-0.8;0.14;2.1;2.5;0;418;114;90;43;96958;1.34;0.11;0.22;0.24
1988;9;21;265;14.8;11.8;8.6;9;7.9;7.2;-0.1;-0.1;0.13;2;2.5;0;319;92;61;39;96280;1.13;0.05;0.22;0.24
1988;9;22;266;17.9;13;9.1;9.4;8.2;7.4;-0.4;1.4;0.13;2;2.5;0;374;115;102;55;95791;1.38;0.02;0.22;0.24
1988;9;23;267;16.4;12.9;10.3;12.3;9.2;5.1;1.8;2.6;0.13;2;2.5;0;392;89;98;43;95395;1.78;5.94;0.22;0.24
1988;9;24;268;14.4;11.9;9.1;9.9;6.8;4.6;5.1;1.7;0.13;2;2.5;0;336;78;64;39;95814;1.76;0.52;0.22;0.24
1988;9;25;269;12.3;11.9;11.5;11;9.5;7.2;3.7;1.5;0.13;2;2.5;0;59;12;36;10;96400;1.07;3.36;0.22;0.24
1988;9;26;270;17.6;14.1;12.1;13.2;11.6;10.4;3.2;1.5;0.13;2;2.5;0;226;51;80;28;96666;1.21;1.29;0.22;0.24
1988;9;27;271;18.9;14.2;10.8;11.2;10.2;9.3;1.9;1.4;0.13;1.9;2.5;0;355;102;88;55;96592;1.26;0.03;0.22;0.24
1988;9;28;272;22.1;15.5;8;10;9;7;1.1;2.7;0.13;1.9;2.5;0;491;140;108;78;95944;1.86;0;0.22;0.24
1988;9;29;273;15;13.3;10;11.7;9.4;7.5;2.4;1.3;0.13;1.9;2.5;0;233;52;73;37;96031;1.28;6;0.22;0.24
1988;9;30;274;12.4;10.2;8.7;9.5;7.1;5.4;-0.8;-1.6;0.13;1.9;2.5;0;244;48;46;24;96726;1.35;6.15;0.23;0.24
1988;10;1;275;11.1;9.4;8.2;7;6.2;5.4;-2.8;-1.4;0.13;1.9;2.5;0;131;36;57;23;97314;1.09;1.31;0.23;0.24
1988;10;2;276;15.8;11.1;7.4;8.7;7.4;5.6;-3.1;-0.2;0.13;1.9;2.5;0;469;124;103;72;97222;1.24;0;0.23;0.24
1988;10;3;277;17.5;12.2;8.7;10.4;8.6;4.2;-2.5;0.3;0.13;1.8;2.5;0;447;120;110;76;96701;1.25;0.01;0.22;0.24
1988;10;4;278;16.1;11;5.1;9.2;6.5;3.1;-1;0.9;0.13;1.8;2.5;0;483;125;115;66;96180;1.31;0.09;0.22;0.24
1988;10;5;279;17.2;11.9;8.5;10.8;9.3;7.6;0.2;2.6;0.13;1.8;2.5;0;460;103;97;61;95580;1.18;1.51;0.22;0.24
1988;10;6;280;12.2;10.2;8.4;9.9;8.3;7.1;2.9;3.2;0.13;1.8;2.5;0;267;48;63;21;95034;2.19;15.52;0.23;0.24
1988;10;7;281;12.2;9.5;6.2;10.5;5.7;3.6;4.9;2.4;0.13;1.8;2.5;0;318;80;83;41;94371;2.62;10.57;0.24;0.24
1988;10;8;282;9.7;7.3;5.3;3.6;2.2;0;5.7;1.5;0.13;1.8;2.5;0;300;86;77;48;95190;1.92;1.64;0.24;0.24
1988;10;9;283;16.1;11.1;7.3;7.4;5.7;3.6;1.4;3.4;0.13;1.7;2.5;0;261;49;84;43;95297;1.09;0.89;0.24;0.24
1988;10;10;284;14.2;11.3;6.2;11;6.9;4.4;2.6;1.5;0.13;1.7;2.5;0;321;64;85;51;95706;1.3;3.74;0.25;0.24
1988;10;11;285;10.9;8.8;6.4;8.5;6.6;4.3;-2.6;-0.4;0.13;1.7;2.5;0;216;46;58;29;95856;0.85;1.4;0.25;0.24
1988;10;12;286;17.7;12.5;9.1;12.4;10.6;8.7;-1.4;-0.4;0.13;1.7;2.5;0;374;96;84;48;95341;0.99;0.9;0.25;0.24
1988;10;13;287;16.3;13;10.5;11.6;10.6;9.6;-0.3;-0.3;0.13;1.7;2.5;0;287;62;59;27;95997;0.82;4.95;0.25;0.24
1988;10;14;288;18.5;13.7;10.4;11.7;11.1;9.9;-2.2;-0.3;0.13;1.7;2.5;0;397;101;101;60;96131;1.04;0.02;0.25;0.24
1988;10;15;289;18.2;12.6;8;13.3;11;8;-1.2;-1.1;0.13;1.7;2.5;0;382;92;96;51;96707;0.86;0;0.25;0.24
1988;10;16;290;16.8;13.6;11.6;11.4;11.1;10.9;-2.1;-0.4;0.13;1.6;2.5;0;239;54;46;20;96819;0.66;0.11;0.25;0.24
1988;10;17;291;18.4;13.3;9.8;12.7;11.2;9.7;-1.3;0.9;0.13;1.6;2.5;0;377;92;96;58;96484;0.88;0.18;0.25;0.24
1988;10;18;292;19;13.3;9.7;13.8;11.6;9.6;-1.2;0.1;0.13;1.6;2.5;0;349;86;100;46;95965;0.76;0.01;0.24;0.24
1988;10;19;293;17.6;13;10.5;11.9;10.5;8.3;-2.9;-0.3;0.12;1.6;2.5;0;393;92;101;57;95586;0.98;0.02;0.24;0.24
1988;10;20;294;13.5;11.1;9.2;10.9;8.7;6.9;-1.2;0.4;0.12;1.6;2.5;0;142;35;55;23;95931;0.66;1.56;0.24;0.24
1988;10;21;295;11.9;10.3;9;9.2;8.3;7.7;0.5;-0.8;0.12;1.6;2.5;0;117;26;18;11;96674;0.51;0.16;0.24;0.24
1988;10;22;296;12.5;10.6;9.3;8.5;8.2;7.8;-1.1;-0.4;0.12;1.6;2.5;0;119;30;36;19;96688;0.41;0.21;0.24;0.24
1988;10;23;297;12.8;9.1;5.6;7.8;6.5;5.3;-0.3;0.5;0.12;1.6;2.5;0;358;88;113;59;96180;0.74;0.02;0.24;0.24
1988;10;24;298;10;8.5;7.5;7.4;6.4;5.7;2.1;0;0.12;1.6;2.5;0;152;32;36;16;96251;0.54;1.01;0.24;0.24
1988;10;25;299;10.4;8.1;4.6;8.3;6.8;2.6;-0.8;-0.5;0.12;1.6;2.5;0;110;28;46;23;96641;0.69;2.17;0.24;0.24
1988;10;26;300;10.3;6.1;3.6;3.3;1.9;0.4;-2.2;1.4;0.12;1.6;2.5;0;369;85;106;63;96626;0.82;0;0.24;0.24
1988;10;27;301;14.8;8.6;4.4;7;4.2;1.5;-0.4;2.3;0.12;1.6;2.5;0;320;80;90;68;96159;0.78;0;0.24;0.24
1988;10;28;302;14.5;10.7;6.7;11.7;9.2;6.1;1.1;1.5;0.12;1.6;2.5;0;229;45;46;27;96366;0.47;5.39;0.24;0.24
1988;10;29;303;11;7.6;2.3;10.7;3.9;-2.1;1.7;-1.7;0.12;1.6;2.5;0;247;48;80;43;96648;0.86;4.02;0.25;0.24
1988;10;30;304;4.6;1.8;-0.8;0;-1.8;-3.4;0.7;-1.4;0.12;1.6;2.5;0;247;60;80;60;96795;0.54;0.21;0.25;0.24
1988;10;31;305;3;0.6;-2;1.5;-1.5;-3.3;1.9;-0.3;0.12;1.6;2.5;0;316;67;86;42;96566;0.45;0.26;0.25;0.24
1988;11;1;306;5.5;3.6;2.2;1.9;1.5;1.1;2.5;0.3;0.12;1.6;2.5;0;135;29;76;28;96464;0.43;0.3;0.25;0.24
1988;11;2;307;5.3;3.1;0.1;3.2;1.6;-1;2.7;-0.6;0.12;1.6;2.5;0;104;24;63;29;96132;0.51;2.3;0.25;0.24
1988;11;3;308;1.6;-0.5;-2.7;-1.6;-5;-8.2;-1.2;-2.1;0.12;1.6;2.5;0.17;181;41;92;47;97151;0.66;0.29;0.25;0.24
1988;11;4;309;1;-1.8;-3.1;-6.1;-6.7;-7.4;-3.2;0.3;0.12;1.6;2.5;0.29;344;80;113;90;97538;0.45;0;0.25;0.24
1988;11;5;310;2.9;-1.5;-3.9;-5.6;-6.9;-9;-1.1;1.2;0.12;1.6;2.5;0.27;350;84;119;93;96838;0.34;0;0.25;0.24
1988;11;6;311;2.2;-0.9;-3.7;-1.6;-2.9;-5.4;1.1;0.6;0.12;1.6;2.5;0.25;198;45;73;46;96522;0.09;0;0.25;0.24
1988;11;7;312;5.7;1;-1.8;0.3;-1.3;-2.8;-0.3;-0.8;0.12;1.6;2.5;0.18;299;71;99;65;96583;0.18;0;0.25;0.24
1988;11;8;313;5.1;1.9;-0.2;1.6;0.1;-1.9;-2.7;-0.1;0.12;1.5;2.5;0.15;229;56;78;54;96645;0.25;0;0.24;0.24
1988;11;9;314;4.1;0.6;-1.2;-2.1;-3.1;-4.5;-2.5;0.6;0.12;1.5;2.5;0.15;273;61;85;68;96555;0.37;0;0.24;0.24
1988;11;10;315;5.8;1.6;-0.9;0.6;-1.4;-3.1;-1.6;1;0.12;1.5;2.5;0.15;269;56;76;38;96680;0.34;0;0.24;0.24
1988;11;11;316;7.6;3.4;1.3;3.1;0.6;-0.9;-1.1;1.2;0.11;1.5;2.5;0.12;234;49;71;33;96937;0.33;0;0.24;0.24
1988;11;12;317;8;3.2;0.1;4.4;1.4;-1.1;-0.6;1.6;0.11;1.5;2.5;0.03;251;58;85;53;96895;0.26;0.01;0.24;0.24
1988;11;13;318;8.5;5;2.2;8;3.9;1.8;2.3;0.1;0.11;1.5;2.5;0;73;15;69;20;96404;0.49;4.45;0.24;0.24
1988;11;14;319;5.7;4.3;2.9;5.5;3.2;1.6;4.3;-1.1;0.11;1.5;2.5;0;106;20;44;16;96664;0.66;9.48;0.25;0.24
1988;11;15;320;6.3;5.4;3.3;6;4.8;2.4;1.5;-1.6;0.11;1.5;2.5;0;55;14;27;7;96880;0.37;3.48;0.26;0.24
1988;11;16;321;7.7;6.1;4.9;6.3;5.6;4.8;1.1;-0.8;0.11;1.5;2.5;0;108;17;38;11;97113;0.28;0.8;0.26;0.24
1988;11;17;322;7.2;4.6;2.1;5.2;3.5;1.5;0;1.5;0.11;1.5;2.5;0;159;36;81;39;96748;0.29;0.01;0.26;0.24
1988;11;18;323;7;4.9;2;6.9;4.3;1.2;2.6;1.3;0.11;1.5;2.5;0;45;9;68;18;95834;0.23;3.62;0.26;0.24
1988;11;19;324;5.6;1.8;-0.7;5.4;-1.1;-4.3;2.5;-1.5;0.11;1.5;2.5;0.19;237;49;77;45;96019;0.75;1.82;0.26;0.24
1988;11;20;325;1;-0.2;-1.3;-0.4;-1.3;-2.1;0.8;0.9;0.18;1.6;2.5;5;105;20;48;24;95094;0.13;12.54;0.26;0.24
1988;11;21;326;-0.7;-4.4;-7.5;-1.3;-6.9;-9.4;-1.3;-4;0.37;1.6;2.5;17.8;94;21;62;28;95150;0.5;5.86;0.26;0.24
1988;11;22;327;-6;-8.5;-10.1;-9.8;-11.2;-12.7;1.2;-0.7;0.38;1.6;2.5;18.73;171;36;82;48;96499;0.23;0.31;0.26;0.24
1988;11;23;328;-4.1;-6.5;-10.1;-5;-8.2;-12.1;1.3;1.1;0.38;1.6;2.5;19.2;87;19;42;15;96752;0.16;0.94;0.26;0.24
1988;11;24;329;0.8;-1.1;-4.2;0;-1.8;-4.9;1.8;0.2;0.38;1.6;2.5;20.94;62;12;18;8;96723;0.07;2.46;0.26;0.24
1988;11;25;330;1.9;1.1;0.2;1.5;0.9;0;2.5;-0.3;0.37;1.6;2.5;22.44;56;11;19;4;96340;-0.12;3.87;0.26;0.24
1988;11;26;331;2.4;1.6;1;1.9;1.4;0.9;1.6;-0.2;0.36;1.6;2.5;18.31;51;10;17;4;96265;-0.15;0.42;0.26;0.24
1988;11;27;332;2.4;1.7;0.8;2.1;1.3;0.8;2.1;-0.2;0.32;1.6;2.5;14.28;63;13;17;7;96584;-0.04;1.18;0.27;0.24
1988;11;28;333;2.2;1.3;0;1.8;-0.4;-3.3;2.3;1.4;0.27;1.6;2.5;11.21;86;17;32;13;96285;0.45;0.14;0.27;0.24
1988;11;29;334;4.3;2.8;0.5;4.1;1.5;-3.3;4.9;0.6;0.24;1.6;2.5;8.84;41;6;29;7;95182;0.11;4.46;0.27;0.24
1988;11;30;335;2;0.8;0.1;1.8;0.2;-0.9;-1.8;0.6;0.26;1.6;2.5;10.08;17;4;32;3;94885;0.13;16.31;0.28;0.24
1988;12;1;336;5.8;2;-1.1;3.7;1.2;-2.5;-2;0.8;0.25;1.6;2.5;9.36;156;31;71;31;94474;0.11;0.5;0.29;0.24
1988;12;2;337;0.4;-1;-2.2;-1.3;-2.7;-4.3;-2.7;-0.9;0.23;1.6;2.5;8.2;124;26;42;17;94368;0.35;1.62;0.29;0.25
1988;12;3;338;1;-0.3;-1;0.9;-1;-1.6;1.3;0;0.31;1.7;2.5;12.82;61;12;15;7;95058;0.11;5.65;0.29;0.25
1988;12;4;339;7.6;4.1;1.2;6.7;3.2;1.1;2.6;3.2;0.29;1.7;2.5;11.37;28;6;9;3;94580;-0.11;27.57;0.3;0.25
1988;12;5;340;4.4;2.6;0.8;2.2;0.7;-0.8;4.5;0.4;0.18;1.7;2.5;4.84;148;28;62;32;94472;0.83;3.82;0.32;0.25
1988;12;6;341;2;0.7;-0.2;1.3;-0.2;-1.2;4.1;0.2;0.19;1.7;2.5;5.87;119;24;70;32;94760;0.44;7.21;0.32;0.25
1988;12;7;342;0.5;-0.3;-1.6;-0.4;-2.4;-3.8;2.6;-2.5;0.32;1.7;2.5;13.1;151;26;71;41;95964;0.48;3.91;0.31;0.25
1988;12;8;343;1;-0.4;-2.7;0.7;-1.2;-3.5;2.8;0;0.34;1.7;2.5;14.89;61;10;74;22;96945;-0.02;4.8;0.3;0.26
1988;12;9;344;2.4;0.8;-0.8;2;0.3;-1.4;2.5;-0.1;0.37;1.7;2.5;19.76;52;9;50;18;96712;-0.14;6.14;0.3;0.26
1988;12;10;345;6.6;3.6;-0.8;6.5;3.4;-1.3;2.8;0;0.34;1.7;2.5;16.98;13;3;38;0;96491;-0.46;6.87;0.31;0.26
1988;12;11;346;6.6;5.5;3.6;6.6;4.7;2.6;4.3;-0.6;0.21;1.7;2.5;7.2;80;16;31;11;96746;0.04;1.66;0.32;0.26
1988;12;12;347;3.9;2.9;2.1;3.1;2.1;1.1;3.5;-0.3;0.15;1.7;2.5;3.25;135;18;82;21;96233;0.42;7.39;0.32;0.27
1988;12;13;348;2.9;1.9;1;2.7;1;0.1;2.8;-0.7;0.14;1.7;2.5;2.36;114;21;51;20;96897;0.43;2.34;0.32;0.27
1988;12;14;349;3;1.2;-0.6;2.9;0.1;-2.2;3.1;-2.3;0.14;1.7;2.5;2.44;157;24;61;33;96780;0.69;3.96;0.31;0.27
1988;12;15;350;-1.1;-2.8;-4.1;-2.9;-8.3;-11;0.2;-2.5;0.15;1.7;2.5;3.39;148;30;76;57;96809;0.49;0.05;0.31;0.27
1988;12;16;351;-2.7;-4.2;-5.8;-8.8;-9.8;-10.7;-0.3;-0.2;0.15;1.7;2.5;3.34;204;37;93;66;96818;0.07;0;0.3;0.28
1988;12;17;352;-3.1;-4.6;-6.3;-4.6;-8.5;-10.7;1.6;0.7;0.16;1.7;2.5;3.74;143;23;63;37;96703;0.06;1.08;0.3;0.28
1988;12;18;353;0.7;-0.5;-3.1;0.2;-1.3;-4.2;3.5;1;0.21;1.7;2.5;6.94;74;11;18;8;96684;0.06;7.68;0.3;0.28
1988;12;19;354;3.5;1.9;0.2;2.7;1.3;-0.8;5.6;1.3;0.33;1.7;2.5;14.16;34;6;26;6;95018;-0.17;19.4;0.3;0.28
1988;12;20;355;1.3;-1.1;-4.1;0.8;-3.6;-7.7;1.7;-2;0.3;1.6;2.5;12.85;121;23;66;39;95854;0.36;2.3;0.31;0.28
1988;12;21;356;0.8;-1.5;-5.7;0.5;-2.9;-7.6;2.9;1.2;0.32;1.6;2.5;13.92;50;9;48;15;96900;0.16;2.48;0.3;0.28
1988;12;22;357;3.8;2.7;0.9;3.6;2.6;0.7;3.2;1.2;0.3;1.6;2.5;12.7;51;8;12;3;96749;-0.27;1.07;0.3;0.28
1988;12;23;358;5.5;4.3;2.8;5;4;2.7;3.3;2;0.22;1.6;2.5;7.51;69;10;8;2;95998;-0.18;7.85;0.31;0.29
1988;12;24;359;6.4;5.6;2.6;5.9;4.7;0.4;5.8;0.8;0.14;1.6;2.5;2.65;17;4;47;8;95780;0.53;13.98;0.32;0.29
1988;12;25;360;3.9;2;-0.8;3.9;0.9;-1.7;1.8;0;0.12;1.6;2.5;1.34;111;23;87;39;96944;0.13;0.02;0.32;0.29
1988;12;26;361;5;4.2;3.6;4.5;4;3.5;1;0.9;0.12;1.5;2.5;0.97;71;14;9;3;97088;0.08;0.12;0.32;0.29
1988;12;27;362;5.2;4.2;3;5;3.7;2.8;2.8;1.2;0.11;1.5;2.5;0.56;71;14;21;6;97020;0.22;1.04;0.31;0.29
1988;12;28;363;6.3;5.4;4.7;5.8;5.3;4.6;1.7;0.3;0.11;1.5;2.5;0.28;63;11;18;5;97535;0.1;0.44;0.31;0.3
1988;12;29;364;5.5;4.4;3.6;5.2;4.3;3.5;0.8;0.5;0.11;1.5;2.5;0.17;67;12;20;7;97894;0.11;0.11;0.3;0.3
1988;12;30;365;4.2;2.7;0.2;3.5;2.2;-0.2;0.9;0.4;0.11;1.5;2.5;0.11;122;23;45;24;97815;0.21;0.05;0.3;0.3
1988;12;31;366;2.1;1;-0.4;1.2;0.1;-0.8;1.6;-0.3;0.11;1.4;2.5;0.2;73;15;34;13;97778;0.23;0.71;0.29;0.3
1989;1;1;1;3.5;2.3;1.4;3.4;1.7;0.5;1.1;-0.4;0.11;1.4;2.5;0.19;138;24;49;12;97758;0.27;0.55;0.29;0.3
1989;1;2;2;5.1;3.5;0.2;3.9;2.6;-0.9;-1.6;-0.4;0.11;1.4;2.5;0.15;72;15;57;21;97848;0.23;0.25;0.29;0.3
1989;1;3;3;2.8;-0.8;-3.1;-1.2;-3.2;-4.7;-1;0.9;0.11;1.4;2.5;0.14;222;47;97;76;97809;0.25;0;0.29;0.3
1989;1;4;4;3.6;-1.3;-4.2;-1.6;-3.5;-5.2;0.6;1.8;0.11;1.4;2.5;0.12;234;48;101;74;97551;0.02;0.01;0.28;0.3
1989;1;5;5;1.9;0.2;-2.1;1;-0.6;-3.6;2.4;1.3;0.12;1.4;2.5;1.34;67;12;62;14;96942;0.11;3.48;0.28;0.3
1989;1;6;6;2.3;0.7;-0.3;2.3;0.4;-0.9;1.2;0.9;0.27;1.3;2.5;10.24;29;4;29;6;95629;-0.02;17.16;0.28;0.3
1989;1;7;7;2.1;-0.1;-3;1.9;-0.7;-3.2;2.5;-1;0.34;1.3;2.5;14.15;52;11;25;10;95952;0.07;2.35;0.28;0.3
1989;1;8;8;5.5;3.9;1.8;5.4;3.9;1.8;3.4;0.1;0.28;1.3;2.5;10.94;15;3;2;0;96248;-0.34;5.99;0.29;0.3
1989;1;9;9;6.6;4.9;2.4;5.3;4.5;2.3;1.1;1.3;0.19;1.3;2.5;5.54;74;15;36;12;96300;-0.09;0.26;0.29;0.3
1989;1;10;10;4.5;3.6;2.1;4.3;3.2;2;2.7;1.3;0.16;1.3;2.5;3.48;59;10;21;6;96198;0.14;1.86;0.29;0.3
1989;1;11;11;4.4;2.8;1;4.1;1.4;-0.3;0.6;0.5;0.13;1.2;2.5;1.94;185;34;71;30;96746;0.31;1.29;0.3;0.3
1989;1;12;12;4.7;1.8;-0.3;2.1;0.8;-0.6;0;2.4;0.13;1.2;2.5;1.64;161;31;80;42;96678;0.13;0.5;0.29;0.3
1989;1;13;13;5.3;2.7;-1.9;4.4;1.1;-2.6;2.8;0.7;0.12;1.2;2.5;1.03;208;40;92;51;97370;0.44;3.45;0.3;0.3
1989;1;14;14;6.3;2.3;-2.4;5;0.6;-3;2;1.2;0.12;1.2;2.5;0.78;235;49;84;46;97532;0.19;0.96;0.29;0.3
1989;1;15;15;3.8;2.3;1;2.7;0.8;-0.4;3.1;0.8;0.11;1.2;2.5;0.47;166;34;67;39;97871;0.31;0.01;0.29;0.3
1989;1;16;16;3.5;2.1;0.7;2.1;1.3;0;1.7;0.8;0.11;1.2;2.5;0.36;80;17;30;13;97680;0.08;0.18;0.29;0.3
1989;1;17;17;1.4;0.3;-0.6;1;-0.8;-1.9;2.2;0.6;0.11;1.2;2.5;0.37;109;23;45;22;97416;0.14;0.49;0.29;0.3
1989;1;18;18;2.2;0.6;-0.4;0.5;-0.3;-1.7;1.4;0.2;0.13;1.2;2.5;1.38;83;18;38;14;97732;0.07;0.86;0.28;0.3
1989;1;19;19;3.3;0.1;-2.2;-0.6;-2;-3.2;0;-0.3;0.13;1.2;2.5;1.37;235;49;94;49;97701;0.21;0;0.28;0.3
1989;1;20;20;5.5;-0.4;-3.5;-0.7;-2.9;-4.4;-0.6;0.6;0.12;1.1;2.5;1.21;268;58;105;70;97248;0.06;0;0.28;0.3
1989;1;21;21;5;-0.1;-3.5;0;-2;-4.3;0.1;1.9;0.12;1.1;2.5;1.06;269;56;100;61;96651;0.03;0;0.28;0.3
1989;1;22;22;3.9;0.8;-1.8;1.4;-0.8;-3.4;0.8;0.5;0.12;1.1;2.5;0.91;189;32;64;28;96761;0.05;0.07;0.28;0.3
1989;1;23;23;2.8;1;-0.1;1.4;0.4;-0.8;0.5;-0.1;0.12;1.1;2.5;0.83;122;26;45;18;97648;0.19;0.73;0.27;0.3
1989;1;24;24;2.5;-1.1;-3.1;-1.2;-3.1;-4.9;-1;0;0.12;1.1;2.5;0.76;249;54;105;58;97513;0.24;0;0.27;0.3
1989;1;25;25;3.4;-1.6;-4.4;-2.8;-4.4;-5.8;-1.1;0.8;0.12;1.1;2.5;0.71;297;65;108;77;97343;0.08;0;0.27;0.3
1989;1;26;26;3.7;-1.4;-4.8;-2.4;-4.7;-5.7;-0.7;0.7;0.11;1.1;2.4;0.64;300;67;113;77;97366;0.06;0;0.27;0.3
1989;1;27;27;3.9;-1.9;-6.4;-3.6;-5.6;-7.2;-0.8;0.5;0.11;1.1;2.4;0.57;305;69;112;76;97844;0.05;0;0.27;0.3
1989;1;28;28;3.8;-2.1;-5.7;-3.4;-5.4;-7;0;0.9;0.11;1.1;2.4;0.51;308;70;110;76;97872;0.05;0;0.26;0.3
1989;1;29;29;2.1;-2.3;-6.1;-2.5;-4.6;-6.9;0.7;0.1;0.11;1.1;2.4;0.46;261;58;82;50;98239;0.04;0;0.26;0.3
1989;1;30;30;1.4;-0.5;-1.6;0.4;-1.3;-3;1.2;0.2;0.11;1.1;2.4;0.47;86;19;24;4;98312;0.06;0.43;0.26;0.3
1989;1;31;31;2.3;-0.1;-1.9;0.6;-0.8;-2.2;0.3;-0.3;0.12;1.1;2.4;0.72;123;28;25;12;98366;0.06;0.28;0.26;0.3
1989;2;1;32;5.8;1.8;-1.2;4.2;1.4;-1.4;-0.7;0.6;0.12;1.1;2.4;0.61;204;48;62;30;97934;0.06;0.01;0.26;0.3
1989;2;2;33;1.5;-1.4;-2.9;-1.4;-2.5;-3.3;0.6;0.3;0.11;1.1;2.4;0.5;221;47;90;35;97606;0.17;0;0.25;0.3
1989;2;3;34;3.2;-1.2;-3.6;-2.5;-3.6;-4.8;0.8;0.3;0.11;1.1;2.4;0.48;332;75;112;68;97452;0.07;0.03;0.25;0.3
1989;2;4;35;3.2;-1.7;-5;-3.8;-4.8;-5.6;0.6;1.1;0.11;1.1;2.4;0.45;340;79;113;78;97235;0.08;0;0.25;0.29
1989;2;5;36;3.7;-0.7;-4.5;0.8;-2.6;-6.1;2.5;1.2;0.11;1.1;2.4;0.67;283;50;74;39;97113;0.09;2.06;0.25;0.29
1989;2;6;37;4.5;3;1.1;4.2;2.8;1;2.6;1.1;0.13;1.1;2.4;1.21;76;18;15;3;97529;-0.17;0.44;0.25;0.29
1989;2;7;38;4.6;2.7;0.3;3;2.2;0.2;1.3;1.1;0.12;1.1;2.4;0.73;126;32;57;17;97578;0.16;0.08;0.25;0.29
1989;2;8;39;5.9;0.8;-1.9;2.8;0;-2.2;-0.8;0.4;0.11;1.1;2.4;0.54;272;60;91;41;97298;0.21;0;0.25;0.29
1989;2;9;40;6;1;-1.6;0.2;-0.9;-1.9;-2.2;-0.1;0.11;1.1;2.4;0.42;344;81;105;59;96826;0.24;0.02;0.25;0.29
1989;2;10;41;7.3;1.7;-1.7;0.8;-1.2;-2.8;-0.9;0.7;0.11;1.1;2.4;0.32;362;85;109;69;97162;0.34;0;0.24;0.29
1989;2;11;42;6.1;0.8;-2.8;0.4;-1.4;-3.4;0.6;0.4;0.11;1.1;2.4;0.25;370;86;114;70;97950;0.11;0;0.24;0.29
1989;2;12;43;5.2;1.2;-3;2.6;0;-3.5;2.6;1;0.11;1.1;2.4;0.22;206;47;55;27;97671;0.25;4.18;0.24;0.29
1989;2;13;44;3.3;0.9;-0.5;1.4;-1.8;-4.2;2.8;-0.3;0.12;1.1;2.4;0.84;324;74;97;52;97247;0.72;1.52;0.24;0.29
1989;2;14;45;4;1;-0.4;1.2;-1;-2.5;3.6;-0.3;0.15;1.1;2.4;3.3;291;61;85;40;96229;0.7;5.75;0.24;0.29
1989;2;15;46;3.4;1.4;-1;0.4;-1.3;-2;4;1.5;0.17;1.1;2.4;4.58;158;35;44;22;96257;0.43;1.24;0.24;0.29
1989;2;16;47;4;2.1;-0.6;2.4;-0.5;-2.8;3.6;0;0.16;1.1;2.4;3.68;328;69;87;44;95819;0.75;5.4;0.25;0.29
1989;2;17;48;2.7;0;-1.8;-2.5;-4;-5.9;0.7;0.6;0.15;1.1;2.4;3.29;251;61;86;50;96371;0.34;0.03;0.25;0.29
1989;2;18;49;6.3;3.8;0.4;5.9;2.1;-4.3;1.9;2.1;0.14;1.1;2.4;2.69;94;22;23;7;96254;0.26;6.32;0.25;0.29
1989;2;19;50;10.3;8.6;6.6;7.9;7;6;4.1;1.6;0.12;1.1;2.4;0.81;123;24;41;9;96660;0.42;0.84;0.25;0.29
1989;2;20;51;10.9;8.3;3.7;7.9;6.2;3.1;3.8;0.7;0.11;1.1;2.4;0.1;83;23;65;25;96528;0.68;2.76;0.25;0.29
1989;2;21;52;5.6;2.6;-2;2.7;0.1;-3.8;-0.3;-0.6;0.11;1.1;2.4;0.02;195;48;73;42;96579;0.54;0.54;0.25;0.29
1989;2;22;53;5.3;1.8;-3.4;3.8;-0.2;-4.7;-0.9;1.6;0.11;1.1;2.4;0;305;54;70;33;96048;0.27;0.82;0.25;0.29
1989;2;23;54;10.8;5.8;3.2;5.3;4.1;2.8;1.1;1.8;0.11;1.1;2.5;0;345;76;81;32;95151;0.83;1.78;0.25;0.29
1989;2;24;55;10.8;5.5;2.4;3.8;2.6;0.3;-1.4;0.4;0.11;1.2;2.5;0;303;68;80;41;93724;0.82;1.52;0.25;0.29
1989;2;25;56;9.5;4.8;0.1;3.1;0.9;-1;-0.6;2.1;0.11;1.2;2.5;0;355;77;79;58;92065;0.6;0.21;0.25;0.29
1989;2;26;57;5.6;2.6;0.1;3.2;0.1;-2.1;2;2.6;0.11;1.2;2.5;0.29;317;72;86;51;91506;1.09;3.96;0.25;0.29
1989;2;27;58;4.9;1.1;-1.3;0.3;-2.1;-5.4;3;2.6;0.13;1.2;2.5;1.53;286;66;86;49;92571;0.75;4.14;0.25;0.29
1989;2;28;59;4.5;1.5;0.3;1.5;0;-1.4;2.7;2.3;0.19;1.2;2.5;5.36;273;66;75;41;93372;0.86;6.52;0.25;0.29
1989;3;1;60;5.6;2.5;0.3;0.4;-0.8;-2.2;3.7;2.5;0.21;1.2;2.5;7.02;318;70;77;38;94186;1.22;4.12;0.25;0.29
1989;3;2;61;6.1;3.2;1.5;3.2;1.1;-0.4;3.3;1.8;0.18;1.2;2.5;4.97;277;64;78;31;95063;1.1;5.28;0.25;0.29
1989;3;3;62;8.4;4.5;1.2;6.1;3.2;1.1;1.3;1.7;0.18;1.2;2.5;4.26;231;58;59;25;94651;0.69;6.86;0.26;0.29
1989;3;4;63;6.9;3.7;1;3.2;2.2;0.7;2.3;-0.1;0.15;1.2;2.5;2.45;232;51;76;29;96030;0.66;0.99;0.26;0.29
1989;3;5;64;10.4;5.3;-0.1;6.1;2.9;-0.3;0.2;1;0.13;1.2;2.5;1.49;248;62;56;33;96626;0.41;0.02;0.26;0.29
1989;3;6;65;14.1;7.1;0;4.6;2.5;-0.8;-1.8;0.8;0.13;1.3;2.5;0.83;478;131;116;74;96579;1.01;0;0.26;0.29
1989;3;7;66;14.4;6.8;-1.6;5.5;1.8;-2.7;-0.7;1.1;0.12;1.3;2.5;0.4;501;139;126;81;96122;1.03;0;0.26;0.29
1989;3;8;67;6.5;5;2.6;5.5;2.2;-0.1;3;0.9;0.12;1.3;2.5;0.22;137;35;35;18;95729;0.64;3;0.26;0.29
1989;3;9;68;8.2;4;1.3;1.2;-0.8;-3.3;2.2;-0.2;0.12;1.3;2.5;0.13;475;107;114;53;96568;1.12;0.91;0.26;0.29
1989;3;10;69;9.4;4.3;-0.6;1.8;-0.6;-2.7;0.2;1.5;0.12;1.3;2.5;0.07;276;85;80;51;96665;0.68;0.1;0.26;0.29
1989;3;11;70;13.4;6.8;-0.2;6.2;2.9;-1.6;1.4;0.5;0.12;1.3;2.5;0.02;506;139;110;69;96618;1.01;0.3;0.26;0.28
1989;3;12;71;7.4;5.8;4;5.9;4.2;2.7;-1;0.1;0.12;1.3;2.5;0;195;38;42;19;96262;0.48;3.38;0.26;0.28
1989;3;13;72;14.5;7.9;4.1;7.3;4.3;-0.7;2.3;1.1;0.12;1.3;2.5;0;463;115;89;51;95564;1.17;0.51;0.26;0.28
1989;3;14;73;7.5;4.1;1.8;0.1;-1.5;-2.6;3.1;0.7;0.12;1.3;2.5;0;398;118;87;70;96111;1.12;0.54;0.26;0.28
1989;3;15;74;6.4;4.2;2.2;5.3;1.9;-2.9;2.3;2.7;0.12;1.4;2.5;0.08;112;29;46;17;94818;1.05;4.67;0.25;0.28
1989;3;16;75;9.5;6.9;3.8;8.3;6.1;3.7;1;2.1;0.12;1.4;2.5;0.03;77;18;57;15;94414;0.54;11.65;0.26;0.28
1989;3;17;76;11.7;8.5;5.2;6.2;5.4;4.1;2.9;1.7;0.12;1.4;2.5;0;378;103;72;43;94680;1.68;2.88;0.27;0.28
1989;3;18;77;6.1;3.6;1;3.8;-0.3;-3.1;-0.3;-1.2;0.12;1.4;2.5;0.02;247;73;63;35;96044;1.04;1.26;0.27;0.28
1989;3;19;78;8.6;3.4;-1.3;-0.2;-1.3;-2.5;0;1.3;0.12;1.4;2.5;0.01;529;156;128;85;96294;1.06;0;0.26;0.28
1989;3;20;79;12.1;5;-1.2;3.1;0.6;-2.9;-0.1;0.9;0.12;1.4;2.5;0;565;167;124;83;95264;1.24;0;0.26;0.28
1989;3;21;80;7.9;3.8;-0.2;2.7;-0.9;-4.3;2.6;1.4;0.12;1.5;2.5;0;376;106;98;59;95247;1.28;1.3;0.26;0.28
1989;3;22;81;9.1;5.8;2;6.4;2.9;-3.6;3.3;2;0.12;1.5;2.5;0;153;33;57;18;95713;0.87;1.78;0.26;0.28
1989;3;23;82;6.8;4.3;0.5;4.9;-1;-7.2;3.9;0.1;0.12;1.5;2.5;0.07;530;130;103;60;96023;2.1;5.56;0.26;0.28
1989;3;24;83;7.6;3.9;-0.1;4.3;-1.8;-6.9;4;3;0.13;1.5;2.5;0.13;412;106;83;50;95760;1.56;3.4;0.26;0.28
1989;3;25;84;8.1;6.4;3.5;6.4;2.5;-1.2;4.4;-0.2;0.13;1.5;2.5;0.04;273;68;83;30;95810;1.53;5.91;0.27;0.28
1989;3;26;85;11.2;5.3;-0.4;2.9;-0.4;-1.9;0.9;-0.5;0.13;1.5;2.5;0;591;181;129;94;96584;1.45;0;0.26;0.28
1989;3;27;86;16.2;8.1;-0.2;4.1;1;-2.9;-2.2;0.7;0.13;1.5;2.5;0;607;186;135;94;96352;1.77;0;0.26;0.28
1989;3;28;87;19.6;11.1;2.2;9;3.9;-0.2;0.1;1.2;0.13;1.6;2.5;0;588;178;124;84;96064;1.91;0;0.26;0.28
1989;3;29;88;15;10.5;5.4;11;7.5;3.6;0.7;-0.7;0.13;1.6;2.5;0;429;124;84;56;96396;1.28;3.67;0.26;0.28
1989;3;30;89;18.8;12;5.3;11.1;8.1;5.3;1.5;0.2;0.13;1.6;2.5;0;580;157;109;59;96407;1.79;0.03;0.26;0.28
1989;3;31;90;19.9;14.1;6.5;11;8.5;5.6;0.6;0.1;0.13;1.6;2.5;0;565;174;116;74;95991;1.91;0.56;0.26;0.28
1989;4;1;91;13.5;8.9;4.7;8.2;5.3;1.5;-1.6;-2.1;0.13;1.6;2.5;0;473;128;93;50;95312;1.53;1.99;0.25;0.28
1989;4;2;92;4.2;2.8;0.8;1;-1.7;-3.8;-2.8;-0.4;0.13;1.6;2.5;0.24;226;70;41;29;95165;0.98;2.02;0.25;0.28
1989;4;3;93;6.8;3;0.2;-0.4;-2.3;-4.3;-3.9;-0.5;0.15;1.7;2.5;1.2;421;110;59;32;95051;1.04;0.05;0.25;0.28
1989;4;4;94;8;4.1;2;3;1.1;-1;-4.4;-1.3;0.14;1.7;2.5;0.71;458;124;75;30;94458;1.07;0.49;0.25;0.28
1989;4;5;95;14;6.2;2.5;8.6;4.4;1;-1.5;1;0.14;1.7;2.5;0.25;469;99;70;26;93832;1.32;10.28;0.25;0.28
1989;4;6;96;11.8;7.1;3;3.2;1.1;-0.5;1.3;1.9;0.13;1.7;2.5;0.06;553;149;103;64;94962;1.72;0.03;0.26;0.28
1989;4;7;97;11.3;6.3;1.5;5.2;2.2;-1;1.5;1.7;0.13;1.7;2.5;0;488;144;108;61;95556;1.34;1.62;0.25;0.28
1989;4;8;98;11.4;7;1.9;6.1;4.5;1.5;0.5;0.3;0.13;1.7;2.5;0;312;95;61;42;95628;1.09;2.77;0.25;0.28
1989;4;9;99;11.8;8;5;5.5;3.2;0.2;0.3;0.3;0.14;1.7;2.5;0;455;144;111;60;95791;1.74;1.15;0.26;0.28
1989;4;10;100;18.6;11.3;4.6;7.6;5.4;2.7;-1.8;1.5;0.14;1.8;2.5;0;643;191;127;84;95269;2.13;0;0.25;0.28
1989;4;11;101;18.4;12.4;5;8.3;6.8;4.3;-0.2;1.5;0.14;1.8;2.5;0;611;191;115;81;95295;2.15;0;0.25;0.28
1989;4;12;102;20.6;14.3;7.5;8.9;5.9;3.1;-1.7;2.1;0.14;1.8;2.5;0;647;209;127;87;94394;2.89;1.07;0.25;0.28
1989;4;13;103;18.7;13.4;7.5;9;5.4;2.3;-1.9;1.3;0.14;1.8;2.5;0;600;188;111;80;93946;2.46;0.45;0.24;0.28
1989;4;14;104;14.5;10.7;7;10.1;7.9;5.8;0.1;0.3;0.14;1.8;2.5;0;396;108;78;46;94466;1.57;7.53;0.24;0.28
1989;4;15;105;8.1;6.9;5.3;7.2;6.3;5.2;2.5;-1;0.14;1.8;2.5;0;108;31;8;4;95432;0.88;2.86;0.25;0.28
1989;4;16;106;13.8;10.3;7.1;8.3;7.3;6.7;-1.2;-0.3;0.14;1.9;2.5;0;296;85;63;25;94974;1.18;0.76;0.25;0.28
1989;4;17;107;9;6.9;3.4;8.7;6;0.7;-1.6;-2.4;0.14;1.9;2.5;0;89;34;62;20;94572;1.1;8.11;0.25;0.28
1989;4;18;108;8.8;4.9;-0.1;0.6;-1.2;-2.9;0.5;-0.8;0.14;1.9;2.5;0;393;137;92;64;95447;1.56;0.02;0.25;0.28
1989;4;19;109;10.5;6;1.3;2.1;0.7;-1.4;2;1.5;0.14;1.9;2.5;0;493;166;96;68;95530;2.03;1.41;0.25;0.28
1989;4;20;110;11.5;6.2;0.4;6.2;3.5;0;0.4;0.9;0.14;1.9;2.5;0;579;175;103;68;95725;1.71;1.49;0.25;0.28
1989;4;21;111;15.3;9.2;2.8;9.3;6.3;2.1;-1.3;-0.7;0.14;2;2.5;0;531;157;91;49;95393;2.11;13.78;0.25;0.28
1989;4;22;112;8.4;4.5;1.5;7.4;3.7;1.3;2.6;0.6;0.14;2;2.5;0.31;167;46;22;9;95123;1.23;17.5;0.27;0.28
1989;4;23;113;9.6;5.8;2;2.9;1.3;0.1;1.3;-0.3;0.17;2;2.5;1.5;436;136;92;50;95822;1.65;0.31;0.27;0.28
1989;4;24;114;16.2;9.1;0.7;3.3;1.3;-1.1;-1.1;2.2;0.15;2;2.5;0.68;695;235;135;95;95624;2.69;0;0.27;0.28
1989;4;25;115;18.4;12.1;4.9;6.5;4.2;1.1;-1.7;1.6;0.15;2;2.5;0.23;589;204;116;77;94959;2.65;0;0.27;0.28
1989;4;26;116;20;13;7.2;10.1;7.1;4.5;-0.1;1;0.15;2.1;2.5;0.04;568;192;117;70;94254;2.62;1.6;0.26;0.28
1989;4;27;117;8;4.8;2.4;7.8;1.5;0.1;1.5;-0.9;0.15;2.1;2.5;0;286;86;45;24;95214;1.9;4.29;0.27;0.28
1989;4;28;118;4;2.5;1.2;1.9;0.5;-0.6;0.1;-3.1;0.17;2.1;2.5;1.61;266;68;31;20;95479;1.53;7.24;0.27;0.28
1989;4;29;119;7.1;3.9;0.9;0.7;-0.5;-1.7;0.2;-2.2;0.17;2.1;2.5;1.66;306;103;66;34;96143;1.45;1.33;0.27;0.28
1989;4;30;120;8.6;5.7;1.9;1.6;0.9;0.1;-0.4;-2.5;0.16;2.1;2.5;0.99;462;129;71;44;96417;1.75;0.82;0.27;0.28
1989;5;1;121;13.1;8.2;4.3;2.7;1.7;0.2;0.1;-2.8;0.15;2.2;2.5;0.42;454;162;102;60;96508;1.97;0;0.27;0.28
1989;5;2;122;15.5;9.7;2.1;6;3.4;0.7;-0.2;-2.1;0.15;2.2;2.5;0.14;705;241;134;87;96566;2.76;0;0.26;0.28
1989;5;3;123;17.6;12.8;7.9;9.9;7.6;6;-0.4;-2;0.15;2.2;2.5;0.01;507;170;97;58;96605;2.21;0.12;0.26;0.28
1989;5;4;124;15.6;11.7;6.7;8.7;7.3;6.1;-1.1;-1.7;0.15;2.2;2.5;0;357;136;81;49;96822;1.8;0.02;0.26;0.28
1989;5;5;125;19;13.7;6.4;9.6;8;5.5;0.4;-1.6;0.15;2.2;2.5;0;620;180;104;65;96791;2.47;0.05;0.25;0.28
1989;5;6;126;11.8;9.1;4.8;9.7;3.5;-2.2;2.5;-3.1;0.15;2.2;2.5;0;611;188;109;71;96268;2.27;0.89;0.25;0.28
1989;5;7;127;10.7;6.9;2.7;1.3;0.2;-0.4;0.9;-2.2;0.15;2.3;2.5;0;453;152;103;72;96579;1.9;0.12;0.25;0.27
1989;5;8;128;12.6;7.7;0.9;5.2;2.7;-0.1;-0.1;-1.3;0.15;2.3;2.5;0;473;171;95;65;96350;1.81;0;0.25;0.27
1989;5;9;129;19.3;12.3;3.5;8.1;5;1.8;-0.1;2.1;0.15;2.3;2.5;0;709;251;133;93;95701;3.14;0;0.24;0.27
1989;5;10;130;15.1;12.1;8.9;12.7;10;5.8;2;1.6;0.15;2.3;2.5;0;247;95;70;38;95364;1.94;13.36;0.25;0.27
1989;5;11;131;15.4;12.3;10.3;11.5;10.6;9;1.3;1.9;0.15;2.3;2.5;0;299;91;76;33;95213;1.87;9.52;0.25;0.27
1989;5;12;132;17.3;12.3;8.2;10.5;9;6.3;2.4;2;0.15;2.4;2.5;0;609;182;86;60;94996;2.97;6.61;0.26;0.27
1989;5;13;133;14.9;10.5;6.2;9.5;7;5.1;1.7;0.9;0.15;2.4;2.5;0;603;177;86;64;95528;2.54;3.04;0.26;0.27
1989;5;14;134;12.9;9.7;6.5;8.2;6.8;5.1;0.7;-0.7;0.15;2.4;2.5;0;341;121;78;51;96501;1.84;5.64;0.26;0.27
1989;5;15;135;16.6;11;4.2;6.9;4;2.2;-2;-1.6;0.15;2.4;2.5;0;566;213;113;83;97304;3.14;0;0.26;0.27
1989;5;16;136;18.7;12.8;5.6;7.8;5.3;3.1;-2.1;-1;0.15;2.4;2.5;0;723;268;136;101;97099;3.58;0;0.26;0.27
1989;5;17;137;19.9;14.5;6.7;9.5;7.7;5.3;-1.7;-1.2;0.16;2.4;2.5;0;687;213;111;78;96866;3.16;0;0.25;0.27
1989;5;18;138;21.5;16.2;9.3;11;8.7;7.3;-2.5;-0.8;0.16;2.5;2.5;0;652;247;114;90;96670;3.7;0;0.25;0.27
1989;5;19;139;22.6;17.4;11;12.4;10;8.5;-2;-0.6;0.16;2.5;2.5;0;622;240;117;89;96541;3.69;0.09;0.25;0.27
1989;5;20;140;21.7;16.6;9.4;12.1;10;8.3;-1.6;-1.5;0.16;2.5;2.5;0;581;215;107;76;96464;3.37;0.73;0.24;0.27
1989;5;21;141;21.2;16.3;11.6;12.8;10.8;7.4;-2.1;-1.6;0.16;2.5;2.5;0;652;218;111;79;96520;3.38;5.22;0.24;0.27
1989;5;22;142;18;14;10.1;6.7;4.7;2.9;-4.1;-0.5;0.16;2.5;2.5;0;727;271;130;104;96748;3.94;0;0.24;0.27
1989;5;23;143;19.5;14.4;9;6.6;4.4;2.2;-4.1;0.4;0.16;2.5;2.5;0;731;270;130;108;96759;4;0;0.24;0.27
1989;5;24;144;21.2;15.7;9.7;6.4;4.3;2.8;-3.8;0.5;0.16;2.5;2.5;0;737;276;136;109;96717;4.21;0;0.23;0.27
1989;5;25;145;22.2;16.7;10.9;8;6.3;4.5;-3.3;0.4;0.16;2.6;2.5;0;732;271;133;107;96559;4.06;0;0.23;0.27
1989;5;26;146;22.7;17.1;10.9;8.5;7.1;5.6;-2.2;0.2;0.16;2.6;2.5;0;728;263;134;101;96445;3.88;0;0.22;0.27
1989;5;27;147;22.5;17.2;10;9.9;8.2;7.1;-1.4;-1;0.16;2.6;2.5;0;710;251;126;90;96341;3.66;0.29;0.22;0.27
1989;5;28;148;23;17.3;11.8;12;9.9;8.5;-1.3;-1;0.16;2.6;2.5;0;644;242;118;89;96240;3.58;1.65;0.22;0.27
1989;5;29;149;21.6;16;10;12.6;10.8;9.1;0.1;0;0.16;2.6;2.5;0;639;198;110;73;95940;2.92;2.22;0.21;0.27
1989;5;30;150;19.7;15.2;10.2;13.4;11.8;10;0.8;1;0.16;2.6;2.5;0;554;189;92;60;95408;2.88;6.81;0.21;0.27
1989;5;31;151;15.4;11.7;8.4;10.8;5.5;2.3;-0.2;-1.6;0.16;2.6;2.5;0;583;201;133;64;95488;3.24;0.88;0.22;0.27
1989;6;1;152;16.9;12.8;8;10.5;8.3;5.2;-0.2;-0.2;0.16;2.6;2.5;0;435;140;92;52;95401;1.94;0.73;0.22;0.27
1989;6;2;153;13;11.1;7.7;10.3;8.8;6.9;0.4;-1.2;0.16;2.7;2.5;0;200;63;71;35;95333;1.48;9.43;0.22;0.27
1989;6;3;154;16;11.1;6.3;9.2;6.6;4.5;-0.6;-0.5;0.16;2.7;2.5;0;508;163;73;46;95286;2.54;4.9;0.22;0.27
1989;6;4;155;13.9;10.6;7.4;9.8;7.7;5.3;1.7;0.5;0.16;2.7;2.5;0;536;163;83;52;95325;2.77;4.28;0.22;0.27
1989;6;5;156;12.7;9.7;5.8;7.8;5.8;4.4;1.2;0.1;0.16;2.7;2.5;0;404;152;85;63;95431;2.52;7.66;0.23;0.27
1989;6;6;157;13.3;9.5;5.4;5.2;3.7;2.1;0.8;0.3;0.16;2.7;2.5;0;337;135;80;53;95549;1.98;0.12;0.23;0.27
1989;6;7;158;15.1;10.5;5.5;6.7;4.8;3;1.5;1.4;0.16;2.7;2.5;0;624;219;114;75;95515;2.99;1.07;0.23;0.27
1989;6;8;159;13.8;10.4;6.9;8.4;6.6;4.9;1.6;1.4;0.16;2.7;2.5;0;485;194;87;67;96033;2.84;4.19;0.23;0.27
1989;6;9;160;17.4;12.4;5.3;9.6;7.5;4.5;0.5;0.3;0.16;2.8;2.5;0;664;238;114;80;96309;3.23;0.44;0.22;0.27
1989;6;10;161;20.9;15.3;7.9;11;7.9;6;-0.6;0.4;0.16;2.8;2.6;0;592;197;99;69;96168;3.01;0.02;0.22;0.27
1989;6;11;162;17.9;14.2;11.6;14.6;11.6;7.6;1.2;-0.3;0.16;2.8;2.6;0;420;123;71;40;96424;2.05;6.29;0.22;0.27
1989;6;12;163;20.7;15.7;11.3;13.7;9.6;6.4;-1.6;-1.7;0.16;2.8;2.6;0;598;211;121;63;96668;3.71;0.71;0.22;0.27
1989;6;13;164;20.5;16.1;10.4;9.9;7.6;6.3;-1.9;-1.9;0.16;2.8;2.6;0;717;236;120;82;96668;3.83;0;0.22;0.27
1989;6;14;165;20.1;15.7;11.3;7.7;6.1;3.5;-1.7;-1.8;0.16;2.8;2.6;0;721;255;131;95;96615;4.02;0;0.22;0.27
1989;6;15;166;18.5;14.6;10.5;8.9;7.2;4.7;0;-1.7;0.16;2.8;2.6;0;537;206;95;76;96598;2.99;0.3;0.21;0.26
1989;6;16;167;16.2;12.7;7.7;7.4;5.2;4.2;-0.6;-2.4;0.16;2.8;2.6;0;590;195;113;76;96692;2.75;0.2;0.21;0.26
1989;6;17;168;19.7;15;8.8;9.3;7.5;5.8;0.8;-2.2;0.16;2.8;2.6;0;606;176;95;58;96571;2.73;0.01;0.21;0.26
1989;6;18;169;21.5;16.9;11.7;11.5;9.8;8.2;-0.2;-2.5;0.16;2.8;2.6;0;557;192;92;58;96518;3.02;0.59;0.2;0.26
1989;6;19;170;21.7;17;12.3;12.8;9.2;5.7;-1.5;-2.2;0.16;2.8;2.6;0;609;217;113;75;96703;3.43;0.52;0.2;0.26
1989;6;20;171;22.1;17.3;10.9;11.1;8.6;5.6;0.5;-1.8;0.16;2.8;2.6;0;631;211;96;71;96472;3.2;0.3;0.2;0.26
1989;6;21;172;24.4;19.5;13.7;13.2;11.8;9.9;0.8;-1.8;0.16;2.8;2.6;0;612;228;107;71;95959;3.37;0.1;0.2;0.26
1989;6;22;173;21;17.7;13.9;15.1;13.7;12;0.3;-0.7;0.16;2.8;2.6;0;380;145;87;54;95700;2.37;3.32;0.19;0.26
1989;6;23;174;20.5;16.3;12.7;15.3;13.9;12.3;1.4;-0.8;0.16;2.8;2.5;0;433;146;66;43;95735;2.56;10.8;0.19;0.26
1989;6;24;175;20.5;16.5;13;15;14.1;12.6;0.5;-1.4;0.16;2.8;2.5;0;388;139;76;39;95985;2.49;3.81;0.2;0.26
1989;6;25;176;22.5;17.9;12;15.2;13.6;11.9;-0.2;0;0.16;2.8;2.5;0;589;208;96;63;96045;3.38;1.07;0.2;0.26
1989;6;26;177;24.7;20;12.9;15.7;13.6;12.4;-0.7;0.8;0.15;2.7;2.5;0;637;219;104;71;95819;3.45;0.28;0.2;0.26
1989;6;27;178;24.3;19.5;13.4;15.4;14;12.3;1.1;1.2;0.15;2.7;2.5;0;654;225;95;69;95428;3.65;2.38;0.2;0.26
1989;6;28;179;17.3;14.8;11.8;13.2;8.9;6;2.9;0.1;0.15;2.7;2.5;0;493;164;102;60;95795;3.22;2.43;0.2;0.26
1989;6;29;180;17.4;14.3;8.9;9.9;8.1;6.6;1.7;0.8;0.15;2.7;2.5;0;486;146;81;57;95936;2.19;0.47;0.2;0.26
1989;6;30;181;14;12.8;10.8;12.5;11.3;8.9;1;0.3;0.15;2.7;2.5;0;136;38;65;16;95980;1.07;2.84;0.2;0.26
1989;7;1;182;20.9;16.1;10.5;14.9;13.2;10.1;0.5;1.2;0.15;2.7;2.5;0;474;148;67;40;95712;2.36;3.81;0.2;0.26
1989;7;2;183;17.9;14.8;12.4;16;13.7;12.2;1.4;-0.2;0.15;2.7;2.5;0;311;83;56;28;95600;1.63;10.25;0.2;0.26
1989;7;3;184;16.5;14.3;12.6;13.7;12.4;10.8;-0.7;-2.6;0.15;2.7;2.5;0;259;94;38;22;96277;1.86;2.2;0.21;0.26
1989;7;4;185;24.1;18.7;12.6;15.7;14.1;11.2;-4.1;-1.5;0.15;2.7;2.5;0;542;178;88;43;96321;3.05;0.03;0.21;0.26
1989;7;5;186;26;21.4;16.7;15.6;14.5;13.9;-2.9;-0.9;0.15;2.7;2.5;0;680;235;99;76;96603;3.99;0.33;0.2;0.26
1989;7;6;187;25.3;21.2;16.2;15.2;13.2;10.4;-2.2;0;0.15;2.7;2.5;0;545;217;104;79;96634;3.73;0.15;0.2;0.26
1989;7;7;188;28.6;22.5;15.3;16.9;13.2;9.5;-1;0.8;0.15;2.7;2.5;0;721;256;124;83;96160;4.12;0.39;0.2;0.26
1989;7;8;189;25.5;21;17.4;18.2;17;15.1;0.4;0.6;0.15;2.6;2.5;0;595;184;88;55;95882;3.13;9.04;0.19;0.26
1989;7;9;190;21.4;18.6;16;17.5;15.8;14.7;2;1.1;0.15;2.6;2.5;0;441;148;70;48;96038;3.03;7.25;0.2;0.26
1989;7;10;191;23.1;19.1;13.9;17.2;15.1;13.4;0.7;-0.6;0.15;2.6;2.5;0;523;184;75;57;96343;2.97;0.93;0.2;0.26
1989;7;11;192;19.4;17.3;15.2;14.9;13.7;12.3;-1;-2.4;0.15;2.6;2.5;0;302;106;53;33;96348;2.42;3.73;0.2;0.26
1989;7;12;193;22.3;18.1;13.4;13;11.1;10.2;1;-1.4;0.15;2.6;2.5;0;582;177;77;54;96305;3.3;0;0.2;0.26
1989;7;13;194;20.6;17.6;14;13.8;11.3;9.6;2.4;-0.4;0.15;2.6;2.5;0;500;190;95;69;95988;3.09;1.05;0.2;0.26
1989;7;14;195;16.7;14.3;11.5;10.2;7.1;4.7;2.9;-1.6;0.15;2.6;2.5;0;597;187;92;66;95984;3.03;0.77;0.2;0.26
1989;7;15;196;16.1;13.3;9.9;7.1;5.8;4;3.3;-0.8;0.15;2.6;2.5;0;380;141;71;47;96344;2.46;0.5;0.2;0.26
1989;7;16;197;18.3;15.2;12.9;9.7;7.5;6.1;3.7;-1.2;0.15;2.6;2.5;0;645;180;102;60;96271;2.7;0.1;0.19;0.25
1989;7;17;198;18;13.6;9.9;6.9;4.5;2.9;2.2;-1.8;0.15;2.6;2.5;0;707;214;117;74;96478;3;0;0.19;0.25
1989;7;18;199;16.7;13.2;10.2;13.8;8.2;5.3;3;-1;0.15;2.6;2.5;0;499;136;100;53;95965;2.44;3.64;0.19;0.25
1989;7;19;200;17.6;13.5;9.7;7.3;5.4;3.6;1.5;-1.6;0.15;2.5;2.5;0;454;171;106;68;96460;2.59;0.27;0.19;0.25
1989;7;20;201;21.8;15.3;7.1;10.6;8;4.9;0.7;-1.4;0.15;2.5;2.5;0;673;236;114;85;96568;3.05;0;0.19;0.25
1989;7;21;202;23.7;17.7;10;11.1;9.7;8.6;-1.2;-0.8;0.15;2.5;2.5;0;707;260;138;99;96617;3.43;0;0.18;0.25
1989;7;22;203;26.4;20.2;12.5;12.2;10.4;9;-1.2;1.1;0.15;2.5;2.5;0;698;246;129;90;96461;3.53;0;0.18;0.25
1989;7;23;204;28;21.1;15;19.2;15;10.2;-0.5;1.7;0.15;2.5;2.5;0;662;193;102;63;96293;2.73;7.83;0.18;0.25
1989;7;24;205;26.2;20.9;17.1;18.3;17.5;16.6;1;0.2;0.15;2.5;2.5;0;607;184;85;48;96278;3.05;7.9;0.18;0.25
1989;7;25;206;23.6;18.9;15.4;17.9;16.9;15.4;-0.6;0.5;0.15;2.5;2.5;0;467;143;68;43;96273;2.58;8.97;0.19;0.25
1989;7;26;207;22;18.4;16.3;16.7;16;15.1;1.1;-0.4;0.15;2.5;2.5;0;423;127;64;35;96280;2.48;5.49;0.2;0.25
1989;7;27;208;21.5;17.6;14.6;17;15.6;14.3;0.6;-1;0.15;2.5;2.5;0;368;127;53;39;96238;2.59;10.95;0.2;0.25
1989;7;28;209;20.1;16.5;13.1;14.1;11;8.3;-0.2;-2.2;0.15;2.5;2.5;0;500;174;103;62;96504;3.02;0.36;0.21;0.25
1989;7;29;210;21.3;16.7;10;11.6;9.5;8.1;-1.1;0;0.15;2.5;2.5;0;606;185;113;75;96493;2.89;0.01;0.2;0.25
1989;7;30;211;24;18.3;11.1;13.2;11.5;8.6;0.9;1.6;0.15;2.4;2.5;0;619;199;100;66;95626;3.31;1.24;0.2;0.25
1989;7;31;212;16.6;14.3;11.5;12.4;9;6.6;4;-0.1;0.15;2.4;2.5;0;540;171;84;64;95337;3.09;1.93;0.2;0.25
1989;8;1;213;14.3;11.3;9.2;11.3;8.6;6.8;2.6;-0.2;0.15;2.4;2.5;0;407;115;81;48;95187;2.49;8.5;0.2;0.25
1989;8;2;214;14.4;11.2;8.2;9.8;7.8;6.2;3.5;-0.4;0.15;2.4;2.5;0;474;151;75;45;95548;2.71;3.42;0.21;0.25
1989;8;3;215;13.3;11.4;9.4;8.1;7;6.2;3.2;-0.7;0.15;2.4;2.5;0;218;69;49;26;95692;1.7;1.77;0.21;0.25
1989;8;4;216;17.8;14.4;11.7;12;10.1;8.3;3.4;-0.4;0.15;2.4;2.5;0;455;146;76;43;95631;2.78;4.85;0.21;0.25
1989;8;5;217;22;16.3;9.2;12.7;10.3;7.8;1.4;-0.1;0.15;2.4;2.5;0;648;230;117;81;95525;3.17;0;0.21;0.25
1989;8;6;218;24.4;19.1;12.4;14.7;12;9.3;0.5;-0.3;0.15;2.4;2.5;0;669;217;119;71;95426;3.2;0.62;0.2;0.25
1989;8;7;219;23.7;18.9;12.9;16.9;15.4;12.7;0.5;1.3;0.15;2.4;2.5;0;502;164;76;49;95638;2.73;2.96;0.2;0.25
1989;8;8;220;21.1;17.4;15.2;16.9;15.7;14.8;1.7;0.3;0.15;2.4;2.5;0;472;121;60;32;95788;2.59;17.03;0.21;0.25
1989;8;9;221;20.3;17.1;14.5;16.2;14.4;13.1;1.7;-0.7;0.15;2.3;2.5;0;446;152;78;41;96009;2.54;1.32;0.22;0.25
1989;8;10;222;21.9;18.1;13.3;15.4;13.7;12.3;0.2;1.1;0.15;2.3;2.5;0;532;165;94;62;95855;2.47;0.53;0.21;0.25
1989;8;11;223;23;18.5;13.7;15.2;13.9;11.9;1.5;1.2;0.15;2.3;2.5;0;560;176;91;57;95467;2.73;1.01;0.21;0.25
1989;8;12;224;20.1;17.6;15.1;15.4;14.4;13;2.3;1.2;0.15;2.3;2.5;0;287;101;77;42;95537;1.94;1.28;0.21;0.25
1989;8;13;225;22.7;18;12.8;13.6;11;8.5;0.6;0.8;0.15;2.3;2.5;0;549;182;106;66;95722;2.86;0;0.21;0.25
1989;8;14;226;24;19.7;15.8;16.2;12.9;11.4;0.9;0.9;0.15;2.3;2.5;0;656;200;114;64;95799;3.06;0.09;0.21;0.25
1989;8;15;227;27.7;21.3;14.3;17.6;14.5;10.9;0.4;1.4;0.14;2.3;2.5;0;639;208;108;70;96116;3.17;0;0.2;0.25
1989;8;16;228;30.5;23.6;16;18.2;15.5;13.5;-1.3;1.5;0.14;2.3;2.5;0;656;225;123;81;95972;3.45;0;0.2;0.25
1989;8;17;229;20.4;19.3;16.2;17.4;15.8;13.5;1.4;0.1;0.14;2.3;2.5;0;248;87;59;42;96294;1.66;2.58;0.2;0.25
1989;8;18;230;22.1;18.4;14.2;15;13.5;11.9;0.4;-1.1;0.14;2.3;2.5;0;556;165;98;62;96735;2.5;0.99;0.2;0.25
1989;8;19;231;23.6;18.8;13.1;14.5;12.7;10.5;-2.4;0;0.14;2.3;2.5;0;564;188;93;74;96595;2.67;0.31;0.2;0.25
1989;8;20;232;26.2;20.6;13.3;15.8;14;12.1;-0.7;0.7;0.14;2.3;2.5;0;637;210;109;78;96216;2.86;0;0.2;0.25
1989;8;21;233;28.4;22.6;17.2;16.6;14.8;13.7;0;-0.6;0.14;2.3;2.5;0;639;214;121;81;96322;3.03;0;0.19;0.25
1989;8;22;234;26.9;20.9;15.7;18.1;15.9;13.4;0.1;-0.9;0.14;2.2;2.5;0;591;171;104;64;96379;2.56;3.37;0.19;0.24
1989;8;23;235;21.7;18;13.8;15.8;13.9;10.4;0.4;-1.9;0.14;2.2;2.5;0;410;136;96;58;96530;2.1;0.78;0.19;0.24
1989;8;24;236;22.3;17.1;11.8;11.5;9.4;8.6;1.5;-0.5;0.14;2.2;2.5;0;636;213;125;91;96239;2.7;0;0.19;0.24
1989;8;25;237;21;16.2;11.6;11.4;9.7;8.1;3.1;-0.1;0.14;2.2;2.5;0;496;144;87;54;95582;2.07;0.95;0.19;0.24
1989;8;26;238;16.5;14.2;12.2;12.8;11.1;9.5;0.1;0.7;0.14;2.2;2.5;0;218;69;46;28;95540;1.31;4.31;0.19;0.24
1989;8;27;239;18.6;14.7;11;15.1;12.7;8.2;2.7;1.5;0.14;2.2;2.5;0;314;79;61;26;94957;2.3;8.14;0.19;0.24
1989;8;28;240;10.6;9.6;8.7;7.9;7.2;6.4;4.6;-0.6;0.14;2.2;2.5;0;210;62;57;27;95295;2.26;5.28;0.2;0.24
1989;8;29;241;13.7;10.7;8.6;7.2;5.3;3.9;3.3;-2.1;0.14;2.2;2.5;0;307;87;67;37;95987;1.92;1.11;0.2;0.24
1989;8;30;242;15.1;11.2;7.1;7.4;5.5;3.9;0.2;-1.1;0.14;2.2;2.5;0;362;109;75;53;96203;1.49;0.3;0.2;0.24
1989;8;31;243;18.8;12.6;5;8.9;6.4;3.9;-0.5;-1.1;0.14;2.2;2.5;0;622;208;130;91;96033;2.35;0;0.2;0.24
1989;9;1;244;20.7;14.6;7;10.7;8;5.8;-0.6;-0.8;0.14;2.2;2.5;0;611;192;126;81;95952;2.36;0;0.19;0.24
1989;9;2;245;15.7;13.1;10.3;11.4;10.3;8.9;-0.8;-2.3;0.14;2.2;2.5;0;298;78;51;29;96027;1.43;3.87;0.19;0.24
1989;9;3;246;12;10.6;9.5;11.1;9.4;8.2;-0.1;-2.4;0.14;2.2;2.5;0;139;43;31;19;96138;1.5;9.94;0.2;0.24
1989;9;4;247;12.6;10.6;9;9.3;8.5;7.3;0.1;-2.1;0.14;2.2;2.5;0;154;52;38;22;96381;1.66;5.8;0.21;0.24
1989;9;5;248;15.2;11.4;7;8.4;7.1;6;0.1;-1.5;0.14;2.2;2.5;0;422;108;68;49;96776;1.65;0.58;0.21;0.24
1989;9;6;249;17.1;12;5.9;8.9;6.6;5.4;-0.9;-1;0.14;2.2;2.5;0;498;147;96;69;96921;1.85;0;0.21;0.24
1989;9;7;250;18.4;12.8;5.8;8.6;7.2;4.9;-2;-0.3;0.14;2.2;2.5;0;528;159;95;74;96654;2.01;0;0.2;0.24
1989;9;8;251;20;14.6;8.9;10;8.1;6;-3.2;0.2;0.14;2.2;2.5;0;593;186;118;90;95963;2.35;0;0.2;0.24
1989;9;9;252;20.7;15.5;10.5;9.6;8.6;7.2;-2.9;-0.2;0.14;2.2;2.5;0;583;170;114;75;95379;2.29;0;0.2;0.24
1989;9;10;253;19.1;15.1;11.6;11;9.3;8;-1.8;0;0.14;2.2;2.5;0;487;128;100;64;95738;1.69;0;0.2;0.24
1989;9;11;254;19.7;15.3;10.8;13.3;11.5;9;-2.6;-0.3;0.14;2.2;2.5;0;460;141;90;62;96044;1.86;1.12;0.2;0.24
1989;9;12;255;17.6;14.5;11.7;11.7;10.8;10.1;-2.6;0.2;0.14;2.1;2.5;0;332;93;73;49;96214;1.21;0.1;0.2;0.24
1989;9;13;256;17.8;14.2;10.3;13.1;11.7;9.9;-0.2;1.8;0.14;2.1;2.5;0;329;94;59;43;95910;1.09;5.62;0.2;0.24
1989;9;14;257;15.7;13;11.5;13.3;11.5;10.4;3;1.1;0.14;2.1;2.5;0;311;68;72;29;95773;1.69;6.88;0.2;0.24
1989;9;15;258;13.4;12.4;11.3;13.2;11.4;10.4;3.7;1.9;0.14;2.1;2.5;0;62;16;19;6;95516;1.26;14.57;0.22;0.24
1989;9;16;259;18.1;15.4;13.3;13.9;13.3;12.3;3.4;1;0.14;2.1;2.5;0;274;60;45;20;95932;1.32;1.98;0.22;0.24
1989;9;17;260;22.8;16.8;10.1;14.7;13;9.9;0.3;1.8;0.14;2.1;2.5;0;506;149;94;66;96119;1.87;0.02;0.22;0.24
1989;9;18;261;25.2;18.1;10.7;15.7;13.4;10.2;-0.8;1.4;0.14;2.1;2.5;0;536;162;112;76;96393;2.13;0;0.22;0.24
1989;9;19;262;25.1;18.8;11.5;16.5;13.8;10.7;0.2;0;0.14;2.1;2.5;0;524;161;104;71;96291;2.08;0;0.21;0.24
1989;9;20;263;22.9;18.3;14.2;15.2;14.2;12.5;-1.5;-0.5;0.14;2.1;2.5;0;442;115;73;52;97019;1.74;0.3;0.21;0.24
1989;9;21;264;23.8;18.9;15.2;15.6;14.9;14.1;-2.7;0.3;0.13;2;2.5;0;514;143;108;74;96606;1.88;0;0.21;0.24
1989;9;22;265;23.2;18;11.4;15.2;13.9;11.3;-0.4;0.5;0.13;2;2.5;0;509;147;101;74;96042;1.77;0;0.21;0.24
1989;9;23;266;23;17.4;11.8;15.8;14;11.3;0.2;-0.5;0.13;2;2.5;0;493;128;94;56;96022;1.61;1.2;0.21;0.24
1989;9;24;267;16.9;15.3;14.2;15.5;14.7;13.8;0;-0.3;0.13;2;2.5;0;176;39;41;15;96407;0.85;12.92;0.21;0.24
1989;9;25;268;16.5;14.3;12.1;13.6;12;10.2;1.2;-0.7;0.13;2;2.5;0;199;53;66;26;96358;1.13;1.14;0.22;0.24
1989;9;26;269;16.8;13.2;10.2;10.8;9.6;8.1;1.4;-0.9;0.13;2;2.5;0;396;97;75;45;96242;1.26;0.07;0.22;0.24
1989;9;27;270;12.2;10.1;8;9.9;7.3;5.2;0.3;-1.6;0.13;1.9;2.5;0;363;73;72;40;95936;1.72;15.44;0.23;0.24
1989;9;28;271;10.4;9.2;7.1;7.9;6.8;5.7;0.3;-2.7;0.13;1.9;2.5;0;71;21;60;18;96479;0.63;0.69;0.23;0.24
1989;9;29;272;11.2;9.3;6.2;6.8;4.6;2.8;0.2;-2.3;0.13;1.9;2.5;0;222;66;63;40;96666;1.01;0.08;0.23;0.24
1989;9;30;273;10.4;8.3;3.9;9.6;6.2;3.2;2.4;-0.9;0.13;1.9;2.5;0;161;43;66;27;96657;0.49;0.5;0.23;0.24
1989;10;1;274;12.5;11;9.5;10;8.9;7.8;2.5;-1.4;0.13;1.9;2.5;0;241;49;36;19;96694;1.16;2.05;0.23;0.24
1989;10;2;275;11.1;9.7;8.4;7.8;5.6;4.5;4.1;-1.3;0.13;1.9;2.5;0;190;52;57;25;96325;0.98;0.42;0.23;0.24
1989;10;3;276;11.3;8.4;4.3;6.1;2.5;-0.7;1.5;-2.5;0.13;1.8;2.5;0;446;116;106;63;96368;1.86;1.62;0.23;0.24
1989;10;4;277;11.6;6.2;1.3;3.6;1.8;-0.5;-0.7;-0.7;0.13;1.8;2.5;0;471;135;125;88;96993;1.16;0;0.23;0.24
1989;10;5;278;14.5;7.5;1;4.8;2.6;0.1;-1.1;0.8;0.13;1.8;2.5;0;483;136;126;86;96925;1.27;0;0.23;0.24
1989;10;6;279;16.2;9.1;3;10.8;6.7;1.5;1.5;1.2;0.13;1.8;2.5;0;444;92;91;45;96289;0.97;2.42;0.23;0.24
1989;10;7;280;10.2;7.8;6;8.1;6.2;4.2;3.1;0.5;0.13;1.8;2.5;0;302;50;72;24;95194;1.49;13.16;0.24;0.24
1989;10;8;281;9.7;6.9;4.8;5.8;4.9;4;-0.1;-1.1;0.13;1.8;2.5;0;192;49;79;31;95144;0.94;3.55;0.24;0.24
1989;10;9;282;8.3;5.8;4.1;6.4;5;3.7;1.4;-0.2;0.13;1.7;2.5;0;131;31;63;24;95683;0.54;2.56;0.24;0.24
1989;10;10;283;8.2;6.3;4.7;6.3;4;1.9;1.9;-1;0.13;1.7;2.5;0;233;61;72;36;95803;1.14;1.92;0.24;0.24
1989;10;11;284;6.9;5.9;4.1;6.8;4.8;2.5;3.6;0.9;0.13;1.7;2.5;0;63;15;55;14;95975;0.45;1.8;0.25;0.24
1989;10;12;285;11.5;8.7;6.6;7.2;5.9;3.8;2.9;0.5;0.13;1.7;2.5;0;270;65;53;23;96395;0.98;0.34;0.25;0.24
1989;10;13;286;13;10.4;8.4;7.9;7.1;6.5;2.9;1.6;0.13;1.7;2.5;0;235;60;68;35;96102;0.75;0.25;0.24;0.24
1989;10;14;287;11.8;9.1;6.3;8.2;6.8;5.3;2.8;1.3;0.13;1.7;2.5;0;189;50;59;39;95700;1.05;4.91;0.25;0.24
1989;10;15;288;8.7;6.3;3.8;6.1;4.1;2.4;2.8;-0.2;0.13;1.7;2.5;0;253;61;92;47;96406;1.02;0.92;0.25;0.24
1989;10;16;289;11.5;6.1;0.3;4.7;2.8;0;1.5;1;0.13;1.6;2.5;0;405;108;109;74;97162;0.89;0;0.25;0.24
1989;10;17;290;13.7;8;2.5;6.3;3.9;1.4;0.7;0.7;0.13;1.6;2.5;0;417;110;115;74;97238;0.92;0;0.25;0.24
1989;10;18;291;15.5;8.6;2.3;6.8;4.4;0.9;-0.8;0.9;0.13;1.6;2.5;0;417;109;120;76;96752;0.94;0;0.24;0.24
1989;10;19;292;15.9;9.2;2.8;9.5;6.6;2.3;-0.4;1.6;0.12;1.6;2.5;0;373;97;100;69;96090;0.74;0;0.24;0.24
1989;10;20;293;15.6;10.1;4.4;9.5;7.7;4;1.6;1.7;0.12;1.6;2.5;0;375;88;89;51;95899;0.79;0.32;0.24;0.24
1989;10;21;294;17.7;12.8;8.1;10.9;9.1;7.3;1.1;2.7;0.12;1.6;2.5;0;339;73;75;56;96422;0.92;0.2;0.24;0.24
1989;10;22;295;19.5;13.5;8.8;11.8;9.1;6.7;-0.1;2.1;0.12;1.6;2.5;0;363;95;104;77;96717;0.9;0;0.24;0.24
1989;10;23;296;20.2;12.4;5.9;12.9;9.2;5.1;-0.2;1.7;0.12;1.6;2.5;0;390;100;115;78;96568;0.8;0;0.24;0.24
1989;10;24;297;17.4;12.1;7.7;11.4;9.3;6.6;2;1.1;0.12;1.6;2.5;0;367;93;96;66;96660;0.73;0;0.24;0.24
1989;10;25;298;16.9;11.8;6.8;12.4;10.1;6.6;1.2;1.2;0.12;1.6;2.5;0;256;56;58;39;96718;0.45;0.09;0.24;0.24
1989;10;26;299;17.5;11.7;6.7;12.1;9.5;6.3;0.9;1.5;0.12;1.6;2.5;0;338;86;93;60;96531;0.66;0.05;0.24;0.24
1989;10;27;300;19.2;12.2;5.6;12;9.4;5.2;-2.1;0.3;0.12;1.6;2.5;0;370;92;108;74;96165;0.72;0;0.24;0.24
1989;10;28;301;18.5;12;6.1;9.4;7.4;5.1;0;1.3;0.12;1.6;2.5;0;376;94;125;75;95694;1.04;0.79;0.24;0.24
1989;10;29;302;12.3;9.9;8.3;8.5;7.3;4.6;2.5;2.2;0.12;1.6;2.5;0;285;44;66;36;95898;1.42;4.66;0.24;0.24
1989;10;30;303;13.3;11;7.9;11.7;9.7;4.9;5;1.6;0.12;1.6;2.5;0;92;15;44;12;95859;1.36;14.42;0.25;0.24
1989;10;31;304;11.7;9.7;8.2;11.1;7.4;5.1;3.2;0.4;0.12;1.6;2.5;0;244;40;54;20;96246;0.71;3.61;0.25;0.24
1989;11;1;305;12.7;11.2;10;10.4;9.9;8.7;1.4;1.2;0.12;1.6;2.5;0;199;34;49;16;96220;0.78;6.04;0.25;0.24
1989;11;2;306;12.8;10.7;8.7;10.3;8.2;6.5;0.5;1.1;0.12;1.6;2.5;0;222;48;85;40;95967;0.86;1.59;0.26;0.24
1989;11;3;307;13.8;9.5;6.5;9;7.5;6;-1.5;0.7;0.12;1.6;2.5;0;305;74;96;60;95527;0.65;0.63;0.26;0.24
1989;11;4;308;8.4;6.9;4.5;8;6.4;3.9;1.1;0.7;0.12;1.6;2.5;0;101;19;60;20;95006;0.48;6.22;0.26;0.24
1989;11;5;309;9.2;5.6;1.9;4.2;3.1;1.4;0;1.8;0.12;1.6;2.5;0;243;47;80;46;94475;0.88;1.65;0.26;0.24
1989;11;6;310;6;4.8;2.1;5.2;4.1;1.5;0.6;-1.9;0.12;1.6;2.5;0;56;11;40;10;94485;0.45;8.21;0.26;0.24
1989;11;7;311;5;3.4;1.8;4.9;2.7;0.4;2.4;-1;0.12;1.6;2.5;0.28;57;11;54;14;95301;0.64;15.24;0.28;0.24
1989;11;8;312;5.5;2.9;1;1.4;-0.3;-1.2;-0.3;1.8;0.12;1.5;2.5;0.3;291;59;106;52;95869;0.58;0.2;0.28;0.24
1989;11;9;313;6;4.1;-0.4;4.9;2.2;-1.4;2;1.1;0.12;1.5;2.5;0.19;230;42;84;39;96312;0.72;1.59;0.28;0.24
1989;11;10;314;5.8;1.5;-2.5;2.2;0.3;-3;-0.4;1.8;0.12;1.5;2.5;0.15;258;61;94;61;96852;0.28;0;0.28;0.24
1989;11;11;315;8;3.1;0.5;1.8;0.6;-0.7;-1.2;1.1;0.11;1.5;2.5;0.15;299;66;98;63;96979;0.44;0;0.28;0.24
1989;11;12;316;7.8;1.7;-2.3;0.3;-1.3;-3.2;-1.7;-0.2;0.11;1.5;2.5;0.08;305;71;110;75;97052;0.47;0;0.28;0.24
1989;11;13;317;5.4;0.2;-2.9;0.7;-2.1;-3.7;-0.3;-0.2;0.11;1.5;2.5;0;308;69;109;73;97147;0.3;0;0.27;0.24
1989;11;14;318;5;-0.4;-3.4;0.1;-2.6;-4.2;0.7;0;0.11;1.5;2.5;0;293;67;98;66;97033;0.18;0;0.27;0.24
1989;11;15;319;2.7;0.5;-2.4;2;-0.6;-4.2;1.5;-0.5;0.11;1.5;2.5;0;110;23;59;20;96598;0.07;0.23;0.27;0.24
1989;11;16;320;2.1;0.7;-0.6;0.3;-1.4;-2.4;-2.4;-0.9;0.11;1.5;2.5;0;129;31;79;34;96785;0.28;0;0.27;0.25
1989;11;17;321;1.7;-0.6;-2;-2.4;-6.2;-9.6;-4.1;0.3;0.11;1.5;2.5;0;288;65;105;70;96530;0.54;0;0.27;0.25
1989;11;18;322;2.8;-0.7;-2.6;-5.6;-7.3;-9;-3.5;0.2;0.11;1.5;2.5;0;292;65;106;88;96263;0.43;0;0.27;0.25
1989;11;19;323;4;-0.7;-3;-2.2;-4.9;-7.7;-1.8;0.5;0.11;1.5;2.5;0;281;63;97;77;96100;0.2;0;0.27;0.25
1989;11;20;324;5.2;-0.1;-2.9;0.7;-2.3;-4.2;-0.3;1;0.11;1.6;2.5;0;278;62;102;68;96009;0.1;0;0.26;0.25
1989;11;21;325;5.9;1.1;-1.8;2.2;-0.8;-3.3;-0.1;0.9;0.11;1.6;2.5;0;276;61;104;59;95608;0.08;0;0.26;0.25
1989;11;22;326;4;0.7;-1.9;2.7;-0.7;-3.8;1.2;-0.6;0.13;1.6;2.5;1.24;60;13;51;17;94794;0.28;5.37;0.26;0.25
1989;11;23;327;-0.2;-2.3;-3.7;-4.1;-5.2;-5.8;2.4;-0.1;0.15;1.6;2.5;2.73;263;56;105;64;95411;0.31;0.05;0.26;0.25
1989;11;24;328;1.7;-0.6;-2.5;-0.7;-2.9;-5.8;2.2;0.8;0.15;1.6;2.5;3.06;122;26;43;23;95123;0.07;1.76;0.26;0.25
1989;11;25;329;-1;-4.8;-7;-2.4;-9.5;-12.1;-0.2;-2.4;0.19;1.6;2.5;4.92;208;39;96;54;95902;0.21;0.67;0.26;0.25
1989;11;26;330;-1.9;-4.3;-7.5;-4.4;-9.3;-13.8;3.9;0.8;0.2;1.6;2.5;5.77;152;28;74;37;95956;0.21;2.55;0.26;0.25
1989;11;27;331;1.4;-0.3;-2;1.1;-1.4;-4.2;3.6;0.5;0.24;1.6;2.5;8.11;60;13;17;6;95739;0.05;2.12;0.26;0.25
1989;11;28;332;2.5;0.4;-2.9;1.9;-1.2;-5.8;0.7;-1.5;0.23;1.6;2.5;7.28;193;42;99;46;96383;0.27;1.4;0.26;0.25
1989;11;29;333;0.3;-2.9;-4.9;-6;-8;-11.1;-1.9;0.1;0.22;1.6;2.5;6.84;228;49;108;76;97187;0.22;0;0.26;0.25
1989;11;30;334;0.6;-3.6;-6.8;-6.4;-8.2;-9.9;-1.4;-0.2;0.21;1.6;2.5;6.66;223;46;108;68;97325;0.12;0;0.26;0.25
1989;12;1;335;1;-3.7;-7.6;-7.4;-10.1;-12;-2;-0.2;0.21;1.6;2.5;6.46;221;47;97;66;97949;0.14;0;0.26;0.25
1989;12;2;336;4.3;-1.5;-5.6;-3.1;-7;-10.9;-1.8;-0.5;0.2;1.6;2.5;6.08;218;46;98;62;98198;0.08;0;0.26;0.25
1989;12;3;337;5.3;-0.6;-3.8;0;-3.7;-6;-1.5;-0.7;0.19;1.7;2.5;5.49;217;45;96;60;97782;0.02;0;0.26;0.25
1989;12;4;338;3.5;-1.7;-4.5;-1.2;-4;-6.1;-0.3;-1.1;0.18;1.7;2.5;4.9;198;42;99;59;97187;0.04;0.01;0.26;0.25
1989;12;5;339;0.5;-1.1;-2;-1.7;-2.4;-3.2;0.6;-0.8;0.18;1.7;2.5;4.69;142;26;44;20;96891;0.1;0.16;0.26;0.25
1989;12;6;340;0.5;-0.8;-2;-0.4;-1.6;-2.3;1.7;0.3;0.18;1.7;2.5;5.01;93;18;25;12;96527;0.04;1;0.26;0.25
1989;12;7;341;2.3;0.4;-3;1.8;0;-3.6;2.3;-0.3;0.2;1.7;2.5;5.84;59;10;56;18;96222;-0.03;1.92;0.26;0.25
1989;12;8;342;-1;-3.7;-6;-3.8;-4.9;-6.8;-0.2;-0.7;0.19;1.7;2.5;5.57;173;36;80;46;96162;0.22;0.01;0.26;0.25
1989;12;9;343;-0.7;-2.1;-3.7;-1.7;-3.3;-6.5;0.9;-0.5;0.2;1.7;2.5;6.07;59;12;67;19;95859;0.08;0.97;0.26;0.25
1989;12;10;344;-2.6;-4.9;-7.1;-6.5;-8.4;-9.8;-1;0.6;0.21;1.7;2.5;6.47;169;35;99;59;96288;0.17;0;0.26;0.25
1989;12;11;345;-2.2;-5.4;-9.5;-4.8;-7.6;-10.5;1.5;0.7;0.21;1.7;2.5;6.44;166;33;79;46;95698;0.11;0.13;0.26;0.25
1989;12;12;346;1.9;-1.4;-3.6;1.7;-2.9;-4.8;0.5;2.1;0.22;1.7;2.5;7.28;142;27;62;23;95156;0.06;3.81;0.26;0.25
1989;12;13;347;7.2;3.8;1.4;5.8;3.1;1.2;3.1;2.5;0.23;1.7;2.5;7.82;51;10;26;7;94197;-0.15;8.42;0.26;0.25
1989;12;14;348;9.6;6.9;4.9;4.5;2;-1.1;3.2;3.1;0.15;1.7;2.5;2.62;149;30;79;33;94283;1.02;5.76;0.27;0.25
1989;12;15;349;8.8;7.4;5.5;7.7;6.1;3.1;4;2.8;0.12;1.7;2.5;0.74;41;7;33;10;93960;0.62;22.17;0.29;0.25
1989;12;16;350;12.5;8.6;5.4;8.5;6.1;2.4;1.2;2.6;0.11;1.7;2.5;0.14;192;33;95;45;94016;0.49;7.03;0.3;0.25
1989;12;17;351;8.8;6.7;5.1;7.4;4.5;1.2;0.8;3.1;0.11;1.7;2.5;0.02;81;15;69;40;93918;0.4;10.98;0.31;0.25
1989;12;18;352;9.3;7.5;5.2;4.8;3.9;3;-0.1;3;0.11;1.7;2.5;0;207;39;88;54;94426;0.75;0.81;0.31;0.26
1989;12;19;353;8.3;6.2;4;7.1;4.2;1.8;3.1;2.1;0.11;1.7;2.5;0;116;19;66;37;94813;0.98;7.39;0.31;0.26
1989;12;20;354;7.7;5.1;3.2;6;3.6;2.4;1.3;2.8;0.11;1.6;2.5;0;31;6;30;10;95673;0.93;12.23;0.31;0.26
1989;12;21;355;11.3;9;7.1;6.9;5.6;2.7;2.1;3.1;0.11;1.6;2.5;0;96;21;69;36;95551;0.79;0.88;0.31;0.26
1989;12;22;356;10.2;8.2;6.8;8.2;6.4;5.3;1.3;2.6;0.11;1.6;2.5;0;163;28;64;31;94863;0.79;10.1;0.31;0.26
1989;12;23;357;5.5;2.5;1.2;5;-0.1;-1.9;4.3;0.7;0.11;1.6;2.5;0.1;162;31;64;40;96004;1.06;3.13;0.31;0.27
1989;12;24;358;5.2;3.3;1.1;4.9;2.8;-0.2;2.3;1;0.12;1.6;2.5;1.22;66;11;48;19;96312;0.16;4.05;0.31;0.27
1989;12;25;359;6.9;2;-1.6;2.4;0;-3.3;-1.4;1.6;0.12;1.6;2.5;0.93;204;41;104;80;96218;0.18;0;0.31;0.27
1989;12;26;360;3.2;-0.8;-3.4;-0.9;-3.4;-5.5;-2.5;0.2;0.12;1.5;2.5;0.84;215;43;91;68;96053;0.2;0;0.3;0.27
1989;12;27;361;1.2;-2.1;-4.2;-4.4;-5.5;-6.6;-1.7;0.6;0.12;1.5;2.5;0.83;229;44;104;80;95772;0.05;0;0.3;0.27
1989;12;28;362;-0.3;-3.3;-4.8;-4.8;-5.7;-6.5;-1;0.4;0.12;1.5;2.5;0.81;181;36;80;65;96024;0.04;0;0.29;0.27
1989;12;29;363;-1;-3.4;-5.6;-4.8;-5.8;-6.8;-1.4;0.1;0.12;1.5;2.5;0.82;119;24;76;44;96432;0.02;0.02;0.29;0.28
1989;12;30;364;-0.3;-3.8;-5.8;-5;-6.1;-7.1;-1.5;0.1;0.12;1.5;2.5;0.84;200;40;98;66;96472;0.05;0;0.29;0.28
1989;12;31;365;-0.2;-4;-6.7;-5.1;-6.3;-7.9;-0.8;1;0.12;1.4;2.5;0.84;187;40;94;64;96349;0.02;0;0.29;0.28
1990;1;1;1;-0.1;-3.7;-6.5;-4;-5.8;-7.6;-0.2;0.9;0.12;1.4;2.5;0.84;178;38;83;53;96217;0.03;0.03;0.28;0.28
1990;1;2;2;-0.7;-2.2;-3.4;-2.1;-3.5;-5.2;0.6;0.3;0.12;1.4;2.5;1.1;84;15;26;14;96361;0;0.54;0.28;0.28
1990;1;3;3;-0.5;-2.4;-3.8;-2.9;-5;-7;-1.9;-0.2;0.13;1.4;2.5;1.41;140;28;73;43;96546;0.06;0.03;0.28;0.28
1990;1;4;4;0.9;-3.5;-5.7;-6.9;-7.5;-8.6;-1.1;1;0.13;1.4;2.5;1.39;235;48;109;81;96714;0.02;0;0.28;0.28
1990;1;5;5;-1;-3.5;-6;-1.8;-4.5;-7.4;0.1;1;0.16;1.4;2.5;3.15;60;11;68;26;96732;0;4.29;0.28;0.28
1990;1;6;6;0.6;-3.1;-6;-2.5;-4.5;-7.2;-1.3;0.2;0.2;1.3;2.5;5.66;157;28;71;35;97087;0.04;0;0.27;0.28
1990;1;7;7;-0.5;-5.7;-8.6;-7.3;-9;-10.6;-0.8;1.1;0.2;1.3;2.5;5.59;223;45;106;70;97380;0.11;0;0.27;0.28
1990;1;8;8;0;-5.4;-9.6;-5.3;-8.5;-11.6;0.1;1.5;0.2;1.3;2.5;5.47;217;45;91;56;97685;0.1;0;0.27;0.28
1990;1;9;9;0.4;-1.5;-3.7;-0.7;-2.6;-5.8;0.6;1.2;0.2;1.3;2.5;5.57;82;15;19;7;97786;0.02;0.43;0.27;0.28
1990;1;10;10;1.5;-1.2;-2.9;-0.3;-1.9;-3.5;0.6;1.2;0.2;1.3;2.5;5.82;110;23;44;24;97535;0.06;0.67;0.27;0.28
1990;1;11;11;0.5;-1.3;-2.9;-1.5;-2.3;-3.4;1.6;1;0.2;1.2;2.5;6.09;106;22;29;14;97403;0.16;0.34;0.27;0.28
1990;1;12;12;2.2;-1.8;-5.1;-2.4;-4;-7.4;0;1.3;0.2;1.2;2.5;6.09;139;28;84;37;97320;0.11;0.02;0.27;0.28
1990;1;13;13;1.5;-2.6;-6.1;-1.5;-4.6;-7.9;0.9;1.2;0.2;1.2;2.5;5.91;221;44;92;44;97113;0.12;0.12;0.26;0.28
1990;1;14;14;2.6;-1.1;-4.5;-1.2;-2.6;-5.8;-0.1;1.4;0.2;1.2;2.5;5.81;188;36;86;40;96867;0.02;0.03;0.26;0.28
1990;1;15;15;2.1;-0.6;-4.6;0.4;-2.8;-6;1.9;2;0.19;1.2;2.5;5.59;137;25;53;20;96871;0.14;0.25;0.26;0.28
1990;1;16;16;4.8;3.7;1.8;4.7;3.5;0.7;3.4;1.3;0.17;1.2;2.5;4.27;38;8;3;0;96771;-0.36;1.26;0.26;0.28
1990;1;17;17;6.5;5.4;3;6.2;5.1;2.2;3.4;1.3;0.14;1.2;2.5;2.05;39;9;46;3;96488;-0.29;2.21;0.27;0.28
1990;1;18;18;2.5;0.1;-2.8;1.1;-1.7;-3.4;2.6;-0.1;0.12;1.2;2.5;1.17;197;47;82;67;96754;0.21;0;0.27;0.28
1990;1;19;19;1.6;0.2;-0.7;-1.1;-1.5;-2.8;2.5;1;0.12;1.2;2.5;1.12;110;25;51;33;97039;0.06;0;0.27;0.28
1990;1;20;20;1.7;0.9;0.1;1.7;-0.9;-4.9;3.2;1.1;0.15;1.1;2.5;2.7;67;11;53;9;97048;0.02;5.27;0.27;0.28
1990;1;21;21;4.5;3.3;1.9;4.2;3;1.8;2.8;0.7;0.15;1.1;2.5;2.79;38;8;30;5;97441;-0.21;1.62;0.27;0.28
1990;1;22;22;6;2.1;-0.7;2.4;1;-0.8;1.3;1.1;0.13;1.1;2.5;1.92;264;56;97;52;97422;0.18;0.01;0.27;0.28
1990;1;23;23;5.3;2.6;0.3;1.1;-0.3;-3.2;0.4;2.6;0.13;1.1;2.5;1.51;232;45;91;31;96608;0.33;0.02;0.27;0.28
1990;1;24;24;6;3.8;0.8;4.7;0.5;-3.9;3.9;2.4;0.12;1.1;2.5;1.16;198;35;67;31;95245;1.31;11.81;0.27;0.28
1990;1;25;25;9.7;4.5;0.2;5.6;2.7;-1;2.8;3.7;0.12;1.1;2.5;0.84;98;15;78;23;94800;1.41;9.7;0.28;0.28
1990;1;26;26;6.5;3.3;1;2.8;-0.4;-2;5.3;2.2;0.11;1.1;2.4;0.53;243;52;76;59;94577;1.2;2.77;0.28;0.28
1990;1;27;27;5.5;2.2;0.5;0.6;-1;-4.3;2.2;2.2;0.13;1.1;2.4;1.69;209;46;79;56;95308;0.64;2.09;0.28;0.28
1990;1;28;28;7.3;3.7;1.2;1.2;-2.5;-7.2;0.3;2.2;0.13;1.1;2.4;1.61;183;39;69;41;94861;0.48;0.35;0.28;0.28
1990;1;29;29;5.5;2.5;0.2;1.3;0;-1.3;0.8;1.8;0.12;1.1;2.4;1.19;207;46;75;43;95386;0.4;0.17;0.28;0.28
1990;1;30;30;7.7;2.8;-1.7;2.2;0.3;-2.8;0.2;2;0.12;1.1;2.4;0.94;229;54;78;55;95272;0.24;0.01;0.28;0.28
1990;1;31;31;8.1;3.5;0.5;2.3;0.9;-0.8;-1.3;2;0.11;1.1;2.4;0.65;229;52;82;68;95420;0.17;0;0.28;0.28
1990;2;1;32;8.3;2.5;-1.3;3.7;0.8;-1.9;-0.7;1.3;0.11;1.1;2.4;0.49;229;52;87;52;95537;0.16;0;0.28;0.28
1990;2;2;33;5.2;2;-1.4;4.1;0.9;-1.9;0.8;2;0.11;1.1;2.4;0.37;154;27;89;46;95668;0.13;3.46;0.28;0.28
1990;2;3;34;9.5;4.2;-1;1.5;-0.2;-1.9;0.8;3.2;0.11;1.1;2.4;0.26;285;69;97;68;95967;0.62;0.52;0.28;0.28
1990;2;4;35;6.8;3.9;0.6;1.1;-0.5;-2;3.6;1;0.11;1.1;2.4;0.13;309;73;111;67;97066;0.8;0.53;0.28;0.28
1990;2;5;36;8.3;1.7;-2.4;1.4;-1.7;-4;-0.2;1.5;0.11;1.1;2.4;0.09;351;82;119;81;97190;0.36;0;0.28;0.28
1990;2;6;37;9;1.3;-3.1;-0.7;-3.7;-6.6;-1.4;0.6;0.11;1.1;2.4;0.07;353;84;119;84;96428;0.3;0;0.27;0.28
1990;2;7;38;8.8;3.3;-1.6;3.7;-0.2;-3.9;0.3;2.6;0.11;1.1;2.4;0.04;332;79;100;59;96301;0.26;0;0.27;0.28
1990;2;8;39;12.5;7.8;3.5;6.5;2.5;-1.8;4.2;2;0.11;1.1;2.4;0;162;30;93;48;95980;0.73;1.08;0.27;0.28
1990;2;9;40;4.8;2.4;0.1;-0.2;-1.7;-2.7;3.3;-0.2;0.11;1.1;2.4;0.01;235;61;87;61;96994;0.52;0.46;0.27;0.28
1990;2;10;41;5.7;1.9;-1.9;0;-2;-4.2;-0.2;2.5;0.11;1.1;2.4;0.15;375;85;114;63;96178;0.52;3.44;0.27;0.28
1990;2;11;42;4;2;-1.1;2.6;0;-2.6;2.2;2.7;0.17;1.1;2.4;4.24;176;44;88;39;94818;0.89;5.61;0.27;0.28
1990;2;12;43;3.8;0.8;-1.3;0.8;-2.3;-5.5;1.5;2.9;0.19;1.1;2.4;5.55;234;52;85;45;93574;0.8;5.07;0.27;0.28
1990;2;13;44;2.3;0;-1.3;-0.4;-1.7;-3;2.2;1.5;0.23;1.1;2.4;8.4;207;52;84;38;93926;0.49;6.78;0.27;0.28
1990;2;14;45;5.2;2.8;0.1;4.4;-0.1;-2.6;4.9;0.3;0.33;1.1;2.4;14.68;186;42;75;30;93284;0.74;12.79;0.28;0.28
1990;2;15;46;1.4;0.3;-0.8;0.3;-0.8;-2.2;2.9;0;0.37;1.1;2.4;26.68;89;14;44;16;93630;0.21;22.99;0.28;0.28
1990;2;16;47;1.8;-0.8;-4.3;-1.6;-3.7;-5.9;3.6;-0.1;0.38;1.1;2.4;35.71;247;58;91;58;95160;0.56;1.37;0.28;0.28
1990;2;17;48;3.3;-1.3;-6.9;0.6;-3.6;-7.9;0.4;1.5;0.37;1.1;2.4;34.91;289;68;108;53;95984;0.27;0.01;0.28;0.28
1990;2;18;49;8.4;3.9;1.3;4.7;2.6;0.6;1.1;1.6;0.36;1.1;2.4;28.4;208;42;52;21;95997;-0.28;1.3;0.29;0.28
1990;2;19;50;9.9;5;0;5.9;3.3;-0.5;0.2;1.8;0.34;1.1;2.4;18.74;225;61;76;40;96380;-0.28;0.31;0.29;0.28
1990;2;20;51;13.1;7.5;2.7;7.5;4.9;1.8;1.1;1.8;0.24;1.1;2.4;9.23;343;88;102;63;97045;0.19;0;0.3;0.28
1990;2;21;52;15.1;7.8;0.8;7.2;4.5;-0.2;0.8;0.8;0.17;1.1;2.4;4.36;390;100;107;66;97313;0.38;0;0.3;0.28
1990;2;22;53;12.3;7.5;2.5;6.8;4.1;1.4;-0.6;-0.2;0.13;1.1;2.4;1.72;411;103;125;69;98208;0.66;0;0.3;0.28
1990;2;23;54;13.4;5.6;-1.1;3.4;1.3;-2;-0.7;1.2;0.12;1.1;2.5;0.98;434;113;127;80;97777;0.72;0;0.3;0.28
1990;2;24;55;15.3;7.5;-0.2;7.9;4.3;-0.4;0.9;1.8;0.12;1.2;2.5;0.53;433;112;114;76;97063;0.66;0;0.3;0.28
1990;2;25;56;15.8;9.9;3.8;6.6;3.7;0;1.4;2.5;0.11;1.2;2.5;0.23;432;110;108;74;95942;1.09;0.9;0.29;0.28
1990;2;26;57;10.9;7.5;1.9;6.3;4;0;6.2;3.3;0.11;1.2;2.5;0.05;136;34;53;29;94421;2.31;10.94;0.29;0.28
1990;2;27;58;3.9;1.9;0.5;3.6;-1.2;-5.9;5.7;1.2;0.16;1.2;2.5;4.18;173;33;81;37;93487;1.1;18.75;0.31;0.28
1990;2;28;59;6;2.4;0.7;5.3;-1.1;-4.3;5.8;1.5;0.2;1.2;2.5;6.83;317;74;73;30;94097;0.95;13.68;0.31;0.29
1990;3;1;60;6.7;2.1;-0.7;5.1;-2.2;-5.6;7;0.7;0.2;1.2;2.5;6.75;380;88;96;59;94232;1.73;6.84;0.32;0.29
1990;3;2;61;2.4;-0.3;-2.2;-1.6;-4.1;-6.8;3.7;-0.9;0.24;1.2;2.5;9.13;275;61;94;58;96074;0.71;3.47;0.31;0.29
1990;3;3;62;2.1;-0.5;-3.2;-0.1;-2.9;-5.2;4;-0.6;0.27;1.2;2.5;11.24;216;53;70;44;97854;0.49;3.58;0.31;0.29
1990;3;4;63;3.7;1.9;0.1;-0.1;-1.2;-2.6;4;0.4;0.28;1.2;2.5;11.64;236;49;40;20;98020;0.79;0.25;0.3;0.29
1990;3;5;64;7.2;3.5;1.3;1.4;-0.1;-1.8;3.5;1.1;0.24;1.2;2.5;8.8;284;62;92;35;97288;0.65;0.27;0.3;0.29
1990;3;6;65;7.8;4.7;2;2.7;0.3;-1.4;5.2;0.9;0.19;1.3;2.5;5.54;350;80;74;36;96288;0.81;0.7;0.3;0.29
1990;3;7;66;6.8;5.4;3.3;3.7;3.2;2.4;3.4;0.7;0.15;1.3;2.5;2.37;102;25;53;16;96532;0.32;0.25;0.3;0.29
1990;3;8;67;12.5;5.9;-0.6;3.5;1.2;-1;1.9;1.4;0.13;1.3;2.5;1.19;462;131;122;80;96438;0.97;0;0.3;0.29
1990;3;9;68;11.5;6;1.3;5.1;1.2;-3.8;4.7;0.8;0.12;1.3;2.5;0.59;425;99;81;53;96321;1.31;1.62;0.3;0.3
1990;3;10;69;7.8;4.8;2;7.5;2.5;-4.2;4.7;0.4;0.12;1.3;2.5;0.55;124;29;56;17;97100;0.64;6.71;0.29;0.3
1990;3;11;70;14.1;9.6;7.1;7.4;6.6;6.1;4.3;0.5;0.12;1.3;2.5;0.17;412;94;95;44;97018;0.99;0.24;0.3;0.3
1990;3;12;71;12.6;8.4;3.9;6.8;4.3;0.8;2.5;-0.7;0.12;1.3;2.5;0.02;444;122;113;74;96584;1;0;0.29;0.3
1990;3;13;72;10;4.6;-0.7;0.7;-0.6;-1.7;-1;-0.4;0.12;1.3;2.5;0;543;145;134;89;96913;1.04;0;0.29;0.3
1990;3;14;73;11.2;5.7;-0.4;5.4;2.2;-1.9;0;-0.5;0.12;1.3;2.5;0;354;92;71;52;97143;0.64;0;0.29;0.3
1990;3;15;74;11.4;5.5;0;4;2;0;-1.4;-0.2;0.12;1.4;2.5;0;485;125;119;65;97826;1;0;0.28;0.3
1990;3;16;75;14.4;6.8;-1;4;1.7;-1.8;-1.4;0.6;0.12;1.4;2.5;0;545;158;131;88;97882;1.27;0;0.28;0.3
1990;3;17;76;16;7.6;-0.8;4;1.3;-1.8;-1.9;0.2;0.12;1.4;2.5;0;562;164;138;95;97710;1.44;0;0.28;0.3
1990;3;18;77;16.6;8;-0.1;5.2;0.8;-3.2;-1.3;0.8;0.12;1.4;2.5;0;562;165;136;92;97657;1.48;0;0.27;0.3
1990;3;19;78;17.7;10.3;2.9;6.8;3.5;-0.2;0.3;0.2;0.12;1.4;2.5;0;558;165;134;87;97552;1.52;0;0.27;0.3
1990;3;20;79;13.6;9;3.8;8.5;5.4;1.3;2.2;1.6;0.12;1.4;2.5;0;393;92;77;41;96970;1.14;2.69;0.27;0.3
1990;3;21;80;17.2;12;7.8;8.4;7.5;6.4;2.7;1.4;0.12;1.5;2.5;0;452;126;101;54;96477;1.6;0.28;0.27;0.3
1990;3;22;81;18.3;12.6;7.5;9.7;8.2;6.9;2.5;0.5;0.12;1.5;2.5;0;491;147;103;66;96197;1.58;2.07;0.26;0.29
1990;3;23;82;10.3;7.6;4.2;7;1.9;-1.2;2.4;-0.6;0.12;1.5;2.5;0;411;128;109;62;96581;1.6;0.32;0.26;0.29
1990;3;24;83;12.6;7.1;1.5;2.5;1.1;-0.3;2.6;1.4;0.13;1.5;2.5;0;572;173;122;87;96187;1.49;0;0.26;0.29
1990;3;25;84;6.3;4.2;1.2;3.4;0;-2.8;3.7;-0.2;0.13;1.5;2.5;0;550;133;108;58;95952;1.9;4.5;0.26;0.29
1990;3;26;85;7.1;3.3;0.7;-0.1;-1.9;-3.8;0.5;-1.1;0.13;1.5;2.5;0.07;368;117;78;54;96162;1.13;0.6;0.26;0.29
1990;3;27;86;7.7;4;-0.8;0.6;-1.9;-3;-2.9;-1.4;0.13;1.5;2.5;0.05;434;123;99;57;96258;1.17;0.57;0.25;0.29
1990;3;28;87;5.7;3.9;1.4;5;2.8;0;-2.4;-2.1;0.14;1.6;2.5;0.73;115;27;47;13;95941;0.8;7.03;0.25;0.29
1990;3;29;88;7.3;5.6;4.3;4.5;4.2;3.7;-0.4;-2.5;0.14;1.6;2.5;0.5;160;42;18;11;96780;0.52;0.26;0.26;0.29
1990;3;30;89;11.2;7.4;3.2;4.4;3.6;1.6;-0.6;-1.8;0.13;1.6;2.5;0.19;360;94;71;41;97417;1.06;0.38;0.25;0.29
1990;3;31;90;14;7.6;0.2;6.1;3.7;-0.6;-1;-1.6;0.13;1.6;2.5;0.07;511;162;120;77;97596;1.38;0;0.25;0.29
1990;4;1;91;17.7;10.4;3.1;6.9;4.6;2;-1.6;1;0.13;1.6;2.5;0;623;195;133;97;96744;1.96;0;0.25;0.29
1990;4;2;92;17.8;11.2;4.4;7.4;4.3;2;0.9;0.9;0.13;1.6;2.5;0;621;187;140;87;95373;1.98;0.24;0.25;0.29
1990;4;3;93;16.9;9.6;4.1;9.1;5;2.2;2.2;1.5;0.13;1.7;2.5;0;565;158;106;58;94627;2.09;5.44;0.24;0.29
1990;4;4;94;7.3;4;0.9;2.2;-2.4;-5.3;3;0.4;0.13;1.7;2.5;0;377;134;112;68;95629;1.79;0.82;0.25;0.29
1990;4;5;95;7.2;3.8;0.4;0.7;-1.7;-3.5;-0.9;-0.2;0.13;1.7;2.5;0;436;125;82;51;95975;1.28;0.97;0.24;0.29
1990;4;6;96;7.2;4.2;1.3;1.6;1.1;0.2;-3.5;-0.9;0.13;1.7;2.5;0.04;270;81;60;33;95542;1.11;0.95;0.24;0.29
1990;4;7;97;4.6;3.5;2.8;1.4;0.9;0.2;-3.1;-2.3;0.13;1.7;2.5;0.01;157;43;51;20;95201;1.05;2.06;0.24;0.29
1990;4;8;98;6.8;3.6;0.7;0.1;-2.7;-8;-3.3;-2.2;0.14;1.7;2.5;0.07;400;113;90;47;95894;1.63;1.11;0.24;0.29
1990;4;9;99;7.6;2.9;-1.3;-4.6;-6.4;-8.4;-4;-1;0.14;1.7;2.5;0.06;650;214;122;96;95678;1.76;0;0.24;0.29
1990;4;10;100;8.6;3.6;-2;-3.3;-4.2;-5.2;0.6;-0.9;0.14;1.8;2.5;0.02;666;216;143;101;95265;1.73;0;0.24;0.29
1990;4;11;101;8.9;3.7;0.6;6.1;1.3;-3.9;2.5;-0.5;0.16;1.8;2.5;2.09;438;106;82;37;94992;1.5;9.29;0.24;0.29
1990;4;12;102;9;4.4;0.2;2.5;1;-2.4;1.4;-1;0.16;1.8;2.5;1.38;572;152;103;59;95829;1.81;2;0.24;0.29
1990;4;13;103;8.7;4.2;-1.6;4.2;1.1;-3.5;-0.2;1.6;0.15;1.8;2.5;0.75;266;85;63;47;95845;0.65;0.1;0.24;0.29
1990;4;14;104;15.1;7.5;2.1;6.6;2.4;-0.7;1;1.2;0.14;1.8;2.5;0.35;624;188;121;63;95520;2.07;2.38;0.24;0.29
1990;4;15;105;6.5;4.1;1.5;3.9;2.2;0.7;1.7;2.3;0.14;1.8;2.5;0.1;268;83;75;46;95203;1.61;4.24;0.24;0.29
1990;4;16;106;9.3;4.5;0.6;4.5;1.9;0;2.4;1.2;0.14;1.9;2.5;0.03;554;165;89;63;95951;1.9;2.28;0.24;0.29
1990;4;17;107;10.5;5.5;1.4;5.2;2.8;0.7;1;1.2;0.14;1.9;2.5;0;526;167;80;58;96028;1.95;4.11;0.24;0.29
1990;4;18;108;10.3;6;1;5.5;3.7;0.6;-0.1;-1.1;0.14;1.9;2.5;0;465;144;87;48;95893;1.86;9.53;0.24;0.29
1990;4;19;109;11.3;6.4;0.9;6.3;4.2;0.8;-0.1;-1.2;0.14;1.9;2.5;0;545;160;91;55;95399;1.85;4.8;0.25;0.29
1990;4;20;110;14.4;8.8;4.7;4.4;3.3;1.3;-3.2;0.4;0.14;1.9;2.5;0;613;190;123;69;95116;2.31;0.29;0.25;0.29
1990;4;21;111;14.7;10;6.1;6.7;5.3;3.2;-3.4;-0.7;0.14;2;2.5;0;542;190;103;78;95092;1.96;0.21;0.24;0.28
1990;4;22;112;13.8;9.3;5;7.7;5.9;4.5;-2;-0.5;0.14;2;2.5;0;505;171;91;61;95198;2.09;3.68;0.24;0.28
1990;4;23;113;12.3;8.4;6;6.8;5.6;4.9;-2.4;-1.5;0.14;2;2.5;0;352;117;74;39;94994;1.77;4.95;0.24;0.28
1990;4;24;114;10.2;7.9;6.1;8.6;6.7;5.8;1.9;-0.9;0.14;2;2.5;0;277;88;49;24;95229;1.64;8.06;0.25;0.28
1990;4;25;115;10.6;7.8;5.3;8.8;6.6;4.8;1.6;-1;0.14;2;2.5;0;348;108;68;32;95676;1.73;7.74;0.25;0.28
1990;4;26;116;13.4;8.7;5;8.3;6;4.7;1.5;-0.8;0.14;2.1;2.5;0;520;150;87;49;96065;2.1;3.1;0.26;0.28
1990;4;27;117;9.1;6.7;3.6;7.2;5;1.1;3;0.1;0.15;2.1;2.5;0;163;56;64;37;96115;1.44;4.43;0.26;0.28
1990;4;28;118;7.5;4.6;1;0.3;-1.6;-2.5;2.2;-1.7;0.15;2.1;2.5;0;343;133;81;57;96842;1.65;0.07;0.26;0.28
1990;4;29;119;13;7.8;1.8;4.6;1.9;-0.8;-0.5;-1.1;0.15;2.1;2.5;0;555;171;86;60;97060;1.91;0;0.25;0.28
1990;4;30;120;16.7;10.7;2.4;9.1;6.1;1.7;-0.5;-1.4;0.15;2.1;2.5;0;551;164;92;63;97049;1.91;0.01;0.25;0.28
1990;5;1;121;19.3;13;5.4;9.8;8.4;5.1;-1.4;-1.9;0.15;2.2;2.5;0;690;233;122;86;97260;2.77;0;0.25;0.28
1990;5;2;122;21;15.1;8.6;11.5;8.2;5.1;-2.8;-1.5;0.15;2.2;2.5;0;615;223;122;88;97572;3.12;0.08;0.25;0.28
1990;5;3;123;18.4;13.4;8.1;6.7;5.2;4;-3.1;-0.7;0.15;2.2;2.5;0;708;248;131;103;97428;3.26;0;0.24;0.28
1990;5;4;124;20.9;15.3;8.1;10;7.7;5.3;-2.4;-1.3;0.15;2.2;2.5;0;620;230;118;93;96946;3.17;0.16;0.24;0.28
1990;5;5;125;22;16.2;9.4;10.9;9.2;7.1;-2.1;-0.7;0.15;2.2;2.5;0;650;218;112;84;96522;3.02;0.19;0.23;0.28
1990;5;6;126;22;16.1;9.4;10.4;8.5;7.3;-1.8;-0.1;0.15;2.2;2.5;0;653;232;120;86;96196;3.26;0.51;0.23;0.28
1990;5;7;127;21.3;15.4;8.4;11.6;9.3;7;-0.4;0.6;0.15;2.3;2.5;0;654;220;124;82;95954;2.99;1.27;0.23;0.28
1990;5;8;128;19.5;14.3;7.7;12.1;10.2;7;-0.2;0.5;0.15;2.3;2.5;0;656;201;111;72;96026;2.68;5.85;0.23;0.28
1990;5;9;129;19.5;14.5;7.8;13.2;11.1;7.6;0.5;1.1;0.15;2.3;2.5;0;581;210;100;68;95975;2.92;2.67;0.23;0.28
1990;5;10;130;20.7;15.5;8.7;12.5;10.8;8.6;1;0.9;0.15;2.3;2.5;0;654;229;108;75;95821;3.23;1.78;0.23;0.28
1990;5;11;131;17;12.8;9.4;12.4;10.3;8.8;1.2;0.7;0.15;2.3;2.5;0;527;152;81;56;95591;2.24;3.49;0.23;0.28
1990;5;12;132;17.2;12.6;7.2;10.4;7.7;5.1;0.9;0.8;0.15;2.4;2.5;0;495;186;98;62;95526;2.71;1.51;0.23;0.28
1990;5;13;133;18.5;14;9.5;8;6.7;5.6;1.6;0.4;0.15;2.4;2.5;0;618;207;102;74;95646;2.9;0.25;0.22;0.28
1990;5;14;134;17;12.5;7.6;6.8;5.6;4.4;1.9;-0.5;0.15;2.4;2.5;0;534;208;109;79;95939;2.71;0;0.22;0.28
1990;5;15;135;19.6;14.2;7.1;9;6.8;4.9;0.8;-0.6;0.15;2.4;2.5;0;690;250;129;92;96212;3.15;0;0.22;0.28
1990;5;16;136;21.2;16.8;11.3;12.3;9.8;6.2;1.1;0.3;0.15;2.4;2.5;0;642;221;110;75;96209;2.89;0.3;0.21;0.28
1990;5;17;137;18.7;15;10.3;12.1;9.2;6.9;2.2;-0.8;0.16;2.4;2.5;0;509;189;99;69;96038;2.6;0.52;0.21;0.28
1990;5;18;138;16;12.2;8.4;8.1;5.5;2.5;0;-2;0.16;2.5;2.5;0;524;201;118;78;96223;2.45;0.06;0.21;0.28
1990;5;19;139;16.8;12.1;6.1;5.2;3.2;2.5;-2.7;-0.5;0.16;2.5;2.5;0;606;223;111;89;96522;2.83;0;0.21;0.28
1990;5;20;140;18.6;13.7;8.3;5.2;3.4;1.7;-2.9;-0.3;0.16;2.5;2.5;0;689;240;123;90;96315;3.1;0;0.2;0.27
1990;5;21;141;19.7;15;8.9;8.3;6.1;4.4;-0.7;-0.6;0.16;2.5;2.5;0;651;208;118;81;95774;2.7;0;0.2;0.27
1990;5;22;142;20.7;15.7;11;11.2;9.2;7;-0.6;-0.6;0.16;2.5;2.5;0;697;214;121;68;95823;2.83;1.08;0.2;0.27
1990;5;23;143;21.7;15.8;9;13.1;10.1;6.8;-0.6;0;0.16;2.5;2.5;0;620;203;106;73;95945;2.79;2.49;0.2;0.27
1990;5;24;144;20.7;15.5;9.2;13;11;7.6;-1.2;-1.8;0.16;2.5;2.5;0;612;183;95;58;95722;2.97;2.26;0.19;0.27
1990;5;25;145;14.4;11.7;8.6;6.7;3.3;0.4;-0.4;-3.2;0.16;2.6;2.5;0;495;153;91;54;96036;2.43;0.33;0.19;0.27
1990;5;26;146;14.6;10.6;6.5;2.8;0;-2.3;-0.7;-1.9;0.16;2.6;2.5;0;543;207;104;83;96691;2.6;0;0.19;0.27
1990;5;27;147;16.2;11.1;4.9;2.9;0.8;-1.5;-0.3;-1.7;0.16;2.6;2.5;0;588;219;114;93;96698;2.64;0;0.19;0.27
1990;5;28;148;12.9;9.1;4.2;3.6;1.2;-1.2;1;-2.3;0.16;2.6;2.5;0;589;215;103;87;96717;2.31;0.76;0.19;0.27
1990;5;29;149;14.9;9.5;2.5;3;0.6;-1.5;0.2;-1.8;0.16;2.6;2.5;0;685;255;137;98;96821;2.65;0.4;0.18;0.27
1990;5;30;150;16.5;11.5;4.2;4.7;2.2;0.2;-0.1;-0.6;0.16;2.6;2.5;0;668;243;123;91;96510;2.82;0.55;0.18;0.27
1990;5;31;151;19.4;14;7;5.9;3.8;2.1;-0.1;-0.7;0.16;2.6;2.5;0;656;236;120;88;96450;2.8;0.12;0.18;0.27
1990;6;1;152;22.4;16.5;8.5;6.5;4.6;2.6;-0.5;0.4;0.16;2.6;2.5;0;650;204;118;76;96195;2.71;0;0.18;0.27
1990;6;2;153;20.7;14.5;9.8;14.3;8.7;4.1;1.4;1.7;0.16;2.7;2.5;0;478;122;78;57;95380;2.21;13.39;0.18;0.27
1990;6;3;154;15.8;12.3;7.8;9.8;7.2;5.9;2.4;0.6;0.16;2.7;2.5;0;610;200;103;66;95395;2.83;1.1;0.19;0.27
1990;6;4;155;15.1;12.5;9.7;11.3;6.7;2.6;3.1;1.5;0.16;2.7;2.5;0;540;175;104;58;95109;2.84;3.5;0.19;0.27
1990;6;5;156;16.3;12.3;7.3;6.2;4.2;2.7;1.5;-0.5;0.16;2.7;2.5;0;482;190;97;72;95563;2.57;0.16;0.19;0.27
1990;6;6;157;16.3;13;8.2;9.4;7.6;5.8;0.3;0.6;0.16;2.7;2.5;0;350;120;67;44;95649;1.64;0.32;0.18;0.27
1990;6;7;158;16.4;13.3;8.9;11.6;9.6;8.2;1.2;1.9;0.16;2.7;2.5;0;266;92;59;33;95498;1.4;2.2;0.18;0.27
1990;6;8;159;16.6;12.3;9.1;11.7;10.3;7.1;1.7;0.9;0.16;2.7;2.5;0;379;97;55;29;95027;2.35;10.43;0.19;0.27
1990;6;9;160;15;11.4;7.1;9.5;7.3;5.6;2.2;0.2;0.16;2.8;2.5;0;623;207;93;67;95341;3.01;2.23;0.19;0.27
1990;6;10;161;13.1;9.7;7.1;9.3;7.7;5.9;3.5;-0.6;0.16;2.8;2.6;0;446;119;69;37;95418;2.09;19.42;0.19;0.27
1990;6;11;162;12.9;11;9.7;9.9;9.5;9.1;1.9;-1.5;0.16;2.8;2.6;0;157;52;23;10;95905;1.14;1.04;0.21;0.27
1990;6;12;163;17.9;14;10.3;11.2;9.7;9.1;-1.5;-1;0.16;2.8;2.6;0;368;124;63;36;95848;2.1;2.27;0.21;0.27
1990;6;13;164;17.4;14.1;11.4;12.5;11.6;10.4;-0.9;-1.8;0.16;2.8;2.6;0;379;130;70;44;95932;2.47;6.27;0.21;0.26
1990;6;14;165;17.2;13.6;10.8;12.3;11.4;10.2;-0.2;-0.6;0.16;2.8;2.6;0;391;116;61;38;96043;2.08;7.12;0.21;0.26
1990;6;15;166;15.1;12.8;10.8;11.3;10.6;9.7;-1.1;-1.5;0.16;2.8;2.6;0;280;95;55;29;96059;2;4.52;0.22;0.26
1990;6;16;167;15.7;13;10.3;10.1;9;7.7;-0.2;-0.8;0.16;2.8;2.6;0;424;124;72;40;96121;2.18;1.56;0.22;0.26
1990;6;17;168;18.8;15;9.7;11;9.1;7.8;0.8;-0.2;0.16;2.8;2.6;0;531;177;97;61;95896;2.7;0.08;0.22;0.26
1990;6;18;169;21.7;16.2;9.6;12.8;10.3;7;0.6;0.9;0.16;2.8;2.6;0;604;205;105;68;95761;3.23;1.07;0.21;0.26
1990;6;19;170;22.8;17.4;10.5;13.8;11.7;10;0.4;1.3;0.16;2.8;2.6;0;534;212;109;72;95968;3.32;0.28;0.21;0.26
1990;6;20;171;23.5;17.7;12.9;16.2;13.5;10.9;0.7;-0.4;0.16;2.8;2.6;0;655;200;95;57;95760;3.37;11.62;0.21;0.26
1990;6;21;172;18.7;15.6;12.7;13.8;11.6;10.1;1.6;0.9;0.16;2.8;2.6;0;560;187;99;56;95649;3.38;5.38;0.22;0.26
1990;6;22;173;17.1;14.3;11.1;12.8;10.2;8.3;1.1;2.2;0.16;2.8;2.6;0;281;106;83;45;95457;2.57;6.54;0.22;0.26
1990;6;23;174;17.2;13.5;9.9;11.4;9.4;7.8;2;1.7;0.16;2.8;2.5;0;552;188;78;64;96041;3.08;4.74;0.22;0.26
1990;6;24;175;18.5;14.4;10.2;9.7;8.2;6.4;2.3;0.2;0.16;2.8;2.5;0;537;182;92;64;96552;3.05;0.6;0.22;0.26
1990;6;25;176;21.9;16.7;10.1;13.9;11.3;8.1;1.3;-0.3;0.16;2.8;2.5;0;591;183;82;57;96752;2.84;0;0.22;0.26
1990;6;26;177;25.1;19.4;11.4;14.5;13;10.9;-1.7;-0.1;0.15;2.7;2.5;0;624;238;105;75;96526;3.91;0;0.22;0.26
1990;6;27;178;27.7;21.6;14.7;17.1;14.6;12.6;-0.5;1.2;0.15;2.7;2.5;0;717;261;117;80;95901;4.38;0.62;0.21;0.26
1990;6;28;179;22;19.1;16.2;18.5;17;15.3;1.4;0.5;0.15;2.7;2.5;0;406;125;73;34;95992;2.17;4.25;0.21;0.26
1990;6;29;180;25.4;20.9;13.9;16.7;15.3;13.7;-0.1;0.9;0.15;2.7;2.5;0;577;222;98;67;96180;3.74;0.77;0.21;0.26
1990;6;30;181;26.4;21;16.5;17;15.5;14.3;1.2;0.9;0.15;2.7;2.5;0;683;228;112;63;95889;3.96;0.76;0.21;0.26
1990;7;1;182;19.5;16.7;13.3;16.1;11.1;6.7;3.2;0.8;0.15;2.7;2.5;0;633;171;112;61;95737;3.26;6.83;0.21;0.26
1990;7;2;183;17.3;14.5;11.1;10.2;8.4;7.3;2.1;0.9;0.15;2.7;2.5;0;557;196;86;72;95834;3.1;0.91;0.21;0.26
1990;7;3;184;18.7;14.6;9.9;11.9;10;8.5;-0.7;-0.2;0.15;2.7;2.5;0;449;147;78;49;95545;2.44;4.38;0.21;0.26
1990;7;4;185;17.5;13.9;10.4;11;8.2;6.5;1.1;-1.4;0.15;2.7;2.5;0;580;182;92;54;95807;3.49;3.45;0.21;0.26
1990;7;5;186;14.8;13.3;11.9;13.4;10.4;7.7;1.4;2.8;0.15;2.7;2.5;0;105;37;44;21;95194;1.83;7.94;0.21;0.26
1990;7;6;187;14.9;12.3;9.8;10.8;8.5;5.7;4;0.5;0.15;2.7;2.5;0;560;157;86;44;95814;3.74;10.07;0.22;0.26
1990;7;7;188;14.8;11.9;8.7;9.4;6.8;5.3;3;0.6;0.15;2.7;2.5;0;418;138;77;48;96445;2.23;0.95;0.22;0.26
1990;7;8;189;16.5;13.9;11;15.2;13;9.6;2.6;1.2;0.15;2.6;2.5;0;139;33;11;5;96118;0.82;2.28;0.22;0.26
1990;7;9;190;20.1;17;14;16.2;15.1;13.3;3;1.3;0.15;2.6;2.5;0;241;68;67;19;95867;1.52;2.88;0.22;0.26
1990;7;10;191;16.1;13.1;10.5;12.6;9;7.7;3.5;-0.4;0.15;2.6;2.5;0;585;176;94;62;96211;3;1.54;0.22;0.26
1990;7;11;192;16.3;13;10.1;8.5;7.6;6.7;1.4;-0.9;0.15;2.6;2.5;0;435;160;90;52;97111;2.45;0.04;0.22;0.26
1990;7;12;193;22.7;16.3;7.7;13.4;9.8;6.1;-1.2;-0.8;0.15;2.6;2.5;0;718;267;124;90;96891;3.8;0;0.22;0.26
1990;7;13;194;25.3;18.9;11.2;13.9;12.2;9.4;-0.5;-1.7;0.15;2.6;2.5;0;664;234;104;77;96306;3.78;0;0.22;0.26
1990;7;14;195;18.7;14.6;10.8;8.6;6.7;5.9;-1.4;-2.1;0.15;2.6;2.5;0;744;271;138;104;96311;3.71;0;0.21;0.26
1990;7;15;196;20.9;16;8.3;9.8;7.3;5.9;-0.5;-0.5;0.15;2.6;2.5;0;595;224;126;86;96409;3.17;0;0.21;0.26
1990;7;16;197;25;19;11.4;11.3;9.6;7.4;2.1;0.2;0.15;2.6;2.5;0;644;256;124;90;96383;3.81;0;0.21;0.26
1990;7;17;198;20.7;17.4;13.7;13;10.8;9.1;2.1;-1.8;0.15;2.6;2.5;0;646;211;106;64;96314;2.91;0.03;0.2;0.25
1990;7;18;199;17.2;14.7;12.6;9.6;8.9;8;2.3;-1.4;0.15;2.6;2.5;0;319;104;44;31;96558;1.79;0.33;0.2;0.25
1990;7;19;200;17.5;14.6;12.1;10.4;8.8;7.7;1.5;-1.1;0.15;2.5;2.5;0;410;138;53;37;96454;2;0.02;0.2;0.25
1990;7;20;201;23.3;17.4;10.6;11.7;10.2;8.9;1.5;-1.1;0.15;2.5;2.5;0;714;257;125;86;96515;3.31;0;0.2;0.25
1990;7;21;202;25.8;19.8;12.1;13.2;11.2;10;1;-1.6;0.15;2.5;2.5;0;591;237;122;84;96570;3.37;0;0.19;0.25
1990;7;22;203;23.4;18.2;12.8;11.6;7.5;4.5;0.8;-2.1;0.15;2.5;2.5;0;727;266;141;104;96499;3.53;0;0.19;0.25
1990;7;23;204;20.9;15.6;9.8;8.1;5.9;4.3;0.9;-1.9;0.15;2.5;2.5;0;733;271;143;106;96379;3.13;0;0.19;0.25
1990;7;24;205;19.8;14.6;8.3;7.4;6.1;5.4;1;-1.5;0.15;2.5;2.5;0;698;255;137;98;96380;2.75;0;0.18;0.25
1990;7;25;206;20.5;15.4;9.2;9.5;8.2;7.1;-0.9;-1.7;0.15;2.5;2.5;0;497;185;100;76;96294;2.15;0;0.18;0.25
1990;7;26;207;22.8;17.5;10.4;11.3;9.9;8.8;-1.8;-1;0.15;2.5;2.5;0;617;205;100;77;96103;2.52;0.18;0.18;0.25
1990;7;27;208;24.3;19.6;13.5;12.4;10.4;9.4;-1.5;-0.4;0.15;2.5;2.5;0;529;189;91;74;96150;2.53;0.09;0.18;0.25
1990;7;28;209;28.5;21.6;12.5;12.7;10.3;8.9;-1.3;0.9;0.15;2.5;2.5;0;705;254;141;96;96259;3.11;0;0.17;0.25
1990;7;29;210;30.5;23.3;14.8;15.1;12.1;9.6;0.4;-0.6;0.15;2.5;2.5;0;692;232;134;81;96281;2.95;0.15;0.17;0.25
1990;7;30;211;24.7;21.2;17.8;16.1;14.7;13.3;-0.9;-2.1;0.15;2.4;2.5;0;387;137;84;51;96575;1.83;0.12;0.17;0.25
1990;7;31;212;24.6;21.1;17.5;16.2;14.8;12.9;-1.4;-1.2;0.15;2.4;2.5;0;459;158;79;51;96706;2.35;4.24;0.17;0.25
1990;8;1;213;28;22.6;16.4;15;12.4;10.3;-1.2;-1.9;0.15;2.4;2.5;0;567;215;118;81;96834;3.19;0.02;0.17;0.25
1990;8;2;214;28;22.4;16.2;12.6;10;7.7;-2;-1.4;0.15;2.4;2.5;0;700;249;141;101;96874;3.19;0;0.17;0.25
1990;8;3;215;27.7;22.2;16.3;11;9.4;8.7;-2.2;-0.3;0.15;2.4;2.5;0;693;247;136;101;96880;3.03;0;0.16;0.25
1990;8;4;216;29.2;22.7;14.1;11.2;9.4;8.4;-0.7;0.7;0.15;2.4;2.5;0;691;246;144;98;96668;2.89;0;0.16;0.25
1990;8;5;217;31.8;24.5;15.7;12.8;9.7;8;1.7;1.1;0.15;2.4;2.5;0;697;242;142;90;96043;2.79;1.41;0.16;0.25
1990;8;6;218;19.4;16.6;12.8;16.3;13.6;9.5;0.7;-1;0.15;2.4;2.5;0;190;73;73;41;95793;1.78;11.57;0.17;0.25
1990;8;7;219;17.7;14;10.4;10.2;9.1;7.6;0.1;-2;0.15;2.4;2.5;0;505;170;101;68;96338;2.18;1.12;0.17;0.25
1990;8;8;220;18.9;14.3;7.7;9.2;7.1;5.2;0;-1.4;0.15;2.4;2.5;0;548;184;104;77;96704;2.36;0.39;0.17;0.25
1990;8;9;221;21.6;17;11.5;10.4;8.1;6.5;1.3;-0.2;0.15;2.3;2.5;0;602;176;117;69;96700;2.2;0;0.17;0.25
1990;8;10;222;24.7;18.7;12.8;12.1;10;7.9;1.9;-0.2;0.15;2.3;2.5;0;620;180;111;68;96548;2.34;0.61;0.16;0.25
1990;8;11;223;24.7;18.7;11.6;13.6;11.4;10.3;0.5;-0.4;0.15;2.3;2.5;0;669;223;127;84;96466;2.57;0;0.16;0.25
1990;8;12;224;28.8;22.1;13.8;13.3;10.7;9.3;-0.3;1.9;0.15;2.3;2.5;0;657;226;128;86;96193;2.9;0.14;0.16;0.25
1990;8;13;225;28.1;22.3;16.2;14.8;12.4;10.4;0.8;1.3;0.15;2.3;2.5;0;626;190;115;79;96003;2.67;3.24;0.16;0.25
1990;8;14;226;26.9;20.4;15.7;16.4;15.4;13.6;1.3;0.8;0.15;2.3;2.5;0;615;176;105;60;95910;2.43;4.27;0.16;0.25
1990;8;15;227;22.7;18.9;16;16.1;14.3;12.1;1.8;0.9;0.14;2.3;2.5;0;462;138;85;49;95902;2.32;3.59;0.16;0.24
1990;8;16;228;23.9;18.9;14.9;16.7;14.1;11.9;1.8;1.7;0.14;2.3;2.5;0;493;146;80;49;95840;2.2;3.94;0.16;0.24
1990;8;17;229;16.6;14.3;11.1;14.4;9.8;5.7;2.3;0.3;0.14;2.3;2.5;0;480;101;93;49;96321;2.27;11.15;0.17;0.24
1990;8;18;230;18.7;14.4;8.7;10.4;6.4;4;1.7;1.3;0.14;2.3;2.5;0;499;147;103;60;96426;2.14;3.74;0.17;0.24
1990;8;19;231;19.1;15.2;12.1;12.9;10.3;7.8;1.5;-0.1;0.14;2.3;2.5;0;550;159;97;54;96279;2.48;2.69;0.18;0.24
1990;8;20;232;22.1;16.7;12.8;13.8;10.5;6.4;2.9;0.8;0.14;2.3;2.5;0;476;135;88;54;95743;2.52;2.86;0.18;0.24
1990;8;21;233;13.8;11.9;10.4;9.8;8.1;5;4.8;-0.1;0.14;2.3;2.5;0;457;77;75;33;95930;2.64;7.12;0.18;0.24
1990;8;22;234;16.2;13.2;11.3;10.3;9.4;8.7;2.6;-1.3;0.14;2.2;2.5;0;242;62;49;20;96641;1.44;0.98;0.18;0.24
1990;8;23;235;19.7;14.8;8.9;13.8;11.3;7.7;1.2;-0.6;0.14;2.2;2.5;0;383;110;62;44;96907;1.36;0.1;0.18;0.24
1990;8;24;236;24.2;17.4;9.1;14;12;8.9;-1.1;0.7;0.14;2.2;2.5;0;634;211;120;84;96597;2.61;0;0.18;0.24
1990;8;25;237;27.4;20.3;13.4;15;13.2;11.6;0.8;0.1;0.14;2.2;2.5;0;605;194;114;72;96050;2.85;0.53;0.18;0.24
1990;8;26;238;23.2;18.8;14.6;16.7;15;13.4;-0.7;-1.2;0.14;2.2;2.5;0;462;143;81;54;96123;2.38;6.81;0.18;0.24
1990;8;27;239;24.7;20.1;15.5;16;14.4;12.7;-2.4;-0.4;0.14;2.2;2.5;0;530;177;93;65;96234;2.84;0.86;0.18;0.24
1990;8;28;240;26.4;21.2;15.6;16.1;13.6;11.4;-1.3;0.5;0.14;2.2;2.5;0;607;192;111;77;96250;2.81;0.13;0.18;0.24
1990;8;29;241;27;21.3;15.2;17;14.5;12.9;-0.4;0.8;0.14;2.2;2.5;0;578;188;102;69;96193;2.73;2.37;0.18;0.24
1990;8;30;242;27.2;20;14.1;16.8;14.2;12;0.3;0.9;0.14;2.2;2.5;0;592;183;109;69;95929;2.77;1.61;0.18;0.24
1990;8;31;243;27;17.9;12.5;16.4;13.6;9.2;0.4;0.3;0.14;2.2;2.5;0;584;159;100;55;95682;2.7;3.04;0.18;0.24
1990;9;1;244;15.6;13.3;11.5;8.5;7.7;7.2;3.1;0.3;0.14;2.2;2.5;0;256;86;53;35;96119;1.61;0.48;0.18;0.24
1990;9;2;245;16.7;13.5;9.8;11.8;10;8.3;2.1;-0.4;0.14;2.2;2.5;0;378;122;83;53;96371;1.37;0.66;0.17;0.24
1990;9;3;246;14.9;13.4;12.3;12.1;11.7;11.1;1.7;-0.6;0.14;2.2;2.5;0;113;36;33;18;96093;0.87;2.81;0.18;0.24
1990;9;4;247;19.3;15;12;13.2;12;10.2;2;0;0.14;2.2;2.5;0;452;111;80;32;95516;2.21;8.48;0.18;0.24
1990;9;5;248;14.4;11.9;9.6;10.2;7.6;5;3.1;-0.7;0.14;2.2;2.5;0;450;142;87;63;95558;2.18;1.51;0.18;0.24
1990;9;6;249;15.8;12.4;6.8;8.6;6.7;5.3;2.2;1;0.14;2.2;2.5;0;440;110;99;58;95687;1.57;1.96;0.18;0.24
1990;9;7;250;13.5;10.9;8.3;10.5;8.3;5.8;2.7;1;0.14;2.2;2.5;0;367;111;66;42;95446;2.03;3.52;0.18;0.24
1990;9;8;251;14.1;10.9;8;10.2;8.5;7;2.9;0;0.14;2.2;2.5;0;360;100;69;39;96065;1.66;2.06;0.18;0.24
1990;9;9;252;14.1;11.7;9.7;9;6.7;4.7;3;-0.9;0.14;2.2;2.5;0;347;108;69;45;96703;1.5;0.17;0.18;0.24
1990;9;10;253;10.8;9.8;8.7;9.5;8.2;6.9;2.8;-0.5;0.14;2.2;2.5;0;150;41;51;26;96326;1.27;9.81;0.19;0.24
1990;9;11;254;15;11.3;8.4;11.6;9.6;7.9;1.6;-1.8;0.14;2.2;2.5;0;408;97;73;31;96371;1.6;2.28;0.19;0.24
1990;9;12;255;14.7;11.8;9.6;9.8;7.2;5;0.7;-1.8;0.14;2.1;2.5;0;405;103;77;44;96756;1.53;0.1;0.19;0.24
1990;9;13;256;15.8;12;7.9;9;7.7;6.1;0.3;-1.2;0.14;2.1;2.5;0;398;116;75;54;96729;1.43;0.4;0.19;0.24
1990;9;14;257;17.4;11.8;6;8.5;7.1;5.6;-0.1;-1;0.14;2.1;2.5;0;486;139;107;73;96773;1.62;0;0.19;0.24
1990;9;15;258;14.9;10.6;6.2;8.5;6.3;4.9;0.5;-1.8;0.14;2.1;2.5;0;398;128;103;66;96696;1.42;0;0.19;0.24
1990;9;16;259;13.9;9.9;6.6;5.5;3.7;2.1;-0.7;-1.2;0.14;2.1;2.5;0;321;108;109;60;96729;1.36;0.01;0.19;0.24
1990;9;17;260;16.6;10.9;3.7;7.9;4.8;2.1;0;0.5;0.14;2.1;2.5;0;567;173;130;80;96152;1.75;0.01;0.19;0.24
1990;9;18;261;13.1;10.7;8.8;9;5.1;1.5;3.1;-0.6;0.14;2.1;2.5;0;441;118;94;52;96210;1.95;2.21;0.19;0.24
1990;9;19;262;18.8;14;8.9;9;6.7;3.1;3.1;1.9;0.14;2.1;2.5;0;495;131;95;50;95618;1.77;0.24;0.18;0.24
1990;9;20;263;13.8;11;8.7;8.3;3.7;2.1;3.5;0;0.14;2.1;2.5;0;372;105;84;52;95380;1.42;0.05;0.18;0.24
1990;9;21;264;10.9;8.8;6.6;8.2;3.7;0.1;4.2;1.4;0.13;2;2.5;0;216;52;97;57;94581;1.64;4.94;0.19;0.24
1990;9;22;265;13.4;10;6.4;13.1;7.2;0.6;3;1.6;0.13;2;2.5;0;141;34;89;29;94736;0.59;9.09;0.19;0.24
1990;9;23;266;15.4;12.4;10.1;10.7;9.9;9;1.6;1.3;0.13;2;2.5;0;312;88;61;34;95016;1.42;3.21;0.2;0.24
1990;9;24;267;12.5;10.5;7.8;10.2;6.1;2.8;3.1;1.5;0.13;2;2.5;0;441;96;87;51;95130;1.7;4.9;0.2;0.24
1990;9;25;268;13.1;9.6;6.9;8.2;5.7;3.1;3.1;1.8;0.13;2;2.5;0;395;89;80;43;95651;2.05;4.06;0.2;0.24
1990;9;26;269;12.3;9.8;6.5;7.3;5.6;4.1;1.2;-0.7;0.13;2;2.5;0;247;70;63;38;96412;0.97;0.06;0.2;0.24
1990;9;27;270;11.9;8.3;4.6;6.1;4;2.4;1.9;-0.8;0.13;1.9;2.5;0;370;113;94;64;96859;1.2;0.26;0.2;0.24
1990;9;28;271;12.3;8;3.1;5.2;3.7;2.3;1.7;0.6;0.13;1.9;2.5;0;360;112;90;65;96959;1.07;0;0.2;0.24
1990;9;29;272;16.9;10.5;4;7.5;5.4;2.4;0.5;1.7;0.13;1.9;2.5;0;454;129;113;71;96354;1.3;0;0.2;0.24
1990;9;30;273;19.1;14.7;9.9;15.7;12.4;6.7;1.2;2;0.13;1.9;2.5;0;386;78;69;28;95607;1.07;14.37;0.2;0.24
1990;10;1;274;15.5;14.3;10.4;14.8;13.6;9.6;1.6;0.2;0.13;1.9;2.5;0;64;12;54;13;95715;0.53;10.23;0.22;0.24
1990;10;2;275;15.4;11.1;8.1;9.5;7.8;6.8;-0.8;0.4;0.13;1.9;2.5;0;344;94;110;59;96509;1.19;0.02;0.22;0.24
1990;10;3;276;19.1;12.5;5.6;12.9;9.6;4.9;-0.8;1.7;0.13;1.8;2.5;0;475;133;109;74;95964;1.23;0;0.22;0.24
1990;10;4;277;15.7;11.3;8;13.2;10.1;6.1;1.3;0.3;0.13;1.8;2.5;0;285;44;63;40;95975;0.63;4.83;0.22;0.24
1990;10;5;278;13;9.1;3.6;7.3;4.3;3.1;2.1;1.4;0.13;1.8;2.5;0;414;114;106;73;96701;1.3;0;0.22;0.24
1990;10;6;279;15.3;11.9;9.5;11.4;8.6;4.6;2.2;1.9;0.13;1.8;2.5;0;155;37;64;27;95890;0.5;0;0.22;0.24
1990;10;7;280;15.7;12;9.4;10.1;8.6;5.4;1.8;0.3;0.13;1.8;2.5;0;381;74;86;49;95284;0.82;0.06;0.22;0.24
1990;10;8;281;9;7.5;5.7;5.1;2.7;1.1;2.2;-1.8;0.13;1.8;2.5;0;339;88;77;57;96266;1.18;0.62;0.22;0.23
1990;10;9;282;11;6.7;3.3;3.8;2.9;2.1;0.9;1;0.13;1.7;2.5;0;424;104;103;69;96909;0.91;0;0.22;0.23
1990;10;10;283;13.5;7.8;2;5.9;3.9;1;1.2;0.9;0.13;1.7;2.5;0;451;123;114;79;96752;1.02;0;0.22;0.23
1990;10;11;284;16.6;9.3;2;8;5.6;1.4;0.5;1.7;0.13;1.7;2.5;0;451;124;120;82;96607;1.03;0;0.22;0.23
1990;10;12;285;20.3;12;3.6;9.6;7.1;3.1;-2.1;0.5;0.13;1.7;2.5;0;450;122;122;82;96613;1.2;0;0.22;0.23
1990;10;13;286;20;14.1;9.4;12.8;9.8;7;-1.4;1.2;0.13;1.7;2.5;0;331;98;99;69;96470;0.95;0;0.21;0.23
1990;10;14;287;21.6;14.2;8.3;13.8;11.1;7.7;-0.7;0.7;0.13;1.7;2.5;0;418;111;107;67;96650;0.96;0;0.21;0.23
1990;10;15;288;20.4;14.7;10.6;12.3;10.8;9.4;-2.5;0.6;0.13;1.7;2.5;0;423;113;113;77;96071;1.12;0;0.21;0.23
1990;10;16;289;19.7;13.5;7.7;13.4;11;7.4;-1.5;-0.3;0.13;1.6;2.5;0;354;84;82;59;96097;0.69;0;0.21;0.23
1990;10;17;290;19.1;13.9;10.2;12.2;10.9;9.6;-1.6;0.5;0.13;1.6;2.5;0;378;95;93;60;95647;0.89;0.06;0.21;0.23
1990;10;18;291;14.6;11.3;8.1;13.7;10.7;7.9;-0.2;0.5;0.13;1.6;2.5;0;223;55;60;39;95554;0.55;2.58;0.21;0.23
1990;10;19;292;16.5;11.4;8.1;11.4;9.3;7.6;-1.3;0.1;0.12;1.6;2.5;0;373;83;103;51;95648;0.82;0.05;0.21;0.23
1990;10;20;293;14.7;10.7;7.5;8.8;7.7;6.6;-2.4;-1.5;0.12;1.6;2.5;0;327;68;68;42;95823;0.71;0.04;0.21;0.23
1990;10;21;294;9.3;6.1;2.6;6;0.6;-2.4;-3.7;-1.2;0.12;1.6;2.5;0;319;78;114;58;96543;0.81;0.04;0.21;0.23
1990;10;22;295;6.2;3;0.6;-1;-2.3;-4.1;-4.1;0.1;0.12;1.6;2.5;0;398;96;116;89;96941;0.71;0;0.21;0.23
1990;10;23;296;10.4;4.7;1.3;-1.8;-4.1;-5.8;-4.1;0.1;0.12;1.6;2.5;0;411;106;117;97;96240;1;0;0.21;0.23
1990;10;24;297;9.3;3.6;-0.7;2.4;-1.3;-5;-1.6;0.8;0.12;1.6;2.5;0;398;102;115;86;95959;0.64;0;0.21;0.23
1990;10;25;298;11.5;4.8;0;4.5;1.8;-1;-1.8;0.2;0.12;1.6;2.5;0;381;97;110;74;95678;0.61;0;0.21;0.23
1990;10;26;299;9.4;4.5;0.4;3;1.6;-0.5;-1.8;0.6;0.12;1.6;2.5;0;346;83;94;58;95250;0.54;0.12;0.21;0.23
1990;10;27;300;9;6.2;4.4;6.2;4.8;3.3;0.5;1.6;0.12;1.6;2.5;0;181;39;63;35;95238;0.48;1.13;0.21;0.23
1990;10;28;301;11.7;7.4;2.7;4.4;2.9;1.9;-1.2;2.9;0.12;1.6;2.5;0;345;82;90;54;94372;0.87;0.53;0.21;0.23
1990;10;29;302;7.7;6;3.3;6.1;3.8;1.7;0.9;2.5;0.12;1.6;2.5;0;247;40;74;35;93230;1.38;15.48;0.22;0.23
1990;10;30;303;8.5;5.9;4.4;4.9;2.5;-1.7;3.2;1;0.12;1.6;2.5;0;280;64;99;46;93741;1.37;11.9;0.23;0.23
1990;10;31;304;8.3;6.7;4.8;6.9;4.9;2.2;1.9;2.9;0.12;1.6;2.5;0;105;22;55;29;94498;0.99;5.99;0.23;0.23
1990;11;1;305;9.3;6.9;5.2;6.2;4.6;3.7;3.7;1.8;0.12;1.6;2.5;0;227;52;66;45;94708;1.2;3.3;0.24;0.23
1990;11;2;306;8.3;5.6;4.1;4.8;3.6;2.3;2.6;2;0.12;1.6;2.5;0;267;56;72;30;94702;1.19;3.91;0.24;0.23
1990;11;3;307;6.4;4.2;2.3;3.5;2.6;1.8;1.9;1.1;0.12;1.6;2.5;0;200;49;66;35;94745;0.84;1.35;0.24;0.23
1990;11;4;308;3.5;2.1;0.5;2.7;1.7;0.4;2.3;1;0.13;1.6;2.5;0.81;207;45;37;21;95029;0.75;9.33;0.24;0.23
1990;11;5;309;3.3;0.6;-1.4;0.3;-0.9;-2;1.1;-1.4;0.21;1.6;2.5;5.7;247;52;75;42;95900;0.61;3.02;0.24;0.23
1990;11;6;310;3.4;0.6;-1.6;-0.7;-1.4;-2.5;1;-0.8;0.21;1.6;2.5;5.69;181;33;48;25;96930;0.37;0.43;0.24;0.23
1990;11;7;311;3.9;1.8;-0.2;1.2;0.3;-1;1.3;-0.4;0.2;1.6;2.5;5.26;118;24;29;16;97192;0.17;0.53;0.24;0.23
1990;11;8;312;4.2;2.2;0.3;0.9;0.3;-0.2;0.2;-0.6;0.18;1.5;2.5;4.4;138;32;45;24;97015;0.26;0.06;0.25;0.23
1990;11;9;313;6.5;2.5;-0.8;1.4;0.2;-1.8;-2;0.2;0.17;1.5;2.5;3.49;242;55;83;53;96911;0.3;0;0.25;0.23
1990;11;10;314;6.1;1.8;-3;1.6;-0.4;-3.7;-0.6;1.3;0.15;1.5;2.5;2.66;303;69;100;50;96599;0.35;0.08;0.25;0.23
1990;11;11;315;7;5.6;3.9;6;4.8;1.8;0.5;1.3;0.14;1.5;2.5;1.64;65;11;5;0;96478;0.13;4.71;0.25;0.23
1990;11;12;316;7.4;6.3;5;6.4;5.5;4.5;1.5;-0.2;0.13;1.5;2.5;0.83;106;21;15;7;96848;0.33;0.53;0.25;0.23
1990;11;13;317;8.4;5.9;4.3;5.3;3.9;3;0.4;1.4;0.12;1.5;2.5;0.45;176;34;51;26;96772;0.34;0;0.25;0.23
1990;11;14;318;9.2;6.8;4.5;7.5;5.5;3.7;0.7;2.2;0.12;1.5;2.5;0.22;171;32;45;14;96003;0.29;1.13;0.25;0.23
1990;11;15;319;8.3;6.8;4.5;7.5;5.8;3.9;2.4;0.7;0.11;1.5;2.5;0.05;155;28;65;24;96033;0.6;4.29;0.26;0.23
1990;11;16;320;8.1;6.5;4.6;6.1;4.4;3.4;2.2;2;0.11;1.5;2.5;0;133;24;46;14;96756;0.33;0.25;0.26;0.23
1990;11;17;321;9.6;9;8.4;8.7;8;5.6;5.5;2.2;0.11;1.5;2.5;0;22;5;5;3;95671;0.76;10.61;0.26;0.23
1990;11;18;322;9;6.8;3.2;8.6;5;0.2;5.5;0.4;0.11;1.5;2.5;0;178;29;68;34;95114;1.67;21.22;0.28;0.23
1990;11;19;323;4.2;3.1;2.2;3.2;1.2;0.2;4.2;0.7;0.11;1.5;2.5;0.1;163;31;73;41;94949;0.99;4.85;0.28;0.23
1990;11;20;324;8.7;5.9;2.3;7.4;5;1.6;1.8;2.7;0.11;1.6;2.5;0.27;44;8;17;6;94069;0.62;28.01;0.29;0.24
1990;11;21;325;6.2;3.8;1.7;5.6;1.6;-0.9;2.5;0.9;0.11;1.6;2.5;0.13;154;31;48;29;94804;0.79;2.34;0.31;0.24
1990;11;22;326;2.8;1.8;1.1;1.9;1.2;0.1;-2;-1.5;0.12;1.6;2.5;0.61;71;16;29;20;95421;0.56;6.16;0.31;0.24
1990;11;23;327;2.5;1.3;0.4;1.6;-0.2;-2;0;0.6;0.16;1.6;2.5;3.54;77;13;51;15;94874;0.57;4.56;0.31;0.24
1990;11;24;328;4.4;0.9;-2.1;-0.6;-1.7;-3.2;-1.3;1.4;0.16;1.6;2.5;3.67;250;54;104;69;94663;0.29;0;0.3;0.24
1990;11;25;329;4;2.1;-0.3;1.3;-0.7;-2.6;-3;0.3;0.16;1.6;2.5;3.22;138;29;73;42;93957;0.31;1.37;0.3;0.25
1990;11;26;330;4.6;2.2;-1.3;1.5;0.4;-2.2;0.9;1.5;0.15;1.6;2.5;2.63;120;26;72;37;94571;0.34;1.06;0.3;0.25
1990;11;27;331;4.9;1.1;-2.7;1.5;-0.7;-4;-1.4;-1.9;0.14;1.6;2.5;2.21;181;38;69;47;95116;0.21;0.46;0.29;0.25
1990;11;28;332;2.2;1.2;0.5;0.2;-0.4;-0.9;-1.2;-2.2;0.15;1.6;2.5;3.28;84;17;20;13;95661;0.49;3.19;0.29;0.25
1990;11;29;333;2.8;1.3;0.3;0.9;0.1;-0.5;1.3;-0.8;0.17;1.6;2.5;4.11;92;17;35;14;95808;0.3;4.07;0.29;0.25
1990;11;30;334;0.7;-1.3;-4.5;0;-4.1;-7.5;0.6;-2.8;0.21;1.6;2.5;6.95;198;33;94;49;95947;0.51;0.44;0.29;0.25
1990;12;1;335;-2.4;-4.8;-8.4;-7.2;-8.3;-11.1;1.2;-1.4;0.22;1.6;2.5;7.01;158;31;85;58;96911;0.16;0.03;0.28;0.25
1990;12;2;336;-0.7;-2.6;-5.9;-1.7;-4;-8.1;1.5;0.2;0.22;1.6;2.5;7.41;65;12;53;15;97112;0.07;0.82;0.28;0.25
1990;12;3;337;0.1;-1.5;-2.7;-1.7;-2.3;-3.2;0.7;0.6;0.23;1.7;2.5;7.74;116;22;52;19;96926;0.06;0.26;0.28;0.26
1990;12;4;338;2.2;0.4;-0.9;1.3;-0.2;-1.4;3.2;0.2;0.25;1.7;2.5;9.46;93;16;64;20;96251;0.02;6.84;0.28;0.26
1990;12;5;339;0.1;-1.3;-3.2;-0.6;-3.7;-5.5;1.3;-3.5;0.34;1.7;2.5;14.7;129;26;64;43;96511;0.46;1.99;0.28;0.26
1990;12;6;340;-2.8;-3.6;-4.6;-5.6;-7.3;-8.7;-0.2;-0.7;0.34;1.7;2.5;14.8;85;18;47;26;97215;0.21;0.09;0.28;0.26
1990;12;7;341;-2.3;-6;-10.8;-6.5;-8.8;-12;-0.6;1;0.33;1.7;2.5;14.65;179;37;96;55;96159;0.2;0;0.27;0.26
1990;12;8;342;-2.5;-8.7;-14.1;-7.7;-11.5;-15.6;-1.3;1.4;0.33;1.7;2.5;14.47;175;35;92;51;94986;0.21;0;0.27;0.26
1990;12;9;343;-0.7;-4.8;-11;-1.9;-7.3;-13.3;-3.9;-0.4;0.33;1.7;2.5;14.32;135;23;57;32;94529;0.29;0.02;0.27;0.26
1990;12;10;344;3;0.5;-4.1;1.2;-0.6;-4.8;-2.5;-0.1;0.3;1.7;2.5;13.28;79;15;59;24;93508;0.01;0.4;0.27;0.26
1990;12;11;345;-0.5;-2.5;-4.8;-2.7;-3.8;-5.5;1.6;0.8;0.3;1.7;2.5;12.99;67;15;37;21;94663;0.15;1.5;0.27;0.26
1990;12;12;346;-0.2;-1.2;-2.1;-1.2;-2.1;-3;2.5;1.7;0.35;1.7;2.5;17.94;36;7;28;13;94362;0.09;7.31;0.27;0.26
1990;12;13;347;0.8;-0.7;-1.9;-1.6;-2.4;-3.4;-0.5;-0.2;0.36;1.7;2.5;21.28;147;27;74;30;95281;0.15;0.36;0.27;0.26
1990;12;14;348;0.4;-1.3;-3.6;-1.9;-3;-5.4;-0.1;-2.3;0.36;1.7;2.5;21.42;71;16;39;24;96353;0.22;0.42;0.27;0.26
1990;12;15;349;-2.6;-3.9;-5.7;-5.3;-6.1;-7.4;-1.1;-1.3;0.36;1.7;2.5;22.04;134;24;52;26;96451;0.21;0.76;0.27;0.26
1990;12;16;350;-0.2;-2.1;-3.7;-3.1;-4.1;-5.3;-1;-2.2;0.36;1.7;2.5;22.08;108;21;47;29;96996;0.21;0.28;0.26;0.26
1990;12;17;351;-1.7;-3.1;-4.8;-4;-5.7;-6.6;-2.3;-0.7;0.36;1.7;2.5;22.14;84;18;63;31;96892;0.24;0.13;0.26;0.26
1990;12;18;352;-0.5;-2.2;-4.3;-3.6;-4.4;-5.6;-2.5;0.5;0.35;1.7;2.5;21.96;116;20;45;31;96393;0.24;0.04;0.26;0.26
1990;12;19;353;-1;-3.2;-5.8;-2.5;-5;-7.1;0.8;1.5;0.35;1.7;2.5;22.24;83;17;45;23;96173;0.21;1.33;0.26;0.26
1990;12;20;354;-0.9;-2.5;-4.1;-3.1;-4.3;-6.3;3.3;1.6;0.36;1.6;2.5;24.32;57;12;34;15;96364;0.29;2.86;0.26;0.26
1990;12;21;355;0.6;-0.5;-2.3;-0.2;-1.7;-4.5;3.3;1.6;0.37;1.6;2.5;29.76;53;9;30;11;95871;0.13;6.07;0.26;0.26
1990;12;22;356;1.2;0.7;0;1.1;0.5;-0.2;1.2;0.9;0.37;1.6;2.5;32.37;27;6;8;2;96527;-0.03;2.84;0.26;0.26
1990;12;23;357;2.3;1.3;0.7;1.9;1.1;0.2;-1.2;0.4;0.36;1.6;2.5;30.46;37;8;43;10;96785;-0.17;0.04;0.26;0.26
1990;12;24;358;1.1;-1.2;-4.2;-0.2;-3.1;-6.4;-2.1;0.7;0.35;1.6;2.5;28.93;134;27;66;46;96291;0.19;0.01;0.26;0.26
1990;12;25;359;-0.7;-2.8;-5.1;-4.6;-6.3;-7.8;-1.2;1.9;0.35;1.6;2.5;28.8;40;8;67;23;95884;0.28;0.04;0.26;0.26
1990;12;26;360;1.4;-0.7;-4;0.4;-3.3;-8.5;0.3;3.1;0.35;1.5;2.5;29.05;40;10;69;29;95182;0.2;3.85;0.26;0.26
1990;12;27;361;4.2;2.2;0.2;3.1;0.8;-0.6;3.8;2.4;0.36;1.5;2.5;29.6;114;19;79;30;94716;-0.17;9.24;0.27;0.26
1990;12;28;362;1.6;-0.3;-1.5;-0.8;-2.1;-5.3;2.2;2;0.36;1.5;2.5;29;79;16;78;45;95984;0.24;0.4;0.27;0.26
1990;12;29;363;9.5;4.8;-1.1;7.5;1.8;-7.3;2.5;3.5;0.34;1.5;2.5;24.94;22;4;52;6;95546;-0.54;8.16;0.28;0.26
1990;12;30;364;9.7;6.5;3.7;7.2;4.9;3.1;3.1;1.4;0.2;1.5;2.5;7.72;66;13;31;10;96159;0.04;6.41;0.31;0.26
1990;12;31;365;5.5;4.1;2.5;4.3;3.3;2.4;0.6;1.6;0.16;1.4;2.5;4.41;98;19;29;12;96257;0.13;3.65;0.31;0.26
1991;1;1;1;5.4;2.6;0.5;4.7;2.1;-0.2;2.8;0.6;0.13;1.4;2.5;2.78;132;21;72;24;95987;0.26;4.29;0.31;0.27
1991;1;2;2;6.5;2.7;0.4;5.7;1.5;-2.3;2.9;3;0.15;1.4;2.5;3.76;45;8;40;12;95547;0.4;8.67;0.31;0.27
1991;1;3;3;7.9;7.4;6.8;6.7;6.3;6;3.9;2.4;0.13;1.4;2.5;1.64;27;6;4;2;95466;0.56;5.65;0.32;0.27
1991;1;4;4;7.4;5.6;2.4;5.8;3.6;0.9;3;1.9;0.11;1.4;2.5;0.46;83;17;44;24;95479;0.86;1.95;0.31;0.27
1991;1;5;5;3.4;2;0.7;0.6;-1.4;-3.9;2.7;2.7;0.11;1.4;2.5;0.59;181;35;83;45;95830;0.86;2.17;0.31;0.27
1991;1;6;6;4.4;3;1;1.5;0.3;-1.4;4.6;2.4;0.12;1.3;2.5;0.9;155;33;75;50;95047;1.09;2.95;0.31;0.28
1991;1;7;7;6.3;3.5;-0.1;5.6;2.6;-0.9;1.9;2.3;0.12;1.3;2.5;0.68;39;7;77;21;94962;0.3;8.64;0.31;0.28
1991;1;8;8;5.9;3.7;1.1;3.4;2.1;0.2;2.1;2.5;0.11;1.3;2.5;0.36;181;33;77;44;95602;0.65;1.07;0.31;0.28
1991;1;9;9;7.4;5.2;2.5;4.5;0.9;-2.9;2.4;3;0.11;1.3;2.5;0.23;88;19;77;41;95566;0.79;1.26;0.3;0.28
1991;1;10;10;14;9;4.2;8.2;3.6;-1.4;3;2.9;0.11;1.3;2.5;0.08;192;31;69;34;95568;1.19;5.19;0.3;0.28
1991;1;11;11;8.5;7.1;5.8;7.6;5.9;4.4;3.1;1.8;0.11;1.2;2.5;0;34;7;37;11;95947;0.85;11.76;0.31;0.28
1991;1;12;12;5.4;3.6;1.3;4;1.1;-0.5;2.1;0.6;0.11;1.2;2.5;0;160;34;60;42;96420;0.47;0.51;0.31;0.28
1991;1;13;13;2.3;1;-1;1.3;-1.4;-4.7;-1.1;-2.1;0.11;1.2;2.5;0;137;28;61;32;96996;0.45;0.37;0.3;0.29
1991;1;14;14;0.2;-1.7;-3.2;-4.8;-8.5;-13.5;-5.2;-1.3;0.11;1.2;2.5;0.04;255;50;105;79;97511;0.46;0;0.3;0.29
1991;1;15;15;0.1;-2.8;-4.2;-9.1;-14.2;-17.8;-4.8;-0.5;0.11;1.2;2.5;0.01;275;58;122;109;97388;0.23;0;0.3;0.29
1991;1;16;16;0.3;-2.9;-5;-9.7;-11.2;-12.6;-4.2;0.5;0.11;1.2;2.5;0.01;275;58;116;100;97264;0.11;0;0.29;0.29
1991;1;17;17;1.8;-2.4;-4.7;-9.2;-11.3;-13.7;-2.1;0.3;0.11;1.2;2.5;0.01;275;59;117;93;97377;0.04;0;0.29;0.29
1991;1;18;18;3.2;-2.2;-5.3;-8.4;-10.8;-14.1;-1.8;0.1;0.11;1.2;2.5;0.01;275;59;116;85;97508;0.02;0;0.29;0.29
1991;1;19;19;2.9;-2.3;-5;-6.4;-8.7;-11.5;-0.7;1.3;0.11;1.2;2.5;0.01;279;60;117;82;97295;0;0;0.28;0.29
1991;1;20;20;1.8;-1.8;-4.6;-1.4;-3.6;-6.6;0.7;0.4;0.11;1.1;2.5;0.01;229;44;91;37;97708;0;0.01;0.28;0.29
1991;1;21;21;-0.3;-1;-1.5;-1.3;-1.7;-2.5;1.5;0.9;0.13;1.1;2.5;1.29;45;10;25;9;97318;0;2.46;0.28;0.29
1991;1;22;22;2.1;-0.1;-1.6;-1.5;-1.8;-2.3;-2.2;-0.9;0.15;1.1;2.5;2.5;178;38;46;27;97703;0.08;0;0.28;0.29
1991;1;23;23;2.1;0;-1.1;-1.2;-1.7;-2.1;-1.4;-0.6;0.14;1.1;2.5;2.37;126;29;38;22;97793;0.06;0;0.28;0.29
1991;1;24;24;1.5;-0.6;-1.4;-1.8;-3;-3.7;-0.4;-1.2;0.14;1.1;2.5;2.29;196;40;69;33;97615;0.06;0.03;0.27;0.29
1991;1;25;25;2;-1.1;-3.7;-2.6;-3.3;-4.8;-1.2;-0.6;0.14;1.1;2.5;2.24;213;47;88;50;97567;0.07;0.03;0.27;0.29
1991;1;26;26;1.9;-2.3;-4.7;-4;-4.7;-5.6;-0.2;-1.1;0.14;1.1;2.4;2.13;269;58;96;60;97260;0.07;0.01;0.27;0.29
1991;1;27;27;0;-1.9;-3.2;-4;-4.7;-5.4;-1;-1.1;0.14;1.1;2.4;2.11;169;36;50;32;97362;0.07;0.01;0.27;0.29
1991;1;28;28;1.3;-1.9;-4;-4.2;-5.2;-6.2;-1.1;-0.3;0.14;1.1;2.4;2.05;247;57;105;63;97276;0.07;0;0.27;0.29
1991;1;29;29;-0.1;-2.9;-5.6;-3.7;-5.6;-7;0.4;-1.1;0.14;1.1;2.4;2.01;196;42;69;44;96881;0.06;0.08;0.27;0.29
1991;1;30;30;-0.5;-2.1;-3.9;-3.4;-6.3;-8.6;-2.1;-0.3;0.14;1.1;2.4;2.02;186;43;86;45;96854;0.07;0;0.26;0.29
1991;1;31;31;-1.7;-5.2;-8.5;-7.5;-14.8;-18.5;-3;0.2;0.14;1.1;2.4;1.98;325;74;122;98;97006;0.07;0;0.26;0.29
1991;2;1;32;-2.1;-6.3;-9.4;-17.2;-19.5;-22.7;-3.1;0.3;0.14;1.1;2.4;1.89;330;76;124;97;97032;0.07;0;0.26;0.29
1991;2;2;33;-1.4;-6.4;-10.4;-15.6;-17.6;-20;-2;0.2;0.13;1.1;2.4;1.83;333;77;122;94;97069;0.05;0;0.26;0.29
1991;2;3;34;-1.4;-6.4;-10.5;-12.9;-14.4;-16.2;-1.9;-0.1;0.13;1.1;2.4;1.78;323;76;112;84;97056;0.05;0;0.26;0.29
1991;2;4;35;-2;-6;-9.9;-8.8;-11.9;-14;-1.4;-1.6;0.13;1.1;2.4;1.73;341;80;120;79;97236;0.05;0.03;0.26;0.29
1991;2;5;36;-5.2;-7.1;-11.1;-8.7;-13.2;-17.3;-2.3;-1.4;0.14;1.1;2.4;2.13;195;45;53;43;96987;0.06;0.84;0.25;0.29
1991;2;6;37;-9.8;-12.8;-16.4;-15.9;-19.8;-21.6;-3.7;-1;0.15;1.1;2.4;2.52;331;79;107;80;96636;0.06;0.17;0.25;0.29
1991;2;7;38;-3.6;-7.5;-11.3;-9.4;-11.5;-15.2;-3.1;-0.3;0.18;1.1;2.4;3.99;253;56;84;44;95801;0.07;1.72;0.25;0.29
1991;2;8;39;-1.6;-5.7;-9.3;-6.6;-10;-12.4;-1.3;0.1;0.18;1.1;2.4;4.57;235;53;60;36;95136;0.08;1.56;0.25;0.29
1991;2;9;40;-0.4;-4.7;-9.8;-5.8;-8.1;-10.8;-1.2;1.2;0.2;1.1;2.4;5.9;212;58;94;51;95121;0.12;0.51;0.25;0.29
1991;2;10;41;2.7;-0.6;-3.5;-1.7;-4;-7.3;0.4;1.6;0.22;1.1;2.4;7.43;263;63;88;40;95049;0.2;6.3;0.25;0.29
1991;2;11;42;-2.9;-6;-8.4;-6.6;-9.3;-10.5;2;2.1;0.32;1.1;2.4;12.16;238;51;93;46;95690;0.35;0.92;0.25;0.29
1991;2;12;43;-1.7;-6.4;-9.9;-7.6;-9.8;-11.6;0.9;0.4;0.32;1.1;2.4;12.27;266;61;97;45;95603;0.29;0.13;0.25;0.29
1991;2;13;44;-3.7;-6.8;-9.2;-7.8;-9.5;-11.1;2.1;-0.5;0.33;1.1;2.4;12.81;197;48;56;29;95639;0.28;2.06;0.24;0.29
1991;2;14;45;-5.6;-7.1;-10.1;-6.7;-10.2;-12.9;2.8;-0.4;0.36;1.1;2.4;14.91;185;42;68;38;95795;0.23;1.67;0.24;0.29
1991;2;15;46;-2;-5.6;-10.1;-5.2;-8.2;-11.7;2.6;2.1;0.37;1.1;2.4;16.42;168;38;42;23;95076;0.32;5.94;0.24;0.29
1991;2;16;47;0.3;-2.4;-6.9;-2.4;-4.2;-8.1;2.6;-1;0.38;1.1;2.4;24.5;174;41;76;32;93948;0.21;5.18;0.24;0.29
1991;2;17;48;-1.1;-4.9;-7.5;-5.3;-7.3;-8.5;0.5;0.1;0.38;1.1;2.4;25.82;222;55;104;43;95184;0.28;0.02;0.24;0.29
1991;2;18;49;0.5;-6.5;-16.6;-4.1;-8.7;-17.6;-1.3;-0.6;0.37;1.1;2.4;25.31;269;65;95;49;95654;0.25;0;0.24;0.29
1991;2;19;50;2.9;-5.1;-14.6;-1;-7.3;-15.4;-0.3;1.1;0.37;1.1;2.4;24.28;234;59;68;45;95955;0.2;0;0.24;0.29
1991;2;20;51;4.8;-2.2;-10;0.7;-4.3;-10.8;-0.6;1.6;0.36;1.1;2.4;21.48;303;77;104;61;95731;0;0;0.24;0.29
1991;2;21;52;4.4;-2.5;-9.4;0.4;-4.2;-9.6;-1.1;1.1;0.35;1.1;2.4;17.2;314;78;109;61;95562;-0.05;0;0.24;0.29
1991;2;22;53;4.4;-2.3;-8.5;1.1;-3.9;-8.9;1.2;1.1;0.31;1.1;2.4;13.64;198;51;87;43;96141;0.05;0.21;0.25;0.28
1991;2;23;54;4.8;0.8;-4.9;2.2;-1.3;-6.1;1.6;1.9;0.27;1.1;2.5;11;146;29;56;21;96937;0.09;0.76;0.25;0.28
1991;2;24;55;10.1;3.6;-1.9;4;1.2;-2.4;0.5;1.6;0.22;1.2;2.5;7.36;397;104;117;71;97131;0.09;0;0.25;0.28
1991;2;25;56;11.5;4.5;-1.7;5.1;2;-2.5;0.4;0;0.17;1.2;2.5;4.37;404;100;105;47;96777;0.13;0;0.25;0.28
1991;2;26;57;7.1;2.8;-2.5;2.9;0.7;-3.4;-1.1;-0.9;0.15;1.2;2.5;2.39;272;76;108;49;96682;0.24;0;0.25;0.28
1991;2;27;58;3.3;-0.6;-2.7;-2.6;-4.1;-6.3;-3;-0.4;0.14;1.2;2.5;1.92;428;108;119;66;96274;0.21;0;0.25;0.28
1991;2;28;59;4.6;0;-3.6;-4.2;-6;-8.2;-3.2;0.2;0.14;1.2;2.5;1.76;435;116;108;82;95659;0.26;0;0.25;0.28
1991;3;1;60;5.9;0.8;-2.4;-1;-3.1;-5;-2.6;-0.1;0.13;1.2;2.5;1.49;448;118;109;77;95561;0.27;0;0.25;0.28
1991;3;2;61;7.2;1.9;-1.9;2.8;-0.9;-3.6;-0.8;1;0.13;1.2;2.5;1.12;430;105;99;56;95902;0.3;0.74;0.25;0.28
1991;3;3;62;8.5;3.6;0.4;3.8;1.7;-0.5;-0.4;0.8;0.13;1.2;2.5;0.8;322;62;61;25;96794;0.37;2;0.25;0.28
1991;3;4;63;9.7;3.7;-0.1;2.1;0.7;-0.4;-1.7;0.6;0.12;1.2;2.5;0.52;481;126;124;63;96990;0.66;0.04;0.25;0.28
1991;3;5;64;10.1;3.9;0.3;4.6;1.6;-0.3;-1.5;0.9;0.12;1.2;2.5;0.33;329;78;73;40;95926;0.37;0;0.25;0.28
1991;3;6;65;10.7;4.5;0.8;3.5;1.7;0.1;-2.4;0.3;0.12;1.3;2.5;0.19;402;104;109;55;95067;0.64;0;0.25;0.28
1991;3;7;66;12.1;5.2;0.5;4.5;1.9;-0.4;-3.1;0.5;0.12;1.3;2.5;0.1;482;125;109;66;94644;0.79;0.02;0.25;0.28
1991;3;8;67;15.2;8.4;2.7;7.3;4.4;1.7;-2.8;1;0.12;1.3;2.5;0.01;470;119;102;61;94288;0.89;0;0.24;0.28
1991;3;9;68;17.7;11;7.3;8.1;6.2;4;-0.7;1.2;0.12;1.3;2.5;0;501;133;115;63;94360;1.14;0.22;0.24;0.28
1991;3;10;69;10.3;8;5.5;7.7;6.8;5.4;0.9;0.1;0.12;1.3;2.5;0;124;31;49;16;95576;0.43;1.7;0.24;0.28
1991;3;11;70;12.6;7;3;6.2;4.2;2.9;0;0.9;0.12;1.3;2.5;0;424;99;95;41;95953;0.81;0.12;0.24;0.28
1991;3;12;71;12.8;6.4;0.9;5.8;3.2;0.9;-1;0.6;0.12;1.3;2.5;0;512;117;112;56;95860;0.83;0.01;0.24;0.28
1991;3;13;72;12.7;5.8;-0.7;4.8;2.3;-1;-1.7;-0.1;0.12;1.3;2.5;0;525;142;125;74;95915;0.96;0;0.24;0.28
1991;3;14;73;13.8;6.4;-0.7;4.2;2;-1.8;-0.3;1.2;0.12;1.3;2.5;0;532;153;129;84;96007;1.05;0;0.24;0.28
1991;3;15;74;14.3;7.2;-0.5;7.5;4;-1.2;0.8;1.2;0.12;1.4;2.5;0;435;116;85;61;95790;0.83;0.11;0.23;0.28
1991;3;16;75;15.6;8.7;0.7;6.9;4.2;0.7;-1.2;0.8;0.12;1.4;2.5;0;535;144;118;71;95476;1.13;0;0.23;0.28
1991;3;17;76;15.5;8.9;3.2;6.1;4.4;2.4;-2;0;0.12;1.4;2.5;0;545;158;126;84;94971;1.25;0;0.23;0.28
1991;3;18;77;13.5;7.6;2;8.7;5.7;1.8;1.4;-0.8;0.12;1.4;2.5;0;419;98;86;46;95879;0.79;2.22;0.23;0.28
1991;3;19;78;10.8;6.9;1;7.8;4.6;0.7;2.2;1.8;0.12;1.4;2.5;0;282;69;67;34;96230;0.78;9.24;0.23;0.28
1991;3;20;79;12.6;9.8;8;8.2;6.2;3.8;3.9;0.4;0.12;1.4;2.5;0;401;116;86;40;95896;1.57;2.19;0.24;0.28
1991;3;21;80;16.2;12.1;9.2;9.5;8.4;7.6;0.9;2.5;0.12;1.5;2.5;0;422;93;79;38;95136;1.19;0.98;0.24;0.28
1991;3;22;81;11;6.9;3.7;8.3;5.2;3.4;1.4;-0.6;0.12;1.5;2.5;0;145;35;40;22;94766;0.93;4.25;0.24;0.28
1991;3;23;82;10.1;6.5;2.4;4.3;3.2;2.3;-0.7;0.6;0.12;1.5;2.5;0;304;93;66;42;95406;1.11;1.18;0.24;0.28
1991;3;24;83;13.7;8;4;5.8;4.1;2.2;-2.6;-2;0.13;1.5;2.5;0;476;122;86;47;95620;1.39;1;0.24;0.28
1991;3;25;84;7.7;5.6;3.9;3.2;2.1;-0.1;-5.1;-2.7;0.13;1.5;2.5;0;329;79;42;21;96045;0.74;0.14;0.24;0.28
1991;3;26;85;4.3;2.5;1.2;-0.4;-1.3;-2;-4.7;-1.7;0.13;1.5;2.5;0.19;231;58;49;27;96133;1.83;4.33;0.24;0.28
1991;3;27;86;6.2;2.6;-1;-1.9;-3.2;-4.8;-2.6;-1.7;0.13;1.5;2.5;0.33;434;117;88;64;96208;1.02;0.09;0.24;0.28
1991;3;28;87;3.4;0.3;-2.3;-2.6;-4.1;-4.9;-1.3;-2.8;0.13;1.6;2.5;0.52;545;159;98;79;96628;1.08;1.22;0.24;0.28
1991;3;29;88;2.7;0.2;-3.5;-3;-5.5;-7.1;-1.9;-1.7;0.14;1.6;2.5;0.84;323;98;80;56;97149;0.7;0.17;0.24;0.28
1991;3;30;89;7.3;3.2;-0.7;0.9;-0.9;-2.9;-0.5;-1.2;0.14;1.6;2.5;0.75;337;97;63;36;96875;0.72;0.06;0.23;0.28
1991;3;31;90;6.6;3.6;0.1;0.8;-0.1;-1.1;1.4;-0.9;0.14;1.6;2.5;0.51;340;101;61;45;96591;0.74;0;0.23;0.28
1991;4;1;91;10.1;5;-0.6;4.2;1.1;-1.8;1.2;0.7;0.13;1.6;2.5;0.3;554;144;101;58;96013;1.23;3.61;0.23;0.28
1991;4;2;92;14.1;8.8;4;5.6;3.8;1.6;1.8;1.5;0.13;1.6;2.5;0.15;455;129;83;50;95305;1.47;0;0.23;0.28
1991;4;3;93;16.2;10.5;4.2;7.1;4.6;3;1.2;0.6;0.13;1.7;2.5;0.03;515;154;100;64;95043;1.61;0;0.23;0.27
1991;4;4;94;10.7;7.6;5.1;6.3;4.9;4;0.6;-0.7;0.13;1.7;2.5;0;280;85;60;38;94896;1.29;5.83;0.23;0.27
1991;4;5;95;9.5;6.7;3.2;5.4;4.2;2.4;0.8;-0.5;0.13;1.7;2.5;0;329;101;57;38;94693;1.41;3.32;0.24;0.27
1991;4;6;96;12.3;8.1;4.1;4.3;2.6;1.2;1;-0.7;0.13;1.7;2.5;0;519;112;76;48;95903;1.25;0.14;0.23;0.27
1991;4;7;97;10.9;7.3;4.2;3.8;2.6;1.7;2.3;1.3;0.13;1.7;2.5;0;457;136;88;56;96128;1.39;0.76;0.23;0.27
1991;4;8;98;10.1;6.5;3.9;7.1;4.3;2.7;2.6;0.8;0.13;1.7;2.5;0;372;112;93;55;96461;1.71;4.19;0.23;0.27
1991;4;9;99;10.7;6.7;2.2;5.1;1.9;-1.3;2.3;-0.9;0.14;1.7;2.5;0;424;107;97;54;96893;1.38;0.46;0.23;0.27
1991;4;10;100;13.6;7.4;0.3;1.7;-0.1;-2.7;-1.2;-0.7;0.14;1.8;2.5;0;647;209;133;94;97172;2.01;0;0.23;0.27
1991;4;11;101;14.1;8.4;1.9;4.1;1.8;-0.1;-2.5;0.7;0.14;1.8;2.5;0;658;212;129;98;97109;1.99;0;0.23;0.27
1991;4;12;102;15.5;10.1;3.9;5.4;3.6;2.4;-3.2;0.2;0.14;1.8;2.5;0;643;211;124;95;96473;2.13;0;0.23;0.27
1991;4;13;103;15.7;10.5;5.2;5.3;4;2.8;-3;-0.3;0.14;1.8;2.5;0;617;201;120;91;96250;2.18;0.53;0.22;0.27
1991;4;14;104;15.3;10.4;4.4;6.2;4.7;2.9;-2.2;-1.1;0.14;1.8;2.5;0;614;194;112;84;96581;2.08;0.71;0.22;0.27
1991;4;15;105;16;10.5;3.8;6.3;4;2.5;-1.6;-1;0.14;1.8;2.5;0;554;178;105;81;96882;1.93;0.06;0.22;0.27
1991;4;16;106;13.5;7.4;0;3.6;-0.1;-5.9;2.5;-2.2;0.14;1.9;2.5;0;677;221;138;88;95807;2.1;0.11;0.22;0.27
1991;4;17;107;6.9;2.1;-1.4;0;-2.7;-6;1.8;-1.3;0.14;1.9;2.5;0.13;616;170;107;72;95382;1.56;2.55;0.22;0.27
1991;4;18;108;5;2;-0.4;-0.2;-4.7;-7.8;-0.5;-2.5;0.15;1.9;2.5;0.34;526;162;92;60;95022;1.65;0.57;0.22;0.27
1991;4;19;109;3.7;0.9;-1.5;-3.9;-5.6;-8.1;0.2;-1.8;0.15;1.9;2.5;0.46;521;145;98;69;94904;1.16;0.41;0.22;0.27
1991;4;20;110;4.5;0.6;-2.7;-3.6;-4.3;-5;-0.1;-2.4;0.15;1.9;2.5;0.75;606;193;111;79;95369;1.45;1.38;0.21;0.27
1991;4;21;111;4.8;0.5;-3.3;-3.8;-6;-7.8;1.2;-0.6;0.16;2;2.5;0.96;624;202;110;89;95944;1.51;0.91;0.21;0.27
1991;4;22;112;7.2;2.5;-3.4;-0.5;-4.3;-6.6;2;1.6;0.15;2;2.5;0.84;500;168;99;69;95872;1.22;0.76;0.21;0.27
1991;4;23;113;7.3;3;-0.4;2.9;0.6;-1.1;1.7;0.1;0.16;2;2.5;1.49;537;163;99;50;95969;1.66;3.52;0.21;0.27
1991;4;24;114;8.8;3.5;-1.8;0.2;-2.2;-4.5;-0.1;-0.1;0.16;2;2.5;0.91;640;192;123;73;96157;1.87;0.75;0.21;0.27
1991;4;25;115;10;5.1;-0.1;1.2;-0.9;-2.2;-2.4;-0.3;0.15;2;2.5;0.49;599;199;118;82;95658;1.8;0.35;0.21;0.27
1991;4;26;116;11.3;6.1;0;2.2;1.1;-0.6;-2;-1;0.15;2.1;2.5;0.23;653;213;118;89;95504;1.92;0.63;0.21;0.27
1991;4;27;117;13.4;7.7;0.5;4.3;1.8;-0.3;-1.3;-1.3;0.15;2.1;2.5;0.08;651;204;123;87;95508;2.05;0.29;0.21;0.27
1991;4;28;118;14.3;8.7;1.2;5.7;3;1;-0.8;-1.2;0.15;2.1;2.5;0;637;217;124;88;95709;2.23;0.22;0.21;0.27
1991;4;29;119;12.6;8.1;2.6;6.9;4.2;2.1;0.3;-1;0.15;2.1;2.5;0;507;175;100;69;96089;2.19;3.12;0.21;0.27
1991;4;30;120;8.3;6.4;3.1;6.7;4.8;2.1;0.3;1.5;0.15;2.1;2.5;0;189;64;46;19;95551;1.46;6.31;0.21;0.27
1991;5;1;121;11.3;8.4;4.8;9.2;6.9;3.2;0.9;0.6;0.15;2.2;2.5;0;242;80;47;17;94951;1.64;6.55;0.21;0.27
1991;5;2;122;10.7;7.2;4;3;1.8;0.2;1.1;-1;0.15;2.2;2.5;0;334;121;57;39;95571;1.62;0.35;0.21;0.27
1991;5;3;123;8.9;5.7;2.1;2.4;0.8;-1.6;1.6;-1.1;0.15;2.2;2.5;0;451;141;79;53;95442;1.71;1.03;0.21;0.27
1991;5;4;124;9.2;5.5;1.3;0.8;-0.6;-2.3;1.3;-1;0.15;2.2;2.5;0;533;152;84;57;95119;1.69;0.57;0.21;0.27
1991;5;5;125;11.1;6.3;1.7;5.1;2.8;0;0.5;-0.5;0.15;2.2;2.5;0;498;162;94;61;95221;1.83;4.66;0.21;0.27
1991;5;6;126;11.7;7.4;2;4.9;2;0.5;0.6;-1.2;0.15;2.2;2.5;0;554;179;89;65;95242;2.06;0.15;0.21;0.27
1991;5;7;127;11.9;7.5;2.4;3.7;2.3;1.2;-0.2;-1.6;0.15;2.3;2.5;0;535;185;105;71;95196;2.2;1.1;0.21;0.27
1991;5;8;128;12.3;7.5;1.1;1.9;0.3;-0.4;-0.5;-1.5;0.15;2.3;2.5;0;611;183;114;76;95459;2.06;0.04;0.21;0.27
1991;5;9;129;13.1;8.4;1.4;3.9;2;0;-1.3;-1.2;0.15;2.3;2.5;0;545;205;107;77;95726;2.26;0.35;0.21;0.26
1991;5;10;130;17.2;11.5;6.8;8.2;5.5;2;-3.6;-0.3;0.15;2.3;2.5;0;644;212;106;70;95415;2.52;1.76;0.21;0.26
1991;5;11;131;15.3;11.5;8.5;11.3;9.3;6.8;-1.4;-2.5;0.15;2.3;2.5;0;355;95;40;22;95178;1.87;17.2;0.21;0.26
1991;5;12;132;9.9;8.4;5.2;9.7;6.9;4.7;0.7;-2.7;0.15;2.4;2.5;0;167;47;53;22;95936;1.55;22.07;0.24;0.26
1991;5;13;133;13.7;9.2;4.1;5.8;3.5;2.1;1.1;-0.9;0.15;2.4;2.5;0;475;167;101;56;96578;2.34;0.09;0.24;0.26
1991;5;14;134;12.7;8.9;4.9;9.8;6.2;2.5;1.6;-0.6;0.15;2.4;2.5;0;318;77;57;30;96321;1.33;3.45;0.24;0.26
1991;5;15;135;10;6.3;3.2;2.6;-0.1;-2.2;2.6;-1.5;0.15;2.4;2.5;0;547;192;120;68;96156;2.75;2.54;0.24;0.26
1991;5;16;136;10;6;2.1;2.1;0.5;-1.6;0.9;-1.8;0.16;2.4;2.5;0;584;204;100;59;95810;2.84;1.98;0.24;0.26
1991;5;17;137;11.6;7;1.2;6;3.2;0.1;0.2;-2.7;0.16;2.4;2.5;0;604;200;82;67;96059;2.48;2.71;0.24;0.26
1991;5;18;138;11.3;7.5;4.2;3.6;1.6;-0.5;0;-3.7;0.16;2.5;2.5;0;524;189;96;70;96283;2.37;0.27;0.24;0.26
1991;5;19;139;12.2;7.8;1.4;4.8;0.9;-1.1;0.8;-2;0.16;2.5;2.5;0;655;202;114;70;96485;2.48;0.68;0.24;0.26
1991;5;20;140;14.6;10.6;5.1;6.3;4.8;3.3;1.6;-0.1;0.16;2.5;2.5;0;447;164;99;55;96674;2.3;0.08;0.23;0.26
1991;5;21;141;17;13.1;9.9;11.3;9.8;6.2;3.5;-0.6;0.16;2.5;2.5;0;281;91;64;34;97070;1.4;0.8;0.23;0.26
1991;5;22;142;17.4;14;10.5;10.5;8.7;4.4;3.8;-1.4;0.16;2.5;2.5;0;403;145;86;51;97035;2.38;0.42;0.23;0.26
1991;5;23;143;9.5;7.2;4.5;3.4;0.6;-0.5;2.6;-2.6;0.16;2.5;2.5;0;380;147;86;62;96768;2;0.59;0.23;0.26
1991;5;24;144;10.2;6.6;2.9;2.4;0.8;-1;1.3;-2.1;0.16;2.5;2.5;0;676;223;111;76;96767;2.69;1.22;0.23;0.26
1991;5;25;145;10.4;6.8;2.3;6;2.5;0.3;2;-1;0.16;2.6;2.5;0;275;100;63;35;96701;1.5;3.05;0.23;0.26
1991;5;26;146;11;7.9;4.5;6;4.2;1.2;1.3;-2.4;0.16;2.6;2.5;0;413;130;89;44;96687;2.35;2.44;0.23;0.26
1991;5;27;147;14.6;9.2;1.2;4.9;2.3;-0.4;-0.3;-1.4;0.16;2.6;2.5;0;623;198;111;68;96873;2.51;0;0.23;0.26
1991;5;28;148;13.9;10.3;4.9;6.5;5.3;3.4;-0.9;-1.4;0.16;2.6;2.5;0;386;132;80;49;96572;1.81;0.33;0.22;0.26
1991;5;29;149;16.4;11.6;6;9.2;7.2;5.2;-1.3;-1.2;0.16;2.6;2.5;0;583;195;106;70;96308;2.4;0.65;0.22;0.26
1991;5;30;150;17.5;13;5.6;9;6.8;4.3;-1.1;-1.3;0.16;2.6;2.5;0;504;177;99;67;96324;2.49;0.17;0.22;0.26
1991;5;31;151;21.1;15.1;6.9;9.4;7.7;5.9;0.8;-1.3;0.16;2.6;2.5;0;707;250;126;84;96016;3.47;0;0.22;0.26
1991;6;1;152;19.1;13.7;7.8;9.5;5.4;1.8;1.2;-2;0.16;2.6;2.5;0;742;274;139;100;95742;3.6;0;0.21;0.26
1991;6;2;153;17.3;12;5.4;6;3.3;1.8;-1.3;0;0.16;2.7;2.5;0;742;278;145;108;95789;3.41;0;0.21;0.26
1991;6;3;154;17.5;13;8.9;10.7;6.1;1.9;2.9;1.2;0.16;2.7;2.5;0;598;208;106;73;95125;3.22;4.23;0.21;0.26
1991;6;4;155;12.5;9.2;6.3;2.9;1.3;-0.3;3.2;0.1;0.16;2.7;2.5;0;656;228;111;77;95545;3.16;1.54;0.21;0.26
1991;6;5;156;13.1;9.1;3.3;4.5;2.6;-0.6;0.9;0.2;0.16;2.7;2.5;0;655;243;116;92;95869;2.69;0.41;0.21;0.26
1991;6;6;157;13.5;9.8;5.7;10.8;6.9;2.4;-0.7;1.2;0.16;2.7;2.5;0;303;79;72;35;95392;1.45;4.89;0.21;0.26
1991;6;7;158;17.1;12.6;8.1;11.2;9;7.5;0.9;1;0.16;2.7;2.5;0;510;166;82;49;94821;2.47;2.55;0.21;0.26
1991;6;8;159;17.8;13.2;10;12.5;10.7;9.5;1.4;-1.1;0.16;2.7;2.5;0;638;167;84;44;94999;2.89;9.47;0.21;0.26
1991;6;9;160;17.5;13.5;7.2;12.7;10.4;7.2;1.5;1.5;0.16;2.8;2.5;0;446;148;69;39;95636;2.32;3.1;0.21;0.26
1991;6;10;161;17.3;14.3;11.8;12.2;9;6.4;3.4;1.2;0.16;2.8;2.6;0;546;190;94;57;95779;3.28;1.2;0.21;0.26
1991;6;11;162;16.1;12.9;10.1;10.9;8.5;6.7;3;0.6;0.16;2.8;2.6;0;614;184;96;57;96303;3.03;2.9;0.21;0.26
1991;6;12;163;21.6;15.6;7.6;11.2;8.3;5.9;1.1;2.1;0.16;2.8;2.6;0;670;231;115;72;96075;3.48;0.13;0.21;0.26
1991;6;13;164;18.5;15.9;12.2;11.2;8.6;6.2;3.1;1.7;0.16;2.8;2.6;0;468;174;78;60;95619;3.08;0.56;0.21;0.26
1991;6;14;165;16.1;12.8;10.3;9.9;8.5;6.7;3;1.5;0.16;2.8;2.6;0;528;172;88;54;95786;2.9;2.85;0.21;0.26
1991;6;15;166;22.2;16.6;11.3;12.3;10.2;7.7;1.8;2.3;0.16;2.8;2.6;0;673;209;110;60;95611;3.29;0.51;0.21;0.26
1991;6;16;167;18.3;15.1;11.6;13.3;11.2;9.5;2.6;0.5;0.16;2.8;2.6;0;566;157;73;45;95372;2.81;10.84;0.21;0.26
1991;6;17;168;12.2;11;9.5;10.6;9.8;8.5;0;-1.9;0.16;2.8;2.6;0;105;30;26;16;95485;1.21;39.4;0.23;0.26
1991;6;18;169;14.6;10.5;7.9;9.3;7.5;5.9;1.9;-0.3;0.16;2.8;2.6;0;544;153;75;43;95638;2.93;13.86;0.26;0.26
1991;6;19;170;15.3;11;6.9;8.4;7.1;6;1.7;1.5;0.16;2.8;2.6;0;576;218;97;75;95913;3.15;2.39;0.26;0.26
1991;6;20;171;15.3;10.9;5.7;9.5;7.5;5;0.9;1.6;0.16;2.8;2.6;0;414;144;81;47;95518;2.4;7.02;0.26;0.26
1991;6;21;172;18.2;13.6;8.7;10.6;8.4;6.2;1.3;0.2;0.16;2.8;2.6;0;436;168;87;50;95969;2.97;0.69;0.26;0.26
1991;6;22;173;24;18.5;11.3;15.9;12.9;10.1;0.1;2;0.16;2.8;2.6;0;614;227;95;68;96360;3.74;1.24;0.26;0.25
1991;6;23;174;22.2;18.3;14.4;15.3;13.6;11.8;1.6;0.4;0.16;2.8;2.5;0;571;196;99;49;96573;3.55;3.9;0.26;0.25
1991;6;24;175;20.6;17.2;13.5;16.3;13.9;12.4;2.1;0.8;0.16;2.8;2.5;0;504;175;86;48;96216;3.27;8.72;0.26;0.25
1991;6;25;176;21.3;17.5;14.2;16;14.7;12.7;2;0.8;0.16;2.8;2.5;0;385;117;59;31;96188;2.33;2.29;0.26;0.25
1991;6;26;177;23.3;18.6;13.8;17.2;15.1;12.7;2.2;1.2;0.15;2.7;2.5;0;585;195;81;60;95880;3.27;1.28;0.26;0.25
1991;6;27;178;17.6;13.3;9.1;15.6;10.5;4.2;1.4;1.5;0.15;2.7;2.5;0;344;100;81;49;95394;2.65;11.49;0.26;0.25
1991;6;28;179;13.8;10.6;8.6;9.7;7.6;5.1;4.8;0.2;0.15;2.7;2.5;0;525;153;73;39;95335;3.41;7.31;0.27;0.25
1991;6;29;180;13.5;10.7;8.2;6.6;5.2;4;3.8;-0.5;0.15;2.7;2.5;0;358;135;76;47;96240;2.59;0.88;0.27;0.25
1991;6;30;181;19.4;13.5;6.1;9;7;5;1.7;0.2;0.15;2.7;2.5;0;700;243;123;78;96852;3.66;0.9;0.27;0.25
1991;7;1;182;23.1;17.5;10.4;13.8;11;8.3;-0.5;0.9;0.15;2.7;2.5;0;706;248;116;74;96727;4.04;0.03;0.26;0.25
1991;7;2;183;24.6;19.2;12.1;13.4;11.5;10;-2.6;-0.1;0.15;2.7;2.5;0;724;271;121;91;96412;4.55;0;0.26;0.25
1991;7;3;184;24.1;19.2;14.1;15.3;12.9;10.4;-2.7;-1.2;0.15;2.7;2.5;0;687;203;98;66;96386;3.63;0.23;0.25;0.25
1991;7;4;185;22.8;19.7;15.8;16.4;15.2;12.7;-2.5;-1.8;0.15;2.7;2.5;0;454;154;54;42;96520;2.85;0.56;0.25;0.25
1991;7;5;186;25.8;21.4;17.3;18.1;16.6;13.3;-3.2;-0.8;0.15;2.7;2.5;0;615;175;84;53;96395;3.22;0.2;0.25;0.25
1991;7;6;187;25.9;20.9;15.7;13.9;12.7;11.1;-2.8;-0.4;0.15;2.7;2.5;0;727;271;124;95;96445;4.65;0;0.25;0.25
1991;7;7;188;27;21.9;16.3;15.4;14;13.2;-2.8;-0.2;0.15;2.7;2.5;0;721;269;120;90;96333;4.54;0;0.24;0.25
1991;7;8;189;27.8;22.3;15.7;19;15.9;13.7;0.3;-0.2;0.15;2.6;2.5;0;640;235;101;76;96212;3.92;0.48;0.24;0.25
1991;7;9;190;24.3;21;17.3;18.2;16.4;15.1;1;-0.2;0.15;2.6;2.5;0;495;157;67;51;96422;2.7;0.88;0.23;0.25
1991;7;10;191;25.1;20.9;16.2;17.4;16;14.2;-1.9;-0.8;0.15;2.6;2.5;0;602;205;85;62;96679;3.41;0.72;0.23;0.25
1991;7;11;192;29.2;23.6;17.2;18.9;16.5;15.4;-1.4;0.7;0.15;2.6;2.5;0;672;254;117;80;96415;4.17;0;0.23;0.25
1991;7;12;193;31.2;24.5;17.7;19.1;17.2;15.9;1;0.5;0.15;2.6;2.5;0;695;220;107;67;96294;3.79;0.8;0.22;0.25
1991;7;13;194;25;21.1;17.3;18.7;16;11.9;0.9;0.2;0.15;2.6;2.5;0;541;170;100;55;96131;3.34;10.08;0.23;0.25
1991;7;14;195;17.2;16.4;15;15.4;14.2;13.3;1.7;0;0.15;2.6;2.5;0;196;65;50;28;95626;1.89;8.38;0.23;0.25
1991;7;15;196;21.5;17.4;13.4;13.3;12.1;10.9;2.5;-0.2;0.15;2.6;2.5;0;479;180;87;62;95976;3.2;0.61;0.23;0.25
1991;7;16;197;19.9;16.8;13.4;12.5;10.5;9.1;2.3;-0.1;0.15;2.6;2.5;0;393;167;82;55;95975;2.85;0.29;0.23;0.25
1991;7;17;198;20.1;16.9;12.9;12;10.5;9.1;1.3;-0.4;0.15;2.6;2.5;0;445;151;77;59;95950;2.5;0.38;0.23;0.25
1991;7;18;199;19.5;15.9;10.6;11.4;9.9;8.1;1.6;-0.1;0.15;2.6;2.5;0;493;161;94;55;95939;2.64;0.6;0.23;0.25
1991;7;19;200;22.9;18.2;14.7;13.5;11.1;9.1;3.2;0.8;0.15;2.5;2.5;0;613;194;108;55;95611;3.55;0.65;0.22;0.25
1991;7;20;201;18.8;15.9;12.2;11.5;10.3;9.2;2.4;0.1;0.15;2.5;2.5;0;383;142;70;52;95979;2.35;0.81;0.22;0.25
1991;7;21;202;19.8;15.9;10.9;11.3;10.2;8.8;1.6;-0.7;0.15;2.5;2.5;0;475;177;85;60;96199;2.86;1.25;0.22;0.25
1991;7;22;203;21.4;16.7;11.3;11.7;9.6;7.2;-0.1;-1.3;0.15;2.5;2.5;0;547;200;113;72;96364;3;0.04;0.22;0.25
1991;7;23;204;25.1;18.8;10.7;13.5;10.3;7.1;-1.5;0.4;0.15;2.5;2.5;0;710;259;132;92;96047;3.73;0;0.22;0.25
1991;7;24;205;23.3;18.2;14.2;17.3;14.6;11.4;1;0.9;0.15;2.5;2.5;0;483;153;75;53;95469;2.64;9.37;0.21;0.25
1991;7;25;206;19.9;15.5;11.4;12.6;10.9;8.9;1.4;1.2;0.15;2.5;2.5;0;521;181;94;71;95514;2.93;3.2;0.22;0.25
1991;7;26;207;18;14.1;10.6;13;11.6;9.6;1.6;-0.7;0.15;2.5;2.5;0;509;162;81;55;95616;2.73;7.32;0.22;0.25
1991;7;27;208;19.7;15.5;12.1;13.5;10.7;8.5;0.4;-2.2;0.15;2.5;2.5;0;511;166;97;53;96057;2.83;0.57;0.22;0.25
1991;7;28;209;22.4;17.4;11.5;12.1;10.3;8.7;-1.7;-2;0.15;2.5;2.5;0;656;200;104;70;96096;3.14;0;0.22;0.25
1991;7;29;210;23.9;19.4;13.8;12.6;10.5;8.9;-2.9;-0.5;0.15;2.5;2.5;0;687;245;125;84;95854;3.91;0;0.22;0.25
1991;7;30;211;25.3;20.5;15.7;13.6;11.8;10.7;-3.1;0.3;0.15;2.4;2.5;0;670;230;107;81;95601;3.74;0;0.21;0.25
1991;7;31;212;24;19.2;15.8;17.3;15.5;13.8;-0.4;-0.3;0.15;2.4;2.5;0;491;162;78;59;95366;2.59;10.15;0.21;0.25
1991;8;1;213;20.1;17.1;15.7;17.2;16;15.4;1.8;-2;0.15;2.4;2.5;0;275;65;38;14;95421;1.94;19.06;0.23;0.25
1991;8;2;214;18.3;16.4;15;16.1;15.5;14.9;2.3;-2.1;0.15;2.4;2.5;0;158;49;19;8;96049;1.29;8.98;0.24;0.25
1991;8;3;215;21.2;18;15.7;17.5;16;15.1;1.1;-2.2;0.15;2.4;2.5;0;424;124;60;30;96434;2.34;3.94;0.24;0.25
1991;8;4;216;23.5;18.9;14.7;16.1;13.8;12.2;0.1;-2.1;0.15;2.4;2.5;0;593;186;84;61;96526;3.15;0.25;0.24;0.25
1991;8;5;217;23.3;19.1;12.7;16.3;13.3;11.6;-0.3;-0.8;0.15;2.4;2.5;0;487;179;91;68;96473;2.88;0.16;0.24;0.25
1991;8;6;218;26.6;20.7;13.3;15.7;13.8;12.1;-0.7;1.4;0.15;2.4;2.5;0;673;230;116;80;96167;3.74;0;0.24;0.25
1991;8;7;219;29.7;23;15.3;18.8;15.5;12.7;-0.2;1.9;0.15;2.4;2.5;0;680;230;111;78;95828;3.88;0;0.23;0.25
1991;8;8;220;29.2;23.5;17.9;18.4;17;14.8;0.5;-0.9;0.15;2.4;2.5;0;649;214;107;67;95699;3.67;0.57;0.23;0.25
1991;8;9;221;22.3;19;15.6;18;14.2;12.7;-0.2;-2.2;0.15;2.3;2.5;0;463;128;79;38;96509;2.3;0.15;0.23;0.25
1991;8;10;222;23.2;18.4;13.2;14.3;12.7;11;1;-0.6;0.15;2.3;2.5;0;625;192;105;70;96702;2.91;0.21;0.22;0.25
1991;8;11;223;27;21.2;15.6;16.3;14.4;12.7;2.4;0.3;0.15;2.3;2.5;0;498;179;99;57;96283;2.99;0.03;0.22;0.25
1991;8;12;224;20.9;18.3;15;15.5;14.3;12.6;1.8;-1;0.15;2.3;2.5;0;297;117;73;52;96015;1.74;0.3;0.22;0.25
1991;8;13;225;23;18.2;14;13;10.6;8.6;0.6;-1.2;0.15;2.3;2.5;0;635;190;107;70;96148;2.97;0.04;0.22;0.25
1991;8;14;226;22.3;17.7;12.9;12.7;10.9;9.8;-0.8;-0.5;0.15;2.3;2.5;0;583;162;99;61;96218;2.5;1.04;0.22;0.25
1991;8;15;227;22.6;17.8;12.2;13.6;12;10.3;-0.8;-0.2;0.14;2.3;2.5;0;571;186;101;72;96180;2.81;0.48;0.21;0.25
1991;8;16;228;26.6;20;12.8;14.3;11.8;9.3;0.9;1;0.14;2.3;2.5;0;626;197;112;72;96052;2.98;0.01;0.21;0.25
1991;8;17;229;23.4;19.3;14.6;14.5;11.6;9.2;3.1;0.2;0.14;2.3;2.5;0;592;184;100;65;95893;2.93;0.83;0.21;0.25
1991;8;18;230;19.1;15.8;13;12.5;8.3;4.9;3.1;-1.2;0.14;2.3;2.5;0;534;173;103;63;95947;3.19;3.17;0.21;0.25
1991;8;19;231;16.6;13.6;10.2;8.5;6.2;4.8;2.6;-0.9;0.14;2.3;2.5;0;454;147;91;67;96334;2.05;0;0.21;0.25
1991;8;20;232;17;13.2;8.6;12.4;9.1;5.2;1.3;0.4;0.14;2.3;2.5;0;335;79;62;34;96443;1.37;2.03;0.21;0.25
1991;8;21;233;22.4;16.2;9.8;12.4;10.9;9.4;-0.1;-1;0.14;2.3;2.5;0;552;174;107;67;96277;2.37;0.03;0.21;0.25
1991;8;22;234;25;18.4;11.1;12;10.5;8.1;-2.2;0.7;0.14;2.2;2.5;0;656;220;129;93;96076;2.95;0;0.2;0.25
1991;8;23;235;23.1;18.2;12.2;17.4;14.3;10.1;0.2;0.6;0.14;2.2;2.5;0;465;145;81;65;96349;1.79;0.95;0.2;0.25
1991;8;24;236;22.3;18.1;14.5;16.4;14.8;11.6;0.9;0.6;0.14;2.2;2.5;0;258;100;67;39;96560;1.52;0.51;0.2;0.25
1991;8;25;237;21.9;17;11.2;11.4;9.6;8.5;0.3;-1.6;0.14;2.2;2.5;0;532;170;100;79;96533;2.27;0;0.2;0.24
1991;8;26;238;21.7;16.1;9.7;10.3;8.9;7.6;-0.5;-1.4;0.14;2.2;2.5;0;569;184;111;82;96448;2.31;0;0.2;0.24
1991;8;27;239;20.4;15.7;11.1;9.9;7.9;6.3;-0.9;-1.5;0.14;2.2;2.5;0;509;177;108;74;96754;2.17;0;0.19;0.24
1991;8;28;240;20.6;15.9;11.1;10.4;9.2;7.8;-0.6;-1.4;0.14;2.2;2.5;0;445;125;82;53;96713;1.68;0.16;0.19;0.24
1991;8;29;241;17.8;13.9;10.5;10.2;7.6;5.4;-1.2;-2.2;0.14;2.2;2.5;0;510;163;103;77;96698;1.94;0.47;0.19;0.24
1991;8;30;242;20;14.1;7.1;8.9;7.2;6.4;-1.6;-0.8;0.14;2.2;2.5;0;528;179;123;85;96849;1.99;0;0.19;0.24
1991;8;31;243;22.3;16.4;9.5;9.8;8.3;7.1;-2.2;0;0.14;2.2;2.5;0;619;201;125;90;96788;2.25;0;0.19;0.24
1991;9;1;244;23.5;17.9;12.3;9.6;8.8;8.1;-3.1;0.1;0.14;2.2;2.5;0;619;201;125;93;96628;2.32;0;0.19;0.24
1991;9;2;245;24.2;18.4;12.9;9.8;8.2;7.4;-2.6;0.1;0.14;2.2;2.5;0;613;198;128;96;96831;2.37;0;0.18;0.24
1991;9;3;246;24.9;19;13;10.8;8.8;7.8;-2.5;0;0.14;2.2;2.5;0;612;196;130;93;97117;2.23;0;0.18;0.24
1991;9;4;247;25.6;18.9;11.4;12.3;9.4;8.1;-1.4;-0.4;0.14;2.2;2.5;0;575;188;128;88;96904;2.11;0;0.18;0.24
1991;9;5;248;25.6;18.7;10.9;11.7;9.5;7.6;0.8;-1.5;0.14;2.2;2.5;0;593;187;130;86;96493;2.08;0;0.18;0.24
1991;9;6;249;17.5;14.5;10.4;12;7.1;3;1.9;-1.9;0.14;2.2;2.5;0;482;117;127;63;96545;1.38;0.38;0.18;0.24
1991;9;7;250;13.8;11.3;8.7;8.3;6;3.8;2.4;-1.7;0.14;2.2;2.5;0;214;68;81;46;96577;0.81;0.48;0.17;0.24
1991;9;8;251;15.7;11.9;8.2;11.4;9.4;7.7;0.9;-0.7;0.14;2.2;2.5;0;315;71;65;40;96523;0.98;1.82;0.18;0.24
1991;9;9;252;19.1;14.1;9.2;10.1;7.7;5.7;-0.2;0;0.14;2.2;2.5;0;402;125;106;60;96482;1.3;0;0.17;0.24
1991;9;10;253;24.5;16.6;8.3;9.9;7.4;5.8;0.5;1.5;0.14;2.2;2.5;0;582;181;125;81;96237;1.82;0.09;0.17;0.24
1991;9;11;254;19.8;15.7;13;15.9;12.4;6.4;1.3;0.6;0.14;2.2;2.5;0;266;81;65;36;95876;1.37;7.29;0.17;0.24
1991;9;12;255;18.1;13.8;10.5;12;7.4;4.3;-1.4;-1.7;0.14;2.1;2.5;0;519;149;105;67;96235;1.99;0;0.18;0.24
1991;9;13;256;19.5;14.2;9.5;5.9;4.9;3;-2.3;-0.6;0.14;2.1;2.5;0;578;178;127;87;96502;2.01;0;0.18;0.24
1991;9;14;257;20.8;15.6;9.2;12.6;9.8;5.5;-1.4;0.3;0.14;2.1;2.5;0;481;124;81;52;96557;1.37;0;0.17;0.24
1991;9;15;258;20.7;16.8;13;13.5;12.1;10.4;0.9;0.8;0.14;2.1;2.5;0;407;101;70;44;96368;1.17;0.04;0.17;0.24
1991;9;16;259;21.6;17.3;12.2;14.3;12.8;10.6;1.7;1;0.14;2.1;2.5;0;427;125;81;54;96368;1.44;1.35;0.17;0.24
1991;9;17;260;19.3;16.3;13.4;16;12.1;8.2;3;-0.1;0.14;2.1;2.5;0;416;91;78;39;96139;1.7;6.75;0.18;0.24
1991;9;18;261;17.3;13.8;10.5;9.1;7.8;7.2;1.7;-0.3;0.14;2.1;2.5;0;307;108;96;63;96418;1.27;0.02;0.18;0.24
1991;9;19;262;21.5;15.4;8.5;13.4;9.3;6.8;0.3;0.8;0.14;2.1;2.5;0;529;158;116;72;96104;1.68;0;0.18;0.24
1991;9;20;263;16.1;13.3;9.8;12.7;10.8;8.6;-0.4;-1.6;0.14;2.1;2.5;0;179;58;79;43;95995;0.74;0.81;0.18;0.24
1991;9;21;264;19.9;13.6;6.4;10.2;8.8;6;-1.3;1;0.13;2;2.5;0;534;160;124;85;96127;1.51;0;0.17;0.24
1991;9;22;265;23.5;16.5;11.3;17.4;13.8;10.3;0.9;1.9;0.13;2;2.5;0;477;124;86;53;95535;1.59;11.32;0.17;0.24
1991;9;23;266;14.6;12.5;9.9;12.6;7.6;4.5;3.6;0.2;0.13;2;2.5;0;336;89;67;43;95802;1.59;0.34;0.18;0.24
1991;9;24;267;19.4;14.7;11.9;11;9.5;6.2;2.4;2;0.13;2;2.5;0;263;68;99;38;95902;1.02;0.09;0.18;0.24
1991;9;25;268;23.3;16.6;10.2;13.3;11.8;9.5;-0.6;2;0.13;2;2.5;0;504;148;107;74;95377;1.6;0;0.18;0.24
1991;9;26;269;21.3;15.8;11.6;14.2;12.2;10.1;0.1;0.9;0.13;2;2.5;0;350;100;72;46;94628;1.44;3.56;0.18;0.24
1991;9;27;270;13.3;11.6;9.1;12;9;5.9;2.8;1.4;0.13;1.9;2.5;0;218;64;79;40;94987;1.79;5.09;0.19;0.24
1991;9;28;271;13.3;10.7;7.5;6;5.1;4.2;0.1;1.9;0.13;1.9;2.5;0;319;80;75;52;95090;1.01;0.01;0.19;0.24
1991;9;29;272;17.6;12.8;9.7;11.1;7.8;4.2;-1;0.5;0.13;1.9;2.5;0;318;68;73;52;94593;0.86;0.48;0.18;0.24
1991;9;30;273;13.6;11.4;8.9;11.4;10.1;8.2;1.5;0.7;0.13;1.9;2.5;0;112;35;47;26;94850;0.8;3.02;0.19;0.24
1991;10;1;274;14.9;11.4;7.5;9;6.3;3.6;3.1;1.6;0.13;1.9;2.5;0;442;110;91;51;95507;1.67;1.24;0.19;0.24
1991;10;2;275;11.1;9.4;8;8.3;5.8;4.1;5.3;-0.1;0.13;1.9;2.5;0;274;79;75;52;96236;1.95;2.61;0.19;0.24
1991;10;3;276;12.7;9.1;6.5;6.6;5.5;4.5;1.2;0.6;0.13;1.8;2.5;0;272;74;103;52;97216;0.78;0.12;0.19;0.24
1991;10;4;277;17.7;10.8;4.3;7.8;5.9;3.4;-0.7;1.1;0.13;1.8;2.5;0;473;134;117;77;96996;1.24;0;0.19;0.24
1991;10;5;278;19.4;12.4;6.3;9.5;6.9;4.2;-1.3;1.2;0.13;1.8;2.5;0;474;132;118;77;96130;1.3;0;0.18;0.24
1991;10;6;279;17.7;12;6.8;10.8;8;5.6;-0.5;-0.7;0.13;1.8;2.5;0;415;112;97;65;95819;1.14;0.92;0.18;0.24
1991;10;7;280;17.9;12.5;8.3;10.2;8.5;6.5;-2;-0.7;0.13;1.8;2.5;0;462;128;117;81;95803;1.22;0;0.18;0.24
1991;10;8;281;20.5;14.3;8.3;10.1;8.9;7.1;-2.8;0.5;0.13;1.8;2.5;0;450;117;107;72;95511;1.23;0;0.18;0.24
1991;10;9;282;16.6;13.3;9.1;10.9;9.6;8.5;-1.3;0.6;0.13;1.7;2.5;0;312;72;72;47;95916;0.72;0.1;0.18;0.24
1991;10;10;283;18.1;13.5;10.2;10.6;9.1;7.3;-1.7;0.1;0.13;1.7;2.5;0;439;114;115;68;96442;1.08;0;0.18;0.24
1991;10;11;284;16.4;11.9;8.8;8.8;7.5;6.1;-4;0.3;0.13;1.7;2.5;0;447;122;114;89;95754;0.99;0;0.18;0.24
1991;10;12;285;16.3;12.8;10.2;11.1;10.1;8.8;-2.8;0.2;0.13;1.7;2.5;0;288;70;66;39;94963;0.71;0.45;0.18;0.24
1991;10;13;286;14;11.9;9.8;11.2;9.9;9.3;1.8;0.8;0.13;1.7;2.5;0;146;41;49;24;94994;0.69;0.67;0.18;0.24
1991;10;14;287;15.7;11;8.3;9.2;8;6.4;-0.3;0.7;0.13;1.7;2.5;0;334;78;96;48;95358;0.72;0.01;0.18;0.24
1991;10;15;288;16.8;11.2;6;9.7;7.6;5.2;0.2;-0.2;0.13;1.7;2.5;0;377;96;103;64;95581;0.86;0.4;0.18;0.24
1991;10;16;289;15.1;10.8;5.4;10.2;8.1;5.4;1.3;1.7;0.13;1.6;2.5;0;292;78;79;53;95775;0.74;0.27;0.18;0.24
1991;10;17;290;11.8;9.9;6.9;9.3;7.1;4;3.8;2.7;0.13;1.6;2.5;0;43;11;50;23;94946;1.77;6.41;0.18;0.24
1991;10;18;291;9.1;6.5;5.3;4.7;2.9;-0.2;5.1;1.9;0.13;1.6;2.5;0;280;66;76;34;94901;1.67;3.41;0.18;0.24
1991;10;19;292;7.3;5;3.3;4.5;1.8;-0.9;3.3;0.7;0.12;1.6;2.5;0;274;66;90;43;95329;1.09;1.87;0.18;0.24
1991;10;20;293;5.3;3;0.1;1.7;0.1;-1.8;2.4;-0.7;0.12;1.6;2.5;0;194;44;90;44;95804;1.05;2.6;0.19;0.24
1991;10;21;294;4;1.8;-0.3;-0.2;-2.7;-5.3;0.2;-1.4;0.13;1.6;2.5;0.2;267;60;71;43;96344;0.68;0.63;0.19;0.24
1991;10;22;295;5.8;2.2;-1.1;0.3;-1.4;-2.9;1.5;-0.6;0.13;1.6;2.5;0.23;330;79;89;56;96730;0.51;0.23;0.19;0.23
1991;10;23;296;5.5;3.7;2.1;5.1;2.9;0.4;2.8;-0.5;0.13;1.6;2.5;0.14;43;11;55;16;96770;0.39;3.09;0.19;0.23
1991;10;24;297;6.4;3.8;-0.3;4.8;2.8;-0.4;1.8;-0.6;0.12;1.6;2.5;0.07;120;28;43;17;96797;0.37;0.25;0.19;0.23
1991;10;25;298;8.1;5.8;2.5;5.8;3.2;-1.9;-0.9;-0.6;0.12;1.6;2.5;0.01;164;32;66;24;96772;0.59;0.9;0.19;0.23
1991;10;26;299;4.8;1.3;-1.1;-2.3;-5.1;-6.2;-3.4;0.2;0.12;1.6;2.5;0;387;98;112;91;96606;0.72;0;0.19;0.23
1991;10;27;300;5.5;1;-1.2;-4;-5.5;-6.6;-3.8;0.3;0.12;1.6;2.5;0;379;96;112;90;96360;0.71;0;0.19;0.23
1991;10;28;301;5.1;0.7;-2;-3.8;-5.3;-6.4;-3.1;0.2;0.12;1.6;2.5;0;381;95;113;91;96493;0.6;0;0.19;0.23
1991;10;29;302;6.2;1.6;-0.7;-0.3;-3;-6.7;-2.9;0;0.12;1.6;2.5;0;368;91;111;86;96838;0.5;0;0.19;0.23
1991;10;30;303;4.6;0.4;-1.8;-2.7;-3.3;-4.5;-2.8;0.4;0.12;1.6;2.5;0;369;88;113;83;96448;0.46;0;0.19;0.23
1991;10;31;304;3.9;0;-2.5;-3.4;-4.5;-5.3;-2.5;0.4;0.12;1.6;2.5;0;363;89;110;86;96596;0.42;0;0.19;0.23
1991;11;1;305;5.9;0.8;-2.3;-3.3;-4.6;-5.7;-1.8;1.4;0.12;1.6;2.5;0;362;83;105;78;96658;0.39;0;0.19;0.23
1991;11;2;306;6.6;3.4;0.5;5.5;1.3;-4.3;0.3;2.4;0.12;1.6;2.5;0;84;22;56;26;96096;0.19;2.44;0.19;0.23
1991;11;3;307;13.9;8.7;3.6;7.1;5.2;3.4;1.1;3.6;0.12;1.6;2.5;0;268;58;75;39;95045;1.08;1;0.19;0.23
1991;11;4;308;10.1;7.4;4.6;7.3;4.3;1.8;1.9;3.3;0.12;1.6;2.5;0;161;35;81;41;94097;1.15;7.91;0.19;0.23
1991;11;5;309;4.7;3.9;3.3;3.9;2.2;-0.1;3.4;2.1;0.12;1.6;2.5;0.03;95;22;64;22;94671;0.97;4.95;0.2;0.23
1991;11;6;310;3.8;2.3;0.4;3.3;1;-0.5;2.6;0.1;0.12;1.6;2.5;0.09;244;52;83;40;96168;0.77;2.31;0.2;0.23
1991;11;7;311;5.9;2.7;-0.2;5.5;1.7;-1.8;3.8;2.7;0.16;1.6;2.5;3.45;32;7;65;10;96233;0.23;15.97;0.2;0.23
1991;11;8;312;7.3;6.8;6.1;6.1;5.4;4.2;4.7;2.6;0.14;1.5;2.5;2.11;57;12;10;4;95889;0.82;4.78;0.21;0.23
1991;11;9;313;7.1;4.7;0.4;6.4;2.8;-0.5;3.3;0.4;0.12;1.5;2.5;0.55;183;39;90;40;95496;0.95;8.28;0.23;0.23
1991;11;10;314;3.2;1.4;0.4;2.3;0.5;-0.2;2.6;0.6;0.12;1.5;2.5;0.73;182;43;79;32;96438;0.61;2.2;0.23;0.23
1991;11;11;315;5.2;2.3;-1;-0.3;-1.9;-3.4;1.9;2.8;0.13;1.5;2.5;0.85;219;48;68;42;96181;0.78;1.04;0.23;0.23
1991;11;12;316;5.9;4.6;3.1;4.5;3;0.5;1;2.1;0.12;1.5;2.5;0.56;84;16;30;9;95906;0.57;3.54;0.23;0.23
1991;11;13;317;7.7;5.8;4.8;5.8;2.4;-1.4;0.4;3.1;0.12;1.5;2.5;0.26;72;15;63;23;94785;0.83;7.74;0.23;0.23
1991;11;14;318;5.5;4.3;2;4.7;2.5;-0.2;1.9;2.2;0.11;1.5;2.5;0.11;125;27;69;35;94716;0.68;2.85;0.24;0.23
1991;11;15;319;6.2;3.4;1.2;2.5;1.3;-0.8;1.6;2.1;0.12;1.5;2.5;0.72;188;38;54;34;94709;0.75;2.8;0.24;0.23
1991;11;16;320;4.2;2.1;0.8;1.9;0.2;-0.9;-1;-1.7;0.12;1.5;2.5;0.68;239;46;67;34;94964;0.48;0.84;0.24;0.23
1991;11;17;321;2.9;1.3;0;-0.7;-1.4;-2.1;1.3;-2;0.16;1.5;2.5;3.42;117;23;45;26;95289;0.37;3.43;0.24;0.23
1991;11;18;322;4.2;1.4;-1.4;1;-0.8;-2;0;2;0.17;1.5;2.5;3.8;258;50;89;39;95324;0.32;0.39;0.24;0.23
1991;11;19;323;6.5;3.9;2.6;4.9;3.1;1.1;-0.9;1.1;0.15;1.5;2.5;2.61;72;15;43;16;95023;0.16;1.73;0.24;0.23
1991;11;20;324;4.2;2.9;1.1;2.6;1.8;0.4;-2.9;-2.2;0.13;1.6;2.5;1.78;120;21;32;16;95302;0.63;4.5;0.24;0.23
1991;11;21;325;2;1;0.2;0.1;-1.2;-2.1;-1.6;-2.7;0.15;1.6;2.5;2.52;107;22;28;18;96176;0.58;0.73;0.25;0.23
1991;11;22;326;2.9;-0.1;-2.5;-1.9;-2.6;-3.6;-0.3;-1;0.14;1.6;2.5;2.38;223;49;90;60;96328;0.24;0;0.25;0.23
1991;11;23;327;2.1;-0.6;-2.6;-1.4;-2.4;-3.5;0.3;-0.2;0.14;1.6;2.5;2.21;192;38;64;40;96442;0.11;0.01;0.25;0.23
1991;11;24;328;2.8;0;-2.8;0.1;-2;-5.5;-3.1;-0.4;0.14;1.6;2.5;2.07;234;50;87;55;96069;0.13;0;0.25;0.23
1991;11;25;329;5.5;2.9;1.2;2.9;1.6;-0.1;-1.5;0.6;0.13;1.6;2.5;1.75;161;32;52;29;95878;0.13;0.04;0.25;0.23
1991;11;26;330;3.8;0.6;-2;1.5;-0.2;-2.3;-1;1;0.13;1.6;2.5;1.41;188;39;71;45;96565;0.12;0;0.25;0.23
1991;11;27;331;4;-0.2;-2.7;1.3;-1.1;-3.1;-0.5;1.2;0.13;1.6;2.5;1.23;208;42;87;47;96993;0.16;0;0.25;0.23
1991;11;28;332;6.6;1.3;-1.8;3.8;0;-2.5;-0.3;0.9;0.12;1.6;2.5;1.04;232;47;82;49;96954;0.15;0.1;0.24;0.23
1991;11;29;333;3.6;1;-1.1;2.5;0.7;-1.2;-1.1;0;0.12;1.6;2.5;0.91;121;27;50;19;96929;-0.02;0.07;0.24;0.23
1991;11;30;334;5.3;2.2;0.5;1.6;0.7;-1.3;-3;-0.1;0.12;1.6;2.5;0.73;229;44;90;49;96639;0.31;0;0.24;0.23
1991;12;1;335;4;0.8;-0.5;-0.7;-1.8;-2.4;-2.6;-0.2;0.12;1.6;2.5;0.6;225;45;92;60;96795;0.25;0;0.24;0.23
1991;12;2;336;3.2;0;-1.9;-1.3;-2.4;-3;-2.2;-0.6;0.12;1.6;2.5;0.54;223;44;91;64;96925;0.16;0;0.24;0.23
1991;12;3;337;0.4;-1.6;-3.3;-1.8;-2.8;-3.8;-0.1;-0.2;0.11;1.7;2.5;0.54;152;30;66;34;97093;0.05;0.04;0.24;0.23
1991;12;4;338;1;-1.2;-2.9;-1.4;-3.4;-5.5;1.2;-0.8;0.12;1.7;2.5;0.6;184;37;64;32;96890;0.05;0.3;0.24;0.23
1991;12;5;339;1.8;-0.3;-2.1;0.3;-1.9;-4.5;1.2;-1.8;0.13;1.7;2.5;1.81;140;27;78;31;96737;0.17;1.57;0.24;0.23
1991;12;6;340;-1.2;-1.9;-2.6;-3;-6.2;-9.2;1.1;-2.1;0.14;1.7;2.5;2.46;139;32;89;46;97389;0.12;0.83;0.24;0.23
1991;12;7;341;1.2;-0.2;-1.1;-0.7;-1.6;-2.7;2.1;-1.7;0.16;1.7;2.5;3.27;101;18;27;18;97447;0.05;0.77;0.24;0.23
1991;12;8;342;1.8;0.1;-1.1;-0.5;-1.3;-2.2;0.6;-1.5;0.17;1.7;2.5;4.15;87;19;62;21;97204;0.05;1.07;0.24;0.23
1991;12;9;343;-1.3;-4.1;-8;-2.5;-12.1;-17.1;-2.7;-0.5;0.18;1.7;2.5;4.53;218;44;113;83;97659;0.3;0;0.24;0.23
1991;12;10;344;-3.5;-6.5;-9.6;-8.1;-14.1;-18.7;-4;-0.3;0.17;1.7;2.5;4.36;209;43;94;84;98056;0.19;0;0.24;0.23
1991;12;11;345;-0.2;-3.5;-5.5;-6;-6.6;-7.8;-2.9;0.3;0.17;1.7;2.5;4.27;204;40;99;72;97948;0.05;0;0.24;0.23
1991;12;12;346;-1.2;-5.3;-8.1;-6.7;-7.7;-9.2;-0.5;0.4;0.17;1.7;2.5;4.2;214;43;106;70;98021;0.06;0;0.24;0.23
1991;12;13;347;-0.9;-5.6;-9.6;-7.3;-8.5;-10.5;0.5;0.8;0.17;1.7;2.5;4.07;208;40;98;65;97951;0.06;0;0.24;0.23
1991;12;14;348;0.8;-4.4;-7.9;-4.6;-6.8;-8.9;1.3;0.8;0.17;1.7;2.5;3.97;208;42;100;70;97644;0.05;0;0.24;0.23
1991;12;15;349;0.5;-5;-8.9;-5.3;-7.4;-10;-0.4;1.4;0.17;1.7;2.5;3.91;205;40;101;67;97228;0.05;0;0.24;0.23
1991;12;16;350;0;-4.4;-8.1;-5.1;-7.4;-10;-0.3;1.6;0.17;1.7;2.5;3.88;179;34;71;54;96880;0.08;0;0.24;0.23
1991;12;17;351;1.7;-1.5;-4.4;1.5;-3.1;-6.8;-0.2;1.8;0.17;1.7;2.5;4.41;85;17;40;12;96603;0.04;2.46;0.24;0.23
1991;12;18;352;3.5;1.8;-0.1;2.7;0.8;-1;4.4;1;0.17;1.7;2.5;4.05;132;16;56;18;95418;0.39;13.15;0.25;0.23
1991;12;19;353;5.3;2.1;-0.6;4.8;1.7;-1.2;3.8;2;0.22;1.7;2.5;7.52;24;4;25;4;95178;-0.21;18.83;0.25;0.24
1991;12;20;354;5.3;1.6;-1.1;4.5;-0.3;-3.7;4.4;0.6;0.2;1.6;2.5;6.1;161;32;93;38;94413;0.54;8.16;0.28;0.24
1991;12;21;355;5.2;0.4;-1.4;5.1;-0.8;-3.3;3.2;1.8;0.24;1.6;2.5;8.84;85;15;42;13;94646;0.01;11.02;0.27;0.24
1991;12;22;356;8.7;5.3;2.3;8.5;4.9;1.8;2.4;-0.6;0.22;1.6;2.5;7.07;35;5;8;-2;94908;-0.51;8.75;0.29;0.24
1991;12;23;357;8.5;6.3;5.2;8.3;5.5;3.6;5;1.8;0.15;1.6;2.5;2.65;43;8;34;5;95916;0.21;2.26;0.3;0.24
1991;12;24;358;5.6;1.6;-0.1;4.4;0.2;-1.3;4.9;-1.2;0.12;1.6;2.5;1.38;126;26;76;41;96762;0.74;2.75;0.3;0.24
1991;12;25;359;1;-0.6;-1.9;-1.4;-2.5;-3.9;2.5;-1.4;0.14;1.6;2.5;2.71;153;27;84;47;97800;0.22;1.38;0.3;0.24
1991;12;26;360;0.8;-0.5;-2.1;0.5;-1.7;-3.3;4.2;1.4;0.18;1.5;2.5;5.23;40;8;42;13;96710;0.06;8.42;0.29;0.24
1991;12;27;361;2.7;1;-0.6;1.7;-0.2;-2.6;3.6;-2.5;0.28;1.5;2.5;11.36;70;12;26;12;95987;0.38;6.38;0.29;0.24
1991;12;28;362;-0.9;-1.7;-2.3;-2.8;-4.6;-5.4;0.8;-1.1;0.28;1.5;2.5;11.41;152;29;97;49;97381;0.25;0.01;0.29;0.24
1991;12;29;363;0.7;-2;-3.6;-3.6;-4.6;-5.8;1.2;0.3;0.27;1.5;2.5;11.28;137;27;72;30;97817;0.17;0.05;0.29;0.24
1991;12;30;364;1.6;-0.1;-2.2;1;-0.7;-3.7;1.5;-0.5;0.27;1.5;2.5;11.3;53;12;25;8;98038;-0.04;0.98;0.29;0.25
1991;12;31;365;0.1;-1.1;-2.6;-0.9;-2.8;-4;0.7;-0.1;0.27;1.4;2.5;11.29;87;19;36;23;97796;0.15;0.13;0.29;0.25
1992;1;1;1;0.1;-2.1;-4.4;-1.8;-3.4;-5.6;2.2;1;0.27;1.4;2.5;11.27;115;24;54;34;97521;0.19;0.14;0.28;0.25
1992;1;2;2;1.6;-0.9;-2.5;-1.8;-2.8;-3.8;3;1.2;0.27;1.4;2.5;11.33;161;30;82;57;97502;0.16;0.1;0.28;0.25
1992;1;3;3;2.6;-0.7;-2.6;-3.2;-4.2;-5.5;2.2;1.5;0.26;1.4;2.5;11.09;187;38;102;78;97252;0.16;0;0.28;0.25
1992;1;4;4;3.5;1.4;-1.6;3;-0.9;-4.1;3.4;1.9;0.25;1.4;2.5;10.29;150;30;73;40;96763;0.14;7.89;0.28;0.25
1992;1;5;5;5.4;4.3;3.3;5.3;4.1;3.1;3.4;1;0.2;1.4;2.5;6.75;23;5;4;0;96888;-0.29;9.75;0.29;0.25
1992;1;6;6;5.4;4.6;2.8;5.2;4.5;2.7;3.4;1;0.15;1.3;2.5;3.51;21;4;32;5;97005;-0.28;3.04;0.3;0.25
1992;1;7;7;4.1;1.9;-0.9;3.4;1.4;-1.8;1;1.4;0.14;1.3;2.5;2.32;106;22;74;26;96631;0.06;0.03;0.3;0.25
1992;1;8;8;5.8;1.4;-1.6;1.3;-1.4;-3.2;0.5;2.2;0.13;1.3;2.5;1.91;207;39;87;59;96027;0.26;0;0.3;0.25
1992;1;9;9;6.6;3.8;1.5;3.7;0.6;-4.8;0.3;2.3;0.13;1.3;2.5;1.55;129;23;60;22;95243;0.44;3.34;0.3;0.26
1992;1;10;10;4;2;-0.3;3;0.5;-3.1;-2.8;-1.1;0.12;1.3;2.5;1.19;100;18;40;17;96037;0.63;7.49;0.3;0.26
1992;1;11;11;2.9;0.4;-1.6;0.4;-1.7;-4;-0.7;0.5;0.12;1.2;2.5;1.13;187;39;78;41;96868;0.16;0.15;0.3;0.26
1992;1;12;12;2.6;1.4;0.5;0.9;0.2;-0.6;2.4;-0.2;0.12;1.2;2.5;1.1;105;18;40;13;97071;0.27;0.89;0.3;0.26
1992;1;13;13;0.3;-0.9;-2.6;-0.1;-3.1;-4.3;0.3;-0.9;0.12;1.2;2.5;1.11;209;39;81;45;97457;0.22;0;0.29;0.26
1992;1;14;14;0.6;-0.3;-1.6;0.4;-1.6;-4.2;2.7;0.1;0.13;1.2;2.5;1.66;53;11;43;11;97226;0.05;1.81;0.29;0.26
1992;1;15;15;2.5;1.4;0.6;1.3;0.6;-0.1;2.7;-0.6;0.14;1.2;2.5;2.36;106;18;40;14;97271;0.24;0.77;0.29;0.26
1992;1;16;16;1.6;0.7;-0.2;0.4;-0.7;-1.4;3.1;-0.3;0.14;1.2;2.5;2.26;115;23;29;19;96930;0.28;0.59;0.29;0.26
1992;1;17;17;2.3;1;-0.1;0.8;-1.1;-2.2;3.4;-1.1;0.15;1.2;2.5;2.84;157;29;57;31;96987;0.43;1.52;0.28;0.27
1992;1;18;18;1.3;0.4;-0.7;-0.1;-1.2;-2;2.6;-0.5;0.15;1.2;2.5;3.05;94;22;46;26;97065;0.13;0.55;0.28;0.27
1992;1;19;19;1.4;0.6;-0.1;0.6;0;-0.6;3.2;0.5;0.17;1.2;2.5;4.58;66;14;14;8;96197;0.23;6.17;0.28;0.27
1992;1;20;20;0.2;-3.2;-8.1;-0.4;-6.6;-13.8;-2.7;-1;0.26;1.1;2.5;9.86;154;32;103;48;96380;0.56;2;0.28;0.27
1992;1;21;21;-4.8;-8.2;-10.9;-12.9;-14.1;-16;-3.5;-1.2;0.27;1.1;2.5;9.83;229;50;108;90;97342;0.36;0;0.28;0.27
1992;1;22;22;-1.3;-5.1;-8.8;-6.5;-9.3;-12.9;-4;-0.4;0.26;1.1;2.5;9.52;226;46;89;68;97181;0.29;0;0.28;0.27
1992;1;23;23;0.3;-3.2;-5.1;-3.9;-5.8;-7.1;-2.6;-0.1;0.25;1.1;2.5;9.34;211;47;88;69;97242;0.1;0;0.27;0.27
1992;1;24;24;1.6;-2.9;-5.4;-1.6;-4.4;-6;-1.5;-0.3;0.25;1.1;2.5;9.08;231;48;97;56;97421;0.04;0.01;0.27;0.27
1992;1;25;25;0.6;-3.6;-6.8;-1.6;-4.7;-7.6;-0.4;-0.6;0.24;1.1;2.5;8.87;185;39;79;34;97611;0.13;0.03;0.27;0.27
1992;1;26;26;-1.7;-3.9;-6.5;-3.4;-5.1;-7.3;1.1;-0.8;0.24;1.1;2.4;8.87;160;32;48;19;97681;0.13;0.23;0.27;0.27
1992;1;27;27;0.8;-1.7;-3.9;-2.4;-3.8;-4.5;-1.2;-0.5;0.25;1.1;2.4;9.14;162;32;61;31;97860;0.16;0.42;0.27;0.27
1992;1;28;28;0.7;-2.4;-5.6;-3.9;-5.2;-7.6;-2;-0.7;0.25;1.1;2.4;8.99;233;50;98;55;98009;0.2;0;0.27;0.27
1992;1;29;29;4.7;-1.5;-6.4;-0.3;-4;-8.3;-0.8;-1.3;0.23;1.1;2.4;8.27;242;55;92;53;97827;0.02;0;0.27;0.27
1992;1;30;30;3;-0.5;-2.6;-1.7;-2.8;-3.7;-0.7;-1.2;0.22;1.1;2.4;7.39;261;55;88;48;97650;0.16;0.02;0.27;0.27
1992;1;31;31;5.7;0.1;-3.3;0.5;-1.9;-3.9;0;-1.3;0.2;1.1;2.4;6.44;274;62;105;59;97442;0.03;0;0.27;0.27
1992;2;1;32;2.9;-0.6;-2.7;-1.9;-2.9;-3.6;-0.6;-0.3;0.19;1.1;2.4;5.6;277;61;104;56;97276;0.14;0.01;0.27;0.27
1992;2;2;33;1.9;-1.7;-4.2;-1.5;-3;-4.7;1.5;0.1;0.18;1.1;2.4;5.17;254;55;95;43;96894;0.09;0.04;0.27;0.27
1992;2;3;34;1.1;-0.6;-2.1;-1.1;-1.9;-2.7;4;0.9;0.19;1.1;2.4;5.9;74;19;36;21;95959;0.1;2.62;0.27;0.27
1992;2;4;35;1.2;-0.3;-1.4;-0.8;-1.8;-2.6;4;-0.4;0.26;1.1;2.4;10.09;134;31;54;32;95528;0.13;3.94;0.26;0.27
1992;2;5;36;3.8;0.7;-1.8;3.7;-0.1;-2.8;3.6;-0.3;0.29;1.1;2.4;11.86;64;15;46;13;95827;-0.09;4.12;0.26;0.27
1992;2;6;37;3.7;3.1;2.1;3.4;2.9;1.7;3.5;-0.5;0.24;1.1;2.4;8.43;48;11;9;3;96749;-0.25;1.99;0.27;0.27
1992;2;7;38;5.2;3.1;1.7;3.2;2.5;1.4;1.7;-0.2;0.18;1.1;2.4;5.17;130;30;35;10;97258;0.04;0.25;0.27;0.27
1992;2;8;39;5.8;1.5;-2.7;1.6;0.2;-3.2;0.6;1;0.16;1.1;2.4;3.81;259;58;111;46;97146;0.18;0;0.27;0.27
1992;2;9;40;8.1;1.1;-3.3;1;-1.4;-4;0.1;2.1;0.15;1.1;2.4;3.02;336;75;110;70;96340;0.1;0;0.27;0.27
1992;2;10;41;4.4;1.8;-0.7;2.7;0.3;-2.5;2.6;1.6;0.14;1.1;2.4;2.43;239;54;71;40;96060;0.57;3.41;0.27;0.27
1992;2;11;42;3.2;1.5;0.1;1.7;0.7;-1.1;2;2.2;0.16;1.1;2.4;3.47;114;28;41;14;95990;0.47;5.54;0.28;0.27
1992;2;12;43;6.4;4.8;1.9;6.1;4.6;1.8;0.9;1.7;0.15;1.1;2.4;3.08;51;11;16;0;95723;-0.19;1.12;0.28;0.27
1992;2;13;44;10.5;5.9;3.2;6.7;4.6;2.6;1.2;0.9;0.13;1.1;2.4;1.57;297;56;73;33;95314;0.23;4.15;0.28;0.27
1992;2;14;45;4.7;3.1;1.1;3;1;-1.2;3.2;0.9;0.12;1.1;2.4;0.74;289;58;70;40;96175;0.71;1.22;0.28;0.27
1992;2;15;46;6.3;3.5;0.1;5.6;2;-2.8;3.3;2.4;0.11;1.1;2.4;0.55;87;19;75;22;95925;0.57;6.45;0.29;0.27
1992;2;16;47;3.7;1.1;-0.9;2.2;-2.4;-5.2;4.5;0.7;0.12;1.1;2.4;0.85;338;77;83;59;95641;0.88;2.79;0.29;0.27
1992;2;17;48;-0.2;-2.1;-4.1;-2.8;-5.2;-8.3;1.5;-2.1;0.17;1.1;2.4;3.99;217;54;89;52;95828;0.39;2.71;0.29;0.27
1992;2;18;49;-3.3;-4.6;-6;-8.4;-10.1;-11.8;1.1;-2.2;0.19;1.1;2.4;5.11;260;59;80;61;97001;0.19;0.39;0.28;0.27
1992;2;19;50;-0.8;-3.4;-6.3;-5.7;-8;-10.3;2.2;-0.8;0.2;1.1;2.4;5.42;214;48;78;40;97302;0.18;0.69;0.28;0.27
1992;2;20;51;0.7;-1.7;-3.1;-4.1;-5.2;-6.3;1.6;-1.2;0.21;1.1;2.4;6.09;229;54;61;32;96985;0.18;0.74;0.28;0.27
1992;2;21;52;1.2;0;-1.5;-0.4;-1.7;-3.4;2.6;-1.2;0.22;1.1;2.4;7.17;112;28;36;15;97070;0.13;2.13;0.28;0.27
1992;2;22;53;1.8;0.7;-0.3;-0.1;-1.2;-2;1.8;0.2;0.24;1.1;2.4;8.13;164;38;45;23;97292;0.24;0.26;0.28;0.27
1992;2;23;54;4;2.1;0.8;2.2;-0.3;-2.5;4;0.5;0.23;1.1;2.4;7.58;229;36;42;15;96990;0.37;1.58;0.28;0.27
1992;2;24;55;5.6;2;-1.2;2;-0.3;-3.3;0.1;0.4;0.19;1.1;2.5;5.44;306;71;112;45;97222;0.44;0.02;0.28;0.27
1992;2;25;56;10.2;3.3;-2.6;-0.4;-2.2;-4.1;-1.4;0.1;0.17;1.2;2.5;4.07;374;98;113;62;96652;0.56;0;0.28;0.27
1992;2;26;57;10;3.8;-1.9;2.7;0.3;-2.8;0.5;0.2;0.15;1.2;2.5;2.77;404;102;107;65;96922;0.54;0;0.28;0.27
1992;2;27;58;11.3;5.3;0.3;4.1;2.2;-0.6;-0.9;0;0.14;1.2;2.5;1.68;421;110;112;70;97360;0.5;0;0.28;0.27
1992;2;28;59;11.6;4.8;-1.2;4.1;1.7;-1.8;0.3;0.2;0.13;1.2;2.5;0.96;437;114;116;72;97467;0.58;0;0.28;0.27
1992;2;29;60;12.9;6;-0.3;4.6;2.2;-0.8;0;1.2;0.12;1.2;2.5;0.54;446;119;120;76;97377;0.66;0;0.27;0.27
1992;3;1;61;13.1;5.3;-1.3;3.8;0.8;-2.3;-0.2;1.8;0.12;1.2;2.5;0.29;461;124;124;82;96901;0.71;0;0.27;0.27
1992;3;2;62;10.4;3.1;-1.2;4.4;0.4;-2.6;2;1.3;0.12;1.2;2.5;0.16;424;91;95;64;96725;0.55;3.14;0.27;0.27
1992;3;3;63;7.4;3.8;-0.6;0.2;-1.1;-2;4;0.7;0.12;1.2;2.5;0.12;384;99;87;53;97153;0.95;0.05;0.27;0.27
1992;3;4;64;8.8;5.8;1.6;3.5;2.5;0.5;1.9;-0.5;0.11;1.2;2.5;0.03;295;74;75;41;97355;0.54;0.06;0.27;0.27
1992;3;5;65;13.8;6;-1.5;2.6;0.7;-2.4;-2.4;0.2;0.11;1.3;2.5;0;478;131;121;83;97054;1.03;0;0.27;0.27
1992;3;6;66;8.9;4.7;0.2;7.7;3.2;-1;1.3;0;0.12;1.3;2.5;0;212;47;76;38;96909;0.61;3.93;0.27;0.27
1992;3;7;67;8.4;4.8;2.6;3.6;2.7;2.3;-0.8;-0.2;0.12;1.3;2.5;0;234;66;77;36;97301;0.53;0;0.27;0.27
1992;3;8;68;10.5;5.4;1.2;2.6;1.3;-0.7;-1.8;0.4;0.12;1.3;2.5;0;496;136;123;71;97150;0.95;0;0.27;0.27
1992;3;9;69;11.2;5.1;0;1.4;-1.2;-4.1;-1.5;-0.1;0.12;1.3;2.5;0;492;137;129;82;97630;1.03;0;0.27;0.27
1992;3;10;70;11.7;4.9;-1.8;-0.3;-1.5;-3.2;-0.7;1.4;0.12;1.3;2.5;0;511;144;130;88;97225;1.13;0.15;0.26;0.27
1992;3;11;71;6.3;3.8;0.7;3.5;-2;-7.4;3.8;0.8;0.12;1.3;2.5;0.06;444;123;101;64;96464;1.33;2.75;0.26;0.27
1992;3;12;72;6;3.6;0.5;3.1;0.6;-2.3;4.4;3;0.12;1.3;2.5;0.46;244;53;60;25;95693;1.74;6.42;0.26;0.27
1992;3;13;73;5.7;4.9;2.4;4.7;3.9;1.6;6.4;2.7;0.12;1.3;2.5;0.19;56;15;19;6;94070;1.67;26.58;0.28;0.27
1992;3;14;74;3.8;1.2;-0.7;1;-2.2;-3.7;4.6;-0.4;0.15;1.3;2.5;2.56;455;126;87;54;94816;1.37;4.7;0.29;0.27
1992;3;15;75;3.3;1;-1.5;0;-3.9;-8;4.4;-1.1;0.19;1.4;2.5;4.83;435;102;83;57;95291;1.12;2.51;0.29;0.27
1992;3;16;76;4.2;1;-1.8;-2.5;-4;-5.2;3.2;-1.5;0.19;1.4;2.5;5.2;357;98;77;54;96601;1.06;1.55;0.29;0.27
1992;3;17;77;6.7;2.9;-1.3;0.8;-1;-2.9;1.2;0.2;0.18;1.4;2.5;4.61;246;79;50;30;97216;0.59;0.28;0.29;0.28
1992;3;18;78;10.5;5.5;1.7;2.2;1;0.4;-1.1;0.6;0.16;1.4;2.5;2.99;431;110;108;49;96827;0.84;0.03;0.29;0.28
1992;3;19;79;11.7;5.4;-1.6;4.9;1.7;-2.4;0.7;0.4;0.14;1.4;2.5;1.62;458;115;100;49;96441;0.9;0.2;0.28;0.28
1992;3;20;80;10.2;7.4;4.3;7.5;4.8;3.9;2.4;0.9;0.13;1.4;2.5;0.64;208;58;49;23;96272;0.78;4.68;0.28;0.28
1992;3;21;81;11.5;7.7;3.2;8.1;5.1;-3;4.3;0.1;0.13;1.5;2.5;0.16;290;56;92;28;95891;1.47;3.88;0.29;0.28
1992;3;22;82;5.2;2.7;1.5;4.9;0.9;-2.6;3.5;1.6;0.16;1.5;2.5;3.07;153;37;71;28;95116;0.6;15.87;0.29;0.28
1992;3;23;83;5.4;2.4;-0.3;1.5;-0.1;-2.2;0.9;0.9;0.2;1.5;2.5;5.42;270;72;47;33;94134;0.95;1.99;0.29;0.28
1992;3;24;84;3.5;1.8;0.5;1.4;0.7;-0.4;-1.6;-2.5;0.18;1.5;2.5;4.44;154;47;38;19;93930;1.05;6.37;0.3;0.28
1992;3;25;85;3.9;1.5;-0.2;1.1;-0.1;-0.7;1.5;-0.4;0.21;1.5;2.5;5.79;289;83;66;28;94489;0.99;3.24;0.3;0.28
1992;3;26;86;7.7;3;-0.6;-0.6;-2.5;-5;-0.6;1.4;0.2;1.5;2.5;5.05;403;114;69;40;93914;1.28;0.54;0.3;0.28
1992;3;27;87;4.9;2.3;0.4;-1;-1.4;-2.2;1.1;-1.5;0.19;1.5;2.5;4.95;345;86;50;38;93706;1;2.53;0.29;0.28
1992;3;28;88;4.3;1;-1.1;-0.3;-2.7;-4.8;3.6;-0.4;0.23;1.6;2.5;7.26;496;132;100;55;94163;1.36;6.7;0.29;0.28
1992;3;29;89;2.8;-0.1;-2.8;-3.2;-5.9;-7.5;2.9;-0.8;0.28;1.6;2.5;10.22;450;119;90;62;94565;1.4;2;0.29;0.28
1992;3;30;90;9.8;2.7;-5.3;0.8;-2.8;-8.7;-1;2;0.25;1.6;2.5;8.12;500;149;106;72;94280;1.02;0.1;0.29;0.28
1992;3;31;91;11.7;6.4;0.4;2.9;0.4;-2.9;-3.6;0.7;0.19;1.6;2.5;4.48;350;115;98;74;93420;1.04;0;0.29;0.28
1992;4;1;92;5.6;3.3;-1;4.3;1.4;-2.2;1.3;1.6;0.16;1.6;2.5;2.05;189;60;79;43;93308;0.83;3.14;0.29;0.28
1992;4;2;93;10.5;4.3;-2.3;2.7;0;-3.3;0.4;1.8;0.15;1.6;2.5;1.25;522;160;108;72;94161;1.46;0.69;0.29;0.28
1992;4;3;94;10.5;6.1;2.1;3.3;1.2;-1.5;1.6;1.4;0.14;1.7;2.5;0.66;515;130;88;49;94682;1.66;1.77;0.29;0.28
1992;4;4;95;8.5;5;0.7;2.9;1.6;0.2;0;-0.6;0.14;1.7;2.5;0.36;256;85;63;40;95015;0.94;1.15;0.29;0.28
1992;4;5;96;5;3;-0.5;1.7;0.4;-2.6;-0.9;-2.5;0.14;1.7;2.5;0.28;191;54;71;28;95168;1.41;3.78;0.29;0.28
1992;4;6;97;7.2;2.9;-2.6;-0.1;-2.5;-4.3;0.6;0;0.14;1.7;2.5;0.21;390;129;88;63;95256;1.14;0.24;0.29;0.28
1992;4;7;98;10.4;4.5;-1.9;-1.4;-2.7;-4.1;-2.4;0;0.14;1.7;2.5;0.12;623;180;121;81;94860;1.61;0;0.28;0.28
1992;4;8;99;8.9;4.9;0.6;-0.4;-2.5;-3.6;-3.1;-1.1;0.14;1.7;2.5;0.05;511;158;100;73;95352;1.54;0;0.28;0.28
1992;4;9;100;12.1;6.3;0.3;-0.3;-1.8;-2.7;-2;-1.7;0.14;1.7;2.5;0.02;547;192;123;93;96442;1.94;0;0.28;0.28
1992;4;10;101;11.8;6;-0.4;1.6;-0.7;-1.7;-1.5;-1.7;0.14;1.8;2.5;0;643;208;135;94;96462;1.91;0;0.27;0.28
1992;4;11;102;13.1;7.3;-0.5;2.8;-0.4;-2.5;-1;-0.7;0.14;1.8;2.5;0;649;204;134;85;96056;1.97;0;0.27;0.28
1992;4;12;103;15.6;10.1;3.7;2.9;1.6;-0.5;1.7;0.5;0.14;1.8;2.5;0;633;205;126;81;95649;2.18;0;0.27;0.28
1992;4;13;104;10.7;7.2;4.2;5.9;1.9;-3.1;3.6;0.5;0.14;1.8;2.5;0;582;159;111;70;95760;2.05;2.14;0.27;0.28
1992;4;14;105;10.8;6.6;3.5;2.2;0.1;-1.7;3.8;1.6;0.14;1.8;2.5;0;378;136;108;57;95773;2.08;1.27;0.26;0.28
1992;4;15;106;10.1;7.2;4.9;3.9;0.8;-2;2;2.8;0.14;1.8;2.5;0;344;115;81;54;94601;1.51;1;0.26;0.28
1992;4;16;107;6.9;3.9;0.5;2.3;-0.3;-3;3.6;-0.4;0.14;1.9;2.5;0;456;148;77;44;95418;1.7;1.6;0.26;0.28
1992;4;17;108;5.8;2.2;-0.8;-1.5;-4.5;-7.7;2.7;-0.7;0.14;1.9;2.5;0.35;496;148;70;48;96532;1.54;1.4;0.26;0.28
1992;4;18;109;6.9;4;0.3;5.9;1.8;-1.3;2.2;1.3;0.16;1.9;2.5;1.36;299;75;44;17;96368;0.88;2.89;0.26;0.28
1992;4;19;110;11.8;8.6;4.5;9;4.4;-2.2;3.5;-1.2;0.15;1.9;2.5;0.47;492;124;106;42;96152;1.75;1.58;0.26;0.28
1992;4;20;111;8;4.5;0.8;-1.3;-3.1;-4.8;2.1;-2.4;0.14;1.9;2.5;0.2;444;137;99;64;96595;1.63;0.21;0.26;0.28
1992;4;21;112;10;4.7;-2.1;-1.5;-3.6;-5.5;-1.2;1;0.14;2;2.5;0.12;639;212;122;93;96474;2.01;0;0.25;0.28
1992;4;22;113;14.3;8;0.1;5;1.7;-3.5;1.6;0.3;0.14;2;2.5;0.03;538;167;103;66;95427;1.77;0.23;0.25;0.28
1992;4;23;114;10.8;7.4;4.5;8.3;5.6;3.8;1.8;0;0.14;2;2.5;0;303;101;71;42;95197;1.54;6.29;0.25;0.28
1992;4;24;115;14.6;9.3;3.3;6.7;5.1;3.3;0.8;1.5;0.14;2;2.5;0;349;115;75;44;95572;1.61;0.22;0.25;0.28
1992;4;25;116;22.3;15.3;7.3;11.8;8.9;5.2;0.8;1.2;0.14;2;2.5;0;662;221;116;76;95866;2.88;0.4;0.25;0.28
1992;4;26;117;19.4;14.8;9;10.2;8.9;7.7;2.3;1;0.14;2.1;2.5;0;569;174;96;65;96254;2.29;0;0.25;0.28
1992;4;27;118;14.3;11.1;6.7;11.7;8.6;5.8;2.3;1.3;0.15;2.1;2.5;0;317;98;82;47;95947;1.97;8.69;0.25;0.28
1992;4;28;119;17.2;10.8;3.9;11;8;3.8;0.4;1.9;0.15;2.1;2.5;0;414;137;79;51;95495;2;7.91;0.25;0.28
1992;4;29;120;10;7.4;4.7;5.8;4.3;3.4;3.1;0.3;0.15;2.1;2.5;0;362;110;85;45;95767;1.87;1.52;0.25;0.28
1992;4;30;121;13.2;8.4;2.6;5.9;2.8;0.2;-0.3;-0.1;0.15;2.1;2.5;0;520;163;93;61;96460;1.96;0.1;0.25;0.28
1992;5;1;122;16.7;10.1;3.3;9.4;5.8;2.4;1;1.8;0.15;2.2;2.5;0;636;178;112;50;95697;2.24;3.02;0.25;0.28
1992;5;2;123;14.9;10.4;6.2;10.8;8.9;5.1;-0.2;-0.2;0.15;2.2;2.5;0;355;99;55;24;95580;1.95;7.89;0.25;0.28
1992;5;3;124;11.7;8.5;5.1;4.8;4.1;3.2;-0.5;-2.3;0.15;2.2;2.5;0;353;107;57;36;96582;1.74;0.49;0.26;0.28
1992;5;4;125;14.1;9.5;5.2;3.2;1.8;0.7;-2.2;-1;0.15;2.2;2.5;0;562;186;98;72;96880;2.49;0;0.25;0.28
1992;5;5;126;16.2;10.7;4.8;5.6;2.9;0.9;-1.8;-0.4;0.15;2.2;2.5;0;605;215;113;83;96683;2.82;0;0.25;0.28
1992;5;6;127;16.2;11.1;4.1;6.7;4.7;2.9;0.3;-1.2;0.15;2.2;2.5;0;499;150;91;62;96829;2.1;0;0.25;0.28
1992;5;7;128;16.3;11.7;5.7;9.6;7.2;4.3;1.5;-0.3;0.15;2.3;2.5;0;394;140;68;49;96371;1.76;0;0.24;0.28
1992;5;8;129;18.5;13.7;9.9;10;7.6;5.7;3.9;0.6;0.15;2.3;2.5;0;624;197;112;58;95419;2.82;0.34;0.24;0.28
1992;5;9;130;9.8;8.7;7.1;6.7;4;1.2;3.2;1.2;0.15;2.3;2.5;0;383;114;54;37;95286;1.94;2.39;0.24;0.28
1992;5;10;131;12.5;10.4;8.6;8.2;6.5;5;3.2;0.7;0.15;2.3;2.5;0;494;136;74;42;95443;2.43;2.69;0.24;0.28
1992;5;11;132;13.3;10.1;6;10.6;7;4.9;3;1.4;0.15;2.3;2.5;0;519;136;89;47;95701;2.73;8.92;0.24;0.28
1992;5;12;133;15.7;10.3;5;5.2;3.8;1.6;2.4;1.1;0.15;2.4;2.5;0;575;183;96;64;96870;2.63;0.05;0.24;0.28
1992;5;13;134;20.6;14.2;6.1;12.7;8;4;0.5;0;0.15;2.4;2.5;0;700;250;128;89;97115;3.2;0;0.24;0.28
1992;5;14;135;23.9;17.4;9.4;11.7;10;7.6;-2.7;0;0.15;2.4;2.5;0;704;253;129;93;97102;3.76;0;0.24;0.28
1992;5;15;136;23.5;18.1;12.2;12.2;10.3;8.6;-2.6;-0.4;0.15;2.4;2.5;0;705;254;127;98;97167;3.76;0;0.23;0.28
1992;5;16;137;24.2;17.8;9.8;13;10.1;7.9;-0.6;-2.1;0.15;2.4;2.5;0;703;253;131;93;97092;3.76;0;0.23;0.28
1992;5;17;138;16.2;12.5;9;6.5;5.6;5.1;-1;-2.5;0.16;2.4;2.5;0;721;252;135;99;97047;3.02;0;0.22;0.28
1992;5;18;139;16.9;12.3;7.4;6.4;3.6;1.3;-2;-1.6;0.16;2.5;2.5;0;716;258;137;98;96773;3.25;0;0.22;0.28
1992;5;19;140;18;13.4;7.4;6.5;4.5;3.5;-3.4;-0.3;0.16;2.5;2.5;0;487;202;98;79;96793;2.83;0;0.22;0.27
1992;5;20;141;19.1;14.8;9.4;6.8;5.8;5.1;-4.1;0.7;0.16;2.5;2.5;0;655;199;112;84;96635;2.89;0.01;0.21;0.27
1992;5;21;142;20.6;15.2;10.2;12;7.9;6.1;-2.9;0.8;0.16;2.5;2.5;0;653;214;112;84;96272;3.01;2.49;0.21;0.27
1992;5;22;143;22.2;16.6;9.2;9.5;7.1;4.9;-2.6;-0.2;0.16;2.5;2.5;0;724;264;139;102;96104;3.66;0;0.21;0.27
1992;5;23;144;23.1;17.9;12.7;11.3;10.1;9;-3.5;0;0.16;2.5;2.5;0;615;222;103;86;95917;3.39;1.47;0.21;0.27
1992;5;24;145;23.9;18.7;13.7;10.6;9;7.6;-3.3;0.8;0.16;2.5;2.5;0;691;239;117;91;95866;3.55;0.16;0.2;0.27
1992;5;25;146;24.2;18.6;12.5;9.1;7.2;5.6;-2;-0.2;0.16;2.6;2.5;0;714;264;142;103;96103;3.77;0;0.2;0.27
1992;5;26;147;20.7;16.4;11.6;6.1;4.6;2.8;-3.5;-0.1;0.16;2.6;2.5;0;608;228;118;92;96023;3.26;0.08;0.2;0.27
1992;5;27;148;21;15.6;9.9;6;4.2;2.5;-3.5;-0.3;0.16;2.6;2.5;0;737;270;139;107;95945;3.33;0;0.19;0.27
1992;5;28;149;20.2;15.5;10.2;8.8;4.3;0.4;-2.8;-0.4;0.16;2.6;2.5;0;684;258;144;104;96004;3.11;0.09;0.19;0.27
1992;5;29;150;19.5;15.4;8.5;8.6;6.1;1.3;-2.3;-0.7;0.16;2.6;2.5;0;572;185;110;76;95809;2.36;0.12;0.19;0.27
1992;5;30;151;21.7;16.3;10.4;7;5.4;4.5;-2.6;0.2;0.16;2.6;2.5;0;705;255;131;97;95958;3.09;0;0.18;0.27
1992;5;31;152;22.9;17.5;9.9;8.3;6.1;4.7;-2.9;0;0.16;2.6;2.5;0;675;250;129;91;95779;2.99;0.01;0.18;0.27
1992;6;1;153;24.3;18.9;13.9;13.9;10.3;5.8;-2.1;0.5;0.16;2.6;2.5;0;687;222;112;76;95454;2.84;0.46;0.18;0.27
1992;6;2;154;25.1;19.2;14;14;12.9;12;-2.5;0.3;0.16;2.7;2.5;0;574;173;96;67;95241;2.21;3.47;0.18;0.27
1992;6;3;155;21;17.1;13;15.7;14.3;12.7;0.3;-1.5;0.16;2.7;2.5;0;427;141;69;43;95415;2.48;14.52;0.18;0.27
1992;6;4;156;17.3;15.2;11.2;14.6;12.5;10;0.2;0.5;0.16;2.7;2.5;0;361;98;82;34;95516;1.84;4.31;0.19;0.27
1992;6;5;157;21.2;16;11;15.2;13.1;9.7;-2.4;-0.2;0.16;2.7;2.5;0;440;149;66;46;95459;2.31;19.33;0.2;0.27
1992;6;6;158;18.6;15.1;12.5;13.5;11.3;9.6;1.4;-0.3;0.16;2.7;2.5;0;484;145;93;39;95528;2.61;2.71;0.21;0.27
1992;6;7;159;17.1;13.7;10.9;14.4;11.9;10.2;0.6;-0.3;0.16;2.7;2.5;0;366;110;84;43;95473;1.85;6.15;0.21;0.27
1992;6;8;160;18.7;14.1;8.9;12.3;10.9;8.7;-2.1;-0.9;0.16;2.7;2.5;0;473;179;103;57;94968;2.54;1.04;0.21;0.27
1992;6;9;161;18;14.2;10.4;13.3;11.8;10.1;0.1;-0.9;0.16;2.8;2.5;0;472;137;77;42;95213;2.37;5.87;0.21;0.27
1992;6;10;162;19.2;14.3;9.9;12.4;9.6;6;-1.3;-1.4;0.16;2.8;2.6;0;580;201;105;70;95399;3.45;5.09;0.22;0.27
1992;6;11;163;16.6;12.6;8.5;9.2;7.6;6.1;-1.7;-1.3;0.16;2.8;2.6;0;624;219;109;81;95516;3.07;0.52;0.22;0.26
1992;6;12;164;18.1;13.9;7.8;11.4;9.4;7.1;-1.6;-2.3;0.16;2.8;2.6;0;478;172;67;55;95703;2.65;0.24;0.21;0.26
1992;6;13;165;20.5;16.6;13;14.3;12.3;11.5;-1.3;-3;0.16;2.8;2.6;0;559;195;88;57;96021;3.02;0.23;0.21;0.26
1992;6;14;166;21.1;16.5;11.3;12.5;10.5;8.5;0;-1.6;0.16;2.8;2.6;0;540;192;98;69;96552;3.02;0;0.21;0.26
1992;6;15;167;23;18.4;12.1;13.7;11.6;10.1;-0.8;-0.8;0.16;2.8;2.6;0;627;196;90;64;96511;3.19;0.17;0.21;0.26
1992;6;16;168;23.2;18.9;12.6;14.2;12.5;11.6;-1.6;-2.1;0.16;2.8;2.6;0;502;200;89;67;96170;3.32;0.07;0.2;0.26
1992;6;17;169;19.6;16.4;12.6;13.4;10.1;7.4;-1.7;-3;0.16;2.8;2.6;0;549;199;112;68;96321;3.17;0.63;0.2;0.26
1992;6;18;170;19;15.3;11.1;11.6;9.7;7.2;-1.1;-1.6;0.16;2.8;2.6;0;516;164;84;59;95849;2.58;1.85;0.2;0.26
1992;6;19;171;18.6;15.4;11.1;13.8;11.3;8.9;-1.6;-1.5;0.16;2.8;2.6;0;395;136;72;52;95489;2.53;6.23;0.2;0.26
1992;6;20;172;24.1;18.9;14.9;16.5;15.2;13.7;-2.9;-1;0.16;2.8;2.6;0;659;205;84;59;95709;3.44;9.74;0.2;0.26
1992;6;21;173;19.5;16.1;13.3;15.2;13.2;11.7;2.2;-0.7;0.16;2.8;2.6;0;458;120;73;41;95915;2.17;3.1;0.21;0.26
1992;6;22;174;22.8;17.5;10.7;13.5;11.6;10.3;-0.3;-1.1;0.16;2.8;2.6;0;684;242;122;81;95785;3.64;0;0.21;0.26
1992;6;23;175;23.4;18.1;14.7;16.8;14.8;12.1;-2.2;-1;0.16;2.8;2.5;0;638;181;79;50;95138;2.98;14.84;0.2;0.26
1992;6;24;176;16.4;15;13.7;14.8;13.3;12.6;-0.1;-1.6;0.16;2.8;2.5;0;213;61;46;24;95455;1.79;10.68;0.22;0.26
1992;6;25;177;20.7;16.5;13.2;13.5;12.6;11.3;-0.8;-1.7;0.16;2.8;2.5;0;489;146;75;41;95816;2.77;2.46;0.22;0.26
1992;6;26;178;21.7;17.5;13.2;13.5;10.4;7.7;-1.3;-1.6;0.15;2.7;2.5;0;566;221;111;76;96186;3.76;0.15;0.22;0.26
1992;6;27;179;21.2;16.7;10.2;10.2;8.3;6.9;-1.6;-0.9;0.15;2.7;2.5;0;617;203;114;79;96424;3.48;0;0.22;0.26
1992;6;28;180;22.4;17.3;9.8;10.2;8.6;7.4;-2;-0.3;0.15;2.7;2.5;0;719;267;127;96;96530;4.24;0;0.22;0.26
1992;6;29;181;24.6;19;10.9;11.5;8.8;7.3;-2.1;0.5;0.15;2.7;2.5;0;734;274;134;101;96334;4.43;0;0.21;0.26
1992;6;30;182;25.9;20.4;11.9;15.5;10.4;8.2;-1;0.7;0.15;2.7;2.5;0;727;273;136;98;95906;4.25;0;0.21;0.26
1992;7;1;183;24.1;19.7;14.2;15;13.4;10.7;1.3;-0.6;0.15;2.7;2.5;0;677;236;106;76;95600;3.61;1.05;0.2;0.26
1992;7;2;184;23.2;18.7;14.7;16.2;14.1;12.8;1.2;-1.1;0.15;2.7;2.5;0;602;193;88;62;95831;3.1;4.63;0.2;0.26
1992;7;3;185;24.3;19.3;14.2;15.6;14.5;13.4;0.4;-0.1;0.15;2.7;2.5;0;596;212;89;66;95982;3.46;2.82;0.2;0.26
1992;7;4;186;21;16.8;14;16.2;14.3;13.3;1;0.8;0.15;2.7;2.5;0;412;124;72;44;95429;2.55;11.54;0.21;0.26
1992;7;5;187;16.2;14.7;13.5;15.1;13.7;12.5;0.4;-0.8;0.15;2.7;2.5;0;125;46;31;21;95204;1.1;8.67;0.22;0.26
1992;7;6;188;19.7;15.6;12.8;15;13.4;12.5;0.6;-0.3;0.15;2.7;2.5;0;561;156;92;38;95447;2.76;4.14;0.22;0.26
1992;7;7;189;15;13.8;12.6;13.1;12.4;11.8;0.1;-2;0.15;2.7;2.5;0;133;33;24;11;95985;1.09;5.94;0.23;0.26
1992;7;8;190;21.8;17.6;13.6;13.1;11.3;9.1;-2;-0.6;0.15;2.6;2.5;0;610;182;90;55;96301;3.18;0.12;0.22;0.26
1992;7;9;191;23.5;18.8;13.5;11.7;9.4;8.7;-2.6;0.1;0.15;2.6;2.5;0;720;270;127;95;95961;4.47;0;0.22;0.26
1992;7;10;192;20.7;16.8;12;15.7;13.1;9.2;0.5;0.7;0.15;2.6;2.5;0;430;153;77;58;95335;2.44;4.05;0.22;0.26
1992;7;11;193;17.4;15.2;12.2;15;13.8;11.7;1.9;0.3;0.15;2.6;2.5;0;335;105;61;28;95427;2.04;5.8;0.22;0.26
1992;7;12;194;18.8;15;11;12.9;11.6;10.6;2.1;1.3;0.15;2.6;2.5;0;563;165;76;55;95489;2.81;1.37;0.22;0.26
1992;7;13;195;19.8;15.9;12.5;13.8;11.3;9.6;2.5;0.2;0.15;2.6;2.5;0;545;192;94;64;96190;3.01;0.68;0.22;0.26
1992;7;14;196;20.1;16.8;13.3;13.6;12.3;9.9;3.2;1;0.15;2.6;2.5;0;311;110;48;33;96130;2.1;0.77;0.22;0.25
1992;7;15;197;19.9;16.4;12.1;13.5;11.1;8.9;2.1;-1.2;0.15;2.6;2.5;0;690;215;117;65;96260;3.4;0.66;0.22;0.25
1992;7;16;198;21.9;17.1;9.8;13.9;10.5;8.3;0.4;-0.4;0.15;2.6;2.5;0;481;194;89;64;96318;3.05;0.08;0.21;0.25
1992;7;17;199;25.8;20.7;13.7;17;13.6;11.6;1.1;0.8;0.15;2.6;2.5;0;661;234;107;72;96317;3.62;0.02;0.21;0.25
1992;7;18;200;22.4;18.5;14.9;16.7;12;8.3;3.2;-0.1;0.15;2.6;2.5;0;664;173;106;60;96434;3.07;0.75;0.21;0.25
1992;7;19;201;24.5;19.1;13;16;11.8;9.8;0.3;0.4;0.15;2.5;2.5;0;695;253;120;85;96509;3.66;0;0.21;0.25
1992;7;20;202;28.6;22.2;14;15.7;13.8;11.7;-1.8;0.5;0.15;2.5;2.5;0;698;254;121;84;96101;3.94;0;0.2;0.25
1992;7;21;203;29.3;23.7;16.6;19.1;16.2;13;0.1;0.6;0.15;2.5;2.5;0;684;236;108;78;95724;3.78;1.38;0.2;0.25
1992;7;22;204;21.7;19.5;16.2;19;16.5;14.4;1.2;-1.3;0.15;2.5;2.5;0;434;131;71;37;96386;2.6;6.34;0.2;0.25
1992;7;23;205;23.1;19.2;14.7;14.5;13.4;12;-1.7;-0.6;0.15;2.5;2.5;0;554;175;83;60;96737;2.93;0.38;0.2;0.25
1992;7;24;206;25.7;20.6;15.1;12.1;10.8;9.8;-2.5;0.8;0.15;2.5;2.5;0;716;258;131;93;96360;4.03;0;0.2;0.25
1992;7;25;207;22.7;19.2;15.3;17.6;14.5;10.2;0.4;0.2;0.15;2.5;2.5;0;441;156;80;55;96245;2.87;6.68;0.2;0.25
1992;7;26;208;24;19.2;13.8;14.1;11.7;9.7;0.9;-0.4;0.15;2.5;2.5;0;656;221;109;82;96486;3.35;0.01;0.2;0.25
1992;7;27;209;27.7;21.1;13.1;14.4;12.1;10.4;1.6;-0.1;0.15;2.5;2.5;0;678;240;121;79;96350;3.8;0;0.19;0.25
1992;7;28;210;19.7;15.9;12.3;10.1;6.9;5.9;1.6;-1.6;0.15;2.5;2.5;0;718;243;134;100;97059;3.28;0;0.19;0.25
1992;7;29;211;24.3;17.9;10.5;9.7;8.1;6.8;-2.3;0.3;0.15;2.5;2.5;0;709;248;135;97;96729;3.36;0;0.19;0.25
1992;7;30;212;30.1;22.9;14.4;16.2;12.5;8.6;0.7;0.5;0.15;2.4;2.5;0;672;242;126;83;96346;3.53;0;0.19;0.25
1992;7;31;213;27.3;21.5;17.2;17.9;16;13.4;0;1;0.15;2.4;2.5;0;491;150;96;55;96273;2.37;3.41;0.18;0.25
1992;8;1;214;27.9;22.7;16.5;17.6;16.4;14.5;1;0.8;0.15;2.4;2.5;0;542;207;104;67;95987;3.19;0.69;0.18;0.25
1992;8;2;215;26.4;22;17;18.6;17.2;16.3;1.4;0.7;0.15;2.4;2.5;0;496;185;77;59;95864;2.77;1.66;0.18;0.25
1992;8;3;216;29.6;23.3;17.1;18.9;17;15.4;0.7;1.8;0.15;2.4;2.5;0;587;197;94;66;95739;3.06;1.68;0.18;0.25
1992;8;4;217;23.1;19.7;15.2;16.3;12.2;7.9;2.4;-0.7;0.15;2.4;2.5;0;601;184;118;69;96335;3.1;2.54;0.18;0.25
1992;8;5;218;25.9;19.6;11.7;15.4;10.8;9.1;-0.6;0.1;0.15;2.4;2.5;0;679;241;136;95;96857;3.17;0;0.18;0.25
1992;8;6;219;29;22.4;13.8;16.2;13.4;11;-0.3;-0.1;0.15;2.4;2.5;0;677;234;128;86;96714;3.2;0;0.18;0.25
1992;8;7;220;30.5;24.7;18.3;18.1;14.3;12.1;-1.5;0.1;0.15;2.4;2.5;0;601;200;109;69;96539;3.04;0.06;0.17;0.25
1992;8;8;221;32.7;26.4;18.9;16.6;14.3;11.6;-1.6;0.1;0.15;2.4;2.5;0;644;226;123;80;96217;3.31;0.25;0.17;0.25
1992;8;9;222;33.5;27.4;19.9;17.8;15.7;14.1;-1.4;0.5;0.15;2.3;2.5;0;638;205;109;78;95768;2.95;0;0.17;0.25
1992;8;10;223;26.6;21;14.9;15.2;14.2;12.3;2.3;0.1;0.15;2.3;2.5;0;632;183;104;63;95586;2.67;5.53;0.17;0.25
1992;8;11;224;22.1;17.8;13.6;12.7;10.1;7.6;2.2;1;0.15;2.3;2.5;0;498;175;94;75;96185;2.62;1.25;0.17;0.25
1992;8;12;225;21.9;17.5;12.9;13.1;10.3;7.6;1.8;1.5;0.15;2.3;2.5;0;513;170;98;69;96319;2.51;0.38;0.17;0.25
1992;8;13;226;17;15.4;14.2;11.8;10.7;8.6;3.1;2;0.15;2.3;2.5;0;222;68;59;34;95956;1.86;3.33;0.17;0.25
1992;8;14;227;17.1;13.9;10.8;13.2;12.1;10.2;2.3;1.9;0.15;2.3;2.5;0;326;52;61;32;95565;1.72;7.22;0.17;0.25
1992;8;15;228;17;13.3;8.2;10.3;8.5;7.5;1.3;-0.5;0.14;2.3;2.5;0;365;113;72;52;96101;1.62;0.14;0.17;0.25
1992;8;16;229;22.3;16.4;9;12.1;8.9;7.2;-0.1;0.7;0.14;2.3;2.5;0;531;180;112;70;96269;2.23;0.02;0.17;0.24
1992;8;17;230;22.4;18;12.6;14;11.9;9;2.1;0.6;0.14;2.3;2.5;0;488;129;79;45;96164;1.72;0.49;0.17;0.24
1992;8;18;231;24.4;18.9;15.1;16.4;15;13.9;0.1;0;0.14;2.3;2.5;0;394;106;84;42;96214;1.61;2;0.17;0.24
1992;8;19;232;28.1;22.2;15.9;16.5;14.7;13.2;0.7;-0.2;0.14;2.3;2.5;0;625;209;114;74;95920;2.82;0.06;0.17;0.24
1992;8;20;233;28.6;22.6;17.4;17.6;15.9;14.4;-1.2;-0.2;0.14;2.3;2.5;0;611;182;101;56;95744;2.96;9.46;0.17;0.24
1992;8;21;234;23.7;19.8;16.9;17.1;15.1;13.5;2;-0.1;0.14;2.3;2.5;0;546;181;101;67;95772;2.61;0.27;0.17;0.24
1992;8;22;235;23.4;19.4;15.6;15.8;14.3;13.4;0.3;0.2;0.14;2.2;2.5;0;571;167;100;64;95683;2.21;0.61;0.17;0.24
1992;8;23;236;19.6;16.9;14.2;16.1;13.5;10.5;2.3;0.4;0.14;2.2;2.5;0;373;108;67;43;95841;2.25;6.21;0.17;0.24
1992;8;24;237;19.9;16;10.8;14.9;11.9;9.5;2.3;1.2;0.14;2.2;2.5;0;437;97;80;42;96318;1.32;0.14;0.17;0.24
1992;8;25;238;26.7;20.9;16.2;15.8;14.2;12.8;2.8;1.7;0.14;2.2;2.5;0;607;181;110;64;96161;2.67;0.16;0.17;0.24
1992;8;26;239;26;20;14.5;17.4;15.1;12.4;0.6;1.6;0.14;2.2;2.5;0;479;157;84;61;95863;2.34;6.63;0.17;0.24
1992;8;27;240;25.9;20.9;16.9;16.8;15;12.6;2;1.2;0.14;2.2;2.5;0;516;176;106;57;95846;2.87;0.26;0.17;0.24
1992;8;28;241;30.1;23.5;17.9;18.5;15.9;14.3;-0.6;2.1;0.14;2.2;2.5;0;571;184;106;66;95472;2.88;0.82;0.17;0.24
1992;8;29;242;29;22.2;16.6;17.6;15.4;13.4;1.4;0.7;0.14;2.2;2.5;0;587;177;112;66;95087;2.68;0.6;0.17;0.24
1992;8;30;243;22;17.9;14.8;14.2;12.7;11.5;0.8;1.1;0.14;2.2;2.5;0;514;124;97;49;95197;2.18;3.69;0.17;0.24
1992;8;31;244;22.7;17.2;11.3;14.1;12.9;10.1;1;-0.1;0.14;2.2;2.5;0;467;121;80;44;94761;1.98;10.85;0.17;0.24
1992;9;1;245;14.3;10.8;8.4;9.5;7.8;5.6;4.4;0.9;0.14;2.2;2.5;0;457;112;91;42;95623;2.91;9.19;0.18;0.24
1992;9;2;246;17.9;13;7.9;8.6;6.8;6.1;2.6;1.9;0.14;2.2;2.5;0;294;101;81;44;96394;1.96;0.87;0.19;0.24
1992;9;3;247;18.1;15.1;12.4;12.3;10.3;8.3;4.2;1.9;0.14;2.2;2.5;0;386;108;71;39;95920;2.28;1.8;0.19;0.24
1992;9;4;248;13.3;10.4;7.9;9.1;7;5.3;3.6;0.7;0.14;2.2;2.5;0;329;98;80;50;95680;2.45;8.45;0.19;0.24
1992;9;5;249;12;9.1;7.8;7.6;6;5;4.6;-0.5;0.14;2.2;2.5;0;310;78;61;35;96080;1.83;3.09;0.19;0.24
1992;9;6;250;13;9.7;6.9;6.8;5;3.9;3.5;-1.3;0.14;2.2;2.5;0;423;114;92;54;96393;1.83;1.28;0.19;0.24
1992;9;7;251;17.7;11.5;3.8;8.3;5.6;2.5;1.4;0.7;0.14;2.2;2.5;0;577;179;114;75;95977;2.01;0.04;0.19;0.24
1992;9;8;252;14.9;12.5;8.5;10.9;6.9;4.5;2.2;0.2;0.14;2.2;2.5;0;293;101;83;47;96204;1.39;0.22;0.19;0.24
1992;9;9;253;16.8;11.6;6.9;8.2;5.1;3.8;0.1;0;0.14;2.2;2.5;0;586;182;136;91;96751;1.97;0;0.19;0.24
1992;9;10;254;20.7;14.4;7.4;10.5;7.8;3.2;-2.6;-0.3;0.14;2.2;2.5;0;541;168;100;70;96643;2.05;0.54;0.19;0.24
1992;9;11;255;22.3;16.5;10.3;14.2;12.1;9.5;0.6;0.8;0.14;2.2;2.5;0;546;162;104;68;96460;2.2;1.22;0.19;0.24
1992;9;12;256;18.2;14.2;10.9;12.8;9.9;7.9;0.2;-1.1;0.14;2.1;2.5;0;479;132;116;62;96847;1.83;1.38;0.19;0.24
1992;9;13;257;20.2;15.2;11.7;12.8;10.7;8.3;-0.1;0.9;0.14;2.1;2.5;0;384;102;77;49;96232;1.49;0.55;0.19;0.24
1992;9;14;258;15.2;12.5;9.8;12.2;10.1;9.2;2.5;0.7;0.14;2.1;2.5;0;153;49;51;30;95953;1.5;7.45;0.19;0.24
1992;9;15;259;16;12.5;9.6;10.7;10;9.3;2.2;0.7;0.14;2.1;2.5;0;263;65;69;35;96580;1.14;0.6;0.19;0.24
1992;9;16;260;16.8;13;9.9;10.8;9.8;8.6;2.5;-0.2;0.14;2.1;2.5;0;317;98;73;54;96645;1.08;0.02;0.19;0.24
1992;9;17;261;17.4;12.4;6.8;9.3;7.9;5.7;-1;-0.8;0.14;2.1;2.5;0;502;153;125;80;96596;1.64;0;0.19;0.24
1992;9;18;262;19.6;13.3;7.7;9.3;6.4;4.4;-2.2;0.2;0.14;2.1;2.5;0;544;164;123;91;96529;1.87;0;0.19;0.24
1992;9;19;263;19.1;13.3;7.7;7;5.3;4.2;-1.6;0;0.14;2.1;2.5;0;492;149;122;81;96448;1.83;0.19;0.19;0.24
1992;9;20;264;19.5;13.8;8.1;10.5;8.3;5.5;-0.2;-0.7;0.14;2.1;2.5;0;509;132;116;64;96411;1.51;0.01;0.18;0.24
1992;9;21;265;20.7;14.5;8.2;9.5;8.5;7.1;-1.7;0.1;0.13;2;2.5;0;521;151;120;81;96200;1.76;0;0.18;0.24
1992;9;22;266;22.4;16.2;11.1;10.7;9.5;8;-2.8;0.5;0.13;2;2.5;0;525;156;121;88;95881;1.83;0;0.18;0.24
1992;9;23;267;18.4;14;10.2;12.4;11;8.9;0.6;-0.6;0.13;2;2.5;0;359;100;85;50;96133;1.24;2.23;0.18;0.24
1992;9;24;268;15.7;12.6;10.6;12.5;11;10;0;-0.8;0.13;2;2.5;0;260;54;52;28;96413;0.86;3.47;0.18;0.24
1992;9;25;269;18.5;13.7;10.1;12;10.9;9.9;-1.2;0;0.13;2;2.5;0;331;76;68;34;96453;1.1;0.08;0.18;0.24
1992;9;26;270;21.6;14.5;7.4;14.1;10.9;7;-1.1;0.1;0.13;2;2.5;0;500;145;119;78;96396;1.44;0;0.18;0.24
1992;9;27;271;23.1;15.7;7.8;11;9.4;7.2;-2.2;0.1;0.13;1.9;2.5;0;504;147;125;87;96085;1.69;0;0.18;0.24
1992;9;28;272;21.8;16.1;11.6;12.5;10.5;7.5;-2.3;-0.4;0.13;1.9;2.5;0;501;145;120;87;95845;1.52;0;0.18;0.24
1992;9;29;273;17.5;13.9;11.2;12.8;11.4;9.9;0.1;-1.1;0.13;1.9;2.5;0;238;62;62;38;95889;0.89;5.23;0.18;0.24
1992;9;30;274;16;12.5;8.8;10.1;8.6;7.4;0.4;-0.7;0.13;1.9;2.5;0;354;91;80;43;96208;1.18;0.14;0.18;0.24
1992;10;1;275;14.4;11.8;9.5;11.9;10.4;9.1;0.6;0.4;0.13;1.9;2.5;0;195;49;60;31;96214;0.83;3.26;0.18;0.24
1992;10;2;276;15.4;11.4;8.1;10.8;9.5;8;-0.4;0.4;0.13;1.9;2.5;0;301;79;70;37;95825;1.02;1.97;0.18;0.24
1992;10;3;277;15;11.9;9.1;9.6;7.9;5.6;-3.9;-0.4;0.13;1.8;2.5;0;335;79;82;46;94951;1.13;0.02;0.18;0.23
1992;10;4;278;15.1;12;10.1;8.3;6.4;4.7;-6.3;-1.4;0.13;1.8;2.5;0;396;96;82;52;94864;1.81;2.91;0.18;0.23
1992;10;5;279;18.3;13.7;10.2;11.9;9.9;8.3;-4.3;-0.6;0.13;1.8;2.5;0;338;91;76;44;94740;1.26;0.65;0.18;0.23
1992;10;6;280;17.9;14.4;11.4;12.6;11.5;10.6;0.3;0.3;0.13;1.8;2.5;0;349;94;79;52;94630;1.03;0;0.18;0.23
1992;10;7;281;11.7;11.1;10.5;10.5;10;8.6;0.8;-1.7;0.13;1.8;2.5;0;71;20;17;9;95736;0.55;1.27;0.18;0.23
1992;10;8;282;14.1;10.9;8.7;8.4;6.8;6.1;0.6;-0.7;0.13;1.8;2.5;0;391;98;110;56;96628;0.98;0.05;0.18;0.23
1992;10;9;283;11.4;9.6;8.3;7.4;6.5;5.8;2;-0.4;0.13;1.7;2.5;0;145;39;47;26;95883;0.58;0.43;0.18;0.23
1992;10;10;284;10.2;8.1;5.8;6;3.6;1.2;-2.2;-1.8;0.13;1.7;2.5;0;240;58;87;42;95875;0.81;0.33;0.18;0.23
1992;10;11;285;11.2;7;3.3;4.1;1.9;0.6;-0.8;-1.5;0.13;1.7;2.5;0;439;118;126;77;95694;0.95;0.01;0.18;0.23
1992;10;12;286;7.7;6;1.8;5.8;0;-4.5;-2;-1.9;0.13;1.7;2.5;0;382;96;128;65;96178;0.85;0.03;0.18;0.23
1992;10;13;287;7.6;3.2;0.1;-3.2;-3.9;-4.8;-2.8;-0.3;0.13;1.7;2.5;0;443;120;120;96;96672;0.9;0;0.18;0.23
1992;10;14;288;9.2;4.1;-1.7;4.4;0.3;-4;0.9;1.3;0.13;1.7;2.5;0;435;116;117;73;95829;0.62;0.02;0.18;0.23
1992;10;15;289;9.6;6.5;4.2;3.9;2.3;0.5;3.5;2;0.13;1.7;2.5;0;256;62;57;36;94598;0.88;1.29;0.18;0.23
1992;10;16;290;6.5;3.9;1.5;2.7;-0.2;-3.6;2.2;0.9;0.13;1.6;2.5;0;298;77;83;50;94493;0.9;0.52;0.18;0.23
1992;10;17;291;3;1.7;-0.2;1.8;0.2;-2;-0.1;-0.7;0.13;1.6;2.5;0.06;98;27;58;29;94513;0.5;4.59;0.18;0.23
1992;10;18;292;5;1.3;-1.7;0.2;-0.8;-2.2;1.7;0.6;0.13;1.6;2.5;0.1;270;72;88;57;95247;0.78;1.03;0.18;0.23
1992;10;19;293;8.4;3.2;-1.4;1.3;-1.2;-2.6;-0.2;2.1;0.13;1.6;2.5;0.08;407;105;119;81;95823;0.77;0;0.18;0.23
1992;10;20;294;10.3;5.1;-0.7;3;0.3;-3.1;-0.2;1.5;0.12;1.6;2.5;0.04;339;82;83;52;95637;0.57;0;0.18;0.23
1992;10;21;295;9.1;5.5;3.1;5;3.5;1.8;1.4;1.2;0.12;1.6;2.5;0.01;245;53;64;42;95160;0.54;1.95;0.18;0.23
1992;10;22;296;5.3;3.4;2.2;3.9;2.3;1;3.1;0.5;0.12;1.6;2.5;0.05;213;54;68;31;94979;1.02;3.36;0.19;0.23
1992;10;23;297;6.1;4.3;2.9;3.9;2.9;1.8;2.6;2;0.12;1.6;2.5;0.14;205;44;42;15;94658;1.13;7.12;0.19;0.23
1992;10;24;298;4.3;3;0.8;3.5;2.3;0.4;2.8;1.5;0.12;1.6;2.5;0.34;201;41;70;26;94863;0.9;11.83;0.2;0.23
1992;10;25;299;9;4;0.8;7.5;3;0.5;2.6;2.2;0.16;1.6;2.5;2.96;119;23;50;10;94541;0.92;18.36;0.21;0.23
1992;10;26;300;6.1;4.5;2.2;4.7;2.8;0.6;5;0.4;0.14;1.6;2.5;1.07;199;40;61;25;94579;1.61;8.44;0.23;0.23
1992;10;27;301;5.7;3.5;1.5;5.1;1.3;0.1;-0.4;2.1;0.13;1.6;2.5;0.62;168;39;38;20;95031;0.58;2.48;0.23;0.23
1992;10;28;302;9.1;6.6;3.7;7.5;5.6;2.5;1.9;2.6;0.12;1.6;2.5;0.26;71;14;39;13;94271;0.92;11.73;0.23;0.23
1992;10;29;303;7.9;5;3.2;3.9;2.8;2;3.4;2.3;0.12;1.6;2.5;0.09;278;63;76;41;94456;1.49;5.56;0.24;0.23
1992;10;30;304;6.6;4.5;3.3;3.1;1.2;-0.4;0.1;-0.1;0.12;1.6;2.5;0;186;43;67;30;95343;0.63;0.26;0.24;0.23
1992;10;31;305;5.8;3;-1.3;1.2;-0.1;-1.9;-1.1;-1.6;0.12;1.6;2.5;0;174;46;89;48;96070;0.5;0.35;0.24;0.23
1992;11;1;306;4.9;0.9;-1.6;0.4;-0.9;-2.1;-1.5;0.1;0.12;1.6;2.5;0;335;72;108;58;96445;0.38;0;0.24;0.23
1992;11;2;307;7.7;3.1;-0.7;3;1.1;-1.1;0.8;1.9;0.12;1.6;2.5;0;328;69;102;59;95984;0.4;0.13;0.24;0.23
1992;11;3;308;7.6;5.8;4.1;6.4;4.5;2.1;3;1.2;0.12;1.6;2.5;0;233;48;69;29;95706;0.93;6.66;0.25;0.23
1992;11;4;309;5.6;4.5;3.1;4;3.4;2.5;2.2;0.7;0.12;1.6;2.5;0;63;18;44;21;96161;0.48;0.66;0.25;0.23
1992;11;5;310;7.1;5.8;4.2;7;4.9;3;2.7;0.4;0.12;1.6;2.5;0;44;10;32;8;97154;0.18;0.37;0.25;0.23
1992;11;6;311;8.7;7.3;5.8;7.1;6.4;5.6;2.3;0.3;0.12;1.6;2.5;0;148;35;38;15;97519;0.35;0.08;0.25;0.23
1992;11;7;312;10.7;6.9;4.9;5.5;4.8;4.1;2.7;0.9;0.12;1.6;2.5;0;305;63;96;40;96724;0.51;0.15;0.25;0.23
1992;11;8;313;7.4;5.8;3.5;6.1;3.9;1.6;0.7;-0.7;0.11;1.5;2.5;0;156;24;53;20;96839;0.49;1.3;0.25;0.23
1992;11;9;314;7.6;3.9;1;2.2;1.1;-0.2;-1.8;1.4;0.11;1.5;2.5;0;315;71;108;73;96666;0.44;0;0.25;0.23
1992;11;10;315;8.5;5.5;3.3;7.3;4;1.9;1;2.2;0.11;1.5;2.5;0;126;23;73;44;95783;0.32;4.03;0.25;0.23
1992;11;11;316;9;6.3;4.5;7.5;5.1;2.1;2.5;3.2;0.11;1.5;2.5;0;55;10;36;14;94883;1.28;10.59;0.25;0.23
1992;11;12;317;4.4;2.7;0.9;2.5;1;-0.4;4.2;1.3;0.12;1.5;2.5;0.29;148;36;79;41;94990;1.24;5.42;0.26;0.23
1992;11;13;318;3.2;0.9;-0.3;0.7;-0.4;-1.2;3.1;0.8;0.13;1.5;2.5;1.45;193;40;71;42;95071;0.56;3.29;0.26;0.23
1992;11;14;319;2.6;1;-0.7;-0.1;-1.1;-2.2;3.6;0.3;0.16;1.5;2.5;3.29;179;38;68;43;95544;0.58;1.51;0.26;0.23
1992;11;15;320;4;0.9;-2.5;3.9;-0.6;-3.3;-1.1;1.6;0.17;1.5;2.5;3.86;74;13;66;11;95122;0.18;3.45;0.26;0.23
1992;11;16;321;6.8;5.1;3;6;4.5;2.6;1.3;2;0.15;1.5;2.5;2.56;96;20;58;19;94414;0.09;5.05;0.27;0.23
1992;11;17;322;4.1;2.7;1.1;2.2;0.5;-1.3;2;2.6;0.13;1.5;2.5;1.52;156;36;58;43;94009;0.66;3.36;0.27;0.23
1992;11;18;323;1.9;1.1;0.6;0.2;-0.8;-2.7;3.8;1.8;0.18;1.5;2.5;4.65;79;17;64;25;95153;0.46;4.28;0.27;0.23
1992;11;19;324;5.7;2.6;0.7;5;0.5;-2.5;3.7;1.3;0.2;1.5;2.5;5.97;125;21;77;33;95210;0.72;6.8;0.27;0.23
1992;11;20;325;2.9;0.9;-0.4;1.6;-0.6;-2.6;3.3;0.4;0.19;1.6;2.5;5.6;175;37;83;54;95917;0.41;2.03;0.28;0.24
1992;11;21;326;3.5;1.2;-1.5;2;0.1;-2.9;2;0.9;0.19;1.6;2.5;5.14;72;18;74;29;95842;0.16;2.25;0.27;0.24
1992;11;22;327;10;7.4;1.2;9.4;6.9;1.1;3.5;0;0.17;1.6;2.5;3.73;59;11;15;3;95560;-0.01;13.04;0.29;0.24
1992;11;23;328;10.5;9;6.7;10.3;8.7;6.6;2.4;0.5;0.12;1.6;2.5;0.89;41;7;42;9;96404;-0.12;6.54;0.3;0.24
1992;11;24;329;8.2;6.1;4.4;6.7;5.3;3.5;0.5;1.6;0.11;1.6;2.5;0.37;164;33;89;30;96581;0.31;0;0.3;0.24
1992;11;25;330;9.1;5.8;3.7;6.7;3.9;1.2;1.5;2.3;0.11;1.6;2.5;0.21;157;24;79;44;96168;0.63;3.04;0.29;0.24
1992;11;26;331;11.8;7.5;4.8;9.1;4.9;2.6;4.1;1.7;0.11;1.6;2.5;0.04;109;24;66;31;95829;1.37;5.58;0.29;0.24
1992;11;27;332;4.9;3.3;1.3;3.1;1;-0.4;3.2;0.2;0.11;1.6;2.5;0;193;41;95;53;96775;0.87;1.49;0.29;0.24
1992;11;28;333;7.7;4.5;0.6;6.9;3.1;-0.1;2.3;0.6;0.11;1.6;2.5;0;48;9;63;23;96249;0.59;3.6;0.29;0.24
1992;11;29;334;4;1.8;-0.6;2.6;0.6;-0.9;-0.4;0.7;0.11;1.6;2.5;0;142;30;84;38;96508;0.19;0.08;0.29;0.24
1992;11;30;335;8.7;5.6;3.6;6.6;4.8;2.5;-1.1;1.9;0.11;1.6;2.5;0;123;26;76;28;96414;0.1;0.04;0.29;0.25
1992;12;1;336;8.6;5.4;2.3;6.1;3.9;1;0.5;2.1;0.11;1.6;2.5;0;144;25;77;38;96325;0.26;0.56;0.29;0.25
1992;12;2;337;8.3;5.7;2.7;4.6;2.8;1;-0.6;3.4;0.11;1.6;2.5;0;219;43;87;49;95305;0.93;3.71;0.29;0.25
1992;12;3;338;8.8;6.8;4.4;6.7;5.2;2.9;2;2.8;0.11;1.7;2.5;0;90;17;47;30;94290;1.01;7.05;0.29;0.25
1992;12;4;339;5.7;3.8;2.2;4.2;1.2;-1;1.7;3.3;0.11;1.7;2.5;0.1;204;30;84;36;93727;1.44;6.16;0.29;0.25
1992;12;5;340;4.2;2.1;0;3.1;0.8;-1;1.7;-0.2;0.11;1.7;2.5;0.19;95;18;45;28;94200;0.46;1.36;0.29;0.25
1992;12;6;341;2.5;0.1;-3.1;-0.4;-1.6;-3.7;1.4;-0.1;0.11;1.7;2.5;0.23;169;30;76;46;95383;0.33;0.2;0.29;0.25
1992;12;7;342;1;-0.3;-3.2;-0.7;-3;-4.9;-2;1.6;0.12;1.7;2.5;1.07;70;15;72;27;94679;0.27;3.43;0.29;0.25
1992;12;8;343;0.8;0.1;-0.9;-0.9;-1.8;-2.4;-2;-1;0.15;1.7;2.5;2.85;112;21;32;16;95166;0.39;0.03;0.29;0.25
1992;12;9;344;2;0.5;-0.6;-1.3;-1.9;-2.5;-2.4;-1.1;0.15;1.7;2.5;2.82;155;29;54;27;95938;0.3;0.05;0.28;0.25
1992;12;10;345;2.3;1;-0.1;-1.1;-1.6;-2.3;-1.4;-1.4;0.15;1.7;2.5;2.86;90;17;32;18;96597;0.18;0.23;0.28;0.26
1992;12;11;346;1.5;0.6;0.2;-0.6;-1.9;-2.7;1.3;0.7;0.15;1.7;2.5;2.86;78;18;27;17;96541;0.23;0.55;0.28;0.26
1992;12;12;347;2.3;0.8;-0.3;1.5;-0.1;-2.7;3.9;0.4;0.24;1.7;2.5;9.13;51;9;66;24;95387;0.21;14.9;0.28;0.26
1992;12;13;348;2;0.6;-0.4;0.5;-0.4;-1.5;4.2;-0.1;0.3;1.7;2.5;12.79;121;22;59;31;96002;0.26;4.08;0.28;0.26
1992;12;14;349;3.3;2.2;0.7;3;1.9;0.2;3;1.1;0.29;1.7;2.5;12.12;37;7;24;5;96195;-0.2;2.25;0.29;0.26
1992;12;15;350;5.5;1.2;-2.4;3.2;0.7;-2.7;-0.4;0.6;0.24;1.7;2.5;9.17;163;34;87;44;96138;0.05;0.01;0.29;0.26
1992;12;16;351;1.7;-1.3;-3.3;0.6;-1.9;-4;-0.9;0.5;0.22;1.7;2.5;8.28;134;27;61;36;96051;0.04;0;0.29;0.26
1992;12;17;352;3.2;-1;-2.9;1;-1.8;-3.3;-0.8;0.6;0.22;1.7;2.5;7.71;166;32;79;45;96636;0.07;0;0.28;0.26
1992;12;18;353;2.4;-0.8;-2.6;-1.3;-2.3;-3.3;-1.8;0.9;0.21;1.7;2.5;7.3;180;34;83;55;96517;0.08;0;0.28;0.26
1992;12;19;354;2.2;-0.5;-2.1;-1.7;-2.9;-3.9;-0.7;1.8;0.21;1.7;2.5;7.1;125;25;56;42;96555;0.17;0;0.28;0.26
1992;12;20;355;2.6;0.3;-2.3;0.5;-2.1;-4.2;-0.3;1.7;0.2;1.6;2.5;6.92;116;19;56;14;96501;0.21;3.54;0.28;0.26
1992;12;21;356;2.6;1.7;0.9;2.6;1.5;0.6;-0.7;0.6;0.19;1.6;2.5;6.07;26;5;1;-2;96400;0;6.35;0.29;0.26
1992;12;22;357;2.6;1.5;0.8;2;1;0.2;-1.9;0.3;0.17;1.6;2.5;4.93;38;8;10;1;96897;0.2;2.28;0.29;0.26
1992;12;23;358;1.9;-0.1;-2.3;0.1;-1.8;-4.6;-2.4;0.1;0.16;1.6;2.5;4.29;137;28;74;39;97136;0.39;0.67;0.29;0.26
1992;12;24;359;0.5;-2.4;-4.2;-4.7;-6.2;-7.8;-1.7;0;0.16;1.6;2.5;4.17;199;40;97;71;97361;0.12;0;0.29;0.26
1992;12;25;360;-0.6;-3.8;-5.7;-8.2;-10.4;-12.7;-2.4;-0.3;0.16;1.6;2.5;4.1;209;41;100;78;97482;0.13;0;0.29;0.26
1992;12;26;361;-0.2;-4.3;-6.6;-10.3;-12;-13.9;-1.9;-0.8;0.16;1.5;2.5;4.03;210;42;99;77;97542;0.06;0;0.28;0.27
1992;12;27;362;-1.1;-4.3;-6.3;-7.1;-9.3;-11.8;-1.8;-1.7;0.16;1.5;2.5;3.97;188;38;87;62;97874;0.05;0.01;0.28;0.27
1992;12;28;363;-2.8;-4.6;-6.5;-7;-9.2;-11.1;-2.6;-0.8;0.16;1.5;2.5;3.94;212;40;101;69;98185;0.06;0;0.28;0.27
1992;12;29;364;0;-5.1;-8.2;-11.4;-13.2;-14.6;-1.4;-0.8;0.16;1.5;2.5;3.88;216;44;112;80;97453;0.07;0;0.28;0.27
1992;12;30;365;0.7;-4.9;-8.3;-9.6;-12.3;-16;-1;-0.7;0.16;1.5;2.5;3.79;214;43;104;71;96818;0.05;0;0.28;0.27
1992;12;31;366;-1.2;-5.3;-7.4;-8.1;-9.2;-10.5;-2.1;-0.2;0.15;1.4;2.5;3.72;210;42;95;70;96878;0.04;0;0.28;0.27
1993;1;1;1;-4;-6.8;-9.1;-8.3;-9.7;-11.6;-2.1;-0.4;0.15;1.4;2.5;3.67;178;37;86;71;97648;0.05;0;0.27;0.27
1993;1;2;2;-7.4;-10.2;-12.3;-12.1;-15.4;-17.1;-2.6;-0.5;0.15;1.4;2.5;3.64;223;45;103;88;97798;0.05;0;0.27;0.27
1993;1;3;3;-7.4;-10.6;-13.1;-16.3;-17.2;-18.7;-3.6;-0.5;0.15;1.4;2.5;3.6;223;45;94;81;97504;0.05;0;0.27;0.27
1993;1;4;4;-3.3;-7.4;-9.8;-11.9;-14.2;-16.9;-2.9;0.9;0.15;1.4;2.5;3.49;222;45;100;81;97234;0.06;0;0.27;0.27
1993;1;5;5;-0.3;-5.6;-9.7;-9.7;-11;-12.5;-0.3;2.2;0.15;1.4;2.5;3.44;223;46;100;68;97717;0.07;0;0.27;0.27
1993;1;6;6;3.7;0.4;-4.5;3.5;-2.7;-10.8;1.3;2;0.15;1.3;2.5;3.25;41;7;43;-1;97376;-0.11;1.17;0.27;0.27
1993;1;7;7;6.1;3.8;0.4;6;3.7;0.3;2.5;0.5;0.13;1.3;2.5;2.07;38;7;17;1;96740;-0.49;5.45;0.27;0.27
1993;1;8;8;5.4;3.1;-2.1;5.3;2.9;-2.9;2.3;0.3;0.12;1.3;2.5;1.39;29;5;69;12;96761;-0.45;3.27;0.28;0.27
1993;1;9;9;4.6;0.1;-5.8;4;-0.6;-6.3;0.9;1.9;0.12;1.3;2.5;1.1;131;22;77;29;96953;-0.03;0.16;0.28;0.27
1993;1;10;10;6.5;5.2;4.4;5.3;3.9;-0.9;2.3;2.9;0.11;1.3;2.5;0.63;45;8;53;13;96183;0.2;1.77;0.28;0.27
1993;1;11;11;9.3;8.1;6.7;7.3;4.4;-2.6;4.4;3.5;0.11;1.2;2.5;0.24;28;6;19;6;95127;1.82;10.92;0.28;0.27
1993;1;12;12;11.5;6.5;0.7;7.9;4.4;-0.8;4.7;2.3;0.11;1.2;2.5;0.02;51;10;86;29;95289;1.56;10.14;0.29;0.27
1993;1;13;13;7.6;2.7;-1;3.2;0.6;-2.1;0.9;2.9;0.11;1.2;2.5;0;192;36;84;53;96445;0.3;0.32;0.29;0.27
1993;1;14;14;9.9;5.9;0.7;7;3.4;-0.1;4.3;1;0.11;1.2;2.5;0;175;34;90;50;96773;0.77;3.77;0.29;0.27
1993;1;15;15;5.7;2;-3.2;3.5;-0.2;-3.5;0.3;2.2;0.11;1.2;2.5;0;218;44;88;67;97188;0.21;0.02;0.29;0.27
1993;1;16;16;9.5;8.1;6.3;7.4;6.4;4.4;3.5;1.6;0.1;1.2;2.5;0;68;15;55;17;97212;0.19;0.42;0.29;0.27
1993;1;17;17;9.8;4.8;1.1;4.6;1.4;-0.8;1.3;1.9;0.1;1.2;2.5;0;255;54;103;79;96972;0.31;0.03;0.29;0.27
1993;1;18;18;5.4;3.7;0.4;4.4;2.6;0.3;2.1;0.9;0.11;1.2;2.5;0;66;10;53;19;97085;0.2;1;0.28;0.27
1993;1;19;19;4.6;2.3;-0.4;3.7;1.8;-0.5;2.3;1.9;0.11;1.2;2.5;0;52;12;48;12;96798;0.42;3.05;0.28;0.27
1993;1;20;20;6.7;5.5;4.2;4.4;3.7;2.6;4;1.8;0.11;1.1;2.5;0;82;14;29;10;96689;0.79;1.64;0.28;0.27
1993;1;21;21;8;6.7;5.5;5.5;4.6;3.3;4.4;1.8;0.11;1.1;2.5;0;70;14;34;13;96872;0.5;0.61;0.28;0.27
1993;1;22;22;8.5;8;6.7;6.7;6;4.9;6;2.4;0.11;1.1;2.5;0;46;8;24;7;96220;0.91;3.5;0.28;0.28
1993;1;23;23;7.8;4.7;2.9;6.3;0.9;-2.3;4.7;0.1;0.11;1.1;2.5;0;172;37;76;44;96398;0.85;2.8;0.28;0.28
1993;1;24;24;8.5;7.4;5;7.8;4.6;0.7;7.4;1.7;0.11;1.1;2.5;0;67;13;43;21;95370;1.71;4.81;0.28;0.28
1993;1;25;25;4.7;1.5;-1.4;2.3;-2.1;-4.7;6.7;-0.4;0.12;1.1;2.5;0.84;226;52;82;52;95110;1.29;5.34;0.29;0.28
1993;1;26;26;0.2;-1.6;-2.6;-3.6;-6;-7.3;5.3;0.5;0.15;1.1;2.4;2.91;206;44;87;47;96062;0.45;3.31;0.28;0.28
1993;1;27;27;0.5;-1.2;-2.9;-1.7;-2.9;-4.2;3.4;-0.5;0.26;1.1;2.4;9.32;226;48;92;51;95569;0.23;5.12;0.28;0.28
1993;1;28;28;0.3;-1.3;-2.8;0.2;-2.6;-4.2;1.2;0.6;0.3;1.1;2.4;12;101;22;48;18;95832;0.16;7.35;0.28;0.28
1993;1;29;29;2.5;-0.8;-5.3;2.4;-1.9;-7;-1.3;-0.5;0.38;1.1;2.4;18.78;65;13;60;16;96068;0.18;12.83;0.29;0.28
1993;1;30;30;-4.4;-7.7;-10.7;-7.7;-11.1;-14.6;-3;0.2;0.37;1.1;2.4;20.27;234;52;114;87;97203;0.23;0;0.29;0.28
1993;1;31;31;-1.8;-9.2;-14.4;-8.2;-13.8;-17.1;-1.8;0;0.37;1.1;2.4;20.03;234;54;113;68;97522;0.28;0;0.29;0.28
1993;2;1;32;0.9;-8.9;-17;-6.2;-13.8;-19.9;-1.8;-0.4;0.37;1.1;2.4;19.68;241;55;118;65;98048;0.35;0;0.28;0.28
1993;2;2;33;3.2;-5.7;-13.9;-5.6;-11.5;-18;-0.5;-0.4;0.37;1.1;2.4;18.9;243;56;116;60;98081;0.22;0;0.28;0.28
1993;2;3;34;4.3;-5.3;-13.2;-1.7;-8.1;-14.3;-1.2;-0.7;0.36;1.1;2.4;17.41;246;57;107;58;98106;0.19;0;0.28;0.28
1993;2;4;35;6.4;-1.9;-7.9;-3.2;-6.5;-9.7;-0.2;0.2;0.34;1.1;2.4;15.23;261;61;111;58;97642;0.17;0;0.28;0.28
1993;2;5;36;3.5;-2.3;-6.2;-1.6;-4.4;-7.1;1.7;0.6;0.31;1.1;2.4;13.18;273;64;102;61;97454;0.13;0;0.28;0.28
1993;2;6;37;1;-2;-5.4;-2;-4;-5.8;2.1;0.3;0.29;1.1;2.4;12.32;186;37;42;11;97291;0.37;0.22;0.28;0.28
1993;2;7;38;4;0.7;-1.4;1.3;-0.5;-2;-0.4;0;0.28;1.1;2.4;11.49;169;33;55;21;97604;0.03;0.27;0.28;0.28
1993;2;8;39;3.7;-1.1;-3.7;-0.5;-2.6;-4.8;-1.3;-0.9;0.25;1.1;2.4;10.03;276;61;101;51;97687;0.17;0;0.28;0.28
1993;2;9;40;4.5;-0.8;-3.9;-1;-3.6;-5.7;-2;-0.6;0.23;1.1;2.4;8.72;292;72;100;62;97517;0.19;0;0.28;0.28
1993;2;10;41;3.7;-1;-4.1;-2.9;-4.3;-6;-2.3;-0.3;0.22;1.1;2.4;7.7;329;79;108;72;97462;0.23;0;0.28;0.28
1993;2;11;42;4.1;-0.2;-2.7;-1.4;-2.9;-4.1;-2.5;0;0.21;1.1;2.4;6.97;328;75;103;71;97582;0.13;0;0.28;0.28
1993;2;12;43;5.8;-0.5;-4;-1.3;-3.6;-5.7;-1.6;-0.1;0.19;1.1;2.4;6.03;347;84;115;76;97735;0.2;0;0.28;0.28
1993;2;13;44;5.8;-0.9;-5.1;-0.9;-3.6;-6;-0.6;-0.6;0.17;1.1;2.4;4.87;365;89;121;76;97735;0.13;0;0.28;0.28
1993;2;14;45;3;-3.1;-7.7;-2.4;-5.1;-8.8;-1.7;-0.2;0.16;1.1;2.4;4.18;358;81;112;57;97676;0.13;0;0.28;0.28
1993;2;15;46;2.4;-2.3;-5.3;-4.8;-5.7;-6.9;-1.4;0.4;0.16;1.1;2.4;3.93;363;91;120;80;97581;0.13;0;0.28;0.28
1993;2;16;47;-0.2;-2.3;-4.6;-4.1;-5.2;-6.1;0.6;0.2;0.16;1.1;2.4;4.07;152;38;60;31;97155;0.07;0.59;0.28;0.28
1993;2;17;48;2;-0.3;-2.6;1.7;-1.1;-4;2.9;0.2;0.23;1.1;2.4;7.85;90;18;25;6;96209;-0.05;7.16;0.27;0.28
1993;2;18;49;2.9;1.3;0.4;1.1;-0.2;-1.4;1.9;0;0.24;1.1;2.4;8;183;47;36;18;96607;0.31;0.31;0.28;0.28
1993;2;19;50;3.4;1.1;-0.7;1.8;-0.4;-2.6;4.5;0.3;0.24;1.1;2.4;8.26;227;56;69;32;95271;0.72;5.83;0.28;0.28
1993;2;20;51;1.9;0.1;-1.3;-0.8;-3.1;-6.3;4.5;-1;0.26;1.1;2.4;10.3;277;67;77;42;95718;0.75;5.56;0.28;0.28
1993;2;21;52;0.7;-1.5;-6.5;-0.7;-4.2;-8.9;4.7;-1.5;0.37;1.1;2.4;21.11;206;55;88;52;94325;0.62;9.58;0.28;0.28
1993;2;22;53;-3.8;-7.2;-9.5;-9.6;-12.2;-13.8;1;-2.5;0.38;1.1;2.4;23.2;245;63;99;66;95521;0.38;0.33;0.27;0.28
1993;2;23;54;-4.5;-8;-10.5;-10.4;-12.2;-14.3;0;-2.7;0.38;1.1;2.5;23.67;258;68;89;53;96216;0.36;0.97;0.27;0.28
1993;2;24;55;-3.8;-6.1;-10;-7;-8.6;-12.2;1.8;-2.7;0.38;1.2;2.5;24.82;124;35;55;22;96675;0.35;3.7;0.27;0.28
1993;2;25;56;-1.2;-4.4;-6;-5.8;-7.2;-8.8;1.4;-1.4;0.38;1.2;2.5;28.61;212;52;63;30;96396;0.36;2.09;0.27;0.28
1993;2;26;57;0.4;-5.2;-9.9;-6.5;-9.4;-13;1.1;1;0.38;1.2;2.5;28.68;320;83;119;62;95590;0.45;0.01;0.27;0.28
1993;2;27;58;2.3;-4.9;-13.1;-4;-8.9;-15.4;0;1.3;0.37;1.2;2.5;27.59;334;87;117;59;95423;0.35;0.02;0.27;0.28
1993;2;28;59;2.6;-2;-6.6;-3.8;-5.7;-9;-1.6;-0.3;0.37;1.2;2.5;25.64;295;76;103;53;95612;0.35;0.02;0.27;0.28
1993;3;1;60;4.6;0.3;-2.7;-2.6;-3.8;-4.9;-4.6;-0.5;0.36;1.2;2.5;23.68;340;91;107;74;95387;0.67;0;0.27;0.28
1993;3;2;61;2.8;-0.4;-2.5;-3.9;-4.9;-6.1;-5.7;-1;0.36;1.2;2.5;22.04;351;95;108;83;95208;0.87;0.45;0.27;0.28
1993;3;3;62;-0.8;-3.2;-6.1;-5.4;-6.6;-9.5;-3.3;-2.1;0.36;1.2;2.5;22.62;233;58;50;30;95525;0.6;1.39;0.27;0.28
1993;3;4;63;-3.3;-5.7;-8;-9.2;-10.1;-11;-0.6;-2.2;0.36;1.2;2.5;22.88;238;56;66;42;96188;0.43;0.72;0.27;0.28
1993;3;5;64;-1;-3.3;-6.1;-4.6;-7.2;-10.1;1.7;-0.1;0.36;1.2;2.5;22.63;199;50;60;26;96201;0.44;1.19;0.27;0.28
1993;3;6;65;3.2;0.3;-2.7;0.8;-1.2;-4.3;2.9;-0.8;0.36;1.3;2.5;23.77;155;39;45;14;95591;0.14;3.57;0.27;0.28
1993;3;7;66;3.8;1;-3.9;1;-1.6;-5;0;-2.4;0.36;1.3;2.5;20.94;334;78;98;45;95938;0.3;1.05;0.27;0.28
1993;3;8;67;0.2;-2.9;-5.9;-5.1;-6.3;-7.6;-2.7;-0.8;0.34;1.3;2.5;19.17;276;77;85;45;96677;0.57;0.01;0.27;0.28
1993;3;9;68;2.9;-2.9;-7.3;-3.6;-6.6;-9.4;-2.3;0.1;0.33;1.3;2.5;18.17;404;112;125;89;96746;0.48;0;0.27;0.28
1993;3;10;69;6.9;0.3;-6.6;-0.6;-3.8;-8;1.1;1.2;0.3;1.3;2.5;15.05;406;105;107;62;96687;0.31;0.03;0.27;0.28
1993;3;11;70;7.7;2.2;-2.5;1.7;-1.3;-4.1;0.6;-0.4;0.25;1.3;2.5;11.09;356;92;92;50;96810;0.56;0.7;0.28;0.28
1993;3;12;71;10.6;3.2;-2.3;1.9;-1.1;-3.9;-0.1;1.3;0.21;1.3;2.5;7.59;399;107;100;55;96769;0.39;0;0.28;0.28
1993;3;13;72;11.6;4;-2;1.7;-1.1;-3.6;-1;1;0.18;1.3;2.5;4.83;490;139;120;75;96602;0.67;0;0.28;0.28
1993;3;14;73;12.8;6.2;-0.8;2.9;0;-2.8;0.4;0.4;0.15;1.3;2.5;2.91;492;141;122;72;96694;0.87;0;0.28;0.28
1993;3;15;74;13.6;7.8;1.9;3;1;-0.7;0.8;0.2;0.14;1.4;2.5;1.63;512;144;116;70;97011;0.98;0.07;0.28;0.28
1993;3;16;75;13.4;7.4;-0.5;5.4;1.8;-2.8;2.9;1.2;0.13;1.4;2.5;0.84;510;135;105;64;96837;1.15;0.99;0.28;0.28
1993;3;17;76;8.7;7.7;6.3;7.4;6.7;5.5;4.2;0.3;0.12;1.4;2.5;0.22;76;20;17;6;96625;0.62;3.26;0.28;0.28
1993;3;18;77;11.7;8.6;5.8;6.8;5.5;4.4;3.6;0.4;0.12;1.4;2.5;0.02;434;118;94;48;96577;0.99;0;0.28;0.28
1993;3;19;78;9;6.3;1.8;4.2;0.7;-1.4;3.2;-0.8;0.12;1.4;2.5;0;469;131;118;63;96821;1.21;0.16;0.28;0.28
1993;3;20;79;12.3;5;-1.3;1.8;-1;-3.1;1;0.7;0.12;1.4;2.5;0;579;172;142;96;96595;1.3;0;0.27;0.28
1993;3;21;80;15.5;8;0.1;8.3;4.2;-1.3;1.1;1.3;0.12;1.5;2.5;0;489;128;99;63;95909;0.96;0.38;0.27;0.28
1993;3;22;81;13.9;9.3;5.4;8.8;7.4;5.1;1.8;1.6;0.12;1.5;2.5;0;369;108;78;41;95897;1.23;3.43;0.27;0.28
1993;3;23;82;9.5;7.4;3.6;7.7;3;-2.1;3.1;0.1;0.12;1.5;2.5;0;472;115;95;47;96271;1.54;3.61;0.27;0.28
1993;3;24;83;7.3;4.1;0.4;-0.9;-2.5;-3.7;1.4;-1;0.13;1.5;2.5;0;365;100;75;54;96610;0.97;0.06;0.27;0.28
1993;3;25;84;4.8;1.2;-2.1;-1.6;-2.9;-4.6;2;-2;0.13;1.5;2.5;0.22;522;149;94;72;96492;1.21;1.91;0.27;0.28
1993;3;26;85;3.8;0.3;-2.4;-2.8;-4.5;-6;0;-2.9;0.14;1.5;2.5;1;526;152;109;80;96495;1.13;0.87;0.27;0.28
1993;3;27;86;2.1;-1.1;-3.2;-5.2;-6.5;-8.6;-0.8;-2;0.15;1.5;2.5;1.36;559;164;117;84;96392;0.95;0.73;0.27;0.28
1993;3;28;87;2.4;-1.1;-3.7;-6;-8.1;-10.6;-0.6;-3.1;0.15;1.6;2.5;1.78;501;142;103;75;96065;0.79;0.73;0.26;0.28
1993;3;29;88;2.1;-1.1;-3.1;-5.6;-8;-10.5;1.6;-2.1;0.16;1.6;2.5;2.1;394;122;90;62;96198;0.7;0.36;0.26;0.28
1993;3;30;89;4.1;-0.2;-3.8;-5.5;-7.6;-9.7;1.6;-0.5;0.16;1.6;2.5;2.06;410;132;112;74;96372;0.61;0.17;0.26;0.28
1993;3;31;90;11.1;3.9;-3.1;5.4;-1.8;-8.1;0.4;0.8;0.15;1.6;2.5;1.52;433;139;100;66;96288;0.71;0;0.26;0.28
1993;4;1;91;16;8;0.2;5.8;2.8;-1;-1.7;1.3;0.14;1.6;2.5;0.72;588;178;119;79;95658;1.56;0;0.26;0.28
1993;4;2;92;12.4;6.4;-0.1;2.5;1.2;-1.1;-1.8;-0.3;0.13;1.6;2.5;0.25;545;158;108;72;95398;1.4;0.05;0.26;0.28
1993;4;3;93;10.2;5.6;0.1;1.7;-0.4;-2.3;-0.9;0;0.13;1.7;2.5;0.14;510;141;99;64;95454;1.31;0.27;0.26;0.28
1993;4;4;94;10.5;5.1;-0.2;3.1;1.4;-0.8;0.4;1.3;0.13;1.7;2.5;0.05;492;122;95;43;95302;1.16;2.25;0.25;0.28
1993;4;5;95;9.2;5.8;3.4;5.5;1.9;-2;1.3;1.3;0.13;1.7;2.5;0;458;131;105;42;95596;1.6;2.14;0.25;0.28
1993;4;6;96;9.5;6.2;3.2;4.5;2;-0.9;3.6;1.4;0.13;1.7;2.5;0;541;157;97;47;94910;2.43;6.7;0.26;0.28
1993;4;7;97;8.5;5.2;3;5.7;3.1;1.6;3.7;-0.4;0.13;1.7;2.5;0;406;116;75;38;95090;2.07;5.41;0.26;0.28
1993;4;8;98;7.9;4.3;0.9;1.6;0;-1.6;0.7;-2.1;0.13;1.7;2.5;0;494;134;82;58;95935;1.42;0.49;0.26;0.28
1993;4;9;99;9.7;4.5;-0.2;0.9;-0.1;-0.8;-1.8;-0.5;0.14;1.7;2.5;0;420;148;117;61;96162;1.38;0.02;0.26;0.28
1993;4;10;100;12.5;6.1;0.8;2.9;0.2;-2.5;-2.2;0.4;0.14;1.8;2.5;0;630;169;122;64;95542;1.66;0;0.25;0.28
1993;4;11;101;12;6.7;1.9;0.9;-1.1;-3;-2.3;0.1;0.14;1.8;2.5;0;600;180;119;78;94944;1.87;0;0.25;0.28
1993;4;12;102;9.3;5.6;2.6;2.5;1.7;0.8;-1.7;0.4;0.14;1.8;2.5;0;373;106;76;47;94710;1.06;0.11;0.25;0.28
1993;4;13;103;10.8;6.1;0;3;1.3;-0.3;-1.5;0.3;0.14;1.8;2.5;0;377;120;74;52;94683;1.25;0.18;0.25;0.28
1993;4;14;104;12.4;7.1;0.9;6.4;4;0;-0.3;0.6;0.14;1.8;2.5;0;558;164;106;68;95358;1.67;2.95;0.25;0.28
1993;4;15;105;13.5;7;-0.1;6.5;4;-0.4;-1.1;-1.4;0.14;1.8;2.5;0;574;176;108;66;95573;2.09;3.19;0.25;0.28
1993;4;16;106;13;7.7;1.2;4.1;0.2;-3;-1.1;-1.7;0.14;1.9;2.5;0;658;209;121;91;96191;2.46;0.33;0.25;0.28
1993;4;17;107;12.6;8.4;2.8;5.6;2.1;-2.1;1.8;0.5;0.14;1.9;2.5;0;546;168;93;63;96185;1.95;1.56;0.24;0.28
1993;4;18;108;11;8.8;7.2;7.8;6.8;5.6;4.1;1.1;0.14;1.9;2.5;0;250;57;53;16;95906;1.44;4.95;0.24;0.28
1993;4;19;109;8.8;8.4;7.8;7.8;7.5;7;4.4;-0.2;0.14;1.9;2.5;0;96;29;20;8;95962;1.16;8.26;0.25;0.28
1993;4;20;110;16.8;11.3;6.9;7.2;6.5;5.6;0.3;0.6;0.14;1.9;2.5;0;436;150;111;54;96208;1.99;0.16;0.25;0.27
1993;4;21;111;20.4;13.4;6.1;9.3;7.1;4.4;-0.4;1.8;0.14;2;2.5;0;610;207;117;80;95668;2.68;1.55;0.25;0.27
1993;4;22;112;21.2;14.3;6.4;9.8;6;3.4;0.6;1.5;0.14;2;2.5;0;680;228;135;90;95563;3.17;0.12;0.25;0.27
1993;4;23;113;19.4;14;7.7;8.7;7.3;5.4;0;0.1;0.14;2;2.5;0;669;223;127;89;95664;2.75;0.04;0.24;0.27
1993;4;24;114;21.6;15.7;9.4;9.3;7.5;5.7;-2.1;1.1;0.14;2;2.5;0;681;230;128;96;95112;3.09;0;0.24;0.27
1993;4;25;115;21.6;15.4;8.3;7.8;5.2;3.7;-1.9;1.4;0.14;2;2.5;0;708;217;142;94;95051;3;0;0.24;0.27
1993;4;26;116;22.1;16.1;8.9;10.2;7.3;4.8;-1.5;0.3;0.14;2.1;2.5;0;660;222;127;90;95513;2.99;0;0.23;0.27
1993;4;27;117;22.5;16.7;10.8;7.9;6.2;2.7;-4;-0.1;0.15;2.1;2.5;0;692;236;129;99;95933;3.39;0;0.23;0.27
1993;4;28;118;22.1;17.2;12.6;5.4;3.9;2.6;-5;0.7;0.15;2.1;2.5;0;701;242;133;109;95793;3.64;0;0.23;0.27
1993;4;29;119;22;17.2;12.3;6.9;5.4;4;-3.6;0.3;0.15;2.1;2.5;0;687;235;128;102;95736;3.41;0.11;0.22;0.27
1993;4;30;120;21.1;16.4;12;7.4;5.8;4.5;-3.9;0.5;0.15;2.1;2.5;0;687;234;126;99;95619;3.18;0.03;0.22;0.27
1993;5;1;121;20.3;15;9.9;9;7.8;5.7;-1.1;0.8;0.15;2.2;2.5;0;665;221;122;89;95367;2.77;1.05;0.22;0.27
1993;5;2;122;18.7;13.2;7.8;11.1;9.4;6.8;1;-1;0.15;2.2;2.5;0;641;191;105;73;95349;2.58;4.18;0.21;0.27
1993;5;3;123;17;11.9;7.2;11;9.1;6.3;0.3;-1.6;0.15;2.2;2.5;0;472;148;87;59;96141;2.32;7.6;0.22;0.27
1993;5;4;124;14.4;10.2;7.5;5.8;3.9;1.8;-1.6;-2.2;0.15;2.2;2.5;0;549;158;107;52;96903;2.06;0;0.22;0.27
1993;5;5;125;13;9.8;6.9;3.9;2.5;0.8;-2.8;-1.7;0.15;2.2;2.5;0;482;113;70;39;96577;1.71;0.21;0.22;0.27
1993;5;6;126;14;10;6.1;9.4;6.3;1.9;-3.5;-1.6;0.15;2.2;2.5;0;344;96;71;31;96221;1.27;0.58;0.22;0.27
1993;5;7;127;20.4;15;9.4;9.2;8.1;6.9;-3.6;-0.5;0.15;2.3;2.5;0;668;228;107;87;96170;3.07;0.99;0.21;0.27
1993;5;8;128;20.6;15.3;10.3;10.5;8.3;6.5;-3;-0.6;0.15;2.3;2.5;0;654;220;117;86;96165;3.08;1.55;0.21;0.27
1993;5;9;129;21.6;16.3;11.1;11;9;7;-3.1;0.1;0.15;2.3;2.5;0;646;218;111;86;96068;3;0.31;0.21;0.27
1993;5;10;130;22.5;17.1;11.3;10.4;9;7.2;-2.6;0.4;0.15;2.3;2.5;0;667;228;118;91;96088;3.2;0.26;0.21;0.27
1993;5;11;131;22.9;17.4;12;9;7.7;5.9;-3.4;0.3;0.15;2.3;2.5;0;699;245;125;93;95803;3.47;0.35;0.2;0.27
1993;5;12;132;21.9;16.8;12;11.2;8.1;5.5;-1.4;0.7;0.15;2.4;2.5;0;690;234;127;89;95131;3.21;1.09;0.2;0.27
1993;5;13;133;20.7;15.3;8.9;11.5;10.6;8.8;0.4;1.1;0.15;2.4;2.5;0;648;219;114;73;94387;2.9;0.81;0.2;0.27
1993;5;14;134;19.5;14.6;9.7;11.2;10.6;9.4;1.7;0.1;0.15;2.4;2.5;0;610;199;102;68;94516;2.4;0.83;0.2;0.27
1993;5;15;135;18.6;13.8;9.1;10.2;8.7;7.1;2;-0.2;0.15;2.4;2.5;0;576;152;98;56;95178;2.18;0.64;0.2;0.27
1993;5;16;136;17.6;13;9.5;9;4.4;0.7;1.6;-0.9;0.15;2.4;2.5;0;547;208;130;72;96243;2.65;0.01;0.19;0.27
1993;5;17;137;21.6;15.9;9.6;7.3;5.3;2.9;-2.6;0.7;0.16;2.4;2.5;0;652;239;131;90;96139;3.09;0;0.19;0.27
1993;5;18;138;24.2;18;11;9.3;7.4;5.3;-2.5;0.1;0.16;2.5;2.5;0;715;260;139;103;95605;3.35;0;0.19;0.27
1993;5;19;139;23.4;17.6;12.4;14.1;11.4;8.1;-0.7;-0.6;0.16;2.5;2.5;0;668;213;117;80;95673;2.75;3.09;0.19;0.27
1993;5;20;140;24.5;18.5;11.6;13.3;12.3;10.4;-1.5;0.4;0.16;2.5;2.5;0;528;199;109;73;95654;2.85;1.61;0.19;0.26
1993;5;21;141;16.3;12.7;8.8;13.6;11.6;8.1;2.9;-0.9;0.16;2.5;2.5;0;395;84;60;21;95808;2.26;25.5;0.2;0.26
1993;5;22;142;15.3;11.5;8.5;8.2;6.3;3.3;2.5;-0.9;0.16;2.5;2.5;0;504;148;79;43;96092;2.93;4.99;0.21;0.26
1993;5;23;143;18;12.9;7.2;10.1;8;5.8;0.3;-1;0.16;2.5;2.5;0;466;148;74;55;96258;2.06;0.01;0.21;0.26
1993;5;24;144;19.5;14.7;8.9;11;9.7;8.3;-1.6;0.3;0.16;2.5;2.5;0;455;171;100;64;96212;2.49;0.18;0.21;0.26
1993;5;25;145;24.7;17.8;8.8;14.2;10.3;7.6;-0.1;-0.1;0.16;2.6;2.5;0;712;258;130;90;95852;3.75;0;0.2;0.26
1993;5;26;146;26;19.7;12;15.2;12.3;10.4;-0.7;-0.5;0.16;2.6;2.5;0;675;233;117;77;95377;3.61;0.14;0.2;0.26
1993;5;27;147;21.8;17.9;14.9;14.1;12.4;10.5;1.9;1.3;0.16;2.6;2.5;0;621;202;103;65;94923;3.32;3.63;0.2;0.26
1993;5;28;148;18.6;14.2;10.5;13;9.7;7.2;3.5;1.7;0.16;2.6;2.5;0;541;156;96;53;95312;3.15;4.77;0.2;0.26
1993;5;29;149;18;13.4;9.6;7.4;5.9;3.6;2.2;0.2;0.16;2.6;2.5;0;473;173;118;61;95964;2.7;0.19;0.2;0.26
1993;5;30;150;23.3;15.8;8.5;12.8;9.6;5.7;0.9;0.9;0.16;2.6;2.5;0;699;237;118;76;95588;3.46;2.91;0.2;0.26
1993;5;31;151;17.4;14.1;11.1;12;9.1;6.7;3.2;0.7;0.16;2.6;2.5;0;574;191;91;66;95985;3.04;0.99;0.2;0.26
1993;6;1;152;18.6;14.6;9.8;9.6;7.9;6.7;1.1;0.1;0.16;2.6;2.5;0;419;156;90;59;96120;2.33;0;0.2;0.26
1993;6;2;153;22.8;16.5;9.7;14.2;10.7;7.2;-0.1;0.7;0.16;2.7;2.5;0;663;211;110;67;95609;3.25;10.51;0.19;0.26
1993;6;3;154;16.3;13.3;11.6;13.6;12.2;11.1;2.3;-0.8;0.16;2.7;2.5;0;301;76;52;19;95688;1.64;10.45;0.21;0.26
1993;6;4;155;20.4;16;12.6;14.6;13.3;12.3;-1.1;-2;0.16;2.7;2.5;0;372;128;72;32;96081;2.24;1.77;0.21;0.26
1993;6;5;156;24;18.6;11.8;15.1;12.3;9.8;-2;-0.5;0.16;2.7;2.5;0;685;254;113;82;96372;3.98;0.07;0.21;0.26
1993;6;6;157;24.6;20.1;13.1;16.1;13.1;10.9;-0.6;0.1;0.16;2.7;2.5;0;580;214;100;72;96233;3.41;0.26;0.2;0.26
1993;6;7;158;23.9;19.3;14.5;15.7;14.3;11.4;0.7;-0.9;0.16;2.7;2.5;0;637;204;97;68;96045;3.26;1.61;0.2;0.26
1993;6;8;159;23.6;18.2;11;11.9;10.3;9.1;-1;-0.8;0.16;2.7;2.5;0;682;262;129;97;96152;4;0;0.2;0.26
1993;6;9;160;25.6;20.1;13.3;12.6;10.8;10;-2.6;0;0.16;2.8;2.5;0;730;272;132;98;95936;4.32;0;0.2;0.26
1993;6;10;161;27.8;21;15;17.5;14.4;10.8;-0.5;0.9;0.16;2.8;2.6;0;697;242;106;75;95494;3.99;4.01;0.19;0.26
1993;6;11;162;23.9;18.5;12.4;16.5;14.4;10.9;2.6;-0.1;0.16;2.8;2.6;0;668;213;102;60;95455;3.88;10.06;0.19;0.26
1993;6;12;163;15.1;12.8;10.8;10.8;8.2;5.4;3.7;0.2;0.16;2.8;2.6;0;461;150;82;50;95479;3.13;7.7;0.2;0.26
1993;6;13;164;13.8;11.6;9.3;9.5;7.5;4.9;2.9;0.4;0.16;2.8;2.6;0;370;112;79;45;95515;1.81;1.47;0.2;0.26
1993;6;14;165;16.4;13.1;10.7;10.9;10.1;9.3;2.6;-0.1;0.16;2.8;2.6;0;369;114;54;29;95900;2.04;2.85;0.2;0.26
1993;6;15;166;14;11.9;9.5;11.4;9.6;6.6;1.4;-1;0.16;2.8;2.6;0;247;66;85;29;96160;1.65;5.73;0.21;0.26
1993;6;16;167;19.4;13.7;6.6;11.8;7.7;5;2.3;0.8;0.16;2.8;2.6;0;574;205;100;64;96378;3.21;3.89;0.21;0.26
1993;6;17;168;15.8;13.4;10.7;12.1;9.1;6.1;3.2;-0.9;0.16;2.8;2.6;0;463;144;83;47;96006;2.94;9.62;0.22;0.26
1993;6;18;169;19;14.7;8.6;11.2;9.1;7.1;2.1;0.9;0.16;2.8;2.6;0;416;162;81;60;96350;2.62;0.28;0.22;0.26
1993;6;19;170;24.6;19.1;12.3;15.4;12.5;9.3;1.6;1.2;0.16;2.8;2.6;0;649;241;110;74;96002;3.84;0;0.21;0.25
1993;6;20;171;20;16.9;12.7;15;12.3;9.9;1.5;-0.9;0.16;2.8;2.6;0;448;166;89;54;95957;2.99;3.95;0.21;0.25
1993;6;21;172;17.3;14.6;11;14.2;11.5;8.8;-1.1;-0.6;0.16;2.8;2.6;0;253;100;78;51;95977;1.83;11.21;0.22;0.25
1993;6;22;173;20.8;15.3;8.6;12.7;10.7;8.5;-1.4;0.2;0.16;2.8;2.6;0;599;191;92;53;95727;3.14;7.89;0.22;0.25
1993;6;23;174;19.8;15.7;13;12.9;12.3;11.3;0.2;-0.8;0.16;2.8;2.5;0;396;141;85;45;95316;2.67;7.27;0.23;0.25
1993;6;24;175;14.7;12.3;9.4;10.7;5.7;2.6;2.9;-1.8;0.16;2.8;2.5;0;571;205;97;75;96157;3.38;0.82;0.23;0.25
1993;6;25;176;14.2;11.2;7.9;6.7;5;3;3.1;-1;0.16;2.8;2.5;0;555;175;91;61;96602;2.65;0.32;0.23;0.25
1993;6;26;177;14.2;11.5;9.2;7.8;5.8;3.8;2.4;-1;0.15;2.7;2.5;0;466;138;66;36;96345;2.58;2.17;0.23;0.25
1993;6;27;178;17.1;13.5;11;12.6;10.2;7.2;2.5;-0.1;0.15;2.7;2.5;0;304;92;69;32;95878;1.94;3.35;0.23;0.25
1993;6;28;179;14.3;11.7;9;8.8;7.1;5.2;1.9;-2.4;0.15;2.7;2.5;0;398;145;72;49;96074;2.72;1.76;0.23;0.25
1993;6;29;180;19.5;14;6.3;10;7.7;6;-1.9;-0.5;0.15;2.7;2.5;0;662;242;112;85;96167;3.57;0;0.22;0.25
1993;6;30;181;22.4;16.4;8;10.7;8.7;6.6;-0.5;-1.3;0.15;2.7;2.5;0;687;267;129;95;95921;4.06;0;0.22;0.25
1993;7;1;182;22.3;16.7;9.4;10.8;9.3;8.4;-1.4;-0.5;0.15;2.7;2.5;0;739;278;138;105;96098;4.01;0;0.22;0.25
1993;7;2;183;24.9;18.7;9.8;14.6;9.7;7.5;-0.3;0.1;0.15;2.7;2.5;0;736;277;141;100;96035;4.09;0;0.21;0.25
1993;7;3;184;25.7;20.6;13.8;15.9;12.2;8.6;1.8;0;0.15;2.7;2.5;0;647;220;102;76;96301;3.48;0.03;0.21;0.25
1993;7;4;185;25.6;20.8;15.1;15;13.5;12.2;1.5;-0.6;0.15;2.7;2.5;0;692;234;107;73;96654;3.65;0.03;0.2;0.25
1993;7;5;186;27.3;20.6;13.9;17.2;14.3;12.9;-0.1;0;0.15;2.7;2.5;0;563;208;96;63;96061;3.57;3.17;0.2;0.25
1993;7;6;187;14.6;12.3;10.1;10.6;6.1;4.1;1.5;-3;0.15;2.7;2.5;0;432;125;67;36;96450;2.85;3.16;0.2;0.25
1993;7;7;188;17;13.4;10;7.8;6.6;5.2;4.1;-1;0.15;2.7;2.5;0;416;142;80;58;96388;2.49;0.76;0.2;0.25
1993;7;8;189;18.7;14.1;10.4;10.1;6.9;5.7;1.8;-0.6;0.15;2.6;2.5;0;587;185;119;66;96289;2.62;0;0.2;0.25
1993;7;9;190;24.3;17.8;8.6;11.4;9.3;6.8;0.2;2.2;0.15;2.6;2.5;0;651;253;116;86;95684;3.58;0;0.2;0.25
1993;7;10;191;19.8;16.6;12.6;15;12.8;10.4;1.7;0.9;0.15;2.6;2.5;0;445;131;72;42;95170;2.89;17.84;0.2;0.25
1993;7;11;192;12.4;11.4;9.4;11.6;9.7;7.7;1.2;-0.6;0.15;2.6;2.5;0;214;57;61;32;95410;2;18.65;0.22;0.25
1993;7;12;193;14.6;11.3;8.2;10;8.3;7.3;2.7;0.4;0.15;2.6;2.5;0;487;156;84;59;95910;2.82;4.3;0.23;0.25
1993;7;13;194;14.1;11.2;8.3;7.6;6.9;5.6;2.8;-0.3;0.15;2.6;2.5;0;526;192;86;66;96432;2.76;1.19;0.23;0.25
1993;7;14;195;14.8;12.2;8.9;12;9.5;7.2;1.9;1.6;0.15;2.6;2.5;0;364;105;56;32;95906;1.7;3.92;0.23;0.25
1993;7;15;196;17.5;14.8;12.4;14.1;13.3;12.1;2.9;0.5;0.15;2.6;2.5;0;366;101;57;20;95580;2.13;7.74;0.23;0.25
1993;7;16;197;20.8;16.8;13.9;17;15.3;13.3;2.3;0.7;0.15;2.6;2.5;0;483;124;58;31;95833;2.46;6.83;0.24;0.25
1993;7;17;198;22.2;18.5;14.3;17.2;14.9;13;2.5;0.8;0.15;2.6;2.5;0;541;176;86;53;96070;3.1;5.71;0.24;0.25
1993;7;18;199;21.4;17.4;13.7;14.9;13.8;12.3;1.1;0.2;0.15;2.6;2.5;0;515;164;79;49;95989;2.82;9.14;0.24;0.25
1993;7;19;200;21.2;16.5;13.2;15.3;13.6;12.7;1.5;1.5;0.15;2.5;2.5;0;511;170;79;48;95575;3.03;8.22;0.25;0.25
1993;7;20;201;17.9;14.9;12.2;13;10.9;8.6;2.2;1.5;0.15;2.5;2.5;0;523;179;82;66;95323;3.03;1.57;0.25;0.25
1993;7;21;202;16.7;13.7;10.7;10;8.8;7.4;3;-0.2;0.15;2.5;2.5;0;496;177;95;64;95903;3.04;1.88;0.25;0.25
1993;7;22;203;16.9;12.8;9;12.1;9.8;7.2;2.2;-0.3;0.15;2.5;2.5;0;571;175;88;59;96395;2.6;4.73;0.25;0.25
1993;7;23;204;16.4;14;9.6;10.9;9.6;9;3.2;-0.1;0.15;2.5;2.5;0;504;143;72;43;96522;2.48;1;0.25;0.25
1993;7;24;205;21.4;17.3;13.1;14.5;12.4;10.7;3;0.5;0.15;2.5;2.5;0;474;166;79;56;96030;2.94;0.79;0.25;0.25
1993;7;25;206;19.5;16.5;13;16.1;11.5;6;2.6;1.8;0.15;2.5;2.5;0;446;149;87;54;95274;3.09;8.38;0.25;0.25
1993;7;26;207;16.4;13.9;11.7;8.3;7.3;6.1;3.7;0.8;0.15;2.5;2.5;0;605;204;98;76;95925;3.27;0.95;0.25;0.25
1993;7;27;208;16.6;13.6;10.8;12.2;9.3;6.5;2.8;1.7;0.15;2.5;2.5;0;325;95;75;37;96164;2.02;8.39;0.25;0.25
1993;7;28;209;18.3;15.4;12.8;15.5;13.7;11.9;3.4;0.7;0.15;2.5;2.5;0;322;83;48;19;96113;1.67;1.6;0.26;0.25
1993;7;29;210;21.5;17.5;14.2;16.7;14.4;13.6;1.2;0.8;0.15;2.5;2.5;0;342;113;83;35;96378;2.01;0.94;0.25;0.25
1993;7;30;211;28.5;21.7;13.6;17.9;15.8;12.8;-0.6;1.7;0.15;2.4;2.5;0;684;240;107;74;95926;3.95;0;0.25;0.25
1993;7;31;212;19.1;16.1;13.2;16.9;12.9;9.5;2.8;0.2;0.15;2.4;2.5;0;332;87;70;42;96113;1.96;13.31;0.26;0.25
1993;8;1;213;19;15.4;10.3;11.3;9.3;8.5;0.5;0;0.15;2.4;2.5;0;501;158;84;65;96703;2.47;0.2;0.26;0.25
1993;8;2;214;24.5;18.9;11.9;15.2;12.3;8.3;-0.4;0.9;0.15;2.4;2.5;0;666;229;108;80;96319;3.53;0.04;0.26;0.25
1993;8;3;215;25.8;21.2;14.3;17.1;14.3;12;0.9;1;0.15;2.4;2.5;0;641;218;103;70;96302;3.57;0.28;0.25;0.25
1993;8;4;216;25;20.9;15.6;18.2;16.6;14.4;0.8;-0.2;0.15;2.4;2.5;0;574;203;87;56;96316;3.42;6.26;0.25;0.25
1993;8;5;217;23.3;19.5;15.4;18.6;17.1;14.9;0.9;1.5;0.15;2.4;2.5;0;521;161;81;52;96092;2.77;9.05;0.26;0.25
1993;8;6;218;17.8;15.7;11.5;16.4;9.7;6.6;3.6;-0.2;0.15;2.4;2.5;0;573;187;102;70;96334;3.41;0.81;0.26;0.25
1993;8;7;219;19.4;14.5;8.7;9.4;8;7.1;1.2;-0.6;0.15;2.4;2.5;0;692;243;128;94;96484;3.38;0;0.25;0.25
1993;8;8;220;22.4;16.8;9.7;12.3;9.3;7.3;-0.2;-0.1;0.15;2.4;2.5;0;659;215;117;76;96129;3.33;0.3;0.25;0.25
1993;8;9;221;19.8;16.7;12;14.1;11.6;10.1;1.8;0.6;0.15;2.3;2.5;0;540;182;93;63;95860;2.72;0.34;0.25;0.25
1993;8;10;222;17.4;14.4;10.8;14.7;11.9;9.7;2.7;1.3;0.15;2.3;2.5;0;427;98;75;39;95432;2.28;10.15;0.25;0.25
1993;8;11;223;17.1;13.5;9.1;9.9;8.2;6;2.2;0.7;0.15;2.3;2.5;0;456;139;79;61;95991;2.31;0.14;0.25;0.25
1993;8;12;224;24.3;18;11.1;13.4;11.2;8.2;1.8;2.1;0.15;2.3;2.5;0;497;188;103;69;95903;3.12;0;0.25;0.25
1993;8;13;225;19.9;16.6;13;12.3;9.2;6.5;1.2;-0.7;0.15;2.3;2.5;0;683;229;136;90;96495;3.4;0.07;0.25;0.25
1993;8;14;226;26.7;19.6;12.7;17.7;13.1;7;-2.1;0.6;0.15;2.3;2.5;0;654;225;107;80;96278;3.43;0;0.24;0.25
1993;8;15;227;26.6;20.2;14.4;17.8;15.7;13.2;0.6;-0.4;0.14;2.3;2.5;0;611;194;101;64;96198;2.91;3.98;0.24;0.25
1993;8;16;228;26.8;21.3;15;17.7;15.3;13.6;0.2;-0.8;0.14;2.3;2.5;0;610;205;103;69;96444;3.39;0.49;0.24;0.25
1993;8;17;229;21.3;17.7;13.1;15.1;12.7;8.3;-1;-2.6;0.14;2.3;2.5;0;507;175;98;69;96822;2.74;0.18;0.24;0.25
1993;8;18;230;20.2;15.4;11.2;9;7.7;6.7;-1.2;-1.1;0.14;2.3;2.5;0;667;223;136;95;96869;3.18;0;0.24;0.25
1993;8;19;231;22.8;16.8;10.4;10.5;8.9;7.5;-0.2;-0.6;0.14;2.3;2.5;0;653;219;131;87;96652;3.21;0;0.23;0.25
1993;8;20;232;23.1;17.4;10.5;11.9;10;8.3;1.2;0.1;0.14;2.3;2.5;0;634;194;108;70;96557;2.93;0;0.23;0.25
1993;8;21;233;24.1;19;13.5;14.2;12.1;9.8;2;-0.1;0.14;2.3;2.5;0;548;183;93;66;96242;2.74;0;0.23;0.25
1993;8;22;234;27.5;20.4;13.2;17.3;14.2;12;0.8;1.1;0.14;2.2;2.5;0;598;164;90;57;95479;2.77;2.19;0.22;0.25
1993;8;23;235;19.4;14.1;10.9;13.4;10.2;8.3;0.9;-1.5;0.14;2.2;2.5;0;361;72;42;28;95566;1.37;1.02;0.22;0.25
1993;8;24;236;16.1;12.4;8.9;8.2;6;3.7;0.8;-0.9;0.14;2.2;2.5;0;376;127;81;57;95966;1.86;0.17;0.22;0.24
1993;8;25;237;16.1;12.7;7.5;8;5.6;4.4;0.8;-1.2;0.14;2.2;2.5;0;502;141;110;64;95999;1.84;0.02;0.22;0.24
1993;8;26;238;16.6;12.9;8.8;7.2;6.1;4.4;0.5;-1;0.14;2.2;2.5;0;500;133;90;63;96093;1.77;0.05;0.22;0.24
1993;8;27;239;18.2;13.3;7.5;8.8;6.9;5.8;-1.6;-1.6;0.14;2.2;2.5;0;555;147;103;62;95757;1.98;0.25;0.22;0.24
1993;8;28;240;14.6;11.7;8.8;7.9;6.5;4.6;-0.9;-2.9;0.14;2.2;2.5;0;506;150;104;63;96161;1.84;0.34;0.22;0.24
1993;8;29;241;16;11.8;6.2;7.5;5.3;3.3;0.4;-1.3;0.14;2.2;2.5;0;493;156;104;73;96860;1.84;0.29;0.21;0.24
1993;8;30;242;17.5;12.1;7.8;9.3;6.4;4.4;2.9;0.6;0.14;2.2;2.5;0;546;147;97;53;96424;2.15;9.32;0.21;0.24
1993;8;31;243;14;10.8;7.6;8.7;7.4;6.2;3;-1.9;0.14;2.2;2.5;0;447;135;86;51;96315;2.39;2.94;0.22;0.24
1993;9;1;244;15;11.4;8.4;10.6;8.7;6.8;0.9;-2.1;0.14;2.2;2.5;0;409;114;77;45;96730;1.84;1.66;0.22;0.24
1993;9;2;245;15.1;11.5;7.4;8.7;7.2;6;1.6;-0.4;0.14;2.2;2.5;0;351;99;71;48;96390;1.27;0.39;0.22;0.24
1993;9;3;246;12.7;10.8;9.4;11.1;9.7;8.6;2.6;0.1;0.14;2.2;2.5;0;244;55;46;19;95427;1.45;7.97;0.22;0.24
1993;9;4;247;13.4;9.6;7.5;9.8;7.7;4.8;2.2;-0.8;0.14;2.2;2.5;0;418;87;81;39;95314;1.59;4.46;0.23;0.24
1993;9;5;248;11.4;8.4;6.2;8;6.3;4.7;2.3;-1.3;0.14;2.2;2.5;0;322;101;73;44;95818;2.08;6.52;0.23;0.24
1993;9;6;249;14.9;10;5.2;6.7;4.6;3.1;0.5;0.1;0.14;2.2;2.5;0;451;145;123;67;96184;1.86;0.01;0.23;0.24
1993;9;7;250;18;11.9;4.3;9.9;6.4;2.5;-1;1.2;0.14;2.2;2.5;0;588;176;119;76;95738;2.1;0.05;0.23;0.24
1993;9;8;251;18.9;14.3;11;14.1;11.8;8.6;0.2;1.8;0.14;2.2;2.5;0;291;73;64;34;95259;1.25;4.35;0.23;0.24
1993;9;9;252;22;15.7;9.8;15;12.7;9.5;-0.2;1.3;0.14;2.2;2.5;0;495;143;88;61;95347;1.86;1.97;0.23;0.24
1993;9;10;253;17.3;13.5;11.5;14.3;12.1;9.9;1.5;1.1;0.14;2.2;2.5;0;342;78;77;40;95342;1.41;7.46;0.24;0.24
1993;9;11;254;16.9;12.7;10.1;11.3;10.1;9.2;1.4;1.4;0.14;2.2;2.5;0;446;125;83;52;95414;1.94;5.9;0.24;0.24
1993;9;12;255;13.7;11.4;9;11.2;10.2;8.6;0.6;0.2;0.14;2.1;2.5;0;264;49;66;25;95065;1;11.15;0.25;0.24
1993;9;13;256;19;13.4;8.6;11.9;9.9;8.1;-1.9;0.3;0.14;2.1;2.5;0;560;149;106;50;94480;2.28;4.2;0.25;0.24
1993;9;14;257;17.2;13;9.1;8.9;7.8;6.9;1.3;2.6;0.14;2.1;2.5;0;475;126;84;56;94468;2.16;0.35;0.25;0.24
1993;9;15;258;16.5;13;10.8;9.8;8.5;6.4;2.6;2.3;0.14;2.1;2.5;0;449;126;87;50;94811;2.38;4.08;0.25;0.24
1993;9;16;259;15;12.2;10.2;9.4;7.1;4.3;3.8;2.4;0.14;2.1;2.5;0;488;128;98;60;95174;2.41;2.36;0.25;0.24
1993;9;17;260;14.1;11;8.1;7;5.7;4.8;2.8;0.5;0.14;2.1;2.5;0;381;107;86;56;95872;1.68;0.49;0.25;0.24
1993;9;18;261;14.6;10.6;6.8;7.5;6.2;4.7;-0.9;-0.9;0.14;2.1;2.5;0;438;113;95;57;96398;1.45;0.17;0.25;0.24
1993;9;19;262;16.5;11.3;6.5;7.5;5.8;3;-2.7;0;0.14;2.1;2.5;0;547;163;119;87;96762;1.95;0;0.25;0.24
1993;9;20;263;19.7;13.3;7.2;12.2;9.2;5.9;-1.9;0.8;0.14;2.1;2.5;0;521;157;106;76;96780;1.83;0;0.25;0.24
1993;9;21;264;23.9;17.1;11.2;16.2;13.3;9.6;-0.4;1.4;0.13;2;2.5;0;485;141;98;61;96434;1.91;0.76;0.24;0.24
1993;9;22;265;24.5;18.2;12.8;15.5;13.7;12.1;-1.3;1;0.13;2;2.5;0;500;141;102;62;95908;2.01;0.03;0.24;0.24
1993;9;23;266;22.4;17.2;11.9;14.9;13.8;11.9;-0.5;-1;0.13;2;2.5;0;496;134;99;60;95613;1.72;0;0.24;0.24
1993;9;24;267;22.7;17.6;14.1;15;13.9;12.9;-2.8;-0.4;0.13;2;2.5;0;514;139;104;62;95180;1.82;0.1;0.24;0.24
1993;9;25;268;19.1;15;12;14.5;12.7;8.9;0.9;0.7;0.13;2;2.5;0;378;98;74;43;94745;1.23;0.62;0.24;0.24
1993;9;26;269;12.6;10.8;9.2;8.3;6.6;5.3;3.6;0.5;0.13;2;2.5;0;288;78;66;38;95378;1.43;0.87;0.24;0.24
1993;9;27;270;13.1;9.5;5.6;6.4;4.9;2.7;2.1;0.7;0.13;1.9;2.5;0;305;89;97;54;95903;1.2;0.08;0.24;0.24
1993;9;28;271;14.8;9.5;4.3;6;4.7;3.2;-2;-0.7;0.13;1.9;2.5;0;449;127;103;74;95889;1.38;0;0.23;0.24
1993;9;29;272;14.3;10.1;7;6.4;5;4.2;-1.9;-0.4;0.13;1.9;2.5;0;472;106;91;62;95894;1.23;0.22;0.23;0.24
1993;9;30;273;12.7;9;5.5;6.4;5.5;3.1;-2;1;0.13;1.9;2.5;0;213;59;77;46;95868;0.7;0.04;0.23;0.24
1993;10;1;274;16.5;10.9;5.7;8.4;5.7;1.6;-2.7;1.2;0.13;1.9;2.5;0;424;124;98;71;94847;1.32;0;0.23;0.24
1993;10;2;275;17.7;12.8;9.4;11.2;8.7;6.4;-1.9;0.6;0.13;1.9;2.5;0;302;72;66;45;93872;0.9;4.71;0.23;0.24
1993;10;3;276;11.3;9.6;8.3;10.5;8.2;7.3;2.3;2.7;0.13;1.8;2.5;0;169;48;73;26;94311;1.47;7.85;0.24;0.24
1993;10;4;277;13.6;10.6;7.7;7.5;6.5;5.3;1.4;2.2;0.13;1.8;2.5;0;253;57;39;28;95399;1.02;0.4;0.24;0.24
1993;10;5;278;18.6;13.5;9.5;11.8;9.7;7.3;-0.9;1.9;0.13;1.8;2.5;0;451;116;103;58;95336;1.43;0.56;0.24;0.24
1993;10;6;279;18.4;13.6;9.7;12;10.1;8.3;-0.2;1.1;0.13;1.8;2.5;0;446;114;94;62;94871;1.27;1.98;0.24;0.24
1993;10;7;280;16.3;11.5;7.6;9.6;8;6.8;0;0.9;0.13;1.8;2.5;0;441;117;105;71;95460;1.34;0.36;0.24;0.24
1993;10;8;281;16.6;12.5;9.4;12;10.1;7.1;-1.5;-0.1;0.13;1.8;2.5;0;238;62;64;42;95130;0.73;3.2;0.24;0.24
1993;10;9;282;12.5;9.9;5.9;10;7.6;4.2;2.3;0.8;0.13;1.7;2.5;0;288;58;88;44;95540;1.08;3.16;0.24;0.24
1993;10;10;283;14.2;9.7;3.4;7.8;5.8;2.5;-0.5;2.1;0.13;1.7;2.5;0;349;87;85;57;95705;0.87;0;0.24;0.24
1993;10;11;284;16.4;12.6;9.5;12;10;7.6;0.8;2.4;0.13;1.7;2.5;0;259;65;61;41;95222;1.12;4.16;0.24;0.24
1993;10;12;285;19.8;13.6;9.1;11.5;9.2;7.2;0.2;2.2;0.13;1.7;2.5;0;389;104;95;63;94679;1.56;4.23;0.24;0.24
1993;10;13;286;17.5;12.5;8.7;9.9;8.2;7.1;0;2.3;0.13;1.7;2.5;0;419;112;109;72;95027;1.45;0.24;0.24;0.24
1993;10;14;287;14.6;12.8;10.1;11.1;8.4;5.8;1.4;2.4;0.13;1.7;2.5;0;222;57;84;55;94476;1.23;2.91;0.25;0.24
1993;10;15;288;13.4;10;7.5;8.3;6.5;4.5;2.3;2;0.13;1.7;2.5;0;373;82;87;53;95281;1.52;8.15;0.25;0.24
1993;10;16;289;9.8;6.6;3.8;6.1;2.7;1.1;0.4;-0.1;0.13;1.6;2.5;0;385;95;114;56;96206;1.14;0.11;0.25;0.24
1993;10;17;290;5.7;4.4;3.2;3.2;1.8;0.2;-1.8;-2.2;0.13;1.6;2.5;0;64;18;55;25;96563;1.08;7.11;0.25;0.24
1993;10;18;291;5.4;3.3;1.9;0;-1.5;-2.8;-3.6;-1.2;0.13;1.6;2.5;0;278;71;76;50;97624;0.77;0;0.26;0.24
1993;10;19;292;8.4;3.8;0.1;2.9;0.6;-2.3;-2.4;-0.1;0.12;1.6;2.5;0;380;99;98;69;97415;0.69;0;0.25;0.24
1993;10;20;293;7.2;5.4;3.3;4;3.2;2.2;0.7;0.7;0.12;1.6;2.5;0;148;35;25;14;96640;0.39;0.21;0.25;0.24
1993;10;21;294;6.5;4.8;3.6;3.7;2.6;1.2;1.4;0.8;0.12;1.6;2.5;0;191;45;49;29;95772;0.66;1.46;0.25;0.24
1993;10;22;295;4.5;3.5;3;3;2.6;2.1;-2.5;-2.8;0.12;1.6;2.5;0;101;22;25;13;95914;1.25;8.43;0.26;0.24
1993;10;23;296;5.5;4.5;3.4;4.7;4;2.8;-3.3;-3.1;0.12;1.6;2.5;0;54;11;7;3;95791;0.72;8.27;0.27;0.24
1993;10;24;297;3.8;3;2.3;3.4;2.2;0.9;-2;-3;0.12;1.6;2.5;0;46;10;8;5;96041;0.69;4.97;0.27;0.24
1993;10;25;298;4.7;3.2;2.4;1.6;0.9;0;-0.6;-1.7;0.12;1.6;2.5;0;129;27;38;16;96863;0.33;0.11;0.27;0.24
1993;10;26;299;6.2;3.3;0.6;0.9;0.2;-0.4;-1;-0.5;0.12;1.6;2.5;0;259;65;81;46;97102;0.49;0.02;0.27;0.24
1993;10;27;300;8.3;2.8;-1.1;0.9;-0.1;-1.7;-1.5;-0.8;0.12;1.6;2.5;0;382;91;114;75;97081;0.59;0;0.27;0.24
1993;10;28;301;9.5;3.1;-1.5;2.5;0.3;-2.3;-2.1;-0.6;0.12;1.6;2.5;0;372;91;110;76;96955;0.57;0;0.27;0.24
1993;10;29;302;9;4.3;1.5;2.7;1.2;-0.1;-3.3;-0.6;0.12;1.6;2.5;0;346;85;108;74;96971;0.59;0;0.26;0.24
1993;10;30;303;8.8;4.2;1.5;2.4;1.3;0.2;-3;-0.4;0.12;1.6;2.5;0;363;86;111;81;96956;0.59;0;0.26;0.24
1993;10;31;304;8.2;2.9;-0.1;2.3;0.6;-0.9;-2;-0.3;0.12;1.6;2.5;0;363;84;113;77;96622;0.47;0.01;0.26;0.24
1993;11;1;305;8.3;2.4;-1.3;2.7;0.2;-1.9;-1.7;0.2;0.12;1.6;2.5;0;339;79;103;66;96201;0.49;0;0.26;0.24
1993;11;2;306;10.1;3.2;-1.8;4.6;1.2;-2.3;-1.6;0.2;0.12;1.6;2.5;0;346;82;101;64;95725;0.48;0;0.26;0.24
1993;11;3;307;10.4;4;0.3;5.2;2.3;0.1;-1.4;0.1;0.12;1.6;2.5;0;332;77;97;58;95649;0.47;0;0.26;0.25
1993;11;4;308;8.6;2.9;-0.7;4.9;1.9;-0.8;-1.4;-0.2;0.12;1.6;2.5;0;290;65;105;53;95702;0.31;0.01;0.26;0.25
1993;11;5;309;7.3;4.6;1.1;6.9;3.6;0.9;-2.6;-0.7;0.12;1.6;2.5;0;244;53;77;24;95387;0.36;0.11;0.26;0.25
1993;11;6;310;8.9;7.7;6;7.9;7.1;5.6;-3.5;-1.1;0.12;1.6;2.5;0;32;8;5;3;94700;0.51;8.41;0.26;0.25
1993;11;7;311;7.1;6.5;5.8;6.5;6.2;5.6;0.3;1.2;0.12;1.6;2.5;0;46;9;9;3;94828;0.24;2.53;0.26;0.25
1993;11;8;312;6.2;5.6;5.1;5.6;5.2;4.8;2.1;0.3;0.11;1.5;2.5;0;65;14;10;6;95552;0.49;4.36;0.27;0.25
1993;11;9;313;5.9;4.4;2;4.7;2.8;1.5;1.8;-0.3;0.11;1.5;2.5;0;145;32;50;25;96179;0.63;1.06;0.27;0.25
1993;11;10;314;7;4;0.6;2.8;1.6;0.4;-0.3;1.4;0.11;1.5;2.5;0;209;41;65;35;96366;0.38;0.24;0.27;0.25
1993;11;11;315;6.8;5.1;3.1;6;3.9;2.3;0.6;1.6;0.11;1.5;2.5;0;48;11;56;16;96134;0.37;5.78;0.27;0.25
1993;11;12;316;5.4;2.4;0.3;2.4;1.4;0;0.8;1.1;0.11;1.5;2.5;0;148;33;61;42;96746;0.45;0.86;0.27;0.25
1993;11;13;317;3.6;0.8;-2.3;1;-0.5;-2.6;0.1;1;0.11;1.5;2.5;0;143;28;59;26;96802;0.32;0.1;0.27;0.25
1993;11;14;318;7.1;3.2;0.5;5.4;0.7;-1;1.4;3.5;0.14;1.5;2.5;1.67;47;11;57;22;95504;0.95;6.89;0.27;0.25
1993;11;15;319;2.5;1.2;0.2;2.3;0.4;-1.6;3.1;-0.6;0.19;1.5;2.5;5.34;97;17;38;14;95789;0.58;9.82;0.27;0.25
1993;11;16;320;1.3;0;-1.7;-1.6;-3.4;-4.5;-0.6;-3.1;0.2;1.5;2.5;6.26;153;33;72;38;97258;0.56;0.14;0.28;0.25
1993;11;17;321;0.3;-1;-2;-4.4;-5.7;-6.9;-2.1;-1.2;0.2;1.5;2.5;6.23;112;28;57;37;97654;0.38;0.06;0.27;0.25
1993;11;18;322;-0.2;-2.4;-4;-6.8;-8.1;-9.9;-3;-0.7;0.2;1.5;2.5;6.08;263;58;108;80;97596;0.46;0;0.27;0.25
1993;11;19;323;-0.4;-3.5;-5.6;-9.3;-10.4;-11.8;-2.6;-0.8;0.19;1.5;2.5;5.91;263;59;111;89;97023;0.23;0;0.27;0.25
1993;11;20;324;-2.6;-4.7;-6.3;-9.6;-10.5;-11.4;-3.3;-0.5;0.19;1.6;2.5;5.81;258;55;104;73;96238;0.22;0.04;0.27;0.25
1993;11;21;325;-2.8;-5;-7.4;-8.5;-9.2;-10.1;-2.1;0.1;0.2;1.6;2.5;6.05;120;25;71;45;95940;0.13;0.57;0.27;0.25
1993;11;22;326;-2.5;-5.9;-9.3;-7.5;-9;-11;0.3;-0.8;0.2;1.6;2.5;6.21;184;37;77;56;96347;0.09;0.09;0.27;0.25
1993;11;23;327;-0.7;-4.2;-6.8;-7.6;-8.2;-9.1;-0.3;1.2;0.2;1.6;2.5;6.29;195;43;91;58;96488;0.11;0.06;0.27;0.25
1993;11;24;328;0.2;-3.5;-5.7;-7.6;-9;-10.3;-1.6;0.2;0.2;1.6;2.5;6.21;201;44;82;58;96612;0.11;0;0.27;0.25
1993;11;25;329;2.7;-2.5;-5.3;-3.1;-5.6;-7.8;-1.3;0.3;0.19;1.6;2.5;5.96;237;52;100;65;97110;0.08;0;0.26;0.25
1993;11;26;330;-0.6;-3.5;-5.1;-6;-7.2;-9.5;-2.4;-0.7;0.19;1.6;2.5;5.78;206;42;80;54;97088;0.11;0.01;0.26;0.25
1993;11;27;331;-2.5;-5.2;-7.4;-9.3;-9.9;-10.4;-2;-0.7;0.19;1.6;2.5;5.68;197;42;86;64;96831;0.06;0;0.26;0.25
1993;11;28;332;-4;-5.6;-7.6;-5.9;-9.2;-10.9;-0.1;-1.4;0.19;1.6;2.5;5.77;147;33;63;37;96768;0.07;1.04;0.26;0.25
1993;11;29;333;-3.9;-6.4;-11.7;-5.9;-9.4;-13.6;-1.6;-0.4;0.23;1.6;2.5;7.42;131;31;74;44;96806;0.11;0.95;0.26;0.25
1993;11;30;334;-1.1;-6.4;-12.7;-5.2;-8.7;-13.8;-2.1;0.4;0.23;1.6;2.5;7.45;207;45;93;64;96009;0.06;0;0.26;0.25
1993;12;1;335;-1;-4.5;-6.8;-5.2;-6.8;-8.3;-0.9;0.8;0.23;1.6;2.5;7.41;202;42;97;51;95398;0.11;0.07;0.26;0.25
1993;12;2;336;2.6;-0.2;-3.4;2.6;-1.1;-5.6;2.2;1.8;0.24;1.6;2.5;8.27;63;10;19;6;96190;-0.03;2.64;0.26;0.25
1993;12;3;337;4.7;3.6;2.7;4.5;3.5;2.6;2.6;1.6;0.21;1.7;2.5;6.48;47;8;10;2;96602;-0.46;0.91;0.26;0.25
1993;12;4;338;6.8;3.8;0.3;5.2;2.3;-0.2;1.6;2.1;0.17;1.7;2.5;4.08;211;41;81;38;96197;0.06;0.44;0.26;0.25
1993;12;5;339;6.5;2.9;0.2;5.8;2.2;-0.2;2.5;0;0.14;1.7;2.5;1.88;96;20;40;12;96731;0.09;0.58;0.27;0.25
1993;12;6;340;2.1;0.5;-1.3;1.1;0;-1.7;0.4;1;0.13;1.7;2.5;1.7;85;15;39;14;96830;0.07;0.06;0.27;0.25
1993;12;7;341;1.5;-0.3;-2.2;0.5;-1.4;-2.6;1.5;2.4;0.13;1.7;2.5;2.01;76;16;45;21;95606;0.17;3.59;0.27;0.25
1993;12;8;342;7.1;1.6;-0.7;5.8;0.6;-1.6;3.3;2.1;0.19;1.7;2.5;5.85;112;20;53;19;94903;0.26;8.03;0.27;0.25
1993;12;9;343;7.8;5.5;3.3;6;3.2;1.1;7.7;2.2;0.16;1.7;2.5;3.66;102;20;48;29;94560;1.86;8.52;0.28;0.25
1993;12;10;344;6.7;4.3;2.3;5.5;3;0.9;2.7;2;0.13;1.7;2.5;1.8;82;15;38;16;95407;0.44;9.24;0.28;0.25
1993;12;11;345;7.5;1.6;-1;5.9;0.6;-2.2;4.4;1.1;0.13;1.7;2.5;1.4;122;25;59;31;94874;0.7;4.8;0.29;0.25
1993;12;12;346;1.7;0.2;-1;-0.3;-1.3;-2.4;3.8;0.6;0.16;1.7;2.5;3.46;178;29;66;25;95720;0.34;1.99;0.29;0.26
1993;12;13;347;6.2;3.7;0.2;4.1;2.3;-0.7;2.8;3;0.25;1.7;2.5;8.83;17;4;17;7;94610;0.26;17.34;0.29;0.26
1993;12;14;348;5.5;3.7;2.3;4.2;2.6;1.8;2.7;2;0.18;1.7;2.5;4.44;101;21;49;20;94630;0.43;6.46;0.3;0.26
1993;12;15;349;3.5;2;0.8;1.7;0.3;-0.7;0.9;3.4;0.16;1.7;2.5;3.34;138;29;92;36;94149;0.69;3.49;0.31;0.26
1993;12;16;350;2.8;1.6;0.6;0.6;0.2;-0.3;3.7;2.7;0.16;1.7;2.5;3.57;161;29;71;34;93989;0.92;4.38;0.31;0.26
1993;12;17;351;1.6;1.2;0.6;1.4;0.6;-0.8;4.1;0.8;0.18;1.7;2.5;5.26;85;16;48;20;95379;0.4;5.1;0.3;0.26
1993;12;18;352;5.9;4.4;1.2;5.5;4;1.1;2.2;1.4;0.17;1.7;2.5;4.48;49;9;46;10;96512;-0.16;3.14;0.31;0.26
1993;12;19;353;9.9;6.2;2.3;8.7;4.8;1.5;3.4;3.5;0.14;1.7;2.5;2.24;57;9;69;19;95655;0.81;9.81;0.31;0.27
1993;12;20;354;9.8;3.1;0.9;8.8;2.4;0.4;1.5;0;0.17;1.6;2.5;4.4;20;4;17;3;94892;0.62;41.14;0.32;0.27
1993;12;21;355;9.5;4.9;-0.1;7.7;3.3;-1.7;5;1.4;0.18;1.6;2.5;4.44;117;20;48;21;94158;1.05;18.28;0.35;0.27
1993;12;22;356;2.2;0.4;-1.5;0.5;-2;-4;4;2.2;0.2;1.6;2.5;5.98;99;21;49;29;95037;0.64;7.69;0.34;0.28
1993;12;23;357;2.5;1.1;-0.7;1.3;-0.1;-2.2;3.4;2.1;0.25;1.6;2.5;9.89;128;26;68;38;94773;0.39;7.35;0.33;0.29
1993;12;24;358;1.6;0.3;-1.1;0.8;-1.6;-3.4;0.8;2.1;0.28;1.6;2.5;11.71;94;17;50;30;93775;0.39;3.07;0.32;0.29
1993;12;25;359;0.7;-1;-2.3;-2.1;-2.8;-4.1;2.5;0.2;0.29;1.6;2.5;12.88;89;18;54;26;93677;0.36;2.1;0.31;0.29
1993;12;26;360;-1;-2.2;-3.9;-3.3;-4.6;-6.4;3.5;1.5;0.31;1.5;2.5;14.61;87;13;45;21;94450;0.38;1.56;0.31;0.3
1993;12;27;361;0;-1.3;-2.4;-1.8;-2.8;-3.6;2.1;0.9;0.33;1.5;2.5;16.61;114;20;74;28;95229;0.14;2.04;0.3;0.3
1993;12;28;362;-0.5;-1.8;-3.4;-3.4;-4;-5.4;0.9;1.5;0.34;1.5;2.5;17.47;69;14;51;25;95722;0.18;0.29;0.3;0.3
1993;12;29;363;0.4;-3;-8.5;-1.3;-4.7;-9.4;-0.2;2.4;0.34;1.5;2.5;17.4;79;15;63;32;95932;0.12;1.35;0.29;0.3
1993;12;30;364;6;3.5;-0.4;3.4;1.5;-2.7;2.9;2.7;0.31;1.5;2.5;15.67;70;13;65;17;95724;0.21;5.63;0.3;0.3
1993;12;31;365;7.8;6.7;5.4;5.3;2.9;-4.3;3.8;3;0.22;1.4;2.5;7.83;106;19;58;23;95057;0.79;12.19;0.31;0.3
1994;1;1;1;5.8;1.6;-1.5;4.7;0.5;-2.4;2.8;-0.4;0.15;1.4;2.5;3.46;117;22;73;40;95320;0.28;1.21;0.31;0.3
1994;1;2;2;3.7;0.7;-1.4;2.4;-0.9;-2.9;2;2.4;0.19;1.4;2.5;5.76;66;13;43;25;94892;0.35;7.06;0.31;0.3
1994;1;3;3;4;3;2.3;2.4;1.8;1.4;2.4;1.5;0.2;1.4;2.5;5.94;143;21;47;18;94881;0.4;5.94;0.31;0.3
1994;1;4;4;6;4.4;2.8;4.1;2.8;1.8;1.7;2.6;0.15;1.4;2.5;3.12;175;31;66;36;94578;0.38;2.94;0.32;0.3
1994;1;5;5;5.2;3.5;2.1;1.8;1.3;0.8;2;3.1;0.13;1.4;2.5;1.89;134;25;50;24;94328;1.24;6.48;0.31;0.3
1994;1;6;6;6.6;4.3;2;1.5;0.2;-0.8;-1.4;2;0.12;1.3;2.5;1.19;165;27;59;29;93726;0.73;3.16;0.32;0.3
1994;1;7;7;10.6;6.3;3;2.9;0.6;-2.1;-1.3;1.9;0.12;1.3;2.5;0.8;181;35;75;56;94070;0.37;0;0.31;0.31
1994;1;8;8;4.4;2.7;0.9;2.3;1.6;0.3;0.8;-0.2;0.11;1.3;2.5;0.6;91;18;38;17;95451;0.24;2.92;0.31;0.31
1994;1;9;9;4.6;2.4;0.5;2.6;1.5;0;-1;-0.1;0.12;1.3;2.5;0.74;149;30;42;21;95554;0.23;0.28;0.3;0.31
1994;1;10;10;4.6;2.4;0.9;2.4;1.7;0.5;-2;0.3;0.11;1.3;2.5;0.57;135;30;53;27;94759;0.13;0.1;0.3;0.31
1994;1;11;11;3.4;2.3;1.6;1.9;1.3;0.7;0.7;0.1;0.11;1.2;2.5;0.42;63;13;22;11;94822;0.22;0.95;0.3;0.31
1994;1;12;12;6.4;3.8;1.9;4.9;1.9;0.7;1.2;2.5;0.11;1.2;2.5;0.31;110;22;57;16;95762;0.49;1.79;0.29;0.31
1994;1;13;13;9.9;7.4;5.1;7.3;4.9;2.8;3.8;2.3;0.11;1.2;2.5;0.09;74;11;61;25;95806;1.04;4.4;0.29;0.31
1994;1;14;14;5.7;4.4;2.6;4.3;2.6;0.5;3.4;1.7;0.11;1.2;2.5;0.01;160;33;83;38;95849;0.87;3;0.29;0.31
1994;1;15;15;3.1;1.5;-1;1.2;-0.1;-1.8;2.3;0.8;0.11;1.2;2.5;0.02;161;36;71;44;95486;0.56;1.21;0.29;0.31
1994;1;16;16;2.5;-0.5;-2.4;-1.4;-2.6;-3.4;-0.7;-0.7;0.11;1.2;2.5;0.04;190;42;87;57;94862;0.14;0.18;0.29;0.31
1994;1;17;17;-1.1;-2.4;-5;-2.6;-6.9;-10.6;-0.3;-2.1;0.12;1.2;2.5;0.87;179;35;91;51;95807;0.09;0.86;0.29;0.31
1994;1;18;18;-0.9;-3.7;-6.2;-8.2;-9.1;-10.2;1.6;1.4;0.12;1.2;2.5;1.05;270;58;112;80;97120;0.06;0;0.28;0.31
1994;1;19;19;1.2;-2.6;-4.7;-7.1;-8.8;-10.9;1.2;1.4;0.12;1.2;2.5;1.03;268;57;111;82;96734;0.04;0;0.28;0.31
1994;1;20;20;-0.6;-2.4;-4.8;-2.7;-4.4;-7.4;1.2;0.3;0.12;1.1;2.5;1.17;74;18;68;31;96786;0;0.29;0.28;0.31
1994;1;21;21;0;-2.7;-4.2;-3.4;-5.8;-7.3;1.5;0.5;0.13;1.1;2.5;1.32;278;56;112;66;97126;0.06;0;0.27;0.31
1994;1;22;22;0.9;-1.4;-4;-0.8;-4;-6.3;1.7;1.4;0.13;1.1;2.5;1.36;126;25;58;23;97184;0.05;0.78;0.27;0.31
1994;1;23;23;5.3;2.8;0;4.8;2.5;-0.5;4;1.8;0.13;1.1;2.5;1.19;39;7;15;0;96413;-0.02;10.3;0.27;0.31
1994;1;24;24;3;1.4;0.1;1.1;0;-1.8;3.4;-0.4;0.12;1.1;2.5;1.06;138;30;49;29;95999;0.51;2.38;0.28;0.3
1994;1;25;25;7.6;4.1;0.5;7.1;3.7;0.2;3.7;1.1;0.12;1.1;2.5;0.95;36;7;37;6;95394;-0.01;8.73;0.28;0.3
1994;1;26;26;6;2.4;0.1;5.1;1.3;-1.3;5;0.4;0.12;1.1;2.4;0.88;129;31;69;35;95105;0.87;7.85;0.29;0.3
1994;1;27;27;4.6;2.6;0.5;3.1;1.2;-1.4;4.9;2.4;0.13;1.1;2.4;2.13;97;17;36;12;95824;1.01;9.39;0.29;0.3
1994;1;28;28;5.3;1;-1.6;3.2;-2.3;-6.4;6.4;0.2;0.15;1.1;2.4;3.55;197;42;74;44;95257;1.17;9.01;0.29;0.3
1994;1;29;29;0.8;-0.9;-1.8;-4;-5.1;-6.5;4.4;-0.5;0.18;1.1;2.4;5.47;175;40;62;37;97029;0.43;1.77;0.29;0.3
1994;1;30;30;2.5;1.3;-1;1.6;-0.4;-3.7;4.1;1.2;0.21;1.1;2.4;7.2;123;24;29;9;96445;0.3;4.86;0.29;0.3
1994;1;31;31;3;1.1;0;0.5;-1.4;-2.4;4.4;-0.6;0.21;1.1;2.4;7.08;192;47;70;44;96361;0.67;1.07;0.29;0.3
1994;2;1;32;3.1;0.7;-1.6;-1.1;-2;-3.1;1.2;1.5;0.2;1.1;2.4;6.84;226;50;82;52;96244;0.27;0;0.29;0.3
1994;2;2;33;4.5;2.5;0.5;3.2;0.9;-2.3;2.1;0.7;0.19;1.1;2.4;5.79;110;23;67;19;95817;0.24;5.7;0.29;0.3
1994;2;3;34;2;0.7;0.1;0.4;-0.3;-0.7;-1.9;0;0.28;1.1;2.4;10.89;81;18;31;9;94972;0.23;5.79;0.29;0.3
1994;2;4;35;5.7;1.6;-1.3;1.1;-0.3;-2.2;-3;0;0.28;1.1;2.4;10.64;186;41;76;49;94693;0.2;0;0.29;0.3
1994;2;5;36;5.3;1.7;-2;0.8;-0.1;-2.7;-2.7;0.1;0.24;1.1;2.4;8.3;246;58;92;62;95044;0.22;0.05;0.29;0.3
1994;2;6;37;5.6;0.9;-2.8;1;-0.9;-3.4;0.3;0.1;0.21;1.1;2.4;6.47;274;63;87;41;95522;0.23;0.02;0.28;0.3
1994;2;7;38;3.6;1.5;0.4;0.4;-0.1;-0.6;-0.8;-0.4;0.19;1.1;2.4;5.4;141;29;36;18;95652;0.16;1.34;0.28;0.3
1994;2;8;39;2;0.6;-0.6;0.8;-0.2;-1.4;-0.1;-1.5;0.24;1.1;2.4;8.16;68;16;26;12;95949;0.16;5.55;0.28;0.3
1994;2;9;40;2.6;0.7;-0.6;-0.3;-1.1;-1.8;1.7;0.8;0.26;1.1;2.4;9.22;131;29;58;22;96708;0.38;1.27;0.28;0.3
1994;2;10;41;3.1;0.6;-1.6;1.4;-0.5;-2.8;2.2;0.5;0.28;1.1;2.4;10.77;204;44;74;32;95837;0.24;4.83;0.28;0.3
1994;2;11;42;2.6;-0.3;-2;-1.8;-2.8;-3.9;-0.1;-1.8;0.3;1.1;2.4;11.85;182;44;77;41;96244;0.49;0.95;0.28;0.3
1994;2;12;43;0.6;-1.6;-3.9;-4;-5.6;-9;-2.6;-2.1;0.3;1.1;2.4;11.87;218;49;76;40;96578;0.69;0.4;0.28;0.3
1994;2;13;44;-4.3;-7.4;-10.5;-9.7;-13.6;-16;-4.4;-1.5;0.29;1.1;2.4;11.72;244;58;81;55;96501;0.64;0.22;0.27;0.3
1994;2;14;45;-4.5;-8;-10.8;-14.8;-16.6;-17.6;-6;0.1;0.29;1.1;2.4;11.2;322;80;104;88;96620;0.85;0;0.27;0.3
1994;2;15;46;-1.5;-6.2;-8.9;-11.5;-14.3;-17.8;-4.5;0.5;0.27;1.1;2.4;10.44;341;85;114;95;96646;0.63;0;0.27;0.3
1994;2;16;47;-1.5;-6.6;-10.3;-11.3;-13.2;-15.3;-3.3;0.3;0.26;1.1;2.4;9.99;352;89;119;98;96697;0.45;0;0.27;0.3
1994;2;17;48;-3.8;-10.1;-17.1;-12.5;-16.4;-20.5;-1.8;0;0.26;1.1;2.4;9.66;339;88;120;86;96251;0.26;0;0.26;0.3
1994;2;18;49;-2.7;-10.2;-18.2;-11;-15.9;-22.6;-1.4;-0.9;0.25;1.1;2.4;9.37;359;91;121;81;96238;0.26;0;0.26;0.3
1994;2;19;50;-2.3;-10.3;-19.2;-9.8;-16.3;-22.1;-0.8;0.2;0.25;1.1;2.4;9.11;359;91;118;75;96374;0.26;0;0.26;0.3
1994;2;20;51;2.4;-4.3;-11.8;-4.3;-8.8;-15;-0.6;2;0.24;1.1;2.4;8.83;338;84;100;57;95389;0.31;0.68;0.26;0.3
1994;2;21;52;1.5;-1.2;-5;-1.1;-4.7;-7.9;0.3;1.2;0.27;1.1;2.4;10.2;188;52;86;38;95511;0.29;1.79;0.26;0.3
1994;2;22;53;2.3;-0.1;-5.7;2.1;-1.1;-8.2;0.7;1.9;0.27;1.1;2.4;10.48;145;27;30;10;95505;-0.04;5.21;0.26;0.3
1994;2;23;54;6.9;3.5;1.7;3.2;2.1;1.1;0.8;1.3;0.23;1.1;2.5;7.78;248;56;51;22;94905;0.13;3.86;0.26;0.3
1994;2;24;55;7;3.9;1.2;3.1;1.9;0.7;2;1.2;0.18;1.2;2.5;4.5;237;62;64;22;94714;0.35;2.73;0.27;0.3
1994;2;25;56;6.4;3.1;0.1;3.1;2;0;1.6;0.9;0.16;1.2;2.5;3.03;199;41;47;16;95731;0.3;0.61;0.27;0.3
1994;2;26;57;11.1;4.7;-0.3;4.4;2.3;-0.4;-0.4;2;0.14;1.2;2.5;1.93;335;79;93;42;95893;0.42;0;0.27;0.3
1994;2;27;58;13.8;6.1;0.2;5.6;2.2;-1.2;-0.2;1.9;0.13;1.2;2.5;1.04;386;99;96;67;95260;0.54;0;0.27;0.3
1994;2;28;59;11;6;2.1;6.1;3.4;0.8;1;0.9;0.12;1.2;2.5;0.56;304;72;67;36;95223;0.42;0.62;0.26;0.3
1994;3;1;60;11.5;5.5;0.2;7.2;3.9;-0.1;0.6;0.9;0.12;1.2;2.5;0.32;365;87;76;40;95615;0.6;4.3;0.26;0.3
1994;3;2;61;6.1;4.1;3.1;3.9;2;-2.3;3.1;1;0.12;1.2;2.5;0.16;353;73;82;23;96129;0.93;5.53;0.27;0.3
1994;3;3;62;8;4.4;1;3.6;0.3;-2.5;2.8;0.9;0.11;1.2;2.5;0.1;317;85;102;39;96267;1.02;4.86;0.27;0.3
1994;3;4;63;6.2;3;-1.4;3.7;-1.3;-3.9;3.6;-1.4;0.12;1.2;2.5;0.18;379;92;97;54;96756;1.51;2.71;0.27;0.3
1994;3;5;64;10.6;3.6;-2.3;-1.3;-3;-4.4;-1;2.3;0.12;1.2;2.5;0.15;476;131;118;86;96631;0.85;0;0.27;0.3
1994;3;6;65;8.7;5.1;1.6;4.9;0.2;-3.3;2.6;0;0.12;1.3;2.5;0.09;474;106;112;56;96462;0.96;1.04;0.27;0.29
1994;3;7;66;6.7;4.1;1.2;4.9;1.7;-1.8;3.7;1.1;0.12;1.3;2.5;0.05;309;54;56;23;96317;0.81;2.23;0.27;0.29
1994;3;8;67;7.5;6.6;5.3;7.4;6.4;5;2.9;0.8;0.12;1.3;2.5;0.01;48;14;3;1;96415;0.1;1.83;0.27;0.29
1994;3;9;68;13.7;9.6;7.3;9.2;8;7.2;1.6;1.4;0.12;1.3;2.5;0;195;47;59;21;96510;0.46;0.46;0.26;0.29
1994;3;10;69;11.9;7.6;1.4;8.3;4.1;-1.4;1.3;-0.8;0.12;1.3;2.5;0;389;102;109;67;96846;0.82;0;0.26;0.29
1994;3;11;70;12.8;5.9;-1.1;4.1;1;-3.5;-1.5;1.1;0.12;1.3;2.5;0;516;142;116;82;96777;1.02;0;0.26;0.29
1994;3;12;71;13.8;6.8;1.9;8.5;5.1;1.6;1.6;1;0.12;1.3;2.5;0;423;100;80;45;95910;1;5.68;0.26;0.29
1994;3;13;72;6.1;4.8;2.6;5.3;2.8;0.7;4.9;2.2;0.12;1.3;2.5;0;231;36;49;23;95206;1.94;11.28;0.26;0.29
1994;3;14;73;9.3;5.6;2.7;3.9;0.7;-1.7;6.2;0.7;0.12;1.3;2.5;0;292;86;63;38;95945;1.12;0.57;0.27;0.29
1994;3;15;74;7.2;6.5;5.7;5.6;4.9;4.2;5.6;2;0.12;1.4;2.5;0;88;23;20;8;95676;1.58;10.44;0.27;0.29
1994;3;16;75;6.6;3.6;1.8;3.7;1;-0.2;4.5;0.5;0.12;1.4;2.5;0.03;469;126;95;50;95554;1.93;5.25;0.27;0.29
1994;3;17;76;4.6;2.1;0.3;0.6;-2.6;-7.3;5.9;0.4;0.14;1.4;2.5;1.84;501;142;111;64;95464;1.66;4.27;0.28;0.29
1994;3;18;77;5.1;1.9;-0.6;3.6;-0.6;-4.1;3.4;1.8;0.15;1.4;2.5;2.4;427;95;65;38;95726;0.92;6.86;0.27;0.29
1994;3;19;78;6.5;4.7;1.1;4.7;3.1;-0.7;5.2;2.1;0.15;1.4;2.5;1.68;124;29;38;14;94896;1.86;11.65;0.28;0.29
1994;3;20;79;4.1;1.3;-1.5;-1.1;-2.5;-4.7;3.4;-0.2;0.14;1.4;2.5;1.14;369;101;79;59;95508;1.11;1.23;0.29;0.29
1994;3;21;80;8.5;3.7;-1.5;0.5;-1.4;-2.7;0.5;0.1;0.14;1.5;2.5;1.02;369;107;91;49;95708;0.88;0;0.28;0.29
1994;3;22;81;10.5;5.8;0.7;4.8;0.4;-1.5;1;0.3;0.13;1.5;2.5;0.64;456;121;93;45;96437;1.13;1.84;0.28;0.29
1994;3;23;82;10.8;8.5;5.8;6.6;5.7;4.9;3.9;1.8;0.13;1.5;2.5;0.23;156;37;18;10;96421;0.91;2.32;0.28;0.29
1994;3;24;83;11.7;9.8;5.9;8.4;6.9;3.4;6.2;1;0.13;1.5;2.5;0.01;259;61;58;30;95777;1.85;4.78;0.28;0.29
1994;3;25;84;13.7;9.2;5.4;9.2;6.5;3.1;4.5;1.4;0.13;1.5;2.5;0;247;52;54;25;95256;1.54;8.43;0.29;0.29
1994;3;26;85;8.8;5;1.3;7.2;1.2;-1.8;4.1;-1.3;0.13;1.5;2.5;0;509;147;100;65;95298;2.09;3.26;0.29;0.29
1994;3;27;86;5.3;1.8;-1.7;-1.8;-4.6;-7.1;1;-1.2;0.13;1.5;2.5;0.27;410;131;101;71;96393;1.13;0.39;0.29;0.29
1994;3;28;87;9.9;4.1;-1.7;2;-3.2;-7.2;-0.7;2;0.13;1.6;2.5;0.25;566;169;122;74;96277;1.35;0.2;0.28;0.29
1994;3;29;88;11.4;8.3;4.6;8.2;6.4;2.4;2.5;1.5;0.13;1.6;2.5;0.11;178;39;38;16;96428;0.65;1.18;0.28;0.29
1994;3;30;89;15.9;10.7;5.8;7.9;6.1;4.8;0;1.4;0.13;1.6;2.5;0;544;146;111;65;96348;1.51;0;0.28;0.29
1994;3;31;90;16.3;10.3;6.2;8.1;6.4;4.6;1.6;2.3;0.13;1.6;2.5;0;436;122;88;59;95404;1.44;1.8;0.28;0.29
1994;4;1;91;14.5;9.3;5.4;8.6;5.4;1.5;1.6;3.3;0.13;1.6;2.5;0;387;96;88;44;94339;2.35;7.03;0.28;0.29
1994;4;2;92;6.7;3.9;0.1;1.3;0;-1;3.6;0.2;0.13;1.6;2.5;0;502;148;91;68;94781;1.82;2.55;0.28;0.29
1994;4;3;93;5.8;1.9;-1.8;3.3;0.2;-2.5;1.8;0.4;0.13;1.7;2.5;0.12;434;131;97;62;95867;1.34;2.58;0.28;0.29
1994;4;4;94;6.9;2.7;-2.3;4.4;-0.1;-3.7;1.5;3.4;0.13;1.7;2.5;0.14;348;88;78;42;95231;1.44;9.09;0.28;0.29
1994;4;5;95;7.4;3.1;-0.2;-0.8;-3.8;-5.4;2.6;1.6;0.13;1.7;2.5;0.13;545;173;121;82;95483;1.83;0.65;0.28;0.29
1994;4;6;96;7.1;2.7;-1.1;-1.2;-3.2;-5.3;1.7;-0.3;0.14;1.7;2.5;0.17;447;143;94;63;95301;1.33;0.53;0.28;0.29
1994;4;7;97;8;2.9;-1.9;0.4;-2.1;-3.4;0.3;0.1;0.14;1.7;2.5;0.14;538;178;123;83;94732;1.59;0.94;0.28;0.29
1994;4;8;98;9.3;3.8;-1.5;3;-0.3;-3.4;1;0.8;0.14;1.7;2.5;0.06;604;170;110;74;94940;1.51;1.85;0.28;0.29
1994;4;9;99;5.9;2.6;0;1.4;-0.5;-1.8;0.7;2.9;0.15;1.7;2.5;0.92;338;81;79;49;94359;1.29;4;0.28;0.29
1994;4;10;100;7;2.6;-1.2;-0.9;-2.4;-4.3;0.1;-0.8;0.15;1.8;2.5;1.08;413;141;84;64;94476;1.27;0.29;0.27;0.29
1994;4;11;101;3.6;1.1;-2.7;2;-0.4;-3.6;-0.4;-2;0.16;1.8;2.5;2.18;219;61;71;30;95229;0.57;6.8;0.27;0.29
1994;4;12;102;5.7;3.5;1.4;5.5;2.8;0.5;0.6;-1.9;0.18;1.8;2.5;3.71;146;31;29;7;94890;0.42;20.67;0.28;0.29
1994;4;13;103;8.4;5.1;3.2;4.6;2.7;0.7;1.1;-1.3;0.17;1.8;2.5;2.38;429;105;71;27;94366;1.45;7.57;0.3;0.29
1994;4;14;104;6.1;3.1;-0.3;2.6;-0.2;-2.6;3;-0.1;0.16;1.8;2.5;2.26;280;87;97;35;95399;1.38;3.97;0.3;0.29
1994;4;15;105;9.7;4.7;-1.5;3.2;0.8;-3;-1.4;-1.1;0.16;1.8;2.5;1.55;532;132;83;44;95869;1.13;0.18;0.3;0.29
1994;4;16;106;13.5;8.4;2.9;7.6;5;1.7;-3.5;-2;0.15;1.9;2.5;0.61;496;144;66;52;95825;1.42;1.26;0.3;0.29
1994;4;17;107;10.6;7.7;4.5;8.3;6.3;3.5;-2.4;-3.6;0.14;1.9;2.5;0.07;457;100;46;16;94867;2.07;7.24;0.29;0.29
1994;4;18;108;6.2;4;1.9;2.7;-0.9;-3.2;-0.5;-2.9;0.14;1.9;2.5;0;313;105;48;30;95276;1.51;0.42;0.3;0.29
1994;4;19;109;9.4;5;-0.9;0;-1.7;-3.3;-1.1;0;0.14;1.9;2.5;0;502;172;92;68;95271;1.7;0;0.29;0.29
1994;4;20;110;13.9;7.5;0.2;4.2;0.6;-2.5;-1.1;0.2;0.14;1.9;2.5;0;621;202;111;74;95074;2.14;0;0.29;0.29
1994;4;21;111;15.9;9.6;1.8;7.9;4.6;0.7;-0.2;-0.4;0.14;2;2.5;0;605;208;116;76;95249;2.28;1.05;0.28;0.29
1994;4;22;112;16.6;10.8;3;8.3;5.9;2.7;-1.5;-0.1;0.14;2;2.5;0;603;199;109;76;95573;2.49;0.95;0.28;0.29
1994;4;23;113;18.7;12.8;5.7;6.9;5;3.4;-2.4;0.4;0.14;2;2.5;0;679;225;126;91;95444;2.91;0.1;0.28;0.29
1994;4;24;114;19.4;13.4;6.2;6.7;5;3.8;-2;0.3;0.14;2;2.5;0;658;226;132;93;95359;2.99;0.29;0.27;0.29
1994;4;25;115;19.3;13.4;6.5;8.6;6.7;4.4;-0.8;-0.4;0.14;2;2.5;0;664;203;122;77;95251;2.63;0.38;0.27;0.29
1994;4;26;116;13.5;10.5;7.3;9.3;6.7;3.9;1.9;-1.2;0.14;2.1;2.5;0;268;83;100;38;96406;1.44;1.65;0.27;0.29
1994;4;27;117;15.4;11;5.5;8.7;6.4;2.9;1.7;0.1;0.15;2.1;2.5;0;498;158;89;59;97032;2;1.03;0.26;0.29
1994;4;28;118;17.4;12.8;7;11.6;9.8;6.6;1;-0.9;0.15;2.1;2.5;0;529;174;90;58;97365;2.09;0.88;0.26;0.29
1994;4;29;119;19.6;14.8;7.7;11.9;9.4;7.5;-0.6;-0.4;0.15;2.1;2.5;0;545;160;95;59;97247;2.13;0.03;0.26;0.29
1994;4;30;120;21.4;16.5;10.8;11.6;9.3;8;1.2;0.7;0.15;2.1;2.5;0;601;203;111;73;96536;2.78;0.09;0.26;0.29
1994;5;1;121;13.1;10.2;5.6;10.8;3.6;0.9;0.4;-2.9;0.15;2.2;2.5;0;659;225;121;77;96516;2.6;0.17;0.25;0.29
1994;5;2;122;10.5;7.8;4.7;1.8;1.3;1;-1.9;-0.7;0.15;2.2;2.5;0;327;126;76;52;96804;1.56;0.02;0.25;0.29
1994;5;3;123;16.2;10.3;4.1;3.6;2.1;0.5;-2.8;0.9;0.15;2.2;2.5;0;722;259;138;108;96336;2.87;0;0.24;0.29
1994;5;4;124;17;11.1;5.6;12;6.6;1.1;0.9;1.1;0.15;2.2;2.5;0;509;151;87;60;95690;2.24;4.07;0.24;0.29
1994;5;5;125;11.1;8.4;5.7;6.9;4.9;1.4;3.5;-0.4;0.15;2.2;2.5;0;665;195;102;61;96014;2.74;3.52;0.24;0.29
1994;5;6;126;13.6;9.1;3.5;5.2;3.4;1.7;1.1;-0.4;0.15;2.2;2.5;0;447;162;86;67;96428;2.09;0.06;0.24;0.29
1994;5;7;127;17.9;12;5.7;4.9;3.7;2.4;-2.1;0.5;0.15;2.3;2.5;0;667;223;122;78;96202;2.97;0;0.24;0.29
1994;5;8;128;17.8;12.3;6.9;4.3;1.9;-0.7;-3.1;1.2;0.15;2.3;2.5;0;735;262;144;112;95716;3.37;0;0.23;0.29
1994;5;9;129;19.1;13;5.7;6.3;3.9;1.3;-2;-0.6;0.15;2.3;2.5;0;727;260;144;107;95638;3.24;0;0.23;0.29
1994;5;10;130;15.4;11.6;7.9;8.1;6.2;4.7;-0.8;-2.5;0.15;2.3;2.5;0;410;157;96;64;95752;1.87;0.12;0.23;0.29
1994;5;11;131;16.2;11.7;5.1;5.9;4.9;3.8;-2.9;-0.5;0.15;2.3;2.5;0;537;183;103;76;95690;2.29;0.15;0.22;0.29
1994;5;12;132;17.9;12.8;7.1;8.3;6.4;4.8;-1.6;-1;0.15;2.4;2.5;0;621;218;114;83;95474;2.84;1.89;0.22;0.29
1994;5;13;133;18;13;6.7;10.5;8.6;6.2;-2.3;-0.2;0.15;2.4;2.5;0;595;227;112;80;95741;2.61;0.47;0.22;0.29
1994;5;14;134;21.6;15.7;9.9;12.1;10.1;8.7;-2.2;0.7;0.15;2.4;2.5;0;686;225;114;80;95342;2.76;1.11;0.22;0.28
1994;5;15;135;19.8;15.1;11;11;8.5;6.3;2.9;1;0.15;2.4;2.5;0;644;226;110;84;95556;3.1;0.38;0.21;0.28
1994;5;16;136;22.3;16.8;10.2;10.2;8;7.1;-0.4;0.9;0.15;2.4;2.5;0;595;214;126;82;95439;2.91;0.4;0.21;0.28
1994;5;17;137;19.6;15.8;11.5;12.3;9.9;8.8;1;0.7;0.16;2.4;2.5;0;526;180;94;68;95266;2.4;0.29;0.21;0.28
1994;5;18;138;21.9;16.4;9.6;13.3;11.4;8.8;-2.8;-1.3;0.16;2.5;2.5;0;435;155;72;53;94655;2.4;2.56;0.21;0.28
1994;5;19;139;17.4;13.2;8.8;13.1;11.1;7.2;0.5;-2.6;0.16;2.5;2.5;0;347;86;60;31;94150;1.9;9.79;0.21;0.28
1994;5;20;140;14.6;11.2;8.2;8.2;6.2;5;1.2;-1.5;0.16;2.5;2.5;0;323;112;44;30;94896;1.88;0.16;0.21;0.28
1994;5;21;141;18.3;13.2;9;11;8.4;6.5;0.7;1.6;0.16;2.5;2.5;0;435;151;73;46;95352;2.27;1.87;0.21;0.28
1994;5;22;142;18.7;14.6;11.1;11.3;8.2;5.3;2.1;1.5;0.16;2.5;2.5;0;648;222;109;71;95826;3.35;1.9;0.21;0.28
1994;5;23;143;17.4;14;11.1;12.3;9.8;7.5;1.6;0.6;0.16;2.5;2.5;0;562;149;83;49;95569;2.5;4.2;0.21;0.28
1994;5;24;144;20.8;15.5;8;12.3;9.8;7.2;-0.9;0.5;0.16;2.5;2.5;0;629;195;102;63;95453;2.67;5.75;0.21;0.28
1994;5;25;145;17.7;14.7;10.8;14.2;11.7;9.2;3;0.2;0.16;2.6;2.5;0;484;153;86;46;95469;2.55;3.68;0.21;0.28
1994;5;26;146;17.4;12.9;8.7;13.1;9.9;8.2;1.1;0.8;0.16;2.6;2.5;0;542;145;87;55;95404;2.19;5.57;0.21;0.28
1994;5;27;147;13.4;10.5;7.4;9.9;8;4.9;2.2;-0.8;0.16;2.6;2.5;0;418;115;74;45;95671;2.36;5.23;0.22;0.28
1994;5;28;148;13.8;10.4;5;7.7;5.5;3.9;0.4;0;0.16;2.6;2.5;0;409;132;71;49;96036;1.86;0.29;0.22;0.28
1994;5;29;149;15.8;11.4;7;8;6.3;5.1;1.3;-0.9;0.16;2.6;2.5;0;534;197;98;67;95999;2.67;0.67;0.21;0.28
1994;5;30;150;14.4;10;5.8;6.5;2.7;0.4;0.6;-1.9;0.16;2.6;2.5;0;636;228;134;83;96531;3;0.02;0.21;0.28
1994;5;31;151;17;11.6;5.3;5.6;3.3;1.2;1.6;-0.3;0.16;2.6;2.5;0;708;267;128;97;96597;3.35;0;0.21;0.28
1994;6;1;152;21.5;15.1;7.3;12;6.5;4.6;0.9;0.2;0.16;2.6;2.5;0;739;275;142;99;96364;3.7;0;0.21;0.28
1994;6;2;153;27.8;19.5;10.8;15;10.9;5.8;0.4;1.6;0.16;2.7;2.5;0;649;220;120;70;95518;3.8;7.12;0.2;0.28
1994;6;3;154;18.3;15;12.1;11.4;9;7;3.7;1.3;0.16;2.7;2.5;0;491;174;96;56;95789;3.38;2.5;0.21;0.28
1994;6;4;155;13.8;11.5;8.8;9.7;6.8;5;3.2;1.5;0.16;2.7;2.5;0;484;182;77;57;95564;3.09;6.18;0.21;0.27
1994;6;5;156;11;9.3;7.3;9.7;6.6;3.8;2.4;-0.3;0.16;2.7;2.5;0;326;79;80;33;95259;2.41;12.26;0.22;0.27
1994;6;6;157;13.6;9.9;5.7;6.6;4.5;3.2;2.9;-0.4;0.16;2.7;2.5;0;579;209;93;73;96347;2.8;1.04;0.22;0.27
1994;6;7;158;17.2;13.1;8.1;11.1;9.6;5.5;2.2;0.3;0.16;2.7;2.5;0;312;97;70;26;96418;1.53;0.4;0.22;0.27
1994;6;8;159;22.3;16.9;9.7;12.9;10.2;9;-0.3;1.7;0.16;2.7;2.5;0;738;269;130;88;96094;3.96;1.03;0.21;0.27
1994;6;9;160;13.8;10.8;7.3;12.4;5.9;1.9;2.5;-1.3;0.16;2.8;2.5;0;333;91;88;40;96425;2.16;2.8;0.21;0.27
1994;6;10;161;13.7;9.7;4.8;8.5;6;2.7;1.7;0.7;0.16;2.8;2.6;0;545;196;90;69;96550;2.82;5.24;0.21;0.27
1994;6;11;162;15.1;10.7;5.1;9.1;7.3;4.7;-0.8;-2.4;0.16;2.8;2.6;0;614;209;89;63;96605;2.87;1.69;0.21;0.27
1994;6;12;163;17.7;13.3;8.2;8;6.8;5.4;-2.1;-2.5;0.16;2.8;2.6;0;550;191;87;70;96951;2.99;0.05;0.21;0.27
1994;6;13;164;19.1;14.2;9.2;9.4;7.7;6.2;-0.6;-2.3;0.16;2.8;2.6;0;615;212;102;68;96755;3.14;0.07;0.21;0.27
1994;6;14;165;18.2;14.5;11.3;10.6;9.5;8.9;0.8;-1.5;0.16;2.8;2.6;0;344;121;85;41;96317;2.1;0.49;0.21;0.27
1994;6;15;166;16.7;13.4;8.1;10.6;8.9;6.7;2.2;-0.9;0.16;2.8;2.6;0;418;157;87;65;96091;2.16;0.37;0.2;0.27
1994;6;16;167;16.9;12.7;9.1;10.4;8.1;6;3.5;-0.2;0.16;2.8;2.6;0;430;150;78;47;95707;2.52;6.86;0.2;0.27
1994;6;17;168;14.5;11.2;8.8;9.6;8.7;7.8;1.9;-0.5;0.16;2.8;2.6;0;537;122;74;36;95880;2.33;3.45;0.21;0.27
1994;6;18;169;21.8;16.1;8;12.3;9.3;7.7;2.1;1.2;0.16;2.8;2.6;0;552;205;101;69;95809;3.33;0.04;0.21;0.27
1994;6;19;170;24.2;18.9;12.3;12.7;11.1;9.7;3;0.4;0.16;2.8;2.6;0;729;264;120;88;95731;4.09;0;0.2;0.27
1994;6;20;171;21.1;17.2;11.9;12.3;11;9.2;0.8;-1.5;0.16;2.8;2.6;0;516;193;85;64;95937;3.03;0;0.2;0.27
1994;6;21;172;21.5;17.5;13;13.2;12.1;11.4;1.5;-0.2;0.16;2.8;2.6;0;541;168;93;56;96368;2.63;0.22;0.2;0.27
1994;6;22;173;22.4;18.5;14.7;13.3;12.3;11.2;4.2;0.6;0.16;2.8;2.6;0;519;187;76;58;96490;2.99;0.06;0.19;0.27
1994;6;23;174;20.3;16.8;12.3;12.7;8.6;6.4;1.8;-1.4;0.16;2.8;2.5;0;668;231;121;74;96698;3.46;0.12;0.19;0.27
1994;6;24;175;23.4;17.3;9.3;10.4;7.8;6.1;-1.8;-0.2;0.16;2.8;2.5;0;735;276;137;100;96345;3.86;0;0.19;0.27
1994;6;25;176;28.2;21.2;13.2;14;10.3;6.1;-2.2;0.7;0.16;2.8;2.5;0;733;276;135;99;95869;4.15;0;0.18;0.27
1994;6;26;177;30.2;23.6;15.2;17.2;14;12.1;-1;-0.1;0.15;2.7;2.5;0;690;250;124;84;95915;3.79;0.05;0.18;0.27
1994;6;27;178;31.2;25.3;18.5;17.5;16;14.2;-2.5;-1.1;0.15;2.7;2.5;0;653;222;95;70;96232;3.59;0.1;0.18;0.26
1994;6;28;179;31.9;25.5;20;18.3;16.6;14;-2.5;-0.1;0.15;2.7;2.5;0;713;251;112;84;96272;3.86;1.08;0.17;0.26
1994;6;29;180;28;22;17.5;19.7;17.9;15;0.8;-0.2;0.15;2.7;2.5;0;687;196;101;60;96241;3;13.02;0.17;0.26
1994;6;30;181;23.5;19.9;16.7;17.5;14.9;10.6;-0.6;-2;0.15;2.7;2.5;0;498;176;97;54;96609;3.23;0.67;0.18;0.26
1994;7;1;182;25.3;20;14.7;13.2;11.4;9.3;-2.1;-0.7;0.15;2.7;2.5;0;676;234;113;80;96433;3.69;0;0.18;0.26
1994;7;2;183;27.4;21.7;15.3;13.3;11.2;9;-2;0.2;0.15;2.7;2.5;0;729;273;133;99;96172;4.2;0;0.18;0.26
1994;7;3;184;29.3;23.7;15.1;16;12.8;10.5;-0.8;0.1;0.15;2.7;2.5;0;714;251;129;86;96113;3.74;0;0.17;0.26
1994;7;4;185;31.9;25;17.1;17.4;14.5;11.6;-0.2;0.6;0.15;2.7;2.5;0;700;246;132;81;95996;3.77;1.35;0.17;0.26
1994;7;5;186;24.3;20.3;17;17.6;16.4;15.7;1.1;-1.2;0.15;2.7;2.5;0;496;170;80;57;96094;3.02;5.18;0.17;0.26
1994;7;6;187;25;20.5;15.3;16.4;14.6;12.3;-1;-1.1;0.15;2.7;2.5;0;618;216;105;67;96006;3.35;0.54;0.17;0.26
1994;7;7;188;20.1;16.9;13.5;15.1;10.9;7.8;3;0;0.15;2.7;2.5;0;606;170;97;57;95905;3.18;9.59;0.17;0.26
1994;7;8;189;18.1;15;11.6;8.8;7;4.9;3.3;-0.3;0.15;2.6;2.5;0;512;163;86;65;96058;2.59;0.21;0.17;0.26
1994;7;9;190;20.4;16.3;11;12.2;10.2;8;1.4;-1.7;0.15;2.6;2.5;0;570;202;92;69;96252;2.94;1.36;0.17;0.26
1994;7;10;191;21.7;17.1;11.4;11.5;10.1;8.1;-0.7;-1.9;0.15;2.6;2.5;0;574;189;112;71;96723;2.7;0.03;0.17;0.26
1994;7;11;192;25.2;19.8;12.1;13.2;10.7;9.4;-2.4;-0.6;0.15;2.6;2.5;0;591;216;106;78;96740;3.15;0;0.17;0.26
1994;7;12;193;25.4;20.9;14.9;13.6;12;10.1;-2.9;-0.5;0.15;2.6;2.5;0;636;206;103;75;96517;3.03;0.03;0.16;0.26
1994;7;13;194;26.7;21.9;16.7;15;12.4;10.4;-2.5;0;0.15;2.6;2.5;0;647;242;119;88;96352;3.37;0;0.16;0.26
1994;7;14;195;27.8;22.5;14.3;14.9;12.6;10.7;-0.7;1;0.15;2.6;2.5;0;555;224;111;80;96382;3.04;0.02;0.16;0.26
1994;7;15;196;25.1;20.6;16.5;17.4;16.2;14.6;1.1;-0.7;0.15;2.6;2.5;0;616;188;95;57;96377;2.79;3.44;0.16;0.26
1994;7;16;197;26.3;21.2;16.2;17.3;15.9;14.6;-0.4;-0.9;0.15;2.6;2.5;0;650;211;100;63;96425;3.13;1.25;0.16;0.26
1994;7;17;198;28.5;22.2;15.6;18;15.7;14.1;-0.5;-0.1;0.15;2.6;2.5;0;592;207;99;69;96243;2.96;5.78;0.16;0.26
1994;7;18;199;25.3;20.2;16;17.9;17;15.8;-1.2;-0.5;0.15;2.6;2.5;0;621;169;95;52;95960;2.92;10.6;0.16;0.25
1994;7;19;200;20.6;18;16.4;17;16.2;14.7;-1.3;-0.1;0.15;2.5;2.5;0;225;79;39;18;95724;2.18;11;0.17;0.25
1994;7;20;201;21.8;18.6;15.6;14.4;12.9;11.7;-2.8;-0.6;0.15;2.5;2.5;0;503;138;72;41;95929;2.79;0.77;0.18;0.25
1994;7;21;202;25.1;20.3;15.6;11.8;10.4;9.4;-2.3;-0.8;0.15;2.5;2.5;0;692;247;120;87;96152;3.94;0;0.17;0.25
1994;7;22;203;27.4;21.4;13.4;12.5;10.5;9.1;-2.2;-0.4;0.15;2.5;2.5;0;726;266;139;100;96237;4.01;0;0.17;0.25
1994;7;23;204;28.2;22.7;15.4;12.1;9.2;6.9;-2.5;-0.4;0.15;2.5;2.5;0;703;256;141;102;96185;3.94;0;0.17;0.25
1994;7;24;205;28.7;23.3;16.7;12;9.9;8;-2.6;-0.1;0.15;2.5;2.5;0;712;257;130;98;96020;3.88;0;0.16;0.25
1994;7;25;206;30.2;24.5;17.3;15.5;12.1;10.1;-0.5;-0.2;0.15;2.5;2.5;0;694;252;142;93;96003;3.63;0;0.16;0.25
1994;7;26;207;29.5;24;18.2;18.3;16.1;14.5;0.6;-0.7;0.15;2.5;2.5;0;640;223;110;72;96299;3.24;1.76;0.16;0.25
1994;7;27;208;29.7;23.6;17.4;18.8;16.1;14.1;-1.1;-0.8;0.15;2.5;2.5;0;650;215;110;70;96320;3.41;1.95;0.16;0.25
1994;7;28;209;30.6;24.4;16.9;16.1;13.7;10.5;-1.6;0.6;0.15;2.5;2.5;0;628;238;124;87;96078;3.41;0;0.16;0.25
1994;7;29;210;30.6;25.2;18;15.4;13;10.3;-1.1;0.5;0.15;2.5;2.5;0;595;220;124;84;96025;3.04;0;0.15;0.25
1994;7;30;211;32.1;25.8;17.7;15.7;13.4;9.8;-0.5;0.1;0.15;2.4;2.5;0;627;221;129;82;95872;2.99;0;0.15;0.25
1994;7;31;212;31.9;26.1;19;16.8;14.3;10.9;0;-0.8;0.15;2.4;2.5;0;670;223;128;87;95673;2.92;0.01;0.15;0.25
1994;8;1;213;31.8;24.7;18.3;18.3;15;13.3;1.2;-0.9;0.15;2.4;2.5;0;665;227;127;80;95667;3.24;3.23;0.15;0.25
1994;8;2;214;26.9;22.5;18.8;16.2;15;14.2;0.6;-1.3;0.15;2.4;2.5;0;609;209;114;71;96244;2.85;0.68;0.15;0.25
1994;8;3;215;27.9;23.2;17.4;15.4;13.8;12.1;-1.7;-0.7;0.15;2.4;2.5;0;527;195;109;75;96459;2.65;0.05;0.14;0.25
1994;8;4;216;30.5;25;18.9;13.7;11.3;7.9;-2.2;-0.3;0.15;2.4;2.5;0;691;245;139;98;96506;3.07;0;0.14;0.25
1994;8;5;217;32.7;26.5;17.7;13.7;10.8;8.2;-0.9;0;0.15;2.4;2.5;0;699;246;156;101;96357;2.84;0;0.14;0.25
1994;8;6;218;29.7;24.5;19.7;16.9;15.3;13.8;-0.4;-1.5;0.15;2.4;2.5;0;638;211;114;72;96290;2.8;1.43;0.14;0.25
1994;8;7;219;25.9;21.7;18;18.3;16.6;15.8;-1.6;-1;0.15;2.4;2.5;0;561;168;87;61;96152;2.73;6.44;0.14;0.25
1994;8;8;220;25.7;19.7;16;18.4;16.8;15.4;-0.9;-0.5;0.15;2.4;2.5;0;507;138;83;46;95978;2.25;19.42;0.15;0.25
1994;8;9;221;24.3;20.1;16.3;16.8;14;12.3;-0.4;-1;0.15;2.3;2.5;0;445;172;110;61;95827;2.97;0.59;0.16;0.24
1994;8;10;222;28.7;21.9;16.8;18.5;16.1;13;-1.8;0.1;0.15;2.3;2.5;0;635;203;101;67;95135;3.18;17.43;0.16;0.24
1994;8;11;223;22.2;19.2;16.2;17.7;13.5;10.8;3.2;0.3;0.15;2.3;2.5;0;608;181;99;58;95234;3.38;5.03;0.17;0.24
1994;8;12;224;17.6;15.5;13.6;14.5;12.7;11.2;3.2;0.8;0.15;2.3;2.5;0;403;118;70;41;95583;2.93;8.98;0.18;0.24
1994;8;13;225;17.6;14.8;12.2;12.5;9.1;6.1;3.6;-0.3;0.15;2.3;2.5;0;480;152;81;55;95888;2.67;1.89;0.18;0.24
1994;8;14;226;15.7;12.8;9.6;7;5.1;3.3;3.5;-0.6;0.15;2.3;2.5;0;570;185;90;79;96304;2.54;0.01;0.18;0.24
1994;8;15;227;17.5;13.2;9.5;7;5.6;4.3;2;-0.9;0.14;2.3;2.5;0;659;224;132;96;96637;2.81;0;0.18;0.24
1994;8;16;228;20.9;14.7;7;9.1;6.6;4.8;-1.2;0.1;0.14;2.3;2.5;0;677;232;138;97;96532;2.94;0;0.17;0.24
1994;8;17;229;23.3;17.5;10.9;12.6;9.6;6.7;1.5;1.1;0.14;2.3;2.5;0;593;200;105;71;95632;3.02;5.14;0.17;0.24
1994;8;18;230;16;13.2;10.5;10.8;8.9;6.6;4.8;0.7;0.14;2.3;2.5;0;430;146;80;52;95413;2.83;3.73;0.18;0.24
1994;8;19;231;15.1;13.4;12;13.7;10.6;7.7;4.2;0.9;0.14;2.3;2.5;0;122;47;61;27;95390;0.98;5.66;0.18;0.24
1994;8;20;232;19.3;15.9;13.4;13.9;10.9;8.4;3;0.1;0.14;2.3;2.5;0;492;148;82;50;95774;2.58;1.47;0.18;0.24
1994;8;21;233;22.4;17.1;11.8;12.7;11;9;0.5;0;0.14;2.3;2.5;0;561;194;107;71;96057;2.56;0;0.18;0.24
1994;8;22;234;25.3;19.3;12.8;15.3;12.9;10.4;-1.3;0.2;0.14;2.2;2.5;0;632;203;114;73;96170;2.79;0;0.18;0.24
1994;8;23;235;25.8;20.1;15.9;17.8;16;14.4;-0.4;0.3;0.14;2.2;2.5;0;606;168;95;60;95977;2.51;5.22;0.18;0.24
1994;8;24;236;20.2;17.3;14.9;16.7;15.2;13.9;0.5;0;0.14;2.2;2.5;0;337;103;58;41;95624;2.12;12.41;0.19;0.24
1994;8;25;237;14.9;14;12.3;14.5;13.3;11.4;1.4;-1;0.14;2.2;2.5;0;101;34;47;23;95198;1.07;11.44;0.2;0.24
1994;8;26;238;19.7;15.3;10.1;12.6;10.6;9.4;2.1;-0.3;0.14;2.2;2.5;0;484;154;78;64;95602;2.31;0.24;0.2;0.24
1994;8;27;239;20.5;17.1;13.9;15.8;13.5;11.4;1.9;1;0.14;2.2;2.5;0;435;128;75;45;95969;1.88;0.87;0.2;0.24
1994;8;28;240;20.9;16.2;13.2;14.5;12;9.1;2.3;0.9;0.14;2.2;2.5;0;444;140;93;55;95837;2.28;4;0.2;0.24
1994;8;29;241;17.5;14.2;11.5;10.1;6.8;4;2.2;0;0.14;2.2;2.5;0;552;188;116;82;96081;2.51;0;0.2;0.24
1994;8;30;242;19.6;14.8;9.7;9.4;6.9;4.4;-0.8;-0.1;0.14;2.2;2.5;0;602;183;118;79;96061;2.4;0.01;0.19;0.24
1994;8;31;243;22.9;16.9;10.1;14.4;10.8;7;-2.2;-0.2;0.14;2.2;2.5;0;541;175;97;63;95832;2.63;10.64;0.19;0.24
1994;9;1;244;22;17.7;12.5;16.4;14.6;12.2;1.1;1;0.14;2.2;2.5;0;523;162;89;61;95762;2.32;0.99;0.2;0.24
1994;9;2;245;19.4;15.8;12.8;15.3;13.1;12;0.3;-0.4;0.14;2.2;2.5;0;316;77;60;36;95815;1.37;2.59;0.2;0.24
1994;9;3;246;17.4;14.1;11.4;12.1;8.8;6.5;2.2;0;0.14;2.2;2.5;0;528;151;103;64;96069;2.15;0.06;0.2;0.24
1994;9;4;247;19.4;14.6;9.2;9.7;8.1;6.5;1.5;0.6;0.14;2.2;2.5;0;551;172;115;72;96238;2.22;0;0.2;0.24
1994;9;5;248;18.5;14.9;12.1;13.6;11.3;7.9;2.3;1.3;0.14;2.2;2.5;0;347;88;52;36;96262;1.58;3.17;0.2;0.24
1994;9;6;249;16.6;14.1;10.8;12;10.7;8.9;0.5;1.1;0.14;2.2;2.5;0;373;81;55;38;96067;1.35;0.78;0.2;0.24
1994;9;7;250;18.2;16;14.1;15;13.6;11.6;1.9;1.2;0.14;2.2;2.5;0;298;77;37;25;95468;1.36;3.98;0.2;0.24
1994;9;8;251;17.1;14.5;12.6;13.8;12.6;11.4;0.4;-0.5;0.14;2.2;2.5;0;215;65;43;23;95150;1.67;19.57;0.2;0.24
1994;9;9;252;16.3;12.7;10.5;11;6.1;3.2;3.3;2.1;0.14;2.2;2.5;0;397;128;97;59;95558;2.58;0.78;0.22;0.24
1994;9;10;253;15.3;12.3;10.2;10.3;7.8;4.9;1.8;2.4;0.14;2.2;2.5;0;289;77;73;44;95678;1.83;4.74;0.22;0.24
1994;9;11;254;16;13.4;10.4;12.5;9.7;7.7;2.4;1.8;0.14;2.2;2.5;0;414;93;67;29;95743;1.95;7.94;0.23;0.24
1994;9;12;255;22.3;16.5;13.1;15;13.7;12.5;1.1;2.5;0.14;2.1;2.5;0;462;111;72;43;95637;2.05;4.43;0.23;0.24
1994;9;13;256;16.7;14.7;10.5;13.7;12.8;10.5;0.6;0.7;0.14;2.1;2.5;0;185;55;51;30;95768;1.03;2.21;0.23;0.24
1994;9;14;257;20.5;15.3;10.2;13.9;12.4;10.1;-2.7;0.5;0.14;2.1;2.5;0;316;92;71;33;94598;1.6;1.96;0.23;0.24
1994;9;15;258;15.7;11.6;9.3;11.3;7;4.6;3.4;3.4;0.14;2.1;2.5;0;491;131;94;52;94406;2.87;4.03;0.23;0.24
1994;9;16;259;13.4;10.4;8.2;6.4;3.8;1.6;4.5;2.4;0.14;2.1;2.5;0;520;132;103;63;94972;2.37;0.98;0.23;0.24
1994;9;17;260;10.7;8.5;7.1;5.4;3.2;0.8;3.4;0.5;0.14;2.1;2.5;0;364;106;82;58;95735;1.45;0.52;0.23;0.24
1994;9;18;261;8.6;7.7;6.7;7.4;4.7;0.7;1.9;1.6;0.14;2.1;2.5;0;74;21;33;15;96253;0.5;0.88;0.23;0.24
1994;9;19;262;12.4;8.8;6.3;9;7.2;5.8;1.3;0.4;0.14;2.1;2.5;0;319;87;87;43;96283;1.08;1.79;0.23;0.24
1994;9;20;263;14.2;9.2;4.2;7.3;5.3;4.2;-2;0.4;0.14;2.1;2.5;0;463;116;92;57;95455;1.56;0;0.23;0.24
1994;9;21;264;15.1;10.9;7;8.2;6.9;6;-1.9;-1.3;0.13;2;2.5;0;348;89;74;48;95589;1.15;0;0.23;0.24
1994;9;22;265;16.4;11.1;6.5;8.4;7.5;6;-2;-0.8;0.13;2;2.5;0;522;145;116;76;96453;1.52;0;0.23;0.24
1994;9;23;266;19.3;13.4;8;11.6;9.1;6.6;-3.1;-0.3;0.13;2;2.5;0;520;155;110;82;96658;1.7;0;0.22;0.24
1994;9;24;267;23.1;16.6;11.2;15.9;12.2;7.8;-1.6;0.3;0.13;2;2.5;0;515;151;104;73;96002;1.8;0;0.22;0.24
1994;9;25;268;20.9;16;12.3;13.3;12.4;11;0.2;-0.7;0.13;2;2.5;0;482;134;110;64;96181;1.54;0;0.22;0.24
1994;9;26;269;20.8;15.8;9.8;14.7;12.5;9.5;-0.2;-0.3;0.13;2;2.5;0;402;108;84;52;96000;1.23;0.35;0.22;0.24
1994;9;27;270;19.2;15.5;12.2;13.2;11.3;10;1.5;-0.5;0.13;1.9;2.5;0;402;123;98;60;95988;1.75;2.25;0.22;0.24
1994;9;28;271;15;12.4;9.3;10.4;8.9;7.8;1.3;-0.3;0.13;1.9;2.5;0;266;72;67;48;96504;0.88;0.1;0.22;0.24
1994;9;29;272;16.3;12.2;8.4;10.3;8.8;7.5;1.3;0.2;0.13;1.9;2.5;0;295;83;74;48;96626;0.98;0.18;0.22;0.24
1994;9;30;273;18.5;12.7;6.2;10.8;8.9;5.8;-0.6;0.3;0.13;1.9;2.5;0;495;140;121;73;96437;1.38;0.04;0.22;0.24
1994;10;1;274;16.1;12.8;9.6;11.7;9.9;8.3;1.3;-0.4;0.13;1.9;2.5;0;363;95;70;45;96351;1.11;0.64;0.22;0.24
1994;10;2;275;16.7;12.7;9;11.8;10.5;8.1;0.1;0.8;0.13;1.9;2.5;0;242;65;53;35;96017;0.63;0.27;0.22;0.24
1994;10;3;276;14.4;12.5;9.2;13.1;11.3;8.3;3.1;1.6;0.13;1.8;2.5;0;164;44;54;25;94828;1.4;15.47;0.22;0.24
1994;10;4;277;8.8;5.4;2.8;8.1;-0.5;-3.8;1.8;-1.6;0.13;1.8;2.5;0;440;110;102;64;95751;1.71;1.74;0.23;0.24
1994;10;5;278;6.8;3.6;1.4;2.3;0.7;-0.8;2.7;-0.4;0.13;1.8;2.5;0;321;84;79;59;96784;1.02;1.85;0.23;0.24
1994;10;6;279;7.2;3.4;0;1.2;-1.9;-5.4;-0.7;-1.2;0.13;1.8;2.5;0;374;104;101;63;97640;1.22;0.02;0.23;0.24
1994;10;7;280;8;3.3;-1.5;0.8;-2.1;-3.5;-1.4;-0.8;0.13;1.8;2.5;0;472;130;123;75;97037;1.12;1.25;0.23;0.24
1994;10;8;281;6.9;3.1;-1;2;0.8;-1.9;-0.5;0.2;0.13;1.8;2.5;0.01;418;104;103;58;96503;1.29;2.54;0.23;0.24
1994;10;9;282;7.9;3.2;-2;2.3;-0.1;-3;0.5;0.8;0.13;1.7;2.5;0;268;78;77;47;96690;0.77;0.01;0.23;0.24
1994;10;10;283;11.1;6.3;2.4;4.4;2.8;0.8;0.1;0;0.13;1.7;2.5;0;368;99;92;61;96826;0.8;0;0.23;0.24
1994;10;11;284;13.5;6.4;-0.2;4.6;2.4;-0.7;-1.3;0.2;0.13;1.7;2.5;0;454;124;122;83;96881;1.04;0;0.23;0.24
1994;10;12;285;15.5;7.9;0.9;6.8;3.2;-0.2;-0.7;-0.2;0.13;1.7;2.5;0;454;124;128;84;97157;1.07;0;0.23;0.24
1994;10;13;286;14.9;7.5;0.7;6.7;4;0.2;-0.9;-1.3;0.13;1.7;2.5;0;444;117;117;78;97457;0.94;0;0.22;0.24
1994;10;14;287;18.4;9.9;2.6;9.5;6.1;1.9;-1.7;0.3;0.13;1.7;2.5;0;436;117;119;80;97109;0.99;0;0.22;0.23
1994;10;15;288;18;10.9;3.5;12.2;8.6;3.1;0.4;0.6;0.13;1.7;2.5;0;421;113;108;73;96543;0.77;0;0.22;0.23
1994;10;16;289;14.5;9.4;5.4;10.5;7.6;3.5;-0.4;-1.5;0.13;1.6;2.5;0;319;79;85;40;96314;0.67;0.04;0.22;0.23
1994;10;17;290;6;3.7;0.7;2.5;-1.7;-3.2;-2;-1.8;0.13;1.6;2.5;0;380;98;100;73;96582;0.83;0;0.22;0.23
1994;10;18;291;5.9;1.9;-0.8;-2.8;-4.6;-7.1;-3;0.1;0.13;1.6;2.5;0;431;114;122;96;96500;0.85;0;0.22;0.23
1994;10;19;292;7.3;2.5;-0.6;0.7;-3.2;-7.1;-3.4;0.1;0.12;1.6;2.5;0;354;93;104;81;95743;0.77;0;0.22;0.23
1994;10;20;293;8.9;4.2;0.5;2.4;0;-3.2;-3.8;-0.1;0.12;1.6;2.5;0;390;102;104;81;95315;0.69;0;0.22;0.23
1994;10;21;294;13.5;7.2;2.9;5.6;3.2;0.9;-3;0.6;0.12;1.6;2.5;0;398;104;105;81;95293;0.79;0;0.22;0.23
1994;10;22;295;11.8;7.3;3.2;5.9;4;1.7;-1.7;1.6;0.12;1.6;2.5;0;299;72;86;64;95109;0.54;0;0.22;0.23
1994;10;23;296;9.5;7.3;5.5;8.8;6;3.2;-0.9;1.9;0.12;1.6;2.5;0;115;26;58;29;94774;0.43;4.1;0.22;0.23
1994;10;24;297;12.1;7.8;4.4;7.9;6.1;3.9;1.1;1.7;0.12;1.6;2.5;0;325;75;76;54;95188;0.85;1.72;0.22;0.23
1994;10;25;298;12.1;8;4.3;6.6;5.8;3.8;0.9;2.2;0.12;1.6;2.5;0;318;81;94;53;95274;0.95;4.67;0.22;0.23
1994;10;26;299;8.1;6.8;5.4;6.8;5.3;4;2.2;1.8;0.12;1.6;2.5;0;190;41;68;37;95164;0.93;3.94;0.23;0.23
1994;10;27;300;9.4;6.6;4.8;4.9;2.9;1.3;1.9;2.3;0.12;1.6;2.5;0;227;58;77;48;95573;0.89;0.83;0.23;0.23
1994;10;28;301;9.4;6.8;5;6.3;4.3;1.6;1.2;1.6;0.12;1.6;2.5;0;180;39;58;30;95521;0.49;2.81;0.23;0.23
1994;10;29;302;9.2;6.3;3.9;5.5;3.5;1.2;1.3;1.8;0.12;1.6;2.5;0;232;47;53;27;95688;0.94;2.06;0.23;0.23
1994;10;30;303;11.1;9.4;6.2;10.1;8.3;4.5;3.8;2.8;0.12;1.6;2.5;0;30;7;5;2;95293;1.07;18.3;0.24;0.23
1994;10;31;304;16.4;13.2;11.1;9.9;8.4;6.1;3.6;2.7;0.12;1.6;2.5;0;216;54;93;50;95386;1.17;0.49;0.25;0.23
1994;11;1;305;12.8;10.4;6.9;8.9;5.9;4.3;4;1;0.12;1.6;2.5;0;244;56;85;56;95991;0.84;0.37;0.25;0.23
1994;11;2;306;9.9;6.3;3.1;5.7;3.3;2;-0.7;0.2;0.12;1.6;2.5;0;313;70;106;70;96524;0.52;0;0.25;0.23
1994;11;3;307;11.8;7.1;4;5.7;3.8;1.7;-3.1;0.2;0.12;1.6;2.5;0;334;80;101;76;96291;0.6;0;0.24;0.23
1994;11;4;308;13.3;8.8;5.8;8.3;6.5;4.7;-3;0.2;0.12;1.6;2.5;0;317;74;96;67;96072;0.53;0;0.24;0.23
1994;11;5;309;15.5;10.6;7.3;8.9;6.9;5.4;-2.8;1.3;0.12;1.6;2.5;0;323;77;100;73;95743;0.68;0;0.24;0.23
1994;11;6;310;13.8;9.2;5.2;8;6.1;4.5;-1.4;0.4;0.12;1.6;2.5;0;310;72;97;74;95663;0.52;0;0.24;0.23
1994;11;7;311;8.5;5.8;3.2;5.6;4.1;2.7;-0.8;-0.2;0.12;1.6;2.5;0;210;46;65;33;95520;0.37;0.08;0.24;0.23
1994;11;8;312;8.6;7.1;5.3;7.4;5.8;4.5;0.8;0.5;0.11;1.5;2.5;0;94;16;28;11;95597;0.18;0.26;0.24;0.23
1994;11;9;313;11;8.1;5.5;7.4;6;4.4;-1;0.8;0.11;1.5;2.5;0;226;47;77;38;95568;0.42;0.08;0.24;0.23
1994;11;10;314;8.9;6.2;2.7;6.7;5;2.4;-0.8;0.3;0.11;1.5;2.5;0;131;30;54;25;95183;0.22;3.27;0.24;0.23
1994;11;11;315;8.5;6.6;5.2;5.7;4.7;3.1;-1.1;-1.2;0.11;1.5;2.5;0;109;23;24;14;95528;0.58;1.06;0.24;0.23
1994;11;12;316;4.9;3.2;2.3;2.7;0.4;-1.1;-1.9;0.2;0.11;1.5;2.5;0;134;21;23;12;96069;0.75;1.31;0.24;0.24
1994;11;13;317;6.5;4.4;2.2;6.4;2.6;-1.1;-0.3;1;0.11;1.5;2.5;0;118;24;34;12;96292;0.42;1.87;0.24;0.24
1994;11;14;318;10.2;8.5;6.7;8.9;7.3;6.2;2.8;2.1;0.11;1.5;2.5;0;95;17;18;7;96239;0.72;4.24;0.24;0.24
1994;11;15;319;10.7;9.5;7.4;9.2;8;6.3;4.8;1.4;0.11;1.5;2.5;0;55;8;56;15;95787;1.07;6.96;0.25;0.24
1994;11;16;320;7.8;6.2;3.8;6.2;4.4;2.4;4.3;0.4;0.11;1.5;2.5;0;173;39;64;44;95930;1.26;4.34;0.25;0.24
1994;11;17;321;6;4.5;3.1;5.2;3.6;2.5;3.4;1;0.11;1.5;2.5;0;89;16;56;23;95678;0.64;5.52;0.25;0.24
1994;11;18;322;5.3;4.2;2.1;4.9;3.6;1.1;2.2;0;0.11;1.5;2.5;0;40;9;25;10;95517;0.66;14.96;0.26;0.24
1994;11;19;323;6.9;3.5;0.2;6.9;2.7;-0.7;-0.5;1.4;0.11;1.5;2.5;0;76;14;52;18;96317;0.21;5.32;0.27;0.24
1994;11;20;324;11.2;9.8;7.5;10.9;9.5;7.4;2.3;1.3;0.11;1.6;2.5;0;58;11;67;12;96554;-0.08;0.9;0.28;0.24
1994;11;21;325;10.6;8.9;5.5;9.9;7.9;5.3;1.8;-0.6;0.11;1.6;2.5;0;103;18;48;24;96700;0.29;0.19;0.28;0.24
1994;11;22;326;7.9;4.4;0.7;5;3.2;0.3;-1.2;-0.2;0.11;1.6;2.5;0;190;44;89;52;96996;0.3;0;0.27;0.24
1994;11;23;327;7.8;3.3;0;4.4;2.2;-0.2;0.2;0.1;0.11;1.6;2.5;0;255;50;84;36;97031;0.29;0.06;0.27;0.24
1994;11;24;328;7.7;6.2;3.7;7.4;5.8;3.3;2.7;0.4;0.11;1.6;2.5;0;58;13;10;4;97152;0.08;0.53;0.27;0.24
1994;11;25;329;7.5;5;3.5;7.2;3.9;2.8;3.5;-0.8;0.11;1.6;2.5;0;96;18;59;20;97345;0.46;0.99;0.27;0.24
1994;11;26;330;5.2;4.7;4.3;5;3.6;2.1;2.6;0;0.11;1.6;2.5;0;105;20;22;9;96982;0.51;5.18;0.27;0.24
1994;11;27;331;8.3;6.4;5.3;6.4;5.8;5.1;0.7;-1.1;0.11;1.6;2.5;0;86;16;48;11;96755;0.24;0.54;0.27;0.24
1994;11;28;332;6.2;5.4;4.3;5.3;4.3;3.7;1.4;-0.9;0.11;1.6;2.5;0;81;17;15;10;97463;0.31;0.27;0.27;0.24
1994;11;29;333;5.9;3.5;0.6;4.6;2.6;0.5;1;-0.8;0.11;1.6;2.5;0;184;39;92;45;97548;0.28;0;0.27;0.24
1994;11;30;334;5.5;3.1;1.1;2.4;1.8;1;-0.5;-0.9;0.11;1.6;2.5;0;122;26;56;23;97376;0.2;0.09;0.27;0.24
1994;12;1;335;4.5;1.9;-1;1.7;-0.9;-4.9;-2.5;0.1;0.11;1.6;2.5;0;239;48;110;73;97397;0.34;0;0.27;0.24
1994;12;2;336;3;-0.3;-2.4;-3.1;-5;-7.2;-1.7;1.2;0.11;1.6;2.5;0;243;52;104;76;97310;0.3;0;0.27;0.24
1994;12;3;337;5.8;1.8;-0.4;0.6;-2;-3.8;-0.6;2.1;0.11;1.7;2.5;0;220;45;83;54;97146;0.32;0;0.27;0.24
1994;12;4;338;8.4;5.7;1.9;7.6;4;-3.5;1.2;2.4;0.11;1.7;2.5;0;46;9;24;4;96698;0.34;2.87;0.27;0.24
1994;12;5;339;8.3;6.8;4.5;7.4;6;3.9;2;1.8;0.11;1.7;2.5;0;75;11;63;23;96190;0.3;11.03;0.28;0.24
1994;12;6;340;6.6;4.5;2.4;5.4;2.6;1.1;3;1.4;0.11;1.7;2.5;0;210;41;84;59;96656;0.65;2.41;0.28;0.24
1994;12;7;341;5.3;1.8;-0.8;1.1;-0.3;-1.5;-0.2;2.1;0.11;1.7;2.5;0;235;49;106;76;96516;0.22;0;0.28;0.24
1994;12;8;342;5.8;3.8;1.5;3.3;1.9;-1.3;0.9;2.6;0.11;1.7;2.5;0;192;35;79;41;96221;0.34;0.6;0.27;0.24
1994;12;9;343;7.6;5.1;1.8;6.5;2.8;0.6;1.7;1.4;0.11;1.7;2.5;0;180;29;73;30;95859;0.96;6.48;0.28;0.25
1994;12;10;344;7.3;4.4;0.7;5.5;3.1;-0.1;1.1;0.8;0.11;1.7;2.5;0;140;26;49;24;96623;0.29;2.71;0.28;0.25
1994;12;11;345;9;7.9;6.2;8.5;7.2;5.1;4.6;0.9;0.11;1.7;2.5;0;48;10;9;3;96931;0.56;1.56;0.28;0.25
1994;12;12;346;8.4;7.6;7.1;7.1;5.6;4.2;4.7;0.9;0.11;1.7;2.5;0;154;24;49;20;96934;0.69;0.39;0.28;0.25
1994;12;13;347;8;7.7;7.2;7;6.7;5.7;4.8;1.3;0.11;1.7;2.5;0;25;5;11;4;96434;0.4;1.89;0.28;0.25
1994;12;14;348;7;1.8;-2.3;6.4;-0.4;-3.6;2.7;-2.2;0.11;1.7;2.5;0.44;185;36;94;51;96417;0.94;7.71;0.28;0.25
1994;12;15;349;-0.4;-2.8;-4;-4.1;-5.3;-6.3;0.1;-0.2;0.12;1.7;2.5;1.14;224;46;108;74;97150;0.23;0;0.28;0.25
1994;12;16;350;-1.1;-2.8;-5.9;-1.8;-4.9;-7.7;2;0.8;0.13;1.7;2.5;1.55;136;26;76;40;96904;0.1;1.58;0.28;0.25
1994;12;17;351;-0.9;-1.6;-2.1;-1.6;-2.8;-3.8;1.3;0.4;0.15;1.7;2.5;2.81;87;18;38;19;97133;0.05;0.13;0.28;0.25
1994;12;18;352;2.5;-0.9;-2.1;-3.1;-3.7;-4.4;-0.8;1.8;0.15;1.7;2.5;2.79;199;39;88;59;96288;0.04;0;0.28;0.25
1994;12;19;353;2.6;0.9;-1.7;2;-0.1;-3.2;-0.1;1.6;0.15;1.7;2.5;2.63;39;8;42;5;95991;0.07;1.67;0.28;0.25
1994;12;20;354;2.2;0.7;-0.1;0.8;0.2;-0.4;0.5;0.6;0.15;1.6;2.5;2.54;87;16;30;9;96073;0.18;1.79;0.28;0.25
1994;12;21;355;0.3;-0.6;-1.8;0.2;-2.2;-3.7;1;-1.1;0.16;1.6;2.5;3.42;129;23;51;24;96136;0.3;0.26;0.27;0.25
1994;12;22;356;1.1;-0.4;-1;-2.7;-3.4;-4.3;-1.8;-2.8;0.17;1.6;2.5;3.76;121;24;52;28;96534;0.39;0.58;0.27;0.25
1994;12;23;357;-0.7;-1.8;-4.1;-3.8;-6.2;-8.8;-3.4;-1.6;0.17;1.6;2.5;4.02;107;21;55;31;97311;0.37;0.06;0.27;0.25
1994;12;24;358;-0.2;-3;-4.6;-4.4;-6.4;-8.9;-2.7;-0.3;0.17;1.6;2.5;3.95;207;41;93;67;96919;0.08;0;0.27;0.25
1994;12;25;359;-1.6;-2.7;-3.8;-4.1;-4.6;-5.2;0;0.5;0.17;1.6;2.5;3.92;104;21;53;25;96398;0.04;0.18;0.27;0.25
1994;12;26;360;-0.7;-2;-3.2;-2.9;-4.6;-6;2.5;1.6;0.18;1.5;2.5;4.39;94;16;28;15;95876;0.08;1.15;0.27;0.25
1994;12;27;361;6.2;3.8;-0.6;5.2;2.4;-2.7;4.2;3.3;0.19;1.5;2.5;5.1;45;8;8;4;94868;0.47;16.15;0.27;0.25
1994;12;28;362;8.8;7.7;6.2;8.6;7.2;5.2;4.5;2;0.13;1.5;2.5;1.52;16;3;2;0;95127;-0.07;14.08;0.29;0.25
1994;12;29;363;8.3;7.1;6.3;7.8;4.9;3;1.9;2.8;0.11;1.5;2.5;0.39;114;25;85;33;95366;0.7;2.01;0.3;0.26
1994;12;30;364;7.3;5.1;2.5;4.7;3.1;0.3;4.3;2.9;0.11;1.5;2.5;0.11;84;18;59;28;94270;1.68;12.83;0.3;0.26
1994;12;31;365;3;2;0.6;0.9;0;-1;3.7;2.4;0.11;1.4;2.5;0.45;156;26;63;38;94042;1.02;5.1;0.31;0.26
1995;1;1;1;1.1;-0.2;-2.9;0.5;-2;-6.1;4.1;0.4;0.18;1.4;2.5;5.32;179;30;86;45;94062;0.56;6.18;0.3;0.26
1995;1;2;2;-1.6;-2.7;-3.6;-4.1;-5.9;-7.2;4.4;0;0.27;1.4;2.5;10.05;68;12;72;40;94836;0.36;4.93;0.3;0.26
1995;1;3;3;-1.9;-3.7;-5.6;-4.9;-6.6;-7.9;0.2;-2.5;0.31;1.4;2.5;12.66;132;24;58;43;96695;0.23;0.92;0.3;0.26
1995;1;4;4;-4.8;-7.3;-13;-7.9;-10.5;-14.9;-1.8;-1.5;0.32;1.4;2.5;12.99;149;29;89;55;97274;0.15;0.1;0.29;0.26
1995;1;5;5;-5.7;-10.8;-15.7;-10.7;-13.9;-17.9;-2.5;-0.3;0.32;1.4;2.5;12.91;185;38;94;68;96988;0.13;0;0.29;0.26
1995;1;6;6;-5;-8.9;-12.2;-8.9;-11.6;-13.7;-1.1;0.5;0.32;1.3;2.5;12.79;156;32;81;49;96268;0.14;0;0.29;0.27
1995;1;7;7;-7.3;-9.1;-10.2;-11.4;-12.1;-13.2;-0.5;-0.6;0.32;1.3;2.5;12.71;140;26;55;35;97181;0.13;0.01;0.28;0.27
1995;1;8;8;-6.2;-10.3;-12.8;-10.3;-12.8;-14.3;-0.3;0.9;0.31;1.3;2.5;12.62;178;36;95;51;97417;0.11;0;0.28;0.27
1995;1;9;9;-1.2;-5.3;-11.6;-2.2;-6.7;-13.1;1.7;1.5;0.33;1.3;2.5;13.56;71;12;31;10;96468;0.07;4.58;0.28;0.27
1995;1;10;10;1.3;0.1;-1.3;0.6;-1.5;-2.7;5.5;0.1;0.38;1.3;2.5;22.92;151;28;76;31;94846;0.28;11.41;0.28;0.27
1995;1;11;11;-0.5;-1.3;-2.4;-1.1;-3.1;-4.4;3.7;-1.3;0.38;1.2;2.5;30.4;152;31;83;42;94354;0.26;5.31;0.28;0.27
1995;1;12;12;-1.1;-2.6;-4.7;-3;-4.5;-6.5;2.8;-2;0.38;1.2;2.5;33.69;97;19;79;33;95439;0.22;2.98;0.28;0.27
1995;1;13;13;-3.3;-5.7;-11.9;-6.6;-8;-12.6;1.7;-1.4;0.38;1.2;2.5;35.12;97;20;75;36;97350;0.15;0.54;0.27;0.27
1995;1;14;14;-3.9;-8.6;-15.3;-5.6;-10.1;-16.7;0.7;1.1;0.38;1.2;2.5;35.28;123;23;57;17;97417;0.07;0.28;0.27;0.27
1995;1;15;15;0;-2.3;-4.8;-1.1;-3.2;-6;0.6;1;0.38;1.2;2.5;35.92;74;13;27;9;97211;0.04;0.88;0.27;0.27
1995;1;16;16;2.5;-1.9;-4.9;-1.2;-3.4;-6.1;-1.4;0.9;0.37;1.2;2.5;35.93;188;38;97;55;97053;0.02;0;0.27;0.27
1995;1;17;17;1.3;-5;-9.3;-3.6;-7.2;-9.8;-1.8;1.3;0.36;1.2;2.5;35.48;194;42;102;69;96340;0.09;0;0.27;0.27
1995;1;18;18;-0.8;-5.2;-8.8;-5;-7.8;-10.7;-2.2;0.6;0.36;1.2;2.5;35.28;177;37;82;52;95495;0.14;0;0.27;0.27
1995;1;19;19;1.6;-2.2;-5.3;-0.1;-3.5;-7.1;0.2;1.3;0.36;1.2;2.5;37.16;75;15;82;23;95943;-0.09;2.72;0.27;0.27
1995;1;20;20;1.6;-1.4;-3.3;-2.6;-3.8;-5.1;-1.6;1.9;0.36;1.1;2.5;37.8;150;32;80;47;96187;0.22;1.03;0.27;0.27
1995;1;21;21;2.6;0.4;-1.3;-0.3;-1.1;-2.5;0.5;2.1;0.36;1.1;2.5;39;125;27;64;32;96230;0.11;1.18;0.27;0.27
1995;1;22;22;7.5;4.3;-0.1;4.3;1.4;-3.5;2.9;4.5;0.36;1.1;2.5;38.07;46;9;44;11;94816;-0.34;14.22;0.28;0.27
1995;1;23;23;8.5;5;1.3;5.3;2.2;-0.6;5.2;2.8;0.33;1.1;2.5;19.68;106;18;62;33;94354;-0.2;7.07;0.3;0.27
1995;1;24;24;2.9;1.5;0.6;0.8;-0.3;-0.9;5;1.7;0.3;1.1;2.5;16.08;146;29;62;33;95028;0.48;3.91;0.31;0.27
1995;1;25;25;7.6;2.1;-0.4;7;1.3;-1.7;1.5;1.9;0.34;1.1;2.5;20.98;20;4;35;8;94485;-0.1;36.35;0.31;0.27
1995;1;26;26;10.6;7.8;2.8;7;4;0.9;3.7;3.4;0.26;1.1;2.4;11.48;207;41;88;32;93963;0.2;10.15;0.34;0.28
1995;1;27;27;0.7;-0.7;-2;-0.5;-5.2;-7.6;5.2;-0.4;0.22;1.1;2.4;8.48;217;44;92;59;95210;0.8;2.19;0.34;0.28
1995;1;28;28;6.3;2.6;-1.8;2.9;0.2;-7.3;3.6;2.9;0.3;1.1;2.4;13.15;100;16;61;19;94588;0.13;15.02;0.33;0.29
1995;1;29;29;5.3;4.1;2.9;4.1;3;2.1;4.3;2.8;0.23;1.1;2.4;8.11;64;14;30;11;94623;0.34;10.34;0.33;0.29
1995;1;30;30;5.4;2.8;-2;5;1;-7.1;2.5;-0.2;0.16;1.1;2.4;3.66;74;17;81;21;94866;0.47;7.64;0.34;0.3
1995;1;31;31;1.3;-1.4;-4.1;-3.5;-5.8;-7.2;1.3;1;0.15;1.1;2.4;3.05;254;60;109;67;96843;0.22;0.01;0.33;0.3
1995;2;1;32;6.5;2.2;-1.1;2.8;-2.1;-7.2;0.8;2.5;0.15;1.1;2.4;2.73;181;38;74;48;96334;0.12;0.03;0.32;0.31
1995;2;2;33;4.4;2;-0.6;2.9;-0.7;-3.9;1.5;-0.1;0.13;1.1;2.4;2.16;81;20;74;38;96570;0.09;0.34;0.31;0.31
1995;2;3;34;2.9;-0.3;-2.6;-1.8;-2.6;-3.4;-0.3;1;0.13;1.1;2.4;1.89;259;55;91;51;97488;0.23;0;0.31;0.31
1995;2;4;35;4.4;0.9;-3.1;3;-0.7;-3.8;2.4;1.4;0.13;1.1;2.4;1.7;194;45;65;37;96861;0.05;0.36;0.3;0.31
1995;2;5;36;4.5;3.2;1.7;3.6;1.5;-0.2;3.4;-0.8;0.12;1.1;2.4;1.16;216;51;80;32;96842;0.36;1.21;0.3;0.31
1995;2;6;37;6.5;5;2.5;6.4;4.8;2.4;3.3;1;0.12;1.1;2.4;0.75;43;11;14;2;96289;-0.05;0.95;0.29;0.31
1995;2;7;38;5.9;4.4;3.2;5.7;3;1.6;4.5;0.9;0.11;1.1;2.4;0.31;89;23;42;14;95539;0.55;0.9;0.29;0.31
1995;2;8;39;6.3;4.6;2.7;5;3.4;1.5;4.3;1.7;0.11;1.1;2.4;0.15;74;18;30;9;94699;0.89;5.08;0.29;0.31
1995;2;9;40;5.2;0.5;-2.9;4.9;-2.8;-7.5;0.6;-1.3;0.12;1.1;2.4;0.94;203;37;92;39;94500;0.48;4.35;0.29;0.31
1995;2;10;41;2.1;-0.7;-3.3;0;-4.4;-7.8;-0.3;1.5;0.12;1.1;2.4;1.23;140;34;76;37;95145;0.05;1.03;0.29;0.31
1995;2;11;42;6.3;4.4;1.8;3.5;2.7;0.8;2.1;2.4;0.12;1.1;2.4;0.9;254;50;61;26;95171;0.6;1.23;0.29;0.31
1995;2;12;43;8;5.3;-0.6;5.8;2.7;-1.5;2.9;1.9;0.11;1.1;2.4;0.35;286;57;89;44;95697;0.94;5.39;0.29;0.31
1995;2;13;44;10;3.7;-1.6;4.2;1.1;-2.6;-0.8;1.9;0.11;1.1;2.4;0.19;270;75;91;63;95806;0.31;0.01;0.28;0.31
1995;2;14;45;7.3;4.8;2;4.9;2.4;0.2;2.4;1.3;0.11;1.1;2.4;0.1;277;64;87;43;95564;0.76;2.27;0.28;0.31
1995;2;15;46;8.9;4.7;0.3;7.9;3;-1.8;1.7;3.1;0.11;1.1;2.4;0.05;110;18;76;30;95455;0.69;7.68;0.28;0.31
1995;2;16;47;8.2;5.6;3.9;7;3.3;0.5;3.7;1.6;0.11;1.1;2.4;0;242;56;77;45;95461;1.12;4.55;0.29;0.31
1995;2;17;48;6.7;5;3.3;4.6;1.2;-2.3;3.5;2.3;0.11;1.1;2.4;0;136;29;64;37;95107;1.13;4.24;0.29;0.31
1995;2;18;49;5.9;3.3;1.3;2.1;0.1;-2.9;3.2;0.1;0.11;1.1;2.4;0;321;74;91;49;95523;0.79;1.62;0.28;0.31
1995;2;19;50;6.4;3.4;0.9;2.2;0.5;-1.1;3.3;2.4;0.11;1.1;2.4;0.01;222;56;44;29;96183;1.02;3.2;0.28;0.31
1995;2;20;51;8;6.7;4;6.5;5.2;2.1;3.6;1.7;0.11;1.1;2.4;0.09;58;14;16;5;96249;0.65;2.81;0.28;0.31
1995;2;21;52;14.5;8.7;3.8;6.3;4.2;2.6;2;1.9;0.11;1.1;2.4;0.02;410;104;112;66;95981;1.08;1.19;0.28;0.31
1995;2;22;53;5.8;2.3;-1.2;1.4;-2.5;-4.6;1.8;0.9;0.11;1.1;2.4;0.03;414;100;128;76;96533;0.95;0.34;0.28;0.31
1995;2;23;54;3.6;1;-1.5;-1.8;-3.7;-4.8;2.2;2;0.11;1.1;2.5;0.16;265;63;94;59;95274;0.48;0.58;0.27;0.31
1995;2;24;55;5;1.3;-1;1;-2.3;-4.6;0.5;2.2;0.14;1.2;2.5;1.92;296;61;87;42;94112;0.47;6.69;0.27;0.31
1995;2;25;56;3;1.3;0.2;1.9;0.6;-0.4;1.4;1.5;0.21;1.2;2.5;6.86;122;27;18;8;93738;0.37;14.08;0.27;0.31
1995;2;26;57;3.6;0.9;-1.8;0.4;-0.9;-2.8;1.3;-0.9;0.28;1.2;2.5;10.96;182;48;64;30;94238;0.44;2.41;0.28;0.31
1995;2;27;58;2.8;-0.3;-2.4;-2.8;-3.5;-4.3;2;-0.4;0.27;1.2;2.5;10.45;229;58;93;45;96074;0.66;0.81;0.27;0.3
1995;2;28;59;5.5;2.7;-0.9;2.8;-0.4;-4.8;3.6;2;0.26;1.2;2.5;9.56;153;37;60;20;96658;0.4;1.1;0.27;0.3
1995;3;1;60;11.1;6.3;2.6;3;2.3;0.8;2.4;2.2;0.18;1.2;2.5;4.64;361;84;99;52;95876;0.62;0.1;0.28;0.3
1995;3;2;61;6.3;4.1;0.3;2.5;0.1;-3.7;2.6;1.8;0.14;1.2;2.5;2.13;354;95;98;60;95441;1.07;1.6;0.28;0.3
1995;3;3;62;6.2;2.8;-0.5;2;-0.2;-2.6;0.7;2.1;0.14;1.2;2.5;1.54;226;52;83;40;94743;0.87;1.89;0.27;0.3
1995;3;4;63;4.4;1.1;-1.3;-0.5;-4.1;-8.4;1.5;-1;0.13;1.2;2.5;1.31;380;91;93;56;95043;0.78;0.15;0.27;0.3
1995;3;5;64;5;1;-3.1;-3.2;-5.2;-6.5;0;2.4;0.13;1.2;2.5;1.2;495;131;127;74;94663;0.76;0.83;0.27;0.3
1995;3;6;65;4.5;1.7;-1.3;1.8;-0.3;-2.9;2.8;1.6;0.15;1.3;2.5;2.33;291;84;82;43;94476;0.98;3.4;0.27;0.3
1995;3;7;66;2.7;-0.6;-3.6;-0.5;-2.9;-5.6;1.7;1.2;0.16;1.3;2.5;2.71;346;83;96;60;95525;0.67;1.52;0.27;0.3
1995;3;8;67;6.1;1.1;-3.5;-4.1;-5.2;-6.6;-1;2.3;0.15;1.3;2.5;2.69;411;108;95;70;95259;0.58;0;0.26;0.3
1995;3;9;68;6.2;2.1;-0.3;-0.2;-2.1;-4.4;2;0;0.15;1.3;2.5;2.33;406;103;97;55;95966;0.87;0.75;0.26;0.3
1995;3;10;69;7.5;2.2;-3.4;-1.1;-2.9;-4.4;-2.6;0.3;0.14;1.3;2.5;1.81;502;141;121;87;96482;0.79;0;0.26;0.3
1995;3;11;70;9.7;4.2;-0.2;-0.6;-1.7;-3.8;-2.9;0.1;0.13;1.3;2.5;1.27;519;147;124;97;96340;1.02;0;0.26;0.3
1995;3;12;71;10.3;4.4;-0.7;-0.5;-1.6;-2.7;-2.8;-0.2;0.13;1.3;2.5;0.81;524;149;128;95;96689;1.09;0;0.26;0.3
1995;3;13;72;6.8;2.4;-0.5;-0.5;-1.4;-2.9;-4;-0.9;0.13;1.3;2.5;0.54;409;102;93;62;96685;0.7;0;0.25;0.3
1995;3;14;73;1.3;-0.9;-3.9;-3.2;-5.5;-6.9;-2.3;-0.4;0.13;1.3;2.5;1.1;434;106;99;63;95534;0.67;1.28;0.25;0.3
1995;3;15;74;2.5;-0.4;-4.4;1.8;-1.8;-6.4;0.6;2;0.16;1.4;2.5;2.84;162;41;70;26;94477;0.14;4.76;0.25;0.3
1995;3;16;75;4.1;0.8;-1.6;0.1;-1.9;-3.7;2.5;1.5;0.19;1.4;2.5;4.99;426;117;96;59;94900;1.03;4.13;0.25;0.3
1995;3;17;76;6.9;3.3;-1.2;4.8;-0.6;-5.7;2.3;3.7;0.19;1.4;2.5;4.81;240;56;73;36;94772;1.05;11.79;0.25;0.3
1995;3;18;77;8.4;5.3;2.5;4.5;1.3;-2.1;5.2;1.4;0.15;1.4;2.5;2.03;446;131;93;59;94833;1.94;5.74;0.26;0.3
1995;3;19;78;6.5;3.7;0.9;4.7;1.9;-0.9;2.8;0.5;0.15;1.4;2.5;2.05;252;55;56;23;94784;1.05;13.78;0.27;0.3
1995;3;20;79;5.3;1.3;-2;-0.7;-3.4;-5.7;4;-1.1;0.15;1.4;2.5;1.77;500;143;104;71;95633;1.37;1.3;0.27;0.3
1995;3;21;80;4.3;1.5;-0.2;0.1;-1.5;-2.7;3.6;-1.8;0.16;1.5;2.5;2.84;402;118;79;50;96632;1.22;4.51;0.27;0.3
1995;3;22;81;6.6;2;-2.7;-2.1;-4.5;-6.2;1.9;-1.1;0.17;1.5;2.5;3.28;508;154;121;89;97670;1.26;0.04;0.27;0.3
1995;3;23;82;10.3;4.7;0.1;-0.1;-1.7;-3.7;2.5;-0.4;0.15;1.5;2.5;2.31;537;158;112;74;97297;1.28;0;0.27;0.3
1995;3;24;83;13.7;6.4;-1.1;-0.4;-2.1;-3.4;2.3;1;0.14;1.5;2.5;1.31;585;170;135;91;96477;1.61;0;0.27;0.3
1995;3;25;84;9;5.2;2;4.3;1.8;-1;4.7;0.5;0.13;1.5;2.5;0.66;443;92;88;51;95772;1.3;3.71;0.27;0.3
1995;3;26;85;7.7;4.2;0.3;5;2.6;-1.6;4.2;0.6;0.14;1.5;2.5;0.8;372;70;75;31;95534;1.55;8.87;0.27;0.3
1995;3;27;86;5.5;2.4;-2.5;4.1;0.3;-7;5.1;0.2;0.14;1.5;2.5;1.55;137;41;77;29;94119;1.65;11.68;0.28;0.3
1995;3;28;87;2;-1.2;-3.5;-6.4;-7.9;-9;3.9;0.2;0.18;1.6;2.5;3.88;518;147;101;78;94868;1.15;1.62;0.28;0.3
1995;3;29;88;0.1;-1.6;-2.8;-2.7;-4.5;-7;2.1;-1.6;0.32;1.6;2.5;12.6;263;74;57;32;94212;0.81;12.21;0.27;0.29
1995;3;30;89;2.6;-1.1;-3.6;-5.3;-6.4;-7.1;0.7;-2.7;0.37;1.6;2.5;16.28;316;96;93;59;96801;1.2;0.22;0.27;0.29
1995;3;31;90;3.4;-0.1;-4.4;-0.1;-3.9;-7.2;2.9;0.4;0.35;1.6;2.5;15.7;262;81;56;28;97061;0.72;4.64;0.27;0.29
1995;4;1;91;7.5;4.2;0.4;7.3;3.9;-0.2;3.6;-0.6;0.33;1.6;2.5;14.36;75;18;7;1;96628;-0.49;3.45;0.27;0.29
1995;4;2;92;14.7;10.2;7.2;7.3;6.4;5;4.8;-0.7;0.19;1.6;2.5;4.09;430;115;108;45;96608;1.19;0.8;0.29;0.29
1995;4;3;93;17.8;12;6.3;5.7;4.3;3;4.2;0.8;0.14;1.7;2.5;0.6;611;192;121;96;95972;2.21;0;0.29;0.29
1995;4;4;94;12.8;9.8;6;6.2;4.5;2.3;3.5;-1;0.13;1.7;2.5;0.1;353;115;87;57;95990;1.39;0.41;0.28;0.29
1995;4;5;95;13.7;8.1;2.2;4.4;2.5;0.6;0.5;-0.4;0.13;1.7;2.5;0;609;188;126;84;96517;1.77;0;0.28;0.29
1995;4;6;96;11.6;8.4;4.1;6.3;4.5;2.1;3.1;-0.6;0.13;1.7;2.5;0;308;96;50;32;96360;1.24;1.01;0.28;0.29
1995;4;7;97;12.3;8.7;5.9;8.2;5.4;3.7;4.9;-0.4;0.13;1.7;2.5;0;482;92;58;28;95993;1.42;2.13;0.27;0.29
1995;4;8;98;6.7;3.4;0.1;2.4;-4.6;-7.3;4.3;-3.5;0.14;1.7;2.5;0.21;546;187;113;74;95810;2.25;1.74;0.27;0.29
1995;4;9;99;4.9;1.9;-0.7;-3.3;-4.9;-6.1;3.4;-1.7;0.15;1.7;2.5;0.77;535;155;94;63;96241;1.67;1.5;0.27;0.29
1995;4;10;100;6.1;3.2;0.5;2.8;0.9;-2.7;3.1;-0.3;0.16;1.8;2.5;1.87;192;60;27;14;96086;1.03;3.84;0.27;0.29
1995;4;11;101;7.9;5.2;3.4;4;3.2;2.9;1.4;-1.8;0.15;1.8;2.5;1.02;226;68;47;21;96392;1.29;2.87;0.27;0.29
1995;4;12;102;7.9;5.3;3.2;6.4;3.7;2.7;1.5;-1.5;0.14;1.8;2.5;0.44;206;66;58;29;96523;1.07;4.28;0.27;0.29
1995;4;13;103;4.5;2.8;0.7;3.1;-1.2;-3.5;-0.5;-3.1;0.14;1.8;2.5;0.24;478;122;71;38;96885;1.32;0.05;0.27;0.29
1995;4;14;104;5.5;3;0;2.3;0.1;-2.4;-0.6;-3.2;0.14;1.8;2.5;0.2;364;98;76;45;97064;1.3;2.58;0.27;0.29
1995;4;15;105;10.3;5.6;2.4;5;3.4;1.7;0.4;-1.5;0.14;1.8;2.5;0.11;367;124;60;42;96057;1.66;6.7;0.27;0.29
1995;4;16;106;8.9;4.7;1.5;6;2.5;-1.3;2.1;-0.1;0.14;1.9;2.5;0.03;470;128;89;51;95268;1.89;4.22;0.27;0.29
1995;4;17;107;8;4.1;0.7;4.8;2.4;-0.9;4.4;1.7;0.14;1.9;2.5;0.26;305;83;64;27;94904;2;12.83;0.28;0.29
1995;4;18;108;8.4;6.8;5.1;6.1;5.4;4.7;4.1;2.3;0.14;1.9;2.5;0.14;214;56;24;8;94486;1.87;10.07;0.29;0.29
1995;4;19;109;14.9;9.9;6.8;7.9;6.3;5.4;1.6;2.2;0.14;1.9;2.5;0.01;488;145;99;37;94522;2.22;8.96;0.29;0.29
1995;4;20;110;7.7;5.2;2.9;6.3;1.2;-0.9;1.9;0.5;0.14;1.9;2.5;0;374;99;57;29;95456;1.74;1.92;0.29;0.29
1995;4;21;111;14.4;8.8;3.6;7.7;5;1.4;-2.8;-0.8;0.14;2;2.5;0;410;140;97;45;95758;1.73;1;0.29;0.29
1995;4;22;112;23.4;15.4;7.5;8.7;6.9;4.8;-1.7;1.8;0.14;2;2.5;0;685;233;133;96;95603;3.26;0;0.29;0.29
1995;4;23;113;23;16.2;9;10.3;8.2;6;-1.9;0;0.14;2;2.5;0;676;230;129;91;95900;3.26;0;0.28;0.29
1995;4;24;114;21.3;16;11.8;9.8;7.6;6.2;-4;-0.2;0.14;2;2.5;0;677;212;121;91;95162;3.16;0.35;0.28;0.29
1995;4;25;115;16.7;12.5;9.3;10;8.2;7.3;-4.2;-1;0.14;2;2.5;0;550;180;102;75;94202;2.38;1.77;0.27;0.29
1995;4;26;116;14.6;10.7;6.8;7.5;6.5;5.5;-1.2;-0.9;0.14;2.1;2.5;0;530;175;99;63;94115;2.25;1.74;0.27;0.29
1995;4;27;117;12.2;9;5.9;9.4;7.7;5.3;1.7;-0.5;0.15;2.1;2.5;0;316;100;56;38;94652;1.89;8.97;0.27;0.29
1995;4;28;118;11.3;8.7;4.3;8.2;5.9;1.6;0.5;-1.4;0.15;2.1;2.5;0;359;113;90;44;95542;1.52;0.99;0.28;0.29
1995;4;29;119;16.7;9.9;1.7;7.5;4.5;0.6;-0.8;0.4;0.15;2.1;2.5;0;693;218;130;80;95990;2.49;0.15;0.27;0.29
1995;4;30;120;15.6;11.2;6.1;11.8;8.7;5.2;0.4;-0.3;0.15;2.1;2.5;0;441;147;77;52;96205;2.16;6.73;0.27;0.29
1995;5;1;121;15.1;10.7;6.6;9.6;7.2;4.6;-1.7;-1.5;0.15;2.2;2.5;0;486;169;96;62;96653;2.36;1.86;0.27;0.29
1995;5;2;122;14.5;9.7;4.7;4.1;2.3;0.3;-2.4;-0.5;0.15;2.2;2.5;0;712;249;135;106;97125;2.97;0;0.27;0.29
1995;5;3;123;16.2;10.3;3.6;5;1.9;-0.2;-2;0.2;0.15;2.2;2.5;0;710;250;135;103;97204;3.1;0;0.26;0.29
1995;5;4;124;19.3;12.8;4.9;8.2;5.2;2.2;0.2;-1.1;0.15;2.2;2.5;0;658;243;124;93;96904;3.09;0;0.26;0.29
1995;5;5;125;20.3;14.6;6.7;11.1;8;4.7;0.3;-1.3;0.15;2.2;2.5;0;685;235;121;86;96671;3.1;0;0.26;0.29
1995;5;6;126;22;16.5;10.3;10.1;7.9;5.2;1.5;-1.1;0.15;2.2;2.5;0;691;232;127;87;96106;3.34;0.01;0.25;0.29
1995;5;7;127;20.1;14.9;8.5;10.4;8.9;7.2;1.4;-1.1;0.15;2.3;2.5;0;640;232;112;82;95947;3.05;0.32;0.25;0.29
1995;5;8;128;20.3;14.5;8.2;10.8;9;6.8;2.6;0.7;0.15;2.3;2.5;0;567;183;87;58;95541;2.83;5.96;0.24;0.29
1995;5;9;129;11.9;9.5;6.8;8.9;5;3.5;4;-0.8;0.15;2.3;2.5;0;497;184;99;67;95533;2.91;2.46;0.25;0.29
1995;5;10;130;11;8;5.1;4;3.4;2.4;1.9;-0.3;0.15;2.3;2.5;0;453;154;75;58;95678;2.17;1.4;0.24;0.29
1995;5;11;131;12.7;8.9;4;4.5;2.7;1.1;-0.4;-0.5;0.15;2.3;2.5;0;491;156;86;65;95084;2.02;0.24;0.24;0.29
1995;5;12;132;12.2;9.7;6.5;8.9;7;3.3;-2.4;-2.2;0.15;2.4;2.5;0;257;88;64;30;94157;1.47;3.59;0.24;0.29
1995;5;13;133;9.1;7.8;5.2;8.7;6.9;3.7;0.9;-3.6;0.15;2.4;2.5;0;167;47;13;8;93926;1.52;7.73;0.25;0.29
1995;5;14;134;9;5.8;2.3;2.8;-0.7;-3.1;3.6;-2.1;0.15;2.4;2.5;0;390;151;97;56;95725;2.6;1.03;0.25;0.29
1995;5;15;135;11.2;6.4;-0.5;3;-0.8;-2.5;0.9;1;0.15;2.4;2.5;0;454;180;106;76;96064;2.17;0.12;0.24;0.29
1995;5;16;136;14;8.9;1.6;7.4;3.7;-1;-0.6;0.8;0.15;2.4;2.5;0;422;148;73;53;95427;1.74;0.41;0.24;0.29
1995;5;17;137;15.3;11.1;7.9;10.7;8.4;6.3;1.7;2.4;0.16;2.4;2.5;0;383;123;83;32;94847;2.7;9.85;0.24;0.28
1995;5;18;138;12.8;10.1;6.3;9.7;6.7;4.4;2.5;2.4;0.16;2.5;2.5;0;320;97;60;32;94920;2.28;7.38;0.24;0.28
1995;5;19;139;11.2;7.9;5;4.8;2.9;1.5;1;-1.4;0.16;2.5;2.5;0;598;193;103;59;95818;3;2.26;0.25;0.28
1995;5;20;140;12.5;8.4;3.3;3.5;1.6;-0.5;0.1;-1.8;0.16;2.5;2.5;0;532;179;88;66;96494;2.46;0.29;0.25;0.28
1995;5;21;141;13.8;9.2;3;5.6;3.6;1.5;-0.4;-2;0.16;2.5;2.5;0;494;190;92;70;96859;2.53;0.57;0.24;0.28
1995;5;22;142;15.4;10.4;4.4;4.9;3.2;2.1;-1.5;-0.2;0.16;2.5;2.5;0;555;220;127;85;96635;2.89;0.01;0.24;0.28
1995;5;23;143;18.7;12.8;5.1;9.5;5.4;2.4;-0.9;1.2;0.16;2.5;2.5;0;734;264;137;95;95938;3.47;0;0.24;0.28
1995;5;24;144;21.5;15.7;7;11.2;7.8;5;-0.9;0.9;0.16;2.5;2.5;0;598;227;113;82;95695;3.34;0.08;0.23;0.28
1995;5;25;145;23.5;17.6;9.1;12.1;9.1;6.5;-1.2;0.5;0.16;2.6;2.5;0;636;221;106;79;95773;3.42;0;0.23;0.28
1995;5;26;146;23.4;18;11.6;14.8;12;8.4;-0.5;-0.9;0.16;2.6;2.5;0;679;208;109;68;95806;3.19;1.69;0.23;0.28
1995;5;27;147;18.2;15.5;11.2;14.6;12.5;10.1;1.5;0.3;0.16;2.6;2.5;0;481;137;84;45;96104;2.27;6.92;0.23;0.28
1995;5;28;148;21.6;16.6;9;12.7;10.5;8.8;-1;1;0.16;2.6;2.5;0;630;214;109;77;96618;3.22;0.04;0.23;0.28
1995;5;29;149;24.4;18.6;12.5;14.6;12.6;9.5;0.4;-0.1;0.16;2.6;2.5;0;665;234;113;79;96176;3.58;0.86;0.22;0.28
1995;5;30;150;17.6;15;12.4;15.7;14;12.1;0.7;-1.8;0.16;2.6;2.5;0;305;75;44;26;95865;1.54;9.5;0.23;0.28
1995;5;31;151;16.1;13.4;11.4;14.4;12.3;10.9;-0.8;-2.9;0.16;2.6;2.5;0;300;101;37;17;95524;1.92;3.37;0.23;0.28
1995;6;1;152;15.9;12.2;8;13.2;11.2;7.4;-0.1;-3.2;0.16;2.6;2.5;0;278;73;37;12;95325;1.6;14.12;0.23;0.28
1995;6;2;153;10.2;8;5.3;6.9;6.3;4.5;1.1;-1.7;0.16;2.7;2.5;0;159;51;81;27;95769;1.79;26.44;0.26;0.28
1995;6;3;154;16.9;11.2;3.4;11.1;8.1;3.2;-0.1;0.8;0.16;2.7;2.5;0;667;212;104;70;96078;2.91;2.42;0.26;0.28
1995;6;4;155;15.2;11.7;6.9;10.6;8.7;6.2;1;0.9;0.16;2.7;2.5;0;408;137;79;53;96040;2.44;3.61;0.26;0.28
1995;6;5;156;17.9;13.3;8.1;11.9;9.9;7.3;0.1;0;0.16;2.7;2.5;0;544;202;99;65;96031;2.76;6.85;0.26;0.28
1995;6;6;157;16.3;12.9;9.3;13;11;9;0.4;-2.7;0.16;2.7;2.5;0;498;133;52;37;96088;2.6;6.84;0.27;0.28
1995;6;7;158;17;13.7;9.7;10.1;9.1;8.3;1.4;-0.6;0.16;2.7;2.5;0;485;162;77;51;95943;2.69;0.32;0.27;0.28
1995;6;8;159;13.1;11.5;8.8;10.1;9;7.4;1.5;-0.2;0.16;2.7;2.5;0;254;71;65;33;95810;1.25;1.49;0.27;0.28
1995;6;9;160;11.8;10;7.5;8.6;7.3;6.4;1;-0.7;0.16;2.8;2.5;0;210;81;88;38;95961;1.92;4.83;0.27;0.28
1995;6;10;161;17.6;12.5;6.1;8.5;7;5.7;0.3;0.8;0.16;2.8;2.6;0;552;207;94;73;95714;3.03;2.14;0.27;0.28
1995;6;11;162;12.3;10.7;9.2;9.2;8.5;7.5;0.6;-1.4;0.16;2.8;2.6;0;261;77;35;27;95246;1.94;8.83;0.27;0.28
1995;6;12;163;14.5;11.1;8.7;9.3;8.1;7.3;-0.9;-1.6;0.16;2.8;2.6;0;543;136;76;42;95294;2.34;5.33;0.27;0.28
1995;6;13;164;14.7;11.4;8.3;9.8;8.4;7.3;0.5;-1.7;0.16;2.8;2.6;0;458;138;90;47;95516;2.08;1.45;0.27;0.28
1995;6;14;165;15.8;11.6;7.8;11.7;9.7;7.6;1.1;-0.2;0.16;2.8;2.6;0;499;151;77;45;95794;2.22;7.31;0.27;0.28
1995;6;15;166;15.7;11.7;8.5;12;9.5;7.9;1.5;0.7;0.16;2.8;2.6;0;531;168;85;47;95884;2.75;6.06;0.28;0.28
1995;6;16;167;15;11.3;7;9.8;8.5;6.2;1.8;1.7;0.16;2.8;2.6;0;455;192;88;62;95894;2.88;6.01;0.28;0.28
1995;6;17;168;16.2;13.1;9;11.1;8.5;5.3;2.6;1.8;0.16;2.8;2.6;0;527;156;76;48;95772;3.08;5.9;0.28;0.28
1995;6;18;169;13.2;12.3;10.6;12.1;10.7;9.4;2.9;1.4;0.16;2.8;2.6;0;140;45;33;11;95789;1.3;4.24;0.28;0.28
1995;6;19;170;19.9;16;12.1;13.6;11.4;9.7;1.7;-0.1;0.16;2.8;2.6;0;591;187;91;49;96378;3.29;1.17;0.28;0.28
1995;6;20;171;24.5;18.6;9.4;16.2;12.5;8.3;-0.9;0.5;0.16;2.8;2.6;0;714;270;120;85;96511;4.2;0;0.28;0.28
1995;6;21;172;23.6;18.5;12.7;16.7;14.7;11.5;0.7;-0.6;0.16;2.8;2.6;0;464;172;75;55;96347;2.9;3.2;0.28;0.28
1995;6;22;173;14.7;12.1;8.7;13.3;6.3;3.1;1.6;-3;0.16;2.8;2.6;0;584;194;97;54;96373;3.51;1.3;0.27;0.28
1995;6;23;174;14.9;10.8;7;7.6;6.5;5.6;-0.1;-2.2;0.16;2.8;2.5;0;601;192;89;58;96067;3.23;1.62;0.27;0.28
1995;6;24;175;15.9;12.5;9.2;10.1;9.2;7.4;-1;-1.8;0.16;2.8;2.5;0;285;82;58;27;96046;1.53;0.91;0.27;0.28
1995;6;25;176;19.4;14.3;10.6;13.2;11.6;9.7;0.5;-2.8;0.16;2.8;2.5;0;303;80;71;33;96254;1.84;6.04;0.27;0.28
1995;6;26;177;20.7;16.5;11.3;13;11.7;9.1;-0.3;-3.1;0.15;2.7;2.5;0;605;214;88;68;96366;3.43;0.68;0.27;0.28
1995;6;27;178;22.5;18.4;13.3;14.7;13.8;12.4;-2;-2.1;0.15;2.7;2.5;0;420;167;79;54;96363;2.96;0.17;0.27;0.28
1995;6;28;179;21.9;17.2;12.5;13;8;5.4;-2;-2;0.15;2.7;2.5;0;758;286;140;108;96178;4.76;0;0.26;0.28
1995;6;29;180;24.7;18.1;9;13.8;10.5;6.8;0;-1.6;0.15;2.7;2.5;0;733;277;127;97;95998;4.37;0;0.26;0.28
1995;6;30;181;25.4;19.4;11.7;14.5;12.1;10.3;0;-1.2;0.15;2.7;2.5;0;737;277;133;97;95971;4.37;0;0.25;0.28
1995;7;1;182;26.9;21.2;15;14.7;12.1;9.2;0.2;-0.8;0.15;2.7;2.5;0;739;272;131;94;95864;4.5;0;0.25;0.28
1995;7;2;183;23.8;19.3;15.6;17.6;15.1;13.6;-0.5;1;0.15;2.7;2.5;0;571;168;76;56;95332;2.94;3.99;0.24;0.28
1995;7;3;184;21.1;17.7;14.3;16.5;14.8;13.5;1.9;1.1;0.15;2.7;2.5;0;481;154;78;52;94813;2.89;6.43;0.25;0.27
1995;7;4;185;16.9;14.8;11.7;14.4;11.5;7.4;2.6;-0.1;0.15;2.7;2.5;0;421;127;83;46;95570;2.7;4.62;0.25;0.27
1995;7;5;186;18.7;15;10.7;10.8;9.1;7.2;1.9;-0.5;0.15;2.7;2.5;0;494;184;88;61;96282;2.98;0.25;0.25;0.27
1995;7;6;187;22.2;17;10.2;12.9;9.9;8.6;-0.6;-0.8;0.15;2.7;2.5;0;601;237;120;79;96438;3.71;0;0.24;0.27
1995;7;7;188;24.5;19;11.6;13.5;11.3;9.7;-1.8;0;0.15;2.7;2.5;0;718;266;120;87;96384;4.25;0;0.24;0.27
1995;7;8;189;27.2;21.1;12.6;15;12.6;10.9;-1.8;-0.1;0.15;2.6;2.5;0;733;274;132;96;96448;4.44;0;0.23;0.27
1995;7;9;190;29.4;23.1;15;15.7;14.3;13;-1.7;-0.4;0.15;2.6;2.5;0;726;269;129;92;96362;4.5;0;0.23;0.27
1995;7;10;191;29.7;23.6;16.5;17.7;15.3;14.2;-1.7;-0.4;0.15;2.6;2.5;0;714;254;118;84;95960;4.33;0.63;0.22;0.27
1995;7;11;192;28.9;23.3;17.4;17.2;15.1;13.6;-2;-0.3;0.15;2.6;2.5;0;719;254;119;80;95445;4.23;0.27;0.22;0.27
1995;7;12;193;26.2;21.4;17.3;18.5;16.7;15.6;0.3;0.1;0.15;2.6;2.5;0;579;209;94;64;95638;3.31;8.56;0.22;0.27
1995;7;13;194;26.6;21.5;15.5;18.8;17.3;15.3;0.5;-0.2;0.15;2.6;2.5;0;597;212;86;60;95788;3.79;2.79;0.22;0.27
1995;7;14;195;27.2;21.2;16.1;18.6;17.5;16;0.7;0.4;0.15;2.6;2.5;0;650;216;93;59;95682;3.7;8.06;0.22;0.27
1995;7;15;196;22.7;19.5;16.8;17.5;15.7;13.4;1.8;0.2;0.15;2.6;2.5;0;535;167;85;51;95751;3.17;1.57;0.23;0.27
1995;7;16;197;21.1;17.8;14.9;16.5;13.9;10.5;2;0.6;0.15;2.6;2.5;0;483;147;77;50;95684;2.9;5.01;0.23;0.27
1995;7;17;198;21.3;17.6;12.5;13.5;12;10.6;1.7;0.1;0.15;2.6;2.5;0;577;199;89;66;95958;3.15;0.3;0.22;0.27
1995;7;18;199;21.6;17.6;14.2;15;13.4;12.5;2.4;0.5;0.15;2.6;2.5;0;443;132;67;39;96190;2.63;2.34;0.22;0.27
1995;7;19;200;23.6;19.9;16.2;15.4;14.1;13;2.4;-0.8;0.15;2.5;2.5;0;498;151;82;42;96622;2.91;0.33;0.22;0.27
1995;7;20;201;26.8;21.2;13.9;16.7;14.8;12.7;-1.5;0.3;0.15;2.5;2.5;0;714;260;121;86;96598;4.06;0;0.22;0.27
1995;7;21;202;30.4;24.1;16.1;18.6;15.8;14;-0.4;0.8;0.15;2.5;2.5;0;697;257;123;86;96087;4.15;0;0.21;0.27
1995;7;22;203;30.5;22.5;15.6;20.2;17.9;14.4;0.2;-0.4;0.15;2.5;2.5;0;669;194;91;54;95757;3.6;25.34;0.21;0.27
1995;7;23;204;17.4;15.1;12.6;13.8;11.7;10.7;-0.6;-2.5;0.15;2.5;2.5;0;206;59;30;18;96602;2.05;11.75;0.24;0.27
1995;7;24;205;22.3;17.9;13.9;14.2;11.4;10.2;-1.2;-0.3;0.15;2.5;2.5;0;699;234;124;77;96678;3.71;0;0.24;0.27
1995;7;25;206;24.5;18.9;11.3;13.4;11.6;10.3;-1.8;-0.6;0.15;2.5;2.5;0;706;259;128;93;96375;4.17;0;0.24;0.27
1995;7;26;207;26.3;20.9;15.1;14.3;12.3;10.3;-2.7;-0.1;0.15;2.5;2.5;0;713;259;123;94;96115;4.44;0;0.23;0.27
1995;7;27;208;27.1;21.8;16.3;17.9;14.6;12.2;-1;-0.9;0.15;2.5;2.5;0;626;210;101;72;96093;3.76;1.15;0.23;0.27
1995;7;28;209;19.8;17.8;15;16.7;15.5;14;0;-1.8;0.15;2.5;2.5;0;381;127;79;42;96268;2.93;18.59;0.24;0.27
1995;7;29;210;23.7;18.9;14.5;15;13.8;12.3;-1.4;-0.7;0.15;2.5;2.5;0;522;174;90;57;96262;3.13;0.28;0.24;0.27
1995;7;30;211;24.5;20.3;14.7;13.4;12;10.4;-2.9;-0.6;0.15;2.4;2.5;0;636;208;106;76;96137;3.8;0;0.24;0.27
1995;7;31;212;26.9;21.9;16.2;14.4;12.7;11.5;-2.6;-0.8;0.15;2.4;2.5;0;703;249;117;91;95973;4.41;0;0.23;0.27
1995;8;1;213;26.3;21.4;15.4;13.8;11.9;10.5;-1.8;-1.5;0.15;2.4;2.5;0;648;232;116;86;95979;4.1;0.01;0.23;0.27
1995;8;2;214;23.7;19.4;14.8;11.8;10.1;8.9;-1.2;-2.2;0.15;2.4;2.5;0;693;244;122;95;96147;4.01;0;0.22;0.27
1995;8;3;215;23.9;19;12.3;13;10.3;9;-0.9;-1.5;0.15;2.4;2.5;0;702;235;127;92;95998;3.6;0;0.22;0.26
1995;8;4;216;24.2;19.7;13.7;13.2;11.4;9.6;0;-1.2;0.15;2.4;2.5;0;627;208;107;79;95762;3.25;0.05;0.22;0.26
1995;8;5;217;25.5;19.9;12.9;14.2;11.9;10.1;-1.4;-0.7;0.15;2.4;2.5;0;667;219;117;83;96147;3.39;0;0.21;0.26
1995;8;6;218;26.7;21;13.4;14.7;12.5;10.2;-1.1;0.1;0.15;2.4;2.5;0;631;217;111;80;96120;3.35;0;0.21;0.26
1995;8;7;219;26.9;21;16.7;17;14.3;12.3;0.2;-0.4;0.15;2.4;2.5;0;572;175;99;62;95828;2.84;4.85;0.21;0.26
1995;8;8;220;19;16.4;14.4;15;12.1;10.1;-1.6;-1.7;0.15;2.4;2.5;0;317;104;67;41;96018;2.86;7.89;0.21;0.26
1995;8;9;221;21.8;17.4;13.2;11;9.1;7;-2.4;-1.4;0.15;2.3;2.5;0;615;213;116;78;96341;3.54;0.16;0.21;0.26
1995;8;10;222;23.4;17.5;10.2;11.1;8.9;7.1;-1.7;-0.5;0.15;2.3;2.5;0;697;244;135;97;96715;3.46;0;0.21;0.26
1995;8;11;223;26;19.3;11.5;10.6;9.3;7.6;-2.2;-0.3;0.15;2.3;2.5;0;693;242;135;96;96772;3.62;0;0.21;0.26
1995;8;12;224;26.6;20.3;13.6;11.9;10.2;8.5;-1.9;0.1;0.15;2.3;2.5;0;686;239;136;96;96587;3.54;0;0.2;0.26
1995;8;13;225;27.1;20.8;13.9;16.5;12.4;10.1;0.7;0.8;0.15;2.3;2.5;0;605;201;111;72;96124;3.05;1.26;0.2;0.26
1995;8;14;226;19.1;16.9;14.1;16.3;15.3;13;0.4;-1.5;0.15;2.3;2.5;0;323;76;60;31;96019;1.99;18.04;0.21;0.26
1995;8;15;227;20.2;16.3;12.6;12.8;10.1;7.4;0.1;-2.2;0.14;2.3;2.5;0;558;189;95;70;96336;2.99;0.12;0.21;0.26
1995;8;16;228;18.2;15;12;13.5;11.9;9.9;0.4;-1.7;0.14;2.3;2.5;0;388;113;82;46;96270;2.19;4.4;0.21;0.26
1995;8;17;229;21.2;16.9;11.1;12.7;11.1;10.1;-2.5;-0.8;0.14;2.3;2.5;0;580;163;89;66;96340;2.58;0.14;0.21;0.26
1995;8;18;230;24.1;19.5;14.4;14.9;13.6;11.7;-3;-0.6;0.14;2.3;2.5;0;581;197;97;76;96244;3.01;0.41;0.21;0.26
1995;8;19;231;26.1;20.5;16.4;15.9;14.5;13.2;-2.6;-0.5;0.14;2.3;2.5;0;623;196;103;74;96158;3.08;1.12;0.21;0.26
1995;8;20;232;25.2;19.4;14.1;16.5;15.1;13.5;-1.2;-0.9;0.14;2.3;2.5;0;607;178;98;65;96098;2.66;2.09;0.21;0.26
1995;8;21;233;24.1;19.1;14;15.9;14.7;13.6;-1;-1.3;0.14;2.3;2.5;0;497;137;84;54;96155;2.43;1.28;0.21;0.26
1995;8;22;234;25.9;21;15.7;16.6;15.1;13.6;-2.5;-0.4;0.14;2.2;2.5;0;610;199;95;69;96058;3.06;0.35;0.2;0.26
1995;8;23;235;26.2;20.3;15.4;17.4;15.9;13.9;-0.1;0.9;0.14;2.2;2.5;0;620;190;104;72;95715;2.72;2.62;0.2;0.26
1995;8;24;236;20.4;17.7;14.5;16.5;15.2;14.1;1.6;0.2;0.14;2.2;2.5;0;343;116;68;42;95646;1.99;2.4;0.2;0.26
1995;8;25;237;20.7;17.3;14.6;16.4;14;11.5;2.4;0.6;0.14;2.2;2.5;0;548;139;99;46;95676;2.42;2.42;0.2;0.26
1995;8;26;238;18.5;15.8;13.2;14.3;12.5;10.4;3.7;-0.2;0.14;2.2;2.5;0;431;130;71;36;95575;2.78;5.01;0.2;0.26
1995;8;27;239;16.4;13;11.3;12.9;11.1;9.6;2.6;0.4;0.14;2.2;2.5;0;338;69;45;23;95473;2.07;22.18;0.21;0.26
1995;8;28;240;12.5;10.2;8.4;10.5;7.9;6.4;2.8;-1;0.14;2.2;2.5;0;406;122;67;43;95150;2.62;10.31;0.23;0.26
1995;8;29;241;11.1;9.4;7.9;9.1;7.7;6.2;3.2;-1.8;0.14;2.2;2.5;0;297;86;68;31;95544;2.5;10.82;0.24;0.26
1995;8;30;242;13.9;9.8;6;7.4;6.5;5.5;1.7;-1.6;0.14;2.2;2.5;0;563;173;101;71;96133;2.33;2.89;0.24;0.26
1995;8;31;243;12.3;9.3;7;9.4;7.1;5.4;2.5;-1;0.14;2.2;2.5;0;383;102;56;38;96013;2.17;8.04;0.24;0.26
1995;9;1;244;11.4;9.9;8.1;10.3;8.9;7;4.5;-1.3;0.14;2.2;2.5;0;62;14;13;7;95325;1.53;29.59;0.26;0.26
1995;9;2;245;14.1;11.5;9.2;9.7;8.2;6.6;2;-0.9;0.14;2.2;2.5;0;321;97;51;31;95555;1.84;3.29;0.27;0.26
1995;9;3;246;16.2;12.1;10;11.6;10.1;8.9;2.5;1;0.14;2.2;2.5;0;438;122;71;37;95099;2.12;5.27;0.27;0.26
1995;9;4;247;13.7;11;8.6;9.5;7.2;4.9;3.4;0.9;0.14;2.2;2.5;0;458;129;90;47;94963;2.14;1.37;0.28;0.26
1995;9;5;248;16.4;12.1;7.8;8.7;6.5;5;1;1.3;0.14;2.2;2.5;0;431;125;80;62;95049;1.79;0.05;0.27;0.26
1995;9;6;249;17.5;12.6;8.6;11.9;9;6;0;0.9;0.14;2.2;2.5;0;556;146;103;59;95041;1.83;2.85;0.27;0.26
1995;9;7;250;21.7;14.8;8;12.9;10;6.9;-0.9;1.7;0.14;2.2;2.5;0;546;164;111;59;94783;2.6;1.73;0.27;0.26
1995;9;8;251;19.4;14;11;11.9;10.9;9.5;1.4;2.5;0.14;2.2;2.5;0;521;129;91;43;94708;2.56;6.1;0.27;0.26
1995;9;9;252;15.5;13.1;10.9;11.7;9.9;8.9;3.7;1;0.14;2.2;2.5;0;403;124;78;53;95562;2.11;1.35;0.27;0.26
1995;9;10;253;18.7;13.6;8;10.7;8.6;7.1;-0.1;1.4;0.14;2.2;2.5;0;507;145;87;67;95844;2.05;0.03;0.27;0.26
1995;9;11;254;19.5;14.6;9.4;13.2;11.1;7.6;0.6;1.4;0.14;2.2;2.5;0;442;110;67;45;95705;1.58;1.28;0.27;0.26
1995;9;12;255;19.2;15.1;10.7;12.7;11.8;10.5;-0.7;-0.1;0.14;2.1;2.5;0;435;127;90;58;96041;1.9;2.22;0.27;0.26
1995;9;13;256;21.8;16.6;12.2;15.4;13.7;11.6;-0.9;0.4;0.14;2.1;2.5;0;466;132;78;50;95454;1.84;10.29;0.27;0.26
1995;9;14;257;15.2;13.3;11.7;13.8;10.4;9;2.2;-0.4;0.14;2.1;2.5;0;261;59;45;21;95556;1.43;0.78;0.27;0.26
1995;9;15;258;15;12.3;9.9;10.2;9;7.5;1.1;0.1;0.14;2.1;2.5;0;335;73;69;44;95414;1.11;0.79;0.27;0.26
1995;9;16;259;17.1;12.1;7;9.5;7.9;6.8;-0.2;0.9;0.14;2.1;2.5;0;504;127;106;60;95591;1.67;0.01;0.27;0.26
1995;9;17;260;19.2;13.5;7.4;9.4;8.2;5.8;-1.6;-0.2;0.14;2.1;2.5;0;541;158;112;76;96066;2.08;0.14;0.27;0.26
1995;9;18;261;19.2;14.2;8.7;10.6;9;7.4;-2.9;-0.2;0.14;2.1;2.5;0;532;154;104;79;96314;2.04;0;0.27;0.26
1995;9;19;262;16.6;13.3;10.2;12.1;10.5;8.7;-3.6;-0.9;0.14;2.1;2.5;0;298;73;76;42;95535;1.1;4.28;0.26;0.26
1995;9;20;263;13.1;11.2;8.9;11.8;10.3;8.4;1.6;1.2;0.14;2.1;2.5;0;267;57;47;18;94881;1.34;6.21;0.27;0.26
1995;9;21;264;12.5;10.4;7.8;10;8.2;6.1;1.3;-2;0.13;2;2.5;0;163;42;67;23;95823;0.99;3.49;0.27;0.26
1995;9;22;265;13.9;10;5.5;8.4;7;4.2;1.3;-0.7;0.13;2;2.5;0;255;79;62;45;96424;1.03;0.56;0.27;0.26
1995;9;23;266;15.1;11.3;8.2;11.7;9.7;7.6;0.9;0.1;0.13;2;2.5;0;362;94;69;40;96547;1.13;1.57;0.27;0.26
1995;9;24;267;16.2;11.5;7.2;10.2;8.3;7.2;0.2;1.8;0.13;2;2.5;0;413;107;95;51;95987;1.44;0.25;0.27;0.26
1995;9;25;268;14.7;10.7;6.2;9.5;7.7;5.8;1.4;0.7;0.13;2;2.5;0;388;112;88;68;96030;1.28;0.38;0.27;0.26
1995;9;26;269;13.4;10.3;6.4;8.1;6.6;5.7;3.2;1.5;0.13;2;2.5;0;275;73;62;33;96408;1.23;0.82;0.27;0.26
1995;9;27;270;12.1;10.9;8.8;11.2;9.2;7.2;3.7;2.1;0.13;1.9;2.5;0;103;18;46;11;95593;1.44;15.04;0.27;0.26
1995;9;28;271;9.7;7.1;4.4;6.1;2.6;0.6;4.2;-0.2;0.13;1.9;2.5;0;438;121;90;72;96010;1.9;1.15;0.28;0.26
1995;9;29;272;9.1;5.8;2.7;3.3;2.1;1.1;3.4;0.3;0.13;1.9;2.5;0;334;99;87;62;96147;1.33;1.23;0.28;0.26
1995;9;30;273;7.4;6.1;4.6;6;4.6;3.2;3.5;0.2;0.13;1.9;2.5;0;233;57;46;28;95866;1.69;14.45;0.28;0.26
1995;10;1;274;10.1;6.5;2.9;10;5.3;2.7;1.3;0.8;0.13;1.9;2.5;0;121;29;66;20;95812;0.61;2.41;0.29;0.26
1995;10;2;275;15.7;12.3;9.9;11.1;9.6;7.8;1.8;0.7;0.13;1.9;2.5;0;332;77;54;24;96348;1.18;0.59;0.29;0.26
1995;10;3;276;18.7;13.3;7.7;13.3;11;7.3;0.1;2;0.13;1.8;2.5;0;451;106;84;47;96428;1.08;0.5;0.28;0.26
1995;10;4;277;20.5;15.2;11.1;14.2;12.5;10.4;-0.1;1.9;0.13;1.8;2.5;0;414;109;76;59;96254;1.3;0.24;0.28;0.26
1995;10;5;278;20.3;14.7;9.6;14.2;12;9.2;-0.4;0.5;0.13;1.8;2.5;0;465;125;102;61;96115;1.39;0.07;0.28;0.26
1995;10;6;279;18.8;14.8;11.3;13.4;12.4;11.3;-0.9;0.1;0.13;1.8;2.5;0;307;70;53;37;96623;0.93;0.21;0.28;0.26
1995;10;7;280;18.2;14.2;11.6;13.4;12.1;11.2;0.5;0.7;0.13;1.8;2.5;0;252;68;88;39;97067;0.77;0.05;0.27;0.26
1995;10;8;281;19.5;13.6;8.4;13.2;10.8;8.4;-0.5;0.2;0.13;1.8;2.5;0;426;107;104;56;97289;1.16;0;0.27;0.26
1995;10;9;282;21.8;14.7;7.9;13.6;11;7.2;-1.8;0.2;0.13;1.7;2.5;0;439;119;104;70;96989;1.31;0;0.27;0.26
1995;10;10;283;20.8;14.8;9.4;14.3;12;8.9;-1.8;-0.2;0.13;1.7;2.5;0;448;122;111;77;96740;1.19;0;0.27;0.26
1995;10;11;284;19.5;13.5;8.7;14;11.6;8.7;-1.1;0.4;0.13;1.7;2.5;0;441;110;106;62;96706;1.1;0;0.27;0.26
1995;10;12;285;18.1;13.3;9.8;13.1;11.4;9.7;-0.2;0;0.13;1.7;2.5;0;317;81;99;41;96740;0.84;0.05;0.26;0.26
1995;10;13;286;14.1;11.5;9.1;10.7;9.7;8.9;-0.1;0;0.13;1.7;2.5;0;185;50;37;20;96755;0.58;0.26;0.26;0.27
1995;10;14;287;14.5;11.2;8.5;9.1;8.6;7.8;-0.7;0.6;0.13;1.7;2.5;0;291;74;76;41;96642;0.79;0.11;0.26;0.27
1995;10;15;288;16.6;11.5;7.4;11.3;9;6.8;0.2;0.5;0.13;1.7;2.5;0;393;100;105;60;96558;0.93;0.01;0.26;0.27
1995;10;16;289;14.8;12.1;10;10.5;9.9;9.4;-0.7;-0.3;0.13;1.6;2.5;0;157;40;38;18;96843;0.49;0.12;0.26;0.27
1995;10;17;290;15.2;10.9;8.5;9.7;8.7;7.5;-0.8;1.2;0.13;1.6;2.5;0;380;88;112;59;96994;0.79;0.03;0.26;0.27
1995;10;18;291;13.5;11.2;7.9;12.3;10.5;7.5;1.3;0.9;0.13;1.6;2.5;0;133;23;61;16;97057;0.37;2.27;0.26;0.27
1995;10;19;292;14.3;11.6;9.4;11.6;9.2;6.1;2.4;0.1;0.12;1.6;2.5;0;214;57;67;30;97092;0.91;0.5;0.26;0.27
1995;10;20;293;11.2;9.2;7.2;7.1;5.9;5.2;3.1;0;0.12;1.6;2.5;0;250;57;56;31;96726;0.71;0.25;0.25;0.27
1995;10;21;294;9.2;7;3.8;7.2;1.8;-0.8;-0.5;-2;0.12;1.6;2.5;0;320;77;77;51;96894;0.91;0.07;0.25;0.27
1995;10;22;295;9.6;5;1.5;1.5;0.3;-1.4;-2.3;0.5;0.12;1.6;2.5;0;411;106;119;91;96860;0.86;0;0.25;0.27
1995;10;23;296;13.5;6.6;1.2;8;3.8;-0.6;-0.9;1.3;0.12;1.6;2.5;0;388;98;110;77;96920;0.64;0;0.25;0.27
1995;10;24;297;12.2;5.5;0.5;4.1;2.5;0.1;-1.7;0.4;0.12;1.6;2.5;0;399;93;122;77;96664;0.76;0;0.25;0.27
1995;10;25;298;14.5;7.5;0;8.9;4.6;-1.1;0;1.5;0.12;1.6;2.5;0;373;91;88;53;96598;0.84;1.95;0.25;0.26
1995;10;26;299;15.8;10.8;6.4;9.8;8.1;6.1;-1.1;1.2;0.12;1.6;2.5;0;342;79;95;50;96713;0.81;0;0.25;0.26
1995;10;27;300;16.9;12;7.8;11;8.4;5;0.1;1.9;0.12;1.6;2.5;0;340;81;82;51;96279;0.72;2.79;0.25;0.26
1995;10;28;301;14.5;11.8;8.2;12.1;11.1;8.2;0.8;0.3;0.12;1.6;2.5;0;185;37;55;22;96169;0.51;4.69;0.25;0.26
1995;10;29;302;13;10.6;7.7;10.7;9.7;7.6;-0.7;0.8;0.12;1.6;2.5;0;161;26;51;17;95774;0.44;7.61;0.26;0.26
1995;10;30;303;13.5;10.4;7.6;10.8;9.4;7.6;-0.5;-0.7;0.12;1.6;2.5;0;154;40;53;18;96148;0.55;1.37;0.26;0.26
1995;10;31;304;10.1;8.7;6.6;8.5;6.9;5.6;0;-0.7;0.12;1.6;2.5;0;121;27;62;23;96774;0.66;1.09;0.26;0.26
1995;11;1;305;7.3;6.1;4.4;6.3;5;4;3.2;-0.2;0.12;1.6;2.5;0;80;16;48;16;95804;0.77;7.58;0.26;0.26
1995;11;2;306;5.1;3.3;2;3.5;1.8;-0.1;2.3;-1.1;0.12;1.6;2.5;0.01;263;58;68;39;95370;1.24;3.93;0.27;0.26
1995;11;3;307;5.8;3;-1.5;4.5;-0.1;-10.7;4.8;-1.4;0.12;1.6;2.5;0.13;216;40;98;36;94803;1.57;9.32;0.27;0.26
1995;11;4;308;-0.1;-1.2;-2.3;-3.7;-5.5;-8.7;2.5;-4.3;0.16;1.6;2.5;2.95;240;49;77;38;96173;0.51;3.85;0.27;0.26
1995;11;5;309;-0.6;-2.1;-3;-5;-6.2;-7.3;0.7;-2.6;0.18;1.6;2.5;4.18;210;47;96;59;97416;0.38;0.15;0.27;0.26
1995;11;6;310;-0.7;-1.6;-3;-4.7;-5.6;-6.8;2.7;-0.4;0.18;1.6;2.5;4.53;139;32;66;28;97145;0.34;1.26;0.27;0.26
1995;11;7;311;1.1;-0.2;-1.7;-0.3;-3.9;-7.1;2.7;-0.4;0.21;1.6;2.5;5.71;125;24;40;17;96621;0.38;1.72;0.27;0.26
1995;11;8;312;3.4;1.7;0.3;2.3;0.6;-0.1;1.3;-0.3;0.22;1.5;2.5;6.64;105;24;37;14;96489;0.2;1.05;0.27;0.26
1995;11;9;313;6;4.2;2.4;4.7;3.7;2.3;1.5;0.7;0.19;1.5;2.5;4.61;75;16;20;4;96141;0.16;0.84;0.27;0.26
1995;11;10;314;8.3;4.5;1.9;3.9;2.8;0.9;-1.3;1.5;0.16;1.5;2.5;2.8;281;56;87;51;95933;0.38;0;0.27;0.27
1995;11;11;315;9.3;3.7;0.4;2.8;0.9;-0.9;-1.9;0.7;0.14;1.5;2.5;1.9;291;65;92;63;95934;0.45;0;0.27;0.27
1995;11;12;316;7.6;2.8;0;0.6;-0.1;-0.7;-2.9;-0.3;0.13;1.5;2.5;1.35;291;66;91;61;96078;0.49;0;0.27;0.27
1995;11;13;317;7.1;3.6;1.5;2.9;1.5;0.1;-1.8;0.5;0.13;1.5;2.5;0.93;248;54;83;40;96044;0.32;0.07;0.27;0.27
1995;11;14;318;6.4;4.4;2.2;6.3;3.5;0.9;1.6;0.6;0.12;1.5;2.5;0.62;109;21;16;7;95838;0.16;0.6;0.27;0.27
1995;11;15;319;8.8;6.6;5.2;5.9;5.1;4.5;1.1;2.3;0.12;1.5;2.5;0.29;162;31;56;25;95183;0.51;4.25;0.27;0.27
1995;11;16;320;9.2;8.2;6.8;7.8;7;5.5;2.1;2.9;0.11;1.5;2.5;0.07;69;13;30;12;94365;0.88;13.84;0.28;0.27
1995;11;17;321;8.2;4.4;0.2;6.8;3.2;-1;2;0.2;0.11;1.5;2.5;0.02;65;12;58;23;94396;0.75;8.38;0.29;0.27
1995;11;18;322;-0.2;-1.4;-3;-1;-5.5;-8.8;2.5;-1.6;0.14;1.5;2.5;2.22;251;51;96;51;95889;0.67;2.46;0.29;0.27
1995;11;19;323;0.7;-0.1;-0.8;-0.3;-1.9;-4.3;5.2;0.8;0.2;1.5;2.5;6.09;93;18;52;21;95826;0.29;9.95;0.29;0.27
1995;11;20;324;0;-1.8;-3.5;-1.5;-5.6;-7.2;1;-2.1;0.3;1.6;2.5;12.63;193;42;98;62;96782;0.55;0.28;0.29;0.27
1995;11;21;325;-0.4;-5.1;-9.8;-6.6;-9.2;-12.5;-2;1;0.3;1.6;2.5;12.42;228;50;107;70;97094;0.34;0;0.28;0.27
1995;11;22;326;0.9;-4.6;-9.7;-5.4;-9.4;-12.8;-1.1;1.3;0.29;1.6;2.5;12.01;225;50;107;56;96840;0.23;0;0.28;0.27
1995;11;23;327;1.6;0.4;-1.2;0.9;-0.9;-5;0.2;1;0.27;1.6;2.5;11.28;72;15;14;-2;96926;0.12;0.08;0.28;0.27
1995;11;24;328;4.1;1.3;-1.2;2.8;0.9;-1.5;-0.8;1.2;0.25;1.6;2.5;9.51;131;24;61;27;96394;-0.09;0.04;0.28;0.27
1995;11;25;329;4.6;0.2;-2.3;1.2;-1;-3.1;-1.3;1.2;0.22;1.6;2.5;8.22;188;41;84;46;95949;0.07;0.02;0.28;0.27
1995;11;26;330;4.4;-0.8;-3.2;-1;-3.2;-4.7;-1.7;0.7;0.21;1.6;2.5;7.41;231;49;98;64;95651;0.17;0;0.28;0.27
1995;11;27;331;4.1;-1.1;-3.4;-0.7;-3.4;-4.9;-1.7;-0.1;0.2;1.6;2.5;6.75;224;48;91;59;95491;0.14;0;0.28;0.27
1995;11;28;332;1.4;-1.5;-3.9;-1.8;-3.2;-4.7;-0.7;0.4;0.19;1.6;2.5;6.3;170;36;70;37;95837;0.08;0.22;0.28;0.27
1995;11;29;333;0.9;-0.7;-1.6;-2.2;-2.4;-2.8;-0.6;-0.5;0.19;1.6;2.5;6.42;78;17;36;15;96425;0.1;0.81;0.28;0.27
1995;11;30;334;2.4;-0.1;-1.6;0.1;-1.5;-3.3;-2.3;-0.6;0.2;1.6;2.5;6.44;141;29;52;24;96875;0.29;0;0.28;0.27
1995;12;1;335;0.7;-1.6;-3;-3.6;-4.7;-6;-1.9;0.2;0.19;1.6;2.5;6.19;208;43;88;52;97027;0.2;0;0.27;0.27
1995;12;2;336;0.1;-1.4;-2.4;-1.8;-3.1;-4.5;-0.8;0;0.2;1.6;2.5;6.39;70;15;36;18;96897;0.05;0.57;0.27;0.27
1995;12;3;337;1.2;-0.8;-2.7;-1.7;-2.9;-4.9;-1.8;-1.7;0.2;1.7;2.5;6.79;94;19;37;18;96618;0.15;0.28;0.27;0.27
1995;12;4;338;-0.7;-1.9;-4;-2.8;-5.6;-9.8;-2.6;-1.6;0.2;1.7;2.5;6.85;114;22;40;27;96499;0.26;0.25;0.27;0.27
1995;12;5;339;-3.3;-4.8;-6.3;-8.7;-9.9;-11.3;-3.7;-1.3;0.2;1.7;2.5;6.89;144;30;75;45;96219;0.29;0.16;0.27;0.27
1995;12;6;340;-2.6;-4.3;-6.8;-4.9;-7.9;-11;-3.3;-0.3;0.2;1.7;2.5;6.85;133;25;52;34;96000;0.18;0.07;0.27;0.27
1995;12;7;341;0.3;-2.3;-3.5;-3.3;-4.3;-4.9;-1.5;0.4;0.2;1.7;2.5;6.82;148;30;77;45;96074;0.06;0;0.27;0.27
1995;12;8;342;0.7;-2;-5;-2.6;-3.7;-5.8;-1.7;0;0.2;1.7;2.5;6.79;83;18;54;40;96874;0.04;0;0.27;0.27
1995;12;9;343;3;-0.5;-3.3;-1.1;-2.6;-4.4;-0.5;0;0.2;1.7;2.5;6.47;203;42;89;52;97403;0.05;0;0.27;0.27
1995;12;10;344;2.2;-1.1;-3.3;-0.7;-2.5;-4.1;-0.4;-0.7;0.19;1.7;2.5;5.99;110;23;42;28;97604;0.03;0;0.26;0.27
1995;12;11;345;0.6;-0.8;-2.9;0.2;-1.7;-3.5;0.8;-1.1;0.19;1.7;2.5;6.02;30;6;31;4;97160;0.07;1.2;0.26;0.27
1995;12;12;346;0.3;-1.3;-2.4;-0.9;-4;-6.1;-1.3;-2.8;0.2;1.7;2.5;6.97;155;25;62;36;96656;0.45;1.56;0.26;0.27
1995;12;13;347;-0.8;-2.2;-4;-4.8;-6.3;-9;-2.8;-2.1;0.22;1.7;2.5;7.76;121;25;64;38;96734;0.31;0.31;0.26;0.27
1995;12;14;348;-3.8;-4.3;-5;-6.4;-8;-9.4;-4.1;-2.2;0.22;1.7;2.5;7.91;66;12;41;22;96392;0.24;0.57;0.26;0.27
1995;12;15;349;-0.9;-2.8;-4.3;-3.7;-4.9;-6.5;-3.4;-0.6;0.22;1.7;2.5;8.07;135;28;62;34;96701;0.09;0.01;0.26;0.27
1995;12;16;350;-0.2;-2.1;-3.2;-3.3;-4.1;-4.9;-3.4;-0.3;0.22;1.7;2.5;7.98;164;31;66;39;96628;0.08;0;0.26;0.27
1995;12;17;351;0.7;-2.7;-4.3;-2.4;-4.3;-5.4;-1;0.7;0.22;1.7;2.5;7.94;186;36;94;46;96185;0.06;0.06;0.26;0.27
1995;12;18;352;0.6;-0.7;-3.6;0.5;-1;-4.2;1.4;0.7;0.22;1.7;2.5;8.12;34;6;19;2;95876;0;1.92;0.26;0.27
1995;12;19;353;1.5;0.6;-0.6;0.9;0.3;-0.7;1.7;0.3;0.23;1.7;2.5;8.64;58;12;24;6;95811;0.03;2.09;0.26;0.27
1995;12;20;354;1.1;0;-1.7;1;-0.4;-2.9;1.4;0.3;0.3;1.6;2.5;13.88;19;5;44;14;95327;-0.01;11.19;0.26;0.27
1995;12;21;355;-1.2;-4.2;-8.6;-1.9;-6.1;-9.6;-1.6;0.4;0.37;1.6;2.5;20.15;163;28;92;40;95983;0.13;6.68;0.26;0.27
1995;12;22;356;6.7;4.1;-0.3;5.4;3.2;-0.7;0.9;2.6;0.37;1.6;2.5;21.38;33;7;16;-1;94749;-0.64;7.38;0.26;0.27
1995;12;23;357;7.9;6.3;3.6;6.8;4.8;1.8;2.7;3.1;0.25;1.6;2.5;8.46;74;13;32;12;93551;-0.23;12.13;0.29;0.27
1995;12;24;358;7;3.2;-0.2;6.6;2.8;-0.8;1.2;-0.1;0.16;1.6;2.5;3.72;44;8;20;6;93828;0;19.88;0.31;0.27
1995;12;25;359;2.4;0.6;-0.8;2.2;0.2;-1.4;0.7;0.4;0.21;1.6;2.5;5.88;29;6;30;9;93916;0;1.93;0.31;0.27
1995;12;26;360;-0.4;-2.3;-4.3;-1.8;-5.1;-7.2;1;-1;0.2;1.5;2.5;5.87;125;25;75;46;94411;0.31;0.05;0.31;0.28
1995;12;27;361;-3.4;-5.1;-8;-7.3;-10;-12.3;-1.3;-2.1;0.2;1.5;2.5;5.85;175;34;93;72;95453;0.21;0.01;0.3;0.28
1995;12;28;362;-3.8;-7.8;-10.1;-12.1;-13.2;-14.6;-2;-0.7;0.2;1.5;2.5;5.8;210;42;113;86;95891;0.08;0;0.3;0.28
1995;12;29;363;-4.5;-8.1;-10.6;-13.5;-14.8;-17;-3.2;-0.5;0.2;1.5;2.5;5.73;215;43;113;92;96100;0.15;0;0.3;0.28
1995;12;30;364;-3.9;-7.2;-10.3;-10;-14.5;-18.4;-3.2;0.3;0.2;1.5;2.5;5.58;213;43;99;76;95148;0.21;0.21;0.29;0.28
1995;12;31;365;-0.9;-3.8;-5.4;-7.6;-8.7;-10;-2.3;0.1;0.2;1.4;2.5;5.95;171;27;76;24;94304;0.18;0.46;0.29;0.28
1996;1;1;1;-1.7;-3.8;-5.9;-5.6;-7;-8.7;-1.4;-0.2;0.2;1.4;2.5;5.97;87;16;54;22;94780;0.08;0.02;0.29;0.28
1996;1;2;2;-1.2;-4.5;-6.7;-4.4;-6.7;-8.1;-0.7;-1.2;0.2;1.4;2.5;5.91;145;30;62;36;95252;0.08;0.06;0.28;0.28
1996;1;3;3;-3;-5.1;-6.8;-7.8;-8.3;-9.2;-0.1;-1.4;0.2;1.4;2.5;5.98;173;32;80;42;96376;0.06;0.13;0.28;0.28
1996;1;4;4;-2.9;-6.4;-8.8;-7;-8.3;-10;-1.2;-0.4;0.2;1.4;2.5;5.98;156;34;77;48;96319;0.07;0;0.28;0.28
1996;1;5;5;-2.7;-7.3;-10.1;-9.6;-10.8;-11.9;-2.8;0.1;0.2;1.4;2.5;5.92;216;44;100;71;95332;0.12;0;0.28;0.28
1996;1;6;6;-2.5;-6;-8.9;-8.6;-10;-11.2;-2.6;0.5;0.2;1.3;2.5;5.85;205;40;89;59;94738;0.1;0.02;0.28;0.28
1996;1;7;7;1.4;-1.8;-5.4;-1.1;-4.4;-8.5;-1.7;1;0.2;1.3;2.5;5.9;96;20;57;19;94766;0.14;1.89;0.27;0.28
1996;1;8;8;2.1;0.2;-0.9;1.1;-0.5;-1.5;-0.9;0.7;0.2;1.3;2.5;6.14;63;12;32;3;95799;0.01;0.87;0.27;0.28
1996;1;9;9;3.7;-0.1;-1.8;0.6;-1.2;-2.3;-2.2;0.4;0.19;1.3;2.5;5.69;201;39;86;52;95563;-0.06;0;0.27;0.28
1996;1;10;10;2.9;-0.9;-3.2;-1.4;-2.5;-4.4;-1.7;0.1;0.19;1.3;2.5;5.27;148;33;74;42;95467;0.09;0;0.27;0.28
1996;1;11;11;4.7;0.2;-2.6;0.6;-1.7;-3.8;-1.3;0.8;0.18;1.2;2.5;4.82;182;37;70;41;95239;0;0;0.27;0.28
1996;1;12;12;6.2;0.9;-1.5;1.5;-1;-2.7;-1.8;0.4;0.17;1.2;2.5;4.2;208;43;87;54;95150;-0.07;0;0.27;0.28
1996;1;13;13;4.2;-0.6;-2.9;1;-1.6;-3.2;-1.2;0.2;0.16;1.2;2.5;3.64;200;42;84;46;96078;0.11;0.01;0.27;0.28
1996;1;14;14;3.2;-0.6;-3;-0.5;-2;-4.4;-2;-0.1;0.15;1.2;2.5;3.27;197;40;88;45;96581;0.05;0.02;0.27;0.28
1996;1;15;15;2.4;-1.7;-4.3;-2.6;-4.1;-5.9;-1.9;0.1;0.15;1.2;2.5;3.06;239;50;100;63;97070;0.13;0;0.27;0.28
1996;1;16;16;2.1;-2.3;-4.8;-3.8;-4.8;-6.4;-1.3;0.4;0.15;1.2;2.5;2.92;231;48;102;64;97330;0.07;0.01;0.27;0.28
1996;1;17;17;2.2;-3.7;-7.6;-6.6;-7.9;-8.9;-1.1;0.1;0.15;1.2;2.5;2.79;260;56;119;78;97145;0.09;0;0.27;0.28
1996;1;18;18;0;-4;-6.3;-5.2;-7.2;-9.3;0.1;-0.1;0.15;1.2;2.5;2.68;200;42;88;58;96591;0.04;0;0.26;0.28
1996;1;19;19;-1.5;-4.6;-6.7;-7.1;-7.5;-8.2;-1.9;-0.5;0.15;1.2;2.5;2.64;225;48;101;56;96178;0.06;0;0.26;0.28
1996;1;20;20;-1.9;-4.4;-6.1;-8;-8.8;-9.3;-3.5;0;0.14;1.1;2.5;2.62;234;48;83;62;96048;0.06;0;0.26;0.28
1996;1;21;21;-0.9;-3.8;-5.7;-6.4;-7.8;-9;-3.4;0.2;0.14;1.1;2.5;2.58;239;50;86;65;96338;0.06;0;0.26;0.28
1996;1;22;22;-0.8;-3.8;-5.6;-6.4;-7.8;-8.7;-3.8;0;0.14;1.1;2.5;2.53;238;54;108;71;96290;0.06;0;0.26;0.28
1996;1;23;23;-1.8;-4.8;-6.5;-8.4;-9.2;-10.6;-4.3;0;0.14;1.1;2.5;2.46;250;51;92;59;95798;0.06;0;0.26;0.28
1996;1;24;24;-3.6;-5.8;-7.9;-9.8;-10.8;-13.5;-4.5;-0.5;0.15;1.1;2.5;2.72;138;29;53;34;95530;0.07;1.19;0.26;0.28
1996;1;25;25;-8.4;-9.7;-10.5;-13.4;-14.2;-15.1;-4;-1.1;0.2;1.1;2.5;5.47;124;24;29;15;95460;0.16;2.92;0.26;0.28
1996;1;26;26;-5.4;-8.2;-10.4;-9.9;-12;-13.8;-3.2;-0.4;0.22;1.1;2.4;6.86;242;50;70;33;95569;0.13;1.67;0.25;0.28
1996;1;27;27;-2.5;-6.4;-9.3;-7.3;-9.3;-11.4;-2;-0.7;0.24;1.1;2.4;7.75;195;43;64;41;96081;0.12;0;0.25;0.28
1996;1;28;28;-3.7;-6.2;-7.5;-8.6;-9.6;-10.5;-2.6;-1.1;0.23;1.1;2.4;7.65;144;34;74;38;96327;0.11;0.06;0.25;0.28
1996;1;29;29;-0.6;-3.9;-7;-4.2;-6.3;-9.3;-3.8;-0.6;0.23;1.1;2.4;7.57;197;41;59;42;96315;0.14;0;0.25;0.28
1996;1;30;30;-1.4;-5;-7.6;-6.7;-9.3;-11.7;-4.1;-0.4;0.23;1.1;2.4;7.4;270;63;111;84;96825;0.21;0;0.25;0.28
1996;1;31;31;-0.7;-5.2;-8.6;-9.3;-10.4;-12.1;-4;-0.5;0.22;1.1;2.4;7.19;288;65;108;81;96873;0.25;0;0.25;0.28
1996;2;1;32;0.9;-4.4;-8.3;-9.5;-12.2;-14.8;-2.6;0.1;0.22;1.1;2.4;6.89;293;68;113;84;96312;0.26;0;0.25;0.28
1996;2;2;33;3.2;-4;-10.5;-4.7;-8.7;-13.2;-1.1;0.4;0.21;1.1;2.4;6.53;262;57;81;46;95444;0.14;0.16;0.25;0.28
1996;2;3;34;-0.5;-2.1;-3.2;-2.7;-3.4;-5.4;1.6;-0.2;0.23;1.1;2.4;7.84;99;21;26;13;95254;0.06;2.13;0.25;0.28
1996;2;4;35;-3.4;-5.8;-10.2;-5.2;-9;-11.7;-0.4;-1.7;0.25;1.1;2.4;8.54;137;34;69;37;95578;0.17;0.15;0.24;0.28
1996;2;5;36;-3.1;-6.7;-10;-6.9;-8.8;-11.3;0.4;-0.6;0.25;1.1;2.4;8.7;139;32;59;34;95500;0.14;0.55;0.24;0.28
1996;2;6;37;-5.4;-7.6;-10.9;-9.1;-11;-15.3;-3.5;-0.2;0.25;1.1;2.4;8.88;272;64;105;67;94566;0.17;0;0.24;0.28
1996;2;7;38;-6.1;-10.5;-14.7;-12.6;-14.9;-18.3;-3.2;0.3;0.25;1.1;2.4;8.69;315;75;111;86;94388;0.18;0;0.24;0.28
1996;2;8;39;-4.1;-7.4;-10.1;-10.2;-11.5;-12.4;-1.6;-0.7;0.24;1.1;2.4;8.55;283;62;83;52;94886;0.16;0;0.24;0.28
1996;2;9;40;-3.1;-6.5;-9.8;-8;-9.7;-11.8;-0.3;0.8;0.24;1.1;2.4;8.4;207;44;54;35;96201;0.14;0.07;0.24;0.28
1996;2;10;41;-1.6;-5.5;-9.6;-4.8;-9.4;-13.3;-1.2;1.4;0.24;1.1;2.4;8.26;157;38;63;33;95823;0.2;0.1;0.24;0.28
1996;2;11;42;2.7;-1.4;-4.8;-0.6;-3.4;-6.2;0.2;1.8;0.24;1.1;2.4;8.36;245;48;61;39;95693;0.05;1.2;0.24;0.28
1996;2;12;43;3.6;0.8;-2;-1.7;-2.3;-4;-0.6;3.2;0.24;1.1;2.4;8.73;260;56;79;33;94853;0.49;2.56;0.24;0.28
1996;2;13;44;2.8;-0.1;-4;-0.9;-2;-4.7;0.2;2.1;0.3;1.1;2.4;12.03;228;54;74;40;94017;0.22;6.15;0.24;0.28
1996;2;14;45;-1.1;-2.6;-5.3;-3.6;-4.8;-6;-0.4;-3.1;0.36;1.1;2.4;15.29;141;34;40;24;95959;0.32;1.59;0.24;0.28
1996;2;15;46;-2;-3.6;-6.8;-6;-7.1;-8.7;1.4;-0.5;0.36;1.1;2.4;15.62;137;35;50;28;97165;0.42;0.11;0.24;0.28
1996;2;16;47;0.9;-1.5;-3.4;0.5;-2.8;-6.2;4.2;1.3;0.37;1.1;2.4;18.78;39;10;41;8;96105;0.14;8;0.24;0.28
1996;2;17;48;1.9;0.7;-0.7;0.5;-0.6;-1.6;5.3;0;0.37;1.1;2.4;23.14;191;42;68;35;95319;0.18;6.76;0.24;0.28
1996;2;18;49;2.4;0.5;-0.9;0.8;-0.3;-1.9;2.8;2.7;0.37;1.1;2.4;27.91;109;18;31;11;94723;-0.07;12.7;0.24;0.28
1996;2;19;50;2.7;-0.5;-5.5;-0.6;-2.1;-6;0.6;1.7;0.37;1.1;2.4;32.97;251;57;74;47;93922;0.2;1.78;0.24;0.28
1996;2;20;51;2.8;-1.7;-6.3;-2;-4;-6.8;-1;-2;0.37;1.1;2.4;31.81;265;64;90;44;94906;0.33;0.38;0.25;0.28
1996;2;21;52;-4;-5.5;-7.2;-7.7;-10;-10.8;-0.1;-2.7;0.37;1.1;2.4;30.69;167;44;41;30;95514;0.52;0.15;0.25;0.28
1996;2;22;53;-4;-6.3;-7.8;-10.6;-11.1;-11.7;2.6;-0.7;0.37;1.1;2.4;30.97;231;54;48;36;95684;0.49;1.34;0.24;0.28
1996;2;23;54;-3.1;-5.9;-7.5;-9.3;-10.4;-11.9;1.8;0;0.37;1.1;2.4;31.84;212;49;51;35;95865;0.36;0.89;0.24;0.28
1996;2;24;55;-1.1;-6.2;-12.8;-8.8;-11.4;-13.8;0.6;1.5;0.37;1.1;2.5;31.82;331;86;121;63;95800;0.38;0;0.24;0.28
1996;2;25;56;6.8;0.7;-4.8;-2.1;-4.9;-8.4;-0.3;2.7;0.36;1.2;2.5;30.08;322;83;107;62;95603;0.51;0.04;0.24;0.28
1996;2;26;57;5.8;-0.3;-5.9;-1.7;-4.6;-8.4;-1.6;1;0.36;1.2;2.5;26.08;331;86;115;75;95906;0.19;0;0.25;0.28
1996;2;27;58;6.4;-0.1;-7.1;-1.1;-4.3;-8.9;-1.9;-0.1;0.34;1.2;2.5;21.46;346;92;118;70;96237;0.19;0;0.25;0.28
1996;2;28;59;4.8;-0.6;-4.5;-1.8;-3.9;-6.1;-2.3;-0.7;0.31;1.2;2.5;17.61;355;92;112;71;96630;0.22;0;0.25;0.28
1996;2;29;60;6.3;0.5;-4.2;0.1;-1.9;-5.1;0.6;-1.1;0.28;1.2;2.5;14.27;383;95;114;59;96721;0.11;0.06;0.26;0.28
1996;3;1;61;0.5;-1.5;-3.2;-1.8;-6.2;-8.3;2.6;-3.1;0.26;1.2;2.5;13;211;52;96;50;96171;0.59;1.36;0.26;0.28
1996;3;2;62;0.8;-2.4;-4.3;-5.9;-6.9;-8.5;1.8;-2.5;0.27;1.2;2.5;13.51;369;95;105;71;96044;0.46;0.91;0.26;0.28
1996;3;3;63;-1.2;-5.2;-9.5;-7;-9.6;-11.1;-0.2;-2;0.28;1.2;2.5;13.9;320;82;87;64;95946;0.39;0.33;0.25;0.28
1996;3;4;64;-1.9;-5.2;-8.8;-9.4;-10.9;-13.4;0.3;-0.6;0.28;1.2;2.5;13.8;312;70;65;47;96109;0.35;0.2;0.25;0.28
1996;3;5;65;2.1;-2.9;-9.6;-0.9;-6.7;-14.9;2.3;0.7;0.28;1.3;2.5;13.31;299;73;82;38;96317;0.3;0.96;0.25;0.28
1996;3;6;66;1.8;-0.3;-2.1;-1;-2.9;-4.3;1.3;-0.5;0.28;1.3;2.5;13.76;212;48;41;21;96308;0.31;0.75;0.25;0.28
1996;3;7;67;3.9;0;-4;-3;-4.1;-5.4;-3.2;0.3;0.28;1.3;2.5;13.32;311;75;87;47;96174;0.52;0.38;0.25;0.28
1996;3;8;68;3;-0.7;-3.1;-4.5;-5.9;-6.7;-4.4;0.2;0.27;1.3;2.5;12.33;434;118;116;88;96722;0.69;0;0.25;0.28
1996;3;9;69;2.3;-1.5;-4.1;-5.5;-6.4;-7.3;-4;0.2;0.26;1.3;2.5;11.68;433;116;117;84;96827;0.58;0;0.25;0.28
1996;3;10;70;2.7;-2.1;-5.2;-7;-8;-9.3;-3.5;-1;0.25;1.3;2.5;11.1;460;129;124;97;96817;0.57;0;0.25;0.28
1996;3;11;71;-2;-4.9;-8.2;-9;-10.5;-12.3;-2.4;-1.5;0.25;1.3;2.5;11.04;287;85;82;56;95999;0.39;1.08;0.25;0.28
1996;3;12;72;-2;-5.5;-8.5;-6.4;-9.3;-11.2;-3;-1.7;0.29;1.3;2.5;13.29;316;72;72;38;95543;0.44;4.41;0.25;0.27
1996;3;13;73;0;-4.4;-7.1;-7.3;-8.7;-10;-1.9;-0.6;0.34;1.3;2.5;15.93;332;88;100;52;95323;0.48;1.04;0.25;0.27
1996;3;14;74;1.9;-2.8;-7.3;-5.3;-6.9;-9.2;-2.6;-0.5;0.34;1.3;2.5;15.84;416;112;122;58;95427;0.55;0;0.25;0.27
1996;3;15;75;5.2;0.8;-3.1;0.5;-1.9;-5.3;-3.7;-0.8;0.31;1.4;2.5;13.89;396;105;101;55;95303;0.22;0.01;0.25;0.27
1996;3;16;76;5.4;2.3;0.6;0.5;-0.1;-0.6;-4;-0.1;0.26;1.4;2.5;10.46;337;93;70;47;95208;0.3;0.01;0.25;0.27
1996;3;17;77;6.9;2.5;-0.4;1.2;0.1;-1.1;-1.6;-0.4;0.22;1.4;2.5;7.41;375;99;69;39;95777;0.36;0;0.25;0.27
1996;3;18;78;8.7;3.4;-0.4;2;0.8;-0.9;-1.5;-0.6;0.18;1.4;2.5;4.89;395;100;70;31;96002;0.44;0.01;0.25;0.27
1996;3;19;79;7.6;3.2;-1;1.8;0.7;-2.6;-1.8;-0.4;0.16;1.4;2.5;3.07;347;82;78;42;95890;0.41;0.09;0.25;0.27
1996;3;20;80;7.8;1.6;-3.7;-0.7;-2.7;-4.6;-1.1;0.2;0.15;1.4;2.5;2.1;526;135;112;67;95505;0.64;0;0.25;0.27
1996;3;21;81;9.9;3.6;-2.6;2.2;-0.4;-3.9;-0.8;1.1;0.14;1.5;2.5;1.42;483;121;92;50;95578;0.61;1.63;0.25;0.27
1996;3;22;82;8.8;4.4;0.4;4.7;2.8;0;0.4;0.9;0.13;1.5;2.5;0.85;322;79;80;26;95856;0.84;5.98;0.26;0.27
1996;3;23;83;9.9;5;-1.3;5.2;2.8;-1.4;-0.5;1.5;0.13;1.5;2.5;0.5;318;86;44;23;96210;0.8;0.67;0.26;0.27
1996;3;24;84;10.2;6.6;3.3;7.7;5.2;2.6;0.6;-0.4;0.13;1.5;2.5;0.22;168;51;43;17;96244;0.45;0.41;0.26;0.27
1996;3;25;85;8.1;4;0.8;2.5;0.6;-1.1;-2.8;-0.1;0.13;1.5;2.5;0.09;495;136;111;61;96366;0.91;0;0.26;0.27
1996;3;26;86;10.1;4.3;-0.1;6.6;1.7;-2.6;-1;0;0.13;1.5;2.5;0.05;306;82;72;30;95368;0.86;2;0.26;0.27
1996;3;27;87;2.9;0;-2.7;-0.3;-7.3;-10.8;-1.3;-2.9;0.13;1.5;2.5;0.35;588;161;137;70;95839;1.29;0.35;0.26;0.27
1996;3;28;88;4.8;0.5;-3.1;-4.9;-7.9;-9.3;0.2;0.8;0.13;1.6;2.5;0.36;596;184;135;89;95705;0.76;0;0.25;0.27
1996;3;29;89;4.5;0.6;-2.2;-2.2;-3.7;-6.5;2.8;0.2;0.14;1.6;2.5;0.76;541;149;89;65;95245;0.83;1.74;0.25;0.27
1996;3;30;90;3.4;-0.2;-3.2;-1.9;-3.7;-6.4;2.2;-0.5;0.16;1.6;2.5;1.9;489;142;85;61;95187;0.91;2.63;0.25;0.27
1996;3;31;91;1.9;-1.6;-4.3;-5.9;-7.3;-10.1;2.3;-0.4;0.17;1.6;2.5;2.6;538;169;111;81;95494;0.71;0.62;0.25;0.27
1996;4;1;92;4;-0.6;-3.6;-2.2;-4.6;-7;-0.3;-0.5;0.18;1.6;2.5;3.54;552;142;120;70;95252;0.64;2.51;0.25;0.27
1996;4;2;93;4;-0.1;-3.8;-4.5;-5.7;-7.1;-2.4;-2.2;0.18;1.6;2.5;3.6;415;127;89;60;95600;0.71;0.17;0.25;0.27
1996;4;3;94;1.4;-0.8;-2.7;-3;-4.8;-7.1;-1.6;-3.1;0.19;1.7;2.5;4.28;201;69;73;34;96211;0.36;2.32;0.25;0.27
1996;4;4;95;1.7;0.2;-1.4;-0.5;-1.9;-3.2;-1.5;-2.3;0.24;1.7;2.5;7.57;161;47;24;16;96490;0.31;5.94;0.25;0.27
1996;4;5;96;6.2;2.9;0.6;2.1;0.9;-0.6;-2.6;-1.1;0.26;1.7;2.5;8.9;382;97;54;24;96266;0.62;0.63;0.25;0.27
1996;4;6;97;13;5.7;0.8;5.2;2.6;0.2;-1.5;-0.2;0.2;1.7;2.5;4.62;499;155;114;61;96155;1.02;0;0.25;0.27
1996;4;7;98;13.6;5.8;-1.7;5.9;2.7;-1.9;-0.7;-0.7;0.16;1.7;2.5;1.97;569;158;112;64;96290;1.15;0;0.26;0.27
1996;4;8;99;15.2;8.2;0.5;6.5;3;0;-0.3;-1.6;0.15;1.7;2.5;0.78;595;188;124;78;96561;1.71;0.18;0.25;0.27
1996;4;9;100;12.3;6.9;1.5;6.5;4.3;1.2;-0.4;-1.8;0.14;1.7;2.5;0.29;494;159;105;55;96668;1.57;2.37;0.25;0.27
1996;4;10;101;10.5;6.8;3.5;5.2;4;3.3;-0.5;-0.3;0.14;1.8;2.5;0.11;370;102;66;36;96165;1.21;1.53;0.25;0.27
1996;4;11;102;10.8;6.6;1.7;5.2;3.9;1.4;0.3;-1.3;0.14;1.8;2.5;0.03;382;128;81;45;95611;1.29;4.17;0.25;0.27
1996;4;12;103;3;-0.1;-3.6;0.5;-5.6;-8.9;-0.7;-2.3;0.15;1.8;2.5;1.35;488;151;120;59;95757;1.45;1.08;0.25;0.27
1996;4;13;104;3.3;-0.3;-4.3;-1.1;-5.2;-8.4;1.5;-1.8;0.15;1.8;2.5;1.34;331;108;80;42;96008;0.49;0.16;0.25;0.27
1996;4;14;105;7.7;3;0.1;-0.6;-1.5;-3;0.9;-2.9;0.15;1.8;2.5;1.21;448;121;98;45;96407;1.19;0.62;0.25;0.27
1996;4;15;106;9.9;3.9;-2;-2.7;-4.2;-6.1;0;-2.3;0.15;1.8;2.5;0.79;687;229;138;102;96780;1.83;0;0.25;0.27
1996;4;16;107;12.6;6.2;-0.8;-0.7;-2.9;-4.9;-0.8;-0.9;0.14;1.9;2.5;0.43;688;230;144;99;96306;2.04;0;0.25;0.27
1996;4;17;108;14;7.3;-0.3;2.9;-0.6;-4.3;-2.4;0.6;0.14;1.9;2.5;0.2;695;234;138;100;95662;2.17;0;0.25;0.27
1996;4;18;109;16.8;9.5;0.1;4;1.3;-1.5;0.3;-0.2;0.14;1.9;2.5;0.06;692;233;146;96;96140;2.41;0;0.24;0.27
1996;4;19;110;18.8;12.1;3.1;6.5;2.9;0;-0.7;0.3;0.14;1.9;2.5;0;689;232;145;94;96384;2.6;0;0.24;0.27
1996;4;20;111;20.9;13;3.6;7.7;4;0.9;-1.2;0.9;0.14;1.9;2.5;0;687;233;143;94;96084;2.72;0;0.24;0.27
1996;4;21;112;22.7;14.4;4.1;8.6;4.8;1.8;-1.5;0.5;0.14;2;2.5;0;691;236;147;96;95759;2.89;0;0.24;0.27
1996;4;22;113;23.6;15.6;5.9;7.7;5.6;4;-1.5;1;0.14;2;2.5;0;689;235;143;94;95691;2.99;0;0.23;0.27
1996;4;23;114;23.5;16.5;8.1;11.7;7.5;5.6;0.4;0.3;0.14;2;2.5;0;683;234;140;90;95397;2.94;0.05;0.23;0.27
1996;4;24;115;14.9;11.8;7.3;10.4;9;6.1;2.4;-0.8;0.14;2;2.5;0;462;121;67;43;96111;2.15;8;0.23;0.27
1996;4;25;116;14.8;10.5;5.9;7.5;4.3;2.3;1.3;-0.6;0.14;2;2.5;0;587;190;100;74;96634;2.34;0.26;0.23;0.27
1996;4;26;117;16.4;10.7;3.3;5.6;2.7;1.5;-0.1;-1.2;0.14;2.1;2.5;0;711;244;142;99;96425;2.74;0;0.23;0.27
1996;4;27;118;16.9;11.9;5.7;6.5;5;3.3;-2.8;-1;0.15;2.1;2.5;0;590;188;103;75;95928;2.21;0;0.23;0.27
1996;4;28;119;18.8;13.4;6.8;8.3;6.8;5.4;-0.7;-1.4;0.15;2.1;2.5;0;619;196;111;70;95115;2.45;1.1;0.22;0.27
1996;4;29;120;12.3;9.7;6.7;8.2;6.5;4.5;-1.6;-1.7;0.15;2.1;2.5;0;358;106;83;39;94952;1.52;2.61;0.22;0.27
1996;4;30;121;13.8;10.1;5.4;9;6.9;3.6;-1.4;0;0.15;2.1;2.5;0;477;144;67;46;94699;2.06;3.67;0.22;0.27
1996;5;1;122;17.1;12.4;8.2;8.8;7.9;6.9;-1.3;-0.8;0.15;2.2;2.5;0;498;166;90;58;94534;2.32;1.15;0.22;0.27
1996;5;2;123;16.1;11.8;7.5;11.9;9.3;7;-0.6;0.3;0.15;2.2;2.5;0;474;144;93;52;94234;2.25;5.85;0.23;0.27
1996;5;3;124;11;8.7;6.3;7.4;5.8;4.3;1.9;0.4;0.15;2.2;2.5;0;244;88;64;33;94452;1.59;5.27;0.23;0.27
1996;5;4;125;11.8;8.2;4.6;7.3;4.8;2.5;3;0.5;0.15;2.2;2.5;0;502;159;90;57;95316;2.09;1.85;0.23;0.27
1996;5;5;126;11.1;7.4;3.1;2.3;0.6;-0.4;1;-0.4;0.15;2.2;2.5;0;441;168;96;64;95993;1.93;0;0.23;0.27
1996;5;6;127;16;10.5;5;7.3;4.7;0.6;-1.8;-1.1;0.15;2.2;2.5;0;682;184;108;64;95745;2.29;0.57;0.23;0.27
1996;5;7;128;18.8;12.2;6.1;10.3;7.8;4.8;-2.7;-1.7;0.15;2.3;2.5;0;624;222;99;75;95604;2.54;0.09;0.22;0.27
1996;5;8;129;14.3;10.7;7.6;10.6;8.4;6.3;-1.6;-2.4;0.15;2.3;2.5;0;344;97;58;25;95598;1.46;3.18;0.22;0.27
1996;5;9;130;7.3;5;2.8;6.2;3.6;1.2;-0.1;-2.9;0.15;2.3;2.5;0;103;32;13;9;95371;1;2.01;0.22;0.27
1996;5;10;131;9.4;5.7;2.6;4.6;2.8;1;-0.8;-1.5;0.15;2.3;2.5;0;293;89;36;19;95370;0.99;0.01;0.22;0.27
1996;5;11;132;14.1;9.6;5.4;7.3;5.8;3.8;-2;-1.1;0.15;2.3;2.5;0;433;118;60;29;95537;1.42;0.15;0.22;0.27
1996;5;12;133;13.7;10.1;7.8;8.5;7.2;6.4;-1.7;-2.6;0.15;2.4;2.5;0;346;102;35;19;95646;1.21;0.39;0.22;0.26
1996;5;13;134;15.6;10.9;7.8;11.3;9;7.2;-0.6;-3.3;0.15;2.4;2.5;0;343;95;30;13;95853;1.24;1.3;0.22;0.26
1996;5;14;135;16.3;12;9.2;10.3;9.7;9;-0.3;-3.1;0.15;2.4;2.5;0;376;102;50;17;95768;1.47;0.43;0.22;0.26
1996;5;15;136;16.4;12.5;9.8;10.6;9.6;7.9;-1.4;-1.9;0.15;2.4;2.5;0;335;103;35;19;95520;1.44;0.48;0.22;0.26
1996;5;16;137;11.6;9.6;8.1;9.8;8.5;7.6;-1.8;-1.1;0.15;2.4;2.5;0;152;42;52;17;95527;0.82;3.5;0.22;0.26
1996;5;17;138;19.9;14.6;8.7;12.5;10.2;8.3;0.4;1.1;0.16;2.4;2.5;0;611;201;105;55;95278;2.75;3.34;0.22;0.26
1996;5;18;139;20.1;15.1;9.1;14.3;12.2;8.6;-1;0.4;0.16;2.5;2.5;0;465;173;87;68;95120;2.48;10.6;0.22;0.26
1996;5;19;140;20.8;15.3;9.5;14.2;11.5;9.1;0.2;0.2;0.16;2.5;2.5;0;552;183;87;57;95051;2.93;10.33;0.23;0.26
1996;5;20;141;14.1;11.3;8.1;9.9;6.8;4.6;2.4;-1.6;0.16;2.5;2.5;0;494;167;80;54;95669;2.75;0.92;0.23;0.26
1996;5;21;142;16.7;10.7;5.5;8.3;6.1;3.6;1.6;0.8;0.16;2.5;2.5;0;659;222;117;80;96314;2.89;3.24;0.23;0.26
1996;5;22;143;12.8;9.5;6.5;7.9;4.6;0.9;2.4;0.2;0.16;2.5;2.5;0;626;218;115;70;96603;3.06;1.64;0.23;0.26
1996;5;23;144;13.3;9.9;6.8;9.5;6.9;2.8;1.6;1.6;0.16;2.5;2.5;0;308;81;69;35;96336;1.25;1.55;0.23;0.26
1996;5;24;145;20.1;14.6;8.2;11.1;9.3;7.5;1.4;1.9;0.16;2.5;2.5;0;530;200;98;65;95992;3;1.15;0.23;0.26
1996;5;25;146;17.8;13.8;9.7;14.7;11.6;8.5;2.5;1.7;0.16;2.6;2.5;0;410;132;68;37;95496;2.78;14.52;0.24;0.26
1996;5;26;147;14.5;11.5;8.2;8.3;5.9;4.1;3;0.5;0.16;2.6;2.5;0;465;159;71;44;95813;2.81;1.93;0.24;0.26
1996;5;27;148;15.1;11.5;9.4;11.7;9.5;7.5;2.8;1.2;0.16;2.6;2.5;0;502;139;85;34;95263;2.91;18.32;0.25;0.26
1996;5;28;149;10.2;7.7;4.5;8.5;1.6;-0.7;3.2;-2.6;0.16;2.6;2.5;0;453;144;99;45;96235;2.79;2.77;0.25;0.26
1996;5;29;150;15.6;10.3;3;7.2;3.8;0.5;0.8;0.7;0.16;2.6;2.5;0;660;235;111;84;96773;2.95;0;0.25;0.26
1996;5;30;151;21.8;15.3;6.4;12.2;7.8;3.6;-1.3;0.8;0.16;2.6;2.5;0;718;266;125;88;96614;3.88;0;0.25;0.26
1996;5;31;152;25.5;18.8;9;15.9;11;7.6;-0.3;0.7;0.16;2.6;2.5;0;735;274;132;94;96376;4.21;0;0.24;0.26
1996;6;1;153;23.6;17.8;11.6;15.5;13.3;9.7;0.4;-0.8;0.16;2.6;2.5;0;549;203;94;63;96183;3.18;2.14;0.24;0.26
1996;6;2;154;17.4;14.2;11.9;14;12.3;11;-1.4;-1.8;0.16;2.7;2.5;0;285;81;29;18;95849;1.91;8.36;0.25;0.26
1996;6;3;155;16.5;13.5;11.4;12;11.2;10.2;0.8;-2;0.16;2.7;2.5;0;302;91;30;15;96216;1.68;3.33;0.25;0.26
1996;6;4;156;19.2;14.7;11;10.1;8.6;7.4;-0.8;-1.7;0.16;2.7;2.5;0;721;252;127;78;97057;3.73;0;0.25;0.26
1996;6;5;157;21.1;15.8;9.4;11.8;9.7;7.3;-3;-0.2;0.16;2.7;2.5;0;734;275;123;96;97156;3.97;0;0.24;0.26
1996;6;6;158;26.1;19.5;11.7;16.8;12.9;9.5;-1.7;0.5;0.16;2.7;2.5;0;729;273;123;95;96698;4.27;0;0.24;0.26
1996;6;7;159;28.3;22;13.2;17.9;14.6;11.9;-0.7;0.4;0.16;2.7;2.5;0;713;258;120;83;96538;4.22;0;0.23;0.26
1996;6;8;160;29.2;22.2;14.6;19.2;15.7;12.9;-0.4;-0.4;0.16;2.7;2.5;0;704;247;121;78;96363;4.09;1.88;0.23;0.26
1996;6;9;161;24.6;20.4;15.4;17.4;16.4;14.7;0.8;-1;0.16;2.8;2.5;0;627;219;86;64;96482;3.64;1.7;0.23;0.26
1996;6;10;162;26.2;21;13.5;16.7;14.6;13.3;-0.7;-0.6;0.16;2.8;2.6;0;670;244;113;74;96630;4.08;0;0.22;0.26
1996;6;11;163;26.7;22;15.6;17;15.7;14.5;0.4;-0.2;0.16;2.8;2.6;0;686;232;105;69;96734;3.89;0.31;0.22;0.26
1996;6;12;164;26.4;22;16.7;16.8;14.8;13;1.4;-0.7;0.16;2.8;2.6;0;634;229;97;67;96733;3.99;1.11;0.22;0.26
1996;6;13;165;16.8;14;9.6;13;5.8;3.2;0.4;-3;0.16;2.8;2.6;0;708;245;121;77;97174;3.78;0.06;0.22;0.26
1996;6;14;166;16.8;12.3;7.5;5.9;5.1;4.5;0.5;-2;0.16;2.8;2.6;0;701;262;134;96;97178;3.23;0;0.21;0.26
1996;6;15;167;18.7;13.4;6.6;7.2;5.9;4.4;-0.8;-1.4;0.16;2.8;2.6;0;719;269;134;99;96965;3.4;0;0.21;0.26
1996;6;16;168;20.1;14.7;8.3;8.5;6.8;5.6;-1.1;-1.6;0.16;2.8;2.6;0;591;234;108;87;96635;3.16;0;0.21;0.26
1996;6;17;169;22.7;17;8.7;10.2;8.4;6.3;0.4;0;0.16;2.8;2.6;0;671;245;117;89;96306;3.43;0;0.2;0.26
1996;6;18;170;24.5;18.3;11;11.4;9.2;7.4;2.3;0.3;0.16;2.8;2.6;0;688;246;121;81;95589;3.43;0.04;0.2;0.26
1996;6;19;171;17.6;14;9.8;10.5;7.2;4.3;2.9;-0.6;0.16;2.8;2.6;0;636;224;104;76;95403;2.66;0.13;0.2;0.26
1996;6;20;172;14.8;12.1;9.1;11.2;7.4;4.3;2.2;1.2;0.16;2.8;2.6;0;309;113;64;41;95202;1.9;3.78;0.19;0.26
1996;6;21;173;16.5;13.4;10.6;11.6;9.6;7;2;-0.2;0.16;2.8;2.6;0;532;165;74;36;95117;2.62;3.28;0.2;0.26
1996;6;22;174;10.4;9.4;7.8;8.8;7.6;6.8;0.3;-2.2;0.16;2.8;2.6;0;185;52;47;22;95362;2;13.19;0.2;0.26
1996;6;23;175;14.2;10.7;7.7;8.8;6.9;5.2;1.2;-1.9;0.16;2.8;2.5;0;537;169;73;45;96128;2.82;4.02;0.21;0.25
1996;6;24;176;13.9;10.8;7.8;7.4;6.7;6.1;1.2;-0.9;0.16;2.8;2.5;0;429;147;65;46;96491;2.2;1.56;0.21;0.25
1996;6;25;177;15.9;12.1;7.5;7.5;6.1;4.1;-1;-1.1;0.16;2.8;2.5;0;506;184;92;66;96591;2.57;0.3;0.21;0.25
1996;6;26;178;17.3;13.4;8.4;8.7;7.5;6.4;-1.1;-1.4;0.15;2.7;2.5;0;564;206;96;72;96442;2.95;0.77;0.21;0.25
1996;6;27;179;19.5;15.2;10.4;11.8;9;7.1;2.2;-0.7;0.15;2.7;2.5;0;561;179;96;53;96461;2.67;0.37;0.2;0.25
1996;6;28;180;19.3;15.7;12.4;12.3;10.7;9;2.4;-0.3;0.15;2.7;2.5;0;435;149;60;38;96285;2.39;0.55;0.2;0.25
1996;6;29;181;18.8;14.6;9.7;15.3;11.6;6.9;2.4;1.3;0.15;2.7;2.5;0;463;161;71;49;95590;3.31;16.44;0.21;0.25
1996;6;30;182;14.3;11.5;8.4;9.4;7.7;6;3.5;1;0.15;2.7;2.5;0;395;129;62;38;95758;2.3;3.58;0.21;0.25
1996;7;1;183;16.4;12.8;10.1;11.1;9.3;7.8;2.9;1.7;0.15;2.7;2.5;0;485;135;80;38;95216;2.75;4.33;0.22;0.25
1996;7;2;184;16.2;13;9.9;10.3;8;6.6;2.9;1.2;0.15;2.7;2.5;0;527;181;82;56;95416;2.82;1.07;0.22;0.25
1996;7;3;185;18.4;14.3;8.6;9;7.3;5.7;1;1.7;0.15;2.7;2.5;0;602;191;102;73;95771;2.91;0.09;0.21;0.25
1996;7;4;186;21.4;16.3;12.5;15.8;12.3;7.5;1.4;2.5;0.15;2.7;2.5;0;422;111;65;37;95716;2.52;9.14;0.21;0.25
1996;7;5;187;24.1;18.4;13.7;16.3;14.9;13.2;0.9;2.1;0.15;2.7;2.5;0;592;192;79;49;95383;3.49;9.48;0.22;0.25
1996;7;6;188;16.8;14;11.2;13;10.7;7.9;3;0.6;0.15;2.7;2.5;0;499;155;89;49;95167;3.18;6.01;0.23;0.25
1996;7;7;189;16.2;13;9;9.9;8;6.7;-1;-0.1;0.15;2.7;2.5;0;354;126;85;48;95230;2.24;6.04;0.23;0.25
1996;7;8;190;11.2;10.2;9.4;10;8.8;7.7;0.7;-4.2;0.15;2.6;2.5;0;45;16;18;11;94890;2.32;36.93;0.25;0.25
1996;7;9;191;13.5;10.9;8.1;8.5;6.9;4.6;4.5;-0.8;0.15;2.6;2.5;0;535;165;75;42;96177;3.04;2.5;0.26;0.25
1996;7;10;192;16.5;12.1;9.4;12.9;10.4;8.3;1.7;-0.1;0.15;2.6;2.5;0;436;82;66;29;96242;1.44;6.96;0.27;0.25
1996;7;11;193;15.8;12.6;6.7;11.5;9.5;5.8;1.7;-0.8;0.15;2.6;2.5;0;337;109;60;38;96486;1.96;8.35;0.27;0.25
1996;7;12;194;20.4;16.2;12.2;14.6;13.3;11.3;1.9;-0.2;0.15;2.6;2.5;0;502;163;78;43;96199;2.76;3.88;0.27;0.25
1996;7;13;195;22.4;17.6;11.3;15.5;13.7;11.1;1.6;0.4;0.15;2.6;2.5;0;588;202;94;61;96523;3.15;0.42;0.27;0.25
1996;7;14;196;23.3;18.8;12.7;15;13.7;11.9;1.8;-0.3;0.15;2.6;2.5;0;687;239;98;73;96870;3.76;0;0.27;0.25
1996;7;15;197;23;18.2;13.3;15.8;13.9;9.4;-0.3;-2.2;0.15;2.6;2.5;0;561;188;78;56;96767;3.06;0.27;0.26;0.25
1996;7;16;198;16;12.8;9.6;8.7;6.7;5.8;0;-2.4;0.15;2.6;2.5;0;575;204;106;69;96968;3.08;0;0.26;0.25
1996;7;17;199;19.4;13.9;6.6;9.3;7.2;5.5;-0.4;-1.4;0.15;2.6;2.5;0;604;221;111;83;96801;3.3;0;0.26;0.25
1996;7;18;200;15.2;11.8;7.7;7.4;6.5;5.6;1.4;-2.2;0.15;2.6;2.5;0;567;188;86;66;96566;2.5;0.01;0.25;0.25
1996;7;19;201;16.6;12.3;7.1;7.9;5.8;4.2;-0.5;-1.9;0.15;2.5;2.5;0;505;200;102;73;96873;2.87;0;0.25;0.25
1996;7;20;202;16.7;12.7;6.3;7.7;5.7;4.6;-1.4;-1.2;0.15;2.5;2.5;0;483;173;106;71;96921;2.6;0.08;0.25;0.25
1996;7;21;203;18.6;13.7;7;8.2;5.7;4;-1.7;-0.3;0.15;2.5;2.5;0;584;210;105;78;96886;3.13;0;0.25;0.25
1996;7;22;204;21.3;15.5;7.1;9.2;7;4.9;-1.8;0.3;0.15;2.5;2.5;0;713;262;131;96;96759;3.75;0;0.24;0.25
1996;7;23;205;25.3;18.1;9.8;15.5;10.4;6.6;-0.8;1.7;0.15;2.5;2.5;0;729;251;131;82;96101;3.83;7.43;0.24;0.25
1996;7;24;206;20;17;13;15.5;13.5;11;3.7;0.8;0.15;2.5;2.5;0;531;187;81;49;95531;3.78;5.45;0.24;0.25
1996;7;25;207;13.4;12.4;11.1;12;10.5;9.4;4.1;0.2;0.15;2.5;2.5;0;135;50;63;27;96024;1.34;2.33;0.24;0.25
1996;7;26;208;20.2;15.7;12;13;11.4;9.3;0.9;-1.1;0.15;2.5;2.5;0;465;157;101;45;96494;2.64;0.18;0.24;0.25
1996;7;27;209;23.8;17.3;9.4;14.6;11.9;9;-0.4;-0.1;0.15;2.5;2.5;0;708;252;129;84;96262;3.52;0;0.24;0.25
1996;7;28;210;23.9;19.3;13.1;15.1;12.7;10.6;0.2;-0.3;0.15;2.5;2.5;0;479;192;106;65;96115;2.95;0.06;0.24;0.25
1996;7;29;211;23.8;19.1;14.6;16.4;15;14;0.7;-0.2;0.15;2.5;2.5;0;562;194;93;58;96026;2.91;6.85;0.24;0.25
1996;7;30;212;20.4;16.9;13.8;14.8;13.3;11.3;1.7;-0.3;0.15;2.4;2.5;0;557;165;86;52;95872;2.73;0.43;0.24;0.25
1996;7;31;213;21.7;17.4;11.7;15;13.2;11.1;1.6;0.6;0.15;2.4;2.5;0;512;165;70;59;96141;2.54;0.49;0.24;0.25
1996;8;1;214;24.9;20.1;14.1;17.8;13.9;12.3;0.6;1.3;0.15;2.4;2.5;0;582;200;96;63;96112;3.19;0.25;0.23;0.25
1996;8;2;215;23.7;19.3;15;15;14.2;13.1;0.5;-1;0.15;2.4;2.5;0;574;200;97;59;96342;3.11;1.16;0.23;0.25
1996;8;3;216;18.3;16.1;13.8;14.3;12;10;-1;-1.8;0.15;2.4;2.5;0;393;122;62;40;96676;2.48;6.8;0.23;0.25
1996;8;4;217;17.6;14.7;11.9;10.3;8.1;6.7;-1.7;-1.5;0.15;2.4;2.5;0;433;140;77;56;96720;2.42;0.15;0.23;0.25
1996;8;5;218;18.4;14.2;9.4;9.1;7.5;6.7;-3.1;-0.2;0.15;2.4;2.5;0;478;175;107;77;96301;2.64;0;0.23;0.25
1996;8;6;219;20.1;14.9;9.4;10.2;8.8;7.9;-2.2;0.5;0.15;2.4;2.5;0;612;208;107;81;96093;2.9;0;0.23;0.25
1996;8;7;220;18.9;15.7;13;13.9;12.1;9.3;-0.9;0.9;0.15;2.4;2.5;0;365;102;50;34;96169;1.85;2.77;0.23;0.25
1996;8;8;221;22.5;17.7;12.3;14.6;12.4;10.4;-0.3;-0.4;0.15;2.4;2.5;0;548;181;96;60;96112;2.71;0.32;0.23;0.25
1996;8;9;222;23.9;19.1;13.9;13.4;11.8;10;-1.7;0.4;0.15;2.3;2.5;0;591;191;102;66;96124;3.03;0;0.22;0.25
1996;8;10;223;24.7;19.6;14;12.5;11.5;10.6;-2.2;0.7;0.15;2.3;2.5;0;650;224;119;83;95764;3.46;0;0.22;0.25
1996;8;11;224;17.8;16;12.7;15.7;14.3;12.5;-0.4;0.6;0.15;2.3;2.5;0;169;64;73;46;95403;1.19;7.43;0.22;0.25
1996;8;12;225;16.2;13.6;11.9;14.6;12.8;11.5;0.7;0.3;0.15;2.3;2.5;0;169;40;44;18;95336;0.98;13.58;0.23;0.25
1996;8;13;226;18.6;14.6;11.5;13.6;11.8;10.8;0.9;2.1;0.15;2.3;2.5;0;485;156;80;50;95563;2.74;3.75;0.24;0.25
1996;8;14;227;17.2;14.4;12.1;14.6;12.7;10.9;1.4;0.9;0.15;2.3;2.5;0;330;82;60;27;95624;1.68;4.24;0.24;0.25
1996;8;15;228;19.4;15.3;11.9;15;12.8;11.7;1.7;-0.5;0.14;2.3;2.5;0;485;146;75;48;96009;2.31;3.17;0.24;0.25
1996;8;16;229;18.5;15.1;12.4;15.3;13.4;11.7;1.8;-1.3;0.14;2.3;2.5;0;317;96;72;36;96313;1.75;3.46;0.24;0.25
1996;8;17;230;20.2;16;11.4;12.6;11.9;11.1;0.2;-1.9;0.14;2.3;2.5;0;432;137;78;51;96569;2.24;0.33;0.24;0.25
1996;8;18;231;21.8;16.9;11.2;13.2;12.1;10.9;-2;-0.8;0.14;2.3;2.5;0;573;183;104;69;96622;2.78;0.16;0.24;0.25
1996;8;19;232;24.2;19.1;13.6;13.7;11.5;9.8;-3.1;-0.1;0.14;2.3;2.5;0;658;222;121;92;96415;3.58;0;0.24;0.25
1996;8;20;233;24.3;19.8;15.6;12.8;10.8;9.9;-3;0.5;0.14;2.3;2.5;0;623;208;113;89;96073;3.53;0.14;0.23;0.25
1996;8;21;234;22.8;18.3;13.1;15.9;13.3;10;-0.5;0.8;0.14;2.3;2.5;0;506;164;88;67;95810;2.39;1.02;0.23;0.25
1996;8;22;235;23.5;18.4;14;16.7;15;13.3;-0.1;-0.4;0.14;2.2;2.5;0;536;167;88;55;95636;2.71;5.3;0.23;0.25
1996;8;23;236;23.7;18.8;13.2;16.2;15;13.2;0.3;0.2;0.14;2.2;2.5;0;618;191;102;64;95711;2.84;3.93;0.23;0.25
1996;8;24;237;20.3;16.7;13.4;16.9;13.9;12.1;1.1;0;0.14;2.2;2.5;0;442;138;65;44;95679;2.57;16.27;0.24;0.25
1996;8;25;238;19.6;15.2;11.9;14.5;12.7;11.8;0.7;1.1;0.14;2.2;2.5;0;503;133;77;52;95840;2.23;5.25;0.25;0.25
1996;8;26;239;20.4;15.5;11;15.9;12.3;11;-0.3;0;0.14;2.2;2.5;0;573;159;101;54;96002;2.43;1.07;0.25;0.25
1996;8;27;240;20.4;15.9;11.5;15.5;13.1;11.2;-0.8;-0.1;0.14;2.2;2.5;0;404;135;91;51;96005;2.09;2.19;0.25;0.25
1996;8;28;241;15.7;13.4;11.2;13.7;11.9;8.1;1.3;0.4;0.14;2.2;2.5;0;261;47;73;34;95650;1.12;18.7;0.26;0.25
1996;8;29;242;18.1;13.6;9;8.7;7.2;6;1.3;2.8;0.14;2.2;2.5;0;420;133;83;71;95842;2.25;0.08;0.26;0.25
1996;8;30;243;16.2;13;9.2;9.9;8.3;7.1;2.2;1.6;0.14;2.2;2.5;0;412;120;85;58;96145;1.83;0.47;0.26;0.25
1996;8;31;244;16.3;13.1;11.3;12.1;9.9;8.1;1.9;-0.2;0.14;2.2;2.5;0;445;114;97;42;96502;1.72;0.82;0.26;0.25
1996;9;1;245;14;11.6;9.4;9.1;8;6.4;-0.6;-2.3;0.14;2.2;2.5;0;317;90;76;42;96717;1.58;1.32;0.26;0.25
1996;9;2;246;15.5;12.4;8.6;8;6.9;6.1;-1.4;-2.6;0.14;2.2;2.5;0;443;116;77;46;96706;1.78;0.24;0.26;0.25
1996;9;3;247;18.9;14.8;11.2;11.1;10.1;7.6;-2.5;-2.3;0.14;2.2;2.5;0;494;143;80;55;96429;2.27;0.39;0.25;0.25
1996;9;4;248;19.8;15;10.8;11.9;10.4;9.5;-1.7;-2.2;0.14;2.2;2.5;0;501;151;94;68;96167;2.18;0.05;0.25;0.25
1996;9;5;249;15.5;12.1;8.5;9.6;7.3;5;-0.3;-3;0.14;2.2;2.5;0;530;136;101;65;95999;2.08;0.84;0.25;0.25
1996;9;6;250;12.7;8.8;4.8;5.4;4.4;3.3;1.7;-2.4;0.14;2.2;2.5;0;410;121;84;63;95955;1.93;3.08;0.25;0.25
1996;9;7;251;11.4;8.1;4.4;6;4.4;3.1;1.7;-3;0.14;2.2;2.5;0;175;56;65;34;96282;1.33;2.2;0.25;0.25
1996;9;8;252;12.9;9.6;7.2;6.2;4.9;3.7;0.5;-2.4;0.14;2.2;2.5;0;391;118;84;50;96359;1.84;1.19;0.25;0.25
1996;9;9;253;13.7;9.6;5.6;6.7;5.2;3.5;0.6;-1.8;0.14;2.2;2.5;0;413;131;84;59;96256;1.69;0.81;0.25;0.25
1996;9;10;254;14.3;10.3;6;8.5;7.1;5;2.7;-0.2;0.14;2.2;2.5;0;473;123;85;50;95978;1.88;2.04;0.25;0.25
1996;9;11;255;12.9;10.2;8.5;8.1;6.2;4;2.2;-0.6;0.14;2.2;2.5;0;327;95;58;36;95732;1.65;0.91;0.25;0.25
1996;9;12;256;12.7;9.6;7.2;8.2;6.5;5.2;3.1;1;0.14;2.1;2.5;0;270;83;57;34;94797;1.62;5.69;0.25;0.25
1996;9;13;257;7.4;6;4.5;6.2;5;3.3;3.4;-0.2;0.14;2.1;2.5;0;202;50;44;26;94653;1.5;9.69;0.25;0.25
1996;9;14;258;11.8;8.7;5.7;9.8;7.5;5;1.9;-1.8;0.14;2.1;2.5;0;271;67;69;25;95764;1.23;7.41;0.26;0.25
1996;9;15;259;13.4;9.4;6.4;7.7;5.9;4.2;1.4;-1.6;0.14;2.1;2.5;0;432;131;90;56;96355;1.86;1.42;0.26;0.25
1996;9;16;260;12.3;8.4;3.5;5.5;4.4;3;0.3;-2.1;0.14;2.1;2.5;0;342;102;73;56;96529;1.29;0.28;0.26;0.25
1996;9;17;261;10.2;7.5;4.6;4.9;3.6;2.7;-1.3;-1.6;0.14;2.1;2.5;0;303;84;64;48;96128;1.05;0.33;0.26;0.25
1996;9;18;262;10.7;8.2;6;5.1;4.2;3;-4.3;-0.5;0.14;2.1;2.5;0;267;82;52;38;95893;1.2;0.38;0.26;0.25
1996;9;19;263;15.2;10.6;7.3;6.5;5.2;3.9;-4.7;0;0.14;2.1;2.5;0;535;155;108;76;95476;1.88;0;0.26;0.25
1996;9;20;264;12.6;9.9;7.1;8;6.6;3.8;-3.7;0;0.14;2.1;2.5;0;247;60;80;37;95093;1.04;3.4;0.26;0.25
1996;9;21;265;11.4;9.6;8.3;8.4;8;7.5;-2.7;-0.3;0.13;2;2.5;0;173;43;26;11;94963;0.87;1.16;0.26;0.25
1996;9;22;266;12.4;10;8.8;9;8.3;7.7;-3;-0.8;0.13;2;2.5;0;209;53;26;11;95044;0.65;0.27;0.26;0.25
1996;9;23;267;11.8;9.9;8.8;8.4;7.8;6.9;-1.6;-1.7;0.13;2;2.5;0;192;37;18;10;94984;0.73;0.89;0.26;0.25
1996;9;24;268;9.4;8.4;7.2;6.7;6.1;5.6;1.2;-1.2;0.13;2;2.5;0;117;31;26;14;95269;0.53;0.45;0.26;0.25
1996;9;25;269;11;8.6;7.2;7.1;6.9;6.6;1.9;0.1;0.13;2;2.5;0;182;46;44;24;95535;0.68;1.53;0.26;0.25
1996;9;26;270;13.2;9.3;5.7;7.3;6.1;5.1;1.5;-0.3;0.13;2;2.5;0;296;81;65;45;96094;1.13;0.14;0.26;0.25
1996;9;27;271;16.1;10.3;3.8;10;7.4;3.4;1.5;1.8;0.13;1.9;2.5;0;495;119;101;49;95921;1.45;2.11;0.25;0.25
1996;9;28;272;13;10.4;7.3;10.9;9.2;6.5;2.3;0;0.13;1.9;2.5;0;291;64;69;28;96578;1.26;3.51;0.26;0.25
1996;9;29;273;12.2;9.2;4.3;8.6;7;4.1;0.9;2.2;0.13;1.9;2.5;0;136;38;61;32;96680;0.81;1.85;0.26;0.25
1996;9;30;274;19.1;13.6;8.9;12.1;8.4;4.9;1.3;2;0.13;1.9;2.5;0;440;124;88;68;95995;1.67;0;0.26;0.25
1996;10;1;275;20.2;14.3;9.7;11.2;9;5.4;1.1;1.3;0.13;1.9;2.5;0;446;124;100;64;95006;1.83;3.24;0.26;0.25
1996;10;2;276;10.8;8.6;5.7;8.4;6.1;4.3;2.5;-0.8;0.13;1.9;2.5;0;218;58;63;35;95858;1.14;1.41;0.26;0.25
1996;10;3;277;11.9;7.6;4.1;5.9;4.2;2.8;0.9;0.1;0.13;1.8;2.5;0;368;86;78;57;96822;0.95;0.02;0.26;0.25
1996;10;4;278;13.9;9.1;3.5;6.8;4.8;1.5;1.1;1.9;0.13;1.8;2.5;0;413;106;88;51;96268;1.14;0.34;0.25;0.25
1996;10;5;279;9.8;8.8;6.9;8.8;7.7;6.5;0.6;-0.4;0.13;1.8;2.5;0;64;16;34;15;95787;0.39;8.19;0.26;0.25
1996;10;6;280;10.9;8.6;6.5;7.1;6.3;5.9;-1;-1.7;0.13;1.8;2.5;0;131;38;36;22;96337;0.67;0.13;0.26;0.25
1996;10;7;281;12.2;10.3;8.5;10;8.5;7.1;-2.6;-1.2;0.13;1.8;2.5;0;137;32;19;11;96405;0.32;0.01;0.26;0.25
1996;10;8;282;14.7;12.2;10.4;10.7;10;9;-1.8;-0.9;0.13;1.8;2.5;0;183;47;26;18;96072;0.68;1.29;0.26;0.25
1996;10;9;283;13.5;11.5;9.8;11.3;10.4;9.7;0.4;-1.1;0.13;1.7;2.5;0;200;53;42;22;96113;0.77;1.8;0.26;0.25
1996;10;10;284;13.4;10.9;9.7;10;8.8;7.9;-0.9;-1.5;0.13;1.7;2.5;0;236;60;61;30;96499;0.92;1.46;0.26;0.25
1996;10;11;285;13.2;10.5;8;8;7.4;6.8;-2.3;0.3;0.13;1.7;2.5;0;189;52;64;34;96566;0.67;0.14;0.26;0.25
1996;10;12;286;14.1;9.7;4.7;9;7.2;4.2;-0.5;1.4;0.13;1.7;2.5;0;303;71;74;51;96142;0.61;0.08;0.26;0.25
1996;10;13;287;17.1;10.7;5.1;9.3;7.7;4.6;-1.8;0.6;0.13;1.7;2.5;0;432;116;115;84;95958;1.01;0;0.26;0.25
1996;10;14;288;15.7;9.8;5.2;8.2;6.8;4.8;-1.9;0.5;0.13;1.7;2.5;0;414;107;112;80;95622;0.96;0.01;0.26;0.25
1996;10;15;289;17.1;10.6;5.4;11.4;7.9;4.5;-1.2;0.3;0.13;1.7;2.5;0;392;99;98;62;95288;0.89;1.57;0.25;0.25
1996;10;16;290;13.6;11.4;9;11.6;10.3;8.7;-0.3;0;0.13;1.6;2.5;0;118;31;30;12;94806;0.68;5.67;0.26;0.25
1996;10;17;291;8.7;8.3;7.7;8.4;8;7.6;0.7;-1.7;0.13;1.6;2.5;0;48;11;6;4;95196;0.52;7.73;0.26;0.25
1996;10;18;292;8.1;7.4;6.2;7.5;6.2;4.4;1.1;0.2;0.13;1.6;2.5;0;78;14;39;12;95758;0.5;4.71;0.27;0.25
1996;10;19;293;10;7;4.2;7.7;5.6;2.9;2.2;0.5;0.12;1.6;2.5;0;159;30;71;36;95978;0.56;1.98;0.27;0.25
1996;10;20;294;9.7;7.7;6;9.5;7.2;5.3;3.2;0.8;0.12;1.6;2.5;0;64;12;41;10;96348;0.44;16.94;0.27;0.25
1996;10;21;295;11.6;9.6;8.4;11.3;9.2;7.8;2.8;-0.4;0.12;1.6;2.5;0;38;9;12;4;95912;0.48;12.8;0.29;0.25
1996;10;22;296;9.2;7.6;4.7;7.2;4;2;2.4;-1.5;0.12;1.6;2.5;0;191;47;56;33;96751;0.87;0.23;0.3;0.25
1996;10;23;297;9;5.4;1.5;3.6;2.2;1.3;-1.7;-0.6;0.12;1.6;2.5;0;323;83;97;65;97052;0.68;0;0.29;0.25
1996;10;24;298;10.2;5.7;2.8;3.4;2.2;1;-2.6;0.4;0.12;1.6;2.5;0;387;94;110;80;96983;0.79;0;0.29;0.25
1996;10;25;299;9.8;4.7;1.3;1.8;0.8;0;-2.1;1;0.12;1.6;2.5;0;395;100;120;91;96757;0.78;0;0.29;0.25
1996;10;26;300;8;5;1.4;6.6;3.5;0.2;-0.3;1.1;0.12;1.6;2.5;0;73;18;55;17;96874;0.17;0.3;0.28;0.25
1996;10;27;301;10.8;7.6;4.4;7.5;6;4.3;0.3;2.5;0.12;1.6;2.5;0;164;36;48;19;96571;0.55;2.33;0.28;0.26
1996;10;28;302;13.8;11.5;9.6;9;7.6;6.2;3.7;1.9;0.12;1.6;2.5;0;239;50;56;20;95545;1.26;5.57;0.29;0.26
1996;10;29;303;12.8;10.1;6;8.4;6.2;3.7;5.2;2;0.12;1.6;2.5;0;230;45;72;35;94931;1.68;4.89;0.28;0.26
1996;10;30;304;6.6;5.2;4.2;3.7;2.2;0.3;4.8;0.1;0.12;1.6;2.5;0;220;46;59;37;96476;1.37;2.63;0.29;0.26
1996;10;31;305;7.8;5;3.2;2.5;1.2;0.4;2.2;1.5;0.12;1.6;2.5;0;281;56;82;47;96634;0.63;0.75;0.28;0.26
1996;11;1;306;9.8;7.8;4.4;9.4;6.7;1.4;3.5;0.6;0.12;1.6;2.5;0;54;11;11;5;96331;0.64;7.3;0.29;0.26
1996;11;2;307;10.4;8.9;7.4;8.6;7.7;6.4;3.4;1.2;0.12;1.6;2.5;0;97;20;20;9;96918;0.55;0.63;0.29;0.26
1996;11;3;308;13.4;9.8;7.8;8.8;7.9;7;2.6;1.4;0.12;1.6;2.5;0;251;49;87;39;96629;0.4;0.05;0.29;0.26
1996;11;4;309;13.6;9.1;6.4;7.5;6.6;5.3;0.6;2.4;0.12;1.6;2.5;0;285;61;103;61;95917;0.59;0.05;0.28;0.26
1996;11;5;310;11.5;8.5;6.1;7.3;5;3.4;3;2;0.12;1.6;2.5;0;238;54;73;61;95474;0.72;0.66;0.28;0.26
1996;11;6;311;10.8;8.1;5.2;7.8;3.8;1.5;3.9;3.2;0.12;1.6;2.5;0;306;58;82;37;95844;0.94;0.6;0.28;0.26
1996;11;7;312;10.8;9.1;6.1;8.9;7.4;4.1;4.3;1.9;0.12;1.6;2.5;0;64;13;67;20;95390;1.58;15.74;0.29;0.26
1996;11;8;313;6.4;4.6;1.6;4.6;3.1;1.1;3.5;0.5;0.11;1.5;2.5;0;188;43;74;47;96512;1.07;4.47;0.29;0.26
1996;11;9;314;7.3;4.8;1.4;3.4;2.7;1;2.4;1.8;0.11;1.5;2.5;0;165;35;63;31;96987;0.85;1.72;0.29;0.26
1996;11;10;315;7.3;4.9;2.7;3;2.3;1.7;-0.7;1.8;0.11;1.5;2.5;0;171;37;54;32;96105;0.55;0.81;0.29;0.26
1996;11;11;316;12;7.4;3.6;4.9;3.3;1.4;-2;1.8;0.11;1.5;2.5;0;301;63;90;59;94851;0.86;1.91;0.29;0.27
1996;11;12;317;13.5;10.2;7.2;8.5;6.3;3.7;-0.9;1.8;0.11;1.5;2.5;0;210;36;77;49;94584;0.37;0.45;0.29;0.27
1996;11;13;318;8.4;6.8;3.8;7.7;6.1;2.9;1.7;0.5;0.11;1.5;2.5;0;57;13;46;17;95034;0.42;3.94;0.29;0.27
1996;11;14;319;4.3;2.7;1;2.6;0.1;-1.6;-1.3;-2.1;0.11;1.5;2.5;0;177;35;51;32;96096;0.79;1;0.29;0.27
1996;11;15;320;3.8;2.6;1.1;2.9;0.7;-1.4;-2.2;-1.4;0.11;1.5;2.5;0.13;103;22;34;16;96353;0.29;0.55;0.29;0.27
1996;11;16;321;4.7;3.8;2.7;3.2;2.9;2.3;0.1;0.1;0.11;1.5;2.5;0.01;66;15;32;11;96423;0.18;0.22;0.28;0.27
1996;11;17;322;4.9;3.2;1.7;3;2.2;1.4;-0.3;0.5;0.11;1.5;2.5;0;122;24;38;18;95478;0.21;0.11;0.28;0.27
1996;11;18;323;6;3.6;0.3;5.3;2.7;-1.1;-1;-0.3;0.11;1.5;2.5;0;102;22;37;18;94124;0.35;3.29;0.28;0.27
1996;11;19;324;3.2;1.5;0;-0.3;-0.9;-1.9;1.4;2.4;0.13;1.5;2.5;1.82;102;22;75;25;94082;0.56;3.7;0.28;0.27
1996;11;20;325;5.8;3.2;1.8;2.5;0.9;-0.1;0.3;3.1;0.14;1.6;2.5;2.02;152;32;60;42;93365;0.73;2.08;0.28;0.27
1996;11;21;326;2.3;1;-0.5;1.3;-0.9;-3.1;3.9;0.9;0.14;1.6;2.5;1.98;201;44;95;46;94499;0.77;2.46;0.28;0.27
1996;11;22;327;1.6;-0.1;-1.1;-2;-2.6;-3.3;2;0.8;0.15;1.6;2.5;2.52;172;35;56;38;95555;0.27;0.24;0.28;0.27
1996;11;23;328;1.2;-1.1;-2.6;-2.9;-3.8;-5.3;0.4;0.8;0.15;1.6;2.5;2.55;191;38;75;50;95490;0.17;0.27;0.28;0.27
1996;11;24;329;0.2;-1.1;-1.8;-2.6;-3.7;-5.2;2.9;0;0.16;1.6;2.5;3.44;186;36;63;32;96205;0.24;1.01;0.28;0.27
1996;11;25;330;1.4;-0.7;-2.5;-3.1;-4.8;-6.3;-1;2.7;0.17;1.6;2.5;4.23;206;43;83;41;95063;0.35;2.56;0.28;0.27
1996;11;26;331;2.5;0.9;-0.6;1.3;0.4;-2.3;1.1;0.6;0.2;1.6;2.5;6.18;72;13;18;6;94537;0.06;1.79;0.27;0.27
1996;11;27;332;0.7;-0.4;-1.2;0.4;-1.9;-2.9;1.8;0.1;0.21;1.6;2.5;6.51;103;21;37;21;94954;0.36;1.3;0.27;0.27
1996;11;28;333;-0.2;-1.2;-1.8;-2.6;-4;-5.7;1.6;-1.3;0.22;1.6;2.5;7.25;130;26;51;28;95235;0.39;1.03;0.27;0.27
1996;11;29;334;-0.2;-1.1;-2.1;-1.1;-3.6;-6;2.1;2.8;0.26;1.6;2.5;9.63;121;22;59;27;95124;0.35;9.23;0.27;0.27
1996;11;30;335;1.6;0.2;-0.7;-0.1;-0.5;-1.4;1.9;1.2;0.37;1.6;2.5;18.27;127;24;59;23;94279;0.04;3.61;0.27;0.27
1996;12;1;336;0.7;-0.5;-2;-0.4;-2;-3.6;2.2;0.2;0.37;1.6;2.5;20.42;142;27;68;38;95686;0.27;1.46;0.27;0.27
1996;12;2;337;2.1;0.6;-1.7;1.7;-0.5;-3.9;2.9;1.2;0.36;1.6;2.5;21.99;90;18;62;21;95272;0.04;6.14;0.27;0.27
1996;12;3;338;1.9;1;0.5;0.5;-0.6;-2.5;1.4;2.1;0.36;1.7;2.5;21.02;131;24;60;28;95612;0.28;0.85;0.27;0.27
1996;12;4;339;3.7;0.2;-3.2;-0.4;-3.2;-5.3;-1.3;1.5;0.35;1.7;2.5;19.64;159;32;85;54;95498;0.37;0;0.27;0.27
1996;12;5;340;1.5;-2.5;-4.3;-0.7;-3.9;-5.6;-1.6;0;0.34;1.7;2.5;18.66;131;28;82;47;95885;0.02;0;0.27;0.27
1996;12;6;341;2.1;-3.2;-7.2;-0.5;-4.5;-8.3;-1.3;-0.3;0.33;1.7;2.5;17.82;171;33;83;45;96196;0.07;0;0.27;0.27
1996;12;7;342;0.5;-2.8;-4.7;-2.7;-4.8;-6.3;-1.5;-0.3;0.32;1.7;2.5;17.26;139;27;64;36;96709;0.15;0;0.27;0.27
1996;12;8;343;0.4;-2.8;-5.5;-2.9;-4.9;-7;-2.2;-0.2;0.31;1.7;2.5;17.1;136;29;67;44;96890;0.21;0;0.27;0.27
1996;12;9;344;1.3;-1.9;-3.5;-2.8;-4.5;-5.7;-2.5;-0.2;0.31;1.7;2.5;16.93;163;33;92;58;96427;0.19;0;0.27;0.27
1996;12;10;345;2.1;-1.7;-4.5;-1.2;-3.9;-6.5;-2.4;-0.5;0.3;1.7;2.5;16.55;147;30;83;51;95928;0.15;0;0.27;0.27
1996;12;11;346;2.2;-1.2;-3;-0.8;-2.7;-3.6;-1.5;0.4;0.3;1.7;2.5;15.99;171;33;83;45;95870;0.05;0.01;0.27;0.27
1996;12;12;347;1.6;-1.7;-4.2;-0.6;-2.5;-4.6;0;1.7;0.29;1.7;2.5;15.37;124;23;74;38;95623;-0.05;0;0.27;0.27
1996;12;13;348;1.8;0.5;-2.6;0.9;-0.2;-3.2;-0.3;1.7;0.28;1.7;2.5;14.88;41;9;26;3;94640;0.05;6;0.27;0.27
1996;12;14;349;0.5;-1.5;-4.2;0.1;-3.8;-7.4;-0.3;-1.6;0.29;1.7;2.5;15.61;88;16;36;16;94792;0.34;1.6;0.27;0.27
1996;12;15;350;-0.1;-1.8;-4.2;-0.5;-4.2;-7.5;3.3;1;0.3;1.7;2.5;15.84;71;14;63;24;95516;0.29;0.81;0.27;0.27
1996;12;16;351;1.3;0.1;-1.7;0.7;-0.3;-2.2;0.1;0.8;0.3;1.7;2.5;16.4;68;13;43;17;96070;-0.08;0.46;0.27;0.27
1996;12;17;352;2.9;0.1;-3.7;1.6;-0.7;-4.3;0.4;1.5;0.29;1.7;2.5;15.41;88;17;48;20;95693;-0.08;3.5;0.27;0.27
1996;12;18;353;4;2.6;1;3.8;2.4;0.8;0.4;1.3;0.26;1.7;2.5;12.87;38;7;1;-2;95294;-0.15;0.54;0.28;0.27
1996;12;19;354;3.5;2.6;0.4;3.3;2.2;0.2;-0.5;1.2;0.22;1.7;2.5;9.97;36;7;34;5;94783;-0.12;5.41;0.28;0.27
1996;12;20;355;3;-0.5;-3.4;2.8;-2;-7.2;-2.7;-0.7;0.22;1.6;2.5;9.6;25;5;12;2;94764;0.5;9.02;0.29;0.27
1996;12;21;356;-3.5;-5.4;-8.3;-7.5;-10.8;-16.1;-3;-0.7;0.27;1.6;2.5;11.71;141;28;87;47;95710;0.5;0.03;0.29;0.27
1996;12;22;357;-4.4;-7.4;-9.1;-12.2;-15.6;-18.3;-3.1;-0.4;0.26;1.6;2.5;11.36;158;31;84;71;95885;0.36;0;0.29;0.27
1996;12;23;358;-5.5;-6.3;-7.4;-8.3;-9.3;-11.4;-3.6;-1.2;0.32;1.6;2.5;14.19;52;9;32;10;94755;0.32;6.39;0.29;0.27
1996;12;24;359;-7;-9;-11.8;-10.7;-12.3;-14.5;-3.1;-1.1;0.37;1.6;2.5;17.1;162;32;99;69;95091;0.16;0;0.28;0.27
1996;12;25;360;-5.3;-9.3;-12.9;-9;-13.1;-17.7;-2.3;-1.9;0.37;1.6;2.5;16.95;157;32;81;65;95827;0.19;0;0.28;0.28
1996;12;26;361;-7.8;-10.7;-14;-11.4;-14.5;-16.3;-1.5;-1.7;0.37;1.5;2.5;16.73;170;34;104;75;97709;0.18;0;0.28;0.28
1996;12;27;362;-11.8;-14.7;-17.8;-16.1;-18.2;-19.9;-2.4;0.2;0.37;1.5;2.5;16.6;133;26;74;50;97302;0.22;0;0.28;0.28
1996;12;28;363;-11.9;-14.6;-16.5;-17.3;-19.3;-20.9;-3.7;-0.7;0.36;1.5;2.5;16.28;174;35;95;82;96339;0.33;0;0.28;0.28
1996;12;29;364;-10.7;-15.9;-19.9;-16.5;-20;-23.1;-0.3;0.1;0.36;1.5;2.5;16.09;174;35;108;58;95718;0.12;0.11;0.28;0.28
1996;12;30;365;-10.2;-13.5;-15.8;-14.8;-16.9;-18.4;-1.5;0.5;0.36;1.5;2.5;16.3;112;23;67;35;94876;0.18;0.42;0.27;0.28
1996;12;31;366;-11.4;-14;-15.5;-15.9;-17.2;-18.1;-2.7;-0.9;0.36;1.4;2.5;16.35;140;28;69;55;95606;0.12;0.15;0.27;0.28
1997;1;1;1;-9.8;-12.8;-15.5;-13.9;-15.8;-18;-2.7;-0.8;0.36;1.4;2.5;16.35;123;26;64;42;95969;0.18;0.21;0.27;0.28
1997;1;2;2;-7;-11.2;-15.4;-10.8;-13.6;-17;-2.4;-0.3;0.36;1.4;2.5;16.35;141;28;66;37;96132;0.17;0.01;0.27;0.28
1997;1;3;3;-3.8;-6.7;-9.3;-7;-9;-11.8;-3.6;-0.5;0.36;1.4;2.5;16.25;137;26;60;30;95276;0.22;0.21;0.27;0.28
1997;1;4;4;-2;-3.7;-5.8;-3.7;-5.4;-7.4;-3;-1;0.36;1.4;2.5;17.59;62;12;20;12;94482;0.2;7.03;0.27;0.28
1997;1;5;5;-3.6;-5.6;-9.4;-4.8;-7.2;-10.9;-0.1;-1.2;0.38;1.4;2.5;25.72;118;19;44;20;95151;0.1;3.63;0.27;0.28
1997;1;6;6;-7.3;-9.1;-10.3;-10.8;-11.3;-12.6;-2;-0.7;0.38;1.3;2.5;26.66;104;20;54;26;95966;0.11;0.17;0.27;0.28
1997;1;7;7;-6.8;-10.1;-12.1;-9.9;-12.4;-14.2;-2.2;-0.7;0.38;1.3;2.5;26.61;168;33;79;54;96073;0.01;0;0.26;0.28
1997;1;8;8;-4;-9.3;-13;-7.5;-11.3;-14.5;-1.8;-0.3;0.38;1.3;2.5;26.54;156;32;80;41;95534;0.06;0;0.26;0.28
1997;1;9;9;-3.1;-5.7;-8.6;-5.6;-7.4;-9.9;-1.7;-0.6;0.37;1.3;2.5;26.49;109;22;49;23;94954;0.07;0.02;0.26;0.28
1997;1;10;10;-2.5;-4.1;-5.6;-5;-5.9;-6.9;-1.5;-0.6;0.37;1.3;2.5;26.47;105;20;39;17;95774;0.13;0.13;0.26;0.28
1997;1;11;11;-2.2;-3.6;-4.2;-5.1;-5.9;-7;0.1;0;0.37;1.2;2.5;26.53;103;20;51;21;96778;0.15;0.11;0.26;0.28
1997;1;12;12;-4;-7.1;-10;-6.8;-8.9;-11;-0.6;0.8;0.37;1.2;2.5;26.45;148;31;93;43;97229;0.09;0;0.26;0.28
1997;1;13;13;-1.1;-7.1;-13.3;-8.1;-10.9;-14.4;-0.6;0.2;0.37;1.2;2.5;26.33;168;34;86;36;97094;0.17;0;0.26;0.28
1997;1;14;14;0.8;-6.6;-12.7;-4.7;-10.4;-14.8;-1.1;0;0.37;1.2;2.5;25.98;184;38;88;44;96986;0.19;0;0.26;0.28
1997;1;15;15;-0.2;-7.3;-13;-4.6;-9.8;-14.2;-0.6;1.3;0.36;1.2;2.5;25.63;189;40;91;53;96933;0.2;0;0.26;0.28
1997;1;16;16;0.4;-7.1;-14.7;-3.4;-9.6;-16;-1.1;0.8;0.36;1.2;2.5;25.29;191;39;94;50;96744;0.17;0;0.26;0.28
1997;1;17;17;1.4;-6.4;-11.8;-2.9;-9.8;-14.4;-1.1;0.7;0.36;1.2;2.5;24.54;196;42;100;53;96304;0.17;0;0.26;0.28
1997;1;18;18;1.1;-5.3;-13.4;-2.3;-7.5;-14.6;-0.5;1.4;0.35;1.2;2.5;24.03;134;29;42;16;96281;0.26;0.5;0.26;0.28
1997;1;19;19;2.9;-0.3;-1.8;-0.6;-2;-3.4;-1.2;1;0.35;1.2;2.5;23.74;160;30;77;29;95822;0.14;0.63;0.25;0.28
1997;1;20;20;2.5;0.8;-1.3;1.4;0.2;-2.9;1.1;0.4;0.35;1.1;2.5;23.58;69;14;27;5;96184;-0.06;0.92;0.25;0.28
1997;1;21;21;1.8;0.1;-1.6;0.5;-0.9;-2.8;-2.3;-0.3;0.34;1.1;2.5;22.2;140;30;60;32;97181;0.03;0;0.26;0.28
1997;1;22;22;3.5;-1;-3.5;-1.3;-3.3;-5.2;-1.9;0.9;0.34;1.1;2.5;21.11;192;41;77;51;96864;0.09;0.04;0.26;0.28
1997;1;23;23;5;1;-3.5;2.7;-0.4;-4.6;-0.6;1.7;0.33;1.1;2.5;18.87;152;34;76;27;96852;-0.13;1.2;0.26;0.28
1997;1;24;24;6.4;1.8;-1.1;2.7;0.3;-1.8;-0.5;0.3;0.29;1.1;2.5;15.57;187;36;66;21;96983;-0.01;1.26;0.26;0.28
1997;1;25;25;2.7;1.2;-0.6;2.1;0.7;-0.9;-1.5;-0.2;0.26;1.1;2.5;13.49;35;8;23;3;97335;-0.01;8;0.26;0.28
1997;1;26;26;0.6;-1.6;-4.2;-1.9;-4.2;-7.6;-3.1;-0.3;0.33;1.1;2.4;18.09;166;36;76;39;97079;0.44;7.98;0.27;0.28
1997;1;27;27;0.6;-3;-6.2;-2.3;-5.8;-10.2;-0.4;0.6;0.36;1.1;2.4;19.64;126;30;52;24;97128;0.19;0.04;0.27;0.28
1997;1;28;28;0;-1.7;-3.8;-2.1;-3;-4.7;1.3;-0.9;0.35;1.1;2.4;19.54;151;31;42;19;97636;0.2;0.06;0.27;0.28
1997;1;29;29;0.9;-0.8;-2.2;-1.3;-2.3;-3.5;1.4;-0.5;0.35;1.1;2.4;19.53;114;23;46;19;97967;0.17;0.22;0.27;0.28
1997;1;30;30;0.7;-1.3;-2.9;-2.2;-3.1;-4;1.2;-0.7;0.34;1.1;2.4;19.19;124;28;41;22;97714;0.19;0.05;0.27;0.28
1997;1;31;31;0.6;-1.3;-4.1;-0.8;-2.4;-5.1;2.1;-0.4;0.34;1.1;2.4;19.16;71;17;32;14;97261;0.14;0.75;0.27;0.28
1997;2;1;32;0.4;-1.9;-4.4;-1.7;-6;-9.4;-0.4;-1.3;0.34;1.1;2.4;19.43;229;53;116;55;97287;0.35;0.04;0.27;0.28
1997;2;2;33;0.4;-4.2;-10.1;-6.5;-9.1;-11.9;-1.5;0.5;0.33;1.1;2.4;18.88;258;60;110;65;96992;0.37;0;0.27;0.28
1997;2;3;34;0.2;-2.6;-5.1;-2.8;-5.7;-9.3;0.8;0.6;0.32;1.1;2.4;18.15;181;42;63;31;96868;0.24;0.06;0.26;0.28
1997;2;4;35;1.6;-0.8;-2.8;-2;-2.7;-3.6;1.7;1.9;0.32;1.1;2.4;18;114;23;57;18;96534;0.25;0.36;0.26;0.28
1997;2;5;36;2.1;0.9;-1.1;1.6;-0.3;-2.7;2.2;0.6;0.32;1.1;2.4;18.89;58;12;41;12;95871;0.04;9.05;0.27;0.28
1997;2;6;37;1.9;-1;-4.9;-1.1;-2.8;-7;1.7;0.7;0.33;1.1;2.4;19.23;126;29;74;35;97446;0.15;0.12;0.27;0.28
1997;2;7;38;5.9;-1;-6;-1.5;-5;-8.3;0.5;2.1;0.31;1.1;2.4;17.69;279;66;110;68;97348;0.18;0;0.27;0.27
1997;2;8;39;4.3;0.6;-3.1;1;-1.5;-5.7;1.3;0.8;0.28;1.1;2.4;15.34;133;29;46;16;97395;0.01;0.24;0.27;0.27
1997;2;9;40;8;2.8;-1.1;1.8;0.5;-2.3;1.4;1.2;0.25;1.1;2.4;12.52;227;49;88;39;97097;0.05;0.31;0.27;0.27
1997;2;10;41;9.5;3.2;-2.7;1.2;-0.8;-3.8;1.6;2.2;0.21;1.1;2.4;9.51;321;75;105;67;96465;0.23;0.18;0.28;0.27
1997;2;11;42;5.8;3.5;0.7;4.3;-1.8;-5.1;3.3;1.2;0.18;1.1;2.4;6.09;360;86;119;66;96292;0.78;1.74;0.28;0.27
1997;2;12;43;7.7;5.6;1.1;7.2;4.6;-2.1;4.3;2.1;0.15;1.1;2.4;4.14;28;7;33;5;95472;0.01;14.89;0.29;0.27
1997;2;13;44;8;4.5;0.8;5.1;2.1;-1.3;5.6;2.8;0.13;1.1;2.4;2.24;256;48;80;27;94400;1.62;16.31;0.3;0.28
1997;2;14;45;3.8;1.2;-0.7;-0.8;-2.1;-3.9;3.8;0.9;0.22;1.1;2.4;8.41;241;59;85;37;94670;0.71;2.62;0.3;0.28
1997;2;15;46;3.4;0.6;-1.2;-0.3;-2.3;-4;1.2;-1.6;0.22;1.1;2.4;8.69;258;59;79;50;95395;0.55;0.42;0.3;0.28
1997;2;16;47;2.8;0.2;-1.7;-1.5;-2.9;-4.8;0.8;-0.6;0.22;1.1;2.4;8.5;192;48;68;35;96661;0.36;0.63;0.3;0.28
1997;2;17;48;3.6;0.4;-2;0;-2.7;-5.1;-0.6;1.6;0.22;1.1;2.4;8.23;248;56;67;35;96605;0.27;0.05;0.29;0.28
1997;2;18;49;5.3;2.3;0.2;3.9;1.3;-1;2;2.8;0.21;1.1;2.4;7.44;65;16;49;18;95896;0.27;13.85;0.3;0.28
1997;2;19;50;3.4;1.2;-0.1;-0.5;-2.7;-5.2;3.6;0.6;0.2;1.1;2.4;7.11;264;69;95;52;96588;0.89;1.7;0.3;0.28
1997;2;20;51;5.9;3.7;1.2;1.2;-2.4;-6.4;4.6;0.6;0.2;1.1;2.4;6.61;316;76;91;59;96292;1.27;1.92;0.3;0.28
1997;2;21;52;6.3;4.6;1.8;4;2;-0.6;4.5;1.5;0.17;1.1;2.4;4.67;113;24;71;17;96648;0.7;2.14;0.3;0.28
1997;2;22;53;8.6;6.3;1.9;5.4;3.7;0.8;2.7;0.5;0.13;1.1;2.4;1.81;151;41;66;23;97067;0.48;0.33;0.3;0.28
1997;2;23;54;12.6;5.5;-1.1;4.5;2.2;-1.7;0.5;2;0.12;1.1;2.5;0.97;423;105;108;67;96162;0.6;0;0.3;0.28
1997;2;24;55;12.1;7.7;2.7;5.5;3.5;1;1.6;2.9;0.12;1.2;2.5;0.46;313;84;88;47;95342;0.8;0.51;0.3;0.28
1997;2;25;56;10.3;9.1;7;8.6;6.1;0.2;4.3;3.9;0.11;1.2;2.5;0.1;98;20;41;14;94813;2.25;28.06;0.3;0.29
1997;2;26;57;9.2;6.9;3.5;7.7;3.5;-0.7;5.3;1.6;0.11;1.2;2.5;0;389;68;82;43;95147;1.96;14.32;0.32;0.29
1997;2;27;58;5.7;2.9;-0.2;3.4;0.6;-2.4;2.8;-0.8;0.11;1.2;2.5;0.02;305;76;87;43;96914;0.98;2.87;0.32;0.29
1997;2;28;59;10.1;4.2;-0.5;1.8;-0.3;-1.8;1.2;2.1;0.11;1.2;2.5;0.01;451;122;122;76;97538;0.75;0;0.31;0.29
1997;3;1;60;11.9;6;1;5.6;1.8;-2.8;1.2;1.4;0.11;1.2;2.5;0;410;90;93;59;97016;0.57;0;0.31;0.29
1997;3;2;61;16.7;9.3;2.5;6;3.9;1.1;1.9;2;0.11;1.2;2.5;0;469;126;117;82;96764;1.11;0;0.3;0.3
1997;3;3;62;8.7;5.7;2.1;7.4;3.8;1.4;1.8;0;0.11;1.2;2.5;0;141;27;63;22;97360;0.69;5.92;0.3;0.3
1997;3;4;63;8.6;4.7;2;4.2;3;1.7;-0.4;0.9;0.11;1.2;2.5;0;270;66;42;23;97478;0.6;2.7;0.3;0.3
1997;3;5;64;12.8;7.3;3.1;7.4;5.2;2.8;0.1;0.7;0.11;1.2;2.5;0;400;97;77;44;96953;0.65;1.01;0.3;0.3
1997;3;6;65;6.6;6.1;5.2;6.4;5.6;4.5;1.4;-1.2;0.11;1.3;2.5;0;58;16;25;6;97220;0.36;3.91;0.3;0.3
1997;3;7;66;9.2;6;2.2;4.6;2.5;-1.8;-1.8;-0.3;0.12;1.3;2.5;0;297;81;80;41;97597;0.75;0;0.29;0.3
1997;3;8;67;11.8;4.7;-1.9;1.7;-1.6;-3.7;-1.2;-0.3;0.12;1.3;2.5;0;513;143;134;87;97679;1.06;0;0.29;0.3
1997;3;9;68;13.2;5.9;-1.2;2.9;0.4;-3.1;-2;-0.5;0.12;1.3;2.5;0;517;146;130;87;97771;1.09;0;0.29;0.3
1997;3;10;69;13.8;6.6;-0.5;4.5;2.2;-0.9;-1.4;0.4;0.12;1.3;2.5;0;516;145;127;85;97719;1.08;0;0.28;0.3
1997;3;11;70;15.3;7.7;0.3;5.3;3;-0.6;-1;-0.8;0.12;1.3;2.5;0;521;148;131;87;97560;1.12;0;0.28;0.3
1997;3;12;71;15;8.3;2.7;3.7;2.6;1.6;-0.6;0.5;0.12;1.3;2.5;0;532;149;133;90;97240;1.29;0;0.28;0.3
1997;3;13;72;9.3;6.6;3.4;5.1;4.2;2.6;3.1;-0.6;0.12;1.3;2.5;0;225;70;72;45;96807;0.7;0.66;0.27;0.3
1997;3;14;73;11;6.8;2.7;4.7;3.6;2.3;2.8;0.1;0.12;1.3;2.5;0;384;107;76;46;96346;0.88;0.14;0.27;0.3
1997;3;15;74;8.2;6.4;5.2;6.8;5.4;3.7;3.5;0.5;0.12;1.4;2.5;0;229;51;61;12;96359;0.88;5.88;0.27;0.3
1997;3;16;75;8.2;7.1;6.6;8;6.5;5.7;3.5;-1.3;0.12;1.4;2.5;0;123;25;18;6;96345;0.79;11.31;0.27;0.3
1997;3;17;76;8.3;5.2;0.9;6.8;2.4;-4;2.5;-2.1;0.12;1.4;2.5;0;336;78;52;25;96400;1.58;3.33;0.28;0.3
1997;3;18;77;8.5;4.1;-1.3;3.8;-0.4;-4.6;-0.2;1.6;0.12;1.4;2.5;0;413;101;68;41;95926;0.9;1.52;0.28;0.3
1997;3;19;78;6.7;4.6;3.1;4.2;3;2;3.5;0.2;0.12;1.4;2.5;0;296;89;49;31;94525;1.56;4.54;0.28;0.3
1997;3;20;79;3.2;0.5;-1.5;2.7;-3;-5.4;1.1;-1.8;0.14;1.4;2.5;1.18;227;53;50;26;95581;0.76;3.17;0.28;0.3
1997;3;21;80;5.5;1.1;-2.5;2.4;-1.2;-5;2;-0.2;0.17;1.5;2.5;2.85;349;101;81;46;95985;0.92;4.02;0.28;0.3
1997;3;22;81;3.6;0.9;-1.4;-0.7;-4.4;-7.2;1.2;-1.7;0.17;1.5;2.5;2.96;400;107;99;51;96649;1.13;0.51;0.28;0.3
1997;3;23;82;3.5;0.7;-2.6;-1.4;-3.5;-5.1;-1.3;1.2;0.17;1.5;2.5;3.13;332;84;67;43;95915;0.57;1.9;0.27;0.3
1997;3;24;83;6.8;2.7;-0.4;0.5;-1;-2;-0.8;0.4;0.18;1.5;2.5;3.55;335;87;62;35;95320;0.81;0.61;0.27;0.3
1997;3;25;84;7;3.2;-0.7;2.9;0.8;-1.9;-0.7;0.1;0.16;1.5;2.5;2.4;320;78;52;31;95735;0.89;2.89;0.27;0.3
1997;3;26;85;9;5.1;-0.5;2.8;1.2;-1.2;1.2;1.2;0.15;1.5;2.5;1.42;379;100;61;37;96299;1.13;0.67;0.27;0.3
1997;3;27;86;12.1;8.6;6.3;7;4.9;2.7;4.7;0.8;0.13;1.5;2.5;0.44;355;80;89;34;95948;1.25;1.22;0.27;0.3
1997;3;28;87;8.4;6;1.4;7.2;1.5;-2.8;5.4;-1.1;0.13;1.6;2.5;0.07;547;135;105;52;95206;2.17;5.64;0.27;0.3
1997;3;29;88;6.6;3;0.7;0.7;-0.9;-2;4.2;-2.2;0.14;1.6;2.5;1;503;148;85;58;95697;1.7;3.93;0.27;0.3
1997;3;30;89;6;2.7;-0.1;2.4;0;-2.6;2;-1.8;0.14;1.6;2.5;1.09;340;106;62;45;96463;1.32;2.58;0.27;0.29
1997;3;31;90;12.3;6.5;1;3.6;2.5;0.6;1.7;-0.8;0.14;1.6;2.5;0.66;440;120;101;50;96758;1.27;0.27;0.27;0.29
1997;4;1;91;14.9;8.5;2.4;5.7;3.6;1;0.2;-1.1;0.13;1.6;2.5;0.28;613;189;128;83;96475;1.71;0;0.27;0.29
1997;4;2;92;15.9;9;1.1;5.3;3.1;0.1;-0.6;-1;0.13;1.6;2.5;0.1;579;177;124;81;96144;1.8;0;0.26;0.29
1997;4;3;93;15.2;9;2.9;6.1;3.4;1.6;2.7;0;0.13;1.7;2.5;0.01;531;172;110;64;95404;2.04;0.83;0.26;0.29
1997;4;4;94;6.4;3.1;0;0.6;-2.8;-6.2;4.2;-2.4;0.13;1.7;2.5;0.18;552;172;102;79;95831;1.88;1.78;0.26;0.29
1997;4;5;95;5.3;1.7;-0.7;5.1;-0.2;-3.5;4.5;0.9;0.18;1.7;2.5;3.55;142;38;66;21;95641;0.3;13.68;0.26;0.29
1997;4;6;96;5.8;2.9;-1.1;5.5;-2.9;-7.5;2.6;-3.7;0.19;1.7;2.5;4.55;394;120;92;51;96042;1.85;2.72;0.27;0.29
1997;4;7;97;4.9;0.4;-3.9;-5.7;-8.3;-10.4;-0.9;-1.8;0.19;1.7;2.5;4.1;512;173;110;90;97413;1.5;0;0.26;0.29
1997;4;8;98;7.6;2.1;-3.3;-3.5;-5.8;-7.7;-1.6;0.2;0.17;1.7;2.5;3.22;626;208;130;93;97409;1.43;0;0.26;0.29
1997;4;9;99;12.2;6.1;-2;3.6;-1.8;-5.4;-0.2;0.2;0.16;1.7;2.5;2.01;601;180;117;77;97228;1.61;0;0.26;0.29
1997;4;10;100;14.2;8.3;1;2.9;0.9;-2.5;2.2;-1.1;0.15;1.8;2.5;0.97;626;195;126;82;96980;1.91;0;0.26;0.29
1997;4;11;101;10.9;5.1;-0.2;5.1;0.8;-5.4;4.4;-1.8;0.14;1.8;2.5;0.38;455;110;100;66;95958;1.7;3.93;0.26;0.29
1997;4;12;102;6.1;2.3;-1.4;-1.2;-4.1;-5.7;2.9;-1.9;0.14;1.8;2.5;0.28;494;148;89;70;96285;1.48;0.88;0.26;0.29
1997;4;13;103;7.5;2.9;-2.7;-1.2;-3.7;-6;1;-0.9;0.14;1.8;2.5;0.33;612;191;124;80;96582;1.7;0;0.25;0.29
1997;4;14;104;9.1;4.8;-0.3;4.5;1.6;-2.7;3.4;-0.6;0.14;1.8;2.5;0.21;258;78;56;26;96143;1.16;2.72;0.25;0.29
1997;4;15;105;5;2.2;-0.7;2.2;-3.4;-7.6;2.4;-3.3;0.15;1.8;2.5;0.68;572;182;101;69;96142;2.11;2.45;0.25;0.29
1997;4;16;106;5.2;1.3;-1.6;-3.7;-4.9;-6.9;0.7;-3.3;0.16;1.9;2.5;1.45;589;199;120;83;96347;1.68;1.18;0.25;0.29
1997;4;17;107;5.3;2.3;-1.4;-0.2;-2;-4;0.6;-2.3;0.16;1.9;2.5;1.76;307;100;41;33;96324;0.9;0.85;0.25;0.29
1997;4;18;108;12.4;6.2;-1.2;1;-0.3;-3;2.2;-1;0.15;1.9;2.5;1.11;656;190;121;76;95967;1.88;0;0.25;0.29
1997;4;19;109;6.4;3.3;0.2;3;-0.3;-4.1;-0.6;-1.7;0.15;1.9;2.5;0.56;312;95;69;45;95359;1.45;2.53;0.25;0.29
1997;4;20;110;6.1;2.1;-1.5;-2.5;-4.8;-6.8;-2.1;-2.2;0.15;1.9;2.5;0.45;604;204;108;85;95590;2;1.17;0.24;0.29
1997;4;21;111;6.4;1.8;-3.2;-4.5;-6.6;-8.5;-1.6;-0.5;0.15;2;2.5;0.37;548;190;115;80;95681;1.66;0;0.24;0.29
1997;4;22;112;7.2;2.8;-1.8;-0.7;-3.4;-5.6;0.1;-1.7;0.15;2;2.5;0.26;516;165;115;77;95413;1.43;0.28;0.24;0.29
1997;4;23;113;7.8;3.6;-2.6;-0.3;-3;-4;0.2;-0.6;0.15;2;2.5;0.18;504;159;105;70;96165;1.49;0.25;0.24;0.29
1997;4;24;114;13.8;7.1;-1;0.5;-1.6;-4.8;1.6;1.7;0.14;2;2.5;0.08;704;242;134;95;96283;2.37;0;0.24;0.29
1997;4;25;115;14.8;9.2;1.9;3.9;1;-1.4;1.7;0.1;0.14;2;2.5;0.01;691;203;128;73;96032;2.24;0.22;0.23;0.29
1997;4;26;116;12.1;8.5;6;8.3;6.3;4.1;-0.5;0.3;0.14;2.1;2.5;0;385;108;79;39;95728;1.62;8.58;0.24;0.29
1997;4;27;117;10.5;8.3;6.2;9.2;7.3;5.5;-0.4;1.6;0.15;2.1;2.5;0;116;44;40;23;95352;0.79;9.6;0.24;0.29
1997;4;28;118;14;9.8;5.7;9.1;6.8;5;2.6;1.9;0.15;2.1;2.5;0;529;142;82;39;95569;2.1;4.23;0.24;0.29
1997;4;29;119;10.9;8.6;7.2;9.3;7.5;6.2;3.3;1.1;0.15;2.1;2.5;0;331;79;62;23;95186;1.61;8.31;0.25;0.29
1997;4;30;120;11.3;8.5;6.8;9.1;6.9;4.8;1.6;-1.5;0.15;2.1;2.5;0;359;108;57;21;96171;1.83;4.96;0.25;0.29
1997;5;1;121;12.4;9;5.4;5.4;4.7;3.7;-0.2;-1.6;0.15;2.2;2.5;0;317;103;87;39;97100;1.43;0.14;0.25;0.28
1997;5;2;122;17.6;11.5;5.1;8.4;6.2;3.6;1.1;-0.1;0.15;2.2;2.5;0;683;237;121;86;96988;2.71;0;0.25;0.28
1997;5;3;123;20.7;14.2;5.7;9.7;7.4;3.7;2.5;0.3;0.15;2.2;2.5;0;697;241;122;87;96070;3.18;0;0.25;0.28
1997;5;4;124;18.1;14.1;10.7;12;10.1;6.7;2.4;1.2;0.15;2.2;2.5;0;488;140;76;50;95319;2.02;1.57;0.24;0.28
1997;5;5;125;21.8;13.8;10.5;11.9;9.8;7.3;1.6;2.5;0.15;2.2;2.5;0;568;161;93;64;94312;2.47;4.77;0.24;0.28
1997;5;6;126;20.4;11.8;6.1;9.7;7.3;4.3;1.3;2.7;0.15;2.2;2.5;0;675;196;115;62;93670;3.23;8.12;0.24;0.28
1997;5;7;127;8.5;5.7;2.2;4.6;0.1;-2.1;0.7;0.4;0.15;2.3;2.5;0.01;401;136;99;50;94550;2.31;2.19;0.25;0.28
1997;5;8;128;11.5;7;2.5;3.1;1;-1.6;0.7;-0.9;0.15;2.3;2.5;0;463;174;88;68;94762;2.25;0.9;0.25;0.28
1997;5;9;129;9.9;6.4;0.7;6;2.1;-2.8;1.7;2.7;0.15;2.3;2.5;0;478;150;94;68;95052;2.27;4.72;0.24;0.28
1997;5;10;130;14.1;9.5;4.4;7.2;5.3;3.2;1.5;2.1;0.15;2.3;2.5;0;574;187;93;64;95805;2.51;1.2;0.25;0.28
1997;5;11;131;21.5;14.4;6.5;8.9;6.3;3.9;-1.3;2.1;0.15;2.3;2.5;0;669;236;122;83;95935;3.47;0.01;0.24;0.28
1997;5;12;132;17.8;13.4;8.2;9.2;8.1;6.3;1.8;-1;0.15;2.4;2.5;0;639;214;103;73;96468;2.73;1.2;0.24;0.28
1997;5;13;133;20.2;15;9.9;14.2;11.6;8.3;-0.9;-0.7;0.15;2.4;2.5;0;619;197;100;60;96620;2.89;8.39;0.24;0.28
1997;5;14;134;24.9;18.5;11.1;16.4;13;10.5;-1;0;0.15;2.4;2.5;0;657;228;115;78;96342;3.51;0.35;0.24;0.28
1997;5;15;135;24.2;18.6;12.7;15.8;14.1;11.6;-2;-2;0.15;2.4;2.5;0;701;238;109;79;96234;3.48;0.17;0.24;0.28
1997;5;16;136;26.1;20.2;13.8;13.7;12.1;10.6;-2.7;-0.1;0.15;2.4;2.5;0;715;260;126;98;95978;4.19;0;0.23;0.28
1997;5;17;137;26.3;20.6;13.8;12.6;10.7;9.1;-2.1;0.2;0.16;2.4;2.5;0;716;253;127;93;95828;4.18;0;0.23;0.28
1997;5;18;138;24.9;18.5;13.4;15.8;13.1;10.1;0.3;0.2;0.16;2.5;2.5;0;655;212;107;67;95532;3.38;4.01;0.23;0.28
1997;5;19;139;20.9;16.6;12.5;12.5;10.3;8.4;1.8;0.1;0.16;2.5;2.5;0;663;244;124;74;95529;3.93;0.97;0.22;0.28
1997;5;20;140;20.4;15.9;12;13.3;11.4;9.5;1.5;0.8;0.16;2.5;2.5;0;554;196;101;59;95148;3.29;9.36;0.22;0.28
1997;5;21;141;16.4;13;10.1;10.1;8.2;5.9;3.5;1.2;0.16;2.5;2.5;0;593;199;93;66;95230;3.26;1.32;0.23;0.28
1997;5;22;142;12.8;10.7;8.9;9.5;6.9;4.6;3.3;-0.3;0.16;2.5;2.5;0;543;152;77;44;95520;2.65;4.73;0.23;0.28
1997;5;23;143;14.5;10.7;6.2;8.5;6.5;4.4;1.2;-0.9;0.16;2.5;2.5;0;609;202;96;73;96029;2.7;1.32;0.23;0.28
1997;5;24;144;13.5;8.8;3.5;4.4;2.7;1;-0.6;-2.2;0.16;2.5;2.5;0;575;217;100;84;96596;2.75;0.15;0.22;0.28
1997;5;25;145;14.9;9.9;3.7;2.4;1.4;0.7;-2.6;-0.3;0.16;2.6;2.5;0;744;268;132;101;96963;3.32;0;0.22;0.28
1997;5;26;146;16.2;11.6;5.3;5.2;2.5;0.7;0.5;-0.9;0.16;2.6;2.5;0;662;189;118;72;96455;2.72;0.13;0.22;0.28
1997;5;27;147;13.7;10.4;7.2;4.8;3.8;2.8;2.8;-2.1;0.16;2.6;2.5;0;522;171;84;52;96070;2.59;1.32;0.22;0.28
1997;5;28;148;12.5;8.4;5.2;4.5;3.2;2.2;1.6;-3.1;0.16;2.6;2.5;0;521;167;96;57;96590;2.71;1.98;0.21;0.28
1997;5;29;149;15.7;10.9;3.9;5.4;3.4;1.9;1.4;-1.3;0.16;2.6;2.5;0;548;202;110;77;96824;2.71;0;0.21;0.27
1997;5;30;150;12.5;9.6;6.8;4.5;3.1;2.2;0.2;-3.1;0.16;2.6;2.5;0;374;125;82;52;96869;1.86;0.3;0.21;0.27
1997;5;31;151;13.2;8.4;3.9;3.4;-1;-3.2;-2.4;-2.3;0.16;2.6;2.5;0;704;257;124;98;96762;3;0;0.21;0.27
1997;6;1;152;13.8;9.2;3.7;6;3.6;-0.6;-3.8;-1.5;0.16;2.6;2.5;0;482;158;86;61;96138;1.81;0.08;0.2;0.27
1997;6;2;153;15.7;12;7.2;7.1;5.9;5.2;-3.1;-1.1;0.16;2.7;2.5;0;430;140;82;54;95890;1.88;0.01;0.2;0.27
1997;6;3;154;16.6;12.9;8.8;8.7;7.4;5.8;-0.4;-0.9;0.16;2.7;2.5;0;377;143;100;58;95931;1.99;0.64;0.2;0.27
1997;6;4;155;20;14.3;6.8;8.3;5.2;2.5;-0.6;0;0.16;2.7;2.5;0;635;237;120;90;96112;3.14;0;0.2;0.27
1997;6;5;156;23.1;16.9;9.3;10.3;7;4.6;-3.4;-0.2;0.16;2.7;2.5;0;740;267;131;93;95551;3.62;0;0.2;0.27
1997;6;6;157;21.6;16.9;12;11.5;10.4;9.5;-2.9;-0.9;0.16;2.7;2.5;0;619;238;112;89;95617;3.09;0.23;0.19;0.27
1997;6;7;158;23.5;17.7;10.7;9.7;8.5;7.6;-3.1;0.8;0.16;2.7;2.5;0;740;277;133;102;96001;3.61;0;0.19;0.27
1997;6;8;159;21.9;17.4;13.5;13.8;10.8;8.3;-0.5;0.9;0.16;2.7;2.5;0;559;182;97;71;95988;2.68;2.05;0.19;0.27
1997;6;9;160;21.8;17.5;12.1;13.5;10.6;8.6;1.4;-0.8;0.16;2.8;2.5;0;614;231;109;80;96673;3.13;0.33;0.19;0.27
1997;6;10;161;25;19.4;11.8;10.9;8.8;7.2;-2.2;-0.4;0.16;2.8;2.6;0;702;267;131;93;96441;3.69;0;0.18;0.27
1997;6;11;162;27.7;21.9;14.9;11.3;9.4;7.8;-2.7;0.4;0.16;2.8;2.6;0;726;268;134;91;95734;3.86;0.08;0.18;0.27
1997;6;12;163;25.1;20.6;16.1;14.1;12.4;10.5;1.2;-0.2;0.16;2.8;2.6;0;606;213;113;71;95473;3.2;1.02;0.18;0.27
1997;6;13;164;24;19;14;14.3;11.6;9.9;1.1;0;0.16;2.8;2.6;0;578;198;97;68;95286;2.66;1.57;0.17;0.27
1997;6;14;165;20;16.5;12.4;15.8;13;11.1;2.5;0.8;0.16;2.8;2.6;0;476;164;75;48;95290;2.91;6.35;0.18;0.27
1997;6;15;166;18.9;15.2;12;12.6;9.7;6.5;3.2;-0.2;0.16;2.8;2.6;0;562;175;98;54;96051;3.12;1.85;0.18;0.27
1997;6;16;167;19.6;15.5;10.7;9.3;8;6.4;0.6;-1.1;0.16;2.8;2.6;0;549;194;98;67;96225;2.58;0.26;0.17;0.27
1997;6;17;168;15.6;13.9;11.5;9.9;8.8;7.3;-0.9;-1.4;0.16;2.8;2.6;0;365;111;59;42;96061;2.04;2.51;0.17;0.27
1997;6;18;169;16.1;12.5;9;11.6;9.2;7.2;-0.1;-1;0.16;2.8;2.6;0;338;119;58;36;95980;2.63;12.03;0.18;0.27
1997;6;19;170;19.4;13.4;5.4;9.1;7;5.3;-1.3;-0.4;0.16;2.8;2.6;0;716;225;129;67;95497;3.16;0.95;0.18;0.27
1997;6;20;171;15.7;12.7;10.6;10.6;8.4;5.7;2.8;0.1;0.16;2.8;2.6;0;516;148;99;48;95047;2.99;8.86;0.19;0.26
1997;6;21;172;17.3;13.2;10.5;13.6;10.3;6.6;0.6;2.2;0.16;2.8;2.6;0;333;90;51;30;95020;2.26;17.5;0.19;0.26
1997;6;22;173;12.2;10.7;8.3;9.9;8.9;6.8;1.5;2.2;0.16;2.8;2.6;0;268;84;81;38;95056;2.39;6.85;0.2;0.26
1997;6;23;174;15.6;11.6;8.1;10.1;8.6;6.6;2.9;1.7;0.16;2.8;2.5;0;515;166;84;50;95107;3.24;11.16;0.21;0.26
1997;6;24;175;15.4;12;9.3;8.9;7;5.6;3.5;-0.2;0.16;2.8;2.5;0;630;193;99;59;95583;3.16;1.43;0.21;0.26
1997;6;25;176;17;12.8;8.2;11.5;9.4;6.1;0.9;0.9;0.16;2.8;2.5;0;594;191;94;52;95446;2.67;1.94;0.21;0.26
1997;6;26;177;18.7;14.7;11.6;10.9;9.6;8.6;-0.4;2.2;0.15;2.7;2.5;0;495;163;83;51;94639;2.94;1.6;0.21;0.26
1997;6;27;178;19.1;14.5;10.4;14.4;11.7;9.3;-0.6;0.3;0.15;2.7;2.5;0;475;129;65;46;94604;2.11;7.42;0.21;0.26
1997;6;28;179;21.3;16.5;10.4;15.2;12.8;10.3;-0.2;-0.8;0.15;2.7;2.5;0;417;136;68;36;95316;2.38;5.09;0.22;0.26
1997;6;29;180;29.8;21.7;15.8;17.7;15.4;14.2;-1.3;0.5;0.15;2.7;2.5;0;720;252;114;74;94804;4.42;2.11;0.22;0.26
1997;6;30;181;18.9;15.2;11.8;14.5;11.3;8.8;2.2;0.2;0.15;2.7;2.5;0;562;169;95;58;94851;2.89;6.8;0.22;0.26
1997;7;1;182;17.8;14.2;11.1;11.2;10;8.2;2.1;1;0.15;2.7;2.5;0;582;173;87;59;95465;2.84;2.45;0.22;0.26
1997;7;2;183;22.9;17.1;8.8;12.2;9.9;8.2;-1.2;1.4;0.15;2.7;2.5;0;602;233;99;81;95781;3.8;0.1;0.22;0.26
1997;7;3;184;21.4;17.3;13.7;14;12.5;11;1.4;-0.9;0.15;2.7;2.5;0;597;214;93;65;95892;3.33;0.56;0.21;0.26
1997;7;4;185;16.2;14.4;11.9;13.7;12.2;10;0.9;-1.4;0.15;2.7;2.5;0;265;104;87;47;96264;2.02;7.91;0.22;0.26
1997;7;5;186;16.9;14;9.4;12.3;10.6;8.8;-0.1;-2.5;0.15;2.7;2.5;0;327;114;65;42;96143;2.2;4.72;0.22;0.26
1997;7;6;187;17.2;14;11.3;10.8;8.9;7.5;2;-3.1;0.15;2.7;2.5;0;602;183;88;60;96483;2.87;0.59;0.22;0.26
1997;7;7;188;18.7;14.7;10.6;11.3;9.2;7.6;2.5;-3.2;0.15;2.7;2.5;0;450;141;76;45;96476;2.51;0.19;0.22;0.26
1997;7;8;189;18.9;15.6;12.2;12.2;11.4;11;1.4;-2.7;0.15;2.6;2.5;0;433;140;74;47;96383;2.37;0.72;0.22;0.26
1997;7;9;190;19.9;15.8;10.9;11.5;10.3;9.5;-0.4;-2.1;0.15;2.6;2.5;0;508;174;92;66;96159;2.7;0.11;0.21;0.26
1997;7;10;191;21.5;17;10.8;12.1;10.8;8.8;-1.5;-1.1;0.15;2.6;2.5;0;557;197;94;67;95878;3.09;0.5;0.21;0.26
1997;7;11;192;21.4;17.5;12.8;13.2;11.8;10.4;-1.1;-0.6;0.15;2.6;2.5;0;471;197;88;66;95862;3.09;0.76;0.21;0.26
1997;7;12;193;22.5;18.1;13.3;15.4;12.5;10.8;0.7;-0.7;0.15;2.6;2.5;0;594;204;102;72;96021;3.1;1.2;0.21;0.26
1997;7;13;194;23.1;18.4;11.9;15.1;11.8;9.3;-0.4;-1.3;0.15;2.6;2.5;0;618;225;102;77;96165;3.46;0.3;0.2;0.26
1997;7;14;195;23.8;18.1;12.6;16;12.5;8.6;-0.8;0.2;0.15;2.6;2.5;0;592;193;96;63;96280;3.02;11.7;0.2;0.26
1997;7;15;196;18.7;15.1;11.4;15.5;13.9;11.3;1.1;-0.5;0.15;2.6;2.5;0;405;96;65;36;96407;1.94;12.97;0.22;0.26
1997;7;16;197;21.1;16.4;10.7;14.8;12.4;10.7;0.4;0;0.15;2.6;2.5;0;468;158;74;42;96276;2.7;0.47;0.22;0.26
1997;7;17;198;22.8;18.5;14.1;14.9;12.9;11.8;0.2;-0.2;0.15;2.6;2.5;0;516;170;82;51;95512;2.86;1.35;0.22;0.26
1997;7;18;199;17.9;15.3;13.5;14.9;13.6;12.4;1.3;-1.8;0.15;2.6;2.5;0;386;106;55;28;95155;2.51;10.42;0.22;0.26
1997;7;19;200;16.8;14.1;12.7;13.9;12.7;12.1;1.4;-2.3;0.15;2.5;2.5;0;346;84;51;22;95742;2.17;16.15;0.24;0.26
1997;7;20;201;17.9;14;12.2;13;12;11;2.6;-1.5;0.15;2.5;2.5;0;511;147;77;29;96081;2.88;9.26;0.24;0.26
1997;7;21;202;16;13.6;11.9;14.6;13;11.4;2.4;-0.4;0.15;2.5;2.5;0;131;40;36;9;95945;1.06;9.68;0.25;0.26
1997;7;22;203;22.1;17.3;13.8;16.3;14.8;13.7;0.5;-0.9;0.15;2.5;2.5;0;532;174;84;41;96296;2.9;3.46;0.25;0.26
1997;7;23;204;22.7;18.2;12.4;17.5;14.8;12.3;0.3;-0.2;0.15;2.5;2.5;0;578;170;91;54;96286;2.72;0.68;0.25;0.26
1997;7;24;205;22.8;17.9;12.7;15.5;14.5;12.2;0.2;-0.4;0.15;2.5;2.5;0;510;176;85;55;95933;2.9;2.69;0.25;0.26
1997;7;25;206;16.5;14.5;12.5;15.2;13.4;11.3;2.1;0.5;0.15;2.5;2.5;0;235;78;56;28;95525;2.18;14.59;0.26;0.26
1997;7;26;207;18.3;15.1;11.9;13;11.4;10.5;3.5;-0.7;0.15;2.5;2.5;0;586;179;84;49;96001;3.1;1.5;0.26;0.26
1997;7;27;208;20.8;16.8;11.4;15.2;12.8;9.6;2.7;0.7;0.15;2.5;2.5;0;423;159;72;56;96239;2.58;1.15;0.26;0.26
1997;7;28;209;20.5;16.4;11.7;12.1;10.1;7.8;1.3;-0.9;0.15;2.5;2.5;0;571;212;99;75;96603;3.38;0;0.26;0.26
1997;7;29;210;21.9;16.8;9.7;12.4;10.5;8.6;0;-1.2;0.15;2.5;2.5;0;598;214;106;79;96540;3.37;0.01;0.25;0.26
1997;7;30;211;23.2;18;10.9;13.6;11.1;9.5;0;-0.3;0.15;2.4;2.5;0;653;236;116;84;96372;3.66;0;0.25;0.25
1997;7;31;212;18.9;14.9;10.6;15.5;11.5;9.1;2.4;0.8;0.15;2.4;2.5;0;327;108;55;38;95885;2.61;8.67;0.25;0.25
1997;8;1;213;16.2;12.5;10.3;12.1;10.6;9.5;2.3;0;0.15;2.4;2.5;0;427;109;77;34;95755;2.32;7.18;0.26;0.25
1997;8;2;214;19.7;15.1;9.7;12.5;11.1;9.4;1.5;-0.4;0.15;2.4;2.5;0;565;174;82;55;96134;2.94;1.51;0.26;0.25
1997;8;3;215;21.8;17.6;12.5;14.7;12.7;11.5;-0.1;0.1;0.15;2.4;2.5;0;521;181;97;63;96282;2.75;0.36;0.26;0.25
1997;8;4;216;21.8;17.8;13;15;13.3;11.1;-0.8;0.6;0.15;2.4;2.5;0;265;100;83;49;96296;1.49;0.01;0.25;0.25
1997;8;5;217;23.3;18.9;13.1;15.1;13.7;11.9;-1.4;-1.1;0.15;2.4;2.5;0;521;181;85;61;96176;2.99;0.49;0.25;0.25
1997;8;6;218;23.4;18.6;13.9;12.8;11.2;9.9;-2.5;-1.1;0.15;2.4;2.5;0;655;227;118;84;96057;3.78;0;0.25;0.25
1997;8;7;219;23;18.5;13.1;13.5;12.4;11.5;-2.1;-0.8;0.15;2.4;2.5;0;549;187;94;70;96117;3;0.04;0.24;0.25
1997;8;8;220;22.5;17.9;14;15.7;14.4;12.6;-1.2;-0.8;0.15;2.4;2.5;0;521;171;85;61;96300;2.84;9.43;0.24;0.25
1997;8;9;221;23.1;17.5;11.6;16.9;14.2;11.5;-0.7;-1;0.15;2.3;2.5;0;599;181;98;60;96503;2.96;2.15;0.25;0.25
1997;8;10;222;24.4;19;11.8;15.5;12.2;10.8;-2.5;-0.3;0.15;2.3;2.5;0;647;230;114;86;96564;3.78;0.03;0.25;0.25
1997;8;11;223;25.3;20.4;15.3;12.7;10.8;10.1;-3.8;0;0.15;2.3;2.5;0;689;241;122;98;96556;4.23;0;0.24;0.25
1997;8;12;224;25.7;20.5;15.2;13.1;11.2;10.4;-2.9;-0.1;0.15;2.3;2.5;0;684;238;124;98;96751;4.01;0;0.24;0.25
1997;8;13;225;26.5;21;14;14.3;12.1;10.4;-1.5;0;0.15;2.3;2.5;0;680;234;129;91;96705;3.69;0;0.23;0.25
1997;8;14;226;26.8;21.9;17.7;14.9;12.8;11.1;0.9;-0.4;0.15;2.3;2.5;0;576;196;111;75;96513;3.15;0;0.23;0.25
1997;8;15;227;23.3;19.4;15.5;15.3;14.1;12.8;0.8;-1.4;0.14;2.3;2.5;0;475;170;91;60;96390;2.77;0.78;0.23;0.25
1997;8;16;228;23.4;18.8;13.8;14;12.9;11.8;-1.7;-1.2;0.14;2.3;2.5;0;552;173;91;62;96425;2.74;0.23;0.23;0.25
1997;8;17;229;23.6;19.4;15.6;15.1;13.6;12.3;-2.1;-0.5;0.14;2.3;2.5;0;496;155;79;58;96337;2.4;0.31;0.22;0.25
1997;8;18;230;18.2;16.2;14.9;14.9;13.7;11.7;-1.3;-1.1;0.14;2.3;2.5;0;297;74;46;28;96316;2.02;15.3;0.23;0.25
1997;8;19;231;20.6;17.2;14.8;16.9;15.2;14.5;-1.4;0.4;0.14;2.3;2.5;0;415;113;75;35;96252;2.29;6.74;0.24;0.25
1997;8;20;232;24.9;19.3;14.8;15.6;14.2;12;-2;0.4;0.14;2.3;2.5;0;613;190;105;63;96336;3.21;0.74;0.24;0.25
1997;8;21;233;25.1;19.2;12.9;16.2;14.3;11.7;-1.3;0.3;0.14;2.3;2.5;0;624;195;104;70;96443;3.08;1.09;0.23;0.25
1997;8;22;234;25.6;20.4;13.7;16.8;14.5;13.1;-0.3;0.5;0.14;2.2;2.5;0;517;164;90;66;96522;2.64;0.03;0.23;0.25
1997;8;23;235;22.9;19.3;15.7;17.2;15.6;13.4;-0.2;0.6;0.14;2.2;2.5;0;375;112;73;44;96327;1.97;3.78;0.23;0.25
1997;8;24;236;25;20.1;15.6;18.5;16.8;14.8;-0.3;0.9;0.14;2.2;2.5;0;564;173;90;56;96144;2.81;4.39;0.23;0.25
1997;8;25;237;26.9;21;14.3;18.2;15.7;14.1;-1.3;0.7;0.14;2.2;2.5;0;614;198;106;70;95736;3.31;0.02;0.23;0.25
1997;8;26;238;26.3;20.9;15.3;16.9;15.4;13.5;-0.4;0.3;0.14;2.2;2.5;0;543;174;94;64;95462;2.76;0.71;0.23;0.25
1997;8;27;239;25;20.1;15.9;17.1;16.4;14.9;0;0.2;0.14;2.2;2.5;0;562;170;90;56;95334;2.72;2.55;0.23;0.25
1997;8;28;240;27.2;18.4;11.9;16.1;13.7;10.7;0.5;0.8;0.14;2.2;2.5;0;586;167;100;55;94927;3.46;10.14;0.23;0.25
1997;8;29;241;15.8;13.1;11.5;12.5;10.8;7.8;3;0.2;0.14;2.2;2.5;0;252;72;56;30;95646;2.34;5.3;0.24;0.25
1997;8;30;242;18.4;14.7;10.3;11.4;9;7.3;2.7;-0.1;0.14;2.2;2.5;0;387;133;77;58;96150;2.28;0.42;0.24;0.25
1997;8;31;243;21.7;17.1;13.1;14.3;12.4;10.7;0.8;0.1;0.14;2.2;2.5;0;508;137;109;49;96328;2.2;0.39;0.24;0.25
1997;9;1;244;25.7;18.6;10.6;14.4;11.9;9.6;-1.7;0.6;0.14;2.2;2.5;0;618;201;124;87;96314;3.04;0;0.23;0.25
1997;9;2;245;25;19.8;13.6;15.8;14;11.8;-0.5;-0.7;0.14;2.2;2.5;0;592;186;109;76;96200;2.77;0;0.23;0.25
1997;9;3;246;23.1;19.5;16.8;17;15.8;14.8;-1.2;-1;0.14;2.2;2.5;0;341;98;55;34;96348;1.68;0.99;0.23;0.25
1997;9;4;247;22.1;18.5;15.4;16.9;15.9;15.1;1;-0.4;0.14;2.2;2.5;0;381;114;60;37;96392;1.89;1.21;0.23;0.25
1997;9;5;248;24.4;19.4;13.9;16.9;14.8;13.6;0.2;0.8;0.14;2.2;2.5;0;518;147;91;50;96375;2.31;0.2;0.23;0.25
1997;9;6;249;19.3;17.1;14.1;16.1;14;11;1.5;-0.1;0.14;2.2;2.5;0;304;84;71;41;96439;1.61;5.71;0.23;0.25
1997;9;7;250;18.2;14.8;11;10.8;8.9;7.3;2.4;-0.3;0.14;2.2;2.5;0;396;133;80;58;96746;2.07;0.16;0.23;0.25
1997;9;8;251;18.9;14.7;10.4;10.7;9.7;9.2;2.9;0.2;0.14;2.2;2.5;0;452;132;97;62;96739;1.89;0.01;0.23;0.25
1997;9;9;252;16.6;14.1;11.1;10.1;7.9;5.6;4.6;-1.2;0.14;2.2;2.5;0;316;92;68;43;96190;1.87;0.63;0.22;0.25
1997;9;10;253;13.4;10.4;8;5.5;4.1;3.3;2.8;-1.5;0.14;2.2;2.5;0;308;88;86;55;96518;1.51;0.36;0.22;0.25
1997;9;11;254;18.6;12.4;4.9;8.1;6;3.3;-1.1;0.8;0.14;2.2;2.5;0;577;179;120;87;96158;2.16;0;0.22;0.25
1997;9;12;255;24.9;17.3;9.5;13.8;11.3;6.6;1;1.5;0.14;2.1;2.5;0;567;169;109;73;95476;2.27;1.23;0.22;0.25
1997;9;13;256;15.4;12.8;8.3;13.7;9.3;3.2;3;0.3;0.14;2.1;2.5;0;277;75;89;43;95685;2;8.96;0.23;0.25
1997;9;14;257;13.9;9.7;4.7;5.8;3.1;1.4;2;-0.4;0.14;2.1;2.5;0;441;139;104;80;96751;1.7;0.02;0.22;0.25
1997;9;15;258;16.9;11.3;4.9;6.1;3.9;1.9;-0.6;0.6;0.14;2.1;2.5;0;574;176;133;88;97070;2.03;0;0.22;0.25
1997;9;16;259;20.4;12.8;5.2;7.4;5;3;-1.3;1;0.14;2.1;2.5;0;578;178;138;95;96829;2.24;0;0.22;0.25
1997;9;17;260;21.1;14.5;6.4;12;9.1;4.4;1;0.6;0.14;2.1;2.5;0;538;160;111;78;96717;1.88;0;0.22;0.25
1997;9;18;261;21.9;16.5;11.4;13.1;11.1;9.2;0.8;0.2;0.14;2.1;2.5;0;484;153;105;71;96717;1.88;0;0.22;0.25
1997;9;19;262;17.3;13.3;8.7;13.2;9.7;4.3;0;-1.5;0.14;2.1;2.5;0;335;98;89;50;96664;1.15;0.11;0.22;0.25
1997;9;20;263;14;9.4;5;4.3;2.4;1.7;-1.6;-1.2;0.14;2.1;2.5;0;572;171;138;104;97051;1.78;0;0.21;0.25
1997;9;21;264;15.2;9.7;4.7;4;2.7;1.4;-1.9;-0.5;0.13;2;2.5;0;554;165;132;97;96899;1.73;0;0.21;0.25
1997;9;22;265;17.5;10.5;3.5;4.7;3.2;1.5;-1.6;-0.5;0.13;2;2.5;0;545;163;130;91;96856;1.77;0;0.21;0.25
1997;9;23;266;19.6;12.3;4.7;7.9;5.5;3;-0.5;-1.2;0.13;2;2.5;0;534;159;130;85;96666;1.75;0;0.21;0.25
1997;9;24;267;14.3;10.9;7.4;7.9;6.6;5.5;-1.8;-1.2;0.13;2;2.5;0;285;85;84;55;96860;0.97;0.12;0.21;0.25
1997;9;25;268;18;11.8;6.4;7.7;6.5;4.9;-2.1;-0.5;0.13;2;2.5;0;514;151;113;82;97099;1.53;0;0.21;0.25
1997;9;26;269;18.8;12.4;5.3;8.8;6.7;4.2;-0.7;-0.9;0.13;2;2.5;0;513;151;122;83;96810;1.56;0;0.2;0.25
1997;9;27;270;17.1;10.9;6.4;7.9;6.7;5.4;-0.7;-1.4;0.13;1.9;2.5;0;528;144;132;81;96161;1.36;0;0.2;0.25
1997;9;28;271;17.2;10.4;3.9;7;5.6;3.4;-1.5;0;0.13;1.9;2.5;0;480;135;123;81;96105;1.27;0;0.2;0.25
1997;9;29;272;20;12.3;4.7;10.2;6.7;3.8;0.4;0;0.13;1.9;2.5;0;501;141;121;77;96453;1.37;0;0.2;0.25
1997;9;30;273;16.6;13.5;10.8;10.4;8.9;6.5;1.9;-0.7;0.13;1.9;2.5;0;255;51;46;22;96552;0.63;0.27;0.2;0.25
1997;10;1;274;14.5;12.8;11.1;13.7;11.8;10.2;1.9;0.2;0.13;1.9;2.5;0;89;18;15;8;95978;0.62;7.56;0.2;0.25
1997;10;2;275;13.9;11.6;6.9;13;8.2;4.1;5;-1.8;0.13;1.9;2.5;0;299;67;60;35;95393;2;3.6;0.21;0.25
1997;10;3;276;10.3;7.9;6.4;3.8;2.7;1.6;2.7;-0.8;0.13;1.8;2.5;0;236;66;54;41;96240;1.15;0.52;0.21;0.25
1997;10;4;277;14;9.1;3.6;5.8;4.4;1.9;2.3;0.4;0.13;1.8;2.5;0;419;116;93;69;96402;1.06;0;0.21;0.25
1997;10;5;278;16.7;11.1;5.9;9.9;7;4.3;1.3;0.4;0.13;1.8;2.5;0;472;131;109;76;96090;1.17;0;0.2;0.25
1997;10;6;279;20.6;12.6;4.7;11.6;8.2;3.7;-0.7;1.8;0.13;1.8;2.5;0;470;130;112;76;95606;1.24;0;0.2;0.25
1997;10;7;280;21.8;15.1;8.9;12.6;10.2;7;0.5;2;0.13;1.8;2.5;0;428;112;93;60;95229;1.3;1.18;0.2;0.24
1997;10;8;281;19.5;15.4;11.7;12.8;10.9;8.7;2;2.1;0.13;1.8;2.5;0;400;85;77;42;95744;1.49;2.31;0.2;0.24
1997;10;9;282;19.5;16.7;14.5;13.1;12.4;11.5;4.3;2.4;0.13;1.7;2.5;0;245;51;85;33;95504;1.7;5.45;0.21;0.24
1997;10;10;283;15.5;13.7;9.2;13.2;11.2;4.3;4.3;1.5;0.13;1.7;2.5;0;106;25;83;30;94938;1.92;17.24;0.21;0.24
1997;10;11;284;11.2;9.2;7.7;7;5.9;4.4;4.6;1.2;0.13;1.7;2.5;0;309;76;80;41;94825;1.84;5.15;0.22;0.24
1997;10;12;285;9.6;7.7;6.4;7.3;5.5;3.6;1;-1.5;0.13;1.7;2.5;0;246;51;83;33;94339;1.26;13.04;0.24;0.24
1997;10;13;286;8.4;5.9;4.2;4;3.5;3;3.2;-0.1;0.13;1.7;2.5;0;321;80;69;44;95308;1.5;3.59;0.24;0.24
1997;10;14;287;7.9;4.9;2.7;4.6;2;-0.5;2.5;-1.1;0.13;1.7;2.5;0;285;72;98;50;95742;1.29;2.2;0.24;0.24
1997;10;15;288;4.9;3.5;1.9;3.3;2.6;1.4;2.6;0.2;0.13;1.7;2.5;0;84;26;62;19;95677;0.99;4.4;0.24;0.24
1997;10;16;289;7.5;4.8;2.6;3;1.6;-0.4;0.1;-0.4;0.13;1.6;2.5;0;313;66;67;40;95872;0.91;0.8;0.24;0.24
1997;10;17;290;9.6;5.8;2.6;4.6;3;0.3;-0.8;1.3;0.13;1.6;2.5;0;236;58;64;39;96440;0.46;0;0.24;0.24
1997;10;18;291;14.4;7.4;1.2;6.3;3.8;0.6;-1;1.1;0.13;1.6;2.5;0;409;107;107;72;96803;0.94;0;0.24;0.24
1997;10;19;292;14.6;8.1;2.8;8.5;5.3;1.7;-0.1;1.1;0.12;1.6;2.5;0;395;104;109;72;96444;0.81;0;0.24;0.24
1997;10;20;293;10.8;7;3;8.2;5.8;2.9;-0.1;-0.7;0.12;1.6;2.5;0;225;55;58;25;95874;0.44;0.17;0.24;0.24
1997;10;21;294;5.5;3.3;0;2.2;-2.7;-4.6;-3;-1.2;0.12;1.6;2.5;0;399;99;111;75;96180;0.96;0.04;0.24;0.24
1997;10;22;295;6.6;1.9;-2.1;-1.1;-3.1;-4.7;-0.4;0.2;0.12;1.6;2.5;0;412;106;126;90;95842;0.69;0;0.24;0.24
1997;10;23;296;6.9;2.6;-1.2;0.9;-0.6;-2.5;0.9;-0.3;0.12;1.6;2.5;0;387;95;108;71;95681;0.49;0.04;0.24;0.24
1997;10;24;297;5.5;2.9;0.2;2;-2.2;-6.4;2.1;-1.3;0.12;1.6;2.5;0;378;89;117;63;96208;0.9;0.41;0.24;0.24
1997;10;25;298;4.7;2.6;-0.5;3.4;0.3;-2.4;3.7;-0.3;0.12;1.6;2.5;0;139;34;64;24;96554;0.59;2.57;0.24;0.24
1997;10;26;299;5.4;2.8;0.3;2.5;-0.3;-1.8;1.7;-1.1;0.12;1.6;2.5;0.01;288;66;76;42;96633;0.83;2.16;0.24;0.24
1997;10;27;300;2.5;0;-2.4;1.1;-5.3;-9.8;-2.2;-1.6;0.13;1.6;2.5;0.74;368;88;107;72;96995;0.96;0.72;0.24;0.24
1997;10;28;301;2.2;-1.2;-3;-5.1;-7.4;-9.5;-2.7;-0.8;0.13;1.6;2.5;0.77;383;95;122;95;97628;0.58;0;0.24;0.24
1997;10;29;302;4.1;-0.7;-4.3;-4.7;-7.5;-8.8;-1.8;-0.5;0.13;1.6;2.5;0.72;373;92;116;83;97843;0.31;0;0.24;0.24
1997;10;30;303;6.5;2.3;-0.4;0.1;-3.2;-8.1;-4.2;-0.8;0.13;1.6;2.5;0.6;361;89;107;85;97367;0.54;0;0.24;0.24
1997;10;31;304;6.7;3.1;0.5;-1.8;-3.8;-6.3;-3.6;-0.4;0.13;1.6;2.5;0.47;327;75;95;67;96932;0.74;0;0.23;0.24
1997;11;1;305;6.2;2.1;-1.7;-1.4;-3.2;-5.3;-0.6;-0.1;0.12;1.6;2.5;0.37;355;87;106;72;96633;0.51;0;0.23;0.24
1997;11;2;306;5.7;1;-2.1;0.3;-1.8;-3.8;0.7;-0.4;0.12;1.6;2.5;0.29;348;85;106;68;96243;0.35;0;0.23;0.24
1997;11;3;307;4.8;1.8;-0.6;3.5;0;-5.6;-1.3;-1.2;0.12;1.6;2.5;0.23;125;32;74;28;96133;0.16;0.01;0.23;0.24
1997;11;4;308;4.2;0.5;-1.7;-3.5;-5.2;-7.3;-3.5;0.5;0.12;1.6;2.5;0.19;342;83;100;78;95919;0.58;0;0.23;0.24
1997;11;5;309;6.3;2.5;-0.6;2.7;-0.5;-3.4;-1.7;1;0.12;1.6;2.5;0.17;166;45;76;42;95300;0.45;0.77;0.23;0.24
1997;11;6;310;13.4;8.2;2.3;7.8;4.2;-0.8;-1.6;1.9;0.12;1.6;2.5;0.09;179;45;69;33;94082;0.62;1.14;0.23;0.24
1997;11;7;311;14;10.3;6.3;9.7;7.2;4.7;0.6;1.6;0.12;1.6;2.5;0;255;55;80;48;94249;0.63;0.42;0.23;0.24
1997;11;8;312;10.5;7;5.1;7.9;5.5;4;0.1;0.6;0.11;1.5;2.5;0;162;30;75;40;94599;0.2;2.67;0.23;0.24
1997;11;9;313;9.3;5.8;3.1;4.6;3.6;2.4;0.2;2.1;0.11;1.5;2.5;0;162;38;82;53;94659;0.39;0.22;0.23;0.24
1997;11;10;314;10.2;6.1;3.7;3.8;2.3;0.7;0.2;2.8;0.11;1.5;2.5;0;286;63;98;67;94855;0.69;0.34;0.23;0.24
1997;11;11;315;9.2;5.1;1.3;4.2;2.5;0.7;-0.7;1.3;0.11;1.5;2.5;0;313;62;104;61;94825;0.4;0.35;0.23;0.24
1997;11;12;316;9.9;6;4.1;5.4;3.3;1.3;-0.6;0.6;0.11;1.5;2.5;0;207;39;70;38;94303;0.44;1.01;0.23;0.24
1997;11;13;317;4.7;4.3;3.8;4.3;3.6;3.1;2;0.8;0.11;1.5;2.5;0;59;12;14;8;95012;0.4;1.34;0.23;0.24
1997;11;14;318;5.6;3.9;2;3.6;2.3;1;1.3;-0.7;0.11;1.5;2.5;0;188;42;73;31;95717;0.48;0.26;0.23;0.24
1997;11;15;319;5.8;3.6;1.6;3.3;2.2;0.8;1.5;1.4;0.11;1.5;2.5;0.04;131;24;36;15;96222;0.46;12.7;0.23;0.24
1997;11;16;320;5.6;4.3;2.1;4.4;2.9;0.4;-0.3;-1.2;0.11;1.5;2.5;0.07;114;19;42;13;96158;0.49;4.64;0.25;0.24
1997;11;17;321;5.2;2.9;0.8;0.9;0.5;-0.3;-1.8;-0.4;0.11;1.5;2.5;0.01;214;41;61;33;96471;0.34;0.04;0.25;0.24
1997;11;18;322;3.8;1.5;-1.9;0.6;-1.9;-7;-2.6;-0.2;0.11;1.5;2.5;0;143;34;68;39;95935;0.36;0.02;0.25;0.24
1997;11;19;323;-0.1;-2.5;-3.8;-7.6;-8.8;-9.2;-3.6;0.6;0.11;1.5;2.5;0;293;65;108;92;95419;0.5;0;0.25;0.24
1997;11;20;324;1.6;-1.5;-4.7;-4.5;-6.9;-8.9;-1.9;1.1;0.11;1.6;2.5;0;272;57;98;60;95005;0.15;0.03;0.25;0.24
1997;11;21;325;4.7;2.2;0;3.7;0.9;-4.1;0.2;0.9;0.11;1.6;2.5;0;125;23;17;5;95425;0.16;0.27;0.25;0.24
1997;11;22;326;4.6;3;2;3.6;2.7;1.9;0.1;-0.6;0.11;1.6;2.5;0;62;13;11;5;95781;0.06;0.15;0.25;0.24
1997;11;23;327;3.5;2.3;1.3;2.1;1.5;0.4;-0.7;-0.2;0.11;1.6;2.5;0;76;17;24;13;96312;0.11;0.04;0.25;0.24
1997;11;24;328;2.1;0.7;-0.1;0.2;-1;-1.6;-2.3;0.1;0.11;1.6;2.5;0;144;31;50;24;96184;0.2;0;0.25;0.24
1997;11;25;329;3.4;0.9;-0.3;-0.2;-1;-1.5;-2;0.5;0.11;1.6;2.5;0;197;41;71;41;95526;0.21;0.01;0.25;0.24
1997;11;26;330;3.3;0.4;-1.3;-0.8;-1.6;-2.7;-1.7;-0.4;0.11;1.6;2.5;0;246;47;87;49;95659;0.21;0.01;0.24;0.24
1997;11;27;331;4.3;1.3;0;0.2;-0.7;-1.4;-2.3;0.4;0.11;1.6;2.5;0.07;222;45;79;42;96012;0.24;0.11;0.24;0.24
1997;11;28;332;3.6;1.7;0;2.5;0.7;-0.6;-0.8;1.5;0.11;1.6;2.5;0.15;67;17;37;14;95751;0.16;2.19;0.24;0.24
1997;11;29;333;8.7;5.9;3.6;6.3;4.9;2.7;0.5;2.1;0.11;1.6;2.5;0.07;169;32;57;23;95267;0.31;1.99;0.25;0.24
1997;11;30;334;6.3;4.1;2;5.1;3.6;1.9;0.2;0.9;0.11;1.6;2.5;0;121;25;43;25;95169;0.21;0.81;0.25;0.24
1997;12;1;335;4.5;2.2;-1.6;4.1;1.3;-3.4;0.5;-0.4;0.11;1.6;2.5;0.08;38;8;62;16;95351;0.28;1.72;0.25;0.24
1997;12;2;336;1.1;-0.1;-1.7;-1.3;-2.2;-3.7;-2.8;-1.3;0.11;1.6;2.5;0.48;142;26;58;24;94681;0.35;1.63;0.25;0.24
1997;12;3;337;0.6;-0.1;-0.9;-1.2;-2.2;-3;-0.7;-2.7;0.15;1.7;2.5;3.07;77;14;16;11;94590;0.19;2.42;0.25;0.24
1997;12;4;338;2.2;-0.1;-1.7;-1.7;-2.4;-3.5;-0.3;-1.8;0.17;1.7;2.5;4.17;182;33;65;38;95711;0.18;0.12;0.25;0.24
1997;12;5;339;-0.6;-1.8;-3.1;-3.4;-4.9;-5.8;0.8;-0.8;0.17;1.7;2.5;4.13;109;24;68;44;96380;0.1;0;0.25;0.24
1997;12;6;340;1.1;-1.6;-3.7;-3.9;-5.1;-5.9;1.4;1.1;0.17;1.7;2.5;4.06;203;42;97;56;96578;0.14;0.27;0.25;0.24
1997;12;7;341;0.4;-0.8;-1.8;-0.5;-2.2;-5.1;1.1;1;0.2;1.7;2.5;5.87;29;5;36;8;96199;0.16;3.25;0.25;0.24
1997;12;8;342;2.9;0.5;-2.1;1.3;-0.3;-2.4;-0.3;1.6;0.2;1.7;2.5;5.95;121;24;37;21;95653;0.05;0.46;0.25;0.24
1997;12;9;343;4.7;2.1;-1.4;3.8;1.3;-2.1;0.6;1.7;0.18;1.7;2.5;4.94;112;23;65;29;95712;-0.14;0.17;0.25;0.24
1997;12;10;344;7.7;5.2;2.9;6.9;3.6;2;2.5;2.8;0.15;1.7;2.5;2.71;146;24;59;20;95532;0.5;6.56;0.25;0.24
1997;12;11;345;9.1;8.3;7.5;8.7;7.7;6.7;3.4;2.1;0.12;1.7;2.5;0.64;28;6;18;4;95028;0.17;12.05;0.26;0.24
1997;12;12;346;8.3;5.5;4;7.7;5.1;3.9;3.5;0.5;0.11;1.7;2.5;0.16;43;8;62;11;94910;0.39;15.67;0.28;0.24
1997;12;13;347;3.7;2.4;1;3.4;1;-0.8;2.7;-2.3;0.11;1.7;2.5;0.09;123;23;42;23;96406;0.79;2.66;0.28;0.24
1997;12;14;348;2.7;0.6;-1.6;2.3;-0.2;-3.1;1.4;-0.7;0.15;1.7;2.5;2.82;121;24;72;30;96416;0.28;8.16;0.29;0.24
1997;12;15;349;-0.5;-2.7;-6.4;-2.2;-6.9;-13.7;-3.4;-2;0.18;1.7;2.5;4.48;89;19;47;25;96796;0.63;0.38;0.28;0.25
1997;12;16;350;-4.1;-6.9;-9.5;-10.9;-13.2;-16.3;-4.8;-0.4;0.18;1.7;2.5;4.52;210;43;91;79;96863;0.27;0.01;0.28;0.25
1997;12;17;351;-2.7;-4.7;-6.3;-9.9;-10.5;-11.1;-4.4;0.6;0.18;1.7;2.5;4.36;185;37;79;61;96069;0.32;0.43;0.28;0.25
1997;12;18;352;0.3;-2.6;-4.5;-7;-8.4;-10.1;-3.1;0.4;0.17;1.7;2.5;4.28;171;35;64;34;95573;0.37;0.15;0.28;0.25
1997;12;19;353;3.7;-0.7;-2.7;-1.5;-4.1;-7.3;-1.8;0.5;0.17;1.7;2.5;4.1;192;35;70;40;94959;0.04;0.09;0.28;0.25
1997;12;20;354;1.2;-0.4;-2.6;-0.1;-1.6;-4;-2.3;-0.5;0.17;1.6;2.5;4.09;95;19;48;20;94534;0.08;2.81;0.28;0.25
1997;12;21;355;2.3;0.8;-0.8;2;0.5;-1.1;-0.7;1.5;0.2;1.6;2.5;5.55;45;8;6;3;94782;-0.04;1.14;0.28;0.25
1997;12;22;356;1;-0.1;-0.9;0.4;-0.8;-1.4;0;1;0.19;1.6;2.5;5.34;73;14;22;11;95609;0.15;0.42;0.28;0.25
1997;12;23;357;1.1;-0.2;-2;-0.5;-1;-2.2;0.5;1;0.19;1.6;2.5;5.27;108;20;40;16;96276;0.1;0.29;0.27;0.25
1997;12;24;358;5.9;3.3;0;5.5;2.9;-0.5;1.8;1.9;0.18;1.6;2.5;4.79;27;6;10;1;96656;-0.18;1.45;0.27;0.25
1997;12;25;359;9.5;7;5.3;7.1;5.6;4.2;2.9;2.6;0.14;1.6;2.5;1.84;91;16;29;12;95911;0.43;3.54;0.28;0.25
1997;12;26;360;9.4;6.1;4.1;7.6;3.6;0.5;4.2;2.7;0.11;1.5;2.5;0.37;135;27;77;41;95019;1.17;4.93;0.28;0.25
1997;12;27;361;3.8;2.7;1.9;3.2;2.2;1.2;3;1.1;0.11;1.5;2.5;0.34;70;16;44;13;95099;0.46;4.25;0.29;0.25
1997;12;28;362;2.7;1.8;1;1.9;1.4;0.9;1.9;0.7;0.11;1.5;2.5;0.29;118;21;40;13;95449;0.36;1.75;0.29;0.25
1997;12;29;363;1.3;0.6;-0.2;0.6;0;-0.6;2.3;1.4;0.14;1.5;2.5;2.19;61;13;40;17;95470;0.27;3.69;0.28;0.25
1997;12;30;364;3.6;0.6;-0.8;0.6;-0.6;-2.4;-0.2;1.8;0.15;1.5;2.5;3.22;175;35;92;51;95754;0.16;0.08;0.28;0.25
1997;12;31;365;5.1;1.4;-0.9;-1.1;-2;-3;-0.3;2.2;0.15;1.4;2.5;2.93;185;37;77;50;95690;0.33;0;0.28;0.26
1998;1;1;1;6.1;1.6;-0.8;2.4;-0.3;-2.1;-0.7;1.6;0.14;1.4;2.5;2.58;194;39;82;52;95891;0.06;0.26;0.28;0.26
1998;1;2;2;5.5;3.1;0.9;3.1;1.3;-0.3;0.2;3.1;0.14;1.4;2.5;2.08;124;21;75;26;94706;0.52;3.7;0.28;0.26
1998;1;3;3;7.4;5.1;3.8;5.6;2.4;0.6;3.4;3.3;0.12;1.4;2.5;1.06;159;24;57;25;94809;1.46;8.23;0.28;0.26
1998;1;4;4;5.3;3.7;2.8;1.4;-0.3;-2.8;3.8;2.6;0.11;1.4;2.5;0.55;138;29;82;54;95057;1.27;2.69;0.29;0.26
1998;1;5;5;4.2;3.1;1.8;0.4;-0.9;-4.4;4.3;3.2;0.11;1.4;2.5;0.56;147;25;78;42;94945;1.53;6.3;0.29;0.26
1998;1;6;6;2.9;1.9;0.2;1.8;-0.1;-1.3;5;1.5;0.12;1.3;2.5;1.25;177;31;65;40;95323;1.1;4.91;0.29;0.26
1998;1;7;7;8.3;5.8;0.5;6.5;4.2;-1;3.1;2.2;0.12;1.3;2.5;0.93;56;12;65;15;95956;0.68;3.6;0.29;0.26
1998;1;8;8;7.5;6.3;5.3;3.7;2.9;1.9;4.4;1.9;0.11;1.3;2.5;0.31;115;23;64;39;96655;0.56;0.37;0.29;0.26
1998;1;9;9;8.3;6.8;5.6;5.3;3.8;2.4;3.7;0.4;0.11;1.3;2.5;0.11;104;19;58;27;97179;0.29;0.16;0.29;0.26
1998;1;10;10;9.2;3.9;-0.2;5.6;2.8;-0.7;-0.2;1.3;0.11;1.3;2.5;0.03;240;49;102;72;97318;0.04;0;0.29;0.26
1998;1;11;11;8.3;1.7;-1.9;2.5;-1;-3.5;-1;1.5;0.11;1.2;2.5;0.02;253;53;107;75;96843;0.24;0;0.29;0.26
1998;1;12;12;6.3;0.9;-2.6;1;-2.2;-4.4;-0.8;1.2;0.11;1.2;2.5;0.02;251;52;98;68;96511;0.15;0;0.28;0.26
1998;1;13;13;5.5;0.5;-2.1;-0.1;-3.1;-5.5;-0.9;0.7;0.11;1.2;2.5;0.01;247;51;95;61;95760;0.08;0;0.28;0.26
1998;1;14;14;5.8;0.9;-2.2;1.6;-1.3;-3.4;0.2;1.6;0.11;1.2;2.5;0;250;52;94;52;95752;0.11;0.07;0.28;0.27
1998;1;15;15;3.8;2.1;1;2;0.7;-0.3;1.4;2.1;0.11;1.2;2.5;0;176;34;63;34;96418;0.24;0.2;0.28;0.27
1998;1;16;16;5.1;3.7;1.6;4.3;2.8;-0.3;1.1;2.5;0.11;1.2;2.5;0;57;11;21;3;95550;0.4;7.76;0.28;0.27
1998;1;17;17;3.9;2.1;-0.4;3.7;-0.2;-2.8;3.2;-0.3;0.11;1.2;2.5;0;218;44;93;51;96331;0.66;1.98;0.28;0.27
1998;1;18;18;4.4;1;-2.5;0.9;-3.2;-7.1;0.2;2.7;0.11;1.2;2.5;0.31;249;49;103;57;95651;0.32;2.63;0.28;0.27
1998;1;19;19;2.3;1.5;0.1;2;0.6;-1.5;2.6;2.2;0.21;1.2;2.5;6.98;59;11;67;19;93965;0.25;14.12;0.28;0.27
1998;1;20;20;0.4;-0.3;-1.8;-0.9;-2.2;-3.7;2.6;-0.6;0.25;1.1;2.5;9.49;105;23;48;29;95324;0.43;2.52;0.29;0.27
1998;1;21;21;-0.2;-1.4;-3.3;-2.1;-4.8;-6.3;-0.3;-3;0.27;1.1;2.5;10.91;115;25;56;38;97113;0.42;0.47;0.28;0.27
1998;1;22;22;-0.2;-1.8;-3.7;-2.4;-4.6;-6.6;-1.3;-2.7;0.27;1.1;2.5;11.04;139;28;59;30;97097;0.31;0.43;0.28;0.27
1998;1;23;23;-0.1;-1.5;-3.1;-3.4;-4.1;-5.2;-1.7;-1.2;0.27;1.1;2.5;11.1;144;31;47;23;96803;0.3;0;0.28;0.27
1998;1;24;24;-2.3;-3.5;-6.6;-4.6;-5.9;-7.9;0.5;-1.1;0.28;1.1;2.5;11.73;95;20;40;22;96291;0.16;1.73;0.28;0.27
1998;1;25;25;-2.1;-4;-6.7;-6.7;-7.3;-8.5;-2.9;-1.3;0.3;1.1;2.5;12.52;167;36;62;44;96817;0.34;0;0.28;0.27
1998;1;26;26;-3;-6;-8.1;-7.7;-9;-10.4;-2.5;-0.8;0.3;1.1;2.4;12.3;225;50;103;72;97131;0.11;0;0.28;0.27
1998;1;27;27;-2.1;-6.4;-9.6;-6.6;-9.1;-11.4;-1.3;-0.2;0.29;1.1;2.4;12.13;248;54;109;68;96500;0.15;0;0.27;0.27
1998;1;28;28;-2.8;-6;-9.5;-6.3;-8.3;-10.6;1.6;0.1;0.29;1.1;2.4;12.19;202;39;70;26;96065;0.25;1.19;0.27;0.27
1998;1;29;29;-1.3;-3.3;-5.2;-4.9;-6.1;-7.4;1.1;-0.3;0.31;1.1;2.4;13.16;137;27;46;24;96244;0.22;0.3;0.27;0.27
1998;1;30;30;-1.5;-3.5;-6.2;-5.4;-6.2;-8.3;2.2;0.6;0.31;1.1;2.4;13.12;127;28;53;21;96015;0.27;0.28;0.27;0.27
1998;1;31;31;-2.6;-6.4;-15.7;-3.6;-10.1;-19.4;-0.3;-1.5;0.33;1.1;2.4;14.23;189;41;116;53;96071;0.28;1.44;0.27;0.27
1998;2;1;32;-5.9;-12.2;-18.5;-15.7;-18.3;-22.7;-2.9;-0.1;0.33;1.1;2.4;14.21;245;57;113;75;96117;0.38;0;0.27;0.27
1998;2;2;33;-4.5;-10.1;-13.6;-11.3;-14.6;-17.3;0.6;0.8;0.33;1.1;2.4;13.86;262;60;114;66;95290;0.26;0;0.27;0.27
1998;2;3;34;-0.5;-5.7;-13.9;-5.6;-9.3;-15.4;3;0.1;0.33;1.1;2.4;14.09;214;46;105;48;95275;0.36;0.86;0.27;0.27
1998;2;4;35;1;-5.3;-12;-7.2;-9.7;-12.8;-1.3;0;0.33;1.1;2.4;14.04;266;58;114;57;95773;0.36;0;0.27;0.27
1998;2;5;36;1.7;-3.3;-6.9;-3.9;-7.6;-10.8;1;0;0.31;1.1;2.4;13.14;252;61;101;53;96192;0.25;0;0.26;0.27
1998;2;6;37;2.5;-1.5;-5.6;-1;-3.6;-6.8;0.7;0.4;0.29;1.1;2.4;11.86;202;45;71;35;96627;0.12;0;0.26;0.27
1998;2;7;38;3.7;-1.2;-7.3;-1.6;-4.2;-7.8;1.1;1.5;0.27;1.1;2.4;10.72;288;66;102;54;96390;0.28;0.34;0.26;0.27
1998;2;8;39;1.1;-0.7;-2.8;-1.6;-2.4;-4.1;2.8;0.4;0.27;1.1;2.4;10.76;144;35;55;26;97120;0.17;0.56;0.26;0.27
1998;2;9;40;5.3;-0.1;-3.9;-2;-4;-6.6;1.1;1.6;0.26;1.1;2.4;9.87;293;69;94;51;97204;0.21;0;0.26;0.27
1998;2;10;41;8.1;0.9;-3.7;-1;-4.4;-8;1.4;1.4;0.22;1.1;2.4;7.87;324;76;109;64;97263;0.16;0;0.27;0.27
1998;2;11;42;9.3;2.7;-2.9;-0.5;-3;-5.4;1.8;1.4;0.2;1.1;2.4;5.88;332;80;103;64;97313;0.21;0;0.27;0.27
1998;2;12;43;8.7;4.7;1.6;1.4;-0.8;-3.7;3;0.7;0.17;1.1;2.4;4.19;207;51;75;47;97224;0.26;0;0.27;0.27
1998;2;13;44;9;6.4;3.7;7;5;1.8;3;0;0.14;1.1;2.4;2.01;115;30;40;9;97457;-0.02;0.12;0.27;0.27
1998;2;14;45;12.3;7.3;3.8;8.2;6.1;3.2;2;0.2;0.12;1.1;2.4;0.69;274;62;75;33;97600;0.14;0.05;0.27;0.27
1998;2;15;46;12;5.8;0;6.7;3.5;-0.4;2.5;0.4;0.11;1.1;2.4;0.31;305;81;88;58;97342;0.43;0;0.27;0.27
1998;2;16;47;11.7;6;0.8;5.7;3.3;0.2;3.3;1;0.11;1.1;2.4;0.14;223;56;66;34;96338;0.58;0.96;0.27;0.27
1998;2;17;48;5;4;0.4;4.7;0.8;-2.6;2.5;-1.3;0.11;1.1;2.4;0.02;180;41;57;25;97086;0.73;2.88;0.27;0.27
1998;2;18;49;7.4;2.3;-1;1.7;-0.5;-2.5;1;0.8;0.11;1.1;2.4;0;278;72;88;50;97754;0.37;0;0.27;0.27
1998;2;19;50;9.2;4;-1.4;3.4;1.1;-2.6;2.4;0.7;0.11;1.1;2.4;0;396;102;99;56;97064;0.5;0.11;0.27;0.27
1998;2;20;51;9.1;5;1.8;4.2;2.8;0.5;-0.2;1.4;0.11;1.1;2.4;0;322;76;116;49;96968;0.45;0.1;0.26;0.27
1998;2;21;52;14.7;6.5;0.5;4.2;2.1;-0.5;0.1;2.2;0.11;1.1;2.4;0;400;101;121;77;96303;0.7;0;0.26;0.27
1998;2;22;53;10.4;6.3;3.2;7;4.5;0.9;1.2;0.3;0.11;1.1;2.4;0;274;53;55;22;96225;0.56;6.12;0.26;0.27
1998;2;23;54;8.9;5.9;1.8;5;3.5;0.5;0;-1.6;0.11;1.1;2.5;0;164;44;72;29;97086;0.55;1.89;0.27;0.27
1998;2;24;55;4.6;2.2;-2.3;4.5;1.4;-3;2;0;0.11;1.2;2.5;0;67;18;77;18;97510;0.07;1.04;0.27;0.27
1998;2;25;56;8.1;6.3;4.7;6.6;5.8;4.6;0.6;-1.3;0.11;1.2;2.5;0;112;25;13;3;97711;0.19;0.16;0.27;0.27
1998;2;26;57;9;6.9;4.6;6.7;5.4;4.6;1.2;0.4;0.11;1.2;2.5;0;176;42;30;13;97480;0.31;0.02;0.27;0.27
1998;2;27;58;8;5.7;3.6;5.1;3.9;2.4;3.4;1.7;0.11;1.2;2.5;0;161;38;65;22;96461;0.46;0.64;0.27;0.27
1998;2;28;59;7.1;3.7;0.1;3.2;1;-2.2;4.9;1.6;0.11;1.2;2.5;0.03;221;51;58;32;95403;1.53;5.08;0.27;0.27
1998;3;1;60;3.9;1.3;-0.8;-0.4;-3.5;-7.4;3.1;0.8;0.12;1.2;2.5;0.68;332;92;101;58;95805;0.81;1.78;0.27;0.27
1998;3;2;61;6.2;3.3;0;2.1;0.1;-3.9;4.1;1.6;0.15;1.2;2.5;2.4;144;43;52;26;96085;0.82;3.47;0.27;0.27
1998;3;3;62;10.7;6.9;2.6;3.5;1.5;0;3.5;2.4;0.13;1.2;2.5;1.37;225;48;53;34;95834;1.24;2.94;0.27;0.27
1998;3;4;63;17.4;13.1;9.1;4.7;2.9;0.8;4.8;3;0.12;1.2;2.5;0.31;315;87;93;64;95129;1.62;1.68;0.27;0.27
1998;3;5;64;10.6;4.4;0.8;7.8;1.5;-1.2;5.5;0.4;0.12;1.2;2.5;0.32;346;96;94;51;95518;1.97;13.21;0.28;0.27
1998;3;6;65;5.8;3.2;0.6;4.8;1.1;-1.9;4.3;1.8;0.14;1.3;2.5;1.97;166;37;58;19;96113;1.15;13.27;0.28;0.27
1998;3;7;66;8.9;6.8;5.5;5.8;4.9;3.2;5;2;0.13;1.3;2.5;0.98;256;48;52;14;95308;1.27;9.88;0.29;0.27
1998;3;8;67;6.3;4.3;-0.7;5.7;3.4;-3.1;3.3;0.1;0.12;1.3;2.5;0.33;184;51;56;21;94804;1.28;10.28;0.3;0.27
1998;3;9;68;2;-1.3;-4.1;-4.5;-10;-13.7;0.9;-3.3;0.13;1.3;2.5;1.29;410;119;103;74;96198;1.09;0.38;0.3;0.27
1998;3;10;69;2.7;-0.5;-2.9;-3;-4.7;-7.6;1.9;-1.2;0.15;1.3;2.5;2.21;398;105;84;60;96977;0.59;2.45;0.3;0.27
1998;3;11;70;3.8;0.1;-2.3;-3.3;-6;-9;-1.9;1.5;0.16;1.3;2.5;3;362;103;100;63;95928;0.81;0.05;0.29;0.27
1998;3;12;71;3.8;-0.2;-4.1;-2.2;-6;-10.3;0.6;-0.2;0.16;1.3;2.5;2.78;385;98;80;59;95919;0.44;0.28;0.29;0.28
1998;3;13;72;1.9;-0.2;-2.8;-2.2;-6.2;-7.9;2.8;-0.6;0.16;1.3;2.5;2.75;298;88;77;46;96573;0.65;0.65;0.29;0.28
1998;3;14;73;5.1;2.5;0.6;2.5;1;-1.5;4.2;-1.1;0.16;1.3;2.5;3.05;214;45;37;14;96359;0.95;5.03;0.29;0.28
1998;3;15;74;6.5;3.6;1.3;3;2.1;1.1;2.2;-1.9;0.15;1.4;2.5;2.07;317;57;62;22;96570;1;5.42;0.29;0.28
1998;3;16;75;7.1;5;2.8;5.4;3.6;2.5;1.9;-1.5;0.14;1.4;2.5;1.1;189;39;24;9;96782;0.59;2.18;0.29;0.28
1998;3;17;76;7.2;5.8;4.7;5.3;4.5;3.4;2.6;-1.7;0.13;1.4;2.5;0.41;146;41;28;12;96877;1.1;3.64;0.29;0.28
1998;3;18;77;9;6.1;3.7;4.2;3.5;3;3;-0.7;0.12;1.4;2.5;0.16;235;67;60;28;97290;1.06;2.19;0.29;0.28
1998;3;19;78;6.1;3;-0.4;2.9;-2.7;-6.2;2.1;-2.7;0.12;1.4;2.5;0.11;444;129;99;70;97525;1.56;1.13;0.29;0.28
1998;3;20;79;5.1;1.3;-0.8;1.8;-1.4;-5.3;3.1;-1.8;0.13;1.4;2.5;0.7;327;87;87;46;96975;1.04;5.05;0.29;0.28
1998;3;21;80;3.7;-0.1;-3.8;-3.3;-7.4;-10.5;0.3;-2.8;0.15;1.5;2.5;2.15;491;140;98;82;97067;1.22;0.25;0.29;0.28
1998;3;22;81;3;0.1;-2.4;-4.1;-6.8;-9.6;-0.2;-1.4;0.15;1.5;2.5;2.19;439;117;99;56;97165;0.71;1.21;0.29;0.28
1998;3;23;82;3.2;0.2;-1.5;-4.4;-7.6;-11.5;-4.3;0.2;0.19;1.5;2.5;4.25;355;107;99;56;96908;1.22;1.46;0.28;0.28
1998;3;24;83;5.4;0.6;-2.9;-6.3;-8.1;-10.6;-2.8;-1.8;0.19;1.5;2.5;4.06;559;166;128;103;97204;1.33;0;0.28;0.28
1998;3;25;84;5.2;0.3;-3.7;-4.2;-6.7;-7.7;-0.9;-0.5;0.17;1.5;2.5;3.33;541;172;135;93;97307;0.88;0;0.28;0.28
1998;3;26;85;7.1;1.6;-3.7;-3.5;-5.7;-7.5;-1.3;1.2;0.16;1.5;2.5;2.48;573;177;131;90;96639;0.81;0;0.28;0.28
1998;3;27;86;6.9;3.4;-0.6;3.5;-0.2;-5.1;1.2;1.3;0.15;1.5;2.5;1.75;373;62;49;21;96330;0.43;0.73;0.28;0.28
1998;3;28;87;12.2;7.6;3.7;6;4.8;3.4;-0.3;-0.1;0.14;1.6;2.5;0.85;346;104;85;35;96338;0.9;0.07;0.28;0.28
1998;3;29;88;15.7;9.2;2.1;6.5;4.3;1.5;-2.3;0.2;0.13;1.6;2.5;0.33;596;183;126;88;95974;1.68;0;0.27;0.28
1998;3;30;89;16.9;9.7;3.4;6.6;3.1;0.1;-1.9;0.3;0.13;1.6;2.5;0.08;614;196;134;97;96025;1.9;0;0.27;0.28
1998;3;31;90;19.1;11.8;2.1;10.2;5.8;0.9;0.1;0.7;0.13;1.6;2.5;0;607;191;130;85;96014;1.92;0;0.27;0.28
1998;4;1;91;17.5;12.3;7.3;10;6.5;4.5;1.8;0.6;0.13;1.6;2.5;0;480;152;106;67;95609;1.74;1.02;0.27;0.28
1998;4;2;92;14.3;10.3;7.8;9.6;8;6.9;1.8;1.3;0.13;1.6;2.5;0;425;123;79;46;95143;1.61;6.83;0.26;0.28
1998;4;3;93;13.4;9.8;5.6;9.1;7.3;4.8;0.1;3.1;0.13;1.7;2.5;0;224;71;74;41;94724;1.29;2.27;0.27;0.28
1998;4;4;94;10.4;7.6;5.1;5.8;3.6;2;2.1;2.4;0.13;1.7;2.5;0;228;68;72;41;94727;1.07;1.35;0.27;0.28
1998;4;5;95;13.1;8.4;4.3;5.1;2.7;1.4;1;2.8;0.13;1.7;2.5;0;501;147;92;58;95151;1.77;0.5;0.27;0.28
1998;4;6;96;11.6;7.6;4;5.1;3.9;2.5;1.4;1.2;0.13;1.7;2.5;0;408;130;83;58;95278;1.34;1.97;0.26;0.28
1998;4;7;97;12.9;7.8;3.4;6.1;3.2;1.9;0.4;2.2;0.13;1.7;2.5;0;312;90;64;42;94634;1.66;2.02;0.26;0.28
1998;4;8;98;9.9;6.2;2.1;4.3;2.1;0.9;4.3;1.6;0.13;1.7;2.5;0;544;145;95;55;94578;2.15;3.08;0.26;0.28
1998;4;9;99;12;6;-1.3;3.9;1.9;-1.5;-0.6;1;0.14;1.7;2.5;0;496;163;112;73;94480;1.64;0.75;0.26;0.28
1998;4;10;100;16.2;9.6;3;3.7;2;0.5;-2.4;1.4;0.14;1.8;2.5;0;643;202;123;85;93911;2.3;0.15;0.26;0.28
1998;4;11;101;11.2;7.1;4.1;5.1;1.5;-2.5;2.3;0.9;0.14;1.8;2.5;0;523;156;118;53;94153;2.14;5.25;0.26;0.28
1998;4;12;102;6.6;4;0.9;3.7;2.1;0.3;1.5;-1.7;0.14;1.8;2.5;0;288;79;75;42;94194;1.62;9.19;0.26;0.28
1998;4;13;103;7.6;3.9;0.2;0.5;-2.1;-4.8;1.8;-1;0.14;1.8;2.5;0;489;167;93;70;94660;1.97;0.82;0.27;0.28
1998;4;14;104;7.6;3.6;0;-1.5;-4.4;-6.4;1.3;0.5;0.14;1.8;2.5;0.01;590;182;107;77;95100;1.82;0.32;0.26;0.28
1998;4;15;105;11.2;5.6;-1.1;0.3;-1.3;-3.5;-1.8;2.1;0.14;1.8;2.5;0;487;138;74;57;94650;1.5;0.44;0.26;0.28
1998;4;16;106;7.8;5;1;2.1;-0.6;-2.8;2;1.3;0.14;1.9;2.5;0;351;127;95;50;94156;1.81;1.25;0.26;0.28
1998;4;17;107;11.3;6.6;1.1;4.7;1.1;-2.5;-1.1;0.4;0.14;1.9;2.5;0;488;154;83;55;93692;1.59;1.33;0.26;0.28
1998;4;18;108;7.3;5.1;2.8;4.5;3.5;2.1;2;-0.6;0.14;1.9;2.5;0;261;85;65;34;94241;1.62;7;0.26;0.28
1998;4;19;109;7.6;4.6;2.2;3;2.1;1.3;2.4;0.4;0.14;1.9;2.5;0;295;84;86;30;95212;1.38;2.25;0.26;0.28
1998;4;20;110;13.5;7.8;2.3;2.8;1.7;0.1;0.6;1.7;0.14;1.9;2.5;0;556;168;117;57;95898;1.98;0.07;0.26;0.28
1998;4;21;111;12.4;8.5;4.2;8.6;5.2;1.7;1.4;0.3;0.14;2;2.5;0;554;155;93;49;96148;2.11;2.74;0.26;0.28
1998;4;22;112;15;8.9;0.7;5.2;2.3;0.5;-2.1;-0.1;0.14;2;2.5;0;646;221;125;88;96244;2.56;0;0.26;0.28
1998;4;23;113;18;11.4;5;6.9;4.5;1.2;-1.9;1;0.14;2;2.5;0;698;238;134;100;95949;2.79;0;0.25;0.28
1998;4;24;114;14.5;10.5;5.6;9.1;6.4;3.8;2.5;0.3;0.14;2;2.5;0;527;172;92;63;96105;2.03;1.06;0.25;0.28
1998;4;25;115;16.2;11.3;4.8;8.9;6.3;3.9;1;1.2;0.14;2;2.5;0;416;133;77;46;96223;1.63;0;0.25;0.28
1998;4;26;116;19.5;14.5;9.1;10.7;8.8;6.7;-0.3;1;0.14;2.1;2.5;0;467;165;90;57;95356;2.22;0.3;0.25;0.28
1998;4;27;117;23.8;16.3;9.6;11.6;9.5;7;-0.7;1.1;0.15;2.1;2.5;0;699;224;125;77;94410;3.19;1.28;0.24;0.28
1998;4;28;118;10.8;8.9;7.3;10.4;6.9;5.9;1.8;-0.4;0.15;2.1;2.5;0;198;47;22;12;94980;1.2;5.29;0.24;0.28
1998;4;29;119;15.3;11.1;7.9;8.9;7.9;7.2;0;0.5;0.15;2.1;2.5;0;366;117;75;31;94977;1.87;1.38;0.24;0.28
1998;4;30;120;18.8;12.9;5.5;8.9;6.6;5.1;-2.5;0.1;0.15;2.1;2.5;0;614;212;112;81;95028;2.83;0.2;0.24;0.28
1998;5;1;121;19.1;13.6;8.6;9.9;7.7;5.4;-1.6;0.1;0.15;2.2;2.5;0;666;230;117;85;95067;2.92;1.12;0.24;0.28
1998;5;2;122;15.6;11.4;7.8;12.1;9.9;7.6;1.4;1;0.15;2.2;2.5;0;472;142;79;37;95031;2.31;7.17;0.24;0.28
1998;5;3;123;14.8;11.3;9.1;10.8;9.6;8.4;0.9;-0.8;0.15;2.2;2.5;0;497;124;74;32;95250;2.33;7.55;0.24;0.28
1998;5;4;124;9.8;8.2;5.5;8.3;3.4;0.1;1;-3;0.15;2.2;2.5;0;583;150;92;43;95192;2.05;0.19;0.25;0.28
1998;5;5;125;11.2;7.7;3.6;3.2;2.4;1.5;2.6;-0.6;0.15;2.2;2.5;0;383;125;75;50;95331;1.65;0.16;0.24;0.28
1998;5;6;126;12.4;9.1;5.8;6.8;5.2;2.9;3.1;1.7;0.15;2.2;2.5;0;453;125;73;47;95465;1.97;1.91;0.24;0.28
1998;5;7;127;14.7;10.9;7.2;8.9;6.2;5;1.5;1;0.15;2.3;2.5;0;438;110;92;45;96358;1.61;0.37;0.24;0.28
1998;5;8;128;21.5;14.4;5.4;11.1;7.6;3.6;-0.2;0.4;0.15;2.3;2.5;0;704;252;132;91;96866;3.31;0;0.24;0.27
1998;5;9;129;24.1;17.1;7.6;12.2;8.2;5.8;-0.8;-0.8;0.15;2.3;2.5;0;685;238;133;91;96794;3.38;0;0.23;0.27
1998;5;10;130;23.9;17.9;9.6;12.5;9.6;8.2;-2;-0.7;0.15;2.3;2.5;0;598;217;112;82;96552;3.31;0;0.23;0.27
1998;5;11;131;24.6;18.8;11.7;13.2;10.3;8.7;-1;-1.1;0.15;2.3;2.5;0;707;254;136;96;96133;3.72;0;0.23;0.27
1998;5;12;132;25.9;19.6;11;13.1;10.5;9.1;-1.3;-1.4;0.15;2.4;2.5;0;658;239;121;89;96251;3.67;0;0.22;0.27
1998;5;13;133;24.6;18.5;13.6;13.7;11.5;8.8;-2.6;-1.4;0.15;2.4;2.5;0;669;227;114;85;96558;3.4;1.29;0.22;0.27
1998;5;14;134;20.2;15;10.4;7.3;2.9;0.6;-3.3;-0.5;0.15;2.4;2.5;0;745;268;149;113;96646;3.79;0;0.22;0.27
1998;5;15;135;18.3;13.2;8.7;5.4;3.9;2.7;-2.6;-2;0.15;2.4;2.5;0;702;240;120;95;96434;3.08;0;0.21;0.27
1998;5;16;136;17;12.3;6.2;4.6;2.7;1.3;-2.1;-2.1;0.15;2.4;2.5;0;595;223;108;89;96349;2.83;0.02;0.21;0.27
1998;5;17;137;15.4;11.5;7.2;7.7;5.2;2.8;-1.7;-1.8;0.16;2.4;2.5;0;562;194;112;80;96496;2.36;0.85;0.21;0.27
1998;5;18;138;17.8;13;6.6;8;5.1;3.5;-1.4;-1.7;0.16;2.5;2.5;0;585;211;101;76;96770;2.67;0.87;0.21;0.27
1998;5;19;139;19;14;6.8;9.1;6.3;4.8;-0.2;-2.4;0.16;2.5;2.5;0;532;191;99;74;96676;2.59;0.18;0.2;0.27
1998;5;20;140;18.5;13.9;7.9;9.4;7.3;5.7;-0.2;-2;0.16;2.5;2.5;0;540;205;107;79;96296;2.58;0.79;0.2;0.27
1998;5;21;141;15.9;11.6;7.9;9.9;7.4;5.1;1.3;-1.6;0.16;2.5;2.5;0;497;174;83;59;95918;2.43;5.71;0.2;0.27
1998;5;22;142;10.6;8.1;5.8;4.7;0.8;-0.3;2.4;-2;0.16;2.5;2.5;0;381;128;77;45;96182;1.94;0.3;0.2;0.27
1998;5;23;143;10.8;7.9;4.7;3.3;1.2;0.3;1.8;-1.1;0.16;2.5;2.5;0;387;145;71;52;96157;1.71;0.01;0.2;0.27
1998;5;24;144;13.2;9.7;5.2;7.5;4.6;2.2;1.7;0.1;0.16;2.5;2.5;0;384;138;72;45;95651;1.65;1.56;0.2;0.27
1998;5;25;145;15;11;6.2;9.4;8;6;1.7;0.2;0.16;2.6;2.5;0;560;199;86;60;95314;2.6;3.06;0.2;0.27
1998;5;26;146;17.2;12.3;6.8;11.6;9.2;6.4;1.5;1.2;0.16;2.6;2.5;0;567;199;100;59;95173;2.81;3.34;0.2;0.27
1998;5;27;147;20;14.8;7.4;11.4;9.6;6.9;-0.1;0.9;0.16;2.6;2.5;0;656;230;104;78;95394;3.04;0.75;0.2;0.27
1998;5;28;148;24.4;18.3;9.9;11.7;9.6;7.8;-1.5;0.7;0.16;2.6;2.5;0;713;259;128;88;95237;3.66;0.05;0.2;0.27
1998;5;29;149;22.5;17.6;12.9;13.5;11.9;8.9;1.1;-0.3;0.16;2.6;2.5;0;692;233;105;72;95413;3.12;3.16;0.19;0.27
1998;5;30;150;17.7;15.2;12.1;15.2;13.8;11.9;1;0.1;0.16;2.6;2.5;0;402;121;66;35;95596;2.27;14.76;0.2;0.27
1998;5;31;151;21;16.5;11.2;12.8;11.5;10.5;0.6;-0.5;0.16;2.6;2.5;0;624;208;100;58;95568;3.18;1.42;0.2;0.27
1998;6;1;152;16;13;9.2;11.9;9.8;7.9;2.3;0.6;0.16;2.6;2.5;0;352;120;91;43;95803;2.21;2.44;0.2;0.27
1998;6;2;153;23.6;16.8;7.9;13.8;10.2;7;-0.2;1.5;0.16;2.7;2.5;0;694;243;113;77;95778;3.55;0.07;0.2;0.27
1998;6;3;154;20.7;17.1;13.4;14.6;12.1;9.9;1.8;0.5;0.16;2.7;2.5;0;555;180;76;47;96072;3.02;6.49;0.2;0.27
1998;6;4;155;22.9;18.4;13.5;12.4;10.7;9;0.8;-0.6;0.16;2.7;2.5;0;705;263;129;88;96379;3.92;0.01;0.2;0.26
1998;6;5;156;28.5;21.5;13.2;14.8;12.5;9.5;-1.8;0.8;0.16;2.7;2.5;0;711;260;116;82;96210;4.26;0.06;0.2;0.26
1998;6;6;157;31.1;24.3;16.3;16.8;14.3;11.1;-1.3;1.4;0.16;2.7;2.5;0;714;262;128;86;95791;4.31;0.06;0.19;0.26
1998;6;7;158;27.6;20.5;15.5;17.5;15.5;13.3;1.6;0.2;0.16;2.7;2.5;0;628;219;102;68;95552;3.59;5.08;0.19;0.26
1998;6;8;159;18.5;15.2;12.4;13.4;11.5;8.9;2.1;0.4;0.16;2.7;2.5;0;510;135;79;45;96277;2.66;3.3;0.19;0.26
1998;6;9;160;23.3;17.3;9.6;13.1;10.4;8.3;1;1.6;0.16;2.8;2.5;0;672;247;113;79;96048;3.56;0;0.19;0.26
1998;6;10;161;21.3;16;12.6;15;11.9;9.4;0.9;1.2;0.16;2.8;2.6;0;395;112;60;38;95283;2.41;9.61;0.19;0.26
1998;6;11;162;15.2;13.1;11.1;12.6;11.7;10.4;0.5;0.6;0.16;2.8;2.6;0;248;78;46;31;94936;1.75;17.21;0.2;0.26
1998;6;12;163;12.1;10.6;7.9;11.1;9.7;7.2;2.4;-1.7;0.16;2.8;2.6;0;113;36;28;15;95210;1.6;36.45;0.23;0.26
1998;6;13;164;12.3;9.2;6.4;6.4;3.6;1.5;1.7;-1.3;0.16;2.8;2.6;0;347;126;75;41;96098;2.58;1.34;0.25;0.26
1998;6;14;165;15.6;11.4;4.5;8.8;5.4;3.3;-0.2;1.4;0.16;2.8;2.6;0;545;173;102;63;95806;2.54;0.1;0.24;0.26
1998;6;15;166;17.2;12.9;7.3;10.3;9.1;6.8;1.8;0.5;0.16;2.8;2.6;0;541;208;106;70;95682;3.1;3.36;0.24;0.26
1998;6;16;167;15.9;12.3;9.2;12.3;9.7;7.8;3.1;1.1;0.16;2.8;2.6;0;454;158;88;49;95988;2.94;6.15;0.25;0.26
1998;6;17;168;15;12.1;9.7;11.4;8.9;7.4;3.3;0.5;0.16;2.8;2.6;0;487;165;70;46;96640;3.11;5.49;0.25;0.26
1998;6;18;169;15.5;11.8;9;10.5;8.9;7.5;2.3;-0.1;0.16;2.8;2.6;0;405;141;85;44;96849;2.66;5.52;0.25;0.26
1998;6;19;170;16.4;13.4;10.2;12.8;11.4;9.6;1.4;0.1;0.16;2.8;2.6;0;235;51;42;18;96845;1.04;0.94;0.25;0.26
1998;6;20;171;22.6;17.9;12;15.4;13.4;11.3;0.8;-0.9;0.16;2.8;2.6;0;483;182;82;52;96822;3.02;0.46;0.25;0.26
1998;6;21;172;27.9;21.2;11.8;18.2;14.8;11;0.6;0.5;0.16;2.8;2.6;0;708;268;114;81;96523;4.42;0;0.25;0.26
1998;6;22;173;21.3;18.7;14.8;17.4;13.5;8.5;3.3;-0.6;0.16;2.8;2.6;0;537;198;91;60;96291;3.58;1.56;0.24;0.26
1998;6;23;174;18;15.4;12.2;10.6;9;8.2;2.3;-0.5;0.16;2.8;2.5;0;397;147;76;50;96387;2.74;0.64;0.24;0.26
1998;6;24;175;18.6;15.8;12.8;13.2;11.7;10.2;1.5;-0.7;0.16;2.8;2.5;0;274;101;58;27;96041;2.12;1.65;0.24;0.26
1998;6;25;176;25.2;19.3;11;16;13.3;10.6;0;0.5;0.16;2.8;2.5;0;640;247;108;72;95808;3.97;0.2;0.24;0.26
1998;6;26;177;21.7;18.6;15.9;16.2;15.2;14.2;1;-0.5;0.15;2.7;2.5;0;487;148;60;36;95963;2.82;9.74;0.23;0.26
1998;6;27;178;23.5;18.9;15.1;16.7;15.7;14.9;1.5;1;0.15;2.7;2.5;0;559;182;75;46;95830;3.3;10.37;0.24;0.26
1998;6;28;179;19.6;16.8;13.6;15.1;11.4;8.4;2.9;0.5;0.15;2.7;2.5;0;638;206;105;60;96052;3.79;3.78;0.25;0.26
1998;6;29;180;18.8;15.8;11;10.7;9;8;2;0.4;0.15;2.7;2.5;0;509;184;93;64;96335;3.1;0.12;0.25;0.26
1998;6;30;181;20.8;16.7;10.9;12.4;10.5;8.8;1.9;0.7;0.15;2.7;2.5;0;546;177;97;56;95838;3.1;0.65;0.24;0.26
1998;7;1;182;18.3;15.1;12.5;14;12.1;10.9;1.7;0.1;0.15;2.7;2.5;0;426;133;74;48;95637;2.22;1.17;0.24;0.26
1998;7;2;183;17.9;14.4;11.2;10.4;8.6;7.4;-0.6;-2.1;0.15;2.7;2.5;0;590;179;78;60;95734;2.9;0;0.24;0.26
1998;7;3;184;20.2;15.5;9.3;10.9;9.3;7.9;0.3;-1.5;0.15;2.7;2.5;0;536;177;80;63;95847;2.89;0;0.24;0.26
1998;7;4;185;15;12.5;9.9;8.9;8;7.1;3.5;-0.9;0.15;2.7;2.5;0;240;86;80;34;96273;1.73;0.69;0.23;0.26
1998;7;5;186;15.4;13.4;11.8;13.2;10.9;9.1;3.6;0.3;0.15;2.7;2.5;0;394;69;42;21;95923;1.84;8.16;0.24;0.26
1998;7;6;187;17.1;14.6;12.5;12.6;11.6;10.7;3.7;0.1;0.15;2.7;2.5;0;304;85;35;19;95558;1.89;3.82;0.24;0.26
1998;7;7;188;12.7;11.6;8.6;12.1;10.5;6.7;1.8;-0.7;0.15;2.7;2.5;0;156;46;52;23;95174;1.25;4.46;0.24;0.26
1998;7;8;189;12.6;9.8;7;9.6;7.6;5.6;3.7;-0.9;0.15;2.6;2.5;0;522;141;66;40;95356;3.12;8.6;0.24;0.26
1998;7;9;190;15.2;11.9;8.8;11.1;9.1;7.2;3.5;-0.1;0.15;2.6;2.5;0;336;100;42;25;95703;2.29;3.47;0.25;0.26
1998;7;10;191;16.9;13.8;11.5;12.7;11.7;10.4;3;0.4;0.15;2.6;2.5;0;299;79;61;20;95755;1.66;2.13;0.25;0.26
1998;7;11;192;17.7;14.7;12.9;12.6;11.3;9.6;3.9;0.9;0.15;2.6;2.5;0;426;133;79;37;95605;2.76;3.86;0.25;0.26
1998;7;12;193;15.1;13.7;11.9;13.2;11.8;10.1;3.1;1.6;0.15;2.6;2.5;0;75;27;53;14;95554;1.26;2.83;0.25;0.26
1998;7;13;194;24.5;17.8;13.4;14.6;12.5;10.9;2.5;1.6;0.15;2.6;2.5;0;692;230;106;63;95323;4.12;3.35;0.25;0.26
1998;7;14;195;15.8;13.3;10.8;10.9;7.4;5.2;3.5;0.6;0.15;2.6;2.5;0;452;167;87;60;95691;3.05;0.56;0.25;0.26
1998;7;15;196;17.9;13.3;8;10.5;9;6.6;2.2;0.9;0.15;2.6;2.5;0;625;222;104;76;95938;3.16;1.89;0.25;0.26
1998;7;16;197;16.2;12.6;9.2;11.8;9.7;7.9;1.7;1.1;0.15;2.6;2.5;0;451;135;70;49;95908;2.26;4.66;0.25;0.26
1998;7;17;198;18.5;14.3;10.2;14.5;11.8;8.9;1.8;1;0.15;2.6;2.5;0;325;115;73;31;95903;2;1.38;0.25;0.26
1998;7;18;199;19.4;16.3;13.2;15;12.7;11.9;2.7;0.9;0.15;2.6;2.5;0;524;149;70;41;95920;2.64;1.62;0.25;0.26
1998;7;19;200;22.8;17.7;12.5;14.4;12.1;10.9;1.4;0.3;0.15;2.5;2.5;0;515;205;101;64;96124;3.33;0.04;0.24;0.26
1998;7;20;201;30.2;22.6;12.7;18;15.2;11;-0.7;1.4;0.15;2.5;2.5;0;702;258;107;77;96026;4.41;0.05;0.24;0.26
1998;7;21;202;30.4;24.2;17.5;18;15.5;13.4;0.7;-0.5;0.15;2.5;2.5;0;705;243;112;76;95766;4.56;1.98;0.24;0.26
1998;7;22;203;21.2;18.5;15.9;16.8;15.4;13;0.1;-0.7;0.15;2.5;2.5;0;351;109;61;39;96353;2.43;16.03;0.24;0.26
1998;7;23;204;26.7;20.3;14.4;17.8;16.2;14.3;0.8;0.2;0.15;2.5;2.5;0;621;221;100;62;96132;3.88;11.11;0.25;0.26
1998;7;24;205;21.9;18.1;14;15;13.7;12.8;1.5;-0.6;0.15;2.5;2.5;0;459;165;72;53;96334;3.03;0.41;0.25;0.26
1998;7;25;206;22.1;18;13.9;15.6;13.9;12.7;-0.3;-1.5;0.15;2.5;2.5;0;603;198;84;63;96297;3.13;0.64;0.25;0.25
1998;7;26;207;23.3;18.5;13;14.3;12.8;10.9;-1.1;-0.1;0.15;2.5;2.5;0;592;203;106;69;96096;3.38;0.44;0.25;0.25
1998;7;27;208;22.4;18.2;15;17;15.7;14;0.5;0.7;0.15;2.5;2.5;0;374;115;62;42;95600;2.15;10.33;0.25;0.25
1998;7;28;209;20.9;16.5;13.3;15.4;13.5;11.5;2.6;0.1;0.15;2.5;2.5;0;491;168;92;43;95557;3.35;6.12;0.25;0.25
1998;7;29;210;16.3;14.5;12.4;14.3;12.6;11;1.9;1.2;0.15;2.5;2.5;0;227;61;34;23;95541;1.59;5.69;0.26;0.25
1998;7;30;211;19.3;16.1;13.2;14.1;13.3;12;2.7;1.8;0.15;2.4;2.5;0;324;102;66;31;95504;2.38;2.71;0.26;0.25
1998;7;31;212;19.8;16;10.7;12.5;9.7;7.2;2;0.9;0.15;2.4;2.5;0;489;187;103;75;95975;3.11;0.31;0.26;0.25
1998;8;1;213;23.2;17.7;10.1;14.5;10.5;7.3;-2.1;-0.1;0.15;2.4;2.5;0;702;229;119;69;96034;3.68;0.29;0.25;0.25
1998;8;2;214;22.9;17.6;13.9;14.4;13.5;12.3;0.7;-1.1;0.15;2.4;2.5;0;572;165;81;44;96146;2.98;4.08;0.25;0.25
1998;8;3;215;20.7;17;14.2;14.6;13.5;13.1;0.3;-1.1;0.15;2.4;2.5;0;344;101;49;26;96605;1.98;0.09;0.25;0.25
1998;8;4;216;22.9;18.2;13.5;14.6;13.1;11.9;2.1;-0.2;0.15;2.4;2.5;0;621;194;91;59;96658;3.09;0.04;0.25;0.25
1998;8;5;217;20.4;16.4;13.1;13.6;10.1;7.3;1.8;-1.7;0.15;2.4;2.5;0;653;206;105;72;97031;3.26;0.02;0.25;0.25
1998;8;6;218;22.3;17.3;11.3;12.9;10.6;9.4;1.1;-0.4;0.15;2.4;2.5;0;572;211;119;79;97011;3.17;0;0.24;0.25
1998;8;7;219;25.6;20.2;13.8;15;12;9.2;1.2;-0.1;0.15;2.4;2.5;0;681;241;119;85;96723;3.62;0;0.24;0.25
1998;8;8;220;28.5;23.2;16.8;15.9;12.9;11.2;0.7;0.1;0.15;2.4;2.5;0;691;243;128;88;96427;3.7;0;0.24;0.25
1998;8;9;221;25.8;21.2;15.7;15.3;13;8.2;-0.8;-1.7;0.15;2.3;2.5;0;681;238;117;87;96261;3.65;0;0.23;0.25
1998;8;10;222;26.5;20.1;13.6;14.1;10.6;7.2;-1.9;0.2;0.15;2.3;2.5;0;697;245;135;102;96470;3.75;0;0.23;0.25
1998;8;11;223;31.5;23.5;15.1;17.2;14.4;11.2;0.5;0.6;0.15;2.3;2.5;0;674;227;116;78;96360;3.66;0;0.22;0.25
1998;8;12;224;32.6;24.1;16.5;17.8;15.2;12.5;-0.1;0.8;0.15;2.3;2.5;0;650;217;120;79;96014;3.55;1.26;0.22;0.25
1998;8;13;225;20.5;17.8;14.1;16.5;14.3;10.5;1.2;-0.8;0.15;2.3;2.5;0;382;106;69;47;95835;1.97;1.65;0.22;0.25
1998;8;14;226;20.3;15.6;10.2;10.3;8.7;7.5;1.2;-0.7;0.15;2.3;2.5;0;656;219;131;88;96022;2.87;0.01;0.22;0.25
1998;8;15;227;24.9;18.7;10.2;14;10.7;7.8;-0.8;0.3;0.14;2.3;2.5;0;664;229;122;83;96120;3.06;0;0.22;0.25
1998;8;16;228;26.1;21.2;16.6;15.1;12.7;10.8;0.4;-0.6;0.14;2.3;2.5;0;607;195;108;76;96374;2.78;0.03;0.21;0.25
1998;8;17;229;27.4;21;13.6;16.5;12.2;9;0.7;-0.1;0.14;2.3;2.5;0;618;218;130;87;96197;3.12;0;0.21;0.25
1998;8;18;230;26.7;21.6;16.9;12.4;9.3;8.3;0.7;-1.1;0.14;2.3;2.5;0;656;220;128;89;95993;3.06;0;0.21;0.25
1998;8;19;231;21.8;18.1;14.3;13.2;11.5;10.5;-0.5;-1.7;0.14;2.3;2.5;0;493;159;102;73;96261;2.18;0.14;0.2;0.25
1998;8;20;232;23.8;18.7;11.8;13;11.3;9.6;0.5;0.5;0.14;2.3;2.5;0;547;147;93;61;96029;2.08;0.14;0.2;0.25
1998;8;21;233;19;15.9;13.6;12.2;10.4;8;3.6;2.4;0.14;2.3;2.5;0;364;83;73;35;95253;2.21;4.68;0.2;0.25
1998;8;22;234;16.7;13.6;10.6;11.9;9.4;6.2;4.2;0.3;0.14;2.2;2.5;0;502;140;82;46;95248;2.61;5.71;0.21;0.25
1998;8;23;235;14.8;12.1;9.2;9.2;6.9;5.2;3.2;0.3;0.14;2.2;2.5;0;384;110;69;42;95821;2.07;0.96;0.21;0.25
1998;8;24;236;17.3;13.3;9.9;13.4;9.7;6.1;3.6;1.3;0.14;2.2;2.5;0;380;92;68;34;95298;2.46;8.62;0.21;0.25
1998;8;25;237;15.3;11.4;8.2;8.4;5.7;2.9;3.3;-0.7;0.14;2.2;2.5;0;410;131;85;63;96256;2.16;0.63;0.21;0.25
1998;8;26;238;19;14.1;8.6;10.9;7.1;4.8;2.9;1;0.14;2.2;2.5;0;524;139;91;49;95831;2.16;1.54;0.21;0.25
1998;8;27;239;13.3;10.9;9.1;9.9;5.4;3.6;2.7;-1.5;0.14;2.2;2.5;0;463;122;74;46;95844;2.11;0.83;0.21;0.25
1998;8;28;240;11.4;9.7;7.4;6.4;5.4;4.6;3.1;-0.7;0.14;2.2;2.5;0;282;76;65;41;96115;1.03;0.41;0.21;0.25
1998;8;29;241;13.4;10.5;8.3;8.5;7.1;6.6;2.2;-0.9;0.14;2.2;2.5;0;395;107;70;37;96262;1.49;1.54;0.21;0.25
1998;8;30;242;13.7;10.9;7.4;8;6.5;5.4;1.3;-0.4;0.14;2.2;2.5;0;359;100;71;46;96293;1.33;0.31;0.21;0.25
1998;8;31;243;15.2;11.4;8.2;9;7.8;6.4;0.7;-0.6;0.14;2.2;2.5;0;379;116;95;53;96184;1.41;0.92;0.21;0.25
1998;9;1;244;18.8;13;5;9.5;6.8;4.9;-1.5;0.2;0.14;2.2;2.5;0;618;182;124;66;96324;2.23;0;0.2;0.25
1998;9;2;245;18.2;14.6;10.4;12.4;9.8;6.4;-2.2;0.3;0.14;2.2;2.5;0;375;87;63;41;96266;1.61;5.06;0.2;0.25
1998;9;3;246;18.9;15.5;13.3;16;13.9;12.4;-1.6;0.7;0.14;2.2;2.5;0;381;86;45;20;95931;1.92;16.79;0.21;0.25
1998;9;4;247;19.8;16;12.2;13.5;11.9;10.6;0.4;1;0.14;2.2;2.5;0;334;109;66;43;95762;1.92;0.53;0.22;0.25
1998;9;5;248;15.1;13.6;11.6;13.8;12.4;10.9;0.4;0.2;0.14;2.2;2.5;0;84;19;44;21;95212;0.65;23.19;0.23;0.25
1998;9;6;249;15.5;12.9;11;13;11.6;10.3;2.2;0.6;0.14;2.2;2.5;0;339;86;58;28;95514;1.73;3.93;0.24;0.25
1998;9;7;250;18.6;14.7;11;11.6;10.9;9.7;-1;0.8;0.14;2.2;2.5;0;324;98;61;33;95416;1.57;0.06;0.24;0.25
1998;9;8;251;17.4;14.3;11.3;12.4;11.7;10.4;0.4;1.3;0.14;2.2;2.5;0;217;76;70;42;95570;1.11;0.96;0.24;0.25
1998;9;9;252;23.2;17.7;12.9;13.3;12.5;11.6;0.6;3;0.14;2.2;2.5;0;455;142;93;49;95656;2.33;0.13;0.24;0.25
1998;9;10;253;23.2;18.6;15.3;16.6;14.9;13;1.1;1.6;0.14;2.2;2.5;0;467;125;74;44;95508;2.45;8.6;0.24;0.25
1998;9;11;254;15.1;14.1;11.8;13.7;13;11.3;0.5;2;0.14;2.2;2.5;0;100;33;34;27;95169;1.11;9.16;0.25;0.25
1998;9;12;255;11.8;11;7.8;11.3;10;5.9;1.8;0.1;0.14;2.1;2.5;0;86;22;49;20;94068;1.02;16.17;0.26;0.25
1998;9;13;256;11.9;9.1;6.8;6.4;4.1;1.2;2.7;0.5;0.14;2.1;2.5;0;440;122;99;58;94004;1.88;0.51;0.27;0.25
1998;9;14;257;7.7;7;6.4;6.4;5;3.4;4.3;3.1;0.14;2.1;2.5;0;190;46;62;19;94088;2.29;14.58;0.27;0.25
1998;9;15;258;9.7;8.6;7.3;8.8;7.4;6.3;5.3;1.6;0.14;2.1;2.5;0;53;14;38;10;94611;1.58;24.43;0.29;0.25
1998;9;16;259;13.7;10.3;7.7;10.6;8.6;6.3;3.9;1.3;0.14;2.1;2.5;0;337;75;62;28;94987;2.04;9.52;0.3;0.25
1998;9;17;260;9.6;8.4;7.1;9.1;7.5;5.9;3.7;0.9;0.14;2.1;2.5;0;144;38;50;19;95190;1.42;9.33;0.31;0.25
1998;9;18;261;12.4;9.5;6.9;9.4;8;5.7;1.3;-1.1;0.14;2.1;2.5;0;212;48;68;35;96554;0.91;2.68;0.31;0.25
1998;9;19;262;13.5;9.5;4.7;8.5;6.5;4.6;-0.1;-0.8;0.14;2.1;2.5;0;354;89;68;39;97355;1.06;0.22;0.3;0.25
1998;9;20;263;15.2;11.1;6.6;8.5;6.8;5.8;-1.9;-0.8;0.14;2.1;2.5;0;383;100;85;52;97591;1.33;0.11;0.3;0.26
1998;9;21;264;14.8;11.7;8.9;8.6;7.8;7;-2.4;-1.3;0.13;2;2.5;0;245;78;64;42;97479;1.12;0.04;0.29;0.26
1998;9;22;265;13.6;11.3;9.6;8.5;7;6.2;-3;-0.6;0.13;2;2.5;0;311;95;66;40;96996;1.29;0.02;0.29;0.26
1998;9;23;266;16.7;11.8;7.7;8.5;7.7;6.5;-2.4;-0.4;0.13;2;2.5;0;528;155;117;87;96757;1.71;0;0.29;0.26
1998;9;24;267;17.2;11.8;7.7;10;8.6;7.2;-2.2;-0.1;0.13;2;2.5;0;529;145;118;81;96433;1.52;0;0.28;0.26
1998;9;25;268;17.9;11.4;5.4;11.5;9;5.4;-1;0.2;0.13;2;2.5;0;479;126;106;65;95894;1.26;0.01;0.28;0.26
1998;9;26;269;18.8;12.7;5.8;12.3;10.1;5.8;-1.4;0.8;0.13;2;2.5;0;466;115;100;52;95309;1.25;0;0.27;0.26
1998;9;27;270;18;13.6;10.3;12.2;10.6;9.3;0.3;0.8;0.13;1.9;2.5;0;488;97;90;50;94945;1.42;5.02;0.28;0.26
1998;9;28;271;15.2;11.8;8.2;10.7;9.3;7.7;1.4;1;0.13;1.9;2.5;0;288;80;71;46;95031;0.98;0.37;0.27;0.26
1998;9;29;272;15.3;11.5;8.2;10.7;9.5;8;1.2;0.3;0.13;1.9;2.5;0;305;74;70;37;95294;1.06;0.97;0.27;0.26
1998;9;30;273;17.5;12.2;6.8;10.7;9.2;6.8;-2.4;0.1;0.13;1.9;2.5;0;444;111;93;42;95211;1.5;1.78;0.27;0.26
1998;10;1;274;11.9;10.3;8.2;10.3;9.2;8;-2.6;-0.2;0.13;1.9;2.5;0;119;24;20;9;95096;1.01;16.5;0.28;0.26
1998;10;2;275;8.4;7.3;6.3;7.7;6.4;5.5;-1.5;-0.6;0.13;1.9;2.5;0;86;20;26;10;95160;0.61;3.18;0.29;0.26
1998;10;3;276;10.3;8;5.6;6.7;5.7;4.9;-0.2;0;0.13;1.8;2.5;0;127;37;45;26;95346;0.41;0.25;0.28;0.26
1998;10;4;277;12.3;9.2;7.1;8.1;7;6;-1.4;0.7;0.13;1.8;2.5;0;242;60;52;22;95186;1.25;4.6;0.28;0.27
1998;10;5;278;11.1;8.4;6.7;6.5;5.9;5.2;-2.5;-0.2;0.13;1.8;2.5;0;231;60;30;21;95396;0.99;0.14;0.28;0.27
1998;10;6;279;8.1;7.4;6.6;7;5.5;4.7;-3.9;-1.4;0.13;1.8;2.5;0;148;35;16;11;95608;0.49;0.4;0.28;0.27
1998;10;7;280;9.7;8.6;6.9;9.2;8.2;6.8;0;-0.6;0.13;1.8;2.5;0;67;14;8;3;95601;0.35;14.26;0.28;0.27
1998;10;8;281;12.1;9.5;6.8;7.6;6.7;6;0.4;0.4;0.13;1.8;2.5;0;212;50;31;13;96094;0.93;0.61;0.29;0.27
1998;10;9;282;10.2;9.4;8.6;9.1;8.6;7.8;0.5;-0.1;0.13;1.7;2.5;0;63;15;31;7;96293;0.35;1.03;0.29;0.27
1998;10;10;283;10.8;9.1;8.3;7.7;7;6.1;3.8;2.3;0.13;1.7;2.5;0;166;39;46;21;95600;1.63;4.85;0.29;0.27
1998;10;11;284;9;8.4;7.8;7.9;7.3;6.7;3.9;1.5;0.13;1.7;2.5;0;138;30;38;14;95530;1.4;5.21;0.29;0.27
1998;10;12;285;8.8;7.5;5.4;8.4;6;3.3;4;0.6;0.13;1.7;2.5;0;230;36;61;21;95217;1.59;14.08;0.3;0.27
1998;10;13;286;9.5;6.8;5.2;6.3;4.4;3.1;3.1;0;0.13;1.7;2.5;0;294;77;77;46;96296;1.26;1.9;0.3;0.27
1998;10;14;287;10.8;8.9;6;10.6;7.5;3.3;2.6;2;0.13;1.7;2.5;0;56;15;21;6;96343;0.21;2.04;0.3;0.27
1998;10;15;288;12.5;11.1;10.2;11.1;10.5;9.6;2.8;1.1;0.13;1.7;2.5;0;105;21;38;9;96414;0.51;2.75;0.3;0.27
1998;10;16;289;13.7;10.2;5.6;10.1;8.3;5.6;0.3;1.1;0.13;1.6;2.5;0;274;71;67;45;96371;0.69;0.08;0.3;0.27
1998;10;17;290;18.4;13.5;9.3;10.7;9.5;8;1.9;3.1;0.13;1.6;2.5;0;403;93;95;59;95473;1.34;2.84;0.29;0.27
1998;10;18;291;11.4;8.3;5.4;10.5;5.8;4.4;2.8;0.2;0.13;1.6;2.5;0;283;65;71;40;96010;1.33;2.28;0.29;0.28
1998;10;19;292;9.7;6.3;3.5;5.4;4;2.5;0.1;0.2;0.12;1.6;2.5;0;256;58;79;48;96056;0.8;0.84;0.29;0.28
1998;10;20;293;7.4;4.6;2.7;3;2.2;0.6;3.2;0.3;0.12;1.6;2.5;0;296;64;69;42;96367;0.95;1.91;0.29;0.28
1998;10;21;294;12;6.9;2.5;4.4;2.8;1.9;0.8;2.7;0.12;1.6;2.5;0;399;95;111;66;96656;1.1;0;0.29;0.28
1998;10;22;295;13.6;10.4;7.2;8.3;5.8;2;1.8;1.8;0.12;1.6;2.5;0;164;39;50;21;96845;0.61;0.24;0.28;0.28
1998;10;23;296;16.1;11.5;6.3;8.9;7.5;4.7;1.3;2.6;0.12;1.6;2.5;0;370;90;93;57;96394;1.05;1.51;0.28;0.28
1998;10;24;297;11.2;9.9;8.2;9.6;7.5;4.7;1.7;2.2;0.12;1.6;2.5;0;282;61;78;33;95537;1.46;15.87;0.29;0.28
1998;10;25;298;10.6;9;6.1;9.3;6;3.6;4.5;2.6;0.12;1.6;2.5;0;285;71;77;42;94129;2.6;20.21;0.31;0.28
1998;10;26;299;7.7;5.3;3.5;4.8;2.5;-0.7;3.9;0.9;0.12;1.6;2.5;0.02;315;67;91;44;95226;1.4;5.69;0.31;0.28
1998;10;27;300;8.5;5.4;3.6;5.5;3.7;1.9;4.5;2;0.12;1.6;2.5;0.01;132;26;58;15;95816;1.42;6.83;0.31;0.28
1998;10;28;301;12.3;10.1;8;10.9;8;4.6;6.3;2.8;0.12;1.6;2.5;0;66;11;13;6;94783;2.85;37.18;0.32;0.28
1998;10;29;302;9.3;6.3;3.8;7.4;4.5;1.8;5.6;0.8;0.12;1.6;2.5;0;78;18;55;23;95111;2.32;21.58;0.34;0.29
1998;10;30;303;4.6;3.4;2.2;3.9;2.1;1.1;4.8;1.2;0.12;1.6;2.5;0;136;25;65;29;95499;1.39;8.44;0.34;0.29
1998;10;31;304;5.2;3.4;1.6;4.5;1.8;-0.3;3.3;1.7;0.12;1.6;2.5;0;232;51;53;29;95509;1.1;7.21;0.33;0.3
1998;11;1;305;8.6;5.1;2.8;6.9;3.6;0.4;4.1;1.8;0.12;1.6;2.5;0;85;21;63;25;94153;1.44;21.57;0.34;0.3
1998;11;2;306;5.7;3.3;1.6;0.9;-0.1;-1.3;2.1;1.1;0.12;1.6;2.5;0;194;46;65;44;95153;0.7;0.67;0.33;0.31
1998;11;3;307;8;5.8;2.6;5.8;3.3;-1.2;1.9;3;0.12;1.6;2.5;0;116;24;44;24;94356;1.06;7.39;0.32;0.31
1998;11;4;308;6.2;5.1;3.5;5.1;3.8;2.4;2.4;2.6;0.12;1.6;2.5;0;126;24;57;25;94558;1.03;5.9;0.32;0.31
1998;11;5;309;4.1;2.3;0.3;2.1;-0.5;-2.6;3.8;0.9;0.12;1.6;2.5;0;200;52;85;52;95839;1.08;1.44;0.32;0.32
1998;11;6;310;5.7;3.3;0.3;3.3;0.6;-3.8;3.8;1.4;0.12;1.6;2.5;0.05;74;19;81;28;96523;0.41;1.7;0.31;0.32
1998;11;7;311;4.1;3.1;2.2;2.5;1.9;1.1;0.7;0.4;0.12;1.6;2.5;0.03;91;22;38;15;97249;0.33;0.07;0.3;0.32
1998;11;8;312;6.4;3.1;-1;2.4;1.1;-1.7;0.3;1.7;0.12;1.5;2.5;0.02;244;60;83;48;96873;0.4;2.83;0.3;0.32
1998;11;9;313;9.2;7;4.2;8.6;6.4;2.6;1.8;1.2;0.11;1.5;2.5;0;32;7;4;1;96346;0.16;10.96;0.3;0.32
1998;11;10;314;9.4;8.2;6.8;9.1;7.9;5.8;1.7;0.3;0.11;1.5;2.5;0;73;13;34;7;95749;0.24;6.29;0.31;0.32
1998;11;11;315;6;3.5;1.6;4.9;2.4;1.2;2.9;-0.9;0.11;1.5;2.5;0;224;51;72;41;96302;0.95;2.55;0.31;0.32
1998;11;12;316;4.7;1.9;0.3;0.9;-1;-2.8;-0.2;1;0.11;1.5;2.5;0;224;50;97;43;95763;0.56;0.03;0.3;0.32
1998;11;13;317;3.4;1.5;-0.4;1.5;-0.1;-2;0.2;1.7;0.11;1.5;2.5;0;107;21;43;23;95456;0.17;0.41;0.3;0.32
1998;11;14;318;4.9;1.6;-1;1.5;0.4;-1.7;-0.5;1.9;0.12;1.5;2.5;0.48;232;39;65;37;94590;0.45;5.55;0.29;0.32
1998;11;15;319;2.9;1.4;0.5;1.4;0.5;-0.3;2.4;-0.2;0.15;1.5;2.5;2.82;106;25;40;15;95092;0.54;3.54;0.29;0.32
1998;11;16;320;2.6;0.8;-0.6;0.8;0;-1.9;1.3;-0.5;0.16;1.5;2.5;3.69;130;27;41;22;95922;0.41;3.46;0.29;0.32
1998;11;17;321;0;-1.5;-2.8;-2.2;-4.1;-6.5;2;-1.7;0.21;1.5;2.5;6.09;170;41;61;41;96659;0.53;1.83;0.29;0.31
1998;11;18;322;-0.8;-2.7;-4.8;-4;-6.1;-7.8;2.3;-0.3;0.22;1.5;2.5;7;173;39;78;46;96659;0.26;1.59;0.28;0.31
1998;11;19;323;-0.8;-2.3;-4.5;-2.8;-4.3;-7.6;1.1;-0.8;0.3;1.5;2.5;11.45;80;20;63;33;96517;0.2;5.07;0.28;0.31
1998;11;20;324;-1.7;-4.5;-7.2;-6.5;-7.5;-9.5;-0.3;-2.6;0.33;1.6;2.5;13.22;141;31;78;49;97324;0.26;0.32;0.27;0.31
1998;11;21;325;-4.2;-6.7;-12.5;-6.5;-9.9;-14.8;-1.8;-1.5;0.33;1.6;2.5;13.23;152;34;78;52;97789;0.25;0.1;0.27;0.31
1998;11;22;326;-4.2;-8.5;-14.1;-8.1;-11.4;-16.1;-3.1;-0.1;0.33;1.6;2.5;13.09;218;48;96;69;97187;0.16;0;0.27;0.31
1998;11;23;327;0.2;-2.7;-5.9;-2.7;-4.7;-7.8;-2.1;-0.5;0.33;1.6;2.5;13.3;151;27;64;33;96455;0.17;0.54;0.26;0.31
1998;11;24;328;0.1;-2.6;-5.2;-1.6;-3.5;-5.9;-0.1;-0.1;0.32;1.6;2.5;13.15;125;26;45;21;96357;0.1;0.03;0.26;0.31
1998;11;25;329;-1.6;-2.4;-3.1;-2.9;-4.2;-4.9;0;0.7;0.32;1.6;2.5;13;72;16;20;10;96092;0.13;0.13;0.26;0.31
1998;11;26;330;-1.9;-2.5;-3.4;-3.5;-4.3;-4.9;1.2;0.1;0.32;1.6;2.5;13.35;53;11;28;11;96134;0.13;0.8;0.25;0.31
1998;11;27;331;1.1;-0.5;-2.5;0.1;-1.3;-4.1;0.8;1.4;0.35;1.6;2.5;15.67;59;12;34;9;95983;0.05;2.96;0.25;0.31
1998;11;28;332;1.6;0;-1.7;0.6;-0.4;-2;-0.5;1;0.35;1.6;2.5;15.8;68;15;58;15;96382;-0.02;0.07;0.25;0.31
1998;11;29;333;-0.5;-2.3;-5.1;-2.6;-3.7;-5.8;-1.7;0.1;0.33;1.6;2.5;15.2;73;15;38;18;95789;0.16;0.07;0.25;0.31
1998;11;30;334;1.3;-0.8;-3.4;-1;-2.6;-4.5;-2.4;-1;0.33;1.6;2.5;15.08;101;19;32;18;96476;0.29;0.1;0.25;0.31
1998;12;1;335;-1.8;-3.3;-4.8;-4;-7.2;-9;-3.1;-1.3;0.32;1.6;2.5;14.78;191;36;93;55;97230;0.52;0;0.24;0.31
1998;12;2;336;-0.8;-3.7;-5.9;-4.9;-6.9;-9.2;-3.4;-0.7;0.31;1.6;2.5;14.42;162;35;83;64;96964;0.26;0;0.24;0.31
1998;12;3;337;-0.7;-3.7;-6.1;-3.5;-5.3;-7;-0.8;0.6;0.31;1.7;2.5;14.24;146;29;59;36;96248;0.11;0;0.24;0.31
1998;12;4;338;-3;-3.7;-4.9;-4.9;-5.6;-6.4;1.3;0.7;0.31;1.7;2.5;14.23;85;17;28;17;94963;0.24;1.67;0.24;0.31
1998;12;5;339;-1.1;-2.3;-3.4;-3.4;-4.4;-5.4;4.4;0.6;0.35;1.7;2.5;17.63;90;21;69;29;94682;0.3;4.71;0.23;0.3
1998;12;6;340;-2.4;-3.4;-5;-4.4;-5.5;-6.9;4.8;-0.8;0.37;1.7;2.5;22.68;82;17;66;36;95259;0.25;5.08;0.23;0.3
1998;12;7;341;-3.7;-6;-8.8;-7.2;-8.3;-10.6;3.1;-1.1;0.37;1.7;2.5;24.95;123;27;86;61;96392;0.09;0.56;0.23;0.3
1998;12;8;342;-4.4;-7.5;-9.9;-7.7;-9.7;-11.6;1.7;-0.4;0.37;1.7;2.5;25.17;110;21;64;38;97141;0.08;0.17;0.23;0.3
1998;12;9;343;-4.6;-9.9;-14.5;-7.8;-11.7;-16.1;-0.6;1.3;0.37;1.7;2.5;25.15;143;28;79;34;97068;0.06;0;0.23;0.3
1998;12;10;344;-3.9;-8.6;-11.7;-6.5;-10.5;-13.3;-1.2;0.6;0.37;1.7;2.5;25.49;107;19;56;25;96578;0.1;0.71;0.23;0.3
1998;12;11;345;-3.7;-7;-12.5;-5.8;-9.3;-14.2;-1.5;0.6;0.37;1.7;2.5;25.76;94;17;30;9;96249;0.17;0.34;0.22;0.3
1998;12;12;346;2.6;0.4;-4.1;2.1;-0.3;-5.4;1.1;1.7;0.37;1.7;2.5;26.29;44;8;27;4;96569;-0.15;2.6;0.22;0.3
1998;12;13;347;7.6;4.4;1.9;6.9;2.8;-0.2;5.4;0.9;0.33;1.7;2.5;17.34;131;24;73;30;96564;-0.19;5.78;0.24;0.3
1998;12;14;348;5.2;3.3;1.5;5.2;3;0.3;2.7;0.5;0.27;1.7;2.5;11.19;38;5;43;6;97193;-0.33;5.01;0.25;0.3
1998;12;15;349;6.3;4.6;0.5;6.2;4.3;-0.5;1.6;1.1;0.2;1.7;2.5;6.39;57;10;68;16;97127;-0.39;0.46;0.25;0.3
1998;12;16;350;5.2;2.8;-0.7;4.7;1.9;-0.9;3;-0.1;0.16;1.7;2.5;4.26;153;26;75;38;97254;0.02;2.17;0.26;0.3
1998;12;17;351;2.8;-0.3;-2.2;0.5;-1.1;-3.5;0.1;1.2;0.15;1.7;2.5;3.46;162;30;75;39;97342;0.11;0;0.25;0.3
1998;12;18;352;5.2;0.6;-1.8;1.4;-1.4;-3.9;0.9;1.8;0.15;1.7;2.5;3.13;206;42;86;60;96523;0.02;0.06;0.25;0.3
1998;12;19;353;5.3;2.6;-0.6;3.9;1.4;-1.5;3.5;2.1;0.14;1.7;2.5;2.4;77;12;49;15;95491;0.51;6.21;0.26;0.3
1998;12;20;354;1.7;0.4;-1.8;0.4;-0.6;-3.1;2;0.3;0.14;1.6;2.5;2.51;101;18;51;25;95147;0.3;1.47;0.26;0.3
1998;12;21;355;-0.5;-2;-2.9;-3.5;-4.4;-5.1;2.5;-1.1;0.15;1.6;2.5;3.26;116;24;83;46;95857;0.24;1.26;0.26;0.3
1998;12;22;356;-0.1;-1.6;-2.7;-2.2;-3.6;-4.6;2.7;0.4;0.18;1.6;2.5;4.73;83;18;47;26;96700;0.08;1.64;0.25;0.3
1998;12;23;357;0.2;-1.4;-3.1;-1.5;-2.8;-5.9;-0.1;1.3;0.19;1.6;2.5;5.72;138;28;91;40;96811;0.04;0.3;0.25;0.3
1998;12;24;358;0.7;-1.5;-3.9;-0.2;-3.4;-6.9;0.5;1.6;0.2;1.6;2.5;6.34;101;20;74;29;96402;0.07;1.9;0.25;0.29
1998;12;25;359;1;-0.1;-1.4;-1.4;-2;-2.8;1.7;2;0.22;1.6;2.5;7.58;114;20;47;14;96868;0.19;0.11;0.25;0.29
1998;12;26;360;4.5;3.4;1;3.2;1.8;-1.8;2.6;2.8;0.2;1.5;2.5;5.98;40;7;22;6;96278;0.19;1.77;0.25;0.29
1998;12;27;361;7.5;6.6;4.6;5.3;3.4;0.2;2.6;2.9;0.14;1.5;2.5;2.39;15;4;55;11;95571;1.02;3.26;0.25;0.29
1998;12;28;362;8.2;4.2;2;2.3;0;-2.4;0.5;2.1;0.12;1.5;2.5;1.15;215;43;94;68;95801;0.26;0.01;0.25;0.29
1998;12;29;363;5.1;2.6;0.8;2.8;1.4;-0.4;-1.4;0.3;0.12;1.5;2.5;0.91;147;28;64;32;96265;0.13;0.1;0.25;0.29
1998;12;30;364;2.6;0.1;-1.8;0;-1.3;-2.5;-2.3;0.2;0.12;1.5;2.5;0.77;214;40;87;62;96064;0.11;0.01;0.25;0.29
1998;12;31;365;2.5;-1.1;-3.1;-2.5;-3.5;-4.4;-1.9;0.7;0.12;1.4;2.5;0.71;227;44;102;69;95947;0.13;0;0.25;0.29
1999;1;1;1;3.5;-0.1;-2;-1.8;-3.2;-4.8;-1.7;1.1;0.12;1.4;2.5;0.68;209;40;85;57;95808;0.04;0;0.25;0.29
1999;1;2;2;3;-1;-3.5;-1.5;-3.1;-4.6;-0.8;1.8;0.11;1.4;2.5;0.65;207;41;83;63;95601;0.06;0.03;0.25;0.29
1999;1;3;3;4.3;1.7;-1.3;4;0.6;-3;1.3;2.7;0.12;1.4;2.5;1;173;29;80;23;95283;0.36;8.92;0.25;0.29
1999;1;4;4;7.9;4.8;2;7.5;4.1;0.9;3.3;1.6;0.13;1.4;2.5;1.64;51;7;10;3;95922;0.15;2.26;0.25;0.29
1999;1;5;5;9.6;7.2;3.6;8.5;6.6;2.3;1.6;2;0.11;1.4;2.5;0.61;109;20;72;26;96397;-0.01;0.24;0.25;0.29
1999;1;6;6;8.8;3.6;0.3;5.5;1.9;-0.9;0.4;2.1;0.11;1.3;2.5;0.35;232;47;95;73;96231;0.15;0;0.25;0.29
1999;1;7;7;9.9;5.7;2.8;4.7;1.9;-1.1;3.3;0.9;0.11;1.3;2.5;0.22;167;32;79;45;95299;0.54;4.44;0.25;0.29
1999;1;8;8;4;2.5;0.8;3.8;1.8;-0.4;2.5;1.4;0.11;1.3;2.5;0.26;69;13;72;23;94700;0.34;8.72;0.26;0.29
1999;1;9;9;1.8;0.8;-0.1;1.7;0.4;-0.4;1.7;0.5;0.13;1.3;2.5;1.65;99;21;38;20;94739;0.28;6.65;0.26;0.29
1999;1;10;10;0.3;-0.2;-1.1;-0.6;-2.1;-3.1;-3.2;-0.7;0.19;1.3;2.5;5.03;120;24;54;26;95327;0.44;0.52;0.26;0.29
1999;1;11;11;2.9;0.5;-1.3;-1.2;-2.1;-3;-1.3;-1.2;0.19;1.2;2.5;5.25;152;31;71;38;94632;0.2;4.82;0.26;0.29
1999;1;12;12;-1.5;-3.8;-5.7;-2.9;-6.9;-9;3.5;1.2;0.32;1.2;2.5;12.87;165;29;74;34;95367;0.4;4.23;0.26;0.29
1999;1;13;13;-0.3;-2;-4.3;-1.7;-4.4;-9.5;2.7;2;0.36;1.2;2.5;15.17;76;16;44;19;94947;0.32;3.47;0.26;0.29
1999;1;14;14;2.1;0.5;-0.9;0.5;-0.8;-3;3.5;1.9;0.37;1.2;2.5;18.28;58;12;49;22;95103;0.07;5.39;0.26;0.29
1999;1;15;15;3.2;1.7;0.3;1.8;0.3;-1.4;3.6;2.3;0.36;1.2;2.5;18.39;33;8;49;21;95658;-0.02;3;0.26;0.29
1999;1;16;16;6.3;2.7;0;-1;-2.6;-3.8;0.9;2.8;0.33;1.2;2.5;15.89;151;29;80;48;95546;0.68;0.23;0.26;0.29
1999;1;17;17;8.5;1;-3.3;1.4;-3.6;-7.8;-0.6;1.5;0.3;1.2;2.5;13.67;209;44;101;60;95858;0.14;0;0.26;0.29
1999;1;18;18;6.1;0;-2.3;0.9;-2;-3.8;-0.7;0.4;0.27;1.2;2.5;11.78;213;43;96;49;96545;0.02;0;0.26;0.29
1999;1;19;19;4.9;0.2;-2.4;1.7;-1;-3;-0.4;1.8;0.25;1.2;2.5;10.22;172;35;82;43;96775;-0.03;0;0.26;0.29
1999;1;20;20;4.9;-0.5;-3.1;0.8;-2.1;-4.1;-0.8;1.6;0.23;1.1;2.5;8.93;227;47;94;58;96748;0.07;0;0.26;0.29
1999;1;21;21;5.7;-0.5;-3.6;-0.1;-3;-4.7;-0.7;1.4;0.21;1.1;2.5;7.8;241;52;100;62;96737;0.14;0;0.26;0.29
1999;1;22;22;4.6;-0.6;-3.9;-0.4;-3.1;-5;-0.5;0.8;0.2;1.1;2.5;6.82;221;48;76;49;96758;0.09;0;0.26;0.29
1999;1;23;23;4.5;-1;-4.1;-1.1;-3.2;-4.9;-0.5;1.2;0.19;1.1;2.5;6.03;258;56;102;64;96614;0.04;0;0.26;0.29
1999;1;24;24;3.3;-0.4;-4.3;1.4;-1.6;-5.3;1.1;1.6;0.18;1.1;2.5;5.39;151;33;53;28;96616;0.07;0.09;0.26;0.29
1999;1;25;25;6;4.1;1.1;5.5;3.5;0.7;2.9;2.4;0.16;1.1;2.5;3.82;31;7;5;0;96390;-0.07;0.86;0.26;0.29
1999;1;26;26;6.6;3.2;0.3;5.3;2.8;0.2;2.5;0.7;0.12;1.1;2.4;1.47;59;11;13;5;95517;0.22;7.48;0.27;0.29
1999;1;27;27;1.6;0.5;-0.5;1.3;-0.1;-1.2;2;0.7;0.18;1.1;2.4;4.84;118;24;54;20;94697;0.31;7.61;0.27;0.29
1999;1;28;28;1.2;-0.1;-1.3;-0.3;-1.2;-2;1.8;0.2;0.26;1.1;2.4;9.86;77;19;45;22;94774;0.23;5.19;0.27;0.29
1999;1;29;29;-0.9;-4.2;-6.5;-2.5;-8.5;-13.2;-0.1;-3.8;0.31;1.1;2.4;12.37;220;48;92;64;96245;0.57;0.68;0.27;0.29
1999;1;30;30;-3.8;-6.3;-9.7;-7.8;-10.1;-12.5;-0.1;-3.2;0.34;1.1;2.4;13.85;181;38;83;52;97308;0.3;2.37;0.27;0.29
1999;1;31;31;-7.7;-10;-12.1;-12.1;-14.3;-16.3;-0.2;-1.7;0.35;1.1;2.4;14.59;235;53;107;52;97694;0.2;0.12;0.27;0.29
1999;2;1;32;-4.1;-5.9;-8.8;-5.8;-9.4;-15.1;1.6;0.3;0.36;1.1;2.4;15.88;64;13;28;5;97458;0.23;2.48;0.26;0.29
1999;2;2;33;1.1;-1.3;-3.8;-0.5;-2.5;-5.6;1.5;-0.4;0.37;1.1;2.4;17.2;90;21;26;10;97422;0.11;0.9;0.26;0.29
1999;2;3;34;1.4;0.2;-1.2;0.3;-0.4;-1.4;3;0.2;0.37;1.1;2.4;18.34;100;19;15;8;97380;0.02;3.21;0.26;0.29
1999;2;4;35;4.1;2.7;0.7;3.9;2.6;0.5;4.7;1;0.34;1.1;2.4;16.2;41;9;5;1;96430;-0.43;4.02;0.27;0.29
1999;2;5;36;4.1;1.9;-0.7;3.8;0.1;-3.4;6.3;-0.2;0.26;1.1;2.4;10.18;173;40;63;32;94816;0.72;7.92;0.28;0.29
1999;2;6;37;1;-0.8;-1.7;-2.5;-3.4;-4;5;-0.5;0.29;1.1;2.4;12.19;198;48;82;55;94672;0.52;2.88;0.28;0.29
1999;2;7;38;1.1;-1.2;-3.3;-0.4;-3.1;-5.4;3.6;0.7;0.35;1.1;2.4;18.56;221;38;79;40;93924;0.32;9.41;0.28;0.28
1999;2;8;39;-0.8;-3.5;-6.4;-4.6;-6.1;-8.6;3.8;0.5;0.38;1.1;2.4;23.57;210;45;79;54;94380;0.36;3.4;0.28;0.28
1999;2;9;40;-1.9;-5.7;-10;-6.9;-9.2;-12.1;-0.4;-0.3;0.38;1.1;2.4;25.03;183;43;69;43;94172;0.23;0.32;0.27;0.28
1999;2;10;41;-1.9;-4;-5.8;-7;-9.4;-12.4;0.8;-0.1;0.37;1.1;2.4;24.82;234;56;97;53;94874;0.34;0.16;0.27;0.28
1999;2;11;42;-2.7;-6.9;-10.7;-9.3;-11.4;-12.8;-1;-1.4;0.37;1.1;2.4;24.37;241;60;112;65;95701;0.37;0;0.27;0.28
1999;2;12;43;-3.8;-8.8;-15.2;-10.5;-12.9;-16.7;-1.5;-2.5;0.37;1.1;2.4;24.05;234;59;98;63;96698;0.39;0.09;0.27;0.28
1999;2;13;44;-2.4;-4.7;-7.4;-5.3;-7.4;-10.1;-0.4;-2.9;0.37;1.1;2.4;25.46;104;22;37;17;96899;0.33;3.48;0.27;0.28
1999;2;14;45;-2.5;-4.4;-6.2;-5.5;-7;-8.3;-0.1;-2;0.37;1.1;2.4;27.49;125;32;41;23;96816;0.3;1.18;0.27;0.28
1999;2;15;46;0.2;-5.2;-11.1;-5.4;-7.8;-11.7;1.5;1.3;0.37;1.1;2.4;27.9;253;63;107;58;96581;0.28;0.01;0.27;0.28
1999;2;16;47;0.9;-1.5;-5.1;0;-3.5;-8;4.3;1.3;0.37;1.1;2.4;30.49;75;15;69;25;95199;0.27;6.4;0.27;0.28
1999;2;17;48;-0.7;-2.1;-4.5;-2.7;-5.4;-8.6;5.4;0.1;0.38;1.1;2.4;37.89;259;56;93;52;94686;0.55;6.22;0.26;0.28
1999;2;18;49;0.1;-3.1;-8.1;-5;-6.3;-9.4;3.2;-0.4;0.38;1.1;2.4;40.02;195;49;70;44;95660;0.37;1.03;0.26;0.28
1999;2;19;50;4;0.4;-8.7;3.9;0;-9.7;2.6;1.4;0.37;1.1;2.4;39.22;55;13;42;-2;95796;-0.33;11.79;0.26;0.28
1999;2;20;51;4.5;3.3;1;4.4;3.2;0.7;2.2;0.1;0.36;1.1;2.4;30.6;35;9;23;4;95532;-0.4;8.24;0.29;0.28
1999;2;21;52;2.5;1.2;-0.1;2.3;0.4;-0.5;3.2;1.6;0.36;1.1;2.4;27.89;173;31;43;16;94886;-0.06;10.92;0.29;0.28
1999;2;22;53;2.4;0.1;-1.7;2.2;-1.9;-4.4;4.5;0.3;0.37;1.1;2.4;30.88;273;56;78;44;93761;0.38;7.25;0.3;0.28
1999;2;23;54;0.6;-0.9;-2.2;-1.5;-3.2;-4.6;4.3;-0.5;0.37;1.1;2.5;36.15;180;42;67;36;94339;0.43;6.38;0.3;0.28
1999;2;24;55;1;-1.6;-3.3;-2.2;-3.5;-4.9;3.1;-0.2;0.37;1.2;2.5;39.97;250;59;81;51;95091;0.2;2.65;0.3;0.29
1999;2;25;56;0.7;-2;-3.5;-4.3;-5.4;-6.6;2.2;0;0.37;1.2;2.5;40.58;283;71;110;54;96061;0.39;0.01;0.29;0.29
1999;2;26;57;4.2;0.2;-2.1;-1.5;-3.6;-5.7;1.8;1.6;0.37;1.2;2.5;40.01;179;35;76;31;96066;0.39;0.24;0.29;0.29
1999;2;27;58;9;2;-5.3;1.9;-1.7;-7.3;0.9;1.9;0.36;1.2;2.5;35.64;328;87;106;56;95769;-0.08;0;0.29;0.29
1999;2;28;59;6.5;3.4;-0.6;3.4;0.5;-2;2.4;0.6;0.34;1.2;2.5;25.84;272;64;97;42;96338;0.05;0.73;0.3;0.29
1999;3;1;60;7.4;3.8;-0.3;5.2;0.8;-1.8;4;2.9;0.3;1.2;2.5;19.7;282;66;77;39;95914;0.18;7.25;0.31;0.29
1999;3;2;61;7.1;6.4;5.8;6.6;6.1;5.5;4.3;1.8;0.22;1.2;2.5;9.61;50;11;2;0;95395;-0.4;10.21;0.32;0.29
1999;3;3;62;11.6;7.9;3.9;6.4;5.3;2.8;2.5;2.6;0.15;1.2;2.5;3.59;311;70;62;34;94566;0.63;1.34;0.33;0.29
1999;3;4;63;10.5;5.6;1.2;4.5;3;0.4;-0.2;-0.2;0.13;1.2;2.5;1.76;252;71;75;41;93654;0.47;0.26;0.32;0.3
1999;3;5;64;4.9;2.3;0.3;3.7;1.5;-0.5;2.3;0.5;0.14;1.2;2.5;2.31;187;43;63;25;93683;0.63;6.76;0.32;0.3
1999;3;6;65;5.3;1.1;-2.8;0.2;-1.2;-3.5;2;1.6;0.15;1.3;2.5;2.62;374;89;93;52;94322;0.82;1.98;0.31;0.3
1999;3;7;66;3.9;0.2;-2.8;-1.7;-3.6;-5.3;1.4;0.2;0.15;1.3;2.5;2.51;302;78;76;52;94907;0.52;0.11;0.31;0.3
1999;3;8;67;6.3;1.2;-3.6;-1.7;-4.1;-5.3;0.8;1.5;0.15;1.3;2.5;2.25;375;92;92;52;95239;0.47;0.43;0.3;0.3
1999;3;9;68;4.1;2.3;0.4;3.5;1.1;-3.9;1;2.7;0.21;1.3;2.5;6.64;79;23;12;5;95030;0.1;11.86;0.3;0.3
1999;3;10;69;7.7;4.9;2.4;6.5;4.3;2.2;1.5;1;0.19;1.3;2.5;4.76;100;28;16;5;95364;0.16;7.72;0.31;0.3
1999;3;11;70;4.3;1.5;-1.1;2;-1.7;-4.1;0.1;-0.5;0.16;1.3;2.5;2.71;251;69;104;44;96093;0.64;0;0.31;0.3
1999;3;12;71;10.3;3.3;-2.7;1;-1.8;-4.9;-2.2;0.6;0.15;1.3;2.5;2.03;504;142;110;81;96139;0.85;0;0.31;0.3
1999;3;13;72;15.3;6.6;-1.3;7.1;2.4;-2.5;-1.3;0.5;0.13;1.3;2.5;1.14;514;146;118;75;96157;0.98;0.01;0.3;0.3
1999;3;14;73;15.5;7.5;-0.8;6.8;3.7;-1.6;-0.5;-0.4;0.13;1.3;2.5;0.51;480;133;113;67;96469;0.94;0.3;0.3;0.3
1999;3;15;74;9.8;5.9;2.1;4.4;1.3;-1.5;-0.6;-2.2;0.12;1.4;2.5;0.22;415;108;85;59;96934;1.06;0.02;0.29;0.3
1999;3;16;75;4.1;1.8;-0.8;0.1;-2.9;-5.5;-2;-1.1;0.12;1.4;2.5;0.17;250;75;73;45;97169;0.64;0.01;0.29;0.3
1999;3;17;76;4.5;0.7;-2.6;-3.1;-4.5;-6.5;-2.5;0;0.12;1.4;2.5;0.15;548;155;115;82;97190;0.89;0;0.29;0.3
1999;3;18;77;5.8;1.2;-2.4;-2.3;-3.7;-4.9;-1.5;0.2;0.12;1.4;2.5;0.11;554;157;123;87;96531;0.88;0;0.28;0.3
1999;3;19;78;6.1;1.3;-2.9;1;-2.1;-4.8;1;-0.4;0.12;1.4;2.5;0.08;421;111;81;61;96030;0.49;1.14;0.28;0.3
1999;3;20;79;5;1.5;-1.4;-1.1;-2.7;-4;2.3;-1.3;0.14;1.4;2.5;0.87;440;114;85;52;96338;1.15;1.66;0.28;0.3
1999;3;21;80;6.7;2.9;0.1;0.3;-0.6;-2.5;2.1;1.4;0.14;1.5;2.5;1.38;289;71;59;33;95581;0.82;2.18;0.27;0.3
1999;3;22;81;6.8;3.9;2.2;3;2.2;0.3;2;1.4;0.14;1.5;2.5;0.93;381;112;73;32;94730;1.49;5.25;0.28;0.3
1999;3;23;82;3.6;1.8;0;3.5;0.4;-2.6;4;1;0.15;1.5;2.5;2.15;216;50;33;14;95349;0.71;6.98;0.28;0.3
1999;3;24;83;10.2;6.1;3.4;5.4;3.9;2.1;1.4;1.2;0.15;1.5;2.5;2.3;311;67;86;30;95781;0.73;1.46;0.28;0.3
1999;3;25;84;15.8;8;-0.7;5.6;2.8;-1.7;-1.3;1.3;0.14;1.5;2.5;1.08;586;176;130;88;95049;1.51;0;0.28;0.3
1999;3;26;85;15.8;9.7;3.5;7.1;4.2;1.2;0.4;0.4;0.13;1.5;2.5;0.42;554;162;116;68;94636;1.49;0.46;0.27;0.3
1999;3;27;86;16.8;9.3;2;8.6;5.6;1.4;-1.9;-1.8;0.13;1.5;2.5;0.14;573;155;116;64;94349;1.74;7.64;0.27;0.3
1999;3;28;87;8.3;6.1;3.5;7;4.6;1.9;-0.4;-2.5;0.13;1.6;2.5;0;181;48;45;21;95109;0.63;0.6;0.27;0.3
1999;3;29;88;8.8;5.7;3.2;4.7;3.3;2;0.2;-1.5;0.13;1.6;2.5;0;208;56;27;15;96187;0.5;0.03;0.27;0.3
1999;3;30;89;10.7;7.6;4.7;5.3;4.5;3.9;0.2;-0.7;0.13;1.6;2.5;0;254;69;48;25;96390;0.66;0.13;0.27;0.3
1999;3;31;90;14.3;8.9;3.4;6.3;3.4;1.4;-1.4;-0.6;0.13;1.6;2.5;0;495;151;96;63;96407;1.57;0;0.26;0.3
1999;4;1;91;15.9;9.9;3;5.3;2.4;0.8;-2.7;-0.5;0.13;1.6;2.5;0;618;194;129;94;96194;2.03;0;0.26;0.3
1999;4;2;92;16;9.9;3.6;3.2;1.2;-0.1;-2.1;-0.5;0.13;1.6;2.5;0;636;201;143;102;96124;2.15;0;0.26;0.3
1999;4;3;93;16.1;10.7;3.2;4.7;1.9;0.6;-0.2;-0.1;0.13;1.7;2.5;0;589;185;133;82;96445;1.97;0;0.25;0.3
1999;4;4;94;12.3;8.8;5.1;10.4;6.9;1.8;1.7;0.2;0.13;1.7;2.5;0;297;76;49;28;96550;1.18;11.21;0.25;0.3
1999;4;5;95;13.5;9.7;6;10;8;5.1;1.8;0.2;0.13;1.7;2.5;0;455;120;74;36;97002;1.49;1.6;0.26;0.3
1999;4;6;96;16.9;11.2;4.1;9.2;7;3.5;2.3;1.4;0.13;1.7;2.5;0;484;138;77;54;96557;1.64;2.47;0.26;0.3
1999;4;7;97;10.7;8.9;5.6;9.3;6.9;4.1;2.5;0.2;0.13;1.7;2.5;0;331;93;67;33;95665;1.51;2.52;0.26;0.3
1999;4;8;98;10.1;6.6;4.1;4.1;3.4;2.7;1.4;-1.9;0.13;1.7;2.5;0;445;126;74;47;96109;1.88;2.57;0.25;0.3
1999;4;9;99;10.2;6.7;1.9;4.4;3.1;1.7;0.5;-0.7;0.14;1.7;2.5;0;239;78;70;35;96665;0.97;0.15;0.25;0.3
1999;4;10;100;14.1;9.1;4.3;5.3;3.6;2.2;1.4;0.5;0.14;1.8;2.5;0;589;189;116;77;96186;1.88;0;0.25;0.3
1999;4;11;101;11;8.1;4.7;9.6;5.4;1.4;2.7;-0.1;0.14;1.8;2.5;0;285;77;87;37;95691;1.51;4.2;0.25;0.3
1999;4;12;102;10.6;6.5;3.8;3.6;1.8;-0.6;2.8;2.5;0.14;1.8;2.5;0;314;108;65;43;94829;1.48;0.89;0.25;0.3
1999;4;13;103;8.8;5.8;2.1;6;3.4;0.8;2.6;1.3;0.14;1.8;2.5;0;386;128;76;43;94226;1.92;5.02;0.25;0.3
1999;4;14;104;9.8;4.9;-0.1;1.1;-0.6;-2.1;2;2.9;0.16;1.8;2.5;1.33;570;155;93;60;94321;2.06;3.21;0.25;0.3
1999;4;15;105;6;3.9;0.9;1.8;0.5;-0.8;2;0.9;0.15;1.8;2.5;0.85;190;64;54;29;94719;1.21;3.65;0.25;0.29
1999;4;16;106;5.1;2.3;0.6;1.8;0.5;-0.8;-0.2;-0.8;0.17;1.9;2.5;2.45;264;83;47;25;95035;1.3;10.26;0.25;0.29
1999;4;17;107;7.5;3.2;-1;2.4;0.9;-1.5;1.6;-1.6;0.2;1.9;2.5;4.32;459;131;78;43;94735;1.76;5.41;0.25;0.29
1999;4;18;108;7.7;2.7;-3.1;4.6;1.2;-3.4;2;0.5;0.18;1.9;2.5;2.51;436;145;88;62;95373;1.48;3.72;0.26;0.29
1999;4;19;109;7.6;2.9;-1.7;3.6;0.8;-2.1;0.3;0.3;0.16;1.9;2.5;1.38;462;150;89;60;95955;1.67;4.56;0.26;0.29
1999;4;20;110;9.4;4;-2.9;1;-0.8;-3.2;-0.6;0.8;0.15;1.9;2.5;0.85;637;187;124;73;95882;2.02;1.46;0.26;0.29
1999;4;21;111;10;5.9;1.1;9;4;-2.3;-0.3;2;0.15;2;2.5;0.45;127;42;67;24;95232;0.53;5.24;0.26;0.29
1999;4;22;112;13.4;9;4.9;6.9;5.3;3.7;1.9;1.4;0.14;2;2.5;0.14;575;176;100;67;95681;2.13;1.15;0.26;0.29
1999;4;23;113;15.2;9.7;1.8;8.3;5.7;1.6;-0.6;0.8;0.14;2;2.5;0.02;620;212;119;83;95778;2.22;0.69;0.26;0.29
1999;4;24;114;15.8;10.1;2.9;9.4;6.9;2.7;0.1;-0.9;0.14;2;2.5;0;596;191;105;70;95816;2.29;3.55;0.26;0.29
1999;4;25;115;16.4;11.3;6.2;9.8;7.8;5.7;-1;-1.4;0.14;2;2.5;0;656;208;108;79;95907;2.7;2.58;0.26;0.29
1999;4;26;116;15.9;10.9;3.9;8.6;6.3;3.9;-2;-0.9;0.14;2.1;2.5;0;534;194;103;78;95798;2.36;0.53;0.25;0.29
1999;4;27;117;15.3;11.1;6.8;10;7.9;6.3;-1.9;-2.2;0.15;2.1;2.5;0;525;185;104;61;95948;2.18;0.79;0.25;0.29
1999;4;28;118;14.2;10.9;8.5;8.1;7.5;6.7;-0.8;-1.8;0.15;2.1;2.5;0;297;103;79;33;96287;1.43;0.62;0.25;0.29
1999;4;29;119;18;12.2;6.6;8.4;7;5.9;-1.8;-1.4;0.15;2.1;2.5;0;695;230;127;85;95814;2.77;0;0.25;0.29
1999;4;30;120;18.4;12.9;6.3;8.6;6.9;4.2;0.4;-0.4;0.15;2.1;2.5;0;681;190;119;76;95786;2.48;0;0.24;0.29
1999;5;1;121;18.5;13.4;7.6;11.9;9.9;6.7;1.5;0.2;0.15;2.2;2.5;0;529;188;101;65;95995;2.25;4.84;0.24;0.29
1999;5;2;122;15;11.6;7.3;9.3;7.4;5.9;-1.4;-1.1;0.15;2.2;2.5;0;437;148;72;54;96256;2.07;0.43;0.24;0.29
1999;5;3;123;18.7;13.1;6.5;9;6;4.4;-0.6;-1;0.15;2.2;2.5;0;596;227;131;87;96270;2.93;0;0.24;0.29
1999;5;4;124;16.1;12.2;8.3;5.7;4.2;1.8;-5.1;-1.1;0.15;2.2;2.5;0;556;194;91;74;95809;2.62;0.09;0.23;0.29
1999;5;5;125;12.8;10.1;8.4;5.3;2.8;1;-4.5;-0.3;0.15;2.2;2.5;0;270;79;76;36;95793;2.13;2.22;0.23;0.29
1999;5;6;126;12.9;9.3;6.3;9.3;4.2;-1.1;-2.9;0.4;0.15;2.2;2.5;0;465;106;67;36;96229;2.04;5.7;0.23;0.29
1999;5;7;127;17.3;12.2;7.4;9.8;7.3;4.6;-0.9;1;0.15;2.3;2.5;0;492;176;102;55;95884;2.34;0.28;0.23;0.29
1999;5;8;128;14.9;12;9.4;13.6;10.6;7.9;1.5;0.7;0.15;2.3;2.5;0;183;67;61;31;95632;1.37;13.01;0.24;0.29
1999;5;9;129;17.9;12.7;6.5;10.3;7.3;5.1;0.9;0;0.15;2.3;2.5;0;540;195;106;75;96281;2.64;0.22;0.24;0.29
1999;5;10;130;20.4;14.1;6.2;12.2;8.9;4.2;0.9;1.4;0.15;2.3;2.5;0;604;199;106;67;95994;2.9;1.41;0.24;0.29
1999;5;11;131;16.1;12.8;10.1;12.5;10.9;9.3;2.2;0.7;0.15;2.3;2.5;0;357;107;52;30;95850;1.87;6.36;0.24;0.29
1999;5;12;132;16.5;12.3;8.8;10.8;9.5;8.5;2;0.6;0.15;2.4;2.5;0;548;152;88;40;95597;2.31;3.5;0.24;0.28
1999;5;13;133;14.8;12;9.2;10.7;8.6;6.8;2.7;0.2;0.15;2.4;2.5;0;524;165;90;51;95600;2.48;1.69;0.24;0.28
1999;5;14;134;15.5;12;8.3;10.4;8.3;6.5;2;0.4;0.15;2.4;2.5;0;484;164;91;54;95377;2.28;1.36;0.24;0.28
1999;5;15;135;13;9.8;5.9;8.3;5.1;0.7;1.7;-1.8;0.15;2.4;2.5;0;594;195;107;75;95571;2.49;1.01;0.24;0.28
1999;5;16;136;12.1;8.4;4.3;4.1;2.8;1.9;-0.7;-1.6;0.15;2.4;2.5;0;541;166;90;63;96113;2.3;0.94;0.23;0.28
1999;5;17;137;15.9;11.3;5.9;3.9;2.8;1.9;-4.4;-0.7;0.16;2.4;2.5;0;696;242;110;83;96124;3.3;0;0.23;0.28
1999;5;18;138;17.9;12.8;8.6;6.4;4.3;1;-5.5;-0.1;0.16;2.5;2.5;0;735;268;126;94;96058;3.55;0;0.23;0.28
1999;5;19;139;21;14.5;8.2;11.8;7.8;3.5;-2.9;0.9;0.16;2.5;2.5;0;707;246;117;80;95698;3.37;1.24;0.22;0.28
1999;5;20;140;19.5;14.4;10.6;12;10.5;9.3;0.3;-1.1;0.16;2.5;2.5;0;613;191;107;51;95457;3.04;9.4;0.22;0.28
1999;5;21;141;13.3;12.5;11.8;12.3;11.4;10.8;-0.3;-3.8;0.16;2.5;2.5;0;107;32;27;13;95094;1.59;27.76;0.24;0.28
1999;5;22;142;15.2;12.3;9.4;11.4;10.3;8.4;2.2;-0.8;0.16;2.5;2.5;0;301;85;47;22;95866;1.66;6.68;0.26;0.28
1999;5;23;143;14;11.6;7.9;8.3;6.8;4.8;1.5;-0.5;0.16;2.5;2.5;0;481;135;75;43;96605;2.19;0.54;0.26;0.28
1999;5;24;144;17;13.7;8.3;11.1;8.5;6.5;0;0.5;0.16;2.5;2.5;0;446;145;59;45;96561;2.08;0.04;0.25;0.28
1999;5;25;145;19.2;15;10.1;11.9;10.3;7.9;1.1;-0.1;0.16;2.6;2.5;0;477;175;83;59;96203;2.62;0.54;0.25;0.28
1999;5;26;146;19.7;15.2;10;11.1;8.9;7.2;0.3;-0.9;0.16;2.6;2.5;0;638;248;128;85;96358;3.58;0.02;0.25;0.28
1999;5;27;147;23.3;17.2;8.7;12.1;9.9;7.8;-1.6;-0.1;0.16;2.6;2.5;0;719;266;131;93;96410;4.07;0;0.24;0.28
1999;5;28;148;24.6;18.2;11.1;16.5;13.9;10.3;0.1;0.2;0.16;2.6;2.5;0;654;219;105;74;96550;3.22;3.13;0.24;0.28
1999;5;29;149;23.6;18.7;12.6;15.4;13.6;12.6;0.2;-0.5;0.16;2.6;2.5;0;638;231;111;73;96486;3.65;0.14;0.24;0.28
1999;5;30;150;26.5;19.9;11.7;15.8;13.7;11;0.9;0.9;0.16;2.6;2.5;0;680;245;110;76;96047;4.1;0.99;0.23;0.28
1999;5;31;151;22.5;17.7;12.7;15.2;12.3;10;2.1;-0.6;0.16;2.6;2.5;0;699;254;116;82;96276;3.86;0.04;0.23;0.28
1999;6;1;152;23;17.4;10.7;12.7;10.4;9;-1.1;0.1;0.16;2.6;2.5;0;731;268;128;90;96456;3.93;0;0.23;0.28
1999;6;2;153;25.8;19.8;13.9;18;14.8;10.8;0.3;1.1;0.16;2.7;2.5;0;687;222;99;61;95802;3.87;13.92;0.22;0.28
1999;6;3;154;20;16.6;13.5;13.3;11.2;9.6;2.2;0.9;0.16;2.7;2.5;0;479;171;91;55;95828;3.5;1.2;0.23;0.28
1999;6;4;155;16.9;14.4;12.3;12.2;10.5;8.3;2.8;0.9;0.16;2.7;2.5;0;478;160;84;49;95617;3;9.68;0.24;0.28
1999;6;5;156;20.3;14.7;10.7;11.3;9.7;8.6;1.2;1.6;0.16;2.7;2.5;0;638;192;93;63;95497;2.99;0.9;0.24;0.28
1999;6;6;157;14.3;11.7;8.8;9.4;8.3;7.2;1.6;0.4;0.16;2.7;2.5;0;351;103;50;36;95651;1.77;2.05;0.23;0.28
1999;6;7;158;17.7;13.4;8.7;11.2;9.3;8.2;-0.6;0.9;0.16;2.7;2.5;0;563;150;76;51;96150;2.48;0.66;0.23;0.28
1999;6;8;159;14;11.8;9.3;11.8;9.2;6.7;1.9;-0.4;0.16;2.7;2.5;0;308;93;85;44;96316;2.04;6.99;0.24;0.28
1999;6;9;160;16.1;12.3;6.5;9.1;6.9;5.4;0.9;0.3;0.16;2.8;2.5;0;457;174;94;72;96901;2.56;0.44;0.23;0.27
1999;6;10;161;20.4;14.8;8;11.8;8.8;6;-0.8;-1.7;0.16;2.8;2.6;0;593;197;96;55;96644;3.39;10.51;0.23;0.27
1999;6;11;162;17.1;13.8;10.7;11.3;10.1;8.8;0.6;-2.2;0.16;2.8;2.6;0;484;134;89;42;96388;2.52;5.61;0.24;0.27
1999;6;12;163;18.5;14.1;8.1;10.3;8.8;7.6;-1.1;-1.3;0.16;2.8;2.6;0;520;191;92;68;96523;2.95;0.2;0.24;0.27
1999;6;13;164;19.8;15;8.5;10.6;9;7.9;-1.6;-0.9;0.16;2.8;2.6;0;655;217;111;78;96430;3.42;0.13;0.24;0.27
1999;6;14;165;17.9;14.7;10.5;11;10.2;8.8;-2.2;-1.6;0.16;2.8;2.6;0;351;152;73;53;96457;2.47;0.68;0.23;0.27
1999;6;15;166;18.2;15.2;11.1;11;10.3;9.7;-1.3;-1.9;0.16;2.8;2.6;0;462;146;61;47;96684;2.57;0.54;0.23;0.27
1999;6;16;167;19.4;16.2;12.6;11.7;10.4;9.4;-1.5;-1.6;0.16;2.8;2.6;0;415;144;74;48;96630;2.6;0.08;0.23;0.27
1999;6;17;168;21.2;16.5;11.2;13.7;12.3;10.2;0.3;-0.8;0.16;2.8;2.6;0;587;196;93;61;96268;2.96;0.81;0.23;0.27
1999;6;18;169;15.4;12.6;9.7;11.1;9.2;6.9;0.7;-2.4;0.16;2.8;2.6;0;562;198;96;53;96223;3.44;8.9;0.23;0.27
1999;6;19;170;12.2;11;9.6;10.7;9.5;7.6;0.9;-1.4;0.16;2.8;2.6;0;81;28;25;11;96423;0.91;2.78;0.23;0.27
1999;6;20;171;19.4;14.6;9.9;10.4;9;6.7;1.6;1.3;0.16;2.8;2.6;0;600;189;82;48;95941;3.16;0.26;0.23;0.27
1999;6;21;172;15.1;12.1;9.2;10.9;8.7;6.3;1.7;-1.2;0.16;2.8;2.6;0;590;144;86;43;95469;2.98;8.24;0.23;0.27
1999;6;22;173;14.5;10.9;7.8;7.4;4.8;2.1;1.7;-2.8;0.16;2.8;2.6;0;621;212;96;72;96203;3.26;0.42;0.23;0.27
1999;6;23;174;16;11.9;5.8;7.5;5.5;3.7;0.6;-1;0.16;2.8;2.5;0;507;189;106;68;96602;2.8;0.37;0.23;0.27
1999;6;24;175;17.8;13.2;8.9;10.1;8.7;7.6;-0.2;-0.9;0.16;2.8;2.5;0;652;227;107;73;96690;3.22;1.31;0.23;0.27
1999;6;25;176;18.6;13.6;6.8;10.1;8.1;6.6;-0.1;-0.7;0.16;2.8;2.5;0;490;182;97;69;96371;2.79;0.19;0.22;0.27
1999;6;26;177;23.1;16.5;7.5;13.2;9.8;7;-0.1;0.8;0.15;2.7;2.5;0;760;274;132;87;95642;4.04;0.93;0.22;0.27
1999;6;27;178;21.1;17.6;13.9;15.9;14.5;12.9;0.2;2;0.15;2.7;2.5;0;539;182;84;50;95445;3.07;2.47;0.22;0.27
1999;6;28;179;18.7;15.2;11.9;14;10.8;8.1;2;0.9;0.15;2.7;2.5;0;575;150;90;54;95963;2.75;2.32;0.22;0.27
1999;6;29;180;22.4;16.9;9.2;13.3;10.4;8.3;0.7;1.1;0.15;2.7;2.5;0;618;208;101;66;96398;3.23;0;0.22;0.27
1999;6;30;181;21.2;16.6;14;15.4;13.6;10.8;1;0.6;0.15;2.7;2.5;0;575;146;87;46;96326;2.53;9.19;0.22;0.27
1999;7;1;182;20.3;16.8;13.2;15.6;13.5;12.3;1.7;0.2;0.15;2.7;2.5;0;560;178;90;50;96349;2.87;0.76;0.22;0.27
1999;7;2;183;21.4;18;14.2;13.8;12.2;11;1.6;-0.2;0.15;2.7;2.5;0;574;193;87;54;96132;3.23;0.42;0.22;0.27
1999;7;3;184;27.6;21;11.8;16.9;13.6;10.6;-0.6;1.8;0.15;2.7;2.5;0;726;273;120;86;95882;4.35;0;0.21;0.27
1999;7;4;185;30.8;24.2;16;17.6;15.5;13.8;-1;1;0.15;2.7;2.5;0;694;254;112;80;95631;4.4;0.29;0.21;0.27
1999;7;5;186;29.6;24;18.8;18.4;16.6;15.1;0.1;0.2;0.15;2.7;2.5;0;700;240;104;77;95376;4.17;1.43;0.21;0.27
1999;7;6;187;21.8;18.5;15;17.8;15.9;13.4;1.1;-0.7;0.15;2.7;2.5;0;499;154;62;44;95615;3.38;23.49;0.21;0.27
1999;7;7;188;18.3;15.7;13.8;14.1;13.1;12.1;0.9;-1.1;0.15;2.7;2.5;0;349;117;51;29;96357;2.64;7.31;0.23;0.27
1999;7;8;189;19;15.4;13;14.1;12.9;12.1;0;-2.3;0.15;2.6;2.5;0;436;130;54;40;96843;2.45;4.76;0.23;0.27
1999;7;9;190;17.8;15.7;13;13.9;12.9;11.6;-2.1;-3.2;0.15;2.6;2.5;0;261;86;46;20;96728;2.27;3.24;0.23;0.27
1999;7;10;191;22.1;19.2;16.4;16.6;15.4;14.2;-4.2;-2;0.15;2.6;2.5;0;287;102;63;22;96192;2.57;1.3;0.23;0.27
1999;7;11;192;22.5;19;16.7;16.4;15.2;13.7;-3.5;-1.3;0.15;2.6;2.5;0;400;124;61;40;95994;2.41;2.76;0.23;0.26
1999;7;12;193;22.7;19;15.4;17;16.2;14.7;-2;0.3;0.15;2.6;2.5;0;439;158;68;43;95704;2.9;6.12;0.23;0.26
1999;7;13;194;23.8;18.8;13.4;18.8;16.3;13.4;1;1;0.15;2.6;2.5;0;491;172;78;46;95216;3;5.78;0.23;0.26
1999;7;14;195;18.1;16.4;13.7;16.3;13.9;10.5;3.3;0.2;0.15;2.6;2.5;0;547;119;78;32;95190;2.81;10.43;0.24;0.26
1999;7;15;196;16.7;14.3;11.5;11.7;10.3;9.1;2.7;0.3;0.15;2.6;2.5;0;480;155;80;52;95835;2.77;2.67;0.24;0.26
1999;7;16;197;19.1;15.2;11.5;13;11.8;10.2;1.4;0;0.15;2.6;2.5;0;482;158;74;52;96250;2.68;2.56;0.24;0.26
1999;7;17;198;22.9;17.3;10.1;14.7;11.3;9.6;-0.3;-0.2;0.15;2.6;2.5;0;671;250;120;84;96462;3.87;0;0.24;0.26
1999;7;18;199;26.1;20;11.7;14.5;12.1;9.7;-1.4;0.8;0.15;2.6;2.5;0;719;272;125;92;96257;4.41;0;0.24;0.26
1999;7;19;200;27.7;21.5;13;15.4;12.5;10.8;-0.3;0.9;0.15;2.5;2.5;0;731;269;134;94;96056;4.45;0;0.23;0.26
1999;7;20;201;23.5;19.6;15.7;18.3;16.6;14.9;1.5;1.1;0.15;2.5;2.5;0;482;182;82;56;95976;3.15;9.46;0.23;0.26
1999;7;21;202;22.3;19;15.9;16.7;14.6;10;2.8;1.1;0.15;2.5;2.5;0;495;177;76;61;95895;3.18;0.72;0.23;0.26
1999;7;22;203;17.7;15.4;12.7;9.1;7.7;6.5;2.9;-0.1;0.15;2.5;2.5;0;494;165;77;59;95940;2.96;0.01;0.23;0.26
1999;7;23;204;13.9;12.4;10.7;11.1;9.8;8.4;2;-1.2;0.15;2.5;2.5;0;169;58;65;29;96254;1.49;4;0.23;0.26
1999;7;24;205;17.8;14.4;10;11;9.2;8;0.6;-1.2;0.15;2.5;2.5;0;528;176;100;56;96661;2.63;0.07;0.23;0.26
1999;7;25;206;22.2;17.6;12.4;13.5;12.3;11.1;-1.4;-0.6;0.15;2.5;2.5;0;555;164;81;50;96400;2.7;0.17;0.23;0.26
1999;7;26;207;24.8;19.1;12.6;16.2;13.1;11.4;-1.5;-1.8;0.15;2.5;2.5;0;612;220;107;71;96211;3.46;0.04;0.22;0.26
1999;7;27;208;21.2;18.1;15.3;15.2;13.8;10.5;-2.8;-1.7;0.15;2.5;2.5;0;455;164;71;56;96300;2.47;0.19;0.22;0.26
1999;7;28;209;23;18.5;14;12;9.9;7.8;-2.9;-1.5;0.15;2.5;2.5;0;661;234;110;84;96259;3.78;0;0.22;0.26
1999;7;29;210;23.2;18.6;13.2;10.9;8.8;7.4;-2.7;-1.1;0.15;2.5;2.5;0;697;233;115;88;96280;3.73;0;0.22;0.26
1999;7;30;211;22.3;18.6;14.2;12.7;9.4;8.3;-2.2;-0.3;0.15;2.4;2.5;0;567;181;104;77;96166;2.98;0.03;0.21;0.26
1999;7;31;212;23.6;18.6;12.4;11.8;9.4;8.3;-2.3;-0.4;0.15;2.4;2.5;0;623;232;121;84;96051;3.46;0.08;0.21;0.26
1999;8;1;213;24.6;19.5;13.3;11.8;8.5;6.7;-2.2;-0.6;0.15;2.4;2.5;0;569;214;106;81;96110;3.26;0;0.21;0.26
1999;8;2;214;24.2;19.5;12.8;10.7;8.3;6.9;-1.8;-0.9;0.15;2.4;2.5;0;551;188;107;78;96104;2.98;0;0.2;0.26
1999;8;3;215;24.6;19.8;13.3;11.7;9.2;7;-1.8;0.3;0.15;2.4;2.5;0;636;189;114;73;95924;2.89;0;0.2;0.26
1999;8;4;216;25.5;20.3;13.5;12.2;9.9;8.3;-1.7;1;0.15;2.4;2.5;0;518;184;98;73;95822;2.78;0;0.2;0.26
1999;8;5;217;20.7;17.8;14.6;17.2;13.4;8.2;-0.5;1.3;0.15;2.4;2.5;0;278;84;68;38;95788;1.74;5.95;0.2;0.26
1999;8;6;218;25.2;20.3;14.2;18;15.1;13.6;0.3;0;0.15;2.4;2.5;0;595;193;91;63;95678;2.71;0.12;0.2;0.26
1999;8;7;219;23;19.3;15.9;17.5;15.1;13.7;0.8;0.9;0.15;2.4;2.5;0;402;134;71;45;95255;2.27;1.92;0.2;0.26
1999;8;8;220;26.1;20;13.9;15.8;14.5;12.6;0.3;1.2;0.15;2.4;2.5;0;637;191;102;69;94887;2.66;0.27;0.2;0.26
1999;8;9;221;23.7;19.8;16.3;18.5;15.5;14.1;0.7;1.8;0.15;2.3;2.5;0;537;166;83;50;95221;2.94;5.55;0.2;0.26
1999;8;10;222;19.9;17.4;15.8;16.8;15;13.1;1.5;1.8;0.15;2.3;2.5;0;317;92;64;39;95519;2.09;9.48;0.2;0.26
1999;8;11;223;18.3;15.6;12.4;14.5;12.2;10.1;1.5;-0.8;0.15;2.3;2.5;0;385;108;71;44;96011;2.07;5.04;0.21;0.26
1999;8;12;224;17.5;14.2;10.7;10;7.8;6.2;-0.3;-1.6;0.15;2.3;2.5;0;471;150;89;65;96124;2.2;0;0.21;0.26
1999;8;13;225;17;13.3;8.9;9.2;7.5;6.6;0.2;-1;0.15;2.3;2.5;0;470;142;77;60;96001;2;0.3;0.2;0.26
1999;8;14;226;20.3;15.6;10.4;12.6;9.3;7.1;0.9;1.9;0.15;2.3;2.5;0;458;138;75;47;95450;2.3;3.12;0.2;0.26
1999;8;15;227;17.8;15.4;13.5;13.1;10.6;8.2;3.7;1.3;0.14;2.3;2.5;0;553;167;89;53;95276;3.03;3.43;0.2;0.26
1999;8;16;228;16.9;14.4;12.1;12;10.4;8.1;1.4;1.5;0.14;2.3;2.5;0;412;125;62;48;95390;1.77;2.81;0.2;0.26
1999;8;17;229;17.2;14;11.5;13.3;11.1;9.1;2.1;1.1;0.14;2.3;2.5;0;500;122;75;36;95321;2.11;3.76;0.21;0.26
1999;8;18;230;21.6;15.9;9.1;13.8;11.1;8.6;1.1;2.6;0.14;2.3;2.5;0;503;163;81;56;95266;2.78;6.48;0.21;0.25
1999;8;19;231;19.3;15.5;12.5;12.4;8.5;5.4;3.7;1.7;0.14;2.3;2.5;0;551;185;104;79;95763;3.16;0.23;0.21;0.25
1999;8;20;232;18.9;14.9;10.7;10;7.7;6.8;2.9;0.6;0.14;2.3;2.5;0;554;182;94;77;96165;2.62;0.14;0.21;0.25
1999;8;21;233;17.5;14.2;11.2;10.5;8.7;7.5;1.6;-1.4;0.14;2.3;2.5;0;505;150;91;59;96378;2.11;0.2;0.2;0.25
1999;8;22;234;17.7;13.1;8.6;8.3;6.3;4.7;-0.5;-1.6;0.14;2.2;2.5;0;495;181;107;81;96460;2.35;0;0.2;0.25
1999;8;23;235;19.5;13.9;8.3;9.1;7.1;5.5;-1.3;-0.4;0.14;2.2;2.5;0;588;203;121;91;96367;2.48;0;0.2;0.25
1999;8;24;236;22.5;15.7;7.7;10.5;8.2;6.4;-1.1;0;0.14;2.2;2.5;0;633;207;137;87;96367;2.65;0;0.2;0.25
1999;8;25;237;25;18.7;12.7;10.5;8.7;7.4;-1.9;1;0.14;2.2;2.5;0;635;194;121;71;96358;2.9;0;0.19;0.25
1999;8;26;238;22.6;18.2;14.2;16.2;12.4;8.1;-0.6;0.8;0.14;2.2;2.5;0;343;97;68;51;96103;1.54;1.99;0.19;0.25
1999;8;27;239;22.4;18.3;14.2;17.5;15.4;13.8;1;-0.3;0.14;2.2;2.5;0;463;133;72;44;96269;1.95;0.4;0.19;0.25
1999;8;28;240;18;15.8;13.5;16.1;14.2;12.8;-0.8;-1.7;0.14;2.2;2.5;0;234;77;63;36;96404;1.58;8.24;0.2;0.25
1999;8;29;241;19.2;15.4;12.3;14.1;12.5;11;-1.2;-1.6;0.14;2.2;2.5;0;442;132;77;48;96376;2.12;2.63;0.2;0.25
1999;8;30;242;19.8;15.8;10.7;12.8;10.9;9.4;-0.3;-0.6;0.14;2.2;2.5;0;396;118;70;51;96206;1.67;0.3;0.2;0.25
1999;8;31;243;17.8;15.1;11.7;13;11.4;9.9;1.1;-1;0.14;2.2;2.5;0;270;92;68;46;96067;1.21;0.6;0.2;0.25
1999;9;1;244;17.3;13.5;10.3;10.8;8.1;5.5;1.5;-2.1;0.14;2.2;2.5;0;454;143;91;63;96384;2;0.66;0.2;0.25
1999;9;2;245;17.5;13;7.9;10.4;7.9;6.3;-1.2;-2.3;0.14;2.2;2.5;0;500;137;86;52;96692;1.86;1.07;0.19;0.25
1999;9;3;246;20.5;15.6;10.8;12.6;10.6;9.2;-3.6;-0.2;0.14;2.2;2.5;0;575;157;90;57;96483;2.14;0;0.19;0.25
1999;9;4;247;23;17.7;13;13.2;11.4;9.5;-2.9;-0.1;0.14;2.2;2.5;0;590;186;106;84;96303;2.44;0.03;0.19;0.25
1999;9;5;248;21.7;16.8;12;11.6;10.5;9.6;-2.6;0.9;0.14;2.2;2.5;0;509;147;83;65;96127;2.02;0.01;0.19;0.25
1999;9;6;249;22.3;17.2;12.8;14;12.5;10.8;0.2;1.3;0.14;2.2;2.5;0;563;152;97;57;95860;2.14;2.44;0.19;0.25
1999;9;7;250;18.5;16;14;15.2;14.2;13.3;1.5;0.6;0.14;2.2;2.5;0;268;84;68;34;96024;1.34;1.57;0.19;0.25
1999;9;8;251;22.2;17.4;12.9;15.3;13.6;12.3;-0.6;-0.7;0.14;2.2;2.5;0;497;147;92;58;96520;1.94;0.4;0.19;0.25
1999;9;9;252;24;18.2;11.6;14.7;12.6;10.5;-1.3;-0.5;0.14;2.2;2.5;0;516;154;95;70;96756;2.02;0.13;0.19;0.25
1999;9;10;253;25.2;19;12.8;14.5;11.4;8.5;-2.1;-0.3;0.14;2.2;2.5;0;553;172;110;77;97045;2.37;0;0.19;0.25
1999;9;11;254;24.8;19.1;13.6;14;10.8;9.3;-2.7;0.2;0.14;2.2;2.5;0;583;182;124;90;96715;2.37;0;0.18;0.25
1999;9;12;255;25.2;18.7;11.7;16.2;11.9;9.5;-1.2;0.3;0.14;2.1;2.5;0;577;180;126;85;96217;2.16;0;0.18;0.25
1999;9;13;256;26.4;19.1;11.5;13.7;11.3;10;-1.6;0.3;0.14;2.1;2.5;0;576;179;131;87;95796;2.22;0;0.18;0.25
1999;9;14;257;26.5;19;11.6;12.6;10.4;8.5;-1.4;-0.2;0.14;2.1;2.5;0;576;178;137;90;95755;2.15;0;0.18;0.25
1999;9;15;258;26.5;19.2;11.6;11.4;9.1;7;-1.8;0.3;0.14;2.1;2.5;0;570;176;137;88;95665;2.17;0;0.17;0.25
1999;9;16;259;21.1;16.5;12.3;12.3;11.4;10.3;1.3;-0.2;0.14;2.1;2.5;0;464;128;85;60;95562;1.55;0.75;0.17;0.25
1999;9;17;260;21.3;16.1;9.8;14.6;11.2;8.8;-0.1;0.4;0.14;2.1;2.5;0;496;127;96;53;95485;1.38;0.25;0.17;0.25
1999;9;18;261;20.9;16.7;13.4;13.4;12.1;10.4;-0.4;-0.3;0.14;2.1;2.5;0;438;129;87;58;95411;1.49;1.11;0.17;0.25
1999;9;19;262;23.6;18;12.7;14.8;12.8;11.8;-2.4;0.3;0.14;2.1;2.5;0;524;149;105;71;94910;1.79;0.03;0.17;0.25
1999;9;20;263;25.7;18.8;13;14;11.6;9.7;-0.8;1.4;0.14;2.1;2.5;0;473;116;89;62;94472;1.82;5.44;0.17;0.25
1999;9;21;264;18.9;15.1;11.8;11.5;9.9;8.1;1.3;1;0.13;2;2.5;0;410;114;76;54;95123;1.86;5.25;0.18;0.25
1999;9;22;265;21.6;16.4;11.8;13.8;11.3;8.1;1.2;1.7;0.13;2;2.5;0;408;97;74;38;95610;1.52;1.1;0.18;0.25
1999;9;23;266;22.4;17.3;13.3;14.6;13.3;12;0.8;1.5;0.13;2;2.5;0;324;100;89;52;95909;1.39;1.1;0.18;0.25
1999;9;24;267;20.4;16.1;13.4;14.3;12.1;9.7;1.1;1.2;0.13;2;2.5;0;423;107;99;50;96294;1.68;7.77;0.18;0.25
1999;9;25;268;16;14.4;13;14.7;13.3;10.6;0;1.4;0.13;2;2.5;0;100;28;50;30;95826;0.34;9.28;0.19;0.25
1999;9;26;269;15.9;13.7;11.7;13.6;12.6;10.8;1.5;1.7;0.13;2;2.5;0;164;43;67;29;95378;1.16;6.64;0.2;0.25
1999;9;27;270;18.6;14;9.6;11;9.5;8.5;1.4;2.3;0.13;1.9;2.5;0;410;109;75;63;95442;1.7;0.44;0.2;0.24
1999;9;28;271;15.4;12.7;11.1;12.8;10.5;9.2;1.8;1.8;0.13;1.9;2.5;0;285;53;65;38;95249;1.44;11.03;0.2;0.24
1999;9;29;272;15.8;12.9;10.7;12.5;10.6;8.8;2.2;2.4;0.13;1.9;2.5;0;194;35;37;18;95322;1.25;5.04;0.21;0.24
1999;9;30;273;17.4;13.7;11.4;13;11.7;8.7;2.2;2.5;0.13;1.9;2.5;0;345;59;46;21;94604;1.99;8.71;0.21;0.24
1999;10;1;274;14;12;10.6;9.5;8.2;6.7;4;2.4;0.13;1.9;2.5;0;280;75;73;41;95200;1.95;4;0.22;0.24
1999;10;2;275;18.5;13.7;9.3;10.2;8.8;7.2;1.2;3.1;0.13;1.9;2.5;0;427;114;84;64;95220;1.5;0.11;0.22;0.24
1999;10;3;276;13.6;10.3;6.9;10.5;8.1;5.6;1.6;2;0.13;1.8;2.5;0;173;34;61;31;95189;1.54;10.1;0.22;0.24
1999;10;4;277;11.4;8.3;6;7;5.9;5;2.1;1.5;0.13;1.8;2.5;0;273;82;89;44;95610;1.49;3;0.23;0.24
1999;10;5;278;10.5;7.3;5.2;5.8;4.5;2.8;1.7;-0.8;0.13;1.8;2.5;0;386;90;85;50;96230;1.21;0.63;0.23;0.24
1999;10;6;279;9.4;6.4;3.2;5.1;4.1;2.8;2.3;-0.9;0.13;1.8;2.5;0;302;71;62;47;96710;0.93;1.54;0.23;0.24
1999;10;7;280;10.1;7;4.3;6.8;4.7;3.8;1.6;0.3;0.13;1.8;2.5;0;280;73;83;40;96990;0.95;0.58;0.23;0.24
1999;10;8;281;10.1;7.8;5.2;7.4;4.8;2.9;2.4;1.4;0.13;1.8;2.5;0;218;48;65;28;96764;0.68;1.93;0.23;0.24
1999;10;9;282;12.1;10.1;8.3;9.7;8.6;7.3;4.4;1;0.13;1.7;2.5;0;210;38;39;9;96417;1;3.04;0.23;0.24
1999;10;10;283;13.3;11.6;10.2;10.8;10.1;9.6;3.7;0.2;0.13;1.7;2.5;0;141;36;22;8;96662;0.9;1.07;0.23;0.24
1999;10;11;284;12.8;11.6;10.4;9.9;9.5;9.1;2.5;0.8;0.13;1.7;2.5;0;149;38;33;16;96822;0.66;1;0.23;0.24
1999;10;12;285;12.7;10.3;6.6;9.9;7.1;3.7;0.7;-0.9;0.13;1.7;2.5;0;330;70;94;42;97012;0.99;1.34;0.23;0.24
1999;10;13;286;11.8;7.2;3.3;5;3.8;2.4;-0.5;-1;0.13;1.7;2.5;0;362;92;97;62;97039;0.84;0.02;0.23;0.24
1999;10;14;287;10.8;7.1;2;7.2;4.6;1.4;1.6;-1;0.13;1.7;2.5;0;358;83;82;41;96753;0.73;0.02;0.23;0.24
1999;10;15;288;11.5;8.3;3.9;7.6;4.9;2.3;-0.5;-1.6;0.13;1.7;2.5;0;424;97;122;62;96608;0.93;0.27;0.23;0.24
1999;10;16;289;7.7;4.1;0;2.4;0.3;-1;-1.3;-1.4;0.13;1.6;2.5;0;305;86;91;72;96625;0.71;0;0.23;0.24
1999;10;17;290;6.9;2.6;-1.1;0.2;-1.3;-2.5;-2.4;-0.8;0.13;1.6;2.5;0;359;93;98;72;96679;0.75;0;0.23;0.24
1999;10;18;291;5.9;2.7;0.3;0;-2.2;-4.4;-4;-0.7;0.13;1.6;2.5;0;373;98;115;82;96414;0.77;0;0.22;0.24
1999;10;19;292;6.7;3;0.4;-2;-3.6;-4.4;-4.4;-0.1;0.12;1.6;2.5;0;428;108;107;94;95931;0.91;0;0.22;0.24
1999;10;20;293;7.3;3.1;-0.1;-0.5;-2;-4.1;-4.2;0.1;0.12;1.6;2.5;0;417;104;109;86;95722;0.81;0;0.22;0.24
1999;10;21;294;9.7;5.2;2.2;3.4;1.8;-0.3;-4.1;0.1;0.12;1.6;2.5;0;375;90;84;56;95077;0.63;0;0.22;0.24
1999;10;22;295;12.8;7.4;4.1;6.8;4.7;2.9;-2.2;0.5;0.12;1.6;2.5;0;380;90;97;55;95144;0.66;0;0.22;0.24
1999;10;23;296;9.7;7.4;5;8.5;6.4;4.1;-0.8;1.1;0.12;1.6;2.5;0;211;38;55;30;94877;0.44;3.44;0.22;0.24
1999;10;24;297;13.9;9.2;6.3;8.2;7.3;6.3;-1.4;1.7;0.12;1.6;2.5;0;269;63;84;38;94550;0.73;0.12;0.22;0.24
1999;10;25;298;12.3;8.2;4.3;9.8;7;4.2;0.1;1.1;0.12;1.6;2.5;0;249;58;81;50;94865;0.52;3.78;0.22;0.24
1999;10;26;299;15.1;9.7;4.2;9.3;6.5;3.4;2.3;1.6;0.12;1.6;2.5;0;373;93;101;68;95976;0.9;0.04;0.22;0.24
1999;10;27;300;10.9;9.1;5.6;7.9;6.7;4.9;3.2;0.5;0.12;1.6;2.5;0;157;39;73;31;96874;0.63;0.74;0.22;0.24
1999;10;28;301;15;8.6;1.4;8.5;6.1;1.2;1;1;0.12;1.6;2.5;0;370;83;103;57;96893;0.64;0.06;0.22;0.24
1999;10;29;302;13.3;9.1;5.2;7.7;6.6;5.1;-1;-0.5;0.12;1.6;2.5;0;340;79;107;62;97073;0.56;0;0.22;0.24
1999;10;30;303;15.2;10;6.9;9.7;7.6;5.3;-1.6;1.5;0.12;1.6;2.5;0;272;64;88;59;96241;0.45;0.07;0.22;0.24
1999;10;31;304;11.2;9.6;5.5;10.3;6.6;3.9;2.7;1.2;0.12;1.6;2.5;0;205;48;79;42;96550;0.87;4.31;0.23;0.24
1999;11;1;305;13.1;7.5;1.4;7.1;4.6;0.5;-0.5;2.2;0.12;1.6;2.5;0;362;83;107;77;96710;0.55;0;0.23;0.24
1999;11;2;306;13;10.9;8.6;11.5;9;5.8;0.9;1.3;0.12;1.6;2.5;0;117;25;42;17;96283;0.58;6.06;0.23;0.24
1999;11;3;307;9.2;7.4;3.7;8.1;5.2;1.8;0.1;-1.6;0.12;1.6;2.5;0;222;42;75;42;97123;0.55;0.17;0.23;0.24
1999;11;4;308;7.5;4.9;2.9;2.4;1.8;1.2;-3;-0.5;0.12;1.6;2.5;0;279;68;91;61;96804;0.52;0;0.23;0.24
1999;11;5;309;9.8;6.2;3;5.9;4.5;2.5;-0.7;1.8;0.12;1.6;2.5;0;172;40;78;35;95878;0.29;0.01;0.23;0.24
1999;11;6;310;8.5;6.8;4.9;6.8;5.2;4.2;1.4;1.3;0.12;1.6;2.5;0;99;20;40;24;95388;0.64;6.98;0.23;0.24
1999;11;7;311;5.7;4.4;2.5;4;2.8;1.5;2.5;0.5;0.12;1.6;2.5;0;107;23;54;23;96502;0.5;0.6;0.23;0.24
1999;11;8;312;6.3;4.7;4;5.7;4.3;3.6;1.9;-0.8;0.11;1.5;2.5;0;113;23;32;10;96853;0.57;6.41;0.24;0.24
1999;11;9;313;5.2;4.6;4;4.4;3.9;3.5;0;-2.2;0.11;1.5;2.5;0;55;13;17;7;96831;0.56;7.65;0.24;0.24
1999;11;10;314;4.5;3.3;2;4.4;3.1;1.2;-1.6;-1.9;0.11;1.5;2.5;0.01;36;7;9;6;96584;0.46;12.33;0.25;0.24
1999;11;11;315;5;3;1.8;1.2;0.8;0.2;-2.8;-1.1;0.11;1.5;2.5;0.04;187;41;56;25;97151;0.59;0.15;0.26;0.24
1999;11;12;316;4.2;2.5;1;0.6;0.2;-0.4;-2.3;-0.5;0.11;1.5;2.5;0.03;134;32;60;29;97127;0.26;0.04;0.26;0.24
1999;11;13;317;3.9;1.9;0.5;0.4;-0.4;-1.7;-0.3;-0.5;0.11;1.5;2.5;0.03;173;38;58;31;96365;0.28;0.04;0.26;0.24
1999;11;14;318;2.4;0.8;-0.7;2.3;-0.2;-1.8;1.2;-0.7;0.11;1.5;2.5;0.07;71;13;61;18;95560;0.24;2.56;0.26;0.24
1999;11;15;319;0.7;-0.8;-2.2;-2.2;-5.3;-6.8;-2.1;-1.1;0.11;1.5;2.5;0.24;170;39;89;43;96250;0.57;0;0.26;0.24
1999;11;16;320;1.3;-1.6;-3.2;-4.3;-5.5;-6.7;-1.2;0.9;0.11;1.5;2.5;0.25;292;64;102;73;95781;0.24;0.14;0.26;0.24
1999;11;17;321;-0.1;-1.5;-3.1;-1.6;-3.8;-6.7;2.5;1.2;0.12;1.5;2.5;0.7;88;18;37;19;95305;0.07;1.51;0.25;0.24
1999;11;18;322;0.3;-1.1;-2;-1.8;-3;-4;2.8;1.2;0.16;1.5;2.5;3.41;154;32;67;37;94716;0.19;2.54;0.25;0.24
1999;11;19;323;0.4;-1.7;-3;-3.6;-4.9;-6.3;-0.2;-0.6;0.18;1.5;2.5;4.35;220;42;71;40;94842;0.26;0.14;0.25;0.24
1999;11;20;324;0;-2.2;-3.9;-4.7;-5.3;-6;0.8;0;0.19;1.6;2.5;4.65;155;33;63;37;95556;0.12;0.49;0.25;0.24
1999;11;21;325;-0.7;-3.3;-4.5;-5.5;-6.2;-7.5;-1.1;-1.3;0.19;1.6;2.5;4.8;249;50;103;55;95630;0.12;0.02;0.25;0.24
1999;11;22;326;-1.7;-3.3;-4.9;-3.7;-5.4;-6.9;1.9;0.7;0.2;1.6;2.5;5.56;112;25;48;25;95524;0.09;4.1;0.25;0.24
1999;11;23;327;0.3;-1.1;-2.5;0;-2;-3.5;2.1;-0.3;0.3;1.6;2.5;11.12;79;14;16;7;96073;0.06;3.86;0.25;0.24
1999;11;24;328;2.2;0.9;0.2;1.7;0.8;0.1;1.7;-0.4;0.31;1.6;2.5;11.78;63;13;10;3;96872;-0.04;1.87;0.25;0.24
1999;11;25;329;2.9;1.4;0.3;2.5;1.3;0.1;1.4;0.8;0.27;1.6;2.5;9.92;72;14;22;5;97354;-0.07;0.27;0.25;0.24
1999;11;26;330;4.9;1.2;-1;1.9;0.2;-1.8;0.1;1.6;0.24;1.6;2.5;8.08;156;32;73;44;97275;0;0;0.26;0.24
1999;11;27;331;4.8;1.2;-2.6;1.6;-0.9;-5.1;1.1;1.8;0.22;1.6;2.5;6.76;189;39;66;37;97076;0.26;0.25;0.26;0.24
1999;11;28;332;5.7;2.3;-0.3;2.1;0.6;-2.2;-0.6;1.9;0.18;1.6;2.5;4.67;193;38;86;44;97267;0.18;0;0.26;0.24
1999;11;29;333;5;-0.1;-3;0.2;-2.6;-5.1;0;1.9;0.17;1.6;2.5;3.91;238;50;102;71;97044;0.19;0;0.26;0.24
1999;11;30;334;4;-0.4;-3.9;-1.5;-3.4;-5.7;0.9;1.9;0.16;1.6;2.5;3.52;232;47;97;61;97012;0.14;0;0.26;0.24
1999;12;1;335;4.7;3.2;1.7;4.6;2.1;-1.8;4.3;1.8;0.15;1.6;2.5;2.81;21;4;43;13;96203;0.01;3.42;0.26;0.24
1999;12;2;336;4.9;3.4;0.9;4.8;2.1;-1.9;4.2;0.5;0.13;1.6;2.5;1.42;178;34;71;38;96202;0.78;6.36;0.27;0.24
1999;12;3;337;6.2;3.9;0.6;3.4;0.2;-3.6;4.2;2.8;0.12;1.7;2.5;0.99;130;28;83;40;95758;0.68;1.83;0.27;0.24
1999;12;4;338;6;1.7;-0.7;4.1;-0.5;-1.8;3.3;1;0.12;1.7;2.5;1.18;107;21;49;29;95284;0.79;5.7;0.27;0.25
1999;12;5;339;1.4;-0.2;-1.7;-1.1;-2.6;-3.9;3.9;-0.6;0.18;1.7;2.5;4.68;143;30;80;49;95980;0.32;1.63;0.27;0.25
1999;12;6;340;1.7;-0.4;-2.3;-0.5;-2.8;-3.9;3.1;2;0.19;1.7;2.5;5.59;96;18;78;24;96681;0.3;1.23;0.27;0.25
1999;12;7;341;3.9;2.7;1.6;1.9;-0.1;-2.6;3.6;2.2;0.19;1.7;2.5;5.4;85;18;42;20;95919;0.64;2.21;0.27;0.25
1999;12;8;342;5.1;4;2.9;3.6;2.8;1.5;3.1;1.9;0.15;1.7;2.5;3.04;109;23;63;27;95753;0.44;3.01;0.27;0.25
1999;12;9;343;7.5;4.8;3.3;1.9;1.1;0.1;1.3;3;0.13;1.7;2.5;1.61;155;33;81;43;94917;0.72;1.32;0.27;0.25
1999;12;10;344;5.5;3.7;2.7;3.1;2.3;1.6;2.2;1.7;0.12;1.7;2.5;0.9;169;27;65;25;94830;0.54;1.28;0.27;0.25
1999;12;11;345;6.9;3.6;1.7;5.5;1.5;-1.2;1.4;3.3;0.11;1.7;2.5;0.55;199;33;87;24;94862;0.88;5.55;0.27;0.25
1999;12;12;346;8.7;7.2;3.6;6.4;4.8;1.9;4.5;3.8;0.11;1.7;2.5;0.17;34;7;53;18;93890;2.36;8.71;0.28;0.25
1999;12;13;347;3.5;1.5;0.5;2;0.7;-1.3;3.6;1.4;0.11;1.7;2.5;0.47;111;21;65;32;94858;0.67;4.08;0.28;0.25
1999;12;14;348;1.4;0.3;-1.4;1.2;-0.7;-2.4;2.2;2.1;0.21;1.7;2.5;7.02;58;12;59;26;94085;0.28;11.1;0.28;0.25
1999;12;15;349;-0.2;-1.9;-4.1;-2.4;-3.7;-5.2;2.3;-0.1;0.27;1.7;2.5;10.3;105;22;74;38;94701;0.35;0.77;0.28;0.25
1999;12;16;350;-2.1;-3.7;-5.3;-5.3;-7.4;-9.3;1;-0.8;0.27;1.7;2.5;10.52;138;26;62;36;96147;0.28;0.1;0.28;0.25
1999;12;17;351;-0.2;-3.3;-6.4;-2;-7.5;-10.1;2.3;2.9;0.27;1.7;2.5;10.62;135;26;87;40;96268;0.36;2.64;0.28;0.25
1999;12;18;352;0.8;0.3;-1.2;0.4;-0.2;-1.6;2.6;0.9;0.36;1.7;2.5;19.22;31;6;29;8;95492;-0.02;11.89;0.28;0.25
1999;12;19;353;-1.1;-3.1;-8.3;-1.7;-4.5;-9.1;1.5;-0.6;0.38;1.7;2.5;26.35;115;20;81;38;95392;0.08;5.1;0.28;0.25
1999;12;20;354;-2.3;-4.6;-7.8;-4.2;-5.9;-8.7;2.3;-0.4;0.38;1.6;2.5;28.17;77;15;46;24;96217;-0.03;0.69;0.28;0.25
1999;12;21;355;-1.3;-3.9;-6.4;-4.4;-5.2;-7.1;1.3;-0.1;0.37;1.6;2.5;28.71;110;20;54;29;97111;0.1;0.53;0.27;0.25
1999;12;22;356;-3.8;-6.6;-9.3;-6.6;-8.7;-12.8;-1.8;1.1;0.37;1.6;2.5;28.9;161;29;98;51;97490;0.12;0.02;0.27;0.25
1999;12;23;357;-3.1;-7.4;-14.5;-5.5;-11.4;-17.1;-1;1.6;0.37;1.6;2.5;28.97;131;25;60;30;96903;0.22;0.91;0.27;0.25
1999;12;24;358;1.2;-0.9;-3.3;-2.9;-4.2;-5.3;-0.5;2.6;0.37;1.6;2.5;29.42;123;22;66;20;96280;0.46;0.02;0.27;0.25
1999;12;25;359;3;1.3;-0.1;1.4;-1.1;-4.1;1;3.7;0.37;1.6;2.5;32.29;47;8;39;13;94605;0.27;17.24;0.27;0.26
1999;12;26;360;3.3;1.5;0.1;1.6;0;-1;3;2.6;0.37;1.5;2.5;36.6;31;7;63;21;93525;0.16;9.74;0.28;0.26
1999;12;27;361;2.1;0.5;-0.8;0.7;-0.4;-1.3;3.2;0.9;0.38;1.5;2.5;41.63;105;18;56;27;93450;0.1;6.1;0.29;0.26
1999;12;28;362;0.4;-0.7;-1.5;-1.7;-2.5;-3.2;-0.8;-2.2;0.37;1.5;2.5;42.32;86;18;59;31;93453;0.32;0.38;0.28;0.26
1999;12;29;363;0;-0.8;-1.4;-1.7;-2.1;-2.9;2.7;-0.3;0.36;1.5;2.5;43.37;73;15;46;23;95156;0.2;3.92;0.28;0.26
1999;12;30;364;0;-0.9;-1.8;-1.6;-2.3;-3.1;3.1;0.5;0.37;1.5;2.5;47.79;87;15;42;23;96331;0.25;2.39;0.28;0.26
1999;12;31;365;0;-1.5;-2.9;-1.5;-2.8;-4.4;0.5;1.5;0.36;1.4;2.5;49.03;78;13;33;19;96507;0.13;1.54;0.28;0.26
2000;1;1;1;0.9;-0.5;-2.1;0.6;-1.3;-3;1.3;0.7;0.36;1.4;2.5;50.73;36;9;14;6;96589;0.03;3.05;0.28;0.26
2000;1;2;2;1;0;-1.2;0.6;-0.8;-1.9;1.9;0;0.36;1.4;2.5;52.2;65;14;41;20;97090;0.08;0.2;0.28;0.26
2000;1;3;3;1;-1.2;-3.1;-1.5;-2.3;-3.4;1.5;1.2;0.36;1.4;2.5;52.02;131;24;66;36;96928;0.07;0.03;0.28;0.26
2000;1;4;4;3.9;1;-2.1;3;-0.3;-3.5;2;1.9;0.35;1.4;2.5;51.42;52;8;60;19;96342;-0.18;2.41;0.27;0.26
2000;1;5;5;4.4;2;-2.6;3.9;0.6;-3;2.4;0.5;0.35;1.4;2.5;43.38;129;26;69;38;96418;-0.16;1.28;0.29;0.26
2000;1;6;6;2.3;-0.6;-4.3;1.6;-0.9;-4.3;0;1.8;0.34;1.3;2.5;40.56;81;18;49;21;96418;-0.18;0;0.29;0.26
2000;1;7;7;2.4;1.8;0.9;2.3;1.5;0.3;0.6;1.2;0.34;1.3;2.5;37.02;37;7;19;0;96626;-0.14;0.91;0.29;0.26
2000;1;8;8;3.4;1.8;0.8;1.9;1.1;0.1;1;1.6;0.34;1.3;2.5;31.76;77;15;46;16;96479;-0.1;0.54;0.29;0.26
2000;1;9;9;1.4;0.3;-1.7;0.4;-0.3;-1.9;-0.4;0.8;0.34;1.3;2.5;29.32;69;13;27;14;96557;0.04;2.16;0.29;0.26
2000;1;10;10;1.7;0.2;-1.3;0.2;-0.7;-1.9;-1.5;-0.9;0.34;1.3;2.5;29.77;70;12;36;18;97400;0.02;2.18;0.29;0.26
2000;1;11;11;1;-1;-2.4;-1.1;-2.3;-3.3;-0.8;0.3;0.34;1.2;2.5;29.67;100;19;45;21;97838;0.1;0;0.29;0.26
2000;1;12;12;-0.1;-2.6;-5.9;-3.6;-5.2;-8;-0.8;1;0.34;1.2;2.5;29.32;163;33;96;47;97366;0.27;0;0.29;0.27
2000;1;13;13;-2.3;-6.6;-9.5;-6.8;-9.3;-11.5;-1;1.4;0.34;1.2;2.5;29.12;184;38;103;56;96479;0.2;0;0.29;0.27
2000;1;14;14;0.3;-5;-8.5;-4.4;-7.6;-10.2;-0.8;0.9;0.33;1.2;2.5;28.95;162;35;91;47;96500;0.22;0.01;0.29;0.27
2000;1;15;15;0.7;-2.6;-5.8;-1.8;-4.2;-7.4;0;-1.2;0.33;1.2;2.5;28.61;94;20;39;21;97103;0.15;0.32;0.28;0.27
2000;1;16;16;-1.2;-3;-5.6;-2.9;-5.6;-7.5;1.3;-0.3;0.33;1.2;2.5;28.45;124;26;54;29;97319;0.27;0.67;0.28;0.27
2000;1;17;17;2.8;1.2;-1.8;2.6;0.8;-2.6;4.5;-0.8;0.34;1.2;2.5;28.54;32;7;12;3;96271;-0.29;4.8;0.28;0.27
2000;1;18;18;2.9;1.6;-0.8;2.3;0.4;-2.9;4.2;-2.9;0.3;1.2;2.5;21.53;89;14;71;27;95644;0.05;6.12;0.3;0.27
2000;1;19;19;-0.2;-1.6;-3;-3.4;-5.2;-6.1;2.8;-1.9;0.29;1.2;2.5;20.36;139;28;82;55;96638;0.52;0.49;0.3;0.27
2000;1;20;20;-0.1;-2.2;-6.8;-1.5;-3.8;-8.2;3.9;0.1;0.3;1.1;2.5;21.13;81;16;68;24;96720;0.15;2.71;0.29;0.27
2000;1;21;21;1.2;-0.8;-4.9;-0.1;-2.9;-7.4;4.1;-1.5;0.35;1.1;2.5;26.57;115;18;85;33;95969;0.33;6.34;0.29;0.27
2000;1;22;22;0.5;-1.7;-5.6;-1;-3;-7.5;2.1;1.2;0.36;1.1;2.5;30.21;63;13;42;16;95348;0.08;4.95;0.29;0.27
2000;1;23;23;-1.5;-4;-8.7;-2;-7.8;-14.5;-1;-2.4;0.37;1.1;2.5;33.27;127;29;74;39;95437;0.44;0.46;0.29;0.27
2000;1;24;24;-5.9;-8.7;-12.7;-11.6;-13.9;-16.4;-0.1;-0.9;0.37;1.1;2.5;32.99;211;46;109;69;96379;0.17;0.02;0.29;0.27
2000;1;25;25;-6;-8.2;-10.5;-12.5;-13.7;-15.4;0.5;0;0.37;1.1;2.5;32.83;184;40;96;52;96910;0.19;0;0.28;0.27
2000;1;26;26;-3.5;-8;-14;-8;-12;-15.6;2.2;0.4;0.37;1.1;2.4;32.65;162;35;55;32;97205;0.33;0.12;0.28;0.27
2000;1;27;27;-1.2;-3.7;-6.6;-6.3;-7.4;-10.3;2.3;0.7;0.36;1.1;2.4;32.46;174;37;79;40;97013;0.36;0.11;0.28;0.28
2000;1;28;28;0.8;-4.6;-11.9;-2.7;-7.6;-13.2;2.9;1.5;0.36;1.1;2.4;32.18;216;47;102;61;96198;0.25;0.19;0.28;0.28
2000;1;29;29;4.7;2.2;0.1;4;0.8;-2.4;5.3;2.9;0.36;1.1;2.4;32.33;44;8;22;9;94899;-0.28;13.8;0.28;0.28
2000;1;30;30;6.5;4.8;3.5;6.2;3.1;0.6;5.4;0;0.31;1.1;2.4;21.62;172;39;74;23;95280;-0.19;12.98;0.31;0.28
2000;1;31;31;6.2;5.2;4.9;5.8;4.8;4.4;5.7;1.3;0.22;1.1;2.4;11.02;28;6;7;2;96300;-0.47;4.68;0.32;0.28
2000;2;1;32;6;3.9;2.6;4.6;3;1.5;2.1;1.5;0.17;1.1;2.4;5.93;189;39;58;30;96435;-0.01;0.09;0.32;0.28
2000;2;2;33;6;4.3;2.2;4.4;3.4;1.3;3.3;0.4;0.15;1.1;2.4;3.84;133;29;38;15;95920;0.16;2.04;0.32;0.28
2000;2;3;34;4.4;1.8;0.5;3;1;0;3.7;-0.4;0.13;1.1;2.4;2.53;247;44;84;38;97044;0.61;2.45;0.31;0.29
2000;2;4;35;3.2;1.8;0.1;1.1;0.1;-0.6;2.6;1.3;0.13;1.1;2.4;2.24;180;34;43;17;97633;0.59;1.59;0.31;0.29
2000;2;5;36;8.3;4;0.5;3.2;1.9;-0.6;2.7;0.6;0.12;1.1;2.4;1.61;254;56;90;37;97327;0.55;0.42;0.31;0.29
2000;2;6;37;10.1;4;-0.9;5;1.9;-1.7;0.5;2;0.12;1.1;2.4;1.1;270;63;79;53;96696;0.24;0;0.3;0.29
2000;2;7;38;6.5;4.5;2.6;5.1;2.5;1;2.9;2;0.11;1.1;2.4;0.68;95;24;74;29;96105;0.71;2.72;0.3;0.29
2000;2;8;39;9;6.4;3.6;8.3;5.3;2.1;4.8;2.2;0.11;1.1;2.4;0.31;117;21;41;8;95237;1.02;10.92;0.3;0.29
2000;2;9;40;6;2.3;0.8;4.5;0.3;-1.4;5.4;-0.2;0.12;1.1;2.4;1.28;289;58;70;47;95865;1.13;4.9;0.31;0.29
2000;2;10;41;6.4;2.8;0.4;-0.1;-1.3;-3.2;2.2;1.8;0.13;1.1;2.4;1.69;304;75;117;59;96547;0.61;1.67;0.3;0.29
2000;2;11;42;4.1;2.6;0.8;3.3;-0.7;-3;1.2;-0.9;0.13;1.1;2.4;1.53;182;47;60;28;96800;0.53;2.91;0.3;0.29
2000;2;12;43;3.4;0.7;-1.8;-1.7;-2.8;-4.1;1.2;0.9;0.12;1.1;2.4;1.34;232;52;78;46;96674;0.29;0.23;0.3;0.29
2000;2;13;44;3.6;1.1;-1;2.5;-0.2;-3.1;3;1.1;0.15;1.1;2.4;3.29;177;35;65;27;96092;0.28;7.81;0.3;0.3
2000;2;14;45;2.7;-0.1;-1.7;-1.5;-3.1;-4.5;2.9;0;0.17;1.1;2.4;4.54;226;56;85;49;96402;0.6;0.75;0.3;0.3
2000;2;15;46;5.8;3.4;-0.3;4.1;2.4;-2.6;2.8;1.3;0.17;1.1;2.4;4.45;136;26;48;17;95723;0.25;5.14;0.3;0.3
2000;2;16;47;3.4;1.9;-1.4;2.7;-0.5;-4.7;3.2;1.5;0.15;1.1;2.4;3.38;314;67;101;43;94611;0.83;10.02;0.31;0.3
2000;2;17;48;1.4;-1.3;-3.9;-2;-3.8;-5.6;2.8;0.1;0.21;1.1;2.4;6.8;269;54;81;52;94800;0.42;4.88;0.3;0.3
2000;2;18;49;1.2;-0.9;-4.6;0.9;-2.8;-5.7;1.7;2;0.28;1.1;2.4;10.9;187;42;73;22;95114;0.32;6.86;0.3;0.3
2000;2;19;50;3;1.2;-0.3;1.9;0.7;-0.8;2.3;0.6;0.34;1.1;2.4;14.96;184;42;50;23;94782;0;4.66;0.3;0.3
2000;2;20;51;2.4;-0.3;-2.3;-1.1;-2.4;-4.6;1.2;-2.1;0.33;1.1;2.4;14.74;248;60;79;43;96101;0.56;2.36;0.3;0.3
2000;2;21;52;0.8;-2.3;-5.1;-4.9;-6.9;-8.1;1.4;-0.5;0.33;1.1;2.4;14.68;227;60;84;48;96936;0.57;0.54;0.3;0.3
2000;2;22;53;2.6;-1.3;-5.1;-1.3;-4;-7.8;1.4;0.8;0.32;1.1;2.4;14.32;167;42;70;33;96695;0.21;0.81;0.3;0.3
2000;2;23;54;3.3;-0.4;-3;-2.1;-3.3;-5;1.6;-0.1;0.3;1.1;2.4;13.49;217;56;94;36;96737;0.42;0.37;0.29;0.3
2000;2;24;55;3.8;1.4;-2;3.8;0.2;-3.6;2.1;1.5;0.29;1.1;2.5;12.74;120;22;48;12;96697;-0.05;6.48;0.29;0.3
2000;2;25;56;6.7;4.2;0.4;5.9;3;-1.6;3.3;0.4;0.22;1.2;2.5;7.77;153;23;67;16;96489;0.07;7.58;0.31;0.3
2000;2;26;57;4.8;1.3;-2.6;-1.6;-2.8;-4.3;1.1;-0.2;0.18;1.2;2.5;5.24;364;95;110;68;97323;0.52;0;0.31;0.3
2000;2;27;58;7.8;2.1;-3.2;0.9;-1.5;-5;-0.7;2;0.17;1.2;2.5;4.06;406;106;106;73;97145;0.27;0;0.3;0.3
2000;2;28;59;14.3;7;1.2;5.3;0;-3;0.7;3;0.15;1.2;2.5;2.61;443;118;117;79;96297;1.05;0.78;0.3;0.3
2000;2;29;60;8.9;5.8;4.3;5.5;3.9;1.9;2.2;2.7;0.13;1.2;2.5;1;250;48;49;16;95842;1.36;7.83;0.3;0.3
2000;3;1;61;6.5;4.2;0.9;4.1;2.8;0.4;3.4;1.1;0.12;1.2;2.5;0.54;297;70;53;25;94637;1.49;11.16;0.31;0.3
2000;3;2;62;3.6;1.2;-0.5;0;-2.8;-5.7;3.7;-0.3;0.14;1.2;2.5;1.65;424;105;93;64;96043;1.05;1.31;0.31;0.3
2000;3;3;63;7.2;3.5;0;3.5;0.2;-5.4;5;3.1;0.14;1.2;2.5;2.05;212;44;59;19;95263;0.95;11.56;0.31;0.3
2000;3;4;64;3.2;0.6;-2.4;2.6;-2.8;-7.2;4.1;-1;0.16;1.2;2.5;3.62;406;96;87;49;95682;1.15;6.93;0.31;0.3
2000;3;5;65;1.1;-1.3;-3.4;-3.6;-6.2;-8.1;4.2;-1.1;0.2;1.3;2.5;5.9;407;104;91;74;97025;0.77;2.13;0.31;0.3
2000;3;6;66;5.8;1.3;-1.9;-2.2;-3.4;-4.7;2.6;0.9;0.21;1.3;2.5;6.04;345;100;105;65;97119;0.65;0.1;0.31;0.3
2000;3;7;67;6.5;3.3;-0.5;2.9;-0.4;-4.1;3.8;1.2;0.19;1.3;2.5;4.68;200;54;71;34;96631;0.41;0.65;0.3;0.3
2000;3;8;68;7.2;5.7;4.5;6.8;5.1;3;4.8;1.3;0.14;1.3;2.5;1.89;56;14;17;3;96326;0.41;8.49;0.3;0.3
2000;3;9;69;8.4;7.5;6;7.2;6.5;4.6;6.2;0.5;0.12;1.3;2.5;0.44;101;25;26;9;95994;1.32;5.48;0.31;0.3
2000;3;10;70;5.6;3.3;1.6;4.3;-1;-3.8;2.7;-1.4;0.12;1.3;2.5;0.12;355;87;80;39;96561;1.09;2.42;0.31;0.3
2000;3;11;71;7;5.4;3.6;5.3;4.1;1.9;4.8;0.1;0.12;1.3;2.5;0.08;175;36;71;20;95753;1.24;8.23;0.31;0.3
2000;3;12;72;5.6;3.8;2;2;0.4;-0.9;1.4;-0.9;0.12;1.3;2.5;0.02;185;55;35;26;96647;0.7;0.45;0.31;0.3
2000;3;13;73;7.3;3.8;0.4;1;0.2;-0.6;0.7;-0.1;0.12;1.3;2.5;0.04;270;79;66;40;96736;0.9;1.4;0.31;0.31
2000;3;14;74;7.4;4.9;1;6.4;3.7;-0.9;3.3;0.9;0.12;1.3;2.5;0.02;142;34;38;9;96066;1.09;11.19;0.3;0.31
2000;3;15;75;3.9;1.4;-1.3;0.3;-3.6;-7.8;4.3;-1.8;0.13;1.4;2.5;0.64;492;140;99;69;96433;1.42;2.98;0.31;0.31
2000;3;16;76;4.6;2.4;0.7;0.7;-2;-4.1;3.6;-2.7;0.16;1.4;2.5;3.27;350;97;68;38;96432;1.43;4.01;0.3;0.31
2000;3;17;77;5.1;2.9;0.2;3.8;1.7;-1.2;2.4;-2.3;0.17;1.4;2.5;3.57;122;33;37;14;96317;0.76;7.74;0.31;0.31
2000;3;18;78;6;2.3;-0.1;-0.6;-2.3;-4.6;0.6;-1.4;0.16;1.4;2.5;2.92;435;122;102;54;96577;1.01;0.31;0.31;0.31
2000;3;19;79;4.2;1.3;-1.7;-1.9;-3.5;-5;0.1;-2.6;0.16;1.4;2.5;2.45;405;86;73;48;96958;0.73;0.13;0.3;0.31
2000;3;20;80;8.6;3.2;-2;-0.4;-1.5;-3.1;0.8;-1.3;0.15;1.4;2.5;1.92;509;141;103;69;96861;0.96;0.01;0.3;0.31
2000;3;21;81;10.7;4.8;-0.5;3.3;1.1;-1.5;-0.1;-0.6;0.14;1.5;2.5;1.16;497;139;122;65;96502;0.98;0.01;0.29;0.31
2000;3;22;82;13.4;7;0.6;3.5;1.4;-0.9;0.5;0.8;0.13;1.5;2.5;0.59;578;172;131;86;96152;1.38;0;0.29;0.31
2000;3;23;83;14.6;8.2;0.8;5.5;1.9;-1.1;0.6;0.5;0.13;1.5;2.5;0.27;573;168;129;73;95819;1.48;1.05;0.29;0.31
2000;3;24;84;14.7;8.9;4.3;8.3;6.1;2.7;0;1.1;0.13;1.5;2.5;0.1;380;104;75;37;95550;1.18;7.99;0.28;0.31
2000;3;25;85;12.4;8;3.7;6.8;5.4;2.5;1.4;1.1;0.13;1.5;2.5;0.01;511;131;98;53;95812;1.49;1.1;0.29;0.31
2000;3;26;86;9;5.3;1.2;4.8;2.9;0.2;1;0.6;0.13;1.5;2.5;0;416;120;87;53;95387;0.96;1.8;0.28;0.31
2000;3;27;87;6.1;3.7;1.3;3.2;2;0.6;-0.4;-1.8;0.13;1.5;2.5;0;261;77;73;37;94975;1.13;2.22;0.28;0.3
2000;3;28;88;6.3;3.7;1.8;1.6;0.7;0.3;-0.2;-1.8;0.13;1.6;2.5;0;325;84;69;32;95350;1.02;1.13;0.28;0.3
2000;3;29;89;9.7;5.8;1.4;6;2.8;0.5;-4.9;-1.3;0.13;1.6;2.5;0;374;90;66;26;95110;1;3.63;0.28;0.3
2000;3;30;90;6.7;3.9;1.6;5.6;3.5;1.3;0.8;-1.4;0.13;1.6;2.5;0.38;69;22;13;8;94581;0.69;21.49;0.29;0.3
2000;3;31;91;6.7;3.3;0.2;2.1;1.3;-1.1;2.7;0.7;0.14;1.6;2.5;0.97;270;75;86;35;95006;1.29;3.69;0.3;0.3
2000;4;1;92;9.5;3.4;-2;2.8;0.1;-2.7;0.6;0.7;0.14;1.6;2.5;0.57;426;118;75;57;94912;0.96;0.59;0.29;0.3
2000;4;2;93;11.5;5;-2.7;2.8;-0.2;-3.1;-0.8;1.3;0.13;1.6;2.5;0.31;566;163;110;74;94952;1.53;0;0.29;0.3
2000;4;3;94;15.2;8.7;2.5;5.1;2.5;-1.4;-2.6;0.7;0.13;1.7;2.5;0.15;509;163;118;85;93973;1.6;0;0.29;0.3
2000;4;4;95;14.7;9.5;4.8;6.9;4.1;2.9;0.1;-0.2;0.13;1.7;2.5;0.02;579;169;126;69;93843;1.99;1.92;0.28;0.3
2000;4;5;96;13.3;6.2;1.5;5.9;2.8;-3.7;-0.4;-2.9;0.13;1.7;2.5;0;552;156;104;55;94639;1.49;1.49;0.28;0.3
2000;4;6;97;4.4;1.3;-1.5;-5.1;-6.7;-7.9;-0.8;-3;0.13;1.7;2.5;0;465;137;99;63;96515;1.26;0.04;0.28;0.3
2000;4;7;98;9.9;4.3;-1.3;1.4;-2.1;-5.1;1.2;-2.1;0.13;1.7;2.5;0;604;189;119;70;97046;1.64;0;0.27;0.3
2000;4;8;99;8.6;5.2;1.2;1.7;-0.2;-1.9;0.1;-1.1;0.13;1.7;2.5;0;439;116;60;44;96601;1.27;0.47;0.27;0.3
2000;4;9;100;11.1;6.3;1.8;-0.1;-1.4;-2.1;-2.8;-0.5;0.14;1.7;2.5;0;560;176;104;79;95679;1.8;0;0.27;0.3
2000;4;10;101;10.5;5.9;1.4;1.5;-0.2;-2.2;-2.5;-1.3;0.14;1.8;2.5;0;575;168;107;79;95133;1.61;0.02;0.26;0.3
2000;4;11;102;9.8;5.5;0.5;4.6;2.5;-0.4;-0.6;0.7;0.14;1.8;2.5;0;343;114;81;56;94225;1.4;2.26;0.26;0.3
2000;4;12;103;6.9;4.7;1.4;5.6;1.7;-1.9;0.8;1.5;0.14;1.8;2.5;0;260;70;93;49;93934;1.15;6.57;0.26;0.3
2000;4;13;104;9.1;5;1.3;3.6;1.5;-0.8;1;3.4;0.14;1.8;2.5;0;484;126;80;49;94474;1.98;3.74;0.26;0.3
2000;4;14;105;12.4;7.2;4.1;5.7;4.1;2.7;0.7;1.4;0.14;1.8;2.5;0;342;97;96;39;94635;1.61;2.97;0.26;0.3
2000;4;15;106;17.3;8.3;2.8;8.8;4.8;2.2;0.2;0.9;0.14;1.8;2.5;0;605;164;110;63;94437;2.01;3.74;0.26;0.3
2000;4;16;107;15.1;9.3;3.1;3.5;2;1;0;1.8;0.14;1.9;2.5;0;683;213;135;86;94734;2.49;0;0.26;0.3
2000;4;17;108;15.3;10.3;6;6.8;4.8;0.9;1.2;0.6;0.14;1.9;2.5;0;605;174;105;60;94788;2.04;1.89;0.25;0.3
2000;4;18;109;13.3;9.7;6.3;6.8;5.5;3.8;-0.6;0.3;0.14;1.9;2.5;0;379;114;58;37;95433;1.68;2.36;0.25;0.3
2000;4;19;110;11.5;9.2;6.5;9.2;7.6;5.9;0.6;0;0.14;1.9;2.5;0;211;54;55;24;95410;0.93;4.1;0.26;0.3
2000;4;20;111;18;12.4;6.6;9.8;7.9;6;-0.9;0.2;0.14;1.9;2.5;0;624;170;97;51;95920;2.08;0.01;0.25;0.3
2000;4;21;112;20.9;14.7;6.9;11.3;8.3;6.3;0.3;0.2;0.14;2;2.5;0;667;228;131;86;95991;2.86;0;0.25;0.3
2000;4;22;113;23.6;16.4;8.1;11.6;8.8;6;-1.5;0.8;0.14;2;2.5;0;675;230;129;88;95800;3.1;0;0.25;0.3
2000;4;23;114;24.6;17.3;9;13.5;9.9;6.9;-0.9;0.4;0.14;2;2.5;0;671;226;127;85;95280;3.05;0;0.24;0.3
2000;4;24;115;12.9;10.7;8.6;10.8;9.6;7.8;2.8;-1.2;0.14;2;2.5;0;115;33;56;16;95306;0.92;5.52;0.24;0.3
2000;4;25;116;14.6;11;7.4;8.6;7;6.1;0.1;-0.3;0.14;2;2.5;0;343;117;58;35;95790;1.67;0.06;0.24;0.3
2000;4;26;117;20.6;14.5;7.6;11;9.4;7;-1.8;0.5;0.14;2.1;2.5;0;679;229;122;82;95675;2.71;0;0.24;0.29
2000;4;27;118;22.9;16.5;8.4;11.8;10.2;7.5;-3.4;0.1;0.15;2.1;2.5;0;661;233;121;89;95540;3.09;0;0.23;0.29
2000;4;28;119;24.4;18.3;12.5;12;10.7;9.4;-3.1;1;0.15;2.1;2.5;0;688;238;123;92;95140;3.39;0;0.23;0.29
2000;4;29;120;22.4;16.8;12;13.4;11.4;9.4;-1.1;0.5;0.15;2.1;2.5;0;624;178;104;66;95688;2.6;2.55;0.22;0.29
2000;4;30;121;21.5;15.7;9.2;14.2;11.8;8.8;-1.1;-0.3;0.15;2.1;2.5;0;553;183;95;63;96192;2.54;7.11;0.22;0.29
2000;5;1;122;21.2;16.1;11;13.2;12;10.7;-1.6;-1.1;0.15;2.2;2.5;0;633;209;115;69;96095;3.19;3.39;0.23;0.29
2000;5;2;123;21.2;16.5;12.2;12.2;10;3.9;-2.9;-0.8;0.15;2.2;2.5;0;616;195;99;73;96134;3.05;0.82;0.23;0.29
2000;5;3;124;21.1;15.2;9.1;9.3;5.4;1.6;-2.3;-0.3;0.15;2.2;2.5;0;713;251;140;104;96118;3.57;0;0.22;0.29
2000;5;4;125;20.7;15.2;8.9;10.5;8.9;7.2;-1;-0.2;0.15;2.2;2.5;0;593;198;110;76;96077;2.77;0.53;0.22;0.29
2000;5;5;126;20.9;15.6;8.6;10.4;8.8;7.5;-2.1;-0.2;0.15;2.2;2.5;0;636;222;114;84;95992;3;0.08;0.22;0.29
2000;5;6;127;21.7;16.4;9.6;9.3;7.7;5.7;-2.7;-0.1;0.15;2.2;2.5;0;701;245;124;92;95883;3.28;0;0.21;0.29
2000;5;7;128;23.3;17.5;12.1;13.7;10.1;6.4;-1.9;0;0.15;2.3;2.5;0;691;229;118;81;95966;3.23;1.21;0.21;0.29
2000;5;8;129;22.9;16.7;10.4;15;12.6;9.3;-0.4;-0.8;0.15;2.3;2.5;0;635;204;112;70;96013;2.73;6.92;0.21;0.29
2000;5;9;130;22;16.5;11.4;15.5;13.5;11.3;0.2;-0.7;0.15;2.3;2.5;0;626;205;105;65;96151;2.93;1.34;0.21;0.29
2000;5;10;131;23.8;17.7;9.6;15;11.6;9.6;-0.7;-0.9;0.15;2.3;2.5;0;635;223;121;76;96066;3.34;0.05;0.21;0.29
2000;5;11;132;24.5;19.6;13.3;14.4;12.2;11;-2;-1.1;0.15;2.3;2.5;0;657;221;108;82;96018;3.27;0;0.2;0.29
2000;5;12;133;22.9;18.5;12.9;11.9;9.7;4.1;-2.7;-1.4;0.15;2.4;2.5;0;601;221;105;84;96205;3.44;0.2;0.2;0.29
2000;5;13;134;19.2;14.1;9;6.8;3.6;0.2;-2.8;-0.3;0.15;2.4;2.5;0;703;252;133;104;96637;3.3;0;0.2;0.28
2000;5;14;135;22;15.9;8.4;7.5;5.3;2.7;-2.2;-0.3;0.15;2.4;2.5;0;725;268;141;105;96773;3.42;0;0.19;0.28
2000;5;15;136;24.2;18.1;9.3;12.9;7.4;5.1;-1.3;0.1;0.15;2.4;2.5;0;728;265;145;102;96509;3.39;0;0.19;0.28
2000;5;16;137;25.5;19.9;12.9;13;8.3;4.2;0.6;0.2;0.15;2.4;2.5;0;735;268;154;101;96115;3.39;0;0.19;0.28
2000;5;17;138;24.6;18.1;12.6;13.2;11.8;9.6;1.5;0.9;0.16;2.4;2.5;0;676;212;112;69;95708;2.93;3.49;0.18;0.28
2000;5;18;139;14;12.3;8.7;11.8;9.3;6.8;1.8;0.9;0.16;2.5;2.5;0;216;82;75;40;95415;1.89;4.57;0.19;0.28
2000;5;19;140;13.4;10;7.1;7.4;5.5;3.4;2.5;1;0.16;2.5;2.5;0;610;180;106;62;95312;2.6;3.26;0.19;0.28
2000;5;20;141;10.5;8;5.8;7.1;5.5;3.6;3;0.4;0.16;2.5;2.5;0;370;145;85;49;95421;2.7;6.51;0.19;0.28
2000;5;21;142;14.9;10.5;4.1;6.7;4.5;2.7;1;1.1;0.16;2.5;2.5;0;544;171;90;60;95365;2.25;2.57;0.19;0.28
2000;5;22;143;12.6;9.6;7.1;8.2;7.3;6.1;3.3;0.4;0.16;2.5;2.5;0;391;128;71;38;95698;2.29;5.2;0.19;0.28
2000;5;23;144;15.9;11.9;7.4;7.8;6.5;5;1;0.6;0.16;2.5;2.5;0;523;169;92;55;96371;2.36;0.5;0.19;0.28
2000;5;24;145;19;14.1;7;11.4;7.6;4.9;0.7;0.8;0.16;2.5;2.5;0;527;181;98;64;96074;2.44;0;0.19;0.28
2000;5;25;146;20;14.8;10.1;13;10.6;7.3;1.7;1.4;0.16;2.6;2.5;0;525;149;75;48;95850;2.36;2.11;0.19;0.28
2000;5;26;147;20.4;15.5;10;12.4;9.7;7;-0.4;0.9;0.16;2.6;2.5;0;579;195;90;60;96042;2.69;0;0.19;0.28
2000;5;27;148;17.8;13.7;8.6;13.9;9.1;4;2;0.6;0.16;2.6;2.5;0;518;160;78;58;95783;2.24;1.41;0.19;0.28
2000;5;28;149;19.6;12.2;7;11.7;8.2;5.4;1.2;1.9;0.16;2.6;2.5;0;678;174;111;63;95462;2.5;5.25;0.18;0.28
2000;5;29;150;12.6;9.5;6.4;6.6;4.6;2.3;3.2;0.8;0.16;2.6;2.5;0;566;205;104;78;95722;3.12;3.78;0.19;0.28
2000;5;30;151;14.4;10;5.2;8.1;4.4;2.2;1.3;1;0.16;2.6;2.5;0;612;194;105;60;95921;2.63;5.43;0.19;0.27
2000;5;31;152;14.1;10.9;8.2;8.3;7.2;5.6;-0.1;-1.3;0.16;2.6;2.5;0;461;146;84;42;96001;2.48;5.51;0.19;0.27
2000;6;1;153;18;12.9;5.7;10.6;7.5;5.3;0.3;1.4;0.16;2.6;2.5;0;425;158;89;55;96709;2.32;0.14;0.19;0.27
2000;6;2;154;24.6;17.7;8.8;13.4;10.5;7.2;0.3;1.7;0.16;2.7;2.5;0;733;275;131;94;96501;3.79;0;0.19;0.27
2000;6;3;155;27;20.5;12;14.2;11.4;9.3;-0.9;1;0.16;2.7;2.5;0;723;262;130;88;96295;3.96;0;0.19;0.27
2000;6;4;156;25.6;20;14.1;16.8;14.5;11.2;0.5;0.6;0.16;2.7;2.5;0;664;227;102;67;96124;3.29;3.45;0.18;0.27
2000;6;5;157;26.8;20.6;13.2;16.9;14.8;12.8;-0.6;0.5;0.16;2.7;2.5;0;643;247;112;75;95916;3.87;6.33;0.18;0.27
2000;6;6;158;17.9;15.6;11.4;15.9;11.9;7;2.9;-0.6;0.16;2.7;2.5;0;520;165;75;47;96016;2.88;1.84;0.19;0.27
2000;6;7;159;15.4;12.6;9.3;10.6;7.8;6.1;3.1;-0.3;0.16;2.7;2.5;0;564;202;91;66;96438;2.89;1.63;0.19;0.27
2000;6;8;160;19.7;14.4;6.6;8.4;6.7;5.7;-1.6;0.1;0.16;2.7;2.5;0;689;267;131;96;96515;3.54;0;0.18;0.27
2000;6;9;161;25.4;19.1;11.2;14;10.4;6;-2.5;0.2;0.16;2.8;2.5;0;735;276;131;98;96099;4.06;0;0.18;0.27
2000;6;10;162;28;21.9;14.5;18.1;14.4;12.1;-1.4;0.1;0.16;2.8;2.6;0;712;252;117;83;95782;3.78;0.24;0.18;0.27
2000;6;11;163;28.3;21.6;15.6;17.6;16.1;13.8;-0.9;-1;0.16;2.8;2.6;0;698;236;106;69;95730;3.78;8.65;0.18;0.27
2000;6;12;164;22.1;18.4;14.9;15.6;12.6;11.2;1.4;-1.3;0.16;2.8;2.6;0;463;167;107;52;96779;2.92;0.04;0.18;0.27
2000;6;13;165;27.6;20.7;12.9;17.7;14.7;10.8;-1.1;-0.5;0.16;2.8;2.6;0;691;247;100;73;96752;3.78;2.27;0.18;0.27
2000;6;14;166;25.6;20.3;15;16.6;15.1;13.7;0.5;-1.5;0.16;2.8;2.6;0;638;228;96;69;96518;3.77;1.14;0.17;0.27
2000;6;15;167;18.9;16.1;12.1;14;12;8.4;2.6;-1.3;0.16;2.8;2.6;0;446;150;80;49;96456;2.34;1.3;0.17;0.27
2000;6;16;168;15.9;12.6;9.3;8.2;4.2;0.5;2;-2.2;0.16;2.8;2.6;0;623;214;104;78;96765;2.92;0.2;0.17;0.27
2000;6;17;169;16.5;11.7;6.2;4.9;3.1;2.3;0;-1.4;0.16;2.8;2.6;0;748;277;142;106;97208;3.13;0;0.17;0.26
2000;6;18;170;23.4;16.6;6.7;10.3;6;3.9;0.4;0;0.16;2.8;2.6;0;734;278;137;99;97124;3.6;0;0.17;0.26
2000;6;19;171;28;21.6;11.3;12.8;9.7;7.8;-0.2;0.4;0.16;2.8;2.6;0;736;278;144;98;96691;3.73;0;0.16;0.26
2000;6;20;172;30.2;24;16.3;13.7;11.3;9;-0.1;1.3;0.16;2.8;2.6;0;738;279;148;100;96209;3.77;0;0.16;0.26
2000;6;21;173;30.9;25.2;18.7;14.3;11.9;10.1;0.8;0.1;0.16;2.8;2.6;0;705;265;139;93;95985;3.66;0.17;0.16;0.26
2000;6;22;174;26.8;22.3;17.6;13.4;11.9;10.1;2.2;0;0.16;2.8;2.6;0;705;233;123;77;96052;3.11;0.82;0.15;0.26
2000;6;23;175;19.1;16.3;13.7;13.3;10.9;7.5;2.1;0.6;0.16;2.8;2.5;0;422;136;97;56;96212;2.64;5.78;0.16;0.26
2000;6;24;176;16.1;13.6;10.9;10.1;8.3;6.7;2.5;0.9;0.16;2.8;2.5;0;434;142;76;52;95905;2.66;6.63;0.16;0.26
2000;6;25;177;16.2;12.3;8.8;9.7;8.2;6.9;2.9;-0.2;0.16;2.8;2.5;0;570;203;94;66;95994;2.87;2.38;0.16;0.26
2000;6;26;178;14.3;11.4;9.1;7.9;4.8;2.5;3.1;-1.2;0.15;2.7;2.5;0;581;184;87;68;96318;2.41;0.58;0.16;0.26
2000;6;27;179;15.7;11.5;7.9;4.9;2.9;1;2.2;-1.4;0.15;2.7;2.5;0;541;224;116;84;96372;2.6;0.02;0.16;0.26
2000;6;28;180;17.2;12.5;7;4.7;3.1;2;1.1;-1.3;0.15;2.7;2.5;0;604;234;122;91;96010;2.65;0;0.16;0.26
2000;6;29;181;15.6;11.6;6.9;5.3;3.4;2.1;1.9;-1.1;0.15;2.7;2.5;0;421;174;100;71;96104;2;0.07;0.15;0.26
2000;6;30;182;16.9;12.7;6.2;8.7;6.3;3.3;2.3;-0.2;0.15;2.7;2.5;0;383;131;71;48;95921;1.59;0.23;0.15;0.26
2000;7;1;183;25.2;18.3;9.6;12.7;9.8;8;1.5;1.4;0.15;2.7;2.5;0;653;244;120;75;95603;2.93;0.09;0.15;0.26
2000;7;2;184;23.8;19.5;14.2;14.8;13.2;11.1;0.9;0.5;0.15;2.7;2.5;0;508;187;86;61;95679;2.54;2.83;0.15;0.26
2000;7;3;185;22.5;19.4;15.6;17.1;15.5;13.8;1.3;1.2;0.15;2.7;2.5;0;521;168;79;48;95454;2.7;3.85;0.15;0.26
2000;7;4;186;22.4;18.5;15;16.1;14.2;9.7;1.3;1.4;0.15;2.7;2.5;0;427;153;78;57;95177;2.87;9.22;0.15;0.26
2000;7;5;187;19.7;16.6;14.3;10.8;9.7;8.8;4.7;0.8;0.15;2.7;2.5;0;597;193;90;67;95755;2.97;1.01;0.16;0.26
2000;7;6;188;20.6;16.9;13.1;11.7;10.3;9.3;2.3;-0.3;0.15;2.7;2.5;0;506;193;100;68;96257;2.83;0.84;0.16;0.26
2000;7;7;189;19.6;16;12.2;14.4;12.7;9.8;-1.8;-0.4;0.15;2.7;2.5;0;408;109;65;39;95590;2.09;14.79;0.16;0.25
2000;7;8;190;13.9;11.7;10;13.6;9.7;6.7;1.3;-1.7;0.15;2.6;2.5;0;149;51;46;20;95457;1.77;8.23;0.17;0.25
2000;7;9;191;16.2;12.2;9.1;10.4;8.9;6.5;2.2;1.8;0.15;2.6;2.5;0;562;163;75;43;95264;2.73;7;0.17;0.25
2000;7;10;192;17.8;14.2;11.6;12.9;11.3;10.3;1.7;2.9;0.15;2.6;2.5;0;467;102;62;28;94327;2.52;14.57;0.19;0.25
2000;7;11;193;16.2;13.6;11.4;11.4;9.7;7.4;2.1;1.2;0.15;2.6;2.5;0;384;135;74;47;94509;2.38;2.32;0.19;0.25
2000;7;12;194;14.6;11.6;9.3;9.7;7.3;4.4;3.2;-0.8;0.15;2.6;2.5;0;418;111;94;44;95454;2.21;4.59;0.19;0.25
2000;7;13;195;15.1;11.5;7.5;9;7.4;5.6;3;0.9;0.15;2.6;2.5;0;607;180;90;56;95785;2.66;2.27;0.19;0.25
2000;7;14;196;13.5;11.1;9.1;11.9;9.9;8.5;2.4;0.9;0.15;2.6;2.5;0;181;53;66;24;94985;1.46;10.36;0.2;0.25
2000;7;15;197;14.6;11.2;8.4;10.9;8.4;6.7;2.1;-0.7;0.15;2.6;2.5;0;561;187;88;50;95093;3.2;7.24;0.2;0.25
2000;7;16;198;16.2;11.6;7;10.6;8.1;6.1;2;-0.5;0.15;2.6;2.5;0;570;199;85;63;95580;2.9;4.64;0.21;0.25
2000;7;17;199;16.1;12.7;9.2;9.8;9.1;8;2.1;-0.5;0.15;2.6;2.5;0;425;143;67;48;96053;2.12;1.14;0.21;0.25
2000;7;18;200;16.8;13.5;9.9;10.9;9.2;8.4;2.3;-0.5;0.15;2.6;2.5;0;434;152;69;51;96103;2.27;0.76;0.21;0.25
2000;7;19;201;14.7;12.1;8.7;10.1;8.7;7;3.1;-0.6;0.15;2.5;2.5;0;454;133;65;41;96053;1.88;0.95;0.21;0.25
2000;7;20;202;16.6;13.7;10.9;10;8.8;7;2.5;-0.9;0.15;2.5;2.5;0;347;120;67;38;96281;2.19;1;0.2;0.25
2000;7;21;203;16;13.8;11.6;10.1;9.1;8.3;2;-1.1;0.15;2.5;2.5;0;409;135;61;34;96329;1.97;0.13;0.2;0.25
2000;7;22;204;18.5;15;12;10.3;9.7;9;0.8;-0.6;0.15;2.5;2.5;0;417;135;80;46;96136;2.1;0.33;0.2;0.25
2000;7;23;205;22;16.6;9.1;13.3;11;8.9;-0.7;-0.1;0.15;2.5;2.5;0;609;200;99;69;95842;2.81;0.02;0.2;0.25
2000;7;24;206;22.5;17.3;12.8;16.7;14.5;11.6;-0.4;1.1;0.15;2.5;2.5;0;468;130;66;40;95234;2.16;8.54;0.2;0.25
2000;7;25;207;20.9;17.6;14.5;14.8;13.7;12;2.2;1.5;0.15;2.5;2.5;0;558;194;82;58;95168;3.18;1.68;0.2;0.25
2000;7;26;208;17.1;15.2;13.2;15.3;13.7;12.3;1.9;0.6;0.15;2.5;2.5;0;266;99;62;36;95393;2.23;16.18;0.21;0.25
2000;7;27;209;20.8;16.6;12.9;14.5;12.6;11.5;1.8;0.4;0.15;2.5;2.5;0;346;132;69;29;95990;2.54;4.47;0.22;0.25
2000;7;28;210;18.4;15.2;12.3;14.3;12.9;10.7;2.6;0.4;0.15;2.5;2.5;0;476;156;74;44;95682;2.89;6.99;0.22;0.25
2000;7;29;211;17.7;14.2;11.7;13.6;11.9;10.6;3;-0.1;0.15;2.5;2.5;0;462;140;72;40;95893;2.51;3.93;0.22;0.25
2000;7;30;212;18;14.4;11.4;14.2;12.3;10.7;2.3;-0.2;0.15;2.4;2.5;0;397;135;68;39;96424;2.46;3.88;0.22;0.25
2000;7;31;213;20;15.8;9.9;14.3;12.2;9.9;1.6;-0.3;0.15;2.4;2.5;0;557;196;92;62;96738;2.81;0.84;0.22;0.25
2000;8;1;214;24.3;19.1;13.3;14.7;12.1;10.9;0.3;0.7;0.15;2.4;2.5;0;589;214;110;75;96542;3.29;0;0.22;0.25
2000;8;2;215;22.2;17.7;14.5;17.4;14.2;10.5;1.5;1.5;0.15;2.4;2.5;0;391;125;78;51;96173;2.26;4.88;0.22;0.25
2000;8;3;216;21;16.4;11.4;13.7;11.6;9.2;1.2;0.8;0.15;2.4;2.5;0;555;171;90;57;96282;2.78;1.24;0.22;0.25
2000;8;4;217;19.9;16.2;12.8;13.2;12.1;10.8;0.8;0.1;0.15;2.4;2.5;0;572;163;91;49;96364;2.71;0.79;0.22;0.25
2000;8;5;218;20.9;17.4;12.9;12.2;10.7;9.9;-1.8;-1.7;0.15;2.4;2.5;0;494;158;80;52;96393;2.8;0.61;0.22;0.25
2000;8;6;219;18.1;16;14;14.2;12.8;10.9;-0.4;-2.3;0.15;2.4;2.5;0;217;59;38;27;96254;1.8;7.86;0.22;0.25
2000;8;7;220;18.7;15.2;11.5;14.1;12.2;10.6;1.7;-1.1;0.15;2.4;2.5;0;456;134;81;55;96368;2.23;1.86;0.22;0.25
2000;8;8;221;16.5;14.3;11.4;14.9;12.9;10.1;1.1;0.2;0.15;2.4;2.5;0;205;61;64;34;96407;0.93;5.7;0.22;0.25
2000;8;9;222;20.3;16.1;10.3;13.8;11.9;10.3;1.3;-0.3;0.15;2.3;2.5;0;502;150;73;50;96474;2.49;0.36;0.23;0.25
2000;8;10;223;22.6;18.3;12.5;15.4;13.5;11.1;1;1.3;0.15;2.3;2.5;0;568;167;81;54;96186;2.65;0.71;0.22;0.25
2000;8;11;224;22.1;18;13.8;15.4;13.2;11.4;1.4;-0.5;0.15;2.3;2.5;0;547;193;104;68;95944;2.84;0.14;0.22;0.25
2000;8;12;225;24.6;18.4;11.2;14.2;12;10.5;0.1;-0.7;0.15;2.3;2.5;0;678;236;129;89;95933;3.42;0;0.22;0.25
2000;8;13;226;26.3;19.7;11.3;14.7;12.1;10.2;-0.7;-0.6;0.15;2.3;2.5;0;683;236;136;92;96242;3.51;0;0.22;0.25
2000;8;14;227;27.6;21.8;13.1;17;12.8;11.3;0.2;0;0.15;2.3;2.5;0;644;224;121;85;96407;3.37;0;0.21;0.25
2000;8;15;228;26;21.7;17.8;17.4;15.3;12.3;1.3;0.1;0.14;2.3;2.5;0;540;184;92;62;96393;2.76;1.25;0.21;0.25
2000;8;16;229;24.2;19.9;15.4;16.6;14.5;12.7;1.6;0.1;0.14;2.3;2.5;0;608;203;108;69;96187;2.97;0.13;0.21;0.25
2000;8;17;230;26.2;20.3;14.9;17.7;14.8;12.4;1.1;1.3;0.14;2.3;2.5;0;608;200;97;65;95886;3.05;2.8;0.21;0.25
2000;8;18;231;23.9;20.1;15.6;17.2;15.7;13.2;0.6;1.2;0.14;2.3;2.5;0;398;141;85;52;96008;2.13;0.88;0.21;0.25
2000;8;19;232;28.4;22.8;17.1;17.8;15;12.7;0.6;1;0.14;2.3;2.5;0;593;209;112;76;95915;3.29;0;0.2;0.25
2000;8;20;233;29.5;23.3;16.8;17.6;15;13.2;-0.2;0.2;0.14;2.3;2.5;0;652;209;118;72;95754;3.2;0.62;0.2;0.24
2000;8;21;234;22.9;19.6;15.7;16.9;15.3;14.5;2.1;0;0.14;2.3;2.5;0;465;136;69;46;95780;2.55;18.39;0.2;0.24
2000;8;22;235;19.2;16.1;12.8;14.8;12.2;10.4;0.9;-0.6;0.14;2.2;2.5;0;487;140;88;53;96317;2.58;2.27;0.22;0.24
2000;8;23;236;21.5;16.5;10.6;13.2;10.5;9.3;-1.1;-1.3;0.14;2.2;2.5;0;585;182;102;76;96566;2.75;0.09;0.21;0.24
2000;8;24;237;22.9;17.6;11.8;13;11;9.8;0.8;-0.5;0.14;2.2;2.5;0;575;197;109;86;96583;2.91;0;0.21;0.24
2000;8;25;238;19.5;15.3;10.8;10.2;9.1;8.2;0.6;-1.6;0.14;2.2;2.5;0;538;188;109;85;96503;2.5;0;0.21;0.24
2000;8;26;239;21;15.6;10.4;10;7.9;6.4;-3.3;0.7;0.14;2.2;2.5;0;657;218;128;99;96161;2.93;0;0.21;0.24
2000;8;27;240;22;16.3;10.7;13.8;9.3;5.6;-0.8;0.2;0.14;2.2;2.5;0;632;206;124;88;95948;2.8;1.11;0.2;0.24
2000;8;28;241;18.8;15.6;13.6;15.2;13.2;10.9;1.4;-0.4;0.14;2.2;2.5;0;381;107;73;37;96335;1.99;4.97;0.21;0.24
2000;8;29;242;19.5;15.6;10.1;13.3;11.3;9.8;0.2;0.1;0.14;2.2;2.5;0;523;152;97;59;96429;2.02;0.43;0.2;0.24
2000;8;30;243;21.1;16.8;11;13.5;10.7;9.5;-0.9;-0.3;0.14;2.2;2.5;0;472;143;89;57;95996;2.06;0.39;0.2;0.24
2000;8;31;244;20.9;16.3;12.3;14.2;12.2;10.1;-1.2;-0.8;0.14;2.2;2.5;0;485;144;86;58;95407;2.12;4.33;0.2;0.24
2000;9;1;245;19.9;15.7;10.7;14.4;12.5;10.6;0.5;0.8;0.14;2.2;2.5;0;479;137;90;53;95226;2.12;6.58;0.2;0.24
2000;9;2;246;16.9;13.4;11;12.7;10.1;8.7;3.7;1.8;0.14;2.2;2.5;0;491;143;94;50;95092;2.87;3.57;0.21;0.24
2000;9;3;247;14.4;12;10.2;12.1;9.6;7.6;3.7;0.2;0.14;2.2;2.5;0;325;89;56;32;95372;2.31;6.25;0.21;0.24
2000;9;4;248;14;11.2;7.9;8.2;6.6;5.2;2.1;-1.6;0.14;2.2;2.5;0;455;143;86;60;96053;2.15;1.47;0.21;0.24
2000;9;5;249;14.6;10.5;6.3;9.5;7.3;4.7;1.9;-0.6;0.14;2.2;2.5;0;463;143;84;62;96497;1.69;1.01;0.21;0.24
2000;9;6;250;15;11.4;7.2;10;7.3;5.7;1.4;1.5;0.14;2.2;2.5;0;369;93;58;38;95999;1.6;5.82;0.21;0.24
2000;9;7;251;13;10.8;8.3;10.8;9.9;8;2.8;-0.2;0.14;2.2;2.5;0;157;39;69;28;95594;1.12;8.4;0.22;0.24
2000;9;8;252;15.4;11.2;5.9;10.6;8.9;5.9;0.7;0.9;0.14;2.2;2.5;0;229;74;74;33;96643;1.06;0.02;0.22;0.24
2000;9;9;253;21.3;15.4;9;13.4;10;7.4;-0.1;0.4;0.14;2.2;2.5;0;575;182;113;71;96836;2.32;0;0.22;0.24
2000;9;10;254;23.3;17;9.4;14.5;12.2;8.8;-0.8;-1;0.14;2.2;2.5;0;578;180;118;76;96634;2.38;0;0.22;0.24
2000;9;11;255;21.9;17.5;13.5;14.9;13.5;12.4;-1.3;-0.7;0.14;2.2;2.5;0;467;126;79;55;96222;1.83;0.31;0.22;0.24
2000;9;12;256;23.5;17.4;10.3;14.3;12.3;10;-0.9;1.2;0.14;2.1;2.5;0;563;167;113;76;95877;2.23;0;0.22;0.24
2000;9;13;257;18.5;15.4;12.4;15.6;13.3;10.7;1.3;0.9;0.14;2.1;2.5;0;302;84;64;44;95692;1.33;4.5;0.22;0.24
2000;9;14;258;18.9;15.3;11.2;13.1;11.7;10.2;1.2;-0.2;0.14;2.1;2.5;0;362;102;64;43;96029;1.55;0.2;0.22;0.24
2000;9;15;259;21;16.2;11;13;11.5;10.4;-1.5;0.3;0.14;2.1;2.5;0;440;138;90;60;95973;1.92;0.22;0.22;0.24
2000;9;16;260;16.8;14.5;10.6;14.6;10.2;7.1;2;1.9;0.14;2.1;2.5;0;446;118;100;53;95385;2.24;11.64;0.22;0.24
2000;9;17;261;15.6;12.2;9.8;11.6;10;8.9;1.9;-0.1;0.14;2.1;2.5;0;340;93;77;36;95340;1.73;4.11;0.23;0.24
2000;9;18;262;15.6;12;8.8;9.6;8.8;7.7;-0.9;0.5;0.14;2.1;2.5;0;250;70;52;36;95478;1.08;0.14;0.23;0.24
2000;9;19;263;17.6;12.4;9.5;9.1;8;6.5;-2.8;0.3;0.14;2.1;2.5;0;503;129;115;65;95276;1.67;0;0.22;0.24
2000;9;20;264;17.2;12.4;7.8;10.4;8.5;5.7;-3.7;-0.4;0.14;2.1;2.5;0;527;147;96;65;95145;1.66;0.42;0.22;0.24
2000;9;21;265;11.5;9.6;8.9;9.1;8.3;7.9;-0.8;-1.4;0.13;2;2.5;0;71;15;28;11;95533;0.93;11.19;0.23;0.24
2000;9;22;266;10.6;9.8;8.9;9;8.2;7.9;0.6;-0.6;0.13;2;2.5;0;65;16;12;8;96704;0.39;0.2;0.23;0.24
2000;9;23;267;14.2;11.1;8.3;8.5;6.5;5.1;-2.8;0;0.13;2;2.5;0;336;111;89;57;96872;1.47;0;0.23;0.24
2000;9;24;268;15;10.2;5.7;8.2;6.4;4.1;-2.7;0.3;0.13;2;2.5;0;531;150;116;87;96533;1.46;0;0.23;0.24
2000;9;25;269;16.3;11.2;5.3;12.5;9.4;5;-0.3;0.7;0.13;2;2.5;0;344;80;71;31;96575;0.82;0.99;0.23;0.24
2000;9;26;270;18.8;14.8;12.1;12.8;11.8;11;-0.3;0.9;0.13;2;2.5;0;308;79;51;25;96599;1.29;0.17;0.23;0.24
2000;9;27;271;20.9;15.4;10.8;14.5;12.6;10.2;-0.2;1.6;0.13;1.9;2.5;0;457;128;96;56;96269;1.43;1.75;0.23;0.24
2000;9;28;272;21.7;15.8;11;14.8;13;10.8;-1.1;1.8;0.13;1.9;2.5;0;480;125;100;62;95722;1.58;1.53;0.23;0.24
2000;9;29;273;19.9;14.9;11.3;12.5;11.1;9.7;-2.9;0.2;0.13;1.9;2.5;0;494;138;108;78;95080;1.62;0;0.23;0.24
2000;9;30;274;21.1;15.5;11.1;12.8;11;9.1;-2.2;0.3;0.13;1.9;2.5;0;488;140;110;78;94932;1.67;0;0.22;0.24
2000;10;1;275;16.1;14;11.8;13;11.8;10.7;0.5;0.5;0.13;1.9;2.5;0;217;56;51;29;95024;0.94;5.55;0.22;0.24
2000;10;2;276;15.7;12.6;10.9;11;9.8;7.9;1.6;0.3;0.13;1.9;2.5;0;341;82;73;38;95326;1.34;5.43;0.23;0.24
2000;10;3;277;15.7;12.4;9.5;10.6;9.5;8.5;-0.1;-1.3;0.13;1.8;2.5;0;293;63;52;27;96409;1.13;0.69;0.23;0.24
2000;10;4;278;16.5;13.9;11.6;11.4;10.7;9.6;-0.1;0.2;0.13;1.8;2.5;0;222;62;47;22;96436;0.91;0.15;0.23;0.24
2000;10;5;279;15.1;13.3;11.6;12.6;11.7;10.6;0.7;0.5;0.13;1.8;2.5;0;198;39;34;13;96057;0.78;1.98;0.23;0.24
2000;10;6;280;11.4;9.6;7.1;10.6;8.1;5.5;1.8;-0.5;0.13;1.8;2.5;0;118;27;36;21;96240;1.04;5.31;0.24;0.24
2000;10;7;281;7;6;4.9;5.9;4.9;4.1;0.7;-1.2;0.13;1.8;2.5;0;80;19;30;19;96596;0.85;17.32;0.24;0.24
2000;10;8;282;8.4;6.3;4.2;4.1;3.8;3.4;0.5;0.5;0.13;1.8;2.5;0;172;46;47;27;96340;0.7;0.05;0.25;0.24
2000;10;9;283;8.4;6.6;4.8;7.3;5.4;4.1;0.3;1.7;0.13;1.7;2.5;0;97;26;70;31;95482;0.53;2.3;0.25;0.24
2000;10;10;284;10.3;7.1;5.1;7.4;4.8;3.4;-0.3;2.5;0.13;1.7;2.5;0;190;39;73;39;94395;1.06;1.92;0.25;0.24
2000;10;11;285;13.7;8.5;4.4;7.8;5.2;0.7;-0.5;2;0.13;1.7;2.5;0;317;64;84;44;93846;1.03;7.23;0.25;0.24
2000;10;12;286;12.7;10.1;7.5;9;7.5;6.4;-0.4;0.9;0.13;1.7;2.5;0;228;63;68;38;94666;0.92;1.83;0.26;0.24
2000;10;13;287;17;12;6.9;10.9;9.3;6.4;0;-0.4;0.13;1.7;2.5;0;399;101;89;59;95415;0.93;0.01;0.26;0.24
2000;10;14;288;18.3;12.7;7.6;13.2;11;7.6;-1.8;-0.8;0.13;1.7;2.5;0;402;94;99;49;95863;0.83;0.23;0.26;0.24
2000;10;15;289;21.3;15.7;11.6;13.4;11.5;8.5;-3.2;0.1;0.13;1.7;2.5;0;428;108;113;74;95380;1.37;0;0.26;0.24
2000;10;16;290;17.6;13.9;11;11.1;9.9;8.5;-0.7;1.3;0.13;1.6;2.5;0;415;99;115;77;95581;1.07;0;0.25;0.24
2000;10;17;291;13.5;10.7;8.1;9.3;8;7.3;1.9;-0.5;0.13;1.6;2.5;0;313;76;68;47;96579;0.75;0.26;0.25;0.24
2000;10;18;292;11.5;8.7;6.2;8.8;7.6;6.2;-0.3;0.1;0.13;1.6;2.5;0;196;49;65;31;96768;0.74;4.55;0.25;0.24
2000;10;19;293;11.4;8.4;5.8;8.3;6.8;5.8;-0.9;1.2;0.12;1.6;2.5;0;235;47;56;31;96504;0.67;1.52;0.26;0.24
2000;10;20;294;13.5;10.5;8.3;8.8;8.2;7.6;-1.9;0.6;0.12;1.6;2.5;0;284;61;54;28;96600;0.8;0;0.26;0.24
2000;10;21;295;15.2;10.2;6.6;8.9;7;4.9;-1.6;0.3;0.12;1.6;2.5;0;388;99;103;74;96862;0.88;0;0.25;0.24
2000;10;22;296;15;8.7;3.5;8.7;6.1;3.1;-1.1;0.3;0.12;1.6;2.5;0;393;100;112;76;97228;0.8;0;0.25;0.24
2000;10;23;297;10.9;6.5;2.3;7.9;5.6;2.1;-0.5;1.4;0.12;1.6;2.5;0;204;54;75;46;96898;0.29;0;0.25;0.24
2000;10;24;298;13.1;9.7;6.7;10.6;7.4;5.8;2.3;1.4;0.12;1.6;2.5;0;301;52;82;39;96423;0.78;1.86;0.25;0.24
2000;10;25;299;14.4;11.6;7.9;11;9.3;6.5;3;2.1;0.12;1.6;2.5;0;218;38;58;26;95850;0.78;1.84;0.25;0.24
2000;10;26;300;11.9;9.8;6.5;10.7;7.8;3.1;3.2;0.9;0.12;1.6;2.5;0;109;26;59;26;95669;1.05;7.2;0.26;0.24
2000;10;27;301;9.9;7.5;5.3;6.7;4.9;3.8;2.8;0.8;0.12;1.6;2.5;0;245;54;66;33;96193;1.03;2.38;0.26;0.24
2000;10;28;302;12.1;9.1;7.4;8.8;7.1;5.9;0.7;1.8;0.12;1.6;2.5;0;183;34;81;33;96150;0.65;0.54;0.26;0.24
2000;10;29;303;12;9.4;6.9;8.5;5;2.8;2.1;2.4;0.12;1.6;2.5;0;261;52;82;55;95888;0.7;0.19;0.26;0.24
2000;10;30;304;13.3;9.6;5.9;6.6;4.8;2.8;0.2;3.7;0.12;1.6;2.5;0;304;70;87;67;94946;0.81;0;0.26;0.24
2000;10;31;305;10.6;7.6;5.7;7.8;5.3;4;1.4;2;0.12;1.6;2.5;0;56;13;42;24;94646;0.9;5.74;0.26;0.24
2000;11;1;306;10;7.3;5.2;4.5;2.9;1.3;1.5;2.7;0.12;1.6;2.5;0;260;58;88;51;95080;0.98;0.67;0.26;0.24
2000;11;2;307;11.9;8.3;6;4.5;3.1;1.4;-0.4;2.4;0.12;1.6;2.5;0;305;72;110;57;94966;0.85;0.14;0.26;0.24
2000;11;3;308;13.6;8.6;5.6;6.9;5;2.9;0.1;1.2;0.12;1.6;2.5;0;331;69;105;53;94566;0.93;2.6;0.26;0.24
2000;11;4;309;7.2;5.2;0.2;5.7;3.7;-0.6;2;0.5;0.12;1.6;2.5;0;248;48;85;45;95346;0.83;1.23;0.26;0.24
2000;11;5;310;6.6;3.1;-0.3;2.8;1;-0.9;-0.3;1.6;0.12;1.6;2.5;0;176;42;85;52;95650;0.53;0.74;0.26;0.24
2000;11;6;311;7.8;4.8;1.4;4.1;1.2;-1.7;-2.5;0.9;0.12;1.6;2.5;0;185;36;83;44;93670;0.57;6.32;0.26;0.24
2000;11;7;312;10.7;6;2.5;5.9;4.4;2.1;-0.5;1.8;0.12;1.6;2.5;0;263;69;103;66;93352;0.47;0.73;0.26;0.24
2000;11;8;313;9.6;5.8;3.1;4.5;2.6;1.7;0.3;2.3;0.11;1.5;2.5;0;292;65;98;71;94215;0.61;0.99;0.26;0.24
2000;11;9;314;8.2;5;2.8;3.5;2.6;1.4;1.7;1.8;0.11;1.5;2.5;0;208;44;77;48;95263;0.67;1.1;0.26;0.24
2000;11;10;315;7.5;4.5;2.9;2.7;1.6;-1.6;2.4;1.4;0.11;1.5;2.5;0;273;55;80;47;96188;0.75;0.32;0.26;0.24
2000;11;11;316;6.4;3.8;2.1;2.6;0.8;-0.7;1.3;1.8;0.11;1.5;2.5;0;203;41;78;42;96584;0.51;0.32;0.26;0.24
2000;11;12;317;9.3;4.6;1.1;0.7;-0.4;-1.7;-1.1;2.4;0.11;1.5;2.5;0;276;63;98;66;95645;0.59;0.03;0.26;0.24
2000;11;13;318;11.7;7.5;4.2;5.2;3;-0.4;-1.2;1.9;0.11;1.5;2.5;0;260;55;78;49;94804;0.55;0.06;0.26;0.24
2000;11;14;319;8.4;6.6;5.7;6.8;5.6;4.8;1.5;-0.6;0.11;1.5;2.5;0;133;24;38;19;95028;0.47;10.19;0.26;0.24
2000;11;15;320;8.1;5.8;4.4;5.2;3.7;2.8;0.8;1.9;0.11;1.5;2.5;0;153;35;69;34;95896;0.52;0.18;0.27;0.24
2000;11;16;321;7.3;3.9;0.6;3;1.6;0;-0.3;1.1;0.11;1.5;2.5;0;249;57;106;64;95769;0.37;0.19;0.27;0.24
2000;11;17;322;4.2;2.9;1.6;3;2.1;0.7;1.1;-0.8;0.11;1.5;2.5;0;60;12;31;10;95408;0.44;7.12;0.27;0.24
2000;11;18;323;4;2.1;0.1;2.2;0.2;-1.8;1.8;1.5;0.11;1.5;2.5;0;157;37;80;37;95807;0.71;1;0.27;0.24
2000;11;19;324;4.5;1.1;-1.4;-0.1;-1.4;-2.7;-0.7;2.5;0.11;1.5;2.5;0;280;60;102;64;95128;0.38;0.41;0.27;0.25
2000;11;20;325;6.2;3.9;2.3;3.3;2.4;-0.3;-0.1;1.7;0.11;1.6;2.5;0;150;31;44;22;94930;0.42;0.84;0.27;0.25
2000;11;21;326;5.8;3.7;2;3.3;2.5;1.6;0.1;0.5;0.11;1.6;2.5;0;113;21;71;25;95157;0.34;2.31;0.27;0.25
2000;11;22;327;7.7;4.6;1.9;4.5;3.1;1.3;-0.4;2.5;0.11;1.6;2.5;0;183;34;77;36;95560;0.45;1.13;0.27;0.25
2000;11;23;328;8;4.2;1.8;4;2.7;1.4;-1.8;0.7;0.11;1.6;2.5;0;235;42;80;51;95190;0.26;0.12;0.27;0.25
2000;11;24;329;6.2;3.9;1.8;4.9;3.2;1.3;1;0.5;0.11;1.6;2.5;0;62;15;58;26;95219;0.15;0.86;0.27;0.25
2000;11;25;330;5;3.4;1.5;3;2.4;1.1;0.2;-0.1;0.11;1.6;2.5;0;70;15;49;17;95346;0.29;2.48;0.27;0.25
2000;11;26;331;6.2;3.2;0.9;4.5;2.5;0.5;1.7;1.7;0.13;1.6;2.5;1.28;90;15;35;14;94815;0.39;6.04;0.27;0.25
2000;11;27;332;4.5;3.2;2;2.8;2.3;1.6;2.4;0.8;0.12;1.6;2.5;0.95;164;31;50;24;96023;0.65;2.02;0.27;0.25
2000;11;28;333;7.7;4.2;1.5;7.5;3.6;0.4;0.1;2.1;0.12;1.6;2.5;0.66;30;6;43;15;96199;0.06;2.86;0.28;0.25
2000;11;29;334;10.2;5.9;2.8;6.7;4.9;2.4;-1.2;1.3;0.11;1.6;2.5;0.36;229;45;90;45;95927;0.33;0;0.28;0.25
2000;11;30;335;8.7;4.6;1.6;6.5;3.8;1;-0.5;1.1;0.11;1.6;2.5;0.22;193;37;69;37;96212;0.12;0.02;0.27;0.25
2000;12;1;336;8.9;4;-0.3;5;3;-0.4;-1.3;0.7;0.11;1.6;2.5;0.15;238;47;91;54;96136;0.26;0.01;0.27;0.25
2000;12;2;337;6.7;3.4;-0.2;4;2.4;-0.3;-0.8;0.9;0.11;1.6;2.5;0.15;110;20;62;25;96204;0.11;0.35;0.27;0.25
2000;12;3;338;6.5;4;1.9;4.6;3.4;1.8;0.5;0.8;0.11;1.7;2.5;0.09;118;20;44;18;96256;0.18;0.16;0.27;0.25
2000;12;4;339;6.3;3.9;2.4;4.2;3.3;2.1;-0.8;1.4;0.11;1.7;2.5;0;127;28;81;37;96327;0.09;0;0.27;0.25
2000;12;5;340;6.8;3.7;1.3;5;2.9;0.5;-1;1.4;0.11;1.7;2.5;0;181;30;80;43;96322;0.14;1.07;0.27;0.25
2000;12;6;341;5.4;1.6;-0.2;2.5;0.6;-0.6;-1.3;1.1;0.11;1.7;2.5;0;218;41;87;53;96095;0.2;0.02;0.27;0.25
2000;12;7;342;7;3.5;0.6;3.9;1.8;-0.2;-1.6;1.4;0.11;1.7;2.5;0;186;35;64;34;95773;0.29;0.08;0.27;0.25
2000;12;8;343;7.7;5.5;4;4.7;3.2;1.4;-0.6;1.8;0.11;1.7;2.5;0;130;20;66;25;95418;0.32;2.47;0.27;0.25
2000;12;9;344;8.8;5.3;2.7;6.7;4.4;2.1;0.4;1.9;0.11;1.7;2.5;0;199;39;79;59;95990;0.03;0.15;0.27;0.25
2000;12;10;345;7.1;4.8;1.7;6;3.7;1.4;2;2.3;0.11;1.7;2.5;0;112;19;62;30;96060;0.74;8.89;0.27;0.25
2000;12;11;346;9.3;7.1;5.3;7;4.8;1;3.3;1.3;0.11;1.7;2.5;0;168;29;93;39;96615;0.77;4.76;0.28;0.25
2000;12;12;347;10.5;8.8;6.3;8.3;6.3;1.4;2.2;1.8;0.11;1.7;2.5;0;98;18;63;25;96514;0.38;0.85;0.28;0.25
2000;12;13;348;10.7;8.7;7.3;4.7;3;1.3;3.8;2.2;0.11;1.7;2.5;0;165;32;80;48;95985;0.74;0.41;0.28;0.25
2000;12;14;349;7.8;6.7;5.1;5.2;4.3;3.4;3.5;2.3;0.11;1.7;2.5;0;148;23;51;21;95248;1.39;7.88;0.28;0.25
2000;12;15;350;5;3.1;1.3;4.3;2;0.4;4.1;1.2;0.11;1.7;2.5;0.17;188;34;68;29;94618;1.06;5.38;0.28;0.25
2000;12;16;351;1.3;0.2;-0.6;0.7;-2.6;-4.4;5;0.4;0.13;1.7;2.5;1.75;140;28;68;44;95131;0.67;1.94;0.28;0.25
2000;12;17;352;1.5;0;-0.9;-1.6;-2.2;-2.6;2.1;0.1;0.15;1.7;2.5;2.67;114;23;48;34;95638;0.15;0.82;0.28;0.25
2000;12;18;353;0.6;-0.7;-2.6;0;-1.8;-3;0.3;0.8;0.15;1.7;2.5;3.11;113;24;52;28;96229;0.08;1.43;0.28;0.26
2000;12;19;354;2.4;0.4;-1.3;0.1;-1.4;-3.9;-1.4;-0.5;0.19;1.7;2.5;4.87;107;18;67;29;96421;0.16;0.95;0.28;0.26
2000;12;20;355;0;-1.8;-3.7;-4;-6;-8.2;-3.7;0.4;0.19;1.6;2.5;4.85;204;40;108;80;96804;0.39;0;0.28;0.26
2000;12;21;356;-1.7;-4.3;-5.9;-7.8;-8.5;-9;-3.1;0;0.18;1.6;2.5;4.74;205;42;108;87;96762;0.14;0;0.27;0.26
2000;12;22;357;-0.5;-4.6;-6.6;-8.9;-9.9;-11.8;-2.3;0.6;0.18;1.6;2.5;4.68;209;43;111;86;96492;0.1;0;0.27;0.26
2000;12;23;358;-1.5;-5.3;-8.1;-7.5;-10;-13.4;-0.2;1.3;0.18;1.6;2.5;4.62;214;42;106;71;95704;0.05;0;0.27;0.26
2000;12;24;359;1.9;-2.6;-5.9;-4.9;-6.3;-7.4;-0.6;1.5;0.18;1.6;2.5;4.55;200;38;84;54;94877;0.07;0;0.27;0.26
2000;12;25;360;1.5;-1;-2.5;-2.9;-5.3;-7.9;-1;0;0.18;1.6;2.5;4.63;100;19;39;13;93991;0.06;0.52;0.27;0.26
2000;12;26;361;2;-0.7;-2.7;0.1;-1.9;-3.3;-1.4;0.9;0.2;1.5;2.5;5.42;91;18;71;27;93736;-0.06;0.97;0.27;0.26
2000;12;27;362;3.9;-0.6;-2.9;1.3;-1.7;-3.7;-1.4;1.1;0.2;1.5;2.5;5.33;144;29;80;49;93639;-0.06;0;0.27;0.26
2000;12;28;363;2.7;-1;-3.3;2.3;-1.7;-4;1.3;0.7;0.19;1.5;2.5;4.92;59;12;50;21;93935;0.04;0.8;0.27;0.26
2000;12;29;364;0.4;-1.7;-3.5;-1.6;-2.7;-4.3;0.3;1;0.19;1.5;2.5;5.26;116;22;50;29;94250;0.09;1.65;0.27;0.26
2000;12;30;365;-0.1;-1.8;-2.9;-1.9;-3.3;-4.4;2;0.8;0.22;1.5;2.5;6.82;125;21;37;23;94416;0.22;1.65;0.27;0.26
2000;12;31;366;-0.6;-2.2;-5.8;-2.8;-4.3;-6.4;2.6;0;0.25;1.4;2.5;8.94;137;30;80;48;95686;0.16;1.34;0.26;0.26
2001;1;1;1;-0.2;-3.8;-10.5;-7.3;-8.3;-10.5;-1.5;2.1;0.26;1.4;2.5;9.16;149;29;57;32;95285;0.33;0;0.26;0.26
2001;1;2;2;2.7;0.3;-2.1;1.3;-2.3;-7.5;-0.4;2.3;0.25;1.4;2.5;8.77;59;11;66;23;94755;0.02;4.38;0.27;0.26
2001;1;3;3;4.4;1.6;-0.8;2.9;0.6;-1.7;1.3;2;0.23;1.4;2.5;7.61;62;14;62;27;95187;-0.1;0.38;0.27;0.26
2001;1;4;4;3.8;1.3;-1.9;2.7;0;-2.3;-0.3;2.1;0.2;1.4;2.5;6.26;129;24;62;30;95046;0.05;1.78;0.27;0.26
2001;1;5;5;4.6;3.4;2;2.5;1.5;0.5;-0.1;3.3;0.17;1.4;2.5;4.18;76;14;25;13;94591;0.67;6.16;0.27;0.26
2001;1;6;6;7.2;4.9;2.7;5.9;3.8;1.9;1.8;2.5;0.14;1.3;2.5;1.9;65;11;19;11;94654;0.28;6.92;0.28;0.26
2001;1;7;7;3.8;2.5;1.8;2.7;2;1.6;0.8;1.4;0.12;1.3;2.5;1.02;66;14;13;6;95568;0.2;3.15;0.29;0.26
2001;1;8;8;3.6;1.7;-0.6;1.9;0.7;-1.1;0.9;-0.4;0.12;1.3;2.5;0.79;123;22;46;20;95565;0.24;0.68;0.29;0.26
2001;1;9;9;1.3;-0.1;-1.5;0;-1;-2.2;1.7;0.5;0.12;1.3;2.5;0.93;84;14;52;20;95836;0.14;0.51;0.28;0.26
2001;1;10;10;0.8;-0.4;-1.9;-1.3;-1.9;-2.5;-0.8;1.3;0.13;1.3;2.5;1.78;101;22;40;22;95766;0.21;3.56;0.28;0.26
2001;1;11;11;1.4;0.1;-3;0.1;-1.3;-4.3;-1.3;-0.5;0.17;1.2;2.5;4.06;84;19;43;18;96174;0.32;3.53;0.28;0.26
2001;1;12;12;0.3;-3.6;-7.8;-4.8;-6.5;-10.2;-1.8;-1.3;0.17;1.2;2.5;4.09;234;48;107;66;96805;0.16;0;0.28;0.26
2001;1;13;13;-2.8;-4.8;-6.4;-7.4;-8.7;-9.3;-3.1;-0.9;0.17;1.2;2.5;4.04;238;49;108;73;97376;0.12;0;0.28;0.26
2001;1;14;14;-2.6;-5.8;-7.8;-8.8;-9.5;-10.5;-3.3;-0.6;0.17;1.2;2.5;3.99;247;51;101;82;97403;0.08;0;0.28;0.26
2001;1;15;15;-1.4;-5;-6.9;-9.3;-10.3;-11.2;-4;-0.3;0.17;1.2;2.5;3.89;248;52;103;83;96939;0.09;0;0.28;0.26
2001;1;16;16;-2.5;-5.9;-8.3;-8.6;-10.5;-12;-2.6;0.1;0.16;1.2;2.5;3.8;253;52;107;83;96640;0.06;0;0.28;0.27
2001;1;17;17;-0.2;-4.7;-7.8;-7.4;-8.7;-9.9;-1.7;1;0.16;1.2;2.5;3.75;172;37;71;56;96361;0.07;0;0.28;0.27
2001;1;18;18;-2.6;-5.6;-7.8;-6.8;-8.5;-9.7;-1.6;0.1;0.17;1.2;2.5;3.88;121;27;66;44;96355;0.05;0.29;0.27;0.27
2001;1;19;19;0.1;-4.7;-8.7;-4.9;-6.8;-9.7;-1.4;0.2;0.17;1.2;2.5;3.99;233;48;99;48;96427;0.08;0.01;0.27;0.27
2001;1;20;20;2;-1.3;-3.2;-2.2;-3.6;-4.9;-1;0.6;0.17;1.1;2.5;3.98;214;42;66;31;96617;0.05;0.18;0.27;0.27
2001;1;21;21;0.5;-1.2;-2.3;-3;-3.3;-3.8;-0.1;1.1;0.17;1.1;2.5;4.1;115;25;56;21;96704;0.06;0.26;0.27;0.27
2001;1;22;22;0.8;-0.8;-2;-0.4;-2.3;-3.7;-1.1;2.3;0.23;1.1;2.5;7.97;53;10;59;18;95802;0.04;7.35;0.27;0.27
2001;1;23;23;3.6;0.6;-2.1;1.8;-0.7;-3.5;-0.9;2.3;0.28;1.1;2.5;10.5;99;17;47;17;95301;0.12;3.74;0.27;0.27
2001;1;24;24;5.1;3.3;2.2;3.4;0.5;-1.5;-0.4;2.7;0.24;1.1;2.5;8.37;106;17;26;5;94925;0.32;8.89;0.27;0.27
2001;1;25;25;6.3;2.6;0.3;3.4;1.6;-0.5;-0.3;1.1;0.2;1.1;2.5;5.67;253;55;96;44;95101;0.1;4.82;0.28;0.27
2001;1;26;26;4.3;1.7;-1.1;1.9;0.7;-1.9;1;1.7;0.19;1.1;2.4;5.21;139;31;73;32;95056;0.07;1.6;0.29;0.27
2001;1;27;27;3.8;0.2;-2;-0.2;-2;-3.4;1.4;2.1;0.19;1.1;2.4;5.1;185;34;74;44;94336;0.53;2.13;0.29;0.27
2001;1;28;28;3.4;0.5;-1.8;-1.5;-2.3;-3.1;1.4;0.8;0.19;1.1;2.4;5.57;184;41;80;39;94681;0.21;0.14;0.29;0.27
2001;1;29;29;2.8;-0.6;-3;-1.5;-2.8;-3.8;-0.2;-1.4;0.18;1.1;2.4;5.21;173;37;54;36;95570;0.11;0.07;0.29;0.27
2001;1;30;30;2;-1.2;-3.1;-2.5;-3.8;-4.8;-0.7;-1.2;0.18;1.1;2.4;4.94;217;43;67;40;96243;0.16;0.2;0.28;0.27
2001;1;31;31;1.2;-1.8;-3.3;-4;-4.9;-6.2;-0.9;-1.6;0.18;1.1;2.4;5.05;201;45;78;46;96322;0.17;0.45;0.28;0.27
2001;2;1;32;0;-2.1;-3.1;-5.1;-6.2;-8.2;1.1;-1.7;0.19;1.1;2.4;5.66;158;42;79;44;96464;0.15;1.56;0.28;0.27
2001;2;2;33;-2.3;-3.6;-4.9;-4.3;-7.6;-10.3;2;-0.7;0.22;1.1;2.4;7.32;192;44;74;44;96076;0.18;2.4;0.28;0.27
2001;2;3;34;1.1;-1.2;-3;0.7;-2.5;-4.3;1.1;1.5;0.31;1.1;2.4;13.04;63;16;21;10;95079;0.07;10.88;0.28;0.27
2001;2;4;35;5.2;2.6;0.9;4.7;2.3;0.8;2.5;1.4;0.36;1.1;2.4;16.62;64;13;14;2;94849;-0.31;7.52;0.28;0.27
2001;2;5;36;6.5;5.1;3;4.8;3.7;2.1;3.6;2.8;0.26;1.1;2.4;9.08;119;21;37;14;94659;0.04;7.82;0.3;0.27
2001;2;6;37;12;7.5;4.8;6.2;4.1;0.8;1.3;2.8;0.15;1.1;2.4;2.6;269;62;95;42;95289;0.52;1.85;0.31;0.27
2001;2;7;38;12.6;6.1;1.5;4.7;2.1;-0.1;-0.5;1.8;0.12;1.1;2.4;1.16;273;69;86;57;95285;0.39;0;0.3;0.27
2001;2;8;39;11;5.8;2.2;4.5;2.4;1;-0.9;1.6;0.12;1.1;2.4;0.67;233;54;73;56;94795;0.22;0;0.3;0.27
2001;2;9;40;6.6;3.7;0.7;4.1;2.1;0;1.9;0.2;0.11;1.1;2.4;0.44;199;42;60;26;95595;0.41;0.75;0.3;0.28
2001;2;10;41;4.2;1.1;-2;-0.4;-2.4;-3.8;-0.1;-0.3;0.11;1.1;2.4;0.31;248;63;91;51;97407;0.35;0;0.29;0.28
2001;2;11;42;7.5;2;-2.7;1.6;-0.8;-3.9;0.4;2;0.11;1.1;2.4;0.26;346;80;96;61;97930;0.25;0;0.29;0.28
2001;2;12;43;10.3;4.4;0.2;1.1;0;-1.8;0.4;2;0.11;1.1;2.4;0.19;305;71;90;54;97135;0.46;0;0.29;0.28
2001;2;13;44;5.1;3.6;1.1;4.3;1.4;-0.5;-0.9;-2;0.11;1.1;2.4;0.13;235;38;88;23;96944;0.44;4.72;0.29;0.28
2001;2;14;45;6.2;1.7;-1.6;-0.6;-1.6;-2.6;-1.5;-0.8;0.11;1.1;2.4;0.13;391;88;111;62;97413;0.47;0.05;0.29;0.28
2001;2;15;46;10.3;2.6;-2.5;2.5;-0.8;-3.3;-1.2;-0.7;0.11;1.1;2.4;0.09;392;98;110;74;97354;0.43;0;0.29;0.28
2001;2;16;47;8.8;2.5;-2.1;3;-0.3;-3.4;0.3;0.5;0.11;1.1;2.4;0.04;399;100;111;73;96985;0.36;0.01;0.28;0.28
2001;2;17;48;5.1;1.7;-0.2;0.6;-0.9;-1.7;-1.1;-1.5;0.11;1.1;2.4;0.14;233;51;57;23;97244;0.5;1.13;0.28;0.28
2001;2;18;49;3.7;0.6;-2.5;-0.6;-3.3;-5.7;1.7;-2;0.11;1.1;2.4;0.21;418;93;106;50;97545;0.45;0.25;0.28;0.28
2001;2;19;50;3.9;1.6;0.1;0.6;-1.1;-2.4;2.8;-0.8;0.11;1.1;2.4;0.47;179;47;55;29;97331;0.47;0.68;0.28;0.28
2001;2;20;51;4.4;1.5;-0.1;-0.1;-1.6;-4.8;3.4;-1.9;0.13;1.1;2.4;1.58;300;70;65;32;96778;0.81;3.13;0.28;0.28
2001;2;21;52;1.8;1.1;0.3;1.3;0;-1.4;4.7;-0.4;0.16;1.1;2.4;3.39;119;27;43;14;96322;0.41;4.33;0.27;0.28
2001;2;22;53;3.6;1.2;-0.2;0.1;-0.8;-1.9;5.2;-0.9;0.17;1.1;2.4;4.67;291;76;73;42;95240;1;4.34;0.28;0.28
2001;2;23;54;1.6;-1.2;-6.4;-1.2;-4.7;-9.6;3.3;-1.5;0.24;1.1;2.5;8.78;338;84;103;62;94385;0.79;4.22;0.28;0.28
2001;2;24;55;-1.1;-4.6;-7.8;-8.2;-10.4;-12.6;0;-1.3;0.25;1.2;2.5;9.47;300;73;104;57;94942;0.33;0.28;0.27;0.28
2001;2;25;56;-0.2;-3.6;-7.3;-7.9;-9.9;-11.4;0.4;-0.6;0.25;1.2;2.5;9.22;389;95;122;70;95231;0.28;0.07;0.27;0.28
2001;2;26;57;-0.8;-4.2;-9.3;-5.7;-8;-12.5;2.4;0.7;0.25;1.2;2.5;9.47;252;69;77;57;94971;0.29;1.5;0.27;0.28
2001;2;27;58;2;-2.7;-8.3;-6.3;-7.9;-9.7;-1.8;1.8;0.26;1.2;2.5;10.01;397;102;123;79;94570;0.51;0;0.27;0.28
2001;2;28;59;4;-2.3;-8.9;-4.3;-8;-13.3;-2.2;0.7;0.25;1.2;2.5;9.27;371;95;107;74;93967;0.34;0.23;0.27;0.28
2001;3;1;60;4.1;-0.8;-5.2;-2.4;-4.6;-7.1;1.6;1.7;0.24;1.2;2.5;8.76;300;82;88;56;93950;0.39;1.21;0.27;0.28
2001;3;2;61;2.7;-0.8;-4.6;-2.7;-4.8;-8.1;1.2;1.1;0.25;1.2;2.5;9.13;298;70;96;45;94253;0.52;1;0.27;0.28
2001;3;3;62;3.5;0.6;-1.1;-1.1;-2.7;-5.1;-1.6;-0.7;0.25;1.2;2.5;9.31;217;54;52;30;93667;0.29;1.4;0.27;0.28
2001;3;4;63;6.3;2.9;-0.2;5.2;1.8;-1.2;0.5;1.8;0.26;1.2;2.5;9.43;197;44;80;24;94014;0.14;8.63;0.27;0.28
2001;3;5;64;3.1;1.5;-2.6;2.6;-1.6;-5;0.7;-1;0.21;1.2;2.5;6.21;267;68;81;35;95735;0.66;1.76;0.28;0.28
2001;3;6;65;4.3;-0.1;-3.1;-4;-4.7;-5.5;-2.7;0.6;0.2;1.3;2.5;5.49;432;118;118;78;96571;0.59;0;0.28;0.28
2001;3;7;66;7.9;2.2;-3.8;2.5;-1.8;-6.2;-1.8;1.2;0.18;1.3;2.5;4.48;329;93;81;46;95917;0.36;1;0.28;0.28
2001;3;8;67;12.7;6.2;2;5.8;3;0.9;-1.6;0.6;0.15;1.3;2.5;2.42;436;99;84;36;95023;0.84;1.6;0.28;0.28
2001;3;9;68;10.1;6.6;4;7.6;5.4;2.8;1.8;0.9;0.13;1.3;2.5;1.11;302;66;64;23;95012;0.74;8.94;0.29;0.28
2001;3;10;69;10.1;6.6;4.2;6.5;4.9;3.3;1.4;2.4;0.12;1.3;2.5;0.43;281;69;50;25;95159;1.11;5.2;0.29;0.28
2001;3;11;70;11.7;8.8;6.6;8.2;7.1;5.7;2.8;1.6;0.12;1.3;2.5;0.09;314;72;54;19;95344;1.03;6.42;0.29;0.28
2001;3;12;71;13.9;9.8;7;10.3;8.1;6.3;2;1.8;0.12;1.3;2.5;0.01;240;51;38;18;94961;0.95;15.08;0.3;0.28
2001;3;13;72;8.5;5.9;3.5;6;1.9;-2.2;3.5;1.8;0.12;1.3;2.5;0;446;110;96;45;94718;1.62;6.44;0.31;0.28
2001;3;14;73;6.7;3.4;1.3;2.6;0;-3.5;4.3;0.6;0.12;1.3;2.5;0.02;388;121;101;56;95048;1.54;2.29;0.31;0.28
2001;3;15;74;6.7;3.7;1.1;6;3.2;0.6;1.3;0.9;0.12;1.4;2.5;0.36;153;32;56;14;95316;0.6;8.77;0.31;0.28
2001;3;16;75;11;6.7;3.2;7.5;5.7;2.9;0.2;0.7;0.12;1.4;2.5;0.28;181;43;63;21;95380;0.45;1.51;0.31;0.29
2001;3;17;76;9.8;6.8;3.1;7.5;6.1;3;-0.3;0.1;0.12;1.4;2.5;0.13;215;43;41;12;94501;0.52;6.09;0.31;0.29
2001;3;18;77;10.2;7.5;5.4;5.8;4.8;2.9;1.8;1.5;0.12;1.4;2.5;0.03;360;100;69;32;94624;1.4;4.32;0.31;0.29
2001;3;19;78;6.3;3.7;-0.5;4.7;-0.6;-5.9;5.1;1.2;0.12;1.4;2.5;0.14;473;124;91;50;94949;1.96;5.66;0.31;0.29
2001;3;20;79;3.8;0.6;-2.4;-4.9;-7.6;-9.4;0.9;-0.7;0.13;1.4;2.5;0.31;558;150;130;61;95715;1.17;0.88;0.3;0.29
2001;3;21;80;1.5;-0.1;-1.7;1.2;-2.1;-5.1;-2.3;0.5;0.2;1.5;2.5;5.45;78;23;24;8;94811;0.37;11.34;0.3;0.29
2001;3;22;81;8.5;6;2.1;7.3;5.3;1.8;1.8;0.5;0.2;1.5;2.5;5.09;157;36;20;5;94290;0.28;17.53;0.31;0.29
2001;3;23;82;8.3;6.1;2.8;7.4;5.2;2.3;1.3;1.1;0.15;1.5;2.5;1.61;162;43;62;18;95019;0.6;12.17;0.32;0.29
2001;3;24;83;14;9.2;5.5;7.8;6.5;4.8;1.1;1.1;0.13;1.5;2.5;0.49;362;88;64;34;94588;1.14;7.11;0.33;0.3
2001;3;25;84;11.7;8.5;5.6;9.1;7.1;5.4;1.1;1.6;0.13;1.5;2.5;0.17;305;85;62;33;93937;1.36;10.25;0.33;0.3
2001;3;26;85;5.6;1;-1.2;5.3;-3.4;-6.7;0;-1.9;0.14;1.5;2.5;0.52;287;73;47;25;94960;1.01;1.79;0.33;0.3
2001;3;27;86;1.7;-0.7;-2.6;-4.9;-6;-7.6;-2.4;-0.2;0.14;1.5;2.5;0.64;294;75;58;35;95696;0.65;0.03;0.32;0.3
2001;3;28;87;8.1;2.2;-2.9;-0.1;-2.8;-5.8;-2.4;1.3;0.14;1.6;2.5;0.54;554;148;95;69;95392;1.04;0.25;0.31;0.3
2001;3;29;88;9.6;4.6;0.4;4.3;1.3;-2.3;-1.6;1.2;0.13;1.6;2.5;0.34;327;89;63;43;94704;1.07;3.62;0.31;0.31
2001;3;30;89;8.5;4.8;1.9;4.2;2.9;1.6;0.6;-0.4;0.13;1.6;2.5;0.21;273;63;59;28;95441;0.89;4.21;0.3;0.31
2001;3;31;90;11.4;5.4;-1.3;4.7;0.8;-1.4;0.7;0.5;0.13;1.6;2.5;0.1;594;156;119;63;96676;1.43;0;0.3;0.31
2001;4;1;91;14.7;8.2;0.7;5.5;2.3;-1.5;0.1;1.1;0.13;1.6;2.5;0.02;583;183;122;79;96815;1.68;0;0.3;0.31
2001;4;2;92;16.8;9.6;1.7;5.1;3.1;0.4;-1.2;1.1;0.13;1.6;2.5;0;607;187;133;86;96332;1.97;0;0.29;0.31
2001;4;3;93;15.7;9.5;3.2;8.8;5.4;1.4;1.5;0.6;0.13;1.7;2.5;0;557;154;100;66;96028;1.4;0.13;0.29;0.31
2001;4;4;94;17.1;9.5;3.3;9;5.8;2.7;1.2;1.6;0.13;1.7;2.5;0;554;164;108;57;95421;2.21;5.8;0.28;0.31
2001;4;5;95;9.2;5.8;3.1;3.9;0.9;-2;2.8;0.4;0.13;1.7;2.5;0;530;164;107;65;95795;2.06;1.67;0.28;0.31
2001;4;6;96;11.2;6.9;3.2;6.9;4;-1.7;2;2.3;0.13;1.7;2.5;0;361;93;74;33;95392;1.69;4.57;0.28;0.31
2001;4;7;97;10.3;7.9;4.4;8.3;5.7;3;1.5;1.2;0.13;1.7;2.5;0;265;69;51;25;94795;1.42;6.71;0.28;0.31
2001;4;8;98;10.9;6.8;2.1;4.4;1.6;-0.1;0.7;-1.9;0.13;1.7;2.5;0;457;149;93;60;95438;1.92;1.4;0.28;0.31
2001;4;9;99;9.7;6;3.1;2.5;0;-3.5;1.6;-0.2;0.14;1.7;2.5;0;555;156;95;56;96138;1.83;0.62;0.28;0.31
2001;4;10;100;9.5;6.4;4;7.9;4.7;1.2;0.9;1.7;0.14;1.8;2.5;0;269;59;68;27;95432;1.1;5.75;0.28;0.31
2001;4;11;101;11.2;7.2;4.1;5.3;4.4;3.5;0.6;-1.4;0.14;1.8;2.5;0;421;111;70;33;95796;1.58;2.1;0.28;0.3
2001;4;12;102;8.8;5.3;1;4.8;-1.4;-5.4;2.6;-2.3;0.14;1.8;2.5;0;575;190;106;70;96330;2.04;0.32;0.27;0.3
2001;4;13;103;4.1;0.6;-2.1;-3.5;-5.7;-8;2.1;-2.6;0.15;1.8;2.5;0.77;551;166;95;75;96420;1.58;2.01;0.27;0.3
2001;4;14;104;3.3;0.2;-2.5;-5.1;-6.8;-7.8;1.8;-1.6;0.16;1.8;2.5;1.63;549;160;103;65;96431;1.56;1.14;0.27;0.3
2001;4;15;105;2.9;1;-1.4;2.8;-0.7;-7.2;2.4;2.1;0.23;1.8;2.5;6.72;107;39;37;13;95077;0.19;13.71;0.26;0.3
2001;4;16;106;7.4;4;1.3;4.1;2.3;0.6;2.3;-0.2;0.23;1.9;2.5;6.3;440;131;76;37;95242;1.36;4.81;0.27;0.3
2001;4;17;107;7.8;3.5;-0.4;4.4;1.3;-0.9;1.9;-0.3;0.19;1.9;2.5;3.6;472;154;82;52;95654;1.71;3.02;0.27;0.3
2001;4;18;108;8.1;3.4;-0.8;1.9;0;-2;2.8;1.6;0.17;1.9;2.5;2.06;481;142;64;41;94890;1.86;3.1;0.27;0.3
2001;4;19;109;6.8;2.8;-0.3;-0.1;-2.8;-5.4;2.2;0.5;0.16;1.9;2.5;1.55;607;192;107;68;95023;2.24;1.59;0.27;0.3
2001;4;20;110;5.8;2.8;0;0;-2.3;-3.9;0;-1;0.16;1.9;2.5;1.28;387;114;60;43;95029;1.14;1.13;0.27;0.3
2001;4;21;111;4.3;2.4;1.2;3.1;1.3;0.2;-1.2;-3.2;0.16;2;2.5;1.41;157;55;29;15;94657;1.45;11.51;0.27;0.3
2001;4;22;112;5.3;2.5;0.3;0.6;-0.4;-1.1;0.7;-2.2;0.18;2;2.5;3.19;237;70;51;21;94745;1.05;2.18;0.28;0.3
2001;4;23;113;11.1;6.1;-0.5;1.1;0;-1.7;1.2;-0.5;0.17;2;2.5;2.12;582;167;101;59;94716;1.66;0.01;0.27;0.3
2001;4;24;114;14.8;9.3;3.1;3.7;1.8;0.6;0.7;1.4;0.15;2;2.5;0.92;491;167;109;63;95518;2.07;0;0.27;0.3
2001;4;25;115;17.7;10.3;4.9;8.4;5.4;2.3;0.3;1.5;0.15;2;2.5;0.31;491;163;86;56;95567;2.42;4.3;0.27;0.3
2001;4;26;116;11.6;7.4;4.3;6.4;4.6;3.2;2.6;1.5;0.15;2.1;2.5;0.04;464;158;80;56;96111;2.47;4.78;0.27;0.3
2001;4;27;117;11.5;7.4;1.3;5.5;3.8;1;1.1;1.4;0.15;2.1;2.5;0;389;137;78;55;96041;1.74;2.22;0.27;0.3
2001;4;28;118;12.7;8.8;5.6;8.8;6.6;4.7;2;1.6;0.15;2.1;2.5;0;410;117;54;36;95645;2.2;5;0.27;0.3
2001;4;29;119;15.8;11.2;6.6;9.1;7.6;5.9;-0.4;0.9;0.15;2.1;2.5;0;437;109;89;39;95582;1.61;3.43;0.27;0.3
2001;4;30;120;22;15.6;8.5;11.4;8.8;7.2;-1.5;0.3;0.15;2.1;2.5;0;689;233;126;88;95382;3.14;0.02;0.27;0.3
2001;5;1;121;24.3;17.2;8.1;13.2;9.2;6.6;-1.2;0.1;0.15;2.2;2.5;0;696;242;133;88;95786;3.44;0;0.26;0.3
2001;5;2;122;22.3;17.1;11.8;13.7;12.3;10.5;-3.5;-1.4;0.15;2.2;2.5;0;690;227;111;80;95920;3.09;0.32;0.26;0.3
2001;5;3;123;24;17.9;13;12.3;10.6;7.8;0;0.8;0.15;2.2;2.5;0;697;226;124;91;95010;3.51;0.19;0.25;0.3
2001;5;4;124;18.5;14.8;12.6;11.8;11.3;11;-0.1;-1.5;0.15;2.2;2.5;0;567;170;87;49;94969;2.65;2.18;0.25;0.3
2001;5;5;125;12.7;10.1;7.3;11.1;8;5.3;-1.7;-3.8;0.15;2.2;2.5;0;212;63;22;12;95093;0.95;0.48;0.25;0.3
2001;5;6;126;8.3;6.9;5.9;5.7;5;4.2;-1.2;-3;0.15;2.2;2.5;0;187;44;18;10;95690;0.8;0.68;0.25;0.3
2001;5;7;127;10.3;7.8;6;6.4;5.4;4.7;-1.4;-2.5;0.15;2.3;2.5;0;264;77;28;14;96270;0.89;0;0.24;0.3
2001;5;8;128;15.3;11.6;7.2;10.6;8.5;5.3;-1.7;-1.8;0.15;2.3;2.5;0;322;109;51;23;96568;1.47;0.52;0.24;0.3
2001;5;9;129;19.1;14.5;9.5;10.7;8.5;6.8;-2.7;-0.8;0.15;2.3;2.5;0;621;214;111;74;96461;3.06;0.33;0.24;0.29
2001;5;10;130;19.3;14.4;9.4;7.1;6.2;4.6;-3.2;-0.8;0.15;2.3;2.5;0;719;262;125;99;96326;3.49;0;0.23;0.29
2001;5;11;131;20;14.7;8.7;9.3;6.5;4.1;-1.1;-2.6;0.15;2.3;2.5;0;679;228;133;87;96212;3.2;0;0.23;0.29
2001;5;12;132;17.9;13;7.6;5.9;5.3;4.6;-2;-1.5;0.15;2.4;2.5;0;718;258;130;101;96323;3.2;0;0.22;0.29
2001;5;13;133;18.7;13.2;5.9;6.6;4.8;3.7;-2;0.8;0.15;2.4;2.5;0;721;248;133;98;95868;3.12;0;0.22;0.29
2001;5;14;134;21.7;15.6;8.2;12.2;8;4.6;0.1;1;0.15;2.4;2.5;0;692;221;118;77;95284;2.96;3.16;0.22;0.29
2001;5;15;135;18;14;10.4;11.8;10.6;9.7;1.6;1.1;0.15;2.4;2.5;0;502;167;88;56;95251;2.46;2.41;0.22;0.29
2001;5;16;136;21;14.8;9;12.5;10.5;8.1;1.7;1.8;0.15;2.4;2.5;0;614;213;104;68;95511;3.15;7.95;0.22;0.29
2001;5;17;137;18.4;14.3;10.8;12.8;10.9;9.5;1.7;1.3;0.16;2.4;2.5;0;569;143;74;50;95548;2.55;8.31;0.22;0.29
2001;5;18;138;13;9.9;7;10.8;7.6;5.5;2.7;0.2;0.16;2.5;2.5;0;317;100;67;47;95882;2.43;9.13;0.23;0.29
2001;5;19;139;13.3;9.9;6.8;7.9;5.6;4.6;2.6;-0.5;0.16;2.5;2.5;0;494;151;69;50;96564;2.45;1.76;0.23;0.29
2001;5;20;140;17.7;12.3;4.6;7.7;5.8;3.3;-1.1;-0.9;0.16;2.5;2.5;0;576;220;123;82;96683;2.97;0;0.23;0.29
2001;5;21;141;19.5;13.8;7.8;8.6;7.5;5.5;-2.2;-1.9;0.16;2.5;2.5;0;737;271;131;100;96374;3.56;0;0.22;0.29
2001;5;22;142;16.4;12.6;8.3;6.7;5.5;4.5;-2.8;-1.7;0.16;2.5;2.5;0;576;194;89;67;96286;2.87;0;0.22;0.29
2001;5;23;143;18.8;13.9;8.7;6.7;4.7;3.2;-3.1;-0.5;0.16;2.5;2.5;0;738;272;132;100;96578;3.79;0;0.22;0.29
2001;5;24;144;22.3;16.1;7.7;10;7.6;5.2;-1;-1.2;0.16;2.5;2.5;0;732;271;137;100;96306;3.78;0;0.21;0.29
2001;5;25;145;21.3;16.3;10.6;9.3;7.4;6.2;-1.1;-2.2;0.16;2.6;2.5;0;714;247;121;93;96171;3.62;0;0.21;0.29
2001;5;26;146;22;16.2;7.5;8.1;6.4;4.1;0.7;-0.2;0.16;2.6;2.5;0;719;268;138;100;96390;3.75;0;0.2;0.28
2001;5;27;147;22.1;17.9;11.6;12.8;10.1;6.7;2.4;-0.4;0.16;2.6;2.5;0;556;189;91;60;96475;2.84;0.15;0.2;0.28
2001;5;28;148;21.9;18.5;14.4;13.6;12.6;12.1;3.8;-0.3;0.16;2.6;2.5;0;458;148;69;49;96481;2.48;0.85;0.2;0.28
2001;5;29;149;22.7;18.9;14.3;13.7;10.6;4.5;4.3;-0.8;0.16;2.6;2.5;0;586;221;103;79;96209;3.41;0.49;0.2;0.28
2001;5;30;150;20.2;15.6;10.6;7.5;6.1;5.5;1.5;-1.1;0.16;2.6;2.5;0;723;274;130;101;96090;3.49;0;0.19;0.28
2001;5;31;151;20.3;15;10.6;11.3;7.6;5.5;1.9;-0.7;0.16;2.6;2.5;0;523;198;101;71;95586;3.01;1.63;0.19;0.28
2001;6;1;152;14;11.1;7.8;7.7;5.8;4.1;2.6;-1;0.16;2.6;2.5;0;556;193;84;65;96076;2.86;3.12;0.19;0.28
2001;6;2;153;12.1;10.3;8.7;10;7.7;4.8;3;1.9;0.16;2.7;2.5;0;284;93;43;31;95360;2.36;9.55;0.19;0.28
2001;6;3;154;11.2;8.2;5.3;6.9;4.4;2.4;4.2;-0.8;0.16;2.7;2.5;0;564;216;97;58;95502;3.42;5.27;0.2;0.28
2001;6;4;155;10.8;7.5;4.4;5.4;3.3;0.5;4.3;-0.9;0.16;2.7;2.5;0;377;103;48;24;96462;2.42;4.62;0.2;0.28
2001;6;5;156;15;11.2;6.8;6.8;5.5;4.6;1;0.1;0.16;2.7;2.5;0;426;142;85;52;96418;1.97;0.19;0.2;0.28
2001;6;6;157;17.7;12.9;7;9.7;7.9;4.4;1;0.5;0.16;2.7;2.5;0;530;178;87;62;95698;2.39;0.78;0.2;0.28
2001;6;7;158;17.6;13.9;9.7;10.7;9.2;7.5;2.6;1;0.16;2.7;2.5;0;555;187;84;60;95771;2.71;1.06;0.19;0.28
2001;6;8;159;14.3;12.3;10.1;10.1;9.3;8.6;2.1;1;0.16;2.7;2.5;0;318;105;53;27;95596;2.09;5.89;0.19;0.28
2001;6;9;160;14.9;11.7;8.2;10;7.7;5.3;0;0;0.16;2.8;2.5;0;329;115;64;37;95692;1.86;0.97;0.2;0.28
2001;6;10;161;14.6;11.8;9.2;12.7;10.6;8.8;0.4;0.1;0.16;2.8;2.6;0;241;77;41;25;95461;1.6;10.24;0.2;0.28
2001;6;11;162;12.9;10.3;7.7;9;7.7;6;1.9;-0.7;0.16;2.8;2.6;0;549;175;83;48;96036;3.71;16.04;0.21;0.28
2001;6;12;163;15.8;11.7;6.8;7.2;6;4.6;2.1;0.3;0.16;2.8;2.6;0;457;165;90;65;96365;2.71;0.14;0.21;0.28
2001;6;13;164;18.9;13.8;5.8;9.7;7.2;4.9;-0.9;-0.1;0.16;2.8;2.6;0;569;180;88;63;95944;2.76;0;0.21;0.28
2001;6;14;165;20.1;15;9.4;13.2;10.6;8.1;-0.1;-0.1;0.16;2.8;2.6;0;647;210;103;65;95812;3.21;3.94;0.21;0.27
2001;6;15;166;21.9;16.9;9.6;13.1;11.3;9.3;0.2;1.4;0.16;2.8;2.6;0;580;195;97;60;95722;3.21;1.64;0.21;0.27
2001;6;16;167;18.6;14.9;11.4;13.7;12.6;10.5;1.3;1.2;0.16;2.8;2.6;0;407;116;70;42;95482;2.21;3.92;0.21;0.27
2001;6;17;168;17.4;13.3;9.5;11.7;10.6;9;1.8;0.9;0.16;2.8;2.6;0;514;159;88;56;95418;2.85;6.76;0.21;0.27
2001;6;18;169;15.1;12.5;10.8;11.7;10.4;9.6;2.4;-1.4;0.16;2.8;2.6;0;327;112;65;29;95897;2.63;10.33;0.22;0.27
2001;6;19;170;14.9;11.9;9.5;9.5;7.4;6.3;1.1;-2.6;0.16;2.8;2.6;0;484;146;73;40;96699;2.57;0.62;0.22;0.27
2001;6;20;171;18.4;13.2;6.2;9;7.6;5.7;1;-1;0.16;2.8;2.6;0;722;263;125;93;96466;3.5;0;0.22;0.27
2001;6;21;172;19.5;15.3;8.5;11.8;9.2;6.2;2.2;0.2;0.16;2.8;2.6;0;552;204;92;67;95724;3.21;1.01;0.21;0.27
2001;6;22;173;14.7;12.5;10;9.7;7.8;5.5;3.5;-1;0.16;2.8;2.6;0;608;201;92;63;95596;2.89;0.89;0.21;0.27
2001;6;23;174;15.7;12.2;9.1;7.8;6.9;6.1;2.5;-1.5;0.16;2.8;2.5;0;357;137;95;49;96143;2.22;0.2;0.21;0.27
2001;6;24;175;20.9;14.9;7.5;10.9;8.5;6.6;1;-1.1;0.16;2.8;2.5;0;706;256;121;86;96522;3.59;0;0.21;0.27
2001;6;25;176;21.5;16.7;9.3;13.9;9.9;7.8;-0.1;-1.3;0.16;2.8;2.5;0;574;201;109;71;96693;3.04;0;0.2;0.27
2001;6;26;177;24.7;18.7;10.2;13.5;11.4;9.3;-0.9;-0.5;0.15;2.7;2.5;0;673;263;126;90;96421;3.87;0;0.2;0.27
2001;6;27;178;28.4;21.6;12.7;16.2;12.4;10.9;-0.7;0.7;0.15;2.7;2.5;0;714;273;134;92;95841;4.17;0.07;0.2;0.27
2001;6;28;179;19.5;17.7;14.5;16.5;15.4;13.7;1.6;-0.7;0.15;2.7;2.5;0;345;107;58;34;96060;2.44;17.48;0.2;0.27
2001;6;29;180;22.3;17.9;12.5;14.6;12.7;10.8;0.9;-1.1;0.15;2.7;2.5;0;606;211;100;69;96606;3.45;0.28;0.21;0.27
2001;6;30;181;24;19;12.6;15.1;13.4;11.9;0.7;0;0.15;2.7;2.5;0;550;192;91;60;96458;3.22;2.83;0.21;0.27
2001;7;1;182;19.9;16.7;14.2;14.5;11.6;8.9;2.3;-1.5;0.15;2.7;2.5;0;533;184;87;53;96700;3.35;1;0.21;0.27
2001;7;2;183;19.4;15.6;11.8;11.5;9.5;7.9;0.6;-2;0.15;2.7;2.5;0;560;195;106;69;96920;3.09;0.35;0.2;0.27
2001;7;3;184;18.5;14.8;9.5;8.7;7.9;7.1;-2.2;-0.5;0.15;2.7;2.5;0;421;170;92;66;96545;2.66;0;0.2;0.27
2001;7;4;185;21.9;17.3;11.6;12.7;11.3;9.1;-3.2;-0.1;0.15;2.7;2.5;0;488;185;89;65;95940;2.85;0.03;0.2;0.27
2001;7;5;186;24.7;19.6;13.3;12.7;11.2;9.3;-2.5;0;0.15;2.7;2.5;0;712;269;122;93;95899;4.05;0;0.19;0.27
2001;7;6;187;27.8;21.6;14.9;14.4;11.8;8.6;-3;0.4;0.15;2.7;2.5;0;732;272;121;92;95602;4.23;0.18;0.19;0.27
2001;7;7;188;26.4;19.9;14.6;17.8;15.2;13.4;1.7;-0.5;0.15;2.7;2.5;0;625;197;96;53;95238;3.72;38.58;0.2;0.26
2001;7;8;189;19.9;16;14;14.4;13.5;12.6;3.3;1.1;0.15;2.6;2.5;0;458;114;73;32;95601;3.28;8.4;0.22;0.26
2001;7;9;190;18.3;15.8;12.4;13.5;12.3;10.2;2.5;0.4;0.15;2.6;2.5;0;443;153;71;50;95880;2.59;1.95;0.23;0.26
2001;7;10;191;23.1;18.3;11.6;14.9;10.9;9.2;1;1.1;0.15;2.6;2.5;0;620;228;107;69;95757;3.71;0.02;0.22;0.26
2001;7;11;192;19.1;17;14.3;13.4;10.8;7.5;3;1.1;0.15;2.6;2.5;0;513;144;86;50;95778;2.82;1.3;0.22;0.26
2001;7;12;193;19.5;16.1;12.1;11.4;8;6.3;2.3;1.2;0.15;2.6;2.5;0;485;166;74;56;95906;3.11;1.68;0.22;0.26
2001;7;13;194;18.9;15.6;13;12.9;11.1;8.8;1.9;1.6;0.15;2.6;2.5;0;445;134;91;41;95646;2.87;2.32;0.22;0.26
2001;7;14;195;25.6;19.6;14.1;17.1;14.5;11;0.3;2;0.15;2.6;2.5;0;546;178;91;54;95458;3.04;0.78;0.22;0.26
2001;7;15;196;20.3;16.9;12.1;15.9;13.8;11;0.5;-2.5;0.15;2.6;2.5;0;410;138;52;35;95634;3.15;20.17;0.22;0.26
2001;7;16;197;13.7;12;11;11.2;10.7;9.2;0.5;-2.3;0.15;2.6;2.5;0;148;38;15;7;95668;1.45;13.97;0.24;0.26
2001;7;17;198;14.6;11.9;9.4;10.1;9.1;8;-0.4;-1.2;0.15;2.6;2.5;0;225;59;72;22;95555;1.31;1.36;0.25;0.26
2001;7;18;199;17.3;13;8.4;12;9.8;7.4;0.3;2.2;0.15;2.6;2.5;0;436;133;89;54;95176;2.3;2.39;0.25;0.26
2001;7;19;200;19.1;14.3;9;11.9;10.2;8.1;0;2.1;0.15;2.5;2.5;0;453;162;84;65;95136;2.57;1.23;0.24;0.26
2001;7;20;201;18.8;15.1;10.7;13.5;11;9.1;2.3;-1.2;0.15;2.5;2.5;0;557;179;84;57;95451;2.81;1.39;0.24;0.26
2001;7;21;202;19.2;15.4;12.2;11.4;9.8;7.8;2.4;-1.1;0.15;2.5;2.5;0;467;168;82;52;96318;3.12;1.67;0.24;0.26
2001;7;22;203;22.3;17.9;11.3;14.1;11;7.8;-0.8;-0.1;0.15;2.5;2.5;0;696;191;115;65;96395;2.96;0;0.24;0.26
2001;7;23;204;23.8;19;12.4;14.1;12.4;11.3;-1.3;-0.9;0.15;2.5;2.5;0;639;187;107;63;96129;3.2;0;0.24;0.26
2001;7;24;205;24.8;19.5;12.4;14.8;12.7;11.1;-0.6;-1.9;0.15;2.5;2.5;0;636;222;103;74;95951;3.65;0;0.23;0.26
2001;7;25;206;24;19.9;14.6;15.4;13.9;12.9;-0.3;-2.2;0.15;2.5;2.5;0;617;199;95;69;96115;3.23;0.37;0.23;0.26
2001;7;26;207;25.5;20.4;14.4;15.9;13.1;10.9;-0.8;-1.7;0.15;2.5;2.5;0;693;253;126;90;96159;3.95;0;0.22;0.26
2001;7;27;208;26.4;20.8;13.1;15.6;13.1;11.9;-1.1;-0.8;0.15;2.5;2.5;0;663;242;121;86;96174;3.81;0;0.22;0.26
2001;7;28;209;27.7;21.8;14;15;13.4;11.5;-1.1;-0.6;0.15;2.5;2.5;0;683;247;129;87;96301;3.88;0;0.22;0.26
2001;7;29;210;27.3;21.3;16.1;15.5;14.6;13.2;-0.4;-1.1;0.15;2.5;2.5;0;692;213;115;70;96421;3.48;1.43;0.21;0.26
2001;7;30;211;26;21;13.9;15.6;13.3;11.4;0.6;-0.8;0.15;2.4;2.5;0;652;239;118;84;96726;3.62;0.01;0.21;0.26
2001;7;31;212;28.7;23.7;18.4;15.2;12.7;11.1;1.4;-0.2;0.15;2.4;2.5;0;630;231;107;76;96536;3.68;0;0.21;0.26
2001;8;1;213;22.4;19.2;15.9;15.2;12.9;10;-0.2;-1.7;0.15;2.4;2.5;0;465;151;111;62;96620;2.31;0.05;0.21;0.26
2001;8;2;214;27.7;21.3;14.1;15;12.7;9.2;-2.4;0.3;0.15;2.4;2.5;0;702;251;121;89;96084;3.59;0;0.2;0.26
2001;8;3;215;26.5;20.9;16.5;18.8;16.8;15;1.3;1.2;0.15;2.4;2.5;0;493;138;70;46;95770;2.66;8.51;0.2;0.26
2001;8;4;216;19.7;16.6;13.6;16.3;15.1;12.3;1.1;1;0.15;2.4;2.5;0;348;79;61;35;96111;1.82;10.23;0.21;0.26
2001;8;5;217;19.7;16.2;12.8;12.9;10.9;8;2.6;0.9;0.15;2.4;2.5;0;521;181;87;62;96268;3.03;1.24;0.21;0.26
2001;8;6;218;19.3;16;11.3;13;11.2;9.6;1.6;1.4;0.15;2.4;2.5;0;342;112;75;50;96121;1.98;1.45;0.21;0.26
2001;8;7;219;19.8;16.9;15;15.4;13.3;11.6;2.5;1.4;0.15;2.4;2.5;0;489;122;63;36;95774;2.39;2.1;0.21;0.26
2001;8;8;220;21.2;18.2;15.3;15.7;12.9;10.3;2;2.1;0.15;2.4;2.5;0;533;167;87;56;95540;3.1;4.99;0.21;0.26
2001;8;9;221;21.3;17.5;13.8;13.3;11.6;10.3;1.8;1.4;0.15;2.3;2.5;0;517;156;77;55;95968;2.58;0.7;0.21;0.26
2001;8;10;222;18.4;15.1;12.1;12.7;9.9;7.2;2.8;0.2;0.15;2.3;2.5;0;534;163;103;56;96397;2.82;3.7;0.21;0.26
2001;8;11;223;16.8;13.2;8.9;9;7.4;6.1;1.9;-0.8;0.15;2.3;2.5;0;482;166;87;71;96933;2.35;0.54;0.21;0.26
2001;8;12;224;20.8;15.6;9.7;10.4;7.8;5.9;0.9;0.9;0.15;2.3;2.5;0;671;229;122;87;96615;2.99;0;0.21;0.26
2001;8;13;225;23.4;17.8;12;13.8;11.1;8.5;1.9;0.8;0.15;2.3;2.5;0;495;146;75;46;96085;2.38;0.28;0.21;0.26
2001;8;14;226;28;22;14.3;16.7;14.7;12.3;-1;0.6;0.15;2.3;2.5;0;664;228;115;76;96236;3.36;0;0.2;0.26
2001;8;15;227;30.1;23.6;16.1;17.6;15.8;14.4;-1.6;0.8;0.14;2.3;2.5;0;666;230;117;84;96222;3.45;0;0.2;0.25
2001;8;16;228;29.6;23.8;17.4;17.5;15;13.4;1;-0.2;0.14;2.3;2.5;0;651;212;111;73;96075;3.39;0.2;0.2;0.25
2001;8;17;229;25;20.5;17.1;17.5;16.6;15.1;-0.6;-1;0.14;2.3;2.5;0;489;160;85;48;96230;2.94;10.98;0.2;0.25
2001;8;18;230;25.1;21.1;17.3;17.9;16.9;16.1;-1.9;-0.2;0.14;2.3;2.5;0;450;148;82;42;95859;2.68;0.49;0.2;0.25
2001;8;19;231;25.9;21.1;15.9;18;15.5;13.4;0.6;-0.2;0.14;2.3;2.5;0;589;201;103;72;95635;3.03;0.3;0.2;0.25
2001;8;20;232;22.6;17.6;14.5;16.1;14.7;13.1;1;-1;0.14;2.3;2.5;0;424;115;69;42;95835;2.01;13.83;0.2;0.25
2001;8;21;233;20.5;17;14.2;14.6;13.7;12.9;-0.6;-1.9;0.14;2.3;2.5;0;289;89;72;28;96337;1.99;3.03;0.21;0.25
2001;8;22;234;21.7;17.9;14.4;16;15;13.6;-1.1;-1.6;0.14;2.2;2.5;0;368;104;67;37;96604;1.76;1.14;0.21;0.25
2001;8;23;235;24.4;19.7;14.4;16.3;15.2;14.1;-1.8;-0.3;0.14;2.2;2.5;0;520;162;90;56;96525;2.57;0.45;0.21;0.25
2001;8;24;236;25.9;20.7;14.3;17.7;15.5;14;-1.2;0.6;0.14;2.2;2.5;0;567;188;106;71;96371;2.82;0.15;0.21;0.25
2001;8;25;237;27.7;21.8;15.2;17.4;15;13.5;-1.1;0.2;0.14;2.2;2.5;0;580;197;109;76;96355;3.03;0;0.21;0.25
2001;8;26;238;28.4;22.3;15.4;17.1;14.6;13;-1.1;0.2;0.14;2.2;2.5;0;577;191;109;77;96281;2.93;0;0.2;0.25
2001;8;27;239;28.1;19.4;13;16.5;13.6;8.7;1.1;-0.8;0.14;2.2;2.5;0;640;181;110;70;95937;2.73;0.96;0.2;0.25
2001;8;28;240;18.5;14.4;10.9;8.2;6.1;4.6;1.8;-1.2;0.14;2.2;2.5;0;640;198;130;88;96127;2.61;0;0.2;0.25
2001;8;29;241;17.6;13.5;9.3;7.8;6.7;5.6;-0.8;-1.2;0.14;2.2;2.5;0;583;185;119;87;95940;2.28;0;0.2;0.25
2001;8;30;242;21.9;16;9.8;11.4;8.9;6.5;-1.9;0.9;0.14;2.2;2.5;0;638;202;125;88;95471;2.53;0.03;0.19;0.25
2001;8;31;243;17.8;15.5;13.9;13.8;12.1;10.1;1.2;0.4;0.14;2.2;2.5;0;360;78;51;27;95386;1.51;2.8;0.19;0.25
2001;9;1;244;15.1;13.2;11.6;13.5;11.9;10.7;1.9;-0.9;0.14;2.2;2.5;0;240;62;40;27;95653;1.57;11.63;0.2;0.25
2001;9;2;245;16.1;13.4;10.5;11.2;8.4;5.6;2.2;-0.4;0.14;2.2;2.5;0;373;125;82;47;95973;2.01;0.55;0.2;0.25
2001;9;3;246;18.9;15.4;11.4;12.9;10;7.2;1.6;0.8;0.14;2.2;2.5;0;366;113;73;50;95775;1.62;0.31;0.2;0.25
2001;9;4;247;15.8;13.4;9.7;11.9;10.5;9.1;2.6;0.7;0.14;2.2;2.5;0;368;107;58;43;95332;1.91;4.16;0.2;0.25
2001;9;5;248;13.5;10.8;8.9;10.6;9.3;8.4;2.5;-1;0.14;2.2;2.5;0;299;82;70;38;95682;1.71;4.87;0.2;0.25
2001;9;6;249;15.2;12.1;9.4;10;7.8;5.4;2.6;-0.5;0.14;2.2;2.5;0;505;134;97;41;95861;2.12;1.83;0.21;0.25
2001;9;7;250;13.8;11;10;10.2;9.3;7.4;3.3;-0.2;0.14;2.2;2.5;0;353;78;50;17;95704;1.94;7.6;0.21;0.25
2001;9;8;251;14.5;11.6;8.3;11.6;8.4;4.5;4.7;0.4;0.14;2.2;2.5;0;380;83;84;34;94927;2.03;7.87;0.22;0.25
2001;9;9;252;10.6;8.3;6.5;7.2;4.8;3.3;5.1;0.8;0.14;2.2;2.5;0;302;82;68;43;94969;2.31;5.57;0.22;0.25
2001;9;10;253;9.2;8.1;6.9;8.2;6.5;4.1;5.2;1.1;0.14;2.2;2.5;0;57;16;31;9;95187;1.37;11.99;0.23;0.25
2001;9;11;254;12.2;9.4;7.2;6.9;4.9;3.1;4.4;0.4;0.14;2.2;2.5;0;383;111;69;40;95693;2.17;2.14;0.23;0.25
2001;9;12;255;13;9.8;7.1;9.7;7.9;4.8;3;0.3;0.14;2.1;2.5;0;319;76;68;35;95706;1.73;8.26;0.24;0.25
2001;9;13;256;14;11.5;9.1;10.8;9.9;8.4;2.2;2.5;0.14;2.1;2.5;0;182;47;30;16;95330;1.58;11.25;0.24;0.25
2001;9;14;257;12.5;10.6;6.5;10.1;8.3;5.4;2;1.5;0.14;2.1;2.5;0;264;77;72;40;95057;1.56;5.96;0.25;0.25
2001;9;15;258;13.8;9.4;4.4;9.7;7.1;4.3;2.1;1.2;0.14;2.1;2.5;0;389;102;76;44;95611;1.41;1.94;0.25;0.25
2001;9;16;259;11.1;8.9;6.9;8.4;7;5.5;2.2;0;0.14;2.1;2.5;0;354;101;74;39;95341;1.91;6.39;0.25;0.25
2001;9;17;260;12.7;8.2;4.7;6.9;5.5;4.1;1;-0.9;0.14;2.1;2.5;0;427;121;95;55;95475;1.65;3.1;0.25;0.25
2001;9;18;261;11.7;7.8;4.4;7.9;5.5;4.1;1.4;0.2;0.14;2.1;2.5;0;343;92;76;50;95633;1.26;0.78;0.25;0.25
2001;9;19;262;16.3;10.4;4.8;7.2;5.5;3.7;-1.3;1.9;0.14;2.1;2.5;0;551;165;121;76;95718;1.98;1.05;0.25;0.25
2001;9;20;263;12.9;10.7;9.2;10.7;9.1;7.2;1.4;3.1;0.14;2.1;2.5;0;193;42;28;15;95707;1.87;24.33;0.27;0.25
2001;9;21;264;13.1;10.5;8.4;10.9;8.9;7.4;2.5;1.5;0.13;2;2.5;0;340;87;69;35;95744;1.77;7.97;0.28;0.25
2001;9;22;265;12.4;9.4;7;7.3;6;4.9;1.3;0.4;0.13;2;2.5;0;266;76;82;43;95787;1.15;0.13;0.28;0.25
2001;9;23;266;15.3;10;3.1;8.4;5.9;2.5;-2.1;-0.2;0.13;2;2.5;0;521;129;111;57;95341;1.57;0.85;0.28;0.25
2001;9;24;267;11.9;10.6;9.5;11.1;9.8;8.6;-0.3;-1;0.13;2;2.5;0;73;20;17;6;95327;0.56;1.81;0.28;0.25
2001;9;25;268;12.9;10.3;7.8;9;7.8;6.7;0.7;-1.1;0.13;2;2.5;0;236;60;51;28;95995;1.01;0.84;0.28;0.25
2001;9;26;269;14.1;10.1;6.2;9.7;7.9;5.6;1.2;-0.3;0.13;2;2.5;0;424;117;90;54;96342;1.39;1.36;0.27;0.25
2001;9;27;270;15.3;10.5;5.3;11.2;8.7;4.8;1.3;1.5;0.13;1.9;2.5;0;237;64;57;35;96176;0.97;3.11;0.27;0.25
2001;9;28;271;15.8;11.9;8.7;10;9.4;8;1.4;0;0.13;1.9;2.5;0;307;85;72;49;96093;1.04;0.04;0.27;0.25
2001;9;29;272;18.4;12;5.2;11;9;5;-1.6;0.3;0.13;1.9;2.5;0;501;127;115;58;95931;1.39;0;0.27;0.25
2001;9;30;273;13.8;12.2;10.7;13.3;11.6;10.1;0.7;0.8;0.13;1.9;2.5;0;98;26;55;18;95883;0.37;5.98;0.27;0.25
2001;10;1;274;16;13.7;10.2;14.2;11.8;10;1.6;2.7;0.13;1.9;2.5;0;259;49;46;22;95783;1.47;4.84;0.27;0.25
2001;10;2;275;23.6;18.4;15.6;15.5;14;12.4;2.1;2.6;0.13;1.9;2.5;0;426;101;94;46;95770;1.92;0.38;0.27;0.25
2001;10;3;276;21.6;17;13.7;13.8;12.7;11.6;2;1.4;0.13;1.8;2.5;0;462;110;96;50;95743;1.6;1.73;0.27;0.25
2001;10;4;277;14.8;12.7;8.2;13.6;10.4;6.7;1.8;0;0.13;1.8;2.5;0;313;77;87;46;95952;1.31;14.38;0.28;0.25
2001;10;5;278;14.9;9.9;5.3;8.7;7.4;5.2;-1.3;1;0.13;1.8;2.5;0;355;90;88;57;95837;0.92;0;0.28;0.25
2001;10;6;279;18.1;12.2;5.9;13.2;10.1;5.7;-0.4;1.5;0.13;1.8;2.5;0;386;73;73;42;95714;0.69;0.08;0.28;0.25
2001;10;7;280;16;13;10.4;13.4;11.5;9.3;-0.4;0.8;0.13;1.8;2.5;0;203;53;61;38;95484;0.5;0.88;0.28;0.26
2001;10;8;281;17.9;13.1;10.5;12.7;11;8.2;0.5;1;0.13;1.8;2.5;0;322;81;74;34;95595;1.21;1.31;0.28;0.26
2001;10;9;282;16.4;12.5;10.1;9.9;8.8;7.4;0.9;1.1;0.13;1.7;2.5;0;416;86;102;47;96092;1.13;0.03;0.28;0.26
2001;10;10;283;16.1;12;8.5;9.5;8;7.1;2.2;0.1;0.13;1.7;2.5;0;412;109;96;65;96839;1.18;0;0.27;0.26
2001;10;11;284;15.4;11.4;8.4;9.3;8.2;7.5;2.4;0.6;0.13;1.7;2.5;0;365;95;86;64;97315;1;0;0.27;0.26
2001;10;12;285;17.8;11.7;6.5;10.1;7.9;5.9;-0.2;1.4;0.13;1.7;2.5;0;450;122;124;80;97221;1.22;0;0.27;0.26
2001;10;13;286;20.2;12.8;6.1;12.5;9.4;5.5;-0.8;1.2;0.13;1.7;2.5;0;424;111;102;69;96924;1.11;0;0.27;0.26
2001;10;14;287;22.1;14.3;8;12.2;9.5;6.3;-1.5;0.5;0.13;1.7;2.5;0;426;114;110;70;96498;1.31;0;0.26;0.26
2001;10;15;288;18.9;12.6;6.7;12.8;10.1;6.5;-1.2;0.2;0.13;1.7;2.5;0;380;103;103;69;96271;0.95;0;0.26;0.26
2001;10;16;289;18.2;13.1;8.5;13.3;11.1;8.5;0.2;-0.6;0.13;1.6;2.5;0;309;77;75;47;96929;0.67;0;0.26;0.26
2001;10;17;290;16.5;13;10;12.1;10.7;9.2;-2.9;0.2;0.13;1.6;2.5;0;270;72;86;51;96737;0.74;0.03;0.26;0.26
2001;10;18;291;14;10.4;8;9.1;8.4;6.9;-1.3;0.4;0.13;1.6;2.5;0;299;73;99;51;96120;0.69;0.02;0.26;0.26
2001;10;19;292;15.5;9.5;4.4;8.3;6.7;4.4;-1.4;0.2;0.12;1.6;2.5;0;403;98;106;69;96070;0.86;0.01;0.26;0.26
2001;10;20;293;15.2;9.8;6.1;9.2;7.3;5.4;-2.6;0.4;0.12;1.6;2.5;0;395;97;111;74;95577;0.83;0.01;0.25;0.26
2001;10;21;294;12.4;10;8.4;11.7;9.1;7.3;0.5;0.8;0.12;1.6;2.5;0;126;29;64;31;95129;0.46;5.76;0.26;0.26
2001;10;22;295;11.7;9.9;8.6;10.6;9;7.6;2.2;0.8;0.12;1.6;2.5;0;91;25;61;28;95794;0.45;1.9;0.26;0.26
2001;10;23;296;13.3;10.3;8;8.7;7.8;6.6;-0.8;0.6;0.12;1.6;2.5;0;269;60;81;28;96246;0.8;0.57;0.26;0.26
2001;10;24;297;11.3;9.4;7.4;11.1;8.9;7.1;0.8;0.8;0.12;1.6;2.5;0;71;17;65;23;96565;0.25;9.31;0.26;0.26
2001;10;25;298;11.5;8.9;7.7;9.7;8.1;7.2;1.3;1.2;0.12;1.6;2.5;0;221;51;64;33;96759;0.73;3.89;0.27;0.26
2001;10;26;299;11.6;9.3;7.3;8.2;7;5.6;-0.4;1.6;0.12;1.6;2.5;0;164;35;69;24;96648;0.66;0.24;0.27;0.26
2001;10;27;300;14.8;10;5.2;10.3;8;4.7;1;1.8;0.12;1.6;2.5;0;294;58;69;39;96438;0.56;2.51;0.27;0.26
2001;10;28;301;12.3;10.5;8.5;11.4;10.1;8;1.5;0.1;0.12;1.6;2.5;0;119;27;49;14;96695;0.48;5.63;0.27;0.26
2001;10;29;302;11.3;9.5;7.5;9.2;8.2;7.1;3;0.1;0.12;1.6;2.5;0;102;29;53;17;96702;0.63;0.67;0.27;0.26
2001;10;30;303;15.1;11.2;8.4;9.9;8.7;6.8;3.3;1.3;0.12;1.6;2.5;0;269;60;90;48;96609;0.59;0.03;0.27;0.26
2001;10;31;304;18.2;11.5;6.2;10.4;7.5;3.5;2.6;1.2;0.12;1.6;2.5;0;341;81;90;62;96259;1.48;3.66;0.27;0.26
2001;11;1;305;8.3;6.5;5.2;3;1.9;0.3;4.2;-0.9;0.12;1.6;2.5;0;257;63;80;46;97367;1.13;0.98;0.27;0.26
2001;11;2;306;7.8;6.4;5.2;5.3;4.5;3;1.6;-0.7;0.12;1.6;2.5;0;61;14;43;18;98012;0.32;0.44;0.27;0.26
2001;11;3;307;9.7;6;2.7;5.7;4.2;2.6;0.2;-0.3;0.12;1.6;2.5;0;306;68;89;58;97465;0.49;0;0.27;0.26
2001;11;4;308;9.8;5.2;1;5.6;3.9;0.9;0.7;0.6;0.12;1.6;2.5;0;307;66;99;46;96507;0.44;0.08;0.27;0.26
2001;11;5;309;7.1;4.8;1.5;4.2;2.6;0.3;2.1;-0.1;0.12;1.6;2.5;0;110;24;67;31;96412;0.3;0.12;0.27;0.26
2001;11;6;310;6.5;3.7;0.5;4.6;1.8;-0.8;2.9;1.9;0.12;1.6;2.5;0;174;32;61;23;95828;0.57;4.13;0.27;0.26
2001;11;7;311;7.3;6;4.8;6.9;5.4;4;3.5;1.3;0.12;1.6;2.5;0;60;15;40;10;95144;0.71;8.66;0.27;0.26
2001;11;8;312;7.8;5.9;1.2;7;4.8;0.7;5.2;2.1;0.11;1.5;2.5;0.02;55;13;51;13;93743;1.76;20.29;0.29;0.26
2001;11;9;313;1.8;-0.1;-1.7;-0.6;-3.4;-5.4;1.4;-2.2;0.13;1.5;2.5;0.86;257;58;95;62;95276;0.73;0.95;0.29;0.26
2001;11;10;314;2;-1.1;-3.4;-4.3;-5.7;-7.3;-1.3;-0.5;0.13;1.5;2.5;1.16;267;61;106;68;97027;0.44;0.05;0.29;0.26
2001;11;11;315;2.6;-1.7;-4.5;-4;-5.6;-6.8;-0.5;-0.7;0.13;1.5;2.5;1.11;273;67;108;77;96608;0.15;0;0.29;0.26
2001;11;12;316;3.4;0.3;-3.1;1.3;-1.7;-5.9;0.2;-0.5;0.13;1.5;2.5;1.02;132;27;57;21;95648;0.02;0.33;0.29;0.26
2001;11;13;317;1.8;0.7;-0.9;1.3;-1.2;-4.5;-0.3;-1.6;0.13;1.5;2.5;0.94;122;23;58;20;95493;0.52;4.36;0.29;0.26
2001;11;14;318;2;-0.4;-2.3;-2.7;-4.2;-6;-0.7;-1.4;0.13;1.5;2.5;0.96;257;50;83;52;96655;0.34;0;0.29;0.26
2001;11;15;319;1.9;-1.1;-3;-3.9;-4.8;-5.6;-1;-0.3;0.13;1.5;2.5;0.94;297;63;116;66;97724;0.31;0;0.28;0.26
2001;11;16;320;2.8;0.4;-3.1;1.3;-1.2;-5.4;1.1;-0.5;0.12;1.5;2.5;0.89;122;25;59;13;97751;0.07;0.29;0.28;0.27
2001;11;17;321;2.1;0.2;-1.8;0.4;-0.7;-3;-1.1;-0.6;0.12;1.5;2.5;0.81;161;36;60;32;97525;0.22;0.06;0.28;0.27
2001;11;18;322;2.4;-0.7;-3.4;-1.6;-3;-4.3;-0.7;-0.4;0.12;1.5;2.5;0.74;226;48;65;44;96578;0.21;0.03;0.28;0.27
2001;11;19;323;3.1;1.2;-1;2.2;0.7;-1.7;0.5;-0.9;0.12;1.5;2.5;0.79;73;16;28;10;96376;0.07;0.85;0.28;0.27
2001;11;20;324;3.4;2;0.5;2;0.6;-0.5;1.1;-0.6;0.12;1.6;2.5;0.65;128;25;41;19;96969;0.34;0.14;0.28;0.27
2001;11;21;325;5.3;2.5;0.6;1.9;1.1;0.1;2.5;0.8;0.12;1.6;2.5;0.53;179;35;72;37;97086;0.32;0.25;0.27;0.27
2001;11;22;326;2.2;1.1;-1;2.1;0.2;-2.8;3.9;1.1;0.16;1.6;2.5;3.88;45;8;60;17;95681;0.29;17.55;0.28;0.27
2001;11;23;327;0.3;-1.2;-2;-3.2;-4.6;-6.1;3.4;-2;0.28;1.6;2.5;11.12;186;40;85;55;95813;0.82;2.01;0.28;0.27
2001;11;24;328;1.7;0.1;-1.3;0;-1.1;-3;3.1;-0.4;0.31;1.6;2.5;13.04;111;24;43;20;96240;0.18;2.94;0.28;0.27
2001;11;25;329;1.8;0.7;-0.4;1.7;0.3;-0.8;0.8;0.3;0.31;1.6;2.5;13.64;52;9;16;5;96013;0.02;3.11;0.28;0.27
2001;11;26;330;5.5;4.2;1.8;5.3;4.1;1.7;1.4;0;0.26;1.6;2.5;10.43;33;7;0;-3;95379;-0.16;4.09;0.28;0.27
2001;11;27;331;5.7;4.3;2.4;5.4;4.1;1.9;0.7;0.6;0.2;1.6;2.5;6.66;29;6;5;0;95300;-0.01;6.61;0.29;0.27
2001;11;28;332;1.8;1.1;0.3;1.3;0.7;-0.9;2.3;1.1;0.2;1.6;2.5;6.68;44;9;42;16;95833;0.15;5.35;0.3;0.27
2001;11;29;333;3;1.9;0.9;2.3;1.3;0.4;2.7;1.1;0.21;1.6;2.5;6.63;55;12;18;8;96264;0.24;6.02;0.3;0.27
2001;11;30;334;3.8;2.5;1;2.7;1.8;1;-1.3;1.2;0.2;1.6;2.5;6.07;68;12;22;6;95957;0.1;2.46;0.3;0.27
2001;12;1;335;3.7;2.6;1.8;1.1;-0.3;-0.9;-1.8;1.4;0.17;1.6;2.5;4.25;44;9;14;1;96418;0.49;2.92;0.3;0.27
2001;12;2;336;4;1.7;-1.4;0.6;-0.5;-3.1;-1.5;0.5;0.15;1.6;2.5;3.31;62;11;69;18;96801;0.43;1.01;0.3;0.27
2001;12;3;337;2.9;-0.9;-3.5;-1;-2.7;-4.7;-1.5;0.5;0.15;1.7;2.5;3;211;45;90;55;96736;0.25;0.12;0.3;0.27
2001;12;4;338;4.7;2.4;-0.8;4.3;1.7;-2;0.1;2;0.15;1.7;2.5;2.67;77;13;22;5;96144;0.08;8.16;0.3;0.28
2001;12;5;339;4.3;3.4;2.6;3.7;2.6;1.8;1.8;1.2;0.13;1.7;2.5;1.64;121;21;46;20;96347;0.27;2.91;0.3;0.28
2001;12;6;340;7.1;4.1;1.8;6.3;3.4;1;3.2;-1.3;0.12;1.7;2.5;0.81;35;7;38;7;96231;0.59;8.47;0.31;0.28
2001;12;7;341;3.4;1.9;1.1;0.9;0.1;-0.5;-0.7;-2;0.11;1.7;2.5;0.53;135;26;58;22;97720;0.54;0.31;0.31;0.28
2001;12;8;342;1.3;-0.4;-2.7;-0.5;-3.6;-5.9;-2.1;-0.7;0.11;1.7;2.5;0.52;126;25;78;41;98094;0.27;0.05;0.3;0.28
2001;12;9;343;-0.3;-2.6;-3.8;-6;-7;-8.6;-2.1;-0.4;0.11;1.7;2.5;0.52;232;47;101;78;98143;0.08;0;0.3;0.28
2001;12;10;344;1.3;-1.9;-4.8;-3.7;-7.2;-9.7;-0.4;-0.8;0.11;1.7;2.5;0.59;190;37;73;45;97956;0.04;1.15;0.3;0.28
2001;12;11;345;1.4;0.1;-0.9;-0.3;-1.4;-3.5;0.2;-1.6;0.14;1.7;2.5;2.08;67;13;16;8;97412;0.06;1.45;0.29;0.28
2001;12;12;346;2.1;0.5;-0.4;-0.2;-1.1;-2.8;0;-2.6;0.15;1.7;2.5;2.82;99;14;26;17;96824;0.23;0.77;0.29;0.28
2001;12;13;347;-0.7;-6.3;-10.9;-4.4;-14.3;-20.6;-3.1;-2.6;0.15;1.7;2.5;3.08;163;33;111;65;97086;0.35;0.25;0.29;0.28
2001;12;14;348;-5.7;-9;-11.1;-13;-15;-18.3;-2.8;-1.1;0.15;1.7;2.5;3.08;222;45;101;87;97782;0.05;0;0.28;0.29
2001;12;15;349;-1.7;-4.9;-8.8;-6;-9.3;-13.8;-2;-1.4;0.15;1.7;2.5;3.05;162;31;78;55;97451;0.03;0.02;0.28;0.29
2001;12;16;350;-0.6;-2.5;-3.8;-4.3;-5.9;-7.6;-0.9;-2.3;0.16;1.7;2.5;3.23;108;23;42;29;97410;0.05;0.49;0.28;0.29
2001;12;17;351;-1.3;-2.5;-3.7;-3.4;-5.1;-7.1;1.3;-1;0.16;1.7;2.5;3.79;75;15;35;21;97312;0.03;0.65;0.28;0.29
2001;12;18;352;0;-1.7;-2.7;-3;-3.7;-4.3;1.4;-0.8;0.17;1.7;2.5;4.26;127;25;43;22;97402;0.05;0.31;0.28;0.29
2001;12;19;353;-0.3;-1.1;-2.3;-1.7;-2.3;-3.4;3.2;1;0.19;1.7;2.5;5.43;59;12;24;9;96689;0.01;2.67;0.27;0.29
2001;12;20;354;-0.7;-4.1;-12.3;-2;-7.5;-15.8;2.5;-1.2;0.26;1.6;2.5;9.26;169;33;83;46;96316;0.18;2.96;0.27;0.29
2001;12;21;355;-1.7;-5.5;-13;-3.5;-8.6;-16.8;4.1;2.4;0.29;1.6;2.5;11.24;98;18;69;31;95405;0.23;8.24;0.27;0.29
2001;12;22;356;-0.9;-2;-3.6;-2.7;-3.7;-4.9;3.6;0.8;0.38;1.6;2.5;23.7;110;21;59;26;94592;0.23;9.78;0.27;0.29
2001;12;23;357;-3.8;-9.3;-19.3;-5;-11.4;-20.3;1.6;-1;0.38;1.6;2.5;28.78;140;28;97;54;95589;0.13;1.82;0.27;0.29
2001;12;24;358;-3.4;-12.3;-20.6;-5.3;-15.7;-22.1;2.3;2.3;0.38;1.6;2.5;29.42;146;30;68;30;95541;0.29;3.04;0.27;0.29
2001;12;25;359;0.9;0;-2.7;-0.7;-1.5;-4.4;5.2;2.5;0.38;1.6;2.5;37.86;40;7;13;8;94180;0.24;14.73;0.27;0.29
2001;12;26;360;0;-1.3;-3.1;-0.8;-2.3;-4;3.1;0.5;0.38;1.5;2.5;47.4;110;22;75;30;94379;0.17;2.63;0.26;0.29
2001;12;27;361;-1.8;-3.5;-5;-3.4;-5.6;-8.1;3;1.9;0.38;1.5;2.5;49.63;123;20;69;29;95266;0.18;4.21;0.26;0.29
2001;12;28;362;3.2;1.5;-1.1;1.3;0.1;-2.3;4.9;2.1;0.38;1.5;2.5;56.3;70;12;54;17;94466;-0.03;12.88;0.26;0.29
2001;12;29;363;1;-1.2;-1.9;-1.9;-2.8;-4.3;2;0.2;0.38;1.5;2.5;59.42;32;7;88;27;94052;0.28;14.14;0.27;0.29
2001;12;30;364;-1.9;-3.1;-4;-2.6;-4.9;-6.7;4.4;0.3;0.38;1.5;2.5;70.94;124;22;59;30;94737;0.23;2.86;0.27;0.29
2001;12;31;365;-4.1;-6.1;-9.1;-5.2;-8.2;-10.6;2.7;-1.1;0.38;1.4;2.5;72.55;136;25;83;37;96386;0.16;1.24;0.27;0.29
2002;1;1;1;-3.8;-6.3;-10.5;-4.9;-7.4;-11.7;2.8;0.6;0.38;1.4;2.5;73.4;73;13;72;19;97560;-0.05;0.72;0.27;0.29
2002;1;2;2;-3.1;-5.5;-7.7;-4.1;-7.2;-9.6;2.6;-0.7;0.38;1.4;2.5;73.99;69;13;68;32;97308;0.03;0.66;0.26;0.29
2002;1;3;3;-7.5;-10.4;-13.2;-10;-13.4;-16.3;-2.3;-0.6;0.38;1.4;2.5;74.27;176;35;105;80;97736;-0.01;0;0.26;0.28
2002;1;4;4;-7.9;-13.3;-16.2;-13.2;-16.9;-19.2;-1.8;-0.4;0.38;1.4;2.5;74.23;171;35;91;69;97744;0.02;0;0.26;0.28
2002;1;5;5;-6.3;-12.4;-21.4;-12;-16.7;-23.7;-0.1;-0.2;0.38;1.4;2.5;74.22;165;34;85;49;97887;0;0;0.26;0.28
2002;1;6;6;-6.4;-11.4;-21.6;-8.9;-14.8;-23.8;0.6;-0.1;0.38;1.3;2.5;74.26;156;30;67;22;97537;0;0.25;0.26;0.28
2002;1;7;7;0.2;-3.1;-6.9;-1.5;-4.1;-8.2;-0.1;-0.7;0.38;1.3;2.5;74.79;67;15;45;13;97301;-0.09;0.35;0.26;0.28
2002;1;8;8;-0.4;-2.6;-4.2;-1.6;-3.2;-4.7;-0.8;0;0.37;1.3;2.5;74.89;108;22;44;25;97575;-0.04;0.02;0.26;0.28
2002;1;9;9;-2.1;-5.5;-8.3;-4;-6.5;-9;0;0.6;0.37;1.3;2.5;74.89;145;27;83;36;97887;0.07;0;0.26;0.28
2002;1;10;10;-4.4;-7.3;-10.9;-5.4;-8.2;-12.1;-0.2;0.6;0.37;1.3;2.5;74.92;88;18;28;12;97744;0;0.09;0.25;0.28
2002;1;11;11;-2.5;-5.3;-7;-4.1;-6.4;-7.6;0;1.4;0.37;1.2;2.5;75.02;105;21;66;21;97504;0.02;0.31;0.25;0.28
2002;1;12;12;-1.2;-2.6;-4.5;-2.6;-3.5;-5.6;1.1;0.7;0.37;1.2;2.5;76.27;83;17;23;9;97455;0.07;2.17;0.25;0.28
2002;1;13;13;0.6;-2.6;-5.4;-2.6;-3.8;-6.4;-1;0;0.37;1.2;2.5;77.81;162;32;93;42;97282;0.05;0.5;0.25;0.28
2002;1;14;14;-2.3;-6;-9.4;-4.9;-7.3;-10.3;-1.2;0.7;0.36;1.2;2.5;77.83;136;28;63;44;97091;-0.08;0;0.25;0.28
2002;1;15;15;-2.2;-6.9;-9.8;-5.8;-8.7;-11.4;-1.2;1.2;0.36;1.2;2.5;77.82;177;36;95;53;96445;0;0;0.25;0.28
2002;1;16;16;-4;-8.1;-11.6;-6.7;-9.8;-13.1;0;0.1;0.36;1.2;2.5;77.82;129;27;75;34;96334;0;0.11;0.25;0.28
2002;1;17;17;-1;-4.1;-7.3;-2.6;-5.2;-8.4;0.3;0.9;0.36;1.2;2.5;78.07;102;21;29;12;96672;0.01;0.21;0.25;0.28
2002;1;18;18;-0.6;-2.8;-5.2;-2;-3.8;-5.7;0.8;1.4;0.36;1.2;2.5;78.15;145;26;66;20;96473;0.07;0.41;0.25;0.28
2002;1;19;19;3.1;1;-1.2;1.2;-0.2;-1.9;2.4;1.9;0.36;1.2;2.5;78.44;86;15;24;8;96097;-0.09;3.5;0.24;0.28
2002;1;20;20;3.2;2.1;0.8;2.5;1.5;0.5;3.9;1.8;0.35;1.1;2.5;74.09;92;13;15;5;96178;-0.31;6.48;0.25;0.28
2002;1;21;21;4.6;3.8;1.7;4.5;3.6;1.3;4;1.1;0.35;1.1;2.5;64.34;24;5;12;1;95809;-0.51;3.5;0.27;0.28
2002;1;22;22;6.8;3.6;1.2;2.9;1.9;1;2;1.9;0.35;1.1;2.5;55.1;202;38;89;32;95534;-0.34;0.37;0.28;0.28
2002;1;23;23;5.3;2.7;0.9;1.7;1;0.3;0.7;2.5;0.34;1.1;2.5;46.13;186;38;86;49;95303;-0.19;1.39;0.29;0.28
2002;1;24;24;7.2;5.2;3;4.1;2.7;1.7;2.6;3.2;0.34;1.1;2.5;35.2;155;29;53;21;94702;-0.58;3.35;0.3;0.28
2002;1;25;25;5.3;2.5;1;4.3;0.3;-2.2;3.4;0.3;0.3;1.1;2.5;22.6;162;33;62;32;96004;0.17;2.2;0.31;0.28
2002;1;26;26;7;5.2;1.8;4.8;2.1;0.1;3.9;2.8;0.26;1.1;2.4;16.72;88;16;68;24;95841;0.14;4.18;0.32;0.28
2002;1;27;27;9.3;7.2;5.7;9;5.4;-0.2;5.4;2.3;0.18;1.1;2.4;7.85;28;5;49;9;95285;0.29;19.39;0.33;0.29
2002;1;28;28;10;8.9;7.3;9.1;7;3.6;5.9;2;0.13;1.1;2.4;2.55;49;10;70;19;96271;0.6;2.41;0.34;0.29
2002;1;29;29;10.4;6.9;4.7;4.6;1.7;0.5;3.8;1.3;0.11;1.1;2.4;0.87;308;70;116;79;96792;0.58;0;0.33;0.3
2002;1;30;30;10.9;7;4.8;5.6;4;-0.5;0.9;1.9;0.11;1.1;2.4;0.43;283;59;93;53;96550;0.33;0.03;0.32;0.3
2002;1;31;31;8.6;5.9;4.1;4.9;2.3;-0.5;2.8;1.2;0.11;1.1;2.4;0.25;133;36;86;51;96175;0.28;0.19;0.31;0.3
2002;2;1;32;8.6;6.3;4;5.1;4.2;3;2.3;2;0.11;1.1;2.4;0.14;174;28;59;25;96680;0.37;0.26;0.3;0.3
2002;2;2;33;12.9;7.3;3.7;3.7;2.6;0.6;-0.4;2.2;0.11;1.1;2.4;0.05;322;74;106;74;97078;0.58;0;0.3;0.3
2002;2;3;34;12.6;5.6;0.2;3.7;1.1;-1.5;-1.3;1.6;0.11;1.1;2.4;0.03;333;78;114;78;96523;0.47;0;0.29;0.3
2002;2;4;35;8.7;4.8;0.2;1.4;0.2;-1.6;1.7;1.7;0.11;1.1;2.4;0.01;341;76;114;77;96477;0.55;0;0.29;0.3
2002;2;5;36;10.7;6.5;2.7;3.1;1.5;0.1;0.3;3;0.11;1.1;2.4;0;155;37;78;39;95590;0.58;0.81;0.29;0.3
2002;2;6;37;8.4;6.1;4.6;5.3;4.3;2.4;1.5;0.5;0.11;1.1;2.4;0;197;41;49;25;94875;0.48;3.72;0.29;0.3
2002;2;7;38;5.2;3.5;1.3;3.8;1;-0.6;2.1;-0.1;0.11;1.1;2.4;0;222;49;60;39;96103;0.5;0.36;0.28;0.3
2002;2;8;39;4.5;3.3;1.3;4;2.1;-0.8;3.3;1.6;0.11;1.1;2.4;0.48;59;16;48;11;96365;0.42;3.24;0.28;0.3
2002;2;9;40;10.2;7.3;4.4;6.4;5;4;3.7;2.3;0.11;1.1;2.4;0.28;184;39;44;15;95615;0.84;8.46;0.28;0.3
2002;2;10;41;6.7;3.8;2.9;5.7;2.7;1.8;4.2;1;0.11;1.1;2.4;0.08;176;36;47;24;95316;1.09;9.55;0.29;0.3
2002;2;11;42;7.9;6.1;3.7;5.9;4.4;2.7;4.7;2.2;0.11;1.1;2.4;0.01;81;18;21;7;95533;1.1;3.75;0.29;0.3
2002;2;12;43;8.6;7.6;6.5;7.7;6.5;5.3;5.7;1.9;0.11;1.1;2.4;0;53;9;11;3;95578;1.19;10.69;0.3;0.3
2002;2;13;44;8.6;4.6;2.6;7.6;4;2.2;1.4;-0.5;0.11;1.1;2.4;0.16;47;11;10;6;95788;0.62;20.01;0.31;0.3
2002;2;14;45;3.6;1.3;-1.8;2.8;-2.8;-7.5;-4.1;-1.6;0.11;1.1;2.4;0.24;363;87;110;63;96467;0.8;0.4;0.31;0.3
2002;2;15;46;4;-0.1;-2.9;-4.9;-7;-9.1;-4.7;-1;0.11;1.1;2.4;0.22;410;102;112;96;96856;0.7;0;0.31;0.3
2002;2;16;47;6.1;1.7;-0.9;-2.7;-5.7;-8.6;-4.2;-0.7;0.11;1.1;2.4;0.18;401;101;104;85;96760;0.75;0;0.3;0.3
2002;2;17;48;7;1.8;-2;0.6;-1.3;-3;0.3;0.5;0.11;1.1;2.4;0.14;409;103;117;78;96374;0.46;0;0.3;0.31
2002;2;18;49;4.9;0.8;-3.2;0.5;-1.3;-3.9;2.7;0.5;0.11;1.1;2.4;0.14;295;67;63;45;96056;0.34;0.64;0.3;0.31
2002;2;19;50;2.7;0.7;-0.8;0.6;-1;-3.7;4.5;1.7;0.14;1.1;2.4;2.35;237;48;67;31;95968;0.36;6.58;0.29;0.31
2002;2;20;51;2.7;2;1;2.1;1.6;0.8;4.5;2.8;0.21;1.1;2.4;7.78;74;15;10;4;94299;0.24;23.53;0.3;0.31
2002;2;21;52;1.4;-0.7;-4.1;1.3;-4.2;-9.6;2;-2;0.24;1.1;2.4;9.21;281;67;102;53;95016;0.7;2.62;0.31;0.31
2002;2;22;53;3;-1.7;-8.9;2.3;-5.3;-13.2;2.8;3.1;0.28;1.1;2.4;12.49;161;28;62;25;95214;0.19;10.48;0.3;0.31
2002;2;23;54;4.4;2.3;-1.1;2.9;1.1;-3.3;5.2;1.6;0.31;1.1;2.5;13.88;288;55;69;25;94322;0.38;10.87;0.31;0.31
2002;2;24;55;1.1;-1;-2;-2.2;-3.9;-4.9;4.3;0.2;0.32;1.2;2.5;15.68;215;56;82;54;94967;0.69;3.17;0.31;0.31
2002;2;25;56;5.2;2.4;-1.5;5.1;1.8;-3.5;3.2;1.8;0.36;1.2;2.5;19.5;49;12;22;4;94898;-0.37;16.36;0.31;0.31
2002;2;26;57;8;6.6;5.3;5.6;4.8;3.9;4.9;3.1;0.24;1.2;2.5;9.07;127;19;39;11;94600;0.53;8.01;0.33;0.31
2002;2;27;58;7;5.2;1.5;5.2;1.8;-3;4.2;2.1;0.15;1.2;2.5;2.52;233;52;107;46;94568;1.37;8.39;0.33;0.31
2002;2;28;59;5.6;2.8;0.8;1.4;-0.4;-2;3.5;1.8;0.16;1.2;2.5;3.53;320;86;94;54;94852;1.15;3.8;0.33;0.31
2002;3;1;60;7.4;3.5;0.7;0.5;-1.4;-2.2;2.2;0.7;0.15;1.2;2.5;2.85;369;99;102;64;95311;0.95;0.85;0.32;0.32
2002;3;2;61;2.6;0.5;-2.1;-1.3;-3.6;-4.9;-0.7;-0.9;0.15;1.2;2.5;2.66;233;59;73;43;95478;0.46;0.61;0.31;0.32
2002;3;3;62;2.7;-0.4;-3.5;-3.8;-4.9;-6.5;2.1;-0.5;0.15;1.2;2.5;2.78;329;85;81;60;95970;0.33;0;0.31;0.32
2002;3;4;63;6.4;1.3;-2.7;0.8;-1.9;-4.5;0.2;0.1;0.15;1.2;2.5;2.38;358;94;93;60;96240;0.36;0;0.3;0.32
2002;3;5;64;9.4;3;-3;2.5;-0.7;-3.9;-0.9;-0.6;0.14;1.2;2.5;1.67;427;122;112;75;95522;0.56;0;0.3;0.32
2002;3;6;65;9.8;3.8;-2.5;2.4;0.7;-3.2;1.6;0.7;0.13;1.3;2.5;1.02;479;122;111;58;95186;0.7;0.66;0.29;0.32
2002;3;7;66;7;5.3;3.8;6.1;3.5;-1.1;5.6;0.9;0.12;1.3;2.5;0.4;74;22;78;20;95517;1.29;4.73;0.29;0.32
2002;3;8;67;8.6;4;0.5;0.1;-2;-3.7;1.8;0.2;0.12;1.3;2.5;0.19;488;137;120;87;96714;1.01;0;0.29;0.32
2002;3;9;68;9.6;4.5;-1.4;3.4;-0.1;-4.2;1.6;1.3;0.12;1.3;2.5;0.12;399;109;85;59;95736;0.77;0.34;0.28;0.32
2002;3;10;69;7.6;4;1.1;3.1;-2.7;-4.5;3;0.7;0.12;1.3;2.5;0.04;489;142;125;92;96121;1.2;0.01;0.28;0.32
2002;3;11;70;13.7;6.2;-0.6;2.2;-1;-4;-0.2;2.4;0.12;1.3;2.5;0.02;511;146;121;90;96264;1.13;0;0.27;0.32
2002;3;12;71;16.2;8.2;1.6;3.3;1.1;-1.7;-0.9;1.3;0.12;1.3;2.5;0;505;137;131;73;95995;1.24;0;0.27;0.32
2002;3;13;72;15.6;9.4;1.8;6.5;3.2;-0.2;0.6;0.8;0.12;1.3;2.5;0;503;144;115;74;95692;1.26;0.04;0.26;0.31
2002;3;14;73;7.5;4.4;1.7;3;1.4;-0.9;-2.6;-2.1;0.12;1.3;2.5;0;408;107;77;45;95431;0.74;0.66;0.26;0.31
2002;3;15;74;9.7;4.1;0.6;3.2;1.5;-0.3;-2.4;-0.6;0.12;1.4;2.5;0;454;118;102;48;95762;1.05;0.72;0.25;0.31
2002;3;16;75;13;6.4;1.4;5.1;3.2;1.1;-1.5;0.2;0.12;1.4;2.5;0;517;144;126;75;96013;1.02;0;0.25;0.31
2002;3;17;76;14.2;7;1.7;6.1;3.9;1.7;-1.6;0.5;0.12;1.4;2.5;0;538;146;122;74;95755;1.07;0.01;0.25;0.31
2002;3;18;77;16.4;8.9;1.4;7.9;4;1.2;0.1;1.9;0.12;1.4;2.5;0;540;150;118;69;95320;1.49;1.02;0.24;0.31
2002;3;19;78;8.7;7.3;4.8;7.4;4.9;2.8;3.9;1.6;0.12;1.4;2.5;0;160;51;73;30;94764;1.86;11.68;0.25;0.31
2002;3;20;79;9.7;6.8;4;8.7;5.3;2.8;2.7;0.3;0.12;1.4;2.5;0;142;26;62;20;95486;0.72;17.83;0.26;0.31
2002;3;21;80;11.5;8.5;6.5;8.9;6.8;5.6;3;-0.5;0.12;1.5;2.5;0;275;67;60;24;95785;1.24;19.86;0.28;0.31
2002;3;22;81;7;4.8;0.9;6.1;2.8;-1.8;3.1;-1.8;0.12;1.5;2.5;0.01;292;78;81;45;95981;1.55;7.18;0.28;0.31
2002;3;23;82;4.3;1.3;-0.6;-0.5;-2.2;-4;1.1;-3.7;0.14;1.5;2.5;0.78;427;120;88;60;96618;1.23;2.45;0.28;0.31
2002;3;24;83;3.4;0.7;-1.7;-2.7;-4;-4.9;-0.7;-3.7;0.15;1.5;2.5;1.73;508;140;97;64;97088;1.12;1.39;0.28;0.31
2002;3;25;84;2.1;-0.1;-1.9;-4.9;-6.1;-6.9;-1.4;-1.1;0.15;1.5;2.5;2;274;88;61;40;97099;0.74;0.03;0.27;0.31
2002;3;26;85;2.7;0.2;-2.4;-5.1;-5.7;-6.6;-1.3;-0.6;0.15;1.5;2.5;1.88;325;103;55;44;96986;0.76;0;0.27;0.31
2002;3;27;86;4.4;0.7;-2.4;-3.9;-4.4;-4.9;-1.9;-0.6;0.15;1.5;2.5;1.63;398;136;101;67;97195;0.93;0;0.27;0.31
2002;3;28;87;8.2;2;-3.1;-2.3;-3.8;-5.4;-2.4;-0.3;0.15;1.6;2.5;1.25;612;189;133;98;97212;1.16;0;0.26;0.31
2002;3;29;88;12.7;5.8;-0.2;1.8;-1;-3.6;-2.7;0.2;0.14;1.6;2.5;0.78;608;188;129;98;96844;1.6;0;0.26;0.31
2002;3;30;89;15.3;7.6;-0.9;3.6;0.3;-2.8;0;-0.2;0.13;1.6;2.5;0.38;615;191;140;94;96504;1.79;0;0.26;0.31
2002;3;31;90;14.8;8.2;1.9;4.3;1.7;-0.1;0.8;-0.7;0.13;1.6;2.5;0.18;594;183;127;84;96201;1.75;0.07;0.25;0.3
2002;4;1;91;14.9;8.4;0.6;4.8;1.3;-0.4;-1.2;-0.2;0.13;1.6;2.5;0.05;581;174;126;84;96121;1.8;0.12;0.25;0.3
2002;4;2;92;15.3;9.2;1.7;5;2.1;0.5;-2.9;-0.2;0.13;1.6;2.5;0;621;191;126;89;96199;1.97;0;0.25;0.3
2002;4;3;93;15;9.6;5;3.6;1.2;-1.8;-5.2;0;0.13;1.7;2.5;0;634;201;125;102;95661;2.11;0;0.24;0.3
2002;4;4;94;12.5;7.1;2.1;0.1;-1.9;-3.2;-3.9;-0.7;0.13;1.7;2.5;0;652;208;138;110;95295;1.97;0;0.24;0.3
2002;4;5;95;9.6;4.4;0.3;-3;-4.7;-6.9;-3.2;-1.6;0.13;1.7;2.5;0;652;198;132;102;95232;1.75;0;0.23;0.3
2002;4;6;96;4;0.4;-2.4;-4.6;-6;-6.8;-1.5;-2.2;0.13;1.7;2.5;0;491;168;101;82;95897;1.13;0.04;0.23;0.3
2002;4;7;97;6.5;1.6;-3.1;-3.3;-5.2;-6.9;-2.1;-0.6;0.13;1.7;2.5;0;558;197;124;93;96335;1.32;0;0.23;0.3
2002;4;8;98;8.3;3.3;-1.5;-3.6;-5.4;-7.9;-2.9;-0.8;0.13;1.7;2.5;0;652;180;123;82;96227;1.45;0;0.22;0.3
2002;4;9;99;9;4;-0.3;-2.6;-4.5;-6.2;-3.1;-1.2;0.14;1.7;2.5;0;657;193;129;93;96065;1.59;0;0.22;0.3
2002;4;10;100;8.4;4.2;-0.1;0.2;-1.8;-3.3;-4.1;-1.1;0.14;1.8;2.5;0;579;174;108;75;95726;1.32;0.08;0.22;0.3
2002;4;11;101;12.7;6.7;1.9;3.4;1.3;-0.1;-3.4;0;0.14;1.8;2.5;0;669;203;132;78;95102;1.61;0;0.22;0.3
2002;4;12;102;15.2;8.9;3.9;5.9;4.6;2.9;-2.7;-1;0.14;1.8;2.5;0;649;174;112;61;94198;1.51;0;0.21;0.3
2002;4;13;103;10.9;8.1;5.7;6.5;5.3;4.6;-1;-1.6;0.14;1.8;2.5;0;199;60;36;18;94236;0.92;3.16;0.21;0.3
2002;4;14;104;6.6;5.3;2.8;6.2;4.7;1.9;1.3;-1.5;0.14;1.8;2.5;0;91;27;51;12;94873;0.79;4.68;0.22;0.3
2002;4;15;105;8.5;5;1.4;1.6;0;-1.6;2.7;-0.3;0.14;1.8;2.5;0;426;121;71;48;95485;1.39;0.12;0.22;0.3
2002;4;16;106;9.5;5.2;0.2;2;0.3;-0.7;1.6;1;0.14;1.9;2.5;0;544;176;101;73;95693;1.75;1.24;0.21;0.3
2002;4;17;107;8.9;4.8;0.4;3.9;2.2;0.2;1.1;1.5;0.14;1.9;2.5;0;389;109;84;46;95876;1.36;1.88;0.21;0.29
2002;4;18;108;11.9;6.9;1;6.1;3.2;0.8;0.2;0.5;0.14;1.9;2.5;0;515;168;92;68;96132;1.65;1.27;0.21;0.29
2002;4;19;109;12.8;7.8;1.7;6.9;4.1;0.7;0.7;0.1;0.14;1.9;2.5;0;617;190;107;65;96276;2.03;2.07;0.21;0.29
2002;4;20;110;9.1;6.6;3.9;5.4;4.2;3.4;-0.1;-1.8;0.14;1.9;2.5;0;271;77;43;28;96909;1.63;5.99;0.21;0.29
2002;4;21;111;14;9.5;5.2;6.5;4.2;2.7;-1.4;-2;0.14;2;2.5;0;405;142;90;52;97575;1.76;0.05;0.21;0.29
2002;4;22;112;14.2;9.9;3.7;6.3;5;3.3;-1;-0.9;0.14;2;2.5;0;409;138;84;59;97422;1.54;0.5;0.21;0.29
2002;4;23;113;16.6;11.7;6.4;7.4;5.9;4.1;1.6;-0.6;0.14;2;2.5;0;568;162;106;63;97019;1.79;0.22;0.21;0.29
2002;4;24;114;10.9;9.3;8;8.1;7;5.8;1;-1.8;0.14;2;2.5;0;232;70;33;20;96771;1.33;2.8;0.21;0.29
2002;4;25;115;12.8;10.2;7.8;8.6;8.1;7.7;0.9;0.7;0.14;2;2.5;0;150;52;46;21;96376;0.76;1.16;0.21;0.29
2002;4;26;116;17.1;10.7;5.8;10.3;7.4;5.4;2.5;1.8;0.14;2.1;2.5;0;556;146;86;41;95336;2.35;8.67;0.21;0.29
2002;4;27;117;10.1;7.1;4.5;6.6;2;-1.4;4.8;0.4;0.15;2.1;2.5;0;598;201;105;64;95311;3.02;3.85;0.21;0.29
2002;4;28;118;14.6;9.3;3.6;4.2;1.3;-1.4;2.1;2.7;0.15;2.1;2.5;0;595;160;90;61;95182;2.41;0.24;0.21;0.29
2002;4;29;119;12.3;9.5;7.2;5.9;3.5;1.3;3.3;2.7;0.15;2.1;2.5;0;422;144;96;64;95216;2.37;4.21;0.21;0.29
2002;4;30;120;15.9;10.2;5.7;4.6;2.3;0.7;2;2.1;0.15;2.1;2.5;0;478;170;105;72;95692;2.2;0;0.21;0.29
2002;5;1;121;16.7;12.4;8.3;8.2;6.1;1.7;1.1;0.1;0.15;2.2;2.5;0;609;210;100;69;95339;2.56;2.79;0.21;0.29
2002;5;2;122;15.7;12;8;10.4;9.1;6.7;0.6;-1.6;0.15;2.2;2.5;0;341;126;69;37;95222;1.75;2.44;0.21;0.29
2002;5;3;123;17.7;13;9.9;12.8;10.8;9.2;-1.2;-2;0.15;2.2;2.5;0;329;111;66;24;95130;1.94;11.57;0.21;0.28
2002;5;4;124;10.8;10.1;8.5;10.6;9.5;8.2;0;-1;0.15;2.2;2.5;0;74;31;16;7;95214;0.78;8.07;0.22;0.28
2002;5;5;125;12.3;9.1;6.2;7.1;4.3;3.5;1.7;0.6;0.15;2.2;2.5;0;441;121;52;26;95769;1.85;0.04;0.22;0.28
2002;5;6;126;10.8;8.9;7.1;8.2;6.4;4;0.4;-1.9;0.15;2.2;2.5;0;292;70;88;34;96373;1.27;5.36;0.23;0.28
2002;5;7;127;16.8;12.5;6.7;11.2;9.4;5.9;-2.9;-1.3;0.15;2.3;2.5;0;493;171;84;59;96373;2.11;0.97;0.22;0.28
2002;5;8;128;22.5;16.3;10.1;10.1;8.6;5.6;-3.4;0.7;0.15;2.3;2.5;0;669;246;122;92;95690;3.5;0;0.22;0.28
2002;5;9;129;23.2;17.7;11.9;11;8.7;5.6;-2.9;0.9;0.15;2.3;2.5;0;705;249;121;92;95283;3.78;0.04;0.22;0.28
2002;5;10;130;18.3;14.6;10.6;14.8;12;9.1;0.3;0.4;0.15;2.3;2.5;0;529;175;79;60;95210;2.56;10.56;0.22;0.28
2002;5;11;131;18.3;14;10.2;14.6;11.7;10.1;0.7;0;0.15;2.3;2.5;0;511;158;81;42;95259;2.58;5.1;0.22;0.28
2002;5;12;132;15.6;12.6;9.3;12.9;10.9;8.8;1;-0.7;0.15;2.4;2.5;0;427;143;79;51;95671;2.36;8.48;0.23;0.28
2002;5;13;133;20.2;14.4;7.7;11.4;9.3;7.6;-0.8;0;0.15;2.4;2.5;0;566;201;104;67;96014;2.97;0.63;0.23;0.28
2002;5;14;134;16.9;13.2;9.5;10.9;7.6;5;2.6;0.6;0.15;2.4;2.5;0;675;205;116;73;96262;2.88;0.75;0.23;0.28
2002;5;15;135;15.7;12.7;8.9;8.1;6.8;5.2;2.5;-0.3;0.15;2.4;2.5;0;496;163;84;62;96938;2.42;0.26;0.22;0.28
2002;5;16;136;22;15.7;6.8;12.1;8.8;5.3;-0.3;1.2;0.15;2.4;2.5;0;695;251;125;89;96637;3.45;0;0.22;0.28
2002;5;17;137;24.4;18.1;10;12.5;10.5;7.7;0.7;0.1;0.16;2.4;2.5;0;692;257;133;89;95804;3.8;0;0.22;0.28
2002;5;18;138;23.1;18.2;12.1;14.1;12.2;11;-0.5;-0.9;0.16;2.5;2.5;0;655;211;109;74;95720;3.09;0.74;0.21;0.28
2002;5;19;139;14.9;12.4;10.5;11.8;9.4;7.4;1.3;-1.5;0.16;2.5;2.5;0;304;60;61;27;96259;1.83;9.98;0.22;0.28
2002;5;20;140;16.5;13.2;9.3;9.8;8.6;7.6;-0.9;0;0.16;2.5;2.5;0;374;137;75;53;96139;1.95;0.44;0.22;0.28
2002;5;21;141;20.6;15.1;8.4;11.3;9.4;7.6;-1.8;1;0.16;2.5;2.5;0;491;192;100;70;95482;2.8;0.07;0.22;0.28
2002;5;22;142;24.7;18;8.9;12.5;10.2;7.9;-1.9;1;0.16;2.5;2.5;0;726;262;130;93;95029;3.84;0;0.21;0.28
2002;5;23;143;24;17.4;12.8;15.8;13.5;11.7;0.2;-1.3;0.16;2.5;2.5;0;685;207;112;54;94908;3.28;15.28;0.21;0.28
2002;5;24;144;15.7;12.5;10.8;11.7;9.9;8.3;1.9;-0.2;0.16;2.5;2.5;0;216;61;72;28;95504;1.63;6.71;0.23;0.28
2002;5;25;145;17.5;12.5;8.9;10.6;9.1;8.1;1.4;0.5;0.16;2.6;2.5;0;523;108;83;30;95762;1.99;9.12;0.23;0.27
2002;5;26;146;13.9;11;8.1;8.9;7.8;7.3;0.6;0.3;0.16;2.6;2.5;0;229;76;60;29;95581;1.39;0.23;0.23;0.27
2002;5;27;147;14.9;11.8;7.6;10.4;8.9;6.9;-0.7;-0.9;0.16;2.6;2.5;0;281;95;57;34;95183;1.8;4.79;0.23;0.27
2002;5;28;148;13.6;11.3;10;10.1;9.1;7.5;2.2;-1.2;0.16;2.6;2.5;0;120;40;76;21;95307;1.01;0.31;0.24;0.27
2002;5;29;149;16.3;12.2;7.5;9.8;8.1;6.1;2.8;-0.2;0.16;2.6;2.5;0;497;193;95;71;96009;2.75;1.73;0.23;0.27
2002;5;30;150;16.4;12.8;6.8;8.1;6.1;4.6;1;-0.4;0.16;2.6;2.5;0;551;177;101;65;96685;2.64;0;0.23;0.27
2002;5;31;151;18.4;14.3;9.3;8.9;6.7;4.8;1.4;-1;0.16;2.6;2.5;0;644;216;113;73;96750;3.34;0;0.23;0.27
2002;6;1;152;18.1;13.3;7.4;7.8;5.8;4.4;-0.6;-1.7;0.16;2.6;2.5;0;703;266;130;99;96764;3.7;0;0.22;0.27
2002;6;2;153;19;13.4;6.2;6.5;5.3;4.1;-1.8;-0.9;0.16;2.7;2.5;0;749;279;137;106;96562;3.77;0;0.22;0.27
2002;6;3;154;21.2;15.4;7.5;10.3;7.2;5;-2;0.5;0.16;2.7;2.5;0;749;266;137;97;95871;3.8;0;0.22;0.27
2002;6;4;155;22.7;17.3;9.4;13.1;11;7.6;-1.2;0.9;0.16;2.7;2.5;0;673;231;106;75;95437;3.42;0.32;0.21;0.27
2002;6;5;156;25.6;19.4;14.7;15.4;12.3;8.2;-3.5;0.9;0.16;2.7;2.5;0;653;239;101;72;94614;3.82;13.61;0.21;0.27
2002;6;6;157;20.6;16.4;14.2;15.3;13.8;12.2;-1;-1.1;0.16;2.7;2.5;0;461;144;66;33;94536;2.72;5.25;0.22;0.27
2002;6;7;158;16.8;14.5;12.6;14.1;13.3;11.5;2;-1.4;0.16;2.7;2.5;0;265;78;38;17;94553;2.51;23.58;0.23;0.27
2002;6;8;159;17.7;14.4;11.7;11.3;10.3;8.7;1.9;-0.9;0.16;2.7;2.5;0;353;129;66;37;95213;2.64;1.13;0.24;0.27
2002;6;9;160;18.7;14.9;10.1;11.6;10.5;9.8;-0.6;-1.1;0.16;2.8;2.5;0;475;168;81;55;95264;2.68;1.07;0.24;0.27
2002;6;10;161;16;13.3;10.5;12.7;10;6.5;2.9;-0.3;0.16;2.8;2.6;0;439;152;82;51;95510;2.69;3.46;0.24;0.27
2002;6;11;162;15.4;12.8;9.2;9.1;7.6;6.4;2.6;0.8;0.16;2.8;2.6;0;427;151;74;55;96147;2.54;0.6;0.24;0.27
2002;6;12;163;19.3;15.3;9;13.1;10.2;8.1;1.4;1.6;0.16;2.8;2.6;0;444;173;85;59;96279;2.79;0.56;0.24;0.27
2002;6;13;164;21.5;17.1;12.3;12.8;11.5;10.5;3.2;1;0.16;2.8;2.6;0;594;201;79;55;96115;3.47;0.16;0.23;0.27
2002;6;14;165;21.4;17.2;13.7;14.6;12.5;11.6;2;0.2;0.16;2.8;2.6;0;412;156;95;48;96262;2.75;0.42;0.23;0.27
2002;6;15;166;25.8;20.1;13.5;17.9;15.6;11.8;1.1;1.3;0.16;2.8;2.6;0;630;216;87;61;96096;3.74;16.35;0.23;0.27
2002;6;16;167;22.7;19;14.9;16.7;14.7;12.5;1.5;-0.4;0.16;2.8;2.6;0;535;190;85;52;96312;3.57;7.95;0.25;0.27
2002;6;17;168;26.8;20.6;12.1;18.2;14.3;11.4;-0.6;0.5;0.16;2.8;2.6;0;706;259;117;82;96509;4.32;0;0.24;0.27
2002;6;18;169;30.2;23.7;15.7;18.8;16.1;13.4;-1.4;1.2;0.16;2.8;2.6;0;720;270;116;82;96374;4.87;0;0.24;0.27
2002;6;19;170;29;23.4;18.3;20.1;18.8;16.5;-1.2;-0.7;0.16;2.8;2.6;0;704;235;97;62;96403;4.27;2.41;0.23;0.27
2002;6;20;171;28.9;23;19.4;20.2;18.7;17.3;0.2;0.3;0.16;2.8;2.6;0;704;228;99;71;96251;4.18;5.96;0.23;0.27
2002;6;21;172;24.8;20;15.9;18.3;17.1;15.6;0.9;0.1;0.16;2.8;2.6;0;601;193;92;61;96495;3.37;11.38;0.24;0.27
2002;6;22;173;25.3;20.5;15.7;16.5;15.2;13.6;1.2;0.3;0.16;2.8;2.6;0;524;202;101;57;96530;3.96;0.24;0.24;0.27
2002;6;23;174;25.1;21.4;16.8;17.6;15.6;14.4;1.3;-0.2;0.16;2.8;2.5;0;672;250;96;64;96272;4.5;4.13;0.24;0.27
2002;6;24;175;19.9;17;13.7;16.3;13.2;9.7;-0.6;-1.8;0.16;2.8;2.5;0;475;125;86;45;96471;2.75;20.08;0.26;0.27
2002;6;25;176;20.7;16.5;11.2;10.8;8.9;6.7;-0.6;-1;0.16;2.8;2.5;0;551;209;98;77;96896;3.67;0.01;0.25;0.27
2002;6;26;177;22.6;18.1;11.2;12.7;10.3;8.6;0;0.1;0.15;2.7;2.5;0;630;218;105;75;96568;3.73;0;0.25;0.26
2002;6;27;178;22.7;18.4;13;12.7;10.3;8.1;2.1;0.3;0.15;2.7;2.5;0;709;262;121;86;95769;4.5;0.03;0.25;0.26
2002;6;28;179;17.2;14.2;11.3;10.5;6.5;3;2.8;-1.5;0.15;2.7;2.5;0;677;226;109;74;95777;3.73;0.17;0.24;0.26
2002;6;29;180;15.4;12.1;8.9;8.2;5.5;2.5;3.2;-0.4;0.15;2.7;2.5;0;569;201;106;71;96321;3.25;0.95;0.24;0.26
2002;6;30;181;19.9;14.4;7;8.7;6.5;4.6;1.3;1.1;0.15;2.7;2.5;0;588;208;103;72;96082;3.33;0;0.24;0.26
2002;7;1;182;21.6;16.9;11.9;11.3;8.4;5.8;2.1;1.7;0.15;2.7;2.5;0;459;169;79;57;95513;3.14;0.01;0.23;0.26
2002;7;2;183;15.7;14.1;12.5;13.1;11.3;9.5;1.8;1.7;0.15;2.7;2.5;0;223;74;67;30;95307;2.1;11.22;0.24;0.26
2002;7;3;184;23.7;17.5;12.3;14.3;12.3;9.6;0.6;2.6;0.15;2.7;2.5;0;664;198;88;50;95240;3.6;3.03;0.24;0.26
2002;7;4;185;16.4;14;11.6;12.9;10.1;8.1;3.8;0.9;0.15;2.7;2.5;0;574;177;90;53;95794;3.65;3.69;0.24;0.26
2002;7;5;186;21.3;15.9;8.8;10.7;8.5;7.2;-0.2;1.4;0.15;2.7;2.5;0;513;209;104;79;96046;3.41;0.12;0.24;0.26
2002;7;6;187;19.2;15.6;11.4;13.3;11.5;8.4;0.8;-0.2;0.15;2.7;2.5;0;471;146;70;51;95876;2.65;3.07;0.23;0.26
2002;7;7;188;20.3;16.2;10;14.9;12.7;9.5;1.2;0.4;0.15;2.7;2.5;0;530;182;76;59;96241;2.68;0.5;0.23;0.26
2002;7;8;189;26.6;20.3;12.5;15.4;13;11.5;-1.1;1.4;0.15;2.6;2.5;0;729;272;120;85;96045;4.42;0;0.23;0.26
2002;7;9;190;29.6;22.8;14.1;17.2;14.4;12.3;-1.2;0.4;0.15;2.6;2.5;0;721;269;126;84;95569;4.55;0.34;0.23;0.26
2002;7;10;191;28.4;20.5;13.9;16.9;14.7;11.7;0.7;0.3;0.15;2.6;2.5;0;627;217;96;64;95461;3.88;4.74;0.22;0.26
2002;7;11;192;19.2;15.6;13;11.5;10.7;9.3;0.6;1.3;0.15;2.6;2.5;0;448;141;86;56;96441;2.75;2.34;0.22;0.26
2002;7;12;193;23.1;17.9;10.9;11.7;10.4;9.6;-2.2;0.2;0.15;2.6;2.5;0;655;235;108;80;96453;3.8;0;0.22;0.26
2002;7;13;194;22.1;18.2;15;16.1;13.4;9.6;-0.7;-0.4;0.15;2.6;2.5;0;457;150;69;55;95858;2.77;4.17;0.22;0.26
2002;7;14;195;22;18.3;15.2;15.5;14.7;13.9;0.8;-0.2;0.15;2.6;2.5;0;427;134;64;29;96120;2.66;2.92;0.22;0.26
2002;7;15;196;21.4;18.5;16.4;15.7;15;14.4;-2.1;-2.3;0.15;2.6;2.5;0;281;101;54;28;96062;1.93;0.23;0.22;0.26
2002;7;16;197;23.1;19.4;17;18.6;17;14.9;-2.3;-2.2;0.15;2.6;2.5;0;415;125;44;28;95504;2.53;9.79;0.22;0.26
2002;7;17;198;22;18.4;15.8;16.9;16.3;15.1;0.6;-1.2;0.15;2.6;2.5;0;400;124;55;26;95274;2.62;8.11;0.23;0.26
2002;7;18;199;15.6;13.6;12.7;15.2;12.4;10.9;2.7;-0.6;0.15;2.6;2.5;0;96;35;24;12;95724;1.21;2.42;0.23;0.26
2002;7;19;200;19.4;14.9;12.1;11.1;10.1;8.8;1.7;-0.4;0.15;2.5;2.5;0;567;154;114;56;96045;2.46;0;0.23;0.26
2002;7;20;201;22.9;17.1;8.9;14.3;10.4;8.7;0.5;0;0.15;2.5;2.5;0;671;240;120;82;96081;3.75;0;0.23;0.26
2002;7;21;202;23.6;18.1;12.9;15.1;11.1;7.9;2.1;1;0.15;2.5;2.5;0;587;228;103;78;95711;3.82;1.51;0.23;0.26
2002;7;22;203;17.2;14.4;11.3;9.2;8.1;7.2;3.4;-0.4;0.15;2.5;2.5;0;490;173;87;66;96123;2.79;0.32;0.22;0.26
2002;7;23;204;19.7;15.5;9;11.5;9.8;7.7;2;0.8;0.15;2.5;2.5;0;402;144;70;53;95913;2.33;0.02;0.22;0.26
2002;7;24;205;19.4;16;13.7;14.6;12.3;10.8;2.9;0.3;0.15;2.5;2.5;0;438;139;62;42;95610;2.84;6.97;0.22;0.26
2002;7;25;206;17.6;14.1;11.1;12.2;10.9;10;2.1;-0.6;0.15;2.5;2.5;0;542;169;80;51;95888;2.64;3.31;0.22;0.26
2002;7;26;207;15.1;13;8;13;11.7;8;1.7;0.4;0.15;2.5;2.5;0;286;64;68;30;96211;1.24;1.77;0.22;0.26
2002;7;27;208;20.3;16.7;14;14.7;13.8;13;-0.8;-0.1;0.15;2.5;2.5;0;264;74;68;25;96512;1.29;0.55;0.22;0.26
2002;7;28;209;25.7;20;13.1;14.6;13.1;11.6;-2.5;-0.2;0.15;2.5;2.5;0;717;260;120;89;96460;4.01;0;0.22;0.26
2002;7;29;210;27.9;22.3;15.4;16.4;14.8;13.2;-2.3;-0.4;0.15;2.5;2.5;0;641;234;102;73;96235;3.85;0.06;0.22;0.26
2002;7;30;211;28.4;23.1;17.5;16.6;14.4;12.4;-2;-0.5;0.15;2.4;2.5;0;667;236;109;77;95676;3.98;0.08;0.21;0.26
2002;7;31;212;27.9;21.8;15.8;19.6;16.3;13.9;-0.6;-0.3;0.15;2.4;2.5;0;653;205;98;66;95273;3.31;3.31;0.21;0.26
2002;8;1;213;22.2;18.7;16.6;19;17.3;15.4;1.6;0;0.15;2.4;2.5;0;384;99;58;27;95403;2.04;9.24;0.22;0.26
2002;8;2;214;22;18.4;16;15.5;13;10.6;1.7;-0.3;0.15;2.4;2.5;0;481;167;106;51;95906;2.89;0.13;0.22;0.26
2002;8;3;215;25.7;19.9;12.4;16.5;12.9;10.7;-0.7;0;0.15;2.4;2.5;0;676;231;116;78;95866;3.55;0.27;0.21;0.26
2002;8;4;216;22.7;18.7;15.1;15.1;14;13.5;0.4;-1.2;0.15;2.4;2.5;0;526;162;90;53;95722;2.97;4.93;0.21;0.26
2002;8;5;217;21.1;17.3;12.8;15.3;12.4;10;1.9;0.4;0.15;2.4;2.5;0;582;198;109;67;95772;3.12;1.04;0.21;0.26
2002;8;6;218;22;16.9;11.9;15.7;12.9;9.8;-0.2;-0.4;0.15;2.4;2.5;0;594;167;97;57;95645;2.54;11.6;0.21;0.26
2002;8;7;219;17.4;15.2;13.8;15.3;13.8;13.1;1.1;-1.6;0.15;2.4;2.5;0;232;61;43;25;95767;1.58;16.23;0.23;0.25
2002;8;8;220;18.4;15.6;13.3;16.1;14.4;12.9;0.3;-0.9;0.15;2.4;2.5;0;321;96;67;35;95717;1.92;13.61;0.24;0.25
2002;8;9;221;21.9;16.9;11.2;13.8;12.3;11.1;-0.8;-0.1;0.15;2.3;2.5;0;548;184;98;56;95203;2.97;1.82;0.25;0.25
2002;8;10;222;21.1;17.1;13.7;16.1;14.8;13.3;-0.3;-0.2;0.15;2.3;2.5;0;461;137;69;44;94746;2.48;11.68;0.25;0.25
2002;8;11;223;21.2;17.3;13.7;16.3;15;13.3;-0.6;-1.4;0.15;2.3;2.5;0;411;103;56;33;94618;1.94;7.69;0.25;0.25
2002;8;12;224;16.9;15.2;13.8;15.3;12.9;10.4;4.3;-2.2;0.15;2.3;2.5;0;186;40;24;13;94915;2.69;17.69;0.27;0.25
2002;8;13;225;19.6;16.2;13.3;12;11.1;10.2;3.9;-2.2;0.15;2.3;2.5;0;515;157;68;49;95926;3.18;1.43;0.27;0.25
2002;8;14;226;20.5;17;14.2;13.7;12.6;10.7;1.1;-1.9;0.15;2.3;2.5;0;360;116;59;34;96332;2.4;1.45;0.27;0.25
2002;8;15;227;21.7;17.9;13.9;14.8;13.6;13;-0.4;-1.6;0.14;2.3;2.5;0;474;148;73;54;96267;2.48;0.97;0.27;0.25
2002;8;16;228;22.6;17.9;12.2;15.8;14.4;11.7;-0.9;-1.3;0.14;2.3;2.5;0;477;168;82;61;96287;2.67;4.23;0.27;0.25
2002;8;17;229;24.2;19.3;13.5;17.5;15.2;12.7;-1.6;-0.8;0.14;2.3;2.5;0;597;192;90;63;96151;3.2;1.25;0.27;0.25
2002;8;18;230;25;20.5;16;16.7;15.1;14.1;-2.3;0.1;0.14;2.3;2.5;0;559;199;99;74;96009;3.34;0.26;0.26;0.25
2002;8;19;231;26.6;21.4;16;16.4;14.6;13.4;-2;0.5;0.14;2.3;2.5;0;640;212;108;80;96132;3.62;0.17;0.26;0.25
2002;8;20;232;26.8;21.3;15.2;16.5;13.6;12.1;-2;0.6;0.14;2.3;2.5;0;645;217;118;84;96010;3.68;0;0.26;0.25
2002;8;21;233;18.7;16.9;14.1;16.5;15.1;13.5;1.4;-0.1;0.14;2.3;2.5;0;320;99;56;37;95895;1.91;7.89;0.26;0.25
2002;8;22;234;20.9;16.6;12.9;15.8;14.1;12.7;0.1;-0.5;0.14;2.2;2.5;0;547;161;83;55;96032;2.53;3.26;0.26;0.25
2002;8;23;235;22.8;17.8;11.7;15.3;13.5;11.5;-1.1;0;0.14;2.2;2.5;0;545;188;92;66;96128;2.96;0.7;0.26;0.25
2002;8;24;236;25.3;19.4;12.4;16;14.3;12.2;-0.8;-0.1;0.14;2.2;2.5;0;611;199;107;71;96250;3.11;0.64;0.26;0.25
2002;8;25;237;25.6;19.9;14;17.5;15.9;13.5;-1;-1.3;0.14;2.2;2.5;0;614;188;100;66;96434;3.12;2.31;0.25;0.25
2002;8;26;238;26.3;21.2;16.6;16.5;15;14.1;-3.1;-0.4;0.14;2.2;2.5;0;638;215;107;81;96065;3.61;0.1;0.25;0.25
2002;8;27;239;24.4;19.3;15.9;17.7;16;13.6;-0.2;0.5;0.14;2.2;2.5;0;587;162;90;59;95761;2.59;11.62;0.25;0.25
2002;8;28;240;22;18.5;16.2;17.5;16.2;14.8;0.3;0;0.14;2.2;2.5;0;402;122;85;35;95808;2.15;1.74;0.26;0.25
2002;8;29;241;23.5;18.7;13.8;17.6;15.7;13.5;-1;-0.7;0.14;2.2;2.5;0;520;165;86;56;96012;2.59;1.02;0.26;0.25
2002;8;30;242;24;19.2;14.2;18.2;16.2;14.1;-0.5;-0.2;0.14;2.2;2.5;0;563;164;89;56;96268;2.55;0.41;0.25;0.25
2002;8;31;243;24.8;19.5;14;17.2;15.7;13.6;-0.1;-0.9;0.14;2.2;2.5;0;542;165;94;58;96203;2.89;2.49;0.25;0.25
2002;9;1;244;16.9;14.6;13.7;14.8;10.7;7;-1.3;-3;0.14;2.2;2.5;0;112;34;33;18;96743;2;4.37;0.25;0.25
2002;9;2;245;19;15.3;12.2;9.8;7.6;6.4;-3;-1.1;0.14;2.2;2.5;0;618;196;118;86;97022;3.01;0;0.25;0.25
2002;9;3;246;20.4;15.1;10.7;12.7;9.9;6.5;-2.4;0.5;0.14;2.2;2.5;0;331;108;86;63;96290;1.76;0.03;0.25;0.25
2002;9;4;247;22.7;17.2;11.2;14.3;12.3;10.3;0;0.7;0.14;2.2;2.5;0;574;179;104;69;95872;2.53;0.55;0.25;0.25
2002;9;5;248;19.2;15.8;13.1;14.7;12.6;11.2;0.6;0.2;0.14;2.2;2.5;0;425;98;82;45;95892;1.8;3.58;0.25;0.25
2002;9;6;249;20;15.9;10.3;13.8;11;9.3;0.7;0.2;0.14;2.2;2.5;0;485;143;93;65;96052;2.11;0.35;0.25;0.25
2002;9;7;250;20.6;16.4;11.4;12.5;10.5;8.7;-0.6;0.2;0.14;2.2;2.5;0;500;147;101;70;95930;2.09;0.3;0.25;0.25
2002;9;8;251;23.3;17.3;10.1;13.9;11.7;9.6;-1.6;0.2;0.14;2.2;2.5;0;576;176;114;78;95821;2.51;0.01;0.24;0.25
2002;9;9;252;24.2;18.7;14.1;15.5;13.5;11.9;-2.3;-0.3;0.14;2.2;2.5;0;589;184;113;76;95741;2.69;0.4;0.24;0.25
2002;9;10;253;17;13.8;10.7;15.3;13;10.4;2.2;-0.5;0.14;2.2;2.5;0;226;67;49;24;96029;1.61;23.21;0.25;0.25
2002;9;11;254;17.1;13.3;10.5;12.8;11.4;10.1;0.2;-1.2;0.14;2.2;2.5;0;144;43;61;22;96584;0.93;1.18;0.26;0.25
2002;9;12;255;17.9;13.7;10.2;10.8;7;3.8;-2.7;-1.3;0.14;2.1;2.5;0;581;181;125;95;96713;2.57;0;0.26;0.25
2002;9;13;256;17.2;12;6.8;6.9;4.9;2.9;-1.6;-1.1;0.14;2.1;2.5;0;586;181;127;95;96614;2.41;0;0.26;0.25
2002;9;14;257;18.5;13.2;7.3;11.1;8.7;5.9;1.7;-1.5;0.14;2.1;2.5;0;388;125;81;57;96165;1.79;1.16;0.25;0.25
2002;9;15;258;14.7;11.9;9.3;10.7;6.5;4.1;0.7;-3;0.14;2.1;2.5;0;479;127;89;56;96073;2.17;0.41;0.25;0.25
2002;9;16;259;13.8;10.6;6.4;7.1;5.1;3.7;0.7;-1;0.14;2.1;2.5;0;390;121;83;62;96123;1.49;0;0.25;0.25
2002;9;17;260;15.4;11.3;6.2;8.6;7.1;4;1.8;-0.3;0.14;2.1;2.5;0;376;99;68;47;95996;1.32;0.29;0.25;0.25
2002;9;18;261;16.8;12.4;8.3;10;8.1;7.1;0.8;-0.5;0.14;2.1;2.5;0;386;118;81;58;95939;1.54;0;0.25;0.25
2002;9;19;262;19.3;13.4;7;12.6;10;6.7;-0.3;0.1;0.14;2.1;2.5;0;462;126;89;56;95888;1.53;0.05;0.25;0.25
2002;9;20;263;17.3;13.5;11.1;12.2;10.1;8.2;0.1;-1.1;0.14;2.1;2.5;0;396;82;73;35;96000;1.24;0.53;0.24;0.25
2002;9;21;264;15.3;12;8.4;9.1;7.6;5.6;0.1;-1.1;0.13;2;2.5;0;403;101;88;49;95888;1.35;0.65;0.24;0.25
2002;9;22;265;14;9.7;6.3;9.2;7.6;6;1;-0.5;0.13;2;2.5;0;415;116;83;58;95197;1.54;3.41;0.24;0.25
2002;9;23;266;12;8.8;6.5;7.5;6.7;6;-1.6;-2.6;0.13;2;2.5;0;268;82;64;31;95201;1.39;1.32;0.24;0.25
2002;9;24;267;9.3;6.8;4.3;5.8;1.5;-0.8;-3.3;-3.6;0.13;2;2.5;0;313;79;66;34;95709;1.62;5.54;0.24;0.25
2002;9;25;268;7.3;5.5;3.6;4.2;3.1;2.6;0;-1.4;0.13;2;2.5;0.01;105;34;34;20;95773;1.12;5.98;0.25;0.25
2002;9;26;269;11.2;7.8;5.3;8.1;6.6;4.5;2.5;0.1;0.13;2;2.5;0;227;48;49;21;95760;1.04;5.06;0.26;0.25
2002;9;27;270;10.6;8;5.9;8.5;4.9;1.1;0.9;-1.7;0.13;1.9;2.5;0;364;72;97;36;96269;1.16;4.94;0.26;0.25
2002;9;28;271;11.3;7.4;3.4;3.6;1.8;-0.2;0.3;-1.3;0.13;1.9;2.5;0;401;106;91;59;97002;1.18;0;0.26;0.25
2002;9;29;272;13.4;8.8;5.1;6.5;4.5;1.9;-0.5;-0.3;0.13;1.9;2.5;0;419;94;84;48;97209;1.03;0.16;0.26;0.25
2002;9;30;273;14.5;8.1;2.4;7;4.8;2.2;-1.1;0.3;0.13;1.9;2.5;0;503;132;119;72;97106;1.31;0;0.26;0.25
2002;10;1;274;15.4;8.6;2.5;8.3;5.2;2;-1;0.5;0.13;1.9;2.5;0;498;136;122;76;96850;1.35;0;0.25;0.25
2002;10;2;275;16.2;9.7;3.4;8.4;6.3;3;-0.6;1;0.13;1.9;2.5;0;481;121;111;67;96724;1.25;0;0.25;0.25
2002;10;3;276;16;11.2;5.7;11.5;9.2;5.2;1.6;0.7;0.13;1.8;2.5;0;337;88;72;43;96531;0.93;1.44;0.25;0.25
2002;10;4;277;12.6;10.9;7.9;11.7;8.9;4.8;1.7;-0.6;0.13;1.8;2.5;0;161;38;76;32;96548;0.7;6.76;0.26;0.25
2002;10;5;278;11.2;8.7;6.3;7.9;5.6;3.7;3.1;0.3;0.13;1.8;2.5;0;232;63;58;30;96371;1.03;5.07;0.26;0.25
2002;10;6;279;11.4;8.9;6.3;10.2;8;4.2;1.9;-0.6;0.13;1.8;2.5;0;173;43;45;16;95300;1.2;11.95;0.27;0.25
2002;10;7;280;7.9;5.6;3.5;3.6;1.8;0.3;1.2;-0.9;0.13;1.8;2.5;0;257;71;68;40;95941;1.02;3.23;0.27;0.25
2002;10;8;281;8.3;5;3.2;3.8;0.9;-2.1;-0.1;-1.3;0.13;1.8;2.5;0;442;114;127;61;95776;1.29;0.35;0.27;0.25
2002;10;9;282;10.4;6.3;3.3;3.2;2.5;1.7;-3.8;-0.2;0.13;1.7;2.5;0;428;116;113;75;95670;1.01;0;0.27;0.25
2002;10;10;283;9.8;6.8;4.6;4.5;3.7;2.6;-4.4;-0.8;0.13;1.7;2.5;0;378;92;81;48;95470;0.83;0.03;0.27;0.25
2002;10;11;284;6.1;5.1;3.9;3.1;1.8;0;-3.6;-1.5;0.13;1.7;2.5;0;127;28;19;11;95592;0.49;0.22;0.27;0.25
2002;10;12;285;3.8;3.3;2.8;2.3;1;-0.6;-1.9;-0.8;0.13;1.7;2.5;0;46;10;10;8;95552;0.61;3.97;0.27;0.25
2002;10;13;286;6.6;4.4;2.4;5;3.3;1.3;-0.4;0.6;0.13;1.7;2.5;0;92;23;28;11;95628;0.47;0.8;0.27;0.25
2002;10;14;287;13.3;8.8;5;7.9;6.5;4.6;1.1;2.4;0.13;1.7;2.5;0;259;55;73;34;95512;0.97;1.74;0.27;0.25
2002;10;15;288;11.9;9.5;6.1;10.5;7.3;4.5;1;1.9;0.13;1.7;2.5;0;189;48;62;36;95610;0.46;5.57;0.27;0.25
2002;10;16;289;16.1;13;10.9;12.3;11.3;10.4;1.1;2.3;0.13;1.6;2.5;0;272;53;66;32;95007;1.1;9.41;0.27;0.25
2002;10;17;290;12.3;10.2;7.2;10.2;8.7;6.7;2.4;2.2;0.13;1.6;2.5;0;189;41;45;28;94567;1.54;9.32;0.28;0.25
2002;10;18;291;7.6;5.8;4.6;6.3;4.5;3.2;2.7;0.8;0.13;1.6;2.5;0;257;50;63;41;95153;1.07;3.56;0.29;0.25
2002;10;19;292;6.6;4.7;2.4;4.1;2.7;1;3.1;0.7;0.12;1.6;2.5;0;239;64;89;43;95829;1.2;4.09;0.29;0.26
2002;10;20;293;6.1;3.4;0.6;1.6;0.7;-0.4;0.5;0.8;0.12;1.6;2.5;0;249;63;99;49;96200;0.62;0;0.29;0.26
2002;10;21;294;9.7;6.6;2.8;8.7;4;-1.3;-0.6;1.9;0.12;1.6;2.5;0;99;25;37;21;95076;0.6;7.49;0.29;0.26
2002;10;22;295;14.3;10.4;7.4;10.5;8.2;6.5;1.1;2.2;0.12;1.6;2.5;0;266;61;91;42;94324;0.91;3.63;0.29;0.26
2002;10;23;296;13.1;9.8;5.8;9.3;7.1;4.3;3.7;2.5;0.12;1.6;2.5;0;261;51;70;36;94506;2;7.24;0.29;0.26
2002;10;24;297;7.4;5.2;4;5.2;3.7;2.5;2;1.4;0.12;1.6;2.5;0;193;47;76;43;95640;1.01;3.45;0.29;0.26
2002;10;25;298;11.2;7.9;4.3;10;6.2;3;0.8;3.5;0.12;1.6;2.5;0;133;26;49;17;95160;1.2;13.88;0.29;0.26
2002;10;26;299;11;8.7;7.1;9.9;6.1;4.4;6;1.5;0.12;1.6;2.5;0;230;54;68;45;95573;2.21;13.96;0.31;0.26
2002;10;27;300;12.5;8.7;6.2;10;5.6;1.5;4.8;2.6;0.12;1.6;2.5;0;59;13;84;37;95553;1.78;11.6;0.32;0.26
2002;10;28;301;7.7;6;4.6;3.7;1.8;0;5.3;-0.1;0.12;1.6;2.5;0;318;73;99;67;96694;1.69;2.64;0.32;0.27
2002;10;29;302;8.9;5.6;1.3;3;1.4;0.7;0.5;1.3;0.12;1.6;2.5;0;350;77;99;61;96579;0.68;0.64;0.31;0.27
2002;10;30;303;7.7;6.8;5.7;7;5.2;2.4;0.9;0.1;0.12;1.6;2.5;0;45;9;33;14;95816;0.55;1.98;0.31;0.27
2002;10;31;304;8.8;6.9;4.5;7.9;5.6;3.1;-0.7;0.4;0.12;1.6;2.5;0;100;23;19;9;96138;0.55;1.95;0.3;0.27
2002;11;1;305;10;7.8;4.1;9.1;6.6;3.9;1.2;0.9;0.12;1.6;2.5;0;240;49;67;25;96281;0.55;0.8;0.3;0.27
2002;11;2;306;10.5;9;6.3;10;8.3;5.4;2;0.4;0.12;1.6;2.5;0;114;20;50;14;95705;0.66;12.1;0.3;0.28
2002;11;3;307;7.6;6.1;4.8;7;5.3;3.4;-1.3;0.8;0.12;1.6;2.5;0;34;8;57;12;95319;0.51;11.49;0.31;0.28
2002;11;4;308;7.3;5.3;2.3;6.5;4.5;0.7;1.3;-1;0.12;1.6;2.5;0;133;29;51;27;95569;0.63;4.07;0.31;0.28
2002;11;5;309;2.1;1;-1;0.2;-3.6;-5.6;-1.1;-0.8;0.12;1.6;2.5;0;169;38;60;33;96598;0.59;0.01;0.31;0.28
2002;11;6;310;2.5;-0.6;-2.6;-3.4;-4.3;-5.2;-1;1.2;0.12;1.6;2.5;0;332;78;111;74;96534;0.43;0;0.3;0.28
2002;11;7;311;2.5;-0.1;-2.8;0.4;-2.6;-4.8;0.1;1;0.12;1.6;2.5;0.18;294;62;81;47;95334;0.31;1.91;0.3;0.28
2002;11;8;312;3.9;2.3;1;2;0.6;-0.9;3;0.9;0.14;1.5;2.5;1.51;217;41;69;31;95613;0.73;2.95;0.3;0.28
2002;11;9;313;6.4;4;1.4;5.7;1.7;-1.6;3.8;0.9;0.2;1.5;2.5;6.16;181;28;71;29;94283;0.54;15.1;0.3;0.28
2002;11;10;314;4.6;2.2;0.6;0.7;-0.5;-1.9;1.4;0.2;0.18;1.5;2.5;4.69;216;42;61;40;95308;0.65;1.77;0.3;0.29
2002;11;11;315;8.7;6;2.2;8.4;4.8;0.3;2.3;0.6;0.16;1.5;2.5;2.94;80;16;68;22;94748;0.26;19.35;0.32;0.29
2002;11;12;316;9.4;6.1;4;5.7;4.2;2.9;0.9;1.9;0.13;1.5;2.5;1.24;192;39;85;44;95619;0.38;0.35;0.32;0.29
2002;11;13;317;9.1;5.2;2.7;4.4;2.9;1.5;-0.3;2.5;0.12;1.5;2.5;0.74;202;47;78;61;94802;0.51;1.04;0.31;0.29
2002;11;14;318;10.9;5.5;2.7;5.7;3.3;0.8;-1.2;0.8;0.12;1.5;2.5;0.45;286;51;83;52;93966;0.4;0.72;0.31;0.29
2002;11;15;319;10.3;6.7;3.2;7.3;5.3;3;-1.1;0.6;0.11;1.5;2.5;0.26;127;30;42;26;94055;0.36;4.51;0.31;0.29
2002;11;16;320;15;9.7;5.3;9.1;6.7;4.1;-1.2;1.1;0.11;1.5;2.5;0.12;235;45;75;43;94056;0.61;1.58;0.3;0.29
2002;11;17;321;9.5;7.1;2.5;7.1;4.9;1.9;2.4;1.9;0.11;1.5;2.5;0;201;40;76;37;95417;0.68;0.36;0.3;0.3
2002;11;18;322;9.3;4.8;0.4;5.4;3.3;0.1;-1.4;-0.7;0.11;1.5;2.5;0;182;40;72;39;95749;0.34;3.22;0.3;0.3
2002;11;19;323;6.2;4.8;3.7;5.4;4.3;3.2;0.3;-2.7;0.11;1.5;2.5;0;22;5;6;4;95196;0.5;14.4;0.31;0.3
2002;11;20;324;5.7;4.3;3.2;3;2;1.1;-0.6;0.9;0.11;1.6;2.5;0;141;31;59;25;95700;0.46;0.03;0.31;0.3
2002;11;21;325;9.1;4.7;1.9;3.6;2.6;1;-2.3;0.6;0.11;1.6;2.5;0;268;58;98;64;94696;0.36;0;0.3;0.3
2002;11;22;326;5.3;3.9;1.7;5.1;3.3;1.5;1.2;-0.4;0.11;1.6;2.5;0;77;16;45;17;94435;0.2;13.03;0.3;0.3
2002;11;23;327;8.3;5.1;2.4;4.9;3.7;1.3;0.8;0.9;0.11;1.6;2.5;0;187;42;93;42;95340;0.45;1.21;0.31;0.3
2002;11;24;328;7;4.1;1.8;2.6;1.6;0;-1.7;0.2;0.11;1.6;2.5;0;148;31;63;40;95441;0.28;0.31;0.31;0.3
2002;11;25;329;10.3;6.1;4;6.9;4.1;2.3;-1.8;0.6;0.11;1.6;2.5;0;153;35;81;42;94950;0.36;0.44;0.3;0.3
2002;11;26;330;7.5;6.1;4.7;6.6;5.3;3.3;0.7;-0.6;0.11;1.6;2.5;0;63;14;14;7;95638;0.22;5.04;0.3;0.3
2002;11;27;331;6.6;6;5.6;5.6;5.1;4.7;-1.9;-0.3;0.11;1.6;2.5;0;78;15;19;9;96079;0.44;3.02;0.3;0.3
2002;11;28;332;8.1;6.1;5;6.2;5.5;4.9;-1;1.4;0.11;1.6;2.5;0;128;27;57;21;95890;0.16;0.09;0.3;0.3
2002;11;29;333;5.4;4.8;4.1;5.1;4.6;4;0.4;0.1;0.11;1.6;2.5;0;47;8;26;7;95705;0.21;17.79;0.3;0.3
2002;11;30;334;5.1;4.8;4.5;5;4.7;4.4;2.5;-0.5;0.11;1.6;2.5;0;30;6;6;3;95932;0.24;12.83;0.32;0.3
2002;12;1;335;5;3.5;0.8;4.1;2.4;-0.5;0.4;1.2;0.11;1.6;2.5;0;122;23;85;31;95825;0.46;0.66;0.32;0.3
2002;12;2;336;4.9;2.1;0.1;3.6;1.3;-1.2;0.1;1.3;0.11;1.6;2.5;0.34;93;19;78;32;94926;0.29;2.02;0.31;0.3
2002;12;3;337;3.8;2.1;-0.6;3.5;1.5;-0.7;-1.5;-0.8;0.11;1.7;2.5;0.41;69;15;36;12;95355;0.34;2.24;0.31;0.3
2002;12;4;338;4.9;4.3;3.9;4.2;3.9;3.5;-0.5;-0.7;0.11;1.7;2.5;0.3;25;5;5;3;95735;0.08;1.37;0.31;0.31
2002;12;5;339;4.7;3.6;1.1;4.1;2.4;-1.3;-2.1;-1.7;0.11;1.7;2.5;0.2;80;16;17;8;95950;0.44;0.3;0.3;0.31
2002;12;6;340;0.8;-0.1;-0.5;-1.7;-3.1;-3.7;-2.8;-2;0.11;1.7;2.5;0.24;88;18;35;19;96456;0.34;0.4;0.3;0.31
2002;12;7;341;-0.5;-1.8;-4.1;-3.8;-6.1;-10.4;-3.8;-1.4;0.11;1.7;2.5;0.42;177;34;69;42;96479;0.39;0.01;0.3;0.31
2002;12;8;342;-1.1;-3.8;-6.6;-9.1;-11;-14.4;-4.3;-1.2;0.11;1.7;2.5;0.4;242;50;109;85;96750;0.23;0;0.29;0.31
2002;12;9;343;-4.1;-7;-9.4;-12.1;-13.6;-15.8;-4.5;-0.9;0.11;1.7;2.5;0.4;239;49;108;96;96799;0;0;0.29;0.31
2002;12;10;344;-3.6;-6.7;-8.3;-12.8;-13;-13.4;-3.7;-0.2;0.11;1.7;2.5;0.39;245;50;113;96;96724;0;0;0.29;0.31
2002;12;11;345;-3.5;-6.8;-9.3;-10.8;-12.7;-13.7;-3.8;-0.1;0.11;1.7;2.5;0.39;229;47;99;87;96731;0;0;0.28;0.31
2002;12;12;346;-1.7;-5.6;-8.1;-8.7;-10.5;-12.9;-2.2;0.4;0.11;1.7;2.5;0.37;227;46;96;78;96597;0;0;0.28;0.31
2002;12;13;347;0.4;-4.1;-7.4;-4.9;-7.1;-9.5;-0.7;0.6;0.11;1.7;2.5;0.42;218;44;88;58;96724;0;0.65;0.28;0.31
2002;12;14;348;1.1;-2.2;-3.8;-2.7;-4.5;-6.6;-2;-0.1;0.12;1.7;2.5;0.7;148;30;65;33;96521;0.13;0.01;0.27;0.31
2002;12;15;349;-1.3;-3;-4.9;-2.9;-5.8;-7.3;-2.2;0.9;0.13;1.7;2.5;1.14;99;20;63;26;96122;0;1.94;0.27;0.31
2002;12;16;350;3.5;1.4;-1.7;2.8;0.8;-2.5;0.6;2.1;0.15;1.7;2.5;2.82;56;10;37;7;95878;-0.03;5.09;0.27;0.31
2002;12;17;351;1.9;0.7;-1.9;1.8;0.4;-3.1;1.1;-0.2;0.14;1.7;2.5;2.39;48;8;20;5;96003;-0.01;2.47;0.27;0.3
2002;12;18;352;-0.9;-1.8;-2.8;-3.3;-5.5;-7.5;-0.1;-1.7;0.15;1.7;2.5;2.43;86;20;63;26;96916;0.31;0.16;0.27;0.3
2002;12;19;353;1.2;-1.4;-3.5;-2.9;-4.1;-5.2;-0.9;0;0.15;1.7;2.5;2.55;182;32;85;44;97203;0.05;0.07;0.27;0.3
2002;12;20;354;1.1;-1.8;-5.3;0.9;-3.8;-7.5;0.3;1.4;0.15;1.6;2.5;2.56;189;30;77;33;96400;0.05;0.84;0.26;0.3
2002;12;21;355;2.3;1.3;-0.1;2.2;1.2;-0.2;1.4;0.3;0.14;1.6;2.5;2.37;29;4;9;0;96019;-0.14;2.04;0.26;0.3
2002;12;22;356;7.6;2.6;-1.1;7.3;2.3;-1.2;-0.1;1.2;0.14;1.6;2.5;2.12;19;4;9;0;95624;-0.21;15.66;0.27;0.3
2002;12;23;357;6.9;2.7;0;6.3;2.1;-1;-0.1;-0.3;0.12;1.6;2.5;1.05;39;8;14;4;95726;0.09;2.51;0.28;0.3
2002;12;24;358;0;-0.4;-1.1;-1.1;-1.8;-3.1;-2.3;0.8;0.12;1.6;2.5;0.98;34;7;22;3;95981;0.44;1.15;0.28;0.3
2002;12;25;359;2;-0.2;-1.5;0.2;-1.4;-2.8;-1.5;0.7;0.12;1.6;2.5;0.98;121;24;49;22;96196;0.19;0.06;0.28;0.3
2002;12;26;360;2.2;0.2;-1.6;0.6;-1.1;-2.5;-1.2;2;0.12;1.5;2.5;0.95;153;29;60;24;95732;0.21;2.25;0.27;0.3
2002;12;27;361;5.2;2.3;0.3;1.9;0.3;-1.2;-1.4;2;0.12;1.5;2.5;0.81;143;26;49;28;94835;0.36;0.11;0.27;0.3
2002;12;28;362;4.3;1.5;-1.6;3.6;0.2;-3.1;-0.1;0.6;0.12;1.5;2.5;0.66;205;38;75;28;94450;0.09;0.75;0.27;0.3
2002;12;29;363;6.7;3.6;2.6;6.3;3.2;2.2;2.7;1.4;0.11;1.5;2.5;0.43;64;13;19;5;94998;0.21;13.93;0.27;0.3
2002;12;30;364;8.5;8;7.5;7.9;7.3;6.4;5.5;1.7;0.11;1.5;2.5;0.19;38;6;21;2;94416;0.49;15.93;0.29;0.3
2002;12;31;365;7.4;-0.1;-4.4;6.3;-3.1;-10;-1.5;-0.8;0.12;1.4;2.5;1.08;77;12;41;18;95133;0.59;2.7;0.29;0.3
2003;1;1;1;4.5;-0.3;-4.1;3;-3;-9.9;-0.3;2.4;0.14;1.4;2.5;2.1;73;12;37;12;95223;0.24;7.64;0.29;0.3
2003;1;2;2;9.4;7.8;5.3;7.5;6.5;3.8;4.8;3.1;0.12;1.4;2.5;0.91;45;7;17;6;93671;1.16;26;0.31;0.3
2003;1;3;3;6.1;4.6;3.4;4.7;3.1;2.4;5.2;1.6;0.11;1.4;2.5;0.17;88;16;55;19;94087;1.56;8.55;0.32;0.3
2003;1;4;4;3.4;1;-3;3.3;-0.7;-7.6;-0.6;-1.2;0.11;1.4;2.5;0.41;126;22;39;18;94488;0.46;3.71;0.32;0.3
2003;1;5;5;-3.4;-4.4;-5.3;-8.3;-11.1;-12.5;-0.4;-1.6;0.14;1.4;2.5;2.37;163;31;67;42;95157;0.17;0.4;0.31;0.3
2003;1;6;6;-2.9;-4.4;-5.9;-7.2;-9.6;-11.5;0.7;0.1;0.14;1.3;2.5;2.45;146;28;63;46;95277;0.06;0.34;0.31;0.31
2003;1;7;7;-4.5;-6.9;-9.9;-7.3;-12.2;-16.6;-1.5;-2.3;0.15;1.3;2.5;2.77;217;41;90;66;95657;0.07;0.1;0.3;0.31
2003;1;8;8;-5.3;-8.6;-10.4;-16.1;-17.9;-19.3;-2.6;-0.6;0.15;1.3;2.5;2.73;236;48;111;87;95687;0.05;0;0.3;0.31
2003;1;9;9;-5.8;-8.8;-10.4;-14;-14.9;-16.3;-2.7;-1.3;0.15;1.3;2.5;2.69;240;49;103;85;95688;0.05;0;0.3;0.31
2003;1;10;10;-6.1;-8.4;-10.8;-10.4;-13;-14.7;-1.4;-1.6;0.15;1.3;2.5;2.67;179;35;75;59;96196;0.03;0.04;0.29;0.31
2003;1;11;11;-4.3;-6.9;-10.4;-9.9;-11.2;-12.5;-1.8;-1.2;0.15;1.2;2.5;2.71;181;36;94;58;97176;0.05;0.02;0.29;0.31
2003;1;12;12;-4.2;-7.9;-12.6;-9.2;-11;-14;0.6;0;0.15;1.2;2.5;2.74;135;30;73;37;97319;0.04;0.16;0.29;0.31
2003;1;13;13;-1.5;-4.4;-6.8;-2.4;-6.4;-9.5;3.1;1.3;0.21;1.2;2.5;6.68;38;9;36;11;96845;0.01;10.81;0.28;0.31
2003;1;14;14;1;0.5;-1.1;0.9;0.2;-1.9;3.5;0.8;0.36;1.2;2.5;14.86;36;7;9;2;97150;-0.06;3.48;0.28;0.31
2003;1;15;15;1.4;0.5;-0.3;1;-0.2;-0.9;2.7;1.4;0.34;1.2;2.5;14.23;93;20;63;21;96954;0;0.19;0.28;0.31
2003;1;16;16;1.8;0.4;-0.6;0.1;-0.5;-1.3;3.1;0.7;0.33;1.2;2.5;14.31;80;15;38;17;96913;0.08;1.07;0.28;0.31
2003;1;17;17;2;-1.5;-4.7;-0.7;-3.4;-6;-0.1;1.4;0.32;1.2;2.5;14;192;39;101;50;96704;0.17;0;0.27;0.31
2003;1;18;18;3;-1;-5;-0.1;-2.3;-5.7;1;1.3;0.31;1.2;2.5;13.28;143;26;61;22;96201;0.04;0.14;0.27;0.31
2003;1;19;19;3.7;0.3;-1.3;-0.7;-2.1;-3.5;-0.7;1.9;0.29;1.2;2.5;12.49;215;45;102;45;95606;0.31;0.56;0.27;0.31
2003;1;20;20;4.3;1.7;-0.6;2.2;0.6;-2.3;-0.1;2.2;0.26;1.1;2.5;10.82;128;28;71;36;95282;-0.12;0.23;0.27;0.31
2003;1;21;21;3.2;-0.8;-3;-2.2;-3.6;-4.9;-1.7;0.9;0.24;1.1;2.5;9.49;171;34;63;49;94254;0.23;0;0.27;0.3
2003;1;22;22;4.2;0.5;-3;1.5;-1.2;-5;0;1.9;0.23;1.1;2.5;8.73;116;24;65;24;94364;0.02;0.41;0.27;0.3
2003;1;23;23;3.5;1.2;-0.4;2.9;0.9;-1.2;1.9;0.4;0.22;1.1;2.5;8.32;115;23;61;14;95558;-0.05;4.75;0.27;0.3
2003;1;24;24;2.8;1.4;0.1;1.6;0;-0.8;0.7;-2.6;0.21;1.1;2.5;7.38;156;31;37;16;97308;0.28;0.76;0.27;0.3
2003;1;25;25;0.9;-0.1;-1.1;-0.8;-2;-2.5;0.7;0.8;0.2;1.1;2.5;7.03;101;24;54;20;97455;0.12;0.04;0.27;0.3
2003;1;26;26;1.5;-0.3;-1.4;-1.3;-2.1;-3.2;2.2;0.3;0.22;1.1;2.4;7.73;130;29;58;21;97025;0.14;1.33;0.26;0.3
2003;1;27;27;4.9;2;-0.3;4.8;1.7;-1.2;3.2;0.7;0.24;1.1;2.4;8.77;22;5;16;1;96552;-0.24;3.41;0.26;0.3
2003;1;28;28;5.8;3;0.2;5.3;1.3;-2.4;5.1;1;0.18;1.1;2.4;5.41;215;36;86;30;95335;0.6;8.01;0.27;0.3
2003;1;29;29;0.9;-0.5;-1.7;-1.4;-2;-2.5;3.5;1.2;0.28;1.1;2.4;11.38;139;25;65;33;94085;0.22;9.09;0.27;0.3
2003;1;30;30;-0.4;-2.8;-6.3;-2.4;-4.1;-6.8;1.8;0;0.35;1.1;2.4;16.34;160;32;72;37;94083;0.14;2.8;0.27;0.3
2003;1;31;31;-2.8;-6.8;-10.9;-7.3;-9;-12.1;0.7;-1.6;0.37;1.1;2.4;18.01;153;32;55;31;95126;0.22;0.7;0.27;0.3
2003;2;1;32;-3.2;-7;-12.2;-8;-9.8;-14.5;0.2;0.3;0.37;1.1;2.4;18.24;181;35;67;38;96191;0.2;0.34;0.26;0.3
2003;2;2;33;-0.3;-5.4;-12.9;-1.9;-7.5;-15.1;1.2;2.5;0.37;1.1;2.4;18.81;108;27;45;20;95456;0.22;4.44;0.26;0.3
2003;2;3;34;2;0.6;-0.2;-0.1;-0.5;-1.6;2.6;2.5;0.37;1.1;2.4;26.03;133;26;34;22;93998;0.06;10.9;0.26;0.3
2003;2;4;35;-0.1;-3.2;-9.2;-0.5;-5.5;-9.9;2.1;-0.1;0.37;1.1;2.4;31.55;215;48;96;52;93623;0.31;0.54;0.26;0.3
2003;2;5;36;-0.1;-3.4;-8.8;-2.7;-4.9;-9.5;1.4;-0.2;0.37;1.1;2.4;33.2;134;33;72;30;94305;0.11;3.69;0.26;0.3
2003;2;6;37;-1.4;-4.3;-9.1;-4.8;-6.8;-10.6;1.3;-1.5;0.37;1.1;2.4;35.25;212;45;74;43;95715;0.24;0.64;0.26;0.3
2003;2;7;38;0;-5.4;-13.6;-2.7;-6.9;-14.2;2;0.4;0.37;1.1;2.4;35.85;135;29;57;20;96442;0.19;1.86;0.25;0.3
2003;2;8;39;1.5;-0.8;-2.5;-0.1;-1.8;-3.4;0.3;-0.5;0.37;1.1;2.4;38.71;104;21;42;15;96484;0.09;3.36;0.25;0.3
2003;2;9;40;-0.9;-5.3;-9.2;-4.4;-8;-10.7;-2.1;0.2;0.37;1.1;2.4;39.6;267;64;108;76;96526;0.2;0;0.25;0.3
2003;2;10;41;-0.3;-6.5;-11.6;-4.7;-8.8;-13;-1.8;-0.3;0.37;1.1;2.4;39.4;272;63;100;70;96625;0.11;0;0.25;0.3
2003;2;11;42;-1;-6.7;-11.6;-5;-8.8;-12.5;-1.8;-0.2;0.36;1.1;2.4;39.21;251;60;108;50;96978;0.18;0;0.25;0.3
2003;2;12;43;-1.8;-6.3;-9.4;-7.5;-9.6;-11.7;-2.7;-0.2;0.36;1.1;2.4;38.98;290;71;112;81;97080;0.18;0;0.25;0.3
2003;2;13;44;-1.9;-6.8;-10.8;-9.6;-12.3;-15.5;-3.2;-0.8;0.36;1.1;2.4;38.64;293;73;107;86;96832;0.47;0;0.24;0.3
2003;2;14;45;-0.9;-6.9;-11.2;-9.8;-13.1;-16.6;-2.2;-1.3;0.36;1.1;2.4;38.11;299;74;116;84;96822;0.48;0;0.24;0.3
2003;2;15;46;-2.7;-7.5;-15;-5.8;-10.6;-17.6;-1.1;-2;0.36;1.1;2.4;37.86;227;52;63;35;97127;0.25;0.36;0.24;0.3
2003;2;16;47;-2.7;-5;-7.5;-6.4;-8.3;-9.7;-2.8;-1.6;0.36;1.1;2.4;38;201;49;79;45;97408;0.38;0.35;0.24;0.3
2003;2;17;48;-2.9;-7.1;-10.7;-8.7;-10.4;-12.6;-2.9;-1;0.36;1.1;2.4;37.86;307;73;110;79;97542;0.23;0;0.24;0.29
2003;2;18;49;-2.1;-7.8;-13.9;-8.8;-11.5;-16.1;-2.3;-1;0.35;1.1;2.4;37.56;298;75;112;75;96968;0.26;0;0.24;0.29
2003;2;19;50;0.1;-5.2;-9.1;-4.5;-7.7;-10.5;-2.4;-0.5;0.35;1.1;2.4;37.27;288;72;105;73;96392;0.15;0;0.24;0.29
2003;2;20;51;2.4;-3.5;-7.8;-3;-6.2;-9.1;-2.6;-0.5;0.35;1.1;2.4;36.86;314;76;104;64;95982;0.3;0.04;0.23;0.29
2003;2;21;52;2.8;-2.1;-5.8;-2.3;-4.9;-7.7;-2.8;-0.3;0.35;1.1;2.4;35.81;313;80;108;79;96545;0.19;0;0.23;0.29
2003;2;22;53;3;-1.5;-4.2;-2.7;-4.3;-6.2;-2.8;0.1;0.34;1.1;2.4;34.41;324;80;114;77;97036;0.24;0;0.23;0.29
2003;2;23;54;3.1;-3.3;-9.3;-4.2;-7.5;-11.9;-1.7;0.6;0.34;1.1;2.5;32.62;340;89;120;84;97345;0.34;0;0.23;0.29
2003;2;24;55;4.6;-1;-5.4;-2.8;-5.8;-9.3;-1.6;0.2;0.34;1.2;2.5;29.68;343;90;127;78;97231;0.3;0;0.24;0.29
2003;2;25;56;6.9;-1.1;-7.9;-3.7;-7.7;-13.6;-2.6;-0.1;0.34;1.2;2.5;25.93;353;93;132;84;96650;0.5;0;0.24;0.29
2003;2;26;57;6.2;-1.3;-8;-1.5;-6.1;-10.8;-1.6;0.8;0.33;1.2;2.5;21.9;352;93;116;73;96072;0.34;0;0.24;0.29
2003;2;27;58;8.4;1.7;-2.7;-1;-4.1;-6.6;-0.3;0.8;0.29;1.2;2.5;17.25;364;98;118;64;96006;0.32;0;0.24;0.29
2003;2;28;59;6.9;1.7;-2.1;1.4;-1.8;-4.7;0.3;1.4;0.24;1.2;2.5;12.73;394;104;115;66;96613;0.2;0;0.25;0.29
2003;3;1;60;8.3;2.3;-2.2;4.4;0.1;-3.4;-0.1;1.3;0.21;1.2;2.5;9.11;232;64;58;36;96383;0.11;0.3;0.25;0.29
2003;3;2;61;8.1;3.5;-1.2;5.2;2.5;-1.7;-0.3;1.5;0.18;1.2;2.5;6.57;162;41;65;12;95666;0.11;5.21;0.25;0.29
2003;3;3;62;5.3;3;1.4;2.6;2;1.3;1.7;0;0.16;1.2;2.5;4.5;169;36;28;11;95961;0.33;1.53;0.26;0.29
2003;3;4;63;5.4;2.5;-0.2;1.7;1.2;-0.7;0.4;0.4;0.15;1.2;2.5;3.4;144;36;51;16;96560;0.3;0.62;0.26;0.29
2003;3;5;64;6.1;1.3;-2.3;2.5;0.1;-2.8;-1.1;1;0.14;1.2;2.5;2.77;190;45;69;36;96392;0.16;0.16;0.26;0.29
2003;3;6;65;6.1;2.2;-0.3;-0.1;-1.2;-2.4;-2.4;1.1;0.14;1.3;2.5;2.33;347;88;68;39;95864;0.62;1.75;0.26;0.29
2003;3;7;66;5.6;2.3;-1.3;1.2;-0.4;-2.3;1;-0.5;0.14;1.3;2.5;2.44;226;59;81;31;96416;0.61;0.81;0.26;0.29
2003;3;8;67;8.2;2.8;-2.4;1.5;-1.2;-3;2.2;1.2;0.14;1.3;2.5;1.88;329;87;81;52;96440;0.53;0.09;0.26;0.29
2003;3;9;68;8.4;4.9;1.7;2.2;0.9;-0.8;3;0.8;0.13;1.3;2.5;1.28;268;66;69;38;96479;0.61;0.48;0.25;0.29
2003;3;10;69;13.5;6.5;-0.9;2.9;0.8;-2.1;2.2;0.8;0.13;1.3;2.5;0.75;520;145;130;82;96723;1.07;0;0.25;0.29
2003;3;11;70;15.4;9.4;2.8;4.6;2.5;0.1;2.4;1.9;0.12;1.3;2.5;0.37;438;101;92;44;96266;1.08;0.05;0.25;0.29
2003;3;12;71;10.8;7.1;3.8;5.6;2.7;1.7;3.5;-1.1;0.12;1.3;2.5;0.09;271;70;80;45;96172;1.35;3.73;0.25;0.29
2003;3;13;72;3.6;2;-1.5;2.1;-3.5;-9.1;0.1;-3.2;0.12;1.3;2.5;0.11;302;79;96;46;97241;0.88;0.36;0.25;0.29
2003;3;14;73;2.7;0;-2.4;-3.8;-5.7;-9.4;-1.7;-2;0.12;1.3;2.5;0.21;302;82;92;47;97406;0.53;0.08;0.25;0.29
2003;3;15;74;2.8;0.5;-1.8;-2.7;-4.2;-5;-2.3;-1.2;0.12;1.4;2.5;0.24;284;78;81;50;97988;0.54;0;0.25;0.29
2003;3;16;75;8;1.8;-2.8;-0.5;-2.3;-4.5;-1.1;-1.6;0.12;1.4;2.5;0.21;538;157;132;87;98162;0.71;0;0.25;0.29
2003;3;17;76;7.5;2.1;-2.4;0.1;-1.5;-3;0.5;-1.3;0.12;1.4;2.5;0.14;424;126;106;75;97386;0.64;0;0.24;0.29
2003;3;18;77;8;2.6;-0.8;-0.5;-1.9;-3.2;-1.1;-1.4;0.12;1.4;2.5;0.09;557;155;127;72;97281;0.94;0;0.24;0.29
2003;3;19;78;9.8;3.7;-1.7;1.2;-1;-2.8;1.3;-1.2;0.12;1.4;2.5;0.04;560;165;121;87;96830;1.02;0;0.24;0.29
2003;3;20;79;7.7;2.1;-1;-1.5;-2.1;-3.4;0.3;-1.7;0.12;1.4;2.5;0.01;585;156;135;72;96639;0.96;0;0.24;0.28
2003;3;21;80;5.1;1.2;-1.9;-3.5;-5.9;-9.9;-3.3;-0.2;0.12;1.5;2.5;0.02;500;137;119;72;96847;0.99;0.02;0.24;0.28
2003;3;22;81;6.2;0.7;-3.5;-8.4;-10.2;-11.1;-3.1;0.2;0.12;1.5;2.5;0.02;598;180;136;108;96995;1.14;0;0.23;0.28
2003;3;23;82;10.2;3.2;-3;-3.8;-7.7;-10.6;-1.5;0.5;0.12;1.5;2.5;0.01;593;179;137;99;97081;1.18;0;0.23;0.28
2003;3;24;83;13.1;6.1;-1;-1.4;-4.2;-7;1;0.5;0.13;1.5;2.5;0;601;182;141;97;96974;1.32;0;0.23;0.28
2003;3;25;84;15.6;8.1;0.9;5.9;1.5;-3.8;0.9;-0.4;0.13;1.5;2.5;0;541;149;116;68;96565;1.16;0.23;0.23;0.28
2003;3;26;85;12.8;7.5;1.5;5.1;3.2;0.4;-2;-0.7;0.13;1.5;2.5;0;472;131;91;61;96308;1.56;2.28;0.23;0.28
2003;3;27;86;16;8.9;0.5;5.3;2.9;-0.4;-0.2;-0.2;0.13;1.5;2.5;0;578;168;123;82;96090;1.47;0.15;0.23;0.28
2003;3;28;87;16.2;8.7;0.7;6.2;2.8;0.3;-0.9;-1;0.13;1.6;2.5;0;607;180;139;85;95872;1.63;0;0.22;0.28
2003;3;29;88;15.8;10.2;3.1;8.6;5.1;2.2;-0.4;0.2;0.13;1.6;2.5;0;510;141;110;63;95734;1.35;0.28;0.22;0.28
2003;3;30;89;16.4;10.9;6.5;9.4;7.3;4.6;1.1;-0.7;0.13;1.6;2.5;0;550;156;107;66;95700;1.43;4.97;0.22;0.28
2003;3;31;90;9.5;5.5;0.8;4.1;-0.6;-3.4;-0.4;-2.4;0.13;1.6;2.5;0;597;184;136;88;96339;1.69;0;0.22;0.28
2003;4;1;91;13.7;6.7;-1.3;-0.2;-2.3;-4.5;0.1;2.2;0.13;1.6;2.5;0;637;198;142;94;95974;1.75;0.13;0.22;0.28
2003;4;2;92;8.2;5.1;2.2;4.8;2.9;0.1;3;0.2;0.13;1.6;2.5;0;475;118;78;40;94613;1.99;14.15;0.23;0.28
2003;4;3;93;6.3;3.1;0.3;0.5;-1.9;-5;2.1;-1.8;0.13;1.7;2.5;0.05;427;134;95;56;95689;1.35;0.92;0.23;0.28
2003;4;4;94;6.8;3.4;0.1;-0.1;-3.1;-5.6;1.1;-1.5;0.13;1.7;2.5;0.12;541;146;110;59;96625;1.46;0.04;0.23;0.28
2003;4;5;95;6.1;3.9;-0.2;1.2;-1.3;-8.9;3.1;-2.5;0.13;1.7;2.5;0.07;245;78;68;34;96074;1.11;1.01;0.23;0.28
2003;4;6;96;2.8;-0.5;-3;-6.3;-8.3;-9.4;0.8;-3.4;0.14;1.7;2.5;0.62;614;182;111;89;96144;1.34;1.44;0.23;0.28
2003;4;7;97;1.8;-1.8;-4.4;-7.5;-9.5;-11;-0.4;-3.5;0.16;1.7;2.5;1.55;564;178;104;85;96288;1.03;0.67;0.22;0.28
2003;4;8;98;1.8;-1.7;-4.8;-8;-9.1;-10.5;0.3;-1.6;0.16;1.7;2.5;1.88;419;130;80;66;96320;0.52;0.4;0.22;0.28
2003;4;9;99;3.1;-0.8;-4.7;-7.4;-9.7;-10.9;0.5;-0.8;0.16;1.7;2.5;1.95;520;176;103;85;95543;0.82;0;0.22;0.28
2003;4;10;100;6.4;1.4;-3.6;-0.9;-4.3;-8.5;0.3;0.5;0.16;1.8;2.5;1.82;504;146;98;57;94701;0.79;3.5;0.22;0.28
2003;4;11;101;6.3;1.6;-1.9;-1.9;-4;-7.3;1.3;0.5;0.19;1.8;2.5;3.66;544;163;105;64;95421;1.5;1.02;0.22;0.28
2003;4;12;102;10.9;4.4;-2.5;0.4;-2.6;-5.6;-1;-0.4;0.17;1.8;2.5;2.48;643;208;135;85;95936;1.52;0;0.22;0.28
2003;4;13;103;13.4;7.2;-0.4;2.5;-0.1;-1.7;-1.7;-0.3;0.15;1.8;2.5;1.21;599;185;121;80;96579;1.75;0;0.22;0.28
2003;4;14;104;15.8;9.4;2.4;3.3;1.4;-0.6;-3.9;0;0.15;1.8;2.5;0.47;677;225;131;103;96491;2.23;0;0.22;0.28
2003;4;15;105;17.9;12;6.1;4.6;3.4;2.2;-3.8;0.1;0.14;1.8;2.5;0.08;675;224;129;101;96710;2.5;0;0.22;0.28
2003;4;16;106;17.3;11.8;6.5;3.1;1;-0.8;-3.5;-0.8;0.14;1.9;2.5;0;686;229;140;106;96867;2.68;0;0.21;0.28
2003;4;17;107;15.4;10.4;5.4;0;-0.6;-1;-3.2;-1.4;0.14;1.9;2.5;0;691;231;138;108;97060;2.5;0;0.21;0.28
2003;4;18;108;11.1;6.5;2.4;1.7;0.3;-0.5;-1.2;-3.4;0.14;1.9;2.5;0;682;221;126;85;96653;1.76;0.15;0.21;0.27
2003;4;19;109;10;5.3;1.7;3;1.4;-0.1;-2.2;-0.6;0.14;1.9;2.5;0;634;178;117;62;95801;1.82;2.66;0.21;0.27
2003;4;20;110;18.6;11;2.6;5.1;3.4;0.6;-2.8;0.4;0.14;1.9;2.5;0;670;224;130;94;95511;2.47;0;0.21;0.27
2003;4;21;111;17.8;12.2;6.3;5.3;4;2.7;-2.4;0.2;0.14;2;2.5;0;627;216;125;94;95616;2.42;0.23;0.2;0.27
2003;4;22;112;17;11.6;4.3;5.4;3.1;1.6;-0.9;-0.4;0.14;2;2.5;0;626;214;131;91;95691;2.39;0.34;0.2;0.27
2003;4;23;113;16.4;10.8;3.6;3.3;1.5;-0.9;-0.4;-2.5;0.14;2;2.5;0;702;236;139;96;95680;2.4;0;0.2;0.27
2003;4;24;114;16.8;11.1;3.2;4.9;2;-0.3;-0.8;-0.6;0.14;2;2.5;0;562;192;119;82;96100;2.08;0;0.2;0.27
2003;4;25;115;19.2;13.3;6.5;4.7;2.5;0.6;-1;1.5;0.14;2;2.5;0;636;208;125;79;96116;2.39;0;0.19;0.27
2003;4;26;116;22.1;14.2;7.3;11;6;2.2;1.1;1.9;0.14;2.1;2.5;0;637;176;110;62;95474;2.57;2.59;0.19;0.27
2003;4;27;117;14.4;11.2;9;9;6.5;3.7;3.6;1.1;0.15;2.1;2.5;0;518;152;99;51;95579;2.65;3.42;0.19;0.27
2003;4;28;118;19.9;13.9;7.5;7.9;5.3;3.6;1;2.3;0.15;2.1;2.5;0;566;183;97;73;95463;2.27;0.01;0.19;0.27
2003;4;29;119;18.2;14.4;10.5;10.7;8.4;4.7;1.9;1.8;0.15;2.1;2.5;0;402;146;85;61;95684;2.23;2.67;0.19;0.27
2003;4;30;120;20.5;15;9.3;12.6;10;7.8;1.1;1.1;0.15;2.1;2.5;0;505;133;84;50;95600;2.09;1.69;0.19;0.27
2003;5;1;121;17.1;12.7;9;7.8;3.7;0.7;3.6;1.5;0.15;2.2;2.5;0;585;193;118;67;96304;2.57;0.23;0.19;0.27
2003;5;2;122;20.5;14.1;6.2;8.6;5.4;1.9;0.1;1.4;0.15;2.2;2.5;0;670;189;115;73;95975;2.25;1.07;0.19;0.27
2003;5;3;123;14.9;11.5;8.8;9.7;4.1;-0.7;4;0.8;0.15;2.2;2.5;0;561;181;118;69;96354;2.74;2.71;0.19;0.27
2003;5;4;124;21.6;13.9;4.3;4.1;2.4;0.1;-1.4;1.4;0.15;2.2;2.5;0;729;258;153;107;96551;3.01;0;0.19;0.27
2003;5;5;125;28.2;18.8;7.4;9.2;6.9;3.5;-2.1;1.6;0.15;2.2;2.5;0;707;250;137;99;95918;3.28;0;0.18;0.27
2003;5;6;126;28.3;20.4;13.6;13.2;10.5;8.3;-0.6;-1;0.15;2.2;2.5;0;695;230;136;88;95977;3.27;1.15;0.18;0.27
2003;5;7;127;22.6;16.7;11.3;11.1;9.8;7.5;-1.8;-1.8;0.15;2.3;2.5;0;662;224;120;77;96496;2.99;1.19;0.18;0.27
2003;5;8;128;26;18.4;12;15.3;12.4;7.4;-0.2;-0.1;0.15;2.3;2.5;0;677;214;112;73;96098;2.78;4.86;0.18;0.27
2003;5;9;129;20.1;15.8;11.6;14.6;13;10.9;1.6;0.3;0.15;2.3;2.5;0;498;167;92;54;96025;2.43;11.09;0.19;0.27
2003;5;10;130;18.7;14.4;9.2;12.1;10.3;8.8;1;-0.1;0.15;2.3;2.5;0;482;180;94;64;96282;2.45;0.59;0.19;0.27
2003;5;11;131;19;14.9;9.9;10.7;9.3;7.7;0.1;-0.5;0.15;2.3;2.5;0;562;173;92;60;96318;2.28;0.16;0.19;0.26
2003;5;12;132;18.1;14.1;9.9;13.2;10.3;8.7;0.7;0.6;0.15;2.4;2.5;0;565;155;95;56;96061;2.25;4.32;0.19;0.26
2003;5;13;133;14;11.2;6.7;10.6;6.9;2.7;2.3;0.5;0.15;2.4;2.5;0;449;122;81;50;95809;2.23;3.13;0.19;0.26
2003;5;14;134;12;7.7;4.9;3.6;2.6;0.9;2.7;0.6;0.15;2.4;2.5;0;711;227;114;83;96263;2.59;1.99;0.19;0.26
2003;5;15;135;10.9;7.2;3.3;6.9;3.9;1.8;1.1;-0.3;0.15;2.4;2.5;0;550;181;84;65;96508;2.23;2.48;0.19;0.26
2003;5;16;136;15;8.9;0.8;5.6;1.5;-1.4;-0.8;0.3;0.15;2.4;2.5;0;669;212;118;79;96158;2.54;0.22;0.19;0.26
2003;5;17;137;17;11.5;5.1;9.7;6.2;0.6;0.3;1.2;0.16;2.4;2.5;0;582;163;99;61;95807;1.99;1.48;0.19;0.26
2003;5;18;138;17;12.4;6.5;11.3;9.4;6.2;1.9;1.7;0.16;2.5;2.5;0;554;167;78;52;95960;2.51;7.81;0.19;0.26
2003;5;19;139;19.3;14.6;10.8;14.6;12;9.2;2.7;1.9;0.16;2.5;2.5;0;558;131;64;31;95677;2.81;18.78;0.2;0.26
2003;5;20;140;13.9;11.2;8.4;8.9;6.5;3.4;3;0.7;0.16;2.5;2.5;0;475;160;90;58;96025;2.83;3.75;0.21;0.26
2003;5;21;141;13.1;9.8;6.6;7.7;5.9;3.1;2.8;-0.1;0.16;2.5;2.5;0;561;194;83;70;96495;2.6;4.51;0.21;0.26
2003;5;22;142;14.6;11.1;7.2;8.9;6.9;5.8;2.5;0.8;0.16;2.5;2.5;0;458;134;61;32;96743;2.12;0.59;0.21;0.26
2003;5;23;143;20.2;15;10.8;11.8;10.2;9.1;1.7;2;0.16;2.5;2.5;0;478;158;102;45;96125;2.45;0.46;0.21;0.26
2003;5;24;144;25.7;18.9;11.6;12.7;10.7;9.6;-2.2;1.6;0.16;2.5;2.5;0;716;264;126;92;95381;4.07;0;0.2;0.26
2003;5;25;145;19.8;16.5;12;14.5;12.7;10;0.9;-1.5;0.16;2.6;2.5;0;424;166;79;51;95574;2.81;6.62;0.2;0.26
2003;5;26;146;16.8;14.6;12.4;12.5;11.6;10.7;-1.3;-2.7;0.16;2.6;2.5;0;355;99;44;23;96298;2.37;5.18;0.21;0.26
2003;5;27;147;20.7;16.4;12.8;12.1;11.2;10.5;-2.2;-1.9;0.16;2.6;2.5;0;568;184;81;52;96550;2.94;0.23;0.21;0.26
2003;5;28;148;19.7;16.7;13.2;12.5;11.5;8.9;-2.3;-1.6;0.16;2.6;2.5;0;322;116;54;38;96468;2.09;0.29;0.2;0.26
2003;5;29;149;23.6;18.5;13;12.6;10.4;7.5;-2.7;-0.6;0.16;2.6;2.5;0;700;246;111;77;96157;3.9;0;0.2;0.26
2003;5;30;150;25.1;19.6;13.1;12.4;10.7;9.4;-1.7;0;0.16;2.6;2.5;0;717;266;128;94;95928;4.12;0.01;0.2;0.26
2003;5;31;151;24.1;18.1;12.3;15.7;13.2;8.8;0;-0.1;0.16;2.6;2.5;0;610;196;100;67;95728;3;7.45;0.2;0.26
2003;6;1;152;23.4;18.5;11.4;15.4;12;10.5;-1.2;-0.7;0.16;2.6;2.5;0;612;229;106;79;95748;3.75;0.13;0.2;0.26
2003;6;2;153;25.2;19.8;12.3;14;11.4;9.6;-1.7;0.8;0.16;2.7;2.5;0;666;252;122;90;95719;3.93;0;0.2;0.26
2003;6;3;154;25.9;20.5;12.8;14.9;12.2;10.6;-1.5;0.6;0.16;2.7;2.5;0;637;239;114;84;95900;3.75;0.02;0.19;0.26
2003;6;4;155;28.4;22.5;14.2;16.6;13.9;12.1;-0.8;0.5;0.16;2.7;2.5;0;675;258;121;81;96023;4.03;0.14;0.19;0.26
2003;6;5;156;29.4;22.7;17.5;18.5;15.7;13.7;-0.1;-0.3;0.16;2.7;2.5;0;663;222;114;69;96237;3.53;6.29;0.19;0.26
2003;6;6;157;23.7;19.8;15.4;17.7;16.4;15.4;-0.1;-1.5;0.16;2.7;2.5;0;564;189;86;52;96402;3.33;1.52;0.19;0.26
2003;6;7;158;26.1;21.2;15.2;17.3;15.2;13.9;-1.2;0.2;0.16;2.7;2.5;0;642;236;99;72;96309;3.7;0.23;0.19;0.26
2003;6;8;159;28.1;22.3;15.8;18;16;14;-0.2;0.9;0.16;2.7;2.5;0;633;231;95;68;95915;3.85;2.26;0.18;0.25
2003;6;9;160;22.8;19.1;14.3;17;11.3;6.7;2.2;-0.6;0.16;2.8;2.5;0;676;252;131;81;96343;4.06;0.16;0.18;0.25
2003;6;10;161;29;21.8;12.6;17.9;12.4;8.2;-0.5;1.2;0.16;2.8;2.6;0;700;258;124;83;96214;3.95;0;0.18;0.25
2003;6;11;162;26.2;22.1;17.5;16.3;13.9;12;1.7;-0.2;0.16;2.8;2.6;0;655;216;107;69;96332;3.41;0.34;0.18;0.25
2003;6;12;163;30.6;23.6;15;16.8;14.5;12.4;0.4;0.2;0.16;2.8;2.6;0;716;262;122;79;96326;4.07;0.64;0.17;0.25
2003;6;13;164;25.7;20.7;16.9;17.5;16.2;14.3;0.2;-1.4;0.16;2.8;2.6;0;560;201;83;60;96429;3.27;3.7;0.17;0.25
2003;6;14;165;26.2;20.5;15.7;15.4;13.8;12.2;-0.4;-0.5;0.16;2.8;2.6;0;532;211;109;65;96380;3.42;2.66;0.17;0.25
2003;6;15;166;22.1;18.6;14.7;13.8;10.9;9.1;-0.6;-1.5;0.16;2.8;2.6;0;560;183;87;58;96184;3.25;0.85;0.17;0.25
2003;6;16;167;22.8;18.8;15;10.4;8.5;6.7;-0.5;-1.9;0.16;2.8;2.6;0;674;240;119;82;95917;3.61;0;0.17;0.25
2003;6;17;168;25.3;19.8;13;11.7;9.2;7.2;-1.7;0;0.16;2.8;2.6;0;714;275;139;99;95780;3.8;0;0.16;0.25
2003;6;18;169;19.8;17.2;15.1;14.8;13.7;11.7;2.3;-0.3;0.16;2.8;2.6;0;529;168;75;50;96005;3.49;12.82;0.17;0.25
2003;6;19;170;19.4;16.9;14.5;14.3;13.3;12.1;3.3;0.1;0.16;2.8;2.6;0;441;115;53;37;96466;2.12;1;0.17;0.25
2003;6;20;171;20.4;17;13.4;13.7;9.9;5.8;4.2;-1.3;0.16;2.8;2.6;0;632;212;115;68;96070;3.59;1.91;0.17;0.25
2003;6;21;172;18.7;14.4;10.1;7.1;5.2;3.9;2.2;-1.5;0.16;2.8;2.6;0;617;243;126;94;96174;3.2;0;0.17;0.25
2003;6;22;173;24.1;17.9;10.2;12.9;8.8;5.5;0.1;0.5;0.16;2.8;2.6;0;713;269;127;89;95908;3.5;0;0.17;0.25
2003;6;23;174;31.7;23;14.8;16;13.2;9.9;0.9;1.7;0.16;2.8;2.5;0;729;260;122;78;95568;4.11;3.17;0.16;0.25
2003;6;24;175;24.7;20.5;16.7;16.3;12.3;9.4;2.3;-0.8;0.16;2.8;2.5;0;716;264;126;88;96079;3.85;0;0.16;0.25
2003;6;25;176;23.1;18.1;12.7;10.9;9;6.9;0.7;-2;0.16;2.8;2.5;0;738;281;139;103;96297;3.52;0;0.16;0.25
2003;6;26;177;23.7;18;11.3;10.1;8.8;8.1;-1.1;-1.6;0.15;2.7;2.5;0;743;275;142;103;96058;3.36;0;0.16;0.25
2003;6;27;178;23.4;18.8;13;10.5;8.7;7.2;-1.8;-0.7;0.15;2.7;2.5;0;690;248;117;92;95896;3.16;0.04;0.15;0.25
2003;6;28;179;23.8;19.4;14.5;15;11;6.3;-0.8;0.7;0.15;2.7;2.5;0;526;193;95;67;95823;2.82;2.5;0.15;0.25
2003;6;29;180;25.4;20.8;13.8;14.5;12.9;11.1;0.2;1.1;0.15;2.7;2.5;0;566;211;109;75;95435;2.83;0.23;0.15;0.25
2003;6;30;181;29.8;23.6;16.7;16.7;13.2;11.1;0.2;0.3;0.15;2.7;2.5;0;694;219;118;76;95027;2.85;1.02;0.15;0.25
2003;7;1;182;18.6;16;13.1;17.3;13.5;11.3;2;1.1;0.15;2.7;2.5;0;261;77;48;36;94922;2.53;9.79;0.15;0.25
2003;7;2;183;20.2;15.9;12.3;12.4;10.9;8.9;2.9;1.7;0.15;2.7;2.5;0;598;191;91;56;95059;3.29;3.81;0.16;0.24
2003;7;3;184;19.4;15.2;12.8;12.3;10.7;9.1;2.6;1.3;0.15;2.7;2.5;0;547;167;98;56;95373;2.9;5.71;0.16;0.24
2003;7;4;185;18.1;14.6;12;13.4;11.3;10.3;2.9;0.6;0.15;2.7;2.5;0;523;182;77;57;95682;2.84;5.2;0.16;0.24
2003;7;5;186;17.8;14.4;12.1;14;12.1;10.7;3.7;-0.2;0.15;2.7;2.5;0;396;114;55;25;95823;2.81;7;0.16;0.24
2003;7;6;187;19.5;15.6;12.8;11.8;10.2;8.2;1.9;-1.6;0.15;2.7;2.5;0;442;149;84;41;96241;2.46;0.25;0.17;0.24
2003;7;7;188;19.7;15.7;10.2;11.1;10.3;9.4;0.1;-1.2;0.15;2.7;2.5;0;492;163;76;58;96590;2.18;0.09;0.16;0.24
2003;7;8;189;21.6;17.4;11.6;11.4;10.2;8.8;0.6;-1.3;0.15;2.6;2.5;0;510;176;102;61;96444;2.55;0.09;0.16;0.24
2003;7;9;190;19.8;17.2;13.9;14.2;12.3;10.4;0.7;-1.3;0.15;2.6;2.5;0;444;175;79;58;96197;2.82;7.41;0.16;0.24
2003;7;10;191;21.5;17;12.7;11.7;9.8;8;0.7;-1.8;0.15;2.6;2.5;0;673;229;117;75;96223;3.26;0.04;0.16;0.24
2003;7;11;192;23.9;18.3;10.9;12.5;9.4;7.8;0.6;-0.1;0.15;2.6;2.5;0;696;270;135;93;96242;3.62;0;0.16;0.24
2003;7;12;193;21.7;18.1;14.2;14.2;10.7;7.6;0.7;-1.9;0.15;2.6;2.5;0;654;208;119;69;96257;2.83;0.12;0.16;0.24
2003;7;13;194;20.9;16.6;11.6;10.2;8;6.8;-0.8;-2.1;0.15;2.6;2.5;0;632;240;123;88;96343;3;0;0.16;0.24
2003;7;14;195;23.8;18.2;11.6;9.5;8.1;6.6;-2.6;-0.1;0.15;2.6;2.5;0;738;275;134;103;96149;3.41;0;0.15;0.24
2003;7;15;196;26.2;20.3;12.8;11.6;9.9;7.9;-2.2;0;0.15;2.6;2.5;0;732;272;133;97;95819;3.38;0;0.15;0.24
2003;7;16;197;29.2;23;14;14.5;11;9.4;-1.4;0.4;0.15;2.6;2.5;0;681;255;134;86;95617;3.29;0.8;0.15;0.24
2003;7;17;198;24.2;19.1;15;17.4;16;13.4;1.8;0;0.15;2.6;2.5;0;551;135;84;51;96160;2.45;10.35;0.15;0.24
2003;7;18;199;22.4;18.4;13.2;14.5;11.8;10.7;1.3;-0.8;0.15;2.6;2.5;0;436;165;86;63;96676;2.64;0.44;0.15;0.24
2003;7;19;200;26.7;20.8;12.6;13.9;11.3;9.9;-1.8;0.1;0.15;2.5;2.5;0;649;244;119;86;96603;3.39;0;0.15;0.24
2003;7;20;201;29.3;23.3;15.8;14.2;11.6;10.2;-1.9;0.9;0.15;2.5;2.5;0;726;268;139;97;96177;3.74;0;0.15;0.24
2003;7;21;202;30.2;23.8;18;17.4;13.9;11.2;0;0.5;0.15;2.5;2.5;0;634;204;106;73;96063;3;0.39;0.15;0.24
2003;7;22;203;27.4;22.2;17.1;17.5;15.6;13.2;1.5;0.1;0.15;2.5;2.5;0;654;230;102;73;96245;3.17;1.66;0.14;0.24
2003;7;23;204;25.8;20.5;15.2;16.5;14.2;12.1;0;-0.1;0.15;2.5;2.5;0;620;199;107;70;96200;2.76;1.43;0.14;0.24
2003;7;24;205;26.2;19.8;14.5;16.2;14.1;11.7;0.6;0.6;0.15;2.5;2.5;0;568;181;100;63;95906;2.81;10.73;0.14;0.24
2003;7;25;206;23.2;18.8;14.5;14.9;13;11;1.1;0.5;0.15;2.5;2.5;0;580;178;100;58;95918;2.95;1.06;0.15;0.24
2003;7;26;207;24.3;20.2;16.7;15.8;14.1;12.1;0.9;1.1;0.15;2.5;2.5;0;648;166;86;49;95809;2.41;0.57;0.15;0.24
2003;7;27;208;31.4;23;18;20.1;16.3;13.2;0.5;1.3;0.15;2.5;2.5;0;693;208;111;59;95725;3.26;17.49;0.15;0.24
2003;7;28;209;21;18.5;15.6;17.6;14.8;12.6;1.9;-0.8;0.15;2.5;2.5;0;508;169;82;50;96366;3.05;2.62;0.16;0.24
2003;7;29;210;20.8;16.9;13.5;14.6;13.3;12.1;0.4;-0.7;0.15;2.5;2.5;0;480;162;94;60;96694;2.34;1.15;0.16;0.24
2003;7;30;211;23;18.1;11.8;14.8;12.2;10.2;-0.6;0.3;0.15;2.4;2.5;0;547;187;102;60;96319;2.8;0.27;0.16;0.24
2003;7;31;212;24.7;20.4;16.6;14.5;11.1;9.2;-1.4;-1.2;0.15;2.4;2.5;0;581;201;108;66;96015;3.15;0.02;0.16;0.24
2003;8;1;213;25.6;21;15.4;17;15.8;14.7;-1;-1;0.15;2.4;2.5;0;552;186;91;62;96309;2.64;0.45;0.16;0.23
2003;8;2;214;27.7;23;16.3;17.8;15.9;14.9;-0.6;-0.5;0.15;2.4;2.5;0;585;205;100;67;96433;3.02;0.14;0.15;0.23
2003;8;3;215;31.1;25.4;17.6;17.6;15.4;13.6;-0.3;0.1;0.15;2.4;2.5;0;620;227;119;77;96534;3.23;0;0.15;0.23
2003;8;4;216;31.3;26;19.9;17.7;16.1;15.4;-0.8;-1.1;0.15;2.4;2.5;0;654;229;117;79;96685;3.27;0.01;0.15;0.23
2003;8;5;217;31.5;25.9;20.5;16.8;15.4;12.4;-1.7;-1;0.15;2.4;2.5;0;655;229;119;82;96725;3.38;0.12;0.15;0.23
2003;8;6;218;30.2;24.7;19.2;13.1;11.3;10.4;-1.5;-1.5;0.15;2.4;2.5;0;693;246;138;98;96656;3.38;0;0.14;0.23
2003;8;7;219;30.4;24.1;17;14.3;11;7.8;-1.2;-0.8;0.15;2.4;2.5;0;704;249;153;104;96557;3.12;0;0.14;0.23
2003;8;8;220;32.2;25.3;16.6;13.2;10.4;8.7;-1;-1.3;0.15;2.4;2.5;0;646;226;132;95;96383;2.81;0;0.14;0.23
2003;8;9;221;31.9;25.4;17.4;13.5;10.2;7.5;-1.1;-0.7;0.15;2.3;2.5;0;683;224;145;98;96362;2.71;0;0.14;0.23
2003;8;10;222;33.2;26.5;18.8;12.4;10.5;7.9;-1.6;-0.8;0.15;2.3;2.5;0;673;222;142;96;96124;2.63;0.02;0.13;0.23
2003;8;11;223;29.9;24.3;18.5;9.5;7;4.5;-2.1;-0.7;0.15;2.3;2.5;0;696;244;153;112;96399;2.6;0;0.13;0.23
2003;8;12;224;32.5;25.5;16;12.1;9;4.8;0.6;-0.2;0.15;2.3;2.5;0;675;233;141;98;96569;2.39;0;0.13;0.23
2003;8;13;225;34.6;27.6;20.2;13.3;10.5;8.8;2.5;-0.1;0.15;2.3;2.5;0;641;209;130;91;96242;2.04;0.05;0.13;0.23
2003;8;14;226;26.8;22.2;17.9;14.8;12.8;10.9;1.6;-0.8;0.15;2.3;2.5;0;565;162;116;72;95908;1.88;3.25;0.13;0.23
2003;8;15;227;23.2;18.5;14.2;14.7;7.9;4.2;1.2;-1.4;0.14;2.3;2.5;0;681;238;149;101;95930;2.58;0.39;0.13;0.23
2003;8;16;228;25;19;11.5;8.7;6.5;4.9;-0.2;-1.1;0.14;2.3;2.5;0;687;237;151;105;96105;2.19;0;0.13;0.23
2003;8;17;229;28.3;21.9;14.7;14.4;10.7;6.9;-1.3;0.7;0.14;2.3;2.5;0;609;185;116;76;96071;1.92;0.19;0.13;0.23
2003;8;18;230;28.3;22.7;18.3;16.2;13;10.1;1.5;1;0.14;2.3;2.5;0;593;160;108;62;96058;1.78;0.59;0.13;0.23
2003;8;19;231;22.9;19.6;16.8;14.5;12.2;8.8;3.1;-0.1;0.14;2.3;2.5;0;531;141;79;55;96341;1.52;0.66;0.13;0.23
2003;8;20;232;24.4;20.3;16.6;15.4;13.1;11.1;0.6;-0.5;0.14;2.3;2.5;0;495;172;100;69;96254;1.82;0.96;0.12;0.23
2003;8;21;233;26.7;21.1;14.3;13.4;11.1;9;0.6;-0.3;0.14;2.3;2.5;0;660;215;141;90;96057;1.88;0;0.12;0.23
2003;8;22;234;25.6;20.9;16.4;12.6;9.5;7;2.6;0.1;0.14;2.2;2.5;0;665;222;142;93;96108;1.72;0;0.12;0.23
2003;8;23;235;24.8;19.6;12.9;13.4;11;9.5;2.1;-1;0.14;2.2;2.5;0;549;182;107;76;96238;1.36;0;0.12;0.23
2003;8;24;236;24;18.8;14.5;13.9;10.2;6.7;0.3;-1.7;0.14;2.2;2.5;0;662;212;145;94;96147;1.56;0;0.12;0.23
2003;8;25;237;23.3;17.8;11.9;10.4;7.6;5.5;-1.7;-1.2;0.14;2.2;2.5;0;611;197;143;94;95964;1.39;0;0.12;0.23
2003;8;26;238;25.4;19.4;11.8;9.9;6.8;4.6;0.8;-0.7;0.14;2.2;2.5;0;654;218;153;105;95673;1.53;0;0.12;0.23
2003;8;27;239;20;16.3;12.4;9.6;7.6;6;2.7;-1.2;0.14;2.2;2.5;0;448;151;88;72;95536;0.93;0;0.12;0.23
2003;8;28;240;25;18.3;10;10.6;8.8;6.4;0;0.3;0.14;2.2;2.5;0;640;180;127;76;95331;1.19;0.03;0.12;0.23
2003;8;29;241;25.3;20;14.9;15.1;12.3;9.3;2;2.1;0.14;2.2;2.5;0;499;142;93;55;94692;1.71;5.48;0.12;0.23
2003;8;30;242;16.5;13.9;10.5;12.2;10.5;8.3;2.6;0.2;0.14;2.2;2.5;0;280;92;84;45;95487;1.73;2.97;0.12;0.22
2003;8;31;243;16.2;12.5;8.8;8.8;6.7;4;2.5;-0.7;0.14;2.2;2.5;0;523;146;101;64;95950;1.36;0.46;0.12;0.22
2003;9;1;244;15.7;11.7;7;8.3;6.6;4.8;2.4;-0.4;0.14;2.2;2.5;0;539;158;102;72;96083;1.21;0.41;0.12;0.22
2003;9;2;245;13.5;10.7;7.9;7.9;6.1;4.2;0.9;-1.7;0.14;2.2;2.5;0;440;136;97;65;96595;1.3;1.12;0.12;0.22
2003;9;3;246;17.5;11.5;4.6;6.3;2.8;-0.3;-0.2;-1.1;0.14;2.2;2.5;0;612;192;134;93;97166;1.45;0;0.12;0.22
2003;9;4;247;18.6;13.5;6.9;8.2;5.8;3.7;-0.1;-1.4;0.14;2.2;2.5;0;487;155;118;77;97202;1.18;0.02;0.12;0.22
2003;9;5;248;21.2;15;7.7;8.5;6.9;6.2;-1.9;0.2;0.14;2.2;2.5;0;619;198;138;96;96703;1.5;0;0.12;0.22
2003;9;6;249;21.4;16.1;10.7;10.9;7.6;6.3;-1.3;0.6;0.14;2.2;2.5;0;490;154;107;79;96311;1.21;0;0.12;0.22
2003;9;7;250;22.4;16.6;11.2;10.1;8.8;7.3;-0.8;0.5;0.14;2.2;2.5;0;512;159;110;73;95991;1.6;1.21;0.12;0.22
2003;9;8;251;18;14.8;11.7;11.9;10.7;9.4;0.5;0;0.14;2.2;2.5;0;338;110;74;56;95314;0.8;0.49;0.12;0.22
2003;9;9;252;17.3;13.5;10.1;11.5;10.7;9.6;-0.7;-2.1;0.14;2.2;2.5;0;334;88;53;41;95296;1.46;5.29;0.12;0.22
2003;9;10;253;17.4;14;10.4;10.2;8.7;7.4;2.1;0.2;0.14;2.2;2.5;0;487;145;99;58;95752;1.51;1.51;0.12;0.22
2003;9;11;254;14.1;11;9;10.1;7.9;5.9;4.3;-0.2;0.14;2.2;2.5;0;435;114;76;34;95685;2.59;14.87;0.13;0.22
2003;9;12;255;13.9;11.9;10.1;10.4;10;9.4;2.2;-1.9;0.14;2.1;2.5;0;111;31;41;13;96631;1.1;6.99;0.14;0.22
2003;9;13;256;15.7;12.7;10.5;11.3;8;4.2;0.1;-2.4;0.14;2.1;2.5;0;462;125;115;55;97162;1.64;0.75;0.14;0.22
2003;9;14;257;17.3;13.5;10.3;10.5;9.4;7.4;-1.7;-1.8;0.14;2.1;2.5;0;291;85;61;40;97353;1.07;0.46;0.14;0.22
2003;9;15;258;19.6;14;8.6;9.9;7.8;6.5;-1.8;0;0.14;2.1;2.5;0;577;179;132;94;97088;1.69;0;0.14;0.22
2003;9;16;259;20.7;14.5;8.6;9.2;7.5;6;0.5;-0.1;0.14;2.1;2.5;0;534;159;131;82;96787;1.58;0;0.14;0.22
2003;9;17;260;22.2;16;10.2;11.1;9;6.8;-0.2;-0.6;0.14;2.1;2.5;0;538;169;120;81;96748;1.58;0;0.14;0.22
2003;9;18;261;24.7;16.9;8.9;10.5;9;7.3;-0.5;1.4;0.14;2.1;2.5;0;558;170;133;88;96573;1.74;0;0.13;0.22
2003;9;19;262;25.6;18.2;10.2;11.9;9.7;8.4;0.1;0.9;0.14;2.1;2.5;0;558;170;137;89;96560;1.69;0;0.13;0.22
2003;9;20;263;26.9;19.4;11.5;13;10;8.4;-0.6;0.3;0.14;2.1;2.5;0;552;167;141;89;96714;1.63;0;0.13;0.22
2003;9;21;264;25.5;19;12.2;11.5;8.9;7.3;0.7;0.3;0.13;2;2.5;0;542;163;134;87;96536;1.59;0;0.13;0.22
2003;9;22;265;25.9;19;11.2;13.4;10.1;6.8;-0.1;1.4;0.13;2;2.5;0;521;154;113;77;95760;1.54;0.07;0.13;0.22
2003;9;23;266;17.7;14.5;9;12.6;8.5;3.1;3;0.3;0.13;2;2.5;0;303;86;79;58;95701;1.45;2.87;0.13;0.22
2003;9;24;267;13.6;9.6;7;5.7;2.4;-1;-0.5;-1.8;0.13;2;2.5;0;443;123;116;78;97164;1.05;0;0.13;0.22
2003;9;25;268;15.9;10.6;5.6;4.5;2.2;1.5;-2.7;0.4;0.13;2;2.5;0;534;157;128;97;97312;1.19;0;0.13;0.22
2003;9;26;269;19.2;12.5;5.5;7.1;4.5;1.9;-0.6;1.5;0.13;2;2.5;0;528;154;128;90;96501;1.19;0;0.13;0.22
2003;9;27;270;17.6;12.9;8.4;8.3;6.8;5.4;0.9;-0.5;0.13;1.9;2.5;0;497;131;112;74;96164;1;0;0.13;0.22
2003;9;28;271;18.7;12.9;7;11.5;8.5;5.9;-1.1;0.6;0.13;1.9;2.5;0;332;98;76;50;95638;1.03;5.53;0.13;0.22
2003;9;29;272;13.1;11;8.6;11.2;7.6;4.9;3.3;0.3;0.13;1.9;2.5;0;418;103;97;51;95629;1.31;0.93;0.13;0.22
2003;9;30;273;14.7;10.1;5.9;6.3;4.4;3.3;-1;-0.4;0.13;1.9;2.5;0;504;137;133;84;96022;1.08;0;0.13;0.22
2003;10;1;274;16.8;11.8;6.6;9.7;6.6;4.3;-1.9;0.9;0.13;1.9;2.5;0;359;97;81;60;95659;0.8;0.01;0.13;0.22
2003;10;2;275;17.5;14;11.2;13.3;11.6;9.8;1.7;0.5;0.13;1.9;2.5;0;266;65;65;39;95657;0.85;1.31;0.13;0.22
2003;10;3;276;16.9;13;9.5;14.7;11.6;9.1;0.3;1.3;0.13;1.8;2.5;0;158;44;77;40;95384;0.65;5.95;0.14;0.22
2003;10;4;277;13.3;11.2;8.5;10.8;8.6;6.2;2.1;0.6;0.13;1.8;2.5;0;295;49;87;41;94906;1;3.26;0.14;0.22
2003;10;5;278;8.9;7.6;5.3;7.1;6;3.7;0.1;-2.2;0.13;1.8;2.5;0;150;40;52;28;94840;1.32;5.61;0.14;0.22
2003;10;6;279;9;6.2;3.7;4.3;2.8;-1.1;3.7;1.3;0.13;1.8;2.5;0;372;77;73;36;95519;1.6;3.08;0.14;0.22
2003;10;7;280;7.2;6;4;5.8;4.5;2.8;4.6;2.1;0.13;1.8;2.5;0;96;20;38;14;94589;1.98;19.7;0.15;0.22
2003;10;8;281;7.7;5.3;3.5;5.4;3.8;3.1;5.2;0.7;0.13;1.8;2.5;0.01;138;31;26;12;95147;1.68;11.63;0.16;0.22
2003;10;9;282;10.3;8.2;6.1;8.3;5.7;2.7;4.4;-1.1;0.13;1.7;2.5;0.02;360;82;75;38;95616;1.49;2.75;0.17;0.22
2003;10;10;283;12.8;11.2;9.5;9.9;7.9;6.1;4.3;0.8;0.13;1.7;2.5;0;318;61;52;17;96114;1.07;0.51;0.17;0.22
2003;10;11;284;12.1;10.9;9.1;10.2;9.2;7.1;3.2;0.4;0.13;1.7;2.5;0;119;28;35;16;96476;0.78;2.43;0.17;0.22
2003;10;12;285;10.6;7.8;4.4;6.7;3.3;0.9;-0.4;-1.4;0.13;1.7;2.5;0;340;93;100;70;96835;0.94;0;0.17;0.22
2003;10;13;286;10.1;6;2.6;3;1.3;0.6;-2.1;-0.9;0.13;1.7;2.5;0;436;115;116;87;96833;0.86;0;0.17;0.22
2003;10;14;287;7.9;4.7;1.4;2.8;-0.3;-2.5;-2.5;-1;0.13;1.7;2.5;0;339;98;103;76;97113;0.81;0;0.17;0.22
2003;10;15;288;8.3;4.3;0.9;1.4;0;-1;-2.4;-0.8;0.13;1.7;2.5;0;398;98;100;79;97355;0.67;0;0.17;0.22
2003;10;16;289;7.1;3.5;0.9;1.6;-0.7;-1.9;-2.6;-0.9;0.13;1.6;2.5;0;372;100;97;82;97290;0.68;0;0.17;0.22
2003;10;17;290;7.3;3;0.1;-0.6;-1.7;-2.9;-3.4;-0.1;0.13;1.6;2.5;0;439;115;120;93;96951;0.75;0;0.17;0.22
2003;10;18;291;8.4;3.3;-0.2;0.7;-1.3;-3.3;-3.1;-0.5;0.13;1.6;2.5;0;440;116;124;97;95983;0.68;0;0.17;0.22
2003;10;19;292;7.3;2.5;-1.4;0.6;-0.4;-1.9;-1.3;-0.2;0.12;1.6;2.5;0;415;106;124;79;95236;0.56;0;0.17;0.22
2003;10;20;293;5.8;2.8;0.6;2;0.8;-0.9;-1.2;-0.7;0.12;1.6;2.5;0;177;37;41;22;94476;0.41;1.35;0.17;0.22
2003;10;21;294;4.2;2.1;0.1;1.4;0.7;-0.5;0.8;-0.8;0.14;1.6;2.5;1.37;146;33;70;25;94902;0.72;5.19;0.17;0.22
2003;10;22;295;5.6;2.5;-0.2;0.9;-0.7;-2.1;-1;-0.2;0.15;1.6;2.5;1.6;237;58;79;44;95612;0.52;0.53;0.17;0.22
2003;10;23;296;2.6;0.4;-1.4;-1.2;-4;-7.4;-3.3;-1.9;0.15;1.6;2.5;1.49;338;77;98;57;95415;0.66;0;0.17;0.22
2003;10;24;297;1.7;-1.2;-3.1;-4.9;-7.8;-10.8;0.2;-1;0.14;1.6;2.5;1.43;346;87;125;72;95896;0.6;0.03;0.17;0.22
2003;10;25;298;2.8;0.3;-2.2;-0.7;-4.2;-8.3;3.3;1.3;0.14;1.6;2.5;1.57;220;52;74;34;96073;0.32;0.78;0.17;0.22
2003;10;26;299;5;2;-0.6;0.2;-0.6;-1.7;2.9;1.2;0.15;1.6;2.5;2.17;180;46;73;40;95678;0.55;1.27;0.17;0.22
2003;10;27;300;5.5;2;-0.8;1.1;-0.5;-1.6;-0.1;-0.6;0.15;1.6;2.5;1.81;242;53;56;36;96179;0.36;0.15;0.17;0.22
2003;10;28;301;5.3;0.5;-2.8;0.3;-1.6;-3.2;-1.3;1;0.14;1.6;2.5;1.46;326;74;114;65;96133;0.35;0;0.17;0.22
2003;10;29;302;8.5;2.8;-1.3;1.1;-1.3;-4.4;-1.3;1.4;0.14;1.6;2.5;1.15;263;65;72;44;94724;0.42;2.36;0.17;0.22
2003;10;30;303;5.5;3.8;1.8;3.5;2.5;1;1.4;1.6;0.13;1.6;2.5;0.82;165;34;51;16;93811;0.61;2.69;0.18;0.22
2003;10;31;304;10.4;5.8;0.5;3.1;1.4;-0.1;-2.4;1.9;0.13;1.6;2.5;0.46;267;51;86;42;93408;0.81;0.8;0.18;0.22
2003;11;1;305;8.9;6.4;4.5;6;4.7;3.4;1.3;1.4;0.12;1.6;2.5;0.2;57;16;59;27;93927;0.28;2.44;0.18;0.22
2003;11;2;306;7.7;5.4;3.4;4.7;3.1;1.8;1.6;1.7;0.12;1.6;2.5;0.1;141;34;69;35;95177;0.49;0.21;0.18;0.22
2003;11;3;307;9.8;7.5;5.8;8;5.1;2.5;2.2;2.8;0.12;1.6;2.5;0.02;81;14;68;24;95829;0.93;4.86;0.18;0.22
2003;11;4;308;10.5;7.9;4.4;6.7;5;2.8;2.5;0.3;0.12;1.6;2.5;0;246;53;79;47;97189;0.62;0.26;0.18;0.22
2003;11;5;309;9.3;4;-0.4;4;1.6;-1;-2.1;0;0.12;1.6;2.5;0;335;75;110;70;97626;0.44;0;0.18;0.22
2003;11;6;310;9.5;4.5;1.4;1.4;0.6;-0.8;-2.8;-0.4;0.12;1.6;2.5;0;334;79;106;79;97472;0.52;0;0.18;0.22
2003;11;7;311;6.3;4.3;3.1;2.6;1.9;1.1;-4.3;-0.7;0.12;1.6;2.5;0;161;37;46;26;97366;0.42;0.4;0.18;0.22
2003;11;8;312;8.3;5;2.3;2.7;1.6;0.4;-4.6;0.5;0.11;1.5;2.5;0;273;63;86;66;96686;0.44;0;0.18;0.22
2003;11;9;313;11.1;5.3;0.1;5.8;3.3;-0.2;-1.8;0.2;0.11;1.5;2.5;0;321;75;109;78;96856;0.27;0;0.18;0.22
2003;11;10;314;7.2;3.3;1.4;1.8;1;-0.5;-2.8;-0.3;0.11;1.5;2.5;0;327;69;111;68;96808;0.41;0;0.18;0.22
2003;11;11;315;6.2;2.4;-0.1;0;-1.2;-4;-2.9;0.3;0.11;1.5;2.5;0;288;67;98;73;96715;0.37;0.02;0.18;0.21
2003;11;12;316;4.4;0.5;-1.5;-2.1;-3.2;-4.8;-2.3;0.5;0.11;1.5;2.5;0;315;72;104;76;96510;0.34;0;0.18;0.21
2003;11;13;317;1.9;0.2;-1;-0.9;-1.8;-2.3;0;0.3;0.11;1.5;2.5;0.03;151;36;53;28;96758;0.16;0.38;0.18;0.21
2003;11;14;318;3.3;2;0.5;2.6;0.6;-0.7;-0.7;1.3;0.11;1.5;2.5;0.11;71;16;12;6;96563;0.27;0.51;0.18;0.21
2003;11;15;319;7.6;4.9;2.2;4.6;3.5;1.9;0.5;1.6;0.11;1.5;2.5;0.05;148;31;64;26;96110;0.36;0.84;0.18;0.21
2003;11;16;320;7.1;3.2;-0.1;2.7;1.6;-0.2;-1.2;1.3;0.11;1.5;2.5;0.01;254;51;83;39;95791;0.31;1.7;0.18;0.21
2003;11;17;321;5.9;3.8;2.4;5.5;2.5;0.5;3.8;0.7;0.11;1.5;2.5;0;120;22;35;14;96364;0.81;5.01;0.19;0.21
2003;11;18;322;6.3;3.9;1.2;6.2;3.2;-0.1;2.9;1.4;0.12;1.5;2.5;0.38;40;7;19;4;96697;0.29;2.04;0.19;0.21
2003;11;19;323;7.9;7;6.5;6.8;6.6;6.3;3.2;1;0.11;1.5;2.5;0.19;79;17;9;3;96616;0.27;0.6;0.19;0.21
2003;11;20;324;8.9;6.8;4.5;7;6.1;3.9;0.4;1.7;0.11;1.6;2.5;0.04;120;25;71;24;96288;0.16;0.22;0.19;0.21
2003;11;21;325;11.4;5.6;1.8;6.5;3.8;1.2;-0.4;1.6;0.11;1.6;2.5;0;261;58;94;69;95871;0.28;0;0.19;0.21
2003;11;22;326;10.8;5;0.2;6.5;3.3;-0.3;-1.1;1.6;0.11;1.6;2.5;0;228;48;76;57;95645;0.19;0;0.19;0.21
2003;11;23;327;9.9;5.6;2.8;6.2;4.1;2.4;-1.5;1.3;0.11;1.6;2.5;0;193;43;85;57;95407;0.1;0;0.19;0.21
2003;11;24;328;10.8;5.2;1.4;6.6;3.7;1.3;-1.1;0.6;0.11;1.6;2.5;0;247;53;90;60;95282;0.23;0;0.19;0.21
2003;11;25;329;6.5;3.5;1.6;4.6;3;1.5;-0.3;0.7;0.11;1.6;2.5;0;154;32;69;29;95463;0.07;0.94;0.19;0.21
2003;11;26;330;6.9;3.8;1.6;5;3.3;1.5;-1.3;0.8;0.11;1.6;2.5;0;156;31;64;28;95010;0.25;0;0.19;0.21
2003;11;27;331;6.6;4.4;2.3;5.9;3.7;2.3;-1.1;-0.4;0.11;1.6;2.5;0;141;29;56;24;94245;0.14;0.06;0.19;0.21
2003;11;28;332;6.1;5.3;4.4;6;5.1;4.1;-0.5;-1.8;0.11;1.6;2.5;0;46;9;20;6;94776;0.23;8.21;0.19;0.21
2003;11;29;333;5.6;4.7;3.8;5.2;4.5;3.7;-0.5;-0.2;0.11;1.6;2.5;0;30;5;6;3;95560;0.25;6.45;0.2;0.21
2003;11;30;334;5.2;3.3;1.7;3.6;1.7;0.3;-1.2;2;0.11;1.6;2.5;0;195;41;85;36;95559;0.46;0.03;0.2;0.21
2003;12;1;335;6.8;3.4;1.1;3.1;1.5;-0.4;-2.6;0.1;0.11;1.6;2.5;0;232;46;91;59;95380;0.18;0;0.2;0.21
2003;12;2;336;8.4;4.5;2.3;4.4;2.9;1.5;-2.5;0.2;0.11;1.6;2.5;0;237;44;85;54;95880;0.23;0;0.2;0.21
2003;12;3;337;7.1;3.6;1.8;4.2;2.7;1.7;-1.9;-0.3;0.11;1.7;2.5;0;197;39;82;44;96434;0.15;0.01;0.2;0.21
2003;12;4;338;5.3;2.9;0.5;2.4;1.4;0.1;-2.1;-1.1;0.11;1.7;2.5;0;190;38;89;44;96594;0.24;0.04;0.2;0.21
2003;12;5;339;3.2;1.2;-0.5;0.6;0.1;-0.7;1;-0.4;0.11;1.7;2.5;0;115;26;50;28;96862;0.16;0.13;0.2;0.21
2003;12;6;340;2.3;-0.1;-2.4;1.5;-2.6;-7;1.9;-1.3;0.11;1.7;2.5;0.24;105;16;87;40;96320;0.41;1.18;0.2;0.21
2003;12;7;341;-0.9;-2.5;-4.6;-5.2;-6.7;-7.7;-1.9;-0.7;0.11;1.7;2.5;0.4;163;36;105;66;97165;0.13;0;0.2;0.21
2003;12;8;342;0.4;-3.4;-5.7;-6;-7.7;-9.6;-1.1;0;0.11;1.7;2.5;0.38;234;48;104;75;96958;0.03;0;0.2;0.21
2003;12;9;343;4.5;-0.3;-4;-3.6;-6.5;-11.4;-2.8;-0.2;0.11;1.7;2.5;0.37;230;48;94;71;96350;0.03;0;0.2;0.21
2003;12;10;344;3.9;0.5;-1;-3.5;-5.4;-7.8;-2.4;1.5;0.11;1.7;2.5;0.35;230;47;100;81;95941;0.08;0;0.2;0.21
2003;12;11;345;3.4;-0.4;-3.3;-2.1;-3.4;-5.1;0.7;2.2;0.11;1.7;2.5;0.34;231;47;101;69;96060;0.05;0.14;0.2;0.21
2003;12;12;346;3.2;1.5;-0.3;2.6;0.5;-4;2;0.9;0.12;1.7;2.5;1.34;93;17;51;19;96430;0.06;1.95;0.2;0.21
2003;12;13;347;7.8;4.8;-0.5;7.4;4.3;-1.1;2.5;2.8;0.12;1.7;2.5;1.05;22;4;51;7;95972;-0.09;12.81;0.21;0.21
2003;12;14;348;7.1;4.5;1.6;6.7;3.2;0.6;5.6;0.8;0.11;1.7;2.5;0.35;188;29;76;24;94845;1.35;15.35;0.23;0.21
2003;12;15;349;1.7;-0.8;-2.2;0.6;-3.4;-5.1;5.1;-1.5;0.16;1.7;2.5;3.83;179;34;84;52;95341;0.73;5.98;0.23;0.21
2003;12;16;350;1;-0.4;-1.7;-0.1;-3.5;-5.2;3.2;-2.1;0.19;1.7;2.5;6.12;155;30;74;43;96402;0.35;2.3;0.23;0.21
2003;12;17;351;1.8;0.4;-1.3;0.1;-0.5;-1.7;1.7;0.1;0.23;1.7;2.5;7.99;99;19;50;22;96920;0.11;0.51;0.23;0.21
2003;12;18;352;1.5;-0.8;-2.5;-0.6;-1.7;-3;-0.5;0.5;0.22;1.7;2.5;7.6;129;25;73;35;96751;0.1;0.01;0.23;0.21
2003;12;19;353;2.2;-0.6;-3.7;0.4;-2.2;-4.1;0.2;1.5;0.21;1.7;2.5;7.3;142;26;48;28;96418;0.11;0.35;0.23;0.21
2003;12;20;354;4;2.5;1.1;3.1;1.7;0.6;0.5;2.4;0.19;1.6;2.5;6.17;48;10;51;14;96160;0.08;2.24;0.23;0.21
2003;12;21;355;6.5;4;1.3;4.6;1.7;-1.4;4.9;3;0.15;1.6;2.5;3.2;118;16;72;24;94665;1.27;6.95;0.24;0.21
2003;12;22;356;1.1;-1;-4.2;0;-3.7;-8.8;3.2;-1.4;0.16;1.6;2.5;3.84;190;34;82;53;95447;0.5;2.82;0.24;0.21
2003;12;23;357;-3.6;-5;-5.8;-8.3;-9.8;-10.8;1.1;0;0.18;1.6;2.5;5.23;213;41;116;74;96858;0.13;0.04;0.24;0.21
2003;12;24;358;-2.5;-5.6;-8.1;-9.7;-11.2;-13.6;-0.3;1.8;0.18;1.6;2.5;5.19;211;42;106;73;97404;0.07;0;0.24;0.21
2003;12;25;359;-0.3;-3.3;-6.6;-3.4;-11.5;-15.3;0.8;1.8;0.18;1.6;2.5;5.16;147;30;59;31;96942;0.13;0.36;0.24;0.21
2003;12;26;360;1.7;-0.8;-1.7;-2.2;-3.9;-6.9;0.1;2;0.19;1.5;2.5;5.62;140;27;78;36;96069;0.13;0.37;0.24;0.21
2003;12;27;361;4.8;1.3;-1.3;2.1;-2.7;-6.8;0.9;2.4;0.19;1.5;2.5;5.34;155;28;66;42;95137;0.07;0.66;0.24;0.21
2003;12;28;362;3.7;1.4;-1;1.6;-1.8;-3;-0.3;2.5;0.18;1.5;2.5;4.72;132;25;60;41;94428;0.37;0.71;0.24;0.21
2003;12;29;363;2.2;-0.5;-3.5;1.3;-2.2;-4.8;1.5;0.5;0.17;1.5;2.5;4.54;116;22;66;36;95368;0.33;0.56;0.24;0.21
2003;12;30;364;1.4;-0.6;-3.2;-1.6;-2.7;-4.8;-1.7;-1.8;0.17;1.5;2.5;4.64;110;21;54;26;95552;0.11;0.25;0.24;0.21
2003;12;31;365;0.1;-0.7;-1.6;-2.1;-3.8;-5.2;-1.7;-2.9;0.19;1.4;2.5;5.51;89;17;40;20;96169;0.26;1.06;0.24;0.22
2004;1;1;1;-1.4;-2.1;-3.4;-5.4;-7.1;-9.2;-2.4;0;0.19;1.4;2.5;5.69;113;23;42;28;95815;0.25;0;0.24;0.22
2004;1;2;2;-3.3;-4;-4.6;-6.9;-9.2;-10.3;-2.7;-1.2;0.19;1.4;2.5;5.59;152;30;72;41;95757;0.23;0.06;0.24;0.22
2004;1;3;3;-3.9;-4.8;-6.1;-8.3;-10.8;-13;-0.9;-0.7;0.19;1.4;2.5;5.62;122;25;55;37;96305;0.08;0.11;0.24;0.22
2004;1;4;4;-2.6;-5.2;-6.9;-3.7;-8.9;-12.1;2.1;0.9;0.21;1.4;2.5;6.63;94;20;64;24;95816;0.1;3.81;0.24;0.22
2004;1;5;5;-0.8;-2.9;-9.2;-2.3;-4.8;-11.2;1.6;-0.8;0.31;1.4;2.5;12.25;126;24;66;32;96100;0.13;3.97;0.24;0.22
2004;1;6;6;-1.1;-5.4;-10.1;-1.6;-8.1;-13.4;-1.1;1.9;0.34;1.3;2.5;14.27;46;11;30;7;96441;0.19;6.19;0.24;0.22
2004;1;7;7;1.9;0.9;-0.8;1.5;0.4;-0.9;1.9;0.4;0.37;1.3;2.5;18.48;67;13;30;9;96142;-0.1;0.9;0.24;0.22
2004;1;8;8;1.1;-1.3;-3.3;-1;-2.5;-5.1;-1.4;1.4;0.36;1.3;2.5;17.92;134;26;73;39;95709;0.06;0.35;0.24;0.22
2004;1;9;9;3.1;1;-3.1;2.9;0.4;-5;1.5;1.7;0.36;1.3;2.5;20.08;37;7;28;6;94829;-0.22;9.26;0.24;0.22
2004;1;10;10;2.4;1.1;0.2;0.8;0.4;-0.3;3;-0.3;0.36;1.3;2.5;19.96;84;14;44;17;95550;-0.06;2.84;0.25;0.22
2004;1;11;11;7.2;3.5;0.2;6.3;2.7;-0.2;1.4;2.5;0.33;1.2;2.5;16.25;77;11;24;7;95382;-0.47;11.22;0.26;0.22
2004;1;12;12;4.9;3;1.1;3.9;2;1;2.7;2.1;0.23;1.2;2.5;8.64;116;22;49;20;94489;0.19;19.13;0.28;0.22
2004;1;13;13;7.2;3.6;1.7;5.9;2.9;1.2;3.1;1.8;0.22;1.2;2.5;7.76;19;4;16;5;93797;0;20.36;0.3;0.22
2004;1;14;14;3.3;2;0.6;2.4;-0.2;-2.4;4.4;1.4;0.17;1.2;2.5;4.84;173;34;75;41;94113;0.82;4.89;0.31;0.22
2004;1;15;15;1.6;0.5;-0.3;0.5;-0.6;-1.6;3.6;0.4;0.25;1.2;2.5;9.58;72;16;70;28;94542;0.29;5.95;0.31;0.22
2004;1;16;16;2.9;1.2;-0.8;1.3;-1.1;-4.9;2.5;3.1;0.3;1.2;2.5;13.07;86;16;50;28;94385;0.35;6.66;0.3;0.22
2004;1;17;17;2.5;1.3;-0.8;1.5;0.3;-1.4;2.5;1.2;0.28;1.2;2.5;11.73;174;34;66;35;94321;0.13;2.23;0.31;0.23
2004;1;18;18;1.2;-0.8;-4.2;-0.5;-2.7;-7.5;-0.8;-1.7;0.26;1.2;2.5;11.09;170;34;74;40;95758;0.35;0.13;0.3;0.23
2004;1;19;19;-0.4;-2.6;-5.5;-1.3;-5.7;-8.4;3.1;1.9;0.27;1.2;2.5;11.8;152;29;53;31;95679;0.36;5.87;0.3;0.23
2004;1;20;20;0.9;-1.2;-3.9;-0.1;-3;-5.8;2;-1.4;0.37;1.1;2.5;23.65;123;24;54;24;94878;0.24;8.58;0.3;0.23
2004;1;21;21;-2.2;-5.4;-10.1;-5.4;-8;-12;0.5;-1.6;0.37;1.1;2.5;24.87;153;33;85;45;95933;0.2;0.7;0.29;0.24
2004;1;22;22;-4.3;-6.9;-10.1;-9.7;-10.9;-12.1;0.3;-0.1;0.37;1.1;2.5;25.05;115;24;52;28;96338;0.2;0.14;0.29;0.24
2004;1;23;23;-4.4;-9.1;-12.3;-10.9;-13.1;-16.1;-1.3;0.7;0.37;1.1;2.5;24.9;201;44;99;55;96286;0.22;0;0.29;0.24
2004;1;24;24;-3.4;-8.4;-15.1;-10.1;-13.7;-17.9;-1;1.4;0.37;1.1;2.5;24.7;197;42;84;42;95891;0.29;0.86;0.28;0.24
2004;1;25;25;1;-2.5;-6;-1.9;-4.2;-9.4;1.8;-0.1;0.37;1.1;2.5;27.35;101;22;61;19;95486;0.14;2.73;0.28;0.24
2004;1;26;26;-0.1;-2.1;-3.3;-2.8;-4.1;-5.7;-1.8;0.7;0.37;1.1;2.4;28.04;180;35;76;30;94908;0.27;0.32;0.28;0.24
2004;1;27;27;-1.6;-3.6;-5.3;-4.1;-5.7;-7.1;-0.9;-0.5;0.37;1.1;2.4;28.93;92;16;27;16;94179;0.22;2.26;0.28;0.24
2004;1;28;28;-1.8;-3.9;-5.7;-4.7;-6.2;-7.3;2.4;0.9;0.37;1.1;2.4;30.41;151;32;74;33;94306;0.23;0.99;0.27;0.24
2004;1;29;29;-1.6;-3.1;-4.3;-4.6;-5.6;-6.8;3;1.4;0.37;1.1;2.4;32.3;92;23;86;35;94390;0.28;3.38;0.27;0.24
2004;1;30;30;-0.7;-2.8;-4.7;-3.7;-5.5;-8.2;3.9;1.9;0.38;1.1;2.4;35.52;82;20;85;34;95675;0.28;2.25;0.27;0.24
2004;1;31;31;6.1;0.4;-4.7;3;-5.9;-10.5;1.4;3.4;0.37;1.1;2.4;35.54;186;39;63;42;95648;0.6;0.57;0.27;0.25
2004;2;1;32;6.4;6;5.7;4.8;3.8;2.8;5.4;2;0.35;1.1;2.4;23.64;89;18;36;14;96053;-0.82;2.83;0.28;0.25
2004;2;2;33;7.7;6.5;4;7.2;5.2;2.8;4.3;1.2;0.23;1.1;2.4;9.05;73;12;34;8;96467;-0.22;10.31;0.3;0.25
2004;2;3;34;10;7.2;5.4;6.9;5.6;3.4;3;0.8;0.14;1.1;2.4;2.95;204;39;55;28;97199;0.11;0.04;0.31;0.25
2004;2;4;35;12.1;7.3;3.3;4.9;3.4;0.1;2.6;1.3;0.12;1.1;2.4;1.35;250;58;85;60;97256;0.37;0;0.31;0.25
2004;2;5;36;10.8;8.5;6;6.6;2.5;-4.2;3.5;1.1;0.11;1.1;2.4;0.53;238;53;76;49;96905;0.55;0.01;0.3;0.25
2004;2;6;37;13.2;9.5;6.8;5.6;3.4;-0.9;3.1;1.9;0.11;1.1;2.4;0.15;254;61;96;63;96377;0.6;0;0.3;0.25
2004;2;7;38;10.9;6.7;2.9;5.7;2;-0.6;5.9;1.4;0.11;1.1;2.4;0.02;268;64;94;58;95642;1.33;3;0.3;0.26
2004;2;8;39;2.5;1.2;-0.7;1.2;-0.5;-2.5;5.5;1.4;0.15;1.1;2.4;3.28;187;41;75;36;95223;1.28;12.01;0.29;0.26
2004;2;9;40;0.7;-0.7;-1.9;-2;-3.7;-4.4;5.6;-1.5;0.26;1.1;2.4;10.67;271;58;80;52;96431;0.75;5.31;0.29;0.26
2004;2;10;41;-0.1;-1.3;-3;-3;-3.9;-4.7;3.5;0.4;0.3;1.1;2.4;12.85;136;29;66;29;97034;0.42;2.45;0.29;0.26
2004;2;11;42;2.4;-0.3;-3.3;0.7;-1.9;-5.2;2.2;-1.3;0.37;1.1;2.4;19.81;129;23;53;22;96273;0.18;7.43;0.29;0.26
2004;2;12;43;-1.7;-3.3;-4.9;-5.6;-7.1;-7.7;0.9;-1.4;0.37;1.1;2.4;20.15;111;27;48;27;97244;0.4;0.23;0.29;0.26
2004;2;13;44;2.6;0.6;-4.3;1.9;-0.7;-6.9;2.5;-0.4;0.37;1.1;2.4;19.47;96;20;13;4;97184;-0.02;1.21;0.28;0.26
2004;2;14;45;4.7;2.9;1.9;2.5;2.1;1.8;1.7;-1;0.31;1.1;2.4;14.41;112;25;27;10;96698;-0.01;1.86;0.29;0.26
2004;2;15;46;4.6;2.5;0.2;2.3;1.4;-0.5;1.3;-1.4;0.24;1.1;2.4;9.97;151;31;61;22;96451;0.26;1.78;0.29;0.26
2004;2;16;47;2.3;0.4;-1.3;-0.7;-2.2;-3.6;-0.2;-1.1;0.22;1.1;2.4;8.48;192;45;63;37;96850;0.42;0.02;0.29;0.26
2004;2;17;48;5.1;0.4;-2.3;-1.3;-2.8;-4.1;0.8;-0.1;0.2;1.1;2.4;7.37;363;90;112;68;96707;0.3;0.03;0.29;0.27
2004;2;18;49;3.1;0.3;-2.6;-0.8;-2.4;-4.2;1.4;-1.5;0.21;1.1;2.4;7.49;228;57;76;40;96147;0.51;2.1;0.29;0.27
2004;2;19;50;0.3;-1.6;-3.1;-3.9;-6.2;-8.1;-4;-1.6;0.21;1.1;2.4;7.69;308;73;101;59;96319;0.52;0.06;0.29;0.27
2004;2;20;51;2;-1.7;-4.8;-5.9;-7.3;-8.3;-4.8;-0.2;0.21;1.1;2.4;7.41;386;97;110;84;96531;0.48;0;0.29;0.27
2004;2;21;52;5.5;0.7;-2.3;-3.5;-5.4;-7.3;-3.3;0.2;0.2;1.1;2.4;6.89;380;92;101;72;95698;0.58;0;0.28;0.27
2004;2;22;53;5.6;1.5;-1;1.7;-1.7;-4.6;0;-0.5;0.18;1.1;2.4;5.87;207;50;42;24;94804;0.44;1.6;0.28;0.27
2004;2;23;54;0.4;-1.4;-3.2;-3.1;-6;-7.9;0.2;-2.8;0.2;1.1;2.4;6.53;194;45;60;32;95209;0.62;1.77;0.28;0.27
2004;2;24;55;0.2;-2.5;-4.3;-6.9;-9.3;-11.3;1.8;-0.5;0.21;1.1;2.5;7.05;241;69;90;59;95659;0.38;0.23;0.28;0.27
2004;2;25;56;0.8;-2;-4;-2.8;-6.1;-10.3;2.4;1.9;0.22;1.2;2.5;7.58;195;51;80;43;94995;0.26;1.59;0.28;0.27
2004;2;26;57;1;-2;-6;-3.3;-5;-8.7;1.7;1;0.25;1.2;2.5;9.54;308;74;96;51;94430;0.36;2.26;0.28;0.27
2004;2;27;58;0.1;-2.5;-5.2;-6.6;-7.9;-9;0.8;-0.6;0.27;1.2;2.5;10.25;226;61;68;41;94148;0.32;0.65;0.28;0.27
2004;2;28;59;1;-1.6;-3.9;-6.3;-8;-11.5;0.3;0.5;0.27;1.2;2.5;10.43;337;89;104;58;94613;0.35;0.52;0.27;0.27
2004;2;29;60;0.5;-2.4;-5.9;-7.5;-8.3;-9.7;-1.1;-2.3;0.26;1.2;2.5;9.81;297;74;80;52;95648;0.46;0.1;0.27;0.27
2004;3;1;61;-0.2;-3.1;-5.1;-7;-8.6;-9.7;-0.3;-2.5;0.26;1.2;2.5;9.54;275;79;95;51;96704;0.42;1.08;0.27;0.27
2004;3;2;62;1.7;-0.7;-3.5;0;-2.3;-6.4;3.1;-0.4;0.32;1.2;2.5;12.9;119;29;34;12;96782;0.2;4.31;0.27;0.27
2004;3;3;63;1.2;0;-1.5;-1.2;-2.3;-2.9;3.3;-0.5;0.34;1.2;2.5;14.27;121;32;29;17;96929;0.47;1.41;0.27;0.27
2004;3;4;64;1.4;-1.7;-8.9;-1.9;-5.1;-11.5;-0.8;-0.4;0.34;1.2;2.5;14.71;191;48;83;42;96772;0.33;0.79;0.27;0.27
2004;3;5;65;0.1;-5.2;-11.5;-8.4;-10.7;-14;-3.2;0.8;0.33;1.3;2.5;14.28;385;105;119;81;96540;0.71;0;0.27;0.27
2004;3;6;66;0.5;-3.2;-6.9;-1.9;-7.2;-14;-0.9;1.5;0.35;1.3;2.5;15.14;135;37;89;34;96068;0.35;2.66;0.27;0.27
2004;3;7;67;2.4;0;-1.9;-2;-2.7;-3.8;1.7;0.6;0.36;1.3;2.5;16.4;198;55;85;36;96376;0.28;0.81;0.27;0.27
2004;3;8;68;1.4;-1;-3.4;-2.3;-4.8;-7.2;-0.6;-2;0.34;1.3;2.5;15.78;223;55;77;32;96691;0.46;0.11;0.27;0.27
2004;3;9;69;1.4;-1.4;-3.5;-5.1;-5.9;-6.7;-0.6;-1.9;0.34;1.3;2.5;15.41;275;69;67;33;96710;0.6;1.2;0.27;0.27
2004;3;10;70;2.1;-1.1;-3.5;-4;-5.1;-6.2;-1.6;-0.2;0.35;1.3;2.5;16.83;236;67;90;44;96366;0.46;1.93;0.26;0.27
2004;3;11;71;3.7;-0.1;-3;-2.1;-3.6;-5.3;-2.8;-0.4;0.34;1.3;2.5;16.32;338;89;91;57;96117;0.48;0.08;0.26;0.27
2004;3;12;72;6.7;1.4;-3.9;-0.9;-2.8;-6.2;-2.1;1;0.31;1.3;2.5;13.54;423;112;115;62;96042;0.54;0;0.27;0.27
2004;3;13;73;11.3;3.8;-1.1;3.9;0.2;-3;-1.1;0.7;0.24;1.3;2.5;9.29;346;94;77;43;96271;0.51;1.4;0.27;0.27
2004;3;14;74;9.2;4.9;1;4.3;2.4;-0.1;1.2;1;0.2;1.3;2.5;5.86;262;70;73;29;97050;0.47;1.12;0.27;0.27
2004;3;15;75;10.8;6.2;1.4;4.4;3.1;0.6;1.9;1.5;0.16;1.4;2.5;3.18;339;79;74;46;97403;0.52;0;0.27;0.27
2004;3;16;76;14.4;9;4;6.9;5.2;3.1;1.9;0.8;0.14;1.4;2.5;1.41;461;126;101;57;97508;0.89;0;0.27;0.27
2004;3;17;77;17.8;9.4;0.7;7;4.3;0;0.4;1.5;0.13;1.4;2.5;0.54;551;162;132;83;97261;1.32;0;0.27;0.27
2004;3;18;78;19.2;10.6;1.4;8;4.3;-0.2;-0.1;1.8;0.12;1.4;2.5;0.2;523;151;117;76;96747;1.45;0;0.27;0.27
2004;3;19;79;14.6;10.4;5.6;7.7;4.7;3.1;3.6;1.5;0.12;1.4;2.5;0.05;508;128;98;61;96275;1.39;1.14;0.27;0.27
2004;3;20;80;10.6;9.3;8;8.3;7.3;5.9;5.5;2.8;0.12;1.4;2.5;0;143;31;27;9;95628;1.83;6.58;0.27;0.27
2004;3;21;81;10.1;7.7;4.6;6.9;3.6;0.4;5.6;1.9;0.12;1.5;2.5;0;279;56;83;38;95069;1.69;5.99;0.28;0.27
2004;3;22;82;8;4.5;0.5;2.8;1.3;-0.2;3.5;1.2;0.12;1.5;2.5;0;443;130;90;64;95333;1.49;2.4;0.28;0.27
2004;3;23;83;6.5;3.1;-0.6;1.4;-0.4;-2.1;-1.4;-1.3;0.12;1.5;2.5;0;328;86;60;40;95392;0.94;0.93;0.27;0.27
2004;3;24;84;2.9;1.9;1.1;1.5;0.7;-0.4;-0.1;-4.6;0.13;1.5;2.5;0.52;141;42;27;17;95162;1.67;8.73;0.28;0.27
2004;3;25;85;2.6;0.7;-0.9;-0.7;-3.6;-5.3;0.6;-3;0.16;1.5;2.5;2.83;274;64;58;29;95621;0.85;1.07;0.28;0.27
2004;3;26;86;1.6;-0.7;-3.1;-5;-6.9;-8;-0.7;-2.2;0.16;1.5;2.5;2.94;242;78;83;53;95810;0.71;0.22;0.28;0.27
2004;3;27;87;2.6;-0.3;-3.9;-3.8;-5.9;-6.9;-0.7;-0.3;0.16;1.5;2.5;2.81;414;112;79;54;95860;0.51;0;0.27;0.27
2004;3;28;88;6.1;2;-2;-1.9;-4.5;-5.3;0.7;0.2;0.16;1.6;2.5;2.24;511;157;111;71;96166;1;0;0.27;0.27
2004;3;29;89;9.4;3.5;-2.3;0;-2.2;-4.8;-1.1;-0.1;0.15;1.6;2.5;1.46;607;189;132;92;96425;1.16;0;0.27;0.27
2004;3;30;90;11.3;5.6;0.8;-0.1;-1.3;-2.6;-4.2;0.2;0.14;1.6;2.5;0.82;622;194;127;97;96181;1.71;0;0.27;0.27
2004;3;31;91;12.7;6.3;0.1;3.2;0.3;-2.6;-2.3;0.2;0.13;1.6;2.5;0.4;626;196;133;98;95739;1.65;0;0.27;0.27
2004;4;1;92;14.2;8.2;1.9;4.1;2.5;0;-2.7;-0.1;0.13;1.6;2.5;0.17;621;191;127;88;95703;1.79;0;0.27;0.27
2004;4;2;93;16.9;10.4;4.2;7.6;5.4;3.3;-3;0.4;0.13;1.6;2.5;0.03;584;184;112;89;95725;1.82;0.08;0.26;0.27
2004;4;3;94;14.4;9.3;3.7;6.1;4.2;2.3;1.4;0.3;0.13;1.7;2.5;0;548;152;101;74;96355;1.46;0;0.26;0.27
2004;4;4;95;12.3;7.4;2.1;6.6;4.1;1.3;2.1;1.8;0.13;1.7;2.5;0;359;111;83;60;96358;1.26;1.3;0.26;0.27
2004;4;5;96;8.7;5.7;3.2;6.2;3.6;1.8;2.6;1.3;0.13;1.7;2.5;0;424;135;88;50;95645;2.08;9.07;0.26;0.27
2004;4;6;97;7.1;4.3;1.3;4.5;1.5;-2.8;2.8;1.6;0.13;1.7;2.5;0;429;105;105;42;94747;1.71;7.02;0.27;0.27
2004;4;7;98;6.8;2.9;-0.2;3.2;1;-0.8;2;0.8;0.13;1.7;2.5;0.09;487;145;85;52;94887;1.47;3.69;0.27;0.27
2004;4;8;99;5.5;2.7;0.5;4;1.8;-0.4;2.6;0.7;0.15;1.7;2.5;0.83;384;117;75;41;95393;1.39;5.54;0.27;0.27
2004;4;9;100;8.8;4.1;-0.3;1;-0.9;-3.4;0.1;-1.1;0.14;1.7;2.5;0.71;489;152;95;56;95578;1.55;0.01;0.27;0.27
2004;4;10;101;9.3;5.3;1.3;2;0.8;-0.2;-1.2;-1.9;0.14;1.8;2.5;0.4;442;124;79;53;95422;1.22;0.21;0.27;0.27
2004;4;11;102;9.5;5.5;2.3;2;-0.4;-2.8;-1.1;-2.2;0.14;1.8;2.5;0.21;473;138;91;56;95979;1.64;0.76;0.27;0.27
2004;4;12;103;11.2;5.6;-0.1;1.2;-1.3;-3.2;-1.6;-1.7;0.14;1.8;2.5;0.11;670;212;128;96;96424;2.01;0;0.27;0.27
2004;4;13;104;10;6.1;2.1;2.8;1.6;0.2;-2.2;-2;0.14;1.8;2.5;0.03;366;121;73;54;96247;1.42;0.65;0.26;0.27
2004;4;14;105;13.4;7.8;1.5;1.7;-0.7;-2.3;-2.4;-0.5;0.14;1.8;2.5;0;584;201;111;88;96379;2.29;0;0.26;0.27
2004;4;15;106;16.1;10.3;3.3;5.1;2.1;-0.6;-0.9;0.7;0.14;1.8;2.5;0;672;213;127;84;96272;2.3;0.07;0.26;0.27
2004;4;16;107;15.8;11;5.7;5.7;4;2.5;-1;-0.2;0.14;1.9;2.5;0;619;210;129;89;95856;2.34;0.36;0.26;0.27
2004;4;17;108;17.5;11.9;4.9;6.6;4.3;2.3;-1.8;0.3;0.14;1.9;2.5;0;680;208;133;87;94886;2.43;0.01;0.25;0.27
2004;4;18;109;15.9;11.4;5.8;8.2;6.9;4.6;0.3;0.9;0.14;1.9;2.5;0;569;194;111;76;94079;2.08;2.47;0.25;0.27
2004;4;19;110;9;7.4;4.9;7.8;3.5;1.3;2.2;-1;0.14;1.9;2.5;0;225;75;56;27;94219;1.74;5.7;0.25;0.27
2004;4;20;111;14;9.1;3.8;4.4;2;-0.5;0.8;0.7;0.14;1.9;2.5;0;665;196;124;72;95177;2.23;0;0.25;0.27
2004;4;21;112;16.2;10.9;4.4;8.5;5.1;2.2;-0.3;1.2;0.14;2;2.5;0;591;169;104;61;95936;1.98;0.13;0.25;0.27
2004;4;22;113;20;13.5;5.4;9.5;6.3;3.6;-0.8;-0.2;0.14;2;2.5;0;680;202;132;76;95851;2.54;0;0.25;0.27
2004;4;23;114;19.1;11.8;7.2;11.2;8;5.8;-0.4;-2.1;0.14;2;2.5;0;600;166;102;53;96031;2.27;3.91;0.25;0.27
2004;4;24;115;11.4;8.3;5.5;5.7;2.6;-0.3;0.7;-3;0.14;2;2.5;0;575;182;94;63;96478;2.33;0.44;0.25;0.27
2004;4;25;116;11.1;7.7;4.8;3.8;2.6;1.4;-0.9;-2.6;0.14;2;2.5;0;500;123;74;46;96736;1.47;0.21;0.24;0.27
2004;4;26;117;14.9;9.6;3;5.7;3.6;2.2;-1.8;-0.8;0.14;2.1;2.5;0;559;174;98;70;96452;2.08;0;0.24;0.27
2004;4;27;118;16.6;11.3;5.5;5.9;4.7;3.8;-2.4;-0.2;0.15;2.1;2.5;0;609;185;102;77;95793;2.25;0.01;0.24;0.27
2004;4;28;119;18.4;12.9;6;7.1;6;4.5;-2.3;0;0.15;2.1;2.5;0;631;217;118;86;95411;2.68;0.16;0.24;0.27
2004;4;29;120;20.5;14.9;8.4;9;7.6;6.4;-2.7;0.1;0.15;2.1;2.5;0;621;206;111;83;94876;2.75;0.14;0.23;0.27
2004;4;30;121;21.1;15.6;10;8.7;7.4;6.4;-3.1;0.4;0.15;2.1;2.5;0;699;239;126;97;94478;3.09;0.03;0.23;0.27
2004;5;1;122;17.7;13.4;10.5;10.7;9;6.2;1.7;0.3;0.15;2.2;2.5;0;578;169;99;57;94850;2.41;4.46;0.23;0.27
2004;5;2;123;16.1;12.4;9.1;9.7;8.7;7;2.1;-0.1;0.15;2.2;2.5;0;545;170;93;53;95173;2.43;2.45;0.23;0.27
2004;5;3;124;18;13.3;7.3;9;7.6;6.4;-0.2;0.8;0.15;2.2;2.5;0;581;212;113;73;94881;2.64;1.15;0.23;0.27
2004;5;4;125;19.9;14;8.3;10.5;9;7;-0.6;1;0.15;2.2;2.5;0;581;174;101;57;93887;2.44;2.19;0.23;0.27
2004;5;5;126;12.4;10.2;7.6;10.6;8.4;6.5;1.4;-0.6;0.15;2.2;2.5;0;428;99;48;28;93370;1.79;15.97;0.24;0.27
2004;5;6;127;9.6;8.1;6.5;9.1;7.4;6.2;1.7;-1.3;0.15;2.2;2.5;0;120;38;12;8;93508;1.17;19.8;0.24;0.27
2004;5;7;128;6.6;5.2;3.2;5.9;4.5;3.1;3.4;1.3;0.15;2.3;2.5;0.09;178;44;35;15;94046;1.37;26.64;0.27;0.27
2004;5;8;129;12.9;7.9;4.1;5.6;3.7;2;1.6;2.3;0.15;2.3;2.5;0.04;571;182;98;60;94583;2.73;3.6;0.28;0.27
2004;5;9;130;9.6;7;5.3;5.5;4.2;1.9;2;1.6;0.15;2.3;2.5;0;296;86;57;27;94819;1.63;2.76;0.28;0.27
2004;5;10;131;13.3;9.1;5.3;7.5;6.2;4.7;2.3;-0.2;0.15;2.3;2.5;0;261;101;89;36;95403;1.6;0.86;0.28;0.27
2004;5;11;132;16.5;11.5;5.4;10.7;8;5;1.5;-0.4;0.15;2.3;2.5;0;544;188;99;66;95868;2.52;1.79;0.28;0.27
2004;5;12;133;16.1;11.1;5.5;9;7.3;5.2;-0.1;-1.9;0.15;2.4;2.5;0;543;191;95;62;95775;2.52;0.58;0.28;0.27
2004;5;13;134;11.2;8.8;7.2;6;5.5;5;-0.7;-2.8;0.15;2.4;2.5;0;294;85;46;32;95862;1.34;0.7;0.27;0.27
2004;5;14;135;13.5;9.8;5.7;6.7;5.4;4.4;0;-1.1;0.15;2.4;2.5;0;444;129;68;42;96483;1.81;0.5;0.27;0.27
2004;5;15;136;14.8;11.5;6.6;8.8;6.6;4.9;2.2;-1.5;0.15;2.4;2.5;0;467;157;92;44;96704;2.2;1.1;0.27;0.27
2004;5;16;137;13.6;10.7;8.2;9;5.1;3.1;0.3;-2.7;0.15;2.4;2.5;0;445;158;90;50;96758;2.73;0.69;0.27;0.27
2004;5;17;138;15.8;11.6;5.8;8.6;6.4;3.4;0.1;-1.2;0.16;2.4;2.5;0;470;145;88;54;96779;1.98;0.18;0.27;0.27
2004;5;18;139;19.1;13.8;6.6;10.3;8.4;5.7;0.8;-0.8;0.16;2.5;2.5;0;534;176;91;58;96619;2.63;0.04;0.26;0.27
2004;5;19;140;19.6;14.9;8.4;10.3;7.7;6.1;2.2;-0.8;0.16;2.5;2.5;0;636;238;112;83;96557;3.47;0;0.26;0.27
2004;5;20;141;19.9;14.8;8.2;9.2;8;6.7;1.3;-1.1;0.16;2.5;2.5;0;684;246;116;86;96216;3.45;0.01;0.25;0.27
2004;5;21;142;19.1;12.2;7.2;10.2;8.1;5;-0.7;-1.4;0.16;2.5;2.5;0;517;172;85;54;95711;2.74;4.25;0.25;0.27
2004;5;22;143;10.9;7.7;4.8;5;0.8;-2;1.2;-2.4;0.16;2.5;2.5;0;584;202;103;67;96188;3.05;0.83;0.25;0.27
2004;5;23;144;10.7;6.7;3.2;1.7;0.5;-0.5;3.2;-2.4;0.16;2.5;2.5;0;682;244;120;86;96326;2.89;1.26;0.25;0.27
2004;5;24;145;11.2;7.4;1.3;2.8;1.2;-0.6;2.3;-0.9;0.16;2.5;2.5;0;467;178;99;71;96605;2.19;0.18;0.25;0.27
2004;5;25;146;14.2;9.6;3.1;5;3.3;1.5;2;-0.3;0.16;2.6;2.5;0;521;171;87;62;96330;2.34;0.44;0.25;0.27
2004;5;26;147;15.6;11.1;6.5;6.6;4.6;3.5;1;-0.9;0.16;2.6;2.5;0;545;203;99;74;96094;2.65;0.4;0.24;0.27
2004;5;27;148;14.2;9.7;3.1;3.7;2.5;1.1;-0.2;-1.7;0.16;2.6;2.5;0;509;207;101;76;96398;2.66;0.01;0.24;0.27
2004;5;28;149;14.8;10.7;6.1;5;3.8;2.8;-1.3;-1.4;0.16;2.6;2.5;0;537;200;97;78;96740;2.72;0.68;0.24;0.27
2004;5;29;150;17.7;12.2;4.6;6.5;4.3;2.3;-1.7;-0.4;0.16;2.6;2.5;0;661;226;119;83;96908;3.02;0;0.23;0.27
2004;5;30;151;20.1;14.2;5.2;7.7;5;3.4;-1.9;0.5;0.16;2.6;2.5;0;738;274;137;97;96608;3.68;0;0.23;0.27
2004;5;31;152;17.5;13.7;8.1;9.8;7.3;4.6;0.2;0.5;0.16;2.6;2.5;0;397;165;97;67;96199;2.25;1.76;0.23;0.27
2004;6;1;153;17.8;12.9;7.7;11.3;9.2;7.6;-0.2;-0.4;0.16;2.6;2.5;0;685;213;116;64;96022;3.12;2.45;0.23;0.27
2004;6;2;154;16.9;12.7;8.2;11.4;9.9;7.9;0;-0.6;0.16;2.7;2.5;0;550;182;89;55;96002;2.84;7.35;0.23;0.27
2004;6;3;155;17;13.5;10.7;11;9.4;7.9;-1.2;-2.8;0.16;2.7;2.5;0;386;115;70;39;96294;2.7;7.22;0.23;0.27
2004;6;4;156;18.8;13.8;7.5;11.3;8.4;6.1;1;-0.8;0.16;2.7;2.5;0;514;169;93;59;96229;2.6;4.18;0.23;0.27
2004;6;5;157;13.5;11.3;9.4;10.8;9.4;8.3;1.9;-0.8;0.16;2.7;2.5;0;378;89;61;28;95818;2.08;8.54;0.24;0.27
2004;6;6;158;17.4;13.5;9.4;10.3;9.2;8.5;0.4;-1.1;0.16;2.7;2.5;0;492;160;79;47;96287;2.64;0.76;0.24;0.27
2004;6;7;159;21.1;16.5;8.5;13.1;9.9;7.8;0.3;0.2;0.16;2.7;2.5;0;609;210;107;69;96526;3.2;0;0.24;0.27
2004;6;8;160;25;19.8;11.5;15.6;12.1;9.3;1.1;0;0.16;2.7;2.5;0;724;264;120;82;96538;4.2;0;0.23;0.26
2004;6;9;161;27.3;21.7;13.6;15.9;13.7;11.3;1.6;0.1;0.16;2.8;2.5;0;652;249;105;73;96465;4.28;0.13;0.23;0.26
2004;6;10;162;25.5;20.7;15.3;17.6;16.2;13.5;1.4;0;0.16;2.8;2.6;0;588;206;82;58;96352;3.43;4.34;0.23;0.26
2004;6;11;163;21;17.5;14.2;16.9;14.4;11.9;2.4;0.2;0.16;2.8;2.6;0;518;143;90;38;96097;2.75;15.87;0.24;0.26
2004;6;12;164;17.7;14.2;10.8;14.1;11.2;7.8;2.5;-0.4;0.16;2.8;2.6;0;560;190;100;55;96116;3.44;5.2;0.24;0.26
2004;6;13;165;16.7;13;8.7;10;8;6.6;0.5;-1.9;0.16;2.8;2.6;0;572;210;98;69;96761;3.36;1.07;0.24;0.26
2004;6;14;166;19.5;14.9;10.2;10.7;9.3;7.7;0.3;-1.2;0.16;2.8;2.6;0;503;180;92;62;97009;2.98;0.01;0.24;0.26
2004;6;15;167;21.1;16.8;10.6;13;11.7;8.8;2.6;-0.6;0.16;2.8;2.6;0;515;178;80;50;96162;2.99;0.64;0.24;0.26
2004;6;16;168;14.6;12.5;10.2;11.7;5.8;4.2;2.3;-1.9;0.16;2.8;2.6;0;439;148;72;43;96004;2.84;0.12;0.23;0.26
2004;6;17;169;19.7;14.7;8.1;11.2;7.9;5.6;3;0.9;0.16;2.8;2.6;0;639;212;94;64;95597;3.51;1.09;0.23;0.26
2004;6;18;170;16.2;13.6;11.7;10.9;9.2;8;2.7;0.1;0.16;2.8;2.6;0;546;158;85;49;95085;2.74;1.26;0.23;0.26
2004;6;19;171;14.4;12.3;9;10.2;8.5;7.1;2.4;0.6;0.16;2.8;2.6;0;546;137;71;49;94974;2.46;3.15;0.23;0.26
2004;6;20;172;14.5;11.2;7.7;8.8;7.9;6.5;0.5;0.6;0.16;2.8;2.6;0;389;149;78;61;95178;1.94;1.42;0.23;0.26
2004;6;21;173;16.7;11.8;5.6;10.2;8.5;5.6;1;1.2;0.16;2.8;2.6;0;704;204;107;68;95685;3.04;3.17;0.23;0.26
2004;6;22;174;18.2;14.5;9.5;13.3;10.9;7.6;0.6;1.7;0.16;2.8;2.6;0;518;179;91;59;96046;2.77;6.9;0.23;0.26
2004;6;23;175;21.8;16.9;12.1;13.6;12.2;10.5;1.5;2.7;0.16;2.8;2.5;0;567;164;71;56;95479;3.3;2.22;0.23;0.26
2004;6;24;176;17.7;14.9;11.6;10.9;6.5;4.2;4.1;1.4;0.16;2.8;2.5;0;604;217;89;73;95576;3.87;0.03;0.23;0.26
2004;6;25;177;17.5;13.7;10.3;7.7;5.7;3.5;3.3;0.2;0.16;2.8;2.5;0;660;222;105;76;96070;3.58;0.41;0.22;0.26
2004;6;26;178;19.1;14.1;7.7;9.3;6.9;5.1;1.2;-0.4;0.15;2.7;2.5;0;547;238;120;81;96550;3.33;0.01;0.22;0.26
2004;6;27;179;21.9;17.2;11.2;15.6;11.9;8.2;0.3;0.5;0.15;2.7;2.5;0;524;181;91;50;96314;3.06;2.38;0.22;0.26
2004;6;28;180;19.3;16.5;11.5;14.1;9.9;6.8;3;-0.9;0.15;2.7;2.5;0;651;219;107;72;96594;3.53;0.3;0.22;0.26
2004;6;29;181;18.5;14.6;10.2;9.6;7.4;5.1;1.9;-1.4;0.15;2.7;2.5;0;599;221;104;74;96655;3.22;0.24;0.21;0.26
2004;6;30;182;21.9;16.6;9.6;12.9;9;7;0.8;0.5;0.15;2.7;2.5;0;624;236;105;77;96253;3.37;0;0.21;0.26
2004;7;1;183;21.3;17.1;13;13.2;9.2;6.9;2.3;1.1;0.15;2.7;2.5;0;488;185;102;66;95654;3.32;1.73;0.21;0.26
2004;7;2;184;18.2;13.8;11.1;10.2;8.4;6.8;2.7;0.6;0.15;2.7;2.5;0;615;195;99;61;95809;3.37;7.19;0.21;0.26
2004;7;3;185;16.8;13.6;10;11;8.6;6;3.3;0.9;0.15;2.7;2.5;0;614;196;89;65;96020;3.54;5.5;0.21;0.26
2004;7;4;186;20.6;15.7;10.1;9.9;7.4;5.6;1.7;0.5;0.15;2.7;2.5;0;492;179;85;59;96142;3.15;0.93;0.21;0.26
2004;7;5;187;21.6;16.8;11.5;13.8;11.8;10.3;1.6;0.2;0.15;2.7;2.5;0;546;206;85;62;96063;3.31;2.16;0.21;0.26
2004;7;6;188;19.3;15.4;11.1;13.3;11.4;9.8;-0.4;-1.4;0.15;2.7;2.5;0;626;191;105;62;96401;2.93;1.99;0.21;0.26
2004;7;7;189;23.1;17.8;12.5;13;10.7;8.7;-3.3;0.3;0.15;2.7;2.5;0;726;244;114;70;96082;3.77;0.31;0.21;0.26
2004;7;8;190;24.5;19.1;14.4;17.5;15.2;11.3;-0.4;-0.5;0.15;2.6;2.5;0;542;172;77;54;95488;2.87;11.24;0.2;0.26
2004;7;9;191;18.4;15.1;12.1;14.4;9.7;6.9;3.7;1.3;0.15;2.6;2.5;0;555;194;94;62;95640;3.88;6.64;0.22;0.26
2004;7;10;192;15.4;12.8;10.3;9.3;8;6.5;2.8;0.9;0.15;2.6;2.5;0;437;167;82;65;95877;2.74;2.24;0.22;0.26
2004;7;11;193;15.9;12.7;9;11;8.6;7.1;2.5;0.8;0.15;2.6;2.5;0;581;204;91;64;95571;3.15;2.47;0.22;0.26
2004;7;12;194;15.9;12.3;9.6;10.9;9.4;7.8;3.2;0.2;0.15;2.6;2.5;0;546;172;68;48;95392;2.83;5.17;0.21;0.26
2004;7;13;195;15.4;12.4;10.2;9.3;8.2;7.1;3.1;-1.1;0.15;2.6;2.5;0;457;144;64;41;95778;2.5;1.37;0.22;0.26
2004;7;14;196;16.9;13.4;9.4;10.4;7.9;6.6;2.8;-0.1;0.15;2.6;2.5;0;451;152;70;45;96174;2.59;2.98;0.21;0.26
2004;7;15;197;16.3;14.4;12;14.5;13.4;10.7;2.7;0.3;0.15;2.6;2.5;0;163;49;37;10;96021;1.42;6.04;0.22;0.26
2004;7;16;198;22.5;18.3;14.2;15;13.6;12.2;2.1;0;0.15;2.6;2.5;0;506;169;83;43;96067;3.15;0.63;0.22;0.26
2004;7;17;199;26.9;20.6;11.7;15.6;13.5;10.8;-0.9;1.1;0.15;2.6;2.5;0;708;259;114;79;96132;4.12;0.31;0.22;0.25
2004;7;18;200;26.6;20.9;14.7;16.9;15.4;12.9;0.9;0.9;0.15;2.6;2.5;0;688;242;102;68;96148;3.96;3.96;0.21;0.25
2004;7;19;201;23.3;19.6;16.2;17;15.8;14.7;1.2;0;0.15;2.5;2.5;0;656;199;93;54;96272;3.37;2.83;0.21;0.25
2004;7;20;202;27.9;20.8;15.1;18.1;16.2;13.6;-0.5;0.6;0.15;2.5;2.5;0;703;224;106;68;95973;3.55;3.26;0.21;0.25
2004;7;21;203;25.2;20.7;14.2;18.5;15.9;14;0.9;0.7;0.15;2.5;2.5;0;566;210;91;66;96166;3.42;0.65;0.21;0.25
2004;7;22;204;23.6;19.9;16.6;17.8;16.3;15.1;0.5;-0.5;0.15;2.5;2.5;0;557;161;86;51;96364;2.81;3.33;0.21;0.25
2004;7;23;205;27.3;20.3;13;19.5;16;12.8;-0.4;0.4;0.15;2.5;2.5;0;618;218;104;65;96345;3.49;5.07;0.21;0.25
2004;7;24;206;20.7;18.6;16;17.8;16.3;13.8;0.1;-2.2;0.15;2.5;2.5;0;475;128;51;34;96403;2.63;6.39;0.22;0.25
2004;7;25;207;22.2;17.8;12.4;13.2;11.1;9;1;-0.8;0.15;2.5;2.5;0;588;213;109;77;96188;3.45;0;0.22;0.25
2004;7;26;208;16.2;13.8;10.6;11.8;10.9;9.7;1.5;-0.8;0.15;2.5;2.5;0;408;106;73;46;95838;2.24;7.04;0.21;0.25
2004;7;27;209;17.7;13.9;10.3;9.6;8.3;7;0.7;-2;0.15;2.5;2.5;0;453;163;78;55;96252;2.86;0.54;0.22;0.25
2004;7;28;210;18.7;14.8;8.8;10.2;8.7;7.8;-0.9;-1.6;0.15;2.5;2.5;0;535;170;98;67;96447;2.61;0.09;0.21;0.25
2004;7;29;211;22.4;16.9;9.5;11.1;9.2;8.1;-2;-0.6;0.15;2.5;2.5;0;601;224;108;81;96298;3.41;0;0.21;0.25
2004;7;30;212;24.8;19.5;11.2;15.6;12;8.8;-1;-0.1;0.15;2.4;2.5;0;690;206;114;70;96339;3.12;0;0.21;0.25
2004;7;31;213;26.4;21;14.8;14.9;13.3;11;0.3;-0.5;0.15;2.4;2.5;0;561;199;109;66;96350;3.18;0;0.21;0.25
2004;8;1;214;24.5;20.4;15.5;14.8;12.9;11.4;0.3;-1.6;0.15;2.4;2.5;0;613;211;103;73;96126;3.25;0.01;0.2;0.25
2004;8;2;215;24;19.2;13.6;13.4;11.2;9.4;-0.5;-1.8;0.15;2.4;2.5;0;653;224;115;84;95984;3.32;0;0.2;0.25
2004;8;3;216;23.8;19.1;12;13.4;11.3;10.1;-0.5;-1.2;0.15;2.4;2.5;0;573;195;106;77;95657;2.89;0.03;0.2;0.25
2004;8;4;217;27.2;21;13.3;14;11.2;8.9;-1.7;-0.3;0.15;2.4;2.5;0;666;225;122;85;95636;3.4;0;0.19;0.25
2004;8;5;218;26.3;21.8;15.9;14.3;12.2;10.6;-2.6;-0.5;0.15;2.4;2.5;0;624;199;109;76;95691;3.08;0;0.19;0.25
2004;8;6;219;26.9;22.1;17;14.1;12.4;10.1;-2;-0.3;0.15;2.4;2.5;0;599;203;109;80;95823;3.09;0.02;0.19;0.25
2004;8;7;220;26.6;21.8;16.8;13.6;10.8;8.3;-2.6;-0.1;0.15;2.4;2.5;0;691;233;132;91;95920;3.36;0;0.18;0.25
2004;8;8;221;25.6;21.2;16;14.5;12.2;10.4;-2.8;0.2;0.15;2.4;2.5;0;609;217;110;86;95747;2.92;0.08;0.18;0.25
2004;8;9;222;26.5;21.6;16.6;13.6;10.2;8.3;-2.8;-0.3;0.15;2.3;2.5;0;624;228;126;92;95848;3.1;0;0.18;0.25
2004;8;10;223;28;22.4;16.3;12.9;10.4;8.6;-3.3;0.3;0.15;2.3;2.5;0;693;236;130;93;95863;3.06;0;0.18;0.25
2004;8;11;224;26.7;22.2;17.9;15;12;10.2;-1.1;-0.4;0.15;2.3;2.5;0;476;167;91;75;95704;2.42;0.47;0.17;0.25
2004;8;12;225;29.5;22.4;15.1;17.2;13.6;12;0.4;0.1;0.15;2.3;2.5;0;671;210;124;71;95409;3.14;11.31;0.17;0.25
2004;8;13;226;19.2;16;13.9;13.5;12.1;10.3;4.2;1.3;0.15;2.3;2.5;0;445;146;75;52;95348;2.96;6.36;0.18;0.25
2004;8;14;227;16;14.4;13;14;12.6;11.8;3.2;0.5;0.15;2.3;2.5;0;221;61;48;23;95781;1.9;4.63;0.19;0.25
2004;8;15;228;21.9;17.3;12.1;14;12.3;11;1.5;-0.3;0.14;2.3;2.5;0;508;162;91;60;96358;2.34;0.31;0.19;0.25
2004;8;16;229;25.5;19.3;11.7;14.8;11.8;9.8;0.1;2;0.14;2.3;2.5;0;549;190;94;68;95726;2.85;0.27;0.19;0.25
2004;8;17;230;24.2;18.4;15;16.5;15.5;14.3;0.9;0.6;0.14;2.3;2.5;0;600;142;84;52;95517;2.12;6.26;0.18;0.25
2004;8;18;231;26.1;20.7;14.7;16.6;13.9;11;0.2;1.2;0.14;2.3;2.5;0;657;198;113;67;95524;3.16;0.36;0.19;0.25
2004;8;19;232;23.5;20.3;17.1;15.9;13.6;11.4;1.5;1.8;0.14;2.3;2.5;0;515;153;80;54;95684;2.51;1.05;0.18;0.25
2004;8;20;233;20.4;16.6;13.7;15.3;13.6;11.9;1.5;1.4;0.14;2.3;2.5;0;389;103;87;47;95586;2.05;9.44;0.19;0.25
2004;8;21;234;17.1;14.1;11.9;12.2;11.2;10.3;2.4;0.9;0.14;2.3;2.5;0;433;122;69;48;95723;2.48;6.87;0.19;0.25
2004;8;22;235;17.3;14;10.8;10;8.1;5.1;1.4;-1;0.14;2.2;2.5;0;519;149;92;49;96546;2.53;0.91;0.2;0.24
2004;8;23;236;22.1;16.4;10.9;11.7;9.8;7.3;-1.4;1.4;0.14;2.2;2.5;0;606;180;117;72;96399;2.5;0.21;0.19;0.24
2004;8;24;237;19.6;16.2;13.8;16.2;13.4;10.7;1.3;1.7;0.14;2.2;2.5;0;217;65;72;45;95868;1.41;10.22;0.2;0.24
2004;8;25;238;18.9;15.3;12.6;11.5;9.5;7.5;3;1.8;0.14;2.2;2.5;0;481;146;86;61;95634;2.45;0.89;0.2;0.24
2004;8;26;239;16.1;13.7;11.8;13.2;11.5;10.4;3.2;-0.1;0.14;2.2;2.5;0;343;114;75;37;95632;2.28;5.28;0.2;0.24
2004;8;27;240;17.9;14.6;10.6;10.7;9.3;7.2;3;0.8;0.14;2.2;2.5;0;461;126;80;50;95926;2;0.2;0.2;0.24
2004;8;28;241;17.8;15.4;13.5;13.9;12.3;10.2;1.8;0.7;0.14;2.2;2.5;0;255;72;58;36;95856;1.32;1.36;0.2;0.24
2004;8;29;242;19.9;15.8;11.4;15.7;13.6;11.2;0.8;1.2;0.14;2.2;2.5;0;485;140;90;53;95968;1.99;2.77;0.2;0.24
2004;8;30;243;17;14.5;11.8;14.4;11.6;8.9;2.2;1.7;0.14;2.2;2.5;0;327;86;81;50;95773;1.83;5.13;0.21;0.24
2004;8;31;244;16.2;13;10.4;9.3;7.7;5.9;3.1;0.5;0.14;2.2;2.5;0;500;134;91;61;96022;2;0.35;0.2;0.24
2004;9;1;245;17.6;13.3;9.3;9.9;7.6;6;0.4;-0.5;0.14;2.2;2.5;0;493;160;101;74;96275;1.96;0.19;0.2;0.24
2004;9;2;246;21.7;15.3;8.4;11.2;8.6;6.1;-1.7;0;0.14;2.2;2.5;0;621;201;126;89;96380;2.54;0;0.2;0.24
2004;9;3;247;24.6;17.5;9.2;14.3;11.7;7.6;0;0;0.14;2.2;2.5;0;598;186;110;74;96721;2.45;0.03;0.2;0.24
2004;9;4;248;24.5;18.6;12.2;13.3;11.9;10.6;-0.5;-1.9;0.14;2.2;2.5;0;601;193;120;83;97112;2.68;0;0.2;0.24
2004;9;5;249;23.6;18;11.5;12.3;10.5;9.1;-2.1;-0.7;0.14;2.2;2.5;0;607;194;124;89;97143;2.63;0;0.19;0.24
2004;9;6;250;24;18.2;13;12.7;10.8;9.5;-2.6;-0.5;0.14;2.2;2.5;0;608;193;123;92;96915;2.57;0;0.19;0.24
2004;9;7;251;24.1;18.4;12.9;12.2;10.5;9.5;-2.1;-1.5;0.14;2.2;2.5;0;600;191;126;92;97071;2.5;0;0.19;0.24
2004;9;8;252;19.9;15.7;12;12.3;8.7;6.2;-1;-2.3;0.14;2.2;2.5;0;594;181;128;92;97276;2.21;0;0.19;0.24
2004;9;9;253;18.6;13.6;8.5;6.2;3.2;0.7;-2.4;-0.5;0.14;2.2;2.5;0;611;193;137;104;97317;2.31;0;0.18;0.24
2004;9;10;254;22;15;8.3;5.5;3.8;1.7;-1.9;1.7;0.14;2.2;2.5;0;611;198;141;105;96749;2.39;0;0.18;0.24
2004;9;11;255;23.6;17.5;12;14.4;10.9;5;1.1;1.6;0.14;2.2;2.5;0;517;136;84;60;96277;1.84;0.49;0.18;0.24
2004;9;12;256;18.1;14.6;11.3;14.7;10.3;6.3;2.4;0.8;0.14;2.1;2.5;0;426;90;97;49;96060;1.7;7.47;0.19;0.24
2004;9;13;257;19.7;14.4;8.8;9.7;7.8;6.2;1.1;2.3;0.14;2.1;2.5;0;411;124;92;66;95941;1.69;0.08;0.19;0.24
2004;9;14;258;22.2;17.2;13;13.6;12.2;10;1.2;2.1;0.14;2.1;2.5;0;495;124;88;59;95682;1.66;0.34;0.18;0.24
2004;9;15;259;16.9;14.1;10.6;12.4;9;7.1;3;0.2;0.14;2.1;2.5;0;414;124;89;64;96043;1.69;0.52;0.18;0.24
2004;9;16;260;15.7;11.5;6.9;7.7;4.9;2;0.2;-1.3;0.14;2.1;2.5;0;542;151;114;78;96830;1.63;0;0.18;0.24
2004;9;17;261;17.6;12;7.1;6.1;4.5;3.4;-2;0.5;0.14;2.1;2.5;0;572;173;134;95;96900;1.79;0;0.18;0.24
2004;9;18;262;20.5;13;4.7;7.6;5.9;3;-0.8;1.3;0.14;2.1;2.5;0;559;171;133;93;96325;1.8;0;0.18;0.24
2004;9;19;263;19.8;14.1;8.3;12.6;10.5;7.5;1.4;0.4;0.14;2.1;2.5;0;513;130;104;58;96070;1.3;0.74;0.18;0.24
2004;9;20;264;16.6;13.9;11.6;12.2;9.6;6.5;2.3;1.5;0.14;2.1;2.5;0;295;71;63;35;96003;1.07;0.15;0.18;0.24
2004;9;21;265;14.4;12.3;9.4;9.1;5.7;2.6;5.3;1;0.13;2;2.5;0;408;109;88;55;95766;1.8;1.77;0.18;0.24
2004;9;22;266;11.1;9.1;7.5;8.9;6.1;4.9;5.1;0.8;0.13;2;2.5;0;375;95;73;38;95733;2.6;18.55;0.18;0.24
2004;9;23;267;12.5;10.2;7.9;12.2;9.4;6.8;3.5;-0.3;0.13;2;2.5;0;165;23;33;12;94809;1.19;33.28;0.21;0.24
2004;9;24;268;11.7;8.8;7.1;9.1;6.6;5.1;3.3;-0.1;0.13;2;2.5;0;377;89;74;38;95321;1.76;3.01;0.22;0.24
2004;9;25;269;12.6;9.3;7.4;9.5;7.1;5.4;2.4;-0.9;0.13;2;2.5;0;332;78;64;29;95926;1.62;4.42;0.23;0.24
2004;9;26;270;8.1;7.6;6.6;8;6.4;5.2;2.2;0.7;0.13;2;2.5;0;106;25;47;20;96372;0.87;3.35;0.23;0.24
2004;9;27;271;11.8;9.8;7.4;10.8;9;7.3;2.5;1.1;0.13;1.9;2.5;0;101;29;32;8;96414;0.62;1.48;0.23;0.24
2004;9;28;272;15.2;12.5;10.8;10.8;9.8;8.3;2.3;0.3;0.13;1.9;2.5;0;346;77;61;27;96263;1.21;0.36;0.23;0.24
2004;9;29;273;14.8;11.5;8.6;12.3;10.2;7.9;2.5;0.9;0.13;1.9;2.5;0;309;70;71;39;95918;1.26;4.95;0.23;0.24
2004;9;30;274;12.7;9.5;7.1;7.8;6.1;4.7;1.5;-0.7;0.13;1.9;2.5;0;366;89;66;51;96377;1.25;0.56;0.23;0.24
2004;10;1;275;13.6;9.7;4.4;10.2;7.5;3.5;-1.2;0.7;0.13;1.9;2.5;0;291;87;63;42;96458;1.39;4.52;0.23;0.24
2004;10;2;276;15.7;12.1;8.9;11.5;9.2;7.8;1.4;0.9;0.13;1.9;2.5;0;395;99;84;41;96441;1.36;0.75;0.24;0.24
2004;10;3;277;15.4;11.1;7;9.8;7.1;5.8;0.9;0.5;0.13;1.8;2.5;0;419;108;89;63;96707;1.25;0.2;0.23;0.24
2004;10;4;278;19.1;13.1;7.4;11.4;9;5.8;-0.9;2.2;0.13;1.8;2.5;0;454;122;100;68;96305;1.36;0;0.23;0.24
2004;10;5;279;22.8;16.2;10.7;14.1;12;9.5;-0.3;2.4;0.13;1.8;2.5;0;465;130;107;78;96080;1.52;0;0.23;0.24
2004;10;6;280;19.1;15.1;11.7;14.1;12.5;10.1;1.3;1;0.13;1.8;2.5;0;377;91;74;51;96094;1.13;2.98;0.23;0.24
2004;10;7;281;14.7;11.4;8;11.9;7.9;5.5;1.1;-0.1;0.13;1.8;2.5;0;386;93;113;49;96296;1.31;0.13;0.23;0.24
2004;10;8;282;13.6;10.2;8.1;11.4;8.6;6;-0.3;-0.9;0.13;1.8;2.5;0;226;41;31;19;95979;0.87;10.38;0.24;0.24
2004;10;9;283;12.3;9.1;6.6;7.7;4.9;3;-1.9;-1.3;0.13;1.7;2.5;0;347;93;90;50;96015;1.33;2.36;0.24;0.24
2004;10;10;284;9.9;7.3;4.9;4;2;-0.2;-3.2;-1.5;0.13;1.7;2.5;0;337;95;113;64;95942;1.07;0.06;0.24;0.24
2004;10;11;285;7.6;5;2.1;2.2;-0.3;-3.2;-4.3;-0.4;0.13;1.7;2.5;0;268;74;110;68;96510;0.85;0;0.24;0.24
2004;10;12;286;8.2;3.7;-0.2;0.3;-1.8;-4.7;-4.1;0.5;0.13;1.7;2.5;0;459;121;115;94;96574;1.02;0;0.24;0.24
2004;10;13;287;11.5;5.9;1.5;4.6;2;-1.1;-2;0.6;0.13;1.7;2.5;0;438;118;109;82;96169;0.92;0;0.24;0.24
2004;10;14;288;12.3;6.7;2;5.8;3.5;0.6;-1.9;0.9;0.13;1.7;2.5;0;416;106;99;71;95395;0.83;0;0.24;0.24
2004;10;15;289;10.7;6.6;3.6;6.7;4.9;2.9;-1;1.3;0.13;1.7;2.5;0;309;61;96;44;94734;0.73;7.53;0.24;0.24
2004;10;16;290;8.2;5.8;2.7;5.6;3.3;1.9;1.2;1.1;0.13;1.6;2.5;0;249;55;68;43;94630;0.85;3.2;0.24;0.24
2004;10;17;291;8.5;5;1.5;5.3;3.4;0.9;2.3;2.2;0.13;1.6;2.5;0;257;60;67;39;94784;1.07;4.4;0.24;0.24
2004;10;18;292;8.6;6.5;4.5;7.2;5.2;3.7;3.4;1.8;0.13;1.6;2.5;0;200;43;73;31;95268;1.19;6.47;0.25;0.24
2004;10;19;293;11.2;6.3;-0.1;5.6;4;-0.2;-0.8;0.9;0.12;1.6;2.5;0;302;71;75;54;95636;0.6;0;0.25;0.24
2004;10;20;294;14;9.5;4.4;9.2;6.3;3.3;-1.9;1.4;0.12;1.6;2.5;0;281;52;60;30;95420;0.65;2.17;0.25;0.24
2004;10;21;295;16.8;11.9;6.3;13.1;8.5;4.3;1.9;1.3;0.12;1.6;2.5;0;287;79;103;64;95731;1;0.23;0.25;0.24
2004;10;22;296;15.9;9.6;3.4;9.1;6.5;1.9;0.3;1.9;0.12;1.6;2.5;0;391;100;112;78;96327;0.7;0;0.25;0.24
2004;10;23;297;17.8;12.5;8.8;11.7;9.3;8.1;1.3;2.3;0.12;1.6;2.5;0;363;81;102;62;96051;0.82;0.01;0.25;0.24
2004;10;24;298;19.3;13.4;9.4;12;10;7.8;0.5;2.3;0.12;1.6;2.5;0;370;94;110;80;95809;0.86;0;0.25;0.24
2004;10;25;299;17.8;12.6;8.5;12.3;9.5;6;1.3;1.6;0.12;1.6;2.5;0;360;81;91;59;95685;0.75;0.07;0.25;0.24
2004;10;26;300;10.3;9.4;7.7;8.9;7.8;6.4;0.2;-1.8;0.12;1.6;2.5;0;83;17;27;14;95567;0.86;9.74;0.25;0.24
2004;10;27;301;10.1;8.4;6.9;8.6;6.7;5.8;-2.2;-0.9;0.12;1.6;2.5;0;166;38;36;17;95195;0.74;3.37;0.26;0.24
2004;10;28;302;12.8;9.9;7.4;9.3;8.7;7;-1.1;0.6;0.12;1.6;2.5;0;213;37;81;33;94809;0.24;0.06;0.26;0.24
2004;10;29;303;15.9;10.7;7.3;10.9;8.9;6.8;-1.1;0.1;0.12;1.6;2.5;0;327;72;81;42;94607;0.7;4.93;0.26;0.24
2004;10;30;304;12;8.9;6.8;9.3;7.6;5.9;1;-0.2;0.12;1.6;2.5;0;213;45;68;35;95078;0.6;3.82;0.26;0.24
2004;10;31;305;10.8;8.2;4.3;7.5;6.3;4.2;-1.7;-1.1;0.12;1.6;2.5;0;150;36;50;28;96023;0.33;0;0.26;0.24
2004;11;1;306;10.5;9;7.5;7.7;6.8;6.2;-3.6;-1.2;0.12;1.6;2.5;0;173;38;44;22;96111;0.39;0.05;0.26;0.24
2004;11;2;307;12.1;10.4;8.9;10.4;9.3;7.8;-3.2;-0.4;0.12;1.6;2.5;0;164;31;28;12;96162;0.35;0.34;0.26;0.24
2004;11;3;308;15.3;11.6;7.7;11.3;10;7.7;-1;0.3;0.12;1.6;2.5;0;293;59;81;45;96287;0.45;0.06;0.26;0.24
2004;11;4;309;11.1;9.4;7.4;9.7;8.7;7.3;0.4;0.4;0.12;1.6;2.5;0;126;32;33;15;96373;0.24;0.12;0.26;0.24
2004;11;5;310;10.4;8.8;5.8;10.3;6.4;2;2.1;-0.3;0.12;1.6;2.5;0;194;40;69;27;96629;0.71;3.12;0.26;0.24
2004;11;6;311;5.7;4.2;1.3;4.4;2.8;1.1;3;0;0.12;1.6;2.5;0;113;24;75;33;96355;0.59;5.28;0.26;0.24
2004;11;7;312;4.6;2.6;0.8;3.4;1.9;0.5;1.4;-1.7;0.12;1.6;2.5;0.08;234;47;71;32;96071;0.81;3.31;0.26;0.24
2004;11;8;313;3.6;1.5;-0.1;1;-0.4;-1.5;-1;-1.4;0.12;1.5;2.5;0.26;232;53;78;47;95990;0.8;1.3;0.27;0.24
2004;11;9;314;0.9;0.1;-0.6;-0.5;-1;-1.6;1.3;-1.6;0.21;1.5;2.5;6.72;37;9;32;15;95105;0.25;15.61;0.26;0.24
2004;11;10;315;1.8;0.1;-0.9;-0.3;-1.5;-2.5;-0.5;1.1;0.37;1.5;2.5;15.78;174;39;69;31;95306;0.35;1.83;0.26;0.24
2004;11;11;316;5.3;2.8;0.8;3.2;1.5;-0.5;-1.5;-0.5;0.33;1.5;2.5;14.22;112;23;30;13;95959;0.05;1.24;0.27;0.24
2004;11;12;317;5.1;2.9;0.8;3.2;1.9;-0.7;0.9;0.1;0.27;1.5;2.5;10.38;109;26;27;13;96244;0.17;0.19;0.27;0.24
2004;11;13;318;4.2;1.5;0.1;2;0.1;-1.4;2.5;-1.1;0.25;1.5;2.5;9.71;214;37;88;35;96219;0.47;5.42;0.27;0.24
2004;11;14;319;1;-0.3;-2.8;-1.2;-2.8;-3.9;0;-2.3;0.25;1.5;2.5;9.47;181;42;69;40;97032;0.54;0.04;0.27;0.24
2004;11;15;320;0.7;-0.9;-2.8;-1.5;-2.1;-3.6;1.2;-0.6;0.24;1.5;2.5;9.12;145;32;39;21;96835;0.21;0.14;0.27;0.24
2004;11;16;321;2.5;0.7;-1.1;2.3;0.3;-1.9;2.7;0.8;0.25;1.5;2.5;9.32;24;5;7;3;96715;0.02;2.77;0.27;0.24
2004;11;17;322;5.8;4.2;2.6;5.5;4;2.5;3.8;1.7;0.2;1.5;2.5;6.39;30;6;2;0;96426;-0.02;3.16;0.28;0.24
2004;11;18;323;6.1;5.7;5.1;5.7;5.3;4.4;5.2;2.2;0.14;1.5;2.5;2.37;30;6;5;2;95468;0.4;12.17;0.29;0.24
2004;11;19;324;4.9;1.4;-1.4;3.8;-0.8;-4.2;4.9;-0.3;0.15;1.5;2.5;3.09;145;33;74;37;94836;1.15;12.14;0.3;0.24
2004;11;20;325;0.2;-1;-1.6;-3.3;-4.2;-5;5;-0.3;0.21;1.6;2.5;6.88;166;36;72;47;95941;0.49;2.52;0.3;0.25
2004;11;21;326;0.3;-1.6;-5.6;-2.8;-3.8;-7.7;3.2;0;0.24;1.6;2.5;9.12;168;36;81;44;96634;0.36;1.69;0.29;0.25
2004;11;22;327;6.5;3.6;-4.5;6.2;2.9;-6.9;3.7;1.9;0.26;1.6;2.5;9.4;42;8;6;-1;96015;-0.26;8.88;0.29;0.25
2004;11;23;328;6.8;4.6;1;6.3;3.1;-1.4;3.9;-1.2;0.16;1.6;2.5;3.33;56;12;87;26;96291;0.55;8.33;0.31;0.25
2004;11;24;329;1;-0.8;-3;-1.7;-4.1;-5.4;0.1;-1;0.14;1.6;2.5;2.44;184;41;84;57;97402;0.3;0;0.31;0.25
2004;11;25;330;3;-1.5;-3.8;-4.6;-6;-7;-0.8;1;0.14;1.6;2.5;2.34;251;54;101;70;97088;0.1;0;0.3;0.25
2004;11;26;331;2.2;-0.1;-3.2;1.6;-1.4;-6.8;2;1;0.14;1.6;2.5;2.25;103;22;57;22;96627;0;1.37;0.3;0.26
2004;11;27;332;4.6;3.1;1.1;4.4;2.9;1;2.4;0.6;0.13;1.6;2.5;1.78;31;7;20;4;96522;-0.15;1.62;0.3;0.26
2004;11;28;333;5.5;3.7;2.7;4.3;3.2;2.1;0.2;1.6;0.13;1.6;2.5;1.14;108;22;41;17;95982;0.18;1.03;0.3;0.26
2004;11;29;334;5.2;3.3;2.2;2.4;1.7;0.9;-0.5;-0.4;0.12;1.6;2.5;0.82;124;22;40;21;95826;0.32;0.3;0.29;0.26
2004;11;30;335;3.5;1.9;0.6;1;0;-0.9;-3.9;-0.5;0.12;1.6;2.5;0.68;203;41;73;50;95603;0.28;0.03;0.29;0.26
2004;12;1;336;3.8;1.9;0.7;1.5;0.9;0.4;-0.4;1.4;0.12;1.6;2.5;0.58;160;33;84;31;95278;0.21;1.38;0.29;0.26
2004;12;2;337;3.3;1.5;0;2.1;1;-0.5;0.2;0.8;0.12;1.6;2.5;0.92;119;23;31;18;95479;0.21;0.5;0.29;0.26
2004;12;3;338;4.2;1.9;-0.3;3;1.4;-0.4;0.1;0;0.12;1.7;2.5;0.94;85;16;28;14;96188;0.17;1.33;0.29;0.26
2004;12;4;339;2.6;0.7;-0.8;1.3;0.2;-1;-0.7;-0.4;0.12;1.7;2.5;0.85;96;20;36;21;97112;0.18;0.05;0.28;0.26
2004;12;5;340;0.5;-0.5;-1.4;-0.6;-1.6;-2.2;0.9;-0.2;0.12;1.7;2.5;0.88;146;26;46;23;97069;0.18;0.2;0.28;0.27
2004;12;6;341;1.8;0.6;-0.3;0.5;-0.3;-1.6;1.6;0.1;0.12;1.7;2.5;1.17;89;19;28;15;97141;0.11;0.52;0.28;0.27
2004;12;7;342;3.3;0.1;-2.2;-0.2;-1.3;-3.1;-0.1;-0.7;0.12;1.7;2.5;1.16;227;41;95;51;97158;0.17;0.04;0.28;0.27
2004;12;8;343;4.1;0.3;-2.6;1.5;-1.1;-3.5;-1.4;-0.9;0.12;1.7;2.5;1.05;149;32;73;48;97245;0.03;0.01;0.28;0.27
2004;12;9;344;4.3;0.4;-1.5;-3.2;-4.7;-6.2;-2.7;-0.6;0.12;1.7;2.5;0.96;234;47;105;76;97031;0.38;0;0.27;0.27
2004;12;10;345;3.7;-0.5;-3.1;-3;-5.1;-7.3;-1.8;-0.2;0.12;1.7;2.5;0.9;230;46;98;75;96835;0.14;0;0.27;0.27
2004;12;11;346;3.4;-1.6;-4;-1.3;-3.9;-5.4;-0.8;-0.6;0.12;1.7;2.5;0.83;220;46;100;68;96944;0.03;0;0.27;0.27
2004;12;12;347;0.4;-3.3;-4.8;-3.4;-4.8;-5.9;-1.1;-0.4;0.12;1.7;2.5;0.78;212;40;93;60;97145;0.06;0.01;0.27;0.27
2004;12;13;348;0.6;-3.4;-5.8;-3.5;-5.2;-6.9;-0.6;0.7;0.12;1.7;2.5;0.77;223;43;98;63;97197;0.04;0;0.27;0.27
2004;12;14;349;-1.1;-3.8;-6.2;-4;-5.1;-7.1;0.2;1;0.12;1.7;2.5;0.8;152;31;85;49;97154;0.04;0.03;0.27;0.27
2004;12;15;350;1.6;-3.3;-5.8;-3.7;-5.3;-6.6;-0.3;1.4;0.12;1.7;2.5;0.8;213;43;96;64;96818;0.03;0;0.27;0.27
2004;12;16;351;1.7;-3;-6.3;-4.7;-6.1;-7.6;-0.6;2.2;0.12;1.7;2.5;0.79;220;43;94;61;95918;0.07;0.03;0.26;0.27
2004;12;17;352;2.7;1.4;-1.4;2.4;0.4;-6.1;1.3;3.1;0.13;1.7;2.5;1.47;60;12;31;9;94431;0.18;9.43;0.27;0.27
2004;12;18;353;1.3;0.2;-1;0.4;-1.9;-5;4.1;0.3;0.24;1.7;2.5;9.3;177;33;90;38;94584;0.55;8.86;0.27;0.27
2004;12;19;354;0.6;-1.4;-4;-0.6;-3;-6;1.1;-1.1;0.34;1.7;2.5;14.69;76;14;90;38;94856;0.06;1.91;0.27;0.27
2004;12;20;355;-2.7;-5.4;-10.5;-5.9;-7.8;-12.9;-0.6;-0.5;0.34;1.6;2.5;14.67;159;32;110;57;96266;0.1;0;0.27;0.27
2004;12;21;356;-2;-7.3;-11.7;-6.2;-9.6;-14.1;-1.1;0.4;0.33;1.6;2.5;14.25;176;35;105;56;96548;0.14;0;0.27;0.27
2004;12;22;357;-2.4;-5.2;-8.9;-5.1;-7.8;-10.2;2.1;1.8;0.32;1.6;2.5;14.23;115;22;46;21;96325;0.33;1.14;0.26;0.27
2004;12;23;358;4.1;1.5;-2;3.9;0.7;-4.4;4.5;1.7;0.33;1.6;2.5;14.93;17;4;9;2;95364;-0.2;4.07;0.26;0.27
2004;12;24;359;5.1;4.4;3.9;4.7;4.1;3.5;4.2;2.3;0.23;1.6;2.5;8.45;20;4;3;1;95035;-0.46;5.82;0.28;0.27
2004;12;25;360;5.9;3.7;1.6;4.4;2.6;0.1;1.3;1.7;0.16;1.6;2.5;4.1;95;18;32;15;94299;0.11;1.39;0.28;0.27
2004;12;26;361;2.8;1.4;0;1.4;0.5;-1.5;-1.2;-2.7;0.15;1.5;2.5;3.6;81;16;22;9;94370;0.41;5.32;0.28;0.27
2004;12;27;362;0.6;-0.3;-1.3;-1.2;-1.9;-2.5;0.9;-2.5;0.23;1.5;2.5;8.48;49;10;35;14;95330;0.33;3.4;0.28;0.27
2004;12;28;363;0.5;-0.8;-2.2;-1.7;-2.4;-3.4;1.4;1.7;0.25;1.5;2.5;9.71;108;20;51;22;95226;0.19;1.45;0.28;0.27
2004;12;29;364;0.6;-0.6;-2.2;-1.4;-2;-3.1;2.8;-0.4;0.28;1.5;2.5;11.24;85;18;56;26;96365;0.14;0.97;0.28;0.27
2004;12;30;365;-0.5;-1.5;-2.5;-2;-3.1;-3.7;1.7;1.3;0.28;1.5;2.5;11.59;110;21;38;20;97348;0.22;0.23;0.28;0.27
2004;12;31;366;2.2;1;-1.1;2.1;0.2;-3.7;2.1;1.4;0.29;1.4;2.5;11.9;30;6;8;1;96811;-0.08;3.85;0.28;0.27
2005;1;1;1;4.1;3;2.3;3.8;2.8;2.1;2.1;1.2;0.24;1.4;2.5;8.98;61;9;16;4;96561;-0.16;1.45;0.28;0.27
2005;1;2;2;6.1;3;0;5.5;0.6;-3.5;4.6;0.4;0.18;1.4;2.5;5.18;117;23;69;34;96165;0.58;2.78;0.29;0.27
2005;1;3;3;2;1.1;0;1.7;-0.8;-2.9;5.5;0.6;0.18;1.4;2.5;5.44;78;14;40;15;96960;0.28;4.11;0.29;0.27
2005;1;4;4;2.9;2.1;0.6;2.4;1;-1.8;4.8;0.9;0.17;1.4;2.5;4.51;65;11;79;23;96898;0.33;2.5;0.29;0.27
2005;1;5;5;4.5;1.4;-0.1;4;-0.1;-3.6;2.9;1.1;0.17;1.4;2.5;4.62;40;7;75;18;96849;0.13;5.15;0.29;0.27
2005;1;6;6;5.2;4.1;2.6;4.5;3.1;1.4;4;0.3;0.15;1.3;2.5;3.12;184;33;81;32;96957;0.34;4.33;0.3;0.27
2005;1;7;7;6.5;4.6;2.9;4.2;3.4;2.3;3.4;1.7;0.13;1.3;2.5;1.67;114;22;56;23;97221;0.24;0.45;0.3;0.27
2005;1;8;8;11.1;6.1;1.6;4;1;-1.8;3.7;2.3;0.12;1.3;2.5;0.83;243;49;108;62;96445;0.74;0.24;0.3;0.28
2005;1;9;9;6.7;4.3;2.4;1.8;1.1;0.4;3.1;1.1;0.11;1.3;2.5;0.38;196;40;91;60;96937;0.23;0;0.29;0.28
2005;1;10;10;8.5;4.6;2.2;4.3;2.8;0.7;1;2.2;0.11;1.3;2.5;0.26;179;32;88;53;96909;0.12;0;0.29;0.28
2005;1;11;11;5.9;3.5;1;3.7;2;-0.6;1.6;1.6;0.11;1.2;2.5;0.18;78;14;73;33;96983;0.08;0.08;0.29;0.28
2005;1;12;12;6.1;5;3;5.5;4.2;2.2;1.5;1.8;0.11;1.2;2.5;0.09;42;8;35;4;96675;0.34;5.01;0.29;0.28
2005;1;13;13;4.9;2;-0.2;3.9;0.8;-1.9;3.4;0.3;0.11;1.2;2.5;0.24;164;35;80;44;96744;0.67;2.04;0.29;0.28
2005;1;14;14;2.3;0.1;-1.3;-0.7;-1.9;-3.3;2.4;-0.6;0.12;1.2;2.5;1.23;198;38;74;48;97112;0.28;0.83;0.29;0.28
2005;1;15;15;1.2;-0.5;-2.5;-1;-2.8;-4.6;-0.4;0.1;0.13;1.2;2.5;1.4;133;27;74;34;97233;0.13;0.01;0.29;0.28
2005;1;16;16;2.5;-2;-4.9;-4.2;-5.1;-5.9;-0.8;1.3;0.12;1.2;2.5;1.32;266;56;116;83;97021;0.09;0;0.28;0.28
2005;1;17;17;3.3;-1.4;-4.4;-2.4;-4.2;-6.5;0.2;1.9;0.12;1.2;2.5;1.26;236;51;88;59;96512;0.08;0;0.28;0.28
2005;1;18;18;2.2;0.3;-1.4;0.6;-2.1;-4.8;0.9;2.9;0.15;1.2;2.5;3.58;79;16;62;24;94699;0.56;11.88;0.28;0.28
2005;1;19;19;2.1;-0.2;-1.9;-1.5;-2;-3.3;3.7;1;0.27;1.2;2.5;10.52;139;25;77;37;95210;0.37;1.43;0.28;0.28
2005;1;20;20;6.2;3.2;-0.7;5.8;2.4;-2.3;5.9;2;0.27;1.1;2.5;10.63;26;6;14;4;94658;-0.19;22.65;0.29;0.28
2005;1;21;21;6;1.9;-0.4;5.7;-0.3;-2.3;5.8;-1.5;0.2;1.1;2.5;6.22;214;43;76;40;94472;1.07;14.99;0.31;0.28
2005;1;22;22;1.8;-0.1;-1.4;-1.4;-2.4;-3.1;4.4;-0.9;0.24;1.1;2.5;9.03;207;43;81;51;95342;0.48;3.1;0.31;0.28
2005;1;23;23;-0.4;-1.8;-3.6;-1.7;-4.3;-7.5;2.8;-0.5;0.26;1.1;2.5;10.5;218;43;100;50;95699;0.42;3.04;0.31;0.28
2005;1;24;24;-2.2;-3.6;-5.3;-3.6;-5.8;-7;1.5;-2.3;0.33;1.1;2.5;14.71;122;31;80;43;95354;0.26;3.59;0.3;0.29
2005;1;25;25;-2.9;-5.5;-7.3;-7;-8.1;-9.4;-0.3;-2.6;0.36;1.1;2.5;16.49;171;37;94;44;95836;0.27;0.85;0.3;0.29
2005;1;26;26;-5;-6.6;-8.8;-8.4;-9.3;-11.1;-1.5;-3.8;0.36;1.1;2.4;16.84;172;36;72;39;96076;0.36;0.35;0.29;0.29
2005;1;27;27;-5.3;-7.7;-10;-9.4;-10.6;-12.1;0.1;-1.9;0.36;1.1;2.4;16.89;99;21;45;28;95813;0.25;0.49;0.29;0.29
2005;1;28;28;-4.1;-7.3;-10.5;-8.4;-9.8;-11.6;0.6;0.3;0.37;1.1;2.4;17.88;125;30;53;26;95523;0.19;1.71;0.29;0.29
2005;1;29;29;-5;-7.8;-10.7;-10;-10.9;-12.4;-0.4;-1.2;0.37;1.1;2.4;18.57;140;30;51;27;96302;0.23;0.12;0.29;0.29
2005;1;30;30;-4;-7.2;-11.2;-8;-9.7;-12.3;1.8;0.5;0.37;1.1;2.4;18.55;107;23;40;15;96903;0.3;0.73;0.28;0.29
2005;1;31;31;0.3;-1.9;-5.6;-0.3;-3.1;-8;3.9;0.3;0.37;1.1;2.4;22.36;80;16;23;9;96237;0.13;12;0.28;0.29
2005;2;1;32;0.9;-1.3;-5.1;-0.6;-4;-6.6;2.5;-2.3;0.38;1.1;2.4;31.46;207;44;82;59;96083;0.31;1.23;0.28;0.29
2005;2;2;33;1.4;-0.5;-5.3;0.4;-1.3;-6.5;3.2;-0.9;0.37;1.1;2.4;33.52;56;13;61;10;96472;-0.01;5.16;0.28;0.29
2005;2;3;34;2.3;0.5;-2.8;0.5;-0.6;-3.6;1.5;-1.8;0.37;1.1;2.4;34.52;126;24;54;23;96872;0.04;2.49;0.28;0.29
2005;2;4;35;-0.2;-3.9;-8.2;-3.8;-6;-10.2;-1.4;0.1;0.36;1.1;2.4;33.63;225;49;105;54;97396;0.23;0;0.28;0.29
2005;2;5;36;0.1;-6;-11.1;-8.2;-10.6;-12.9;-2.5;0.6;0.36;1.1;2.4;33.31;256;61;114;75;96950;0.34;0;0.28;0.29
2005;2;6;37;-0.4;-6.9;-12.3;-7.5;-11.1;-15;-2.3;0.3;0.36;1.1;2.4;32.97;258;61;105;71;96937;0.3;0;0.28;0.29
2005;2;7;38;-1.5;-7.7;-13.1;-10;-12.8;-16.5;-2.3;0.4;0.36;1.1;2.4;32.66;270;64;115;71;96979;0.35;0;0.27;0.29
2005;2;8;39;1.4;-5.7;-12.1;-6;-10.7;-16.2;-1;1.6;0.36;1.1;2.4;32.55;212;48;69;43;97135;0.4;0.46;0.27;0.29
2005;2;9;40;3.5;-2.6;-7.4;-1.7;-6.2;-10.3;-0.2;1.7;0.35;1.1;2.4;31.52;258;58;103;54;97338;0.18;0;0.27;0.29
2005;2;10;41;4.6;-0.2;-6.3;2;-2.2;-7.5;2.1;2.1;0.35;1.1;2.4;28.74;163;34;49;24;96993;-0.14;5.57;0.27;0.29
2005;2;11;42;3.2;2.6;1.9;3;2.4;1.8;3;1.3;0.33;1.1;2.4;22.04;42;9;3;1;96381;-0.38;16;0.29;0.29
2005;2;12;43;7.4;5.1;2.2;6.6;4.5;0.8;4.4;2.2;0.27;1.1;2.4;14.03;23;6;33;2;94734;-0.37;20.71;0.31;0.29
2005;2;13;44;1.8;0.2;-1.7;0.6;-1.4;-2.9;5.3;0.8;0.26;1.1;2.4;12.42;180;45;72;42;93704;0.67;9.23;0.33;0.29
2005;2;14;45;0.6;-2;-5;-3;-5.1;-7.2;3.2;-1;0.33;1.1;2.4;17.71;212;54;81;48;94169;0.48;3.9;0.32;0.29
2005;2;15;46;-0.3;-3.9;-8.2;-4.8;-6.4;-9.4;-0.4;-2.1;0.35;1.1;2.4;19.5;199;50;67;37;94903;0.37;1.46;0.31;0.3
2005;2;16;47;-2.3;-3.3;-4.1;-5;-5.6;-6.6;-0.2;-3.6;0.37;1.1;2.4;23.17;80;20;28;18;95640;0.33;5.76;0.31;0.3
2005;2;17;48;-1.1;-3.5;-6;-5.3;-5.9;-7.4;0.2;-2;0.38;1.1;2.4;25.75;143;36;39;25;96271;0.29;0.64;0.3;0.3
2005;2;18;49;-2.9;-5.8;-9.5;-7.2;-8.8;-10.9;1.4;-0.1;0.37;1.1;2.4;25.79;245;52;85;35;96142;0.35;0.12;0.3;0.3
2005;2;19;50;-0.7;-3.7;-6.5;-3;-5.5;-8;1.8;1.1;0.37;1.1;2.4;27.37;149;32;46;21;95133;0.19;3.32;0.29;0.3
2005;2;20;51;0.8;-2.6;-5.3;-4;-5.1;-6.8;0.7;0.3;0.37;1.1;2.4;28.97;218;50;75;38;94927;0.28;0.82;0.29;0.3
2005;2;21;52;-0.7;-4.1;-8.9;-4.3;-6.5;-10.1;-2.7;-1.3;0.37;1.1;2.4;29.38;118;30;46;26;94911;0.34;1.87;0.29;0.3
2005;2;22;53;-2.8;-3.6;-4.6;-5.5;-6.1;-6.8;-2;-2.6;0.37;1.1;2.4;32.69;83;23;37;18;94639;0.31;5.67;0.28;0.3
2005;2;23;54;-1.4;-4.5;-7.6;-6.1;-7.6;-10.3;0.2;1.1;0.38;1.1;2.5;35.98;271;61;74;38;94985;0.33;0.45;0.28;0.3
2005;2;24;55;0.4;-6.6;-12.3;-6.9;-9.8;-13.4;-1.2;-0.4;0.37;1.2;2.5;35.7;321;79;113;66;95537;0.34;0;0.28;0.3
2005;2;25;56;0.3;-4.9;-10.3;-4.8;-7.6;-11.1;-0.3;-0.9;0.37;1.2;2.5;35.41;273;60;77;37;95629;0.32;0.4;0.28;0.3
2005;2;26;57;0.3;-3.4;-6.3;-5;-6.4;-7.7;0.8;-0.7;0.37;1.2;2.5;35.54;273;58;85;32;95336;0.39;2.03;0.27;0.3
2005;2;27;58;-3.6;-6.8;-10.2;-5;-11.5;-14.8;-2;-3.5;0.37;1.2;2.5;37.59;312;80;94;58;95528;0.59;1.11;0.27;0.3
2005;2;28;59;-5.5;-9.6;-14.6;-13;-15.4;-19.5;0.5;-1.9;0.37;1.2;2.5;37.4;321;78;99;62;96042;0.43;0.12;0.27;0.3
2005;3;1;60;-4.7;-11.1;-16.4;-13.4;-16.6;-19.8;1.1;1.6;0.37;1.2;2.5;37.08;271;77;100;60;95357;0.33;0;0.27;0.3
2005;3;2;61;-2.3;-9.9;-18;-10.2;-15.2;-20.8;-0.1;1.8;0.37;1.2;2.5;36.73;334;88;99;63;94987;0.37;0;0.26;0.3
2005;3;3;62;1.3;-6;-13.1;-6.7;-11.3;-16;-1.4;0.4;0.37;1.2;2.5;36.29;312;90;119;71;95109;0.47;0;0.26;0.3
2005;3;4;63;0.1;-6.4;-12.3;-7.8;-11;-14.6;-0.6;-0.8;0.36;1.2;2.5;35.81;342;92;118;65;95228;0.41;0.01;0.26;0.3
2005;3;5;64;-0.3;-5.4;-9.3;-7.7;-10.2;-12;-0.8;-0.1;0.36;1.2;2.5;35.62;244;64;85;47;94810;0.45;0.43;0.26;0.3
2005;3;6;65;-2.4;-6.7;-11.4;-10;-11.3;-13;0.4;-2.8;0.36;1.3;2.5;35.72;240;64;77;42;95590;0.57;0.8;0.26;0.3
2005;3;7;66;-1.6;-5.1;-9;-4.3;-8.8;-11.7;3.1;-0.5;0.36;1.3;2.5;35.89;231;64;62;35;95960;0.45;0.73;0.25;0.3
2005;3;8;67;2;-0.2;-2.9;-0.4;-1.9;-3.9;3.4;-0.8;0.36;1.3;2.5;36.77;162;41;32;16;95968;0.27;2.74;0.25;0.3
2005;3;9;68;2.4;0.2;-1.7;-0.7;-1.9;-3.9;2.3;-1.7;0.36;1.3;2.5;38.79;253;63;67;34;96377;0.37;3.14;0.25;0.3
2005;3;10;69;-0.7;-4.6;-8.3;-5.2;-10.2;-12.3;0.4;-0.4;0.36;1.3;2.5;39.25;359;103;117;79;96858;0.59;0;0.25;0.3
2005;3;11;70;2.1;-2.2;-9;-0.3;-5;-11.9;4.6;1.8;0.36;1.3;2.5;39.29;176;47;48;20;95286;0.46;4.36;0.25;0.3
2005;3;12;71;1.9;0;-2;-0.2;-2.2;-4;4.9;0.5;0.37;1.3;2.5;47.48;271;73;88;45;94293;0.49;8.37;0.25;0.3
2005;3;13;72;2.9;-0.5;-4.5;-1.4;-2.9;-5.5;3.5;0.8;0.37;1.3;2.5;50.91;313;79;86;50;95257;0.26;3.72;0.25;0.3
2005;3;14;73;5.1;-0.5;-5.9;-2.5;-4.8;-7.2;1.3;1.4;0.37;1.3;2.5;49.08;318;89;92;55;95799;0.36;0.01;0.25;0.3
2005;3;15;74;8.2;2.1;-2.7;0.3;-2.4;-5.8;1.6;1.3;0.36;1.4;2.5;43.58;366;102;107;61;96491;0.14;0;0.25;0.3
2005;3;16;75;13.5;5.4;-2.1;4.5;1.3;-3.2;2.3;1.6;0.35;1.4;2.5;32.08;395;115;108;70;96882;-0.37;0;0.26;0.3
2005;3;17;76;13.9;8.9;1.7;7.3;3.8;-1.7;4.1;1.1;0.28;1.4;2.5;16.75;320;95;63;46;96741;0.09;0.1;0.28;0.3
2005;3;18;77;15.6;11.2;7.6;7.7;7.1;6.1;4.4;-0.2;0.16;1.4;2.5;3.58;442;113;105;35;96765;0.9;1.35;0.29;0.3
2005;3;19;78;9.1;5.9;-0.1;8.1;4.4;-4.2;0;-1.1;0.13;1.4;2.5;0.83;76;22;67;15;96626;0.51;2.53;0.29;0.3
2005;3;20;79;6.6;1.5;-2.3;-2.3;-4.2;-6.6;-1.9;0;0.13;1.4;2.5;0.55;485;141;106;76;96558;1.01;0;0.29;0.3
2005;3;21;80;9;2.7;-2.8;-2;-3.7;-5.4;-1.9;0;0.13;1.5;2.5;0.42;573;171;126;90;96231;1.09;0;0.28;0.29
2005;3;22;81;11.9;4.9;-1.2;1.2;-2.2;-6;-2.1;0.7;0.13;1.5;2.5;0.29;574;167;122;83;95965;1.27;0;0.28;0.29
2005;3;23;82;11.6;6.9;3.1;9;5.7;0;-0.2;0.6;0.13;1.5;2.5;0.16;165;37;63;13;96259;0.23;3.12;0.28;0.29
2005;3;24;83;15.7;9.3;5.1;7.4;6.2;4.9;-1.7;0.4;0.13;1.5;2.5;0.07;476;135;95;48;96190;1.27;0;0.28;0.29
2005;3;25;84;11.4;7.4;3.8;9.1;6.6;3.3;0.5;0.4;0.13;1.5;2.5;0.02;261;54;43;20;95956;0.46;4.49;0.28;0.29
2005;3;26;85;13;8.5;5.4;6.4;5;3.5;-0.6;0.4;0.13;1.5;2.5;0;365;105;82;36;95437;1.17;0.01;0.28;0.29
2005;3;27;86;13.4;8.2;1.8;8.4;5.9;1.6;-1.7;-0.2;0.13;1.5;2.5;0;378;103;82;50;95133;0.99;1.59;0.28;0.29
2005;3;28;87;13.3;8.4;4;8.8;6.9;3.9;-0.3;0;0.13;1.6;2.5;0;436;105;79;40;95523;1.34;9.9;0.28;0.29
2005;3;29;88;14.1;8.3;3.3;9.7;6.5;3.2;-0.8;0;0.13;1.6;2.5;0;498;130;97;47;95732;1.32;2.96;0.28;0.29
2005;3;30;89;11.2;7.8;5.1;6.1;3;-1.6;-2.9;-0.3;0.13;1.6;2.5;0;342;111;91;54;95957;1.55;2.37;0.28;0.29
2005;3;31;90;10.9;5.9;1.4;-1.9;-3.3;-5;-3.1;-0.6;0.13;1.6;2.5;0;635;198;141;104;96609;1.96;0;0.28;0.29
2005;4;1;91;10.1;4.9;-0.3;-2.4;-4.3;-6.1;-3;0.1;0.13;1.6;2.5;0;645;203;140;109;97050;1.87;0;0.28;0.29
2005;4;2;92;13.4;7.1;0.7;-1.2;-3.5;-5.4;-3;0.5;0.13;1.6;2.5;0;653;207;145;112;96849;2.18;0;0.27;0.29
2005;4;3;93;15.3;8.1;0.2;3.1;-0.7;-3.9;-1.8;0.5;0.13;1.7;2.5;0;638;205;141;106;96786;2.06;0;0.27;0.29
2005;4;4;94;17;9.4;-0.2;5.1;1;-2.2;-0.4;1;0.13;1.7;2.5;0;632;188;137;83;96740;2.05;0;0.26;0.29
2005;4;5;95;15.5;9;2.8;8.3;4;0;1.9;0.7;0.13;1.7;2.5;0;534;160;105;59;96671;1.77;1.67;0.26;0.29
2005;4;6;96;13.8;9.4;3.8;8;5.8;3.7;0.7;1.7;0.13;1.7;2.5;0;447;131;79;44;96370;1.77;2.32;0.26;0.29
2005;4;7;97;12.7;10.2;7.8;8.9;7.6;6.5;2.7;2.8;0.13;1.7;2.5;0;274;91;43;29;95177;2.57;10.28;0.26;0.29
2005;4;8;98;8.1;6.9;4.3;6.8;5.2;2.9;1.7;1.2;0.13;1.7;2.5;0;222;66;41;26;94722;1.34;4.53;0.27;0.29
2005;4;9;99;8.3;4.2;0.7;5.2;2.3;-1.7;0.8;-1.9;0.14;1.7;2.5;0;385;112;75;42;95369;1.78;4.72;0.27;0.29
2005;4;10;100;7.8;3.1;-3.1;0.7;-1.2;-5.1;1.8;-0.6;0.14;1.8;2.5;0.06;376;107;98;60;96526;1.12;0.67;0.27;0.29
2005;4;11;101;12.4;5.9;-1.2;2.9;0;-2.3;-1.6;-1.1;0.14;1.8;2.5;0.05;576;188;111;78;96863;1.81;0;0.26;0.29
2005;4;12;102;14;7.7;0.1;4.3;2.2;-1.2;-1.8;-1.4;0.14;1.8;2.5;0.01;604;206;125;83;96253;1.98;0;0.26;0.29
2005;4;13;103;14.8;9.6;3.1;6.5;4.7;2.9;0.4;-0.5;0.14;1.8;2.5;0;519;131;87;48;95541;1.42;0.02;0.26;0.29
2005;4;14;104;15.9;11.5;6.1;7.2;5.3;4.1;-0.9;0.8;0.14;1.8;2.5;0;503;163;97;60;95188;1.91;0.33;0.26;0.29
2005;4;15;105;18.2;12.4;4.7;8.6;6.2;3.4;-2;0.4;0.14;1.8;2.5;0;611;196;114;78;94903;2.42;0.66;0.25;0.29
2005;4;16;106;18;13.6;8.7;8.3;6.1;5;-4;-0.8;0.14;1.9;2.5;0;599;193;105;77;94417;2.56;0.72;0.25;0.29
2005;4;17;107;13.8;11.4;8.1;9.3;7.8;6.3;-2.4;-1.1;0.14;1.9;2.5;0;410;125;74;53;94075;2.11;5.64;0.25;0.29
2005;4;18;108;16.1;10.8;4.4;11;8.6;4.3;0.3;-1.4;0.14;1.9;2.5;0;437;133;75;47;94392;1.7;10.07;0.25;0.29
2005;4;19;109;14.7;10;7.5;8.5;7.7;6.3;-0.3;0.2;0.14;1.9;2.5;0;437;109;69;35;94585;1.71;6.79;0.26;0.29
2005;4;20;110;9;7.2;3;7.5;3;-4.9;-1.9;-1.8;0.14;1.9;2.5;0;215;68;101;40;95055;1.57;2.17;0.26;0.29
2005;4;21;111;7.5;4;-1;-2.1;-5.3;-6.9;-0.9;-1.1;0.14;2;2.5;0;553;188;121;88;95990;1.86;0;0.26;0.29
2005;4;22;112;10.9;5.7;0.5;0.4;-2.8;-4.8;-0.1;-0.6;0.14;2;2.5;0;715;232;141;98;95948;2.21;0;0.26;0.29
2005;4;23;113;14.3;7.9;-0.8;2.4;-0.3;-3.3;-1.1;0.9;0.14;2;2.5;0;697;219;135;84;95687;2.45;0.92;0.25;0.29
2005;4;24;114;15.8;10.4;5.5;9.8;7.2;2.5;-1.2;1;0.14;2;2.5;0;562;160;100;46;95519;2.12;8.89;0.25;0.29
2005;4;25;115;11;9.5;8;9.4;8.1;6.8;-1.6;-0.3;0.14;2;2.5;0;202;59;29;18;95137;1.3;12.16;0.26;0.29
2005;4;26;116;10.9;8.7;6.2;9.1;8;5.9;1.3;0.2;0.14;2.1;2.5;0;141;49;76;25;95807;0.73;6.34;0.27;0.29
2005;4;27;117;14.6;9.8;5.4;10.3;6.7;5;2.2;0.9;0.15;2.1;2.5;0;524;170;89;59;96027;2.42;2.94;0.27;0.29
2005;4;28;118;14.3;9.5;3.4;5.6;3.1;1.1;1.5;-0.5;0.15;2.1;2.5;0;578;194;103;81;96555;2.4;0.04;0.27;0.29
2005;4;29;119;14.8;10.5;4.5;9.7;6.4;2;-0.3;1;0.15;2.1;2.5;0;365;111;54;39;96503;1.37;0.62;0.26;0.29
2005;4;30;120;19.5;14.4;7.1;11.7;9.7;6.6;-0.3;0.7;0.15;2.1;2.5;0;522;171;90;56;96136;2.27;0.25;0.26;0.29
2005;5;1;121;23.8;17.1;9.8;13.9;10.1;8.2;0.2;0.4;0.15;2.2;2.5;0;668;231;125;81;95865;3.3;0;0.26;0.29
2005;5;2;122;25.9;19;10.7;13.2;10.5;7.8;0.4;1.4;0.15;2.2;2.5;0;687;232;121;80;95953;3.62;0.13;0.25;0.29
2005;5;3;123;19;15.2;11.9;12.9;11.3;9.5;2.1;0.8;0.15;2.2;2.5;0;499;108;66;41;95873;2.09;7.42;0.25;0.29
2005;5;4;124;14.4;12;9.5;10.7;9.3;7;3.2;0.1;0.15;2.2;2.5;0;554;162;91;48;95593;2.9;7.43;0.26;0.28
2005;5;5;125;13.9;10.3;7.5;10.6;6.2;2;1.7;-1.5;0.15;2.2;2.5;0;526;145;105;54;95633;2.33;2.64;0.26;0.28
2005;5;6;126;11;7.4;5.4;8.2;4.5;2.4;3.3;0;0.15;2.2;2.5;0;342;98;82;36;95586;2.18;6.15;0.26;0.28
2005;5;7;127;9.5;6.4;3.7;6.9;3.7;1.6;3.6;1.1;0.15;2.3;2.5;0;427;121;70;49;95112;2.44;6.58;0.26;0.28
2005;5;8;128;9.6;5.7;2.4;2.7;1.7;0;3.8;-0.3;0.15;2.3;2.5;0;673;220;100;69;95278;2.75;2.67;0.26;0.28
2005;5;9;129;9.9;6.1;2.4;4.5;2.1;-0.1;2.6;0.3;0.15;2.3;2.5;0;630;211;99;72;95451;2.67;2.04;0.26;0.28
2005;5;10;130;11.2;6.4;1;2.6;0.8;-0.8;1.6;-0.6;0.15;2.3;2.5;0;694;230;121;88;95824;2.55;0.4;0.26;0.28
2005;5;11;131;11;6.3;0.8;1.9;0.6;-1.2;1.7;-1.4;0.15;2.3;2.5;0;684;237;120;87;96324;2.61;0.76;0.26;0.28
2005;5;12;132;13.2;7.7;0;3.1;0.3;-1;-1.9;-0.9;0.15;2.4;2.5;0;618;237;114;88;96464;2.85;0;0.25;0.28
2005;5;13;133;16.1;10.8;4.3;4.7;2.8;0.1;-3.3;-0.2;0.15;2.4;2.5;0;700;245;121;91;96234;3.17;0;0.25;0.28
2005;5;14;134;16.6;12.5;7.4;11.7;8;3.4;0;1.1;0.15;2.4;2.5;0;389;146;74;53;95512;2.51;6.87;0.25;0.28
2005;5;15;135;12.8;10.5;6.2;10.4;7;3.1;3.2;0.4;0.15;2.4;2.5;0;490;166;101;52;95678;2.94;4.91;0.25;0.28
2005;5;16;136;15.6;10.2;4.1;6.7;4.6;2.8;0.7;-0.2;0.15;2.4;2.5;0;662;218;116;75;95650;2.78;4.68;0.25;0.28
2005;5;17;137;14.4;10.8;7.7;8.7;7.3;5.4;0;-0.5;0.16;2.4;2.5;0;490;174;87;49;95594;2.63;6.63;0.26;0.28
2005;5;18;138;9.7;8.1;5.3;6;4.7;1.9;-0.9;-2.9;0.16;2.5;2.5;0;219;71;71;34;96112;1.08;0.13;0.26;0.28
2005;5;19;139;12.8;8.8;2.3;4;2.1;0.2;-1;0.2;0.16;2.5;2.5;0;535;196;98;72;96786;2.47;0;0.25;0.28
2005;5;20;140;18.5;12.4;3.8;8.9;5.3;1.5;-0.9;1.7;0.16;2.5;2.5;0;685;259;127;91;96494;3.39;0;0.25;0.28
2005;5;21;141;19.4;15;9.6;14.2;10.6;5.8;0.1;1.2;0.16;2.5;2.5;0;426;157;73;57;96005;2.23;1.54;0.25;0.28
2005;5;22;142;19.1;15.4;11.7;14.2;12.2;10.4;0.8;0.6;0.16;2.5;2.5;0;556;169;84;49;95783;2.63;4.02;0.25;0.28
2005;5;23;143;15.2;12.3;9.4;11.3;10.3;8.6;2.2;-0.9;0.16;2.5;2.5;0;359;105;59;31;96030;2.26;6.65;0.25;0.28
2005;5;24;144;16.9;12.8;6.7;9.6;6.7;4.3;1.1;0.2;0.16;2.5;2.5;0;618;191;97;69;96803;2.91;0.11;0.25;0.28
2005;5;25;145;21.1;15.4;7.2;12.3;8.7;5.3;0.1;1;0.16;2.6;2.5;0;709;217;118;72;96972;3.19;0;0.24;0.28
2005;5;26;146;23.9;17.9;9.5;14.1;10.7;7.6;-1.4;0.8;0.16;2.6;2.5;0;715;266;120;86;96683;4.01;0;0.24;0.28
2005;5;27;147;26.5;19.9;11;15.6;12.1;9.2;-1.1;0.5;0.16;2.6;2.5;0;721;267;132;91;96290;4.15;0;0.24;0.28
2005;5;28;148;28.7;22.5;12.8;18.1;13.3;10.8;-0.3;0.1;0.16;2.6;2.5;0;729;272;134;92;96160;4.27;0;0.23;0.28
2005;5;29;149;29;23.2;16.8;16.5;14.1;11.1;-1;-0.7;0.16;2.6;2.5;0;686;249;124;84;96090;4.13;0.26;0.23;0.28
2005;5;30;150;24.8;19;11.8;16.8;14.5;10.6;2.3;0.1;0.16;2.6;2.5;0;648;203;92;60;95965;3.48;2.73;0.22;0.28
2005;5;31;151;14.5;11.7;8.5;9.6;5.3;2.6;3;-0.7;0.16;2.6;2.5;0;526;183;97;63;96685;3.02;0.55;0.22;0.28
2005;6;1;152;15.4;11.6;6.2;5.7;4.4;3.1;1.5;-1.1;0.16;2.6;2.5;0;535;199;96;72;96537;2.79;0.42;0.22;0.28
2005;6;2;153;19.7;14.7;6.1;11.4;6.6;4;0.8;0.2;0.16;2.7;2.5;0;594;211;110;73;96220;2.95;0;0.22;0.28
2005;6;3;154;24.3;18.2;9.4;11.9;9.3;7.1;-0.4;2;0.16;2.7;2.5;0;729;273;130;92;95807;3.95;0.03;0.21;0.28
2005;6;4;155;18.1;15.6;11.9;13.8;9.6;5.7;3.3;0.5;0.16;2.7;2.5;0;546;181;105;61;95756;3.32;4.74;0.21;0.28
2005;6;5;156;15.3;12.7;10.2;8.1;6.9;6.2;3.6;0.3;0.16;2.7;2.5;0;563;198;82;63;96046;2.86;1.31;0.21;0.28
2005;6;6;157;15.1;11.7;9.1;10.2;8;6;2.3;-0.6;0.16;2.7;2.5;0;482;155;85;51;96141;2.66;6.85;0.21;0.27
2005;6;7;158;12.2;9.1;7;5.7;3.3;0.3;2.4;-2.7;0.16;2.7;2.5;0;632;214;98;63;96883;3.11;2.45;0.21;0.27
2005;6;8;159;12.8;9.3;5.2;3.8;2.8;1.2;0.3;-2.8;0.16;2.7;2.5;0;524;209;95;81;97405;2.77;0.71;0.21;0.27
2005;6;9;160;14.1;10.4;5.4;4.5;3.6;2.7;-0.7;-2.9;0.16;2.8;2.5;0;598;235;106;85;97014;3.04;0.96;0.21;0.27
2005;6;10;161;15.4;11.4;6.6;7.8;5.9;3.4;1.8;-1.6;0.16;2.8;2.6;0;531;178;84;60;96207;2.36;0.77;0.21;0.27
2005;6;11;162;12.7;10.3;7.5;9.1;6.3;3.3;1.6;-0.8;0.16;2.8;2.6;0;378;134;57;43;95589;2.01;2.18;0.21;0.27
2005;6;12;163;14.3;10.8;5.3;7.1;4.1;2.4;1.2;0.3;0.16;2.8;2.6;0;538;184;98;68;95417;2.43;0.37;0.2;0.27
2005;6;13;164;19.1;14.6;8.3;10.8;8.7;5.9;1.2;1.6;0.16;2.8;2.6;0;553;214;103;69;95241;2.85;0.12;0.2;0.27
2005;6;14;165;23.2;17.1;11.4;14.9;13;11.1;-0.1;0.1;0.16;2.8;2.6;0;591;192;93;54;95611;2.91;5.79;0.2;0.27
2005;6;15;166;20.3;16.9;13.8;14;12.9;11.7;0.3;-1.5;0.16;2.8;2.6;0;353;123;70;37;96198;2.21;0.17;0.2;0.27
2005;6;16;167;22.5;18.3;12.2;13;11.5;10.3;1.8;-0.2;0.16;2.8;2.6;0;600;213;102;71;96654;3.25;0.03;0.2;0.27
2005;6;17;168;20.5;17.3;12.5;15.2;13.5;11.2;2.4;-0.2;0.16;2.8;2.6;0;344;111;60;35;96938;1.66;0.22;0.2;0.27
2005;6;18;169;21.8;17.6;12.9;15;9.5;5.3;0.6;-2.2;0.16;2.8;2.6;0;745;245;136;76;96811;3.74;0.27;0.19;0.27
2005;6;19;170;23.4;17.3;9.3;11;8.7;6.7;-1;-1.4;0.16;2.8;2.6;0;733;277;131;97;96534;3.86;0;0.19;0.27
2005;6;20;171;25.8;19.7;11.4;12.4;11.3;10;-1.1;-1;0.16;2.8;2.6;0;724;275;127;94;96249;3.9;0;0.19;0.27
2005;6;21;172;28.4;21.9;12.6;14.9;11.9;10.2;-0.5;0.2;0.16;2.8;2.6;0;715;268;132;90;96197;3.86;0.05;0.18;0.27
2005;6;22;173;24.7;20.6;15.8;15.8;12.8;10.1;0;-2.2;0.16;2.8;2.6;0;632;234;115;73;96398;3.31;0.02;0.18;0.27
2005;6;23;174;26.4;20.2;12.4;11.7;10.6;8.8;-1.5;-0.4;0.16;2.8;2.5;0;731;276;135;97;96545;3.68;0;0.18;0.27
2005;6;24;175;30;23.4;14.4;13.7;12.1;10.9;-0.9;1.4;0.16;2.8;2.5;0;718;255;126;86;96090;3.57;0.01;0.17;0.27
2005;6;25;176;28.3;22.8;17.5;18.3;16.1;13.9;1.9;0.4;0.16;2.8;2.5;0;667;230;103;66;95947;3.18;4.14;0.17;0.27
2005;6;26;177;23.4;19.4;16;17.4;14.3;12.3;0.2;-1.8;0.15;2.7;2.5;0;486;157;94;44;96522;2.76;1.29;0.17;0.27
2005;6;27;178;25.5;20.2;13.5;13.2;11.8;9.8;0.3;-1.3;0.15;2.7;2.5;0;675;248;114;84;96431;3.35;0;0.17;0.27
2005;6;28;179;27.3;21.3;14.6;14.6;11;7.9;0.5;-1.3;0.15;2.7;2.5;0;713;272;134;94;96011;3.55;0;0.17;0.26
2005;6;29;180;21.2;18;13.2;16;13.7;9.8;-0.8;-0.2;0.15;2.7;2.5;0;363;122;81;48;95433;2.15;8.57;0.17;0.26
2005;6;30;181;21.3;18;15.3;16;14.5;12.5;2.5;0.4;0.15;2.7;2.5;0;610;184;87;47;95310;3.09;11.15;0.18;0.26
2005;7;1;182;16.5;14.6;12.8;13.4;12.5;11.8;2.3;0;0.15;2.7;2.5;0;281;91;70;37;95698;2.25;10.15;0.19;0.26
2005;7;2;183;21;16.8;12.3;13;11.5;9.7;2.1;-1;0.15;2.7;2.5;0;601;205;89;63;96409;3.31;0.8;0.19;0.26
2005;7;3;184;23.1;19;13.5;15.5;12.6;11.3;-0.1;0;0.15;2.7;2.5;0;519;180;87;58;96310;2.79;0.31;0.19;0.26
2005;7;4;185;27.1;20.7;14.5;16.7;12.6;10.5;-0.4;1.2;0.15;2.7;2.5;0;735;265;129;73;95559;4.35;1.91;0.18;0.26
2005;7;5;186;14.8;12.9;9.3;12.9;9.9;7.6;1.7;0;0.15;2.7;2.5;0;242;77;76;41;95779;2.34;18.8;0.19;0.26
2005;7;6;187;18.6;13.8;7;11.5;8.1;4.9;1.4;1.3;0.15;2.7;2.5;0;552;189;103;66;95542;3.07;1.67;0.2;0.26
2005;7;7;188;16;13.3;11.3;11.7;9.6;7.5;2.1;1.1;0.15;2.7;2.5;0;546;143;79;44;95580;2.92;6.42;0.2;0.26
2005;7;8;189;18;13.7;10.1;11.5;10;9;-0.7;0.7;0.15;2.6;2.5;0;607;198;94;63;95910;2.89;2.88;0.2;0.26
2005;7;9;190;19.7;15.2;8.5;11.9;9.7;8.1;-0.9;-1.2;0.15;2.6;2.5;0;585;196;94;65;96210;3;0.18;0.2;0.26
2005;7;10;191;22.2;17.5;13.5;15.2;14.1;12;-1.1;-3.1;0.15;2.6;2.5;0;556;152;73;43;96325;3.12;6.2;0.2;0.26
2005;7;11;192;22.6;18.7;15;14.3;12.7;10.4;-1.3;-3.3;0.15;2.6;2.5;0;687;212;99;65;96630;3.58;0.66;0.2;0.26
2005;7;12;193;23.1;19.5;15.3;13.8;11.8;10;-1.9;-2;0.15;2.6;2.5;0;540;207;91;73;96760;3.6;0.54;0.2;0.26
2005;7;13;194;24.9;20.2;13.8;13.9;11.8;10.5;-1.1;-1.5;0.15;2.6;2.5;0;601;220;102;77;96579;3.6;0.02;0.19;0.26
2005;7;14;195;25.4;20.9;13.4;15.5;12.4;10.7;-0.1;-0.7;0.15;2.6;2.5;0;548;205;105;76;96440;3.26;0.04;0.19;0.26
2005;7;15;196;27.8;21.7;14.7;15.1;12.5;9.9;1.2;1.3;0.15;2.6;2.5;0;677;230;111;75;96083;3.83;0.25;0.19;0.26
2005;7;16;197;25.4;21;15.8;16.1;12.7;9.7;2;-0.4;0.15;2.6;2.5;0;624;227;113;74;95813;3.58;0.23;0.18;0.26
2005;7;17;198;23.6;19.5;14.8;12.9;11.5;9.8;1.4;-1.2;0.15;2.6;2.5;0;514;201;102;66;95903;3.1;0.01;0.18;0.26
2005;7;18;199;28.8;21;12.6;16.6;12.6;10.4;0.4;0.4;0.15;2.6;2.5;0;729;250;132;79;95501;3.79;8.95;0.18;0.26
2005;7;19;200;20.2;17.7;15.5;16.5;13.6;8.7;3.9;0.3;0.15;2.5;2.5;0;576;171;78;43;95886;3.57;4.67;0.19;0.26
2005;7;20;201;18.6;15.9;12.4;12.3;10.2;8.9;4.4;1.1;0.15;2.5;2.5;0;384;122;66;45;96267;2.79;7.53;0.19;0.26
2005;7;21;202;17.6;14.2;10.2;9.6;8.1;7;4.7;0.1;0.15;2.5;2.5;0;416;128;79;51;95880;2.59;0.54;0.19;0.26
2005;7;22;203;14.5;13.1;12.2;11.2;10.3;9;3.4;-0.2;0.15;2.5;2.5;0;299;62;41;20;95542;1.67;3.26;0.19;0.26
2005;7;23;204;17.3;14.1;12;10.5;9;6.9;2.5;0.1;0.15;2.5;2.5;0;507;159;96;44;95444;2.58;1.34;0.19;0.26
2005;7;24;205;21.4;16.5;9.8;14.4;10.8;7;1.2;1.3;0.15;2.5;2.5;0;597;204;103;61;95445;2.98;4.07;0.19;0.25
2005;7;25;206;21.5;17.7;15;17.3;15.1;13.9;2.1;2.1;0.15;2.5;2.5;0;515;134;67;40;95293;2.62;8.47;0.2;0.25
2005;7;26;207;21.7;18.2;14.9;14.9;13.4;11.9;2.3;1.1;0.15;2.5;2.5;0;564;175;73;57;95605;2.83;0.47;0.2;0.25
2005;7;27;208;27.5;21.8;14.8;17.6;15.4;13.5;0.2;1.4;0.15;2.5;2.5;0;650;226;99;63;95775;3.66;0.13;0.19;0.25
2005;7;28;209;31.1;24.9;17.5;20;16.7;13.7;-0.3;1;0.15;2.5;2.5;0;671;239;110;75;95806;3.87;0.09;0.19;0.25
2005;7;29;210;32.8;25.2;18.7;19.3;17.7;16.1;-0.1;-0.3;0.15;2.5;2.5;0;636;226;113;67;95692;3.93;12.79;0.19;0.25
2005;7;30;211;21.9;18.6;14.9;17.5;14.5;12.4;2.4;0.7;0.15;2.4;2.5;0;555;163;80;52;95840;3.06;2.08;0.2;0.25
2005;7;31;212;21.9;17.7;13.9;14.1;11.2;8.8;1.9;1.1;0.15;2.4;2.5;0;578;174;91;65;95906;3.04;0.06;0.19;0.25
2005;8;1;213;21.3;17.2;12;12.1;10.4;9.2;0.9;-0.6;0.15;2.4;2.5;0;585;205;106;78;96126;2.98;0.08;0.19;0.25
2005;8;2;214;20.8;16.9;14.2;15.1;12.6;9.9;-2.2;-2.2;0.15;2.4;2.5;0;372;113;57;39;96089;2.64;14.73;0.19;0.25
2005;8;3;215;15.7;14.1;11.7;13.3;12.7;10.9;0.6;-1.8;0.15;2.4;2.5;0;124;37;64;19;96121;1.3;17.4;0.22;0.25
2005;8;4;216;17.3;14.3;11.3;11;8.8;6.7;2.3;-1.4;0.15;2.4;2.5;0;496;152;83;56;96577;2.5;0.37;0.22;0.25
2005;8;5;217;19.6;15.7;10.8;11.4;9.1;7.9;1.3;0.6;0.15;2.4;2.5;0;538;168;104;58;96406;2.69;2.73;0.22;0.25
2005;8;6;218;16.5;14;11.1;12.3;8.3;5.6;3.1;-0.8;0.15;2.4;2.5;0;584;175;89;54;95908;3.12;3.74;0.22;0.25
2005;8;7;219;14;11.1;8.9;9.8;7.9;6.7;2.2;-0.4;0.15;2.4;2.5;0;524;182;86;62;95600;3.07;5.3;0.22;0.25
2005;8;8;220;14.9;11;7.4;11.2;8.6;5.8;2.3;0.3;0.15;2.4;2.5;0;509;156;82;52;95833;2.64;7.04;0.22;0.25
2005;8;9;221;16.2;12.7;9.5;12.2;9.4;6.7;2.6;0.4;0.15;2.3;2.5;0;495;143;78;51;95783;2.36;2.25;0.22;0.25
2005;8;10;222;16.2;12.7;8.8;9.3;7.3;6.2;2.9;0.2;0.15;2.3;2.5;0;598;177;94;66;95651;2.41;0.35;0.22;0.25
2005;8;11;223;17.8;13.5;8.8;9.9;8.2;6.7;2.5;-0.1;0.15;2.3;2.5;0;558;181;86;64;95767;2.41;0.01;0.22;0.25
2005;8;12;224;20.6;15.7;10.2;13.3;11.7;9;1.8;1;0.15;2.3;2.5;0;561;186;94;61;95805;2.54;4.32;0.22;0.25
2005;8;13;225;17.5;14.3;10.5;13.2;10.7;7.3;2.2;-0.1;0.15;2.3;2.5;0;581;168;101;54;96117;2.64;1.6;0.22;0.25
2005;8;14;226;17.4;13;9.6;13.8;10.7;7.2;0.9;1.8;0.15;2.3;2.5;0;287;78;64;36;95796;1.69;10.29;0.22;0.25
2005;8;15;227;14.2;12.2;10;12.4;10.9;9.3;1.5;-1;0.14;2.3;2.5;0;228;60;43;23;96043;1.57;7.25;0.23;0.25
2005;8;16;228;19.7;15.4;10.9;12.1;10.6;9.1;-0.8;-3.1;0.14;2.3;2.5;0;546;159;81;54;96334;2.67;0.21;0.23;0.25
2005;8;17;229;20.3;16.6;12.6;12.9;12.1;11.4;-2.2;-1.3;0.14;2.3;2.5;0;502;131;77;46;96457;2.07;0.12;0.23;0.25
2005;8;18;230;23.5;18.5;13.6;14.3;12.4;11.5;-2.8;0.2;0.14;2.3;2.5;0;612;212;107;80;96198;3.23;0;0.23;0.25
2005;8;19;231;24.5;19.2;13.5;14;12.6;11.1;-1.6;0.7;0.14;2.3;2.5;0;638;196;107;74;95991;3.05;0;0.22;0.25
2005;8;20;232;18.2;16.2;14.6;16.1;14.8;13.4;1.2;-0.8;0.14;2.3;2.5;0;265;74;44;25;96068;1.61;11.24;0.22;0.25
2005;8;21;233;23;18.3;15.2;15.9;14.4;13.2;-2.1;-2;0.14;2.3;2.5;0;551;131;91;36;95815;2.64;2.86;0.23;0.25
2005;8;22;234;20.7;17.1;15.1;16.2;14.5;12.6;-1.4;-2.2;0.14;2.2;2.5;0;318;89;50;34;95432;1.94;12.83;0.23;0.25
2005;8;23;235;17.4;15.4;13.3;16.1;14.3;12.3;0.7;-1.7;0.14;2.2;2.5;0;288;52;58;21;95550;1.35;12.18;0.25;0.25
2005;8;24;236;19.4;15.6;12.4;13.3;12.1;11.4;1;-0.1;0.14;2.2;2.5;0;382;115;73;42;95797;1.92;0.38;0.25;0.25
2005;8;25;237;18.9;15.7;12;14.7;13.5;11.6;1.3;2.3;0.14;2.2;2.5;0;260;67;45;29;95420;1.41;2.2;0.25;0.25
2005;8;26;238;17.3;14.2;11;12.2;7.8;5.2;2.9;0.7;0.14;2.2;2.5;0;485;159;95;69;96098;2.65;0.03;0.25;0.25
2005;8;27;239;19.1;14.7;9.4;10;8.1;6.8;0.2;-0.1;0.14;2.2;2.5;0;569;160;106;69;96299;2.32;0;0.25;0.25
2005;8;28;240;22.3;16.6;10.4;13.3;10.9;8.2;-0.9;-1;0.14;2.2;2.5;0;563;180;98;69;96483;2.62;0.04;0.25;0.25
2005;8;29;241;24.5;18.1;11;14.8;12.7;10.1;-1.4;0.2;0.14;2.2;2.5;0;628;206;118;81;96820;2.95;0;0.24;0.25
2005;8;30;242;25.5;19.4;12.4;14.9;13.2;11.1;-2;-0.6;0.14;2.2;2.5;0;622;203;115;82;96892;3.05;0;0.24;0.25
2005;8;31;243;25.5;20.5;15;15.7;13.9;12.7;-2.7;-0.1;0.14;2.2;2.5;0;625;200;115;83;96398;3.11;0;0.24;0.25
2005;9;1;244;26.3;20.7;14.5;16.9;15;13.1;-1.2;0.4;0.14;2.2;2.5;0;615;195;111;78;96136;2.82;0;0.23;0.25
2005;9;2;245;23.7;19.3;15.4;18.1;16.2;14.1;-0.1;-1.5;0.14;2.2;2.5;0;493;137;68;48;96666;2.1;3.38;0.23;0.25
2005;9;3;246;20.5;17.4;15;15.3;14.7;13.9;-1.8;-1.7;0.14;2.2;2.5;0;357;105;67;42;97097;1.85;1.28;0.23;0.25
2005;9;4;247;22.1;17.5;13.7;13.8;11.3;9;-2.4;-0.2;0.14;2.2;2.5;0;586;194;120;81;96923;2.85;0;0.23;0.25
2005;9;5;248;22.6;17.1;12.1;11.4;10.1;9.1;-2.4;0.5;0.14;2.2;2.5;0;617;197;126;94;96308;2.75;0;0.23;0.25
2005;9;6;249;24;17.2;10;12.7;10.7;8.5;-1.6;0.2;0.14;2.2;2.5;0;610;195;128;95;95838;2.6;0;0.22;0.25
2005;9;7;250;24.6;18;10.2;15.4;11.9;9.1;-0.9;0.5;0.14;2.2;2.5;0;607;193;127;88;95791;2.5;0;0.22;0.25
2005;9;8;251;26.3;19.7;12.2;15;12.7;10.6;-1.1;0.9;0.14;2.2;2.5;0;587;186;121;81;96024;2.6;0;0.22;0.25
2005;9;9;252;25.7;19.6;14.6;18.2;15;12.3;-1.3;-0.3;0.14;2.2;2.5;0;551;161;96;65;95551;2.22;2.12;0.22;0.25
2005;9;10;253;19.6;16.8;14.7;17.2;15.9;14.3;0.6;-0.4;0.14;2.2;2.5;0;280;70;49;31;95394;1.23;23.58;0.23;0.25
2005;9;11;254;19.9;16.5;14.2;16.4;15.3;14.1;0.6;-0.2;0.14;2.2;2.5;0;331;78;58;25;95306;1.6;10.92;0.24;0.25
2005;9;12;255;19.6;16;14;16.1;14.7;13.9;0.9;-0.9;0.14;2.1;2.5;0;328;88;50;23;95767;1.73;7.34;0.25;0.25
2005;9;13;256;18;15.1;12.7;13.7;11.5;10.3;-0.8;-1.5;0.14;2.1;2.5;0;223;71;59;29;96661;1.58;1.59;0.25;0.25
2005;9;14;257;18.5;14.9;10.8;12.7;11;9.9;2.4;0.5;0.14;2.1;2.5;0;282;92;51;36;96615;1.48;0.38;0.25;0.25
2005;9;15;258;18.6;15.8;14.1;13.8;12.5;10.9;3.1;0.9;0.14;2.1;2.5;0;367;91;71;31;96093;1.81;4;0.25;0.25
2005;9;16;259;16.2;13.1;8.6;14.8;11.8;7.1;2.1;-0.2;0.14;2.1;2.5;0;264;38;35;17;95058;1.91;19.37;0.26;0.25
2005;9;17;260;12;9.3;7;6.8;4.6;2.7;-0.5;-2.8;0.14;2.1;2.5;0;411;115;88;58;96025;1.96;0.66;0.27;0.25
2005;9;18;261;13.9;9.5;5.6;5.2;3.4;2.1;-2.4;-1.5;0.14;2.1;2.5;0;520;157;118;88;96798;1.94;0;0.27;0.25
2005;9;19;262;15;10;5.8;3.9;2.5;1.1;-2.7;-1.4;0.14;2.1;2.5;0;567;173;130;102;96738;2.22;0;0.27;0.25
2005;9;20;263;15.7;10.1;4.4;5.3;3.8;1.9;-1.1;-1.5;0.14;2.1;2.5;0;565;170;131;94;96642;2;0;0.26;0.25
2005;9;21;264;16.6;10.6;4.6;6.5;5;2.9;-1.9;-0.7;0.13;2;2.5;0;548;163;125;86;96631;1.94;0.04;0.26;0.25
2005;9;22;265;18.1;12.6;7;10.4;7.8;4.4;-2.1;-0.4;0.13;2;2.5;0;527;156;109;75;96472;1.83;0;0.26;0.25
2005;9;23;266;19.8;14.2;8.6;11.8;10.3;7.8;-1.1;1.1;0.13;2;2.5;0;521;151;107;75;96223;1.75;0;0.26;0.25
2005;9;24;267;19.9;14.5;9;12.8;10.3;8.5;-0.1;0.7;0.13;2;2.5;0;492;140;103;68;96176;1.68;0.03;0.25;0.25
2005;9;25;268;20.3;14.4;8;13.4;10.3;7.4;-0.9;0.8;0.13;2;2.5;0;456;128;96;66;95971;1.61;0.12;0.25;0.25
2005;9;26;269;17.9;13.4;9;14.6;11.6;8;0.8;1.1;0.13;2;2.5;0;323;101;61;47;96337;1.45;4.83;0.25;0.25
2005;9;27;270;15.1;12.8;10.4;12.1;10.7;9.5;0.4;1.4;0.13;1.9;2.5;0;241;52;58;37;96487;0.85;0.78;0.25;0.25
2005;9;28;271;14.6;12.5;10.1;12.6;10.8;9;1.5;1.1;0.13;1.9;2.5;0;155;45;73;35;96386;0.62;0.61;0.25;0.25
2005;9;29;272;13.4;10;7.4;9.5;8.2;5.9;2.4;0.9;0.13;1.9;2.5;0;287;70;68;46;96097;1.42;4.63;0.25;0.25
2005;9;30;273;12;8.9;6.5;5.9;4.7;3;2.3;-0.3;0.13;1.9;2.5;0;368;97;76;49;96618;1.49;0.56;0.25;0.25
2005;10;1;274;9.8;8.2;6.4;8.9;6.2;4;-0.3;2.3;0.13;1.9;2.5;0;92;21;44;12;95994;0.77;16.44;0.26;0.25
2005;10;2;275;11.2;9.7;8.4;9.5;8.5;7.4;0.1;-1.7;0.13;1.9;2.5;0;158;37;43;19;96068;0.93;7.02;0.27;0.25
2005;10;3;276;12;10.2;8.1;10;8.3;7.3;-2.7;-2.2;0.13;1.8;2.5;0;93;23;17;8;96657;0.73;0.69;0.27;0.25
2005;10;4;277;15.5;13.6;11.6;12;11.3;10.2;-4.7;-1.6;0.13;1.8;2.5;0;206;47;41;20;96636;1.17;1.91;0.27;0.25
2005;10;5;278;18.9;15.2;12.8;12.4;11.7;11.1;-4.4;-0.5;0.13;1.8;2.5;0;330;88;81;54;96708;1.16;0;0.27;0.25
2005;10;6;279;18.5;14.5;11.6;11.4;9.7;8.3;-3.8;-0.3;0.13;1.8;2.5;0;470;129;109;88;96687;1.63;0;0.27;0.25
2005;10;7;280;18.7;13.7;10.1;9.1;8.3;7.4;-3.2;0.6;0.13;1.8;2.5;0;460;128;106;87;96485;1.63;0;0.27;0.25
2005;10;8;281;18.2;13.1;9;10.6;9.1;7.7;-1.7;0.7;0.13;1.8;2.5;0;450;124;108;78;96412;1.35;0;0.26;0.25
2005;10;9;282;16.9;11.7;7;11;8.3;5.2;-0.5;0.7;0.13;1.7;2.5;0;416;100;93;60;96743;1.04;0;0.26;0.25
2005;10;10;283;17.1;10.9;4.9;10;7.6;4.5;-2.1;0.1;0.13;1.7;2.5;0;454;120;119;80;96827;1.21;0;0.26;0.25
2005;10;11;284;16;11;7.2;6.7;5.8;4.7;-2.4;1;0.13;1.7;2.5;0;457;125;119;94;96490;1.31;0;0.26;0.25
2005;10;12;285;15.1;9.8;5.2;7;5.7;4;-2;0.4;0.13;1.7;2.5;0;448;122;119;88;96407;1.12;0;0.26;0.25
2005;10;13;286;14.4;8.5;3.3;7.6;5.5;2.8;-1.5;-0.1;0.13;1.7;2.5;0;441;117;121;83;96359;0.96;0;0.25;0.25
2005;10;14;287;15.1;8.5;3.4;8.3;5.3;2.7;-0.9;-0.1;0.13;1.7;2.5;0;434;112;119;75;96934;1;0;0.25;0.25
2005;10;15;288;16;9.1;2.6;8.2;5.5;2.1;-1.5;-0.8;0.13;1.7;2.5;0;427;113;116;78;97190;1.01;0;0.25;0.25
2005;10;16;289;12.2;7.5;4.4;5.6;2.8;0.8;-2.4;-0.9;0.13;1.6;2.5;0;441;109;126;87;97061;1.05;0;0.25;0.25
2005;10;17;290;10.1;6.2;3.2;3.5;2;1.4;-3;-0.4;0.13;1.6;2.5;0;420;104;110;79;97005;0.9;0;0.25;0.25
2005;10;18;291;10.3;5.6;2.6;2.4;1.6;0.8;-3.1;-0.1;0.13;1.6;2.5;0;433;114;121;95;96733;0.9;0;0.25;0.25
2005;10;19;292;10.7;5.5;1.6;2.3;0.7;-1;-2.2;0.8;0.12;1.6;2.5;0;414;103;114;81;96324;0.84;0;0.25;0.25
2005;10;20;293;14.3;8.1;2.9;8.4;5;1.6;-0.6;1.6;0.12;1.6;2.5;0;346;85;99;59;95916;0.66;0;0.24;0.25
2005;10;21;294;14.6;9.9;6.2;9.5;7.4;5;-0.7;2.1;0.12;1.6;2.5;0;320;76;76;55;95419;0.57;0.28;0.24;0.25
2005;10;22;295;17.7;12.9;9.1;11.1;9.4;7.9;1.5;2.7;0.12;1.6;2.5;0;350;82;81;56;95219;1.22;1.75;0.24;0.25
2005;10;23;296;14.7;11.7;8.6;10.5;9.5;7.5;3.1;1.4;0.12;1.6;2.5;0;270;59;65;44;95715;1.18;3.03;0.24;0.25
2005;10;24;297;13.2;10.2;7.3;8.9;7.4;5.7;2;1.6;0.12;1.6;2.5;0;243;50;55;34;96318;0.84;1.21;0.24;0.25
2005;10;25;298;18;13.3;8.9;10.4;8.5;6.9;2.4;2.7;0.12;1.6;2.5;0;363;84;98;53;95894;1.28;0.56;0.24;0.25
2005;10;26;299;15.3;13;9.9;12;11.1;9.9;3.2;1;0.12;1.6;2.5;0;228;56;65;46;96325;0.84;1.13;0.24;0.25
2005;10;27;300;16.4;12.1;9.2;12;10.6;8.8;-1.3;0.4;0.12;1.6;2.5;0;279;60;98;45;96658;0.48;0.02;0.24;0.25
2005;10;28;301;17;11.3;7.3;10.6;8.6;6.3;-2.1;0.2;0.12;1.6;2.5;0;373;92;111;80;96573;0.76;0;0.24;0.25
2005;10;29;302;13.1;8.8;5;9.6;7.5;4.8;-1.5;0.7;0.12;1.6;2.5;0;250;60;86;55;96501;0.36;0;0.24;0.25
2005;10;30;303;13.9;7.8;3.5;8.3;5.9;3.4;-1.6;0.5;0.12;1.6;2.5;0;350;75;103;62;96407;0.57;0.01;0.24;0.25
2005;10;31;304;13.2;7;2.9;5.8;4;2.5;-1.9;0.9;0.12;1.6;2.5;0;347;80;102;67;96112;0.71;0.01;0.24;0.25
2005;11;1;305;9.6;6.5;2.5;8.2;5;1.4;-0.3;1;0.12;1.6;2.5;0;198;37;63;34;96195;0.27;1.03;0.24;0.25
2005;11;2;306;11.6;9.1;6.4;8.5;7.8;6.3;-0.4;2.1;0.12;1.6;2.5;0;176;29;36;14;96380;0.45;0.08;0.24;0.25
2005;11;3;307;14.2;10.2;8.3;11;9;7.6;-0.5;2.1;0.12;1.6;2.5;0;274;50;86;45;96257;0.43;4.67;0.24;0.25
2005;11;4;308;12.5;9.2;6.5;9.2;7.9;6.1;-0.8;1.1;0.12;1.6;2.5;0;206;41;64;40;96088;0.34;0.17;0.24;0.25
2005;11;5;309;10;8.1;3.7;9.7;6.9;2.8;1.8;0.5;0.12;1.6;2.5;0;108;22;78;33;96629;0.54;4.88;0.25;0.25
2005;11;6;310;8.3;5.2;2.3;5.6;4;1.7;-0.5;0.9;0.12;1.6;2.5;0;150;35;64;35;97029;0.3;0;0.25;0.25
2005;11;7;311;9.5;5.7;2.5;4.6;3.9;2.4;0.4;1.2;0.12;1.6;2.5;0;232;48;93;39;96861;0.36;0;0.25;0.25
2005;11;8;312;12.4;7.2;4.2;5.3;4.4;3.1;-1.6;0.9;0.11;1.5;2.5;0;321;72;110;63;96939;0.52;0;0.24;0.25
2005;11;9;313;10.7;5.1;1.6;5.6;3.2;1.1;-0.8;0.5;0.11;1.5;2.5;0;300;68;107;69;96685;0.43;0;0.24;0.25
2005;11;10;314;7.2;4.9;0.7;6.9;4.5;0.6;0.8;0.3;0.11;1.5;2.5;0;114;24;52;14;97485;0.11;0.13;0.24;0.25
2005;11;11;315;9.5;6.7;4.4;6.6;4.5;3.4;1.3;1.4;0.11;1.5;2.5;0;226;50;78;42;97221;0.4;0.01;0.24;0.25
2005;11;12;316;9.7;5.5;1.6;5.4;4.1;1.3;-0.4;1.7;0.11;1.5;2.5;0;268;54;101;59;96350;0.29;0;0.24;0.25
2005;11;13;317;8.3;3;-0.1;4.3;1.8;-0.5;-1.5;-0.3;0.11;1.5;2.5;0;268;56;100;57;96442;0.3;0;0.24;0.25
2005;11;14;318;5.8;1.7;-0.9;1.4;0.1;-1.4;-1;0.2;0.11;1.5;2.5;0;263;59;102;54;96606;0.35;0.01;0.24;0.25
2005;11;15;319;5.8;1.6;-1.6;1;-0.4;-2.1;1.8;1.4;0.11;1.5;2.5;0.09;276;52;93;43;95415;0.37;2.54;0.24;0.25
2005;11;16;320;3.8;2.3;0.4;2.8;1.7;-0.4;3.2;0.7;0.12;1.5;2.5;0.65;63;14;45;10;94380;0.71;6.6;0.24;0.25
2005;11;17;321;2.8;0.7;-0.6;0.8;-0.5;-1.3;3.3;0.3;0.13;1.5;2.5;1.65;178;38;80;39;95157;0.57;3.14;0.25;0.25
2005;11;18;322;1.8;-0.6;-4.7;-0.4;-1.8;-5.3;1.4;-0.9;0.16;1.5;2.5;3.35;191;39;80;48;96004;0.34;1.78;0.25;0.25
2005;11;19;323;0.7;-1.6;-4.2;-3;-4.5;-5.7;1.6;-1.1;0.17;1.5;2.5;3.89;158;36;76;43;96840;0.41;0.17;0.25;0.25
2005;11;20;324;1.3;-0.1;-2.3;0.8;-1.5;-4.5;3.8;-0.2;0.2;1.6;2.5;5.83;99;22;51;17;96888;0.1;4.93;0.25;0.25
2005;11;21;325;2.6;0.8;-0.6;0.9;-1;-3.3;0.1;-2;0.29;1.6;2.5;10.99;165;32;73;31;96848;0.43;5.7;0.25;0.25
2005;11;22;326;0.5;-0.6;-2.3;-1.8;-3.3;-5.2;-0.9;-2.9;0.29;1.6;2.5;11.46;108;23;48;26;97397;0.45;0.75;0.25;0.25
2005;11;23;327;0.5;-0.7;-3.3;-1.6;-3.3;-5.8;-1.8;-0.7;0.3;1.6;2.5;12.22;95;19;41;21;97226;0.36;0.69;0.25;0.25
2005;11;24;328;-1.9;-3.3;-5;-5.6;-7.6;-10;0.3;1.5;0.3;1.6;2.5;12.17;154;33;77;43;95773;0.35;0.1;0.25;0.25
2005;11;25;329;-0.3;-3;-4.9;-3.7;-6.6;-9.7;1;3.1;0.34;1.6;2.5;14.63;160;28;87;47;93715;0.41;3.72;0.25;0.25
2005;11;26;330;0.6;-3.2;-5.1;-6.6;-7.8;-9.3;-0.6;2.1;0.35;1.6;2.5;15.26;197;41;105;69;93946;0.35;0;0.25;0.25
2005;11;27;331;0.1;-3.4;-6.7;-4;-6;-8.2;0.1;1.8;0.34;1.6;2.5;14.78;173;36;88;43;93962;0.2;0.09;0.25;0.25
2005;11;28;332;-0.1;-1.3;-2.7;-1.5;-2.8;-4.9;2.1;2.2;0.36;1.6;2.5;17.81;81;16;46;29;94238;0.16;6.76;0.25;0.25
2005;11;29;333;1.2;-0.3;-1.6;-0.7;-1.4;-2.1;0.3;1.2;0.37;1.6;2.5;21.48;87;16;28;15;94914;0.08;0.64;0.25;0.25
2005;11;30;334;0.3;-1.8;-5.3;-1.9;-3.4;-6;1.4;-0.1;0.36;1.6;2.5;21.44;145;28;47;31;95539;0.23;0.11;0.25;0.25
2005;12;1;335;0.2;-2.7;-7.3;-2.3;-4.8;-9;-1.6;0.8;0.36;1.6;2.5;21.16;180;33;103;51;95586;0.13;0;0.24;0.25
2005;12;2;336;0.2;-4.8;-9.9;-4.5;-7.4;-11.7;-2.2;1;0.35;1.6;2.5;20.97;178;37;100;53;94873;0.26;0;0.24;0.25
2005;12;3;337;0.1;-1.3;-3.2;-0.8;-3.3;-6.8;-0.6;1.5;0.35;1.7;2.5;21.46;34;7;44;22;94678;0.1;4.68;0.25;0.25
2005;12;4;338;3.5;1.6;-0.2;1.2;0;-1.3;0.1;2.9;0.35;1.7;2.5;21.96;94;16;54;25;94639;0;7.9;0.25;0.25
2005;12;5;339;3.6;1.9;-2.2;2.5;0.9;-2.6;1.2;2.1;0.33;1.7;2.5;17.52;71;14;76;31;94462;-0.27;0.67;0.26;0.25
2005;12;6;340;2.6;0.5;-2.1;0.8;-0.2;-2.5;1.1;0;0.3;1.7;2.5;15.03;87;19;43;18;94873;0.03;0.19;0.26;0.25
2005;12;7;341;1.8;0.8;0;1;0.2;-0.7;2.7;0.6;0.29;1.7;2.5;14.43;100;17;41;11;95575;0.14;2.03;0.26;0.25
2005;12;8;342;2.7;1.1;-1.5;1;0;-1.8;1.1;0.5;0.27;1.7;2.5;12.77;109;23;67;22;96027;0.2;0.96;0.27;0.25
2005;12;9;343;2.2;-0.3;-2;-0.9;-2.2;-4.1;-1.2;-1.7;0.26;1.7;2.5;12.11;129;25;73;36;97373;0.3;0.13;0.27;0.25
2005;12;10;344;-0.6;-2;-3.4;-4.5;-5.5;-6.3;-1.6;-0.4;0.25;1.7;2.5;11.9;157;30;72;41;98139;0.32;0;0.27;0.25
2005;12;11;345;-0.2;-2.3;-4.3;-4.2;-5.2;-6.4;-0.2;-0.2;0.25;1.7;2.5;11.67;135;25;50;25;97895;0.18;0;0.26;0.25
2005;12;12;346;2.9;0.3;-3.3;1.9;-0.7;-5.3;-0.9;-1.6;0.24;1.7;2.5;10.88;101;18;34;9;97192;-0.05;0.39;0.26;0.25
2005;12;13;347;1.4;0.3;-1.3;0.8;-0.8;-2.1;0;-1.4;0.22;1.7;2.5;9.67;102;21;32;15;97204;0.17;0.39;0.27;0.25
2005;12;14;348;1.7;0.7;0;0.8;0.2;-0.7;1.7;0.1;0.23;1.7;2.5;10.11;65;12;19;8;96576;0.11;1.76;0.27;0.25
2005;12;15;349;1.9;1.4;0.9;1.6;1.2;0.8;4.1;0.7;0.23;1.7;2.5;9.54;54;9;12;5;95717;0.06;7.86;0.27;0.25
2005;12;16;350;3.4;1.2;-1.2;3.1;-0.1;-3.7;5.4;-0.2;0.27;1.7;2.5;12.19;19;4;76;26;94146;0.36;16.86;0.28;0.25
2005;12;17;351;-1.5;-2.3;-3.8;-3.2;-4.9;-6.4;3.9;-1.7;0.32;1.7;2.5;15.49;133;26;74;52;94584;0.49;3.92;0.28;0.25
2005;12;18;352;-1.3;-2.8;-4;-3.7;-5;-6.2;4;-0.6;0.34;1.7;2.5;17.17;82;16;74;38;95828;0.34;1.2;0.28;0.25
2005;12;19;353;-1;-1.9;-2.8;-1.7;-3.5;-4.8;3.4;1.2;0.36;1.7;2.5;19.4;59;12;37;17;96310;0.26;4.54;0.28;0.25
2005;12;20;354;0.7;0.1;-0.8;-0.2;-0.6;-1.5;3.9;0.1;0.37;1.6;2.5;23.56;51;10;17;7;96769;0.13;3.95;0.28;0.25
2005;12;21;355;1;0.3;-0.2;0.1;-0.2;-0.6;1.9;0.2;0.37;1.6;2.5;25.89;49;9;14;7;97201;0.03;1.39;0.28;0.25
2005;12;22;356;0.8;-0.1;-0.8;0.1;-1;-1.8;2.9;0.4;0.37;1.6;2.5;28.87;57;10;19;7;96940;0.17;4.58;0.28;0.25
2005;12;23;357;1.7;0.8;-0.2;1.6;0.5;-0.7;2.2;0.4;0.37;1.6;2.5;32.15;58;9;10;5;96742;-0.08;4.03;0.28;0.25
2005;12;24;358;2.4;1.8;1.2;2.3;1.7;1.1;2.8;0.6;0.36;1.6;2.5;28.88;22;5;5;2;96384;-0.22;1.26;0.28;0.26
2005;12;25;359;2.1;0.1;-4.5;2;-0.5;-5;1.6;-1;0.35;1.6;2.5;24.83;67;12;63;24;96051;-0.07;2.67;0.29;0.26
2005;12;26;360;-0.1;-2.5;-5.1;-1.3;-3.7;-5.7;1.2;0.1;0.36;1.5;2.5;25.59;109;20;81;35;95290;0.07;2.29;0.29;0.26
2005;12;27;361;-1.8;-4;-7.7;-4.3;-6.1;-9;-2.8;-0.6;0.36;1.5;2.5;27.01;133;23;57;28;94908;0.28;1.83;0.28;0.26
2005;12;28;362;-2.6;-4.2;-5.4;-7.1;-7.7;-9.1;-1.1;-1.7;0.36;1.5;2.5;28.8;74;16;42;27;94795;0.36;1.47;0.28;0.26
2005;12;29;363;-4.4;-5.3;-6;-7.8;-9.3;-10.3;3.2;0.9;0.37;1.5;2.5;30;84;16;53;30;95424;0.47;1.56;0.28;0.26
2005;12;30;364;-4.1;-6.8;-11.4;-8.2;-10.3;-13.8;1.2;1.5;0.37;1.5;2.5;30.53;119;22;81;42;95815;0.22;0.34;0.28;0.26
2005;12;31;365;3.6;-0.7;-8.9;2.4;-2.6;-12.8;1;2.5;0.37;1.4;2.5;31.75;38;8;25;3;94709;-0.08;4.47;0.28;0.26
2006;1;1;1;1.9;0.3;-2.9;0.7;-0.3;-3.3;0.5;1.1;0.36;1.4;2.5;29.04;62;12;55;23;94932;-0.03;1.39;0.28;0.26
2006;1;2;2;1.5;-0.9;-4.2;-0.7;-2.1;-4.7;-0.3;-2.4;0.36;1.4;2.5;28.39;71;14;35;14;95906;0.18;0.19;0.28;0.26
2006;1;3;3;0.8;-0.6;-2;-1.5;-2.5;-3.1;0.3;-2;0.35;1.4;2.5;28.37;98;20;52;28;96776;0.26;0.32;0.28;0.26
2006;1;4;4;0.1;-2;-4.1;-3.5;-4.5;-5.6;-2;-1.6;0.35;1.4;2.5;28.58;87;18;40;23;96929;0.36;0.55;0.28;0.26
2006;1;5;5;-0.8;-1.5;-2.3;-2.7;-3.5;-4.3;-3.6;-0.7;0.35;1.4;2.5;28.59;86;16;45;25;96257;0.32;0.04;0.28;0.26
2006;1;6;6;2.2;0;-1.3;-0.4;-1.5;-3;-2.9;-0.4;0.35;1.3;2.5;28.18;158;31;78;39;96300;0.2;0;0.28;0.26
2006;1;7;7;1.1;-0.1;-0.9;-1;-1.4;-2;-2.7;0;0.34;1.3;2.5;27.64;87;18;32;21;96787;0.23;0.03;0.28;0.26
2006;1;8;8;-0.4;-2.2;-5;-2;-4.6;-6.9;-2.8;0.2;0.34;1.3;2.5;27.36;178;34;90;60;97060;0.27;0;0.27;0.26
2006;1;9;9;-1.2;-5.3;-8.1;-5.6;-7.8;-10.2;-1.7;0.3;0.34;1.3;2.5;27.18;171;37;98;61;97128;0.18;0;0.27;0.26
2006;1;10;10;-1.9;-5.4;-7.7;-5.2;-7.2;-8.7;0;1.3;0.34;1.3;2.5;27.05;143;28;93;38;97235;0.17;0.02;0.27;0.26
2006;1;11;11;-0.4;-5.8;-8.4;-4.8;-7.7;-9.3;0.3;1.6;0.33;1.2;2.5;26.9;191;37;100;55;97138;0.15;0;0.27;0.26
2006;1;12;12;-0.1;-2.8;-7.1;-2.5;-4.6;-8.4;-0.9;0.3;0.34;1.2;2.5;27.48;84;17;44;18;97436;0.07;1.01;0.27;0.26
2006;1;13;13;1.3;-2.4;-7.9;-2.7;-4.5;-9.1;-2.5;0.5;0.34;1.2;2.5;27.57;183;36;99;65;97388;0.14;0;0.27;0.26
2006;1;14;14;-1;-6.8;-10.3;-5.5;-8.8;-11.2;-1.5;0.1;0.34;1.2;2.5;27.38;160;35;83;51;97264;0.18;0;0.27;0.26
2006;1;15;15;-1.7;-8.2;-12;-8.4;-11.6;-14.5;-1.9;0.6;0.33;1.2;2.5;27.2;200;41;107;61;96821;0.24;0;0.27;0.26
2006;1;16;16;-2.9;-8.8;-11.9;-8.3;-11.3;-13.2;-1.1;0.9;0.33;1.2;2.5;27.02;202;41;101;55;96441;0.21;0;0.27;0.26
2006;1;17;17;0.2;-5.4;-12.4;-0.1;-7.2;-14.6;-0.2;2.7;0.34;1.2;2.5;29.72;63;15;42;13;95398;0.14;12.22;0.26;0.27
2006;1;18;18;1.4;0.3;-0.9;-0.1;-0.7;-1.6;3.4;-0.9;0.37;1.2;2.5;41.84;144;29;72;26;94966;0.12;5.73;0.26;0.27
2006;1;19;19;0.3;-1.2;-3;-0.8;-2.4;-4;1;0.1;0.37;1.2;2.5;43.71;80;16;33;17;96516;0.1;0.18;0.26;0.27
2006;1;20;20;2.5;1.2;-1;2.1;0.5;-1.4;1.8;1.8;0.36;1.1;2.5;42.87;26;6;25;2;96261;-0.22;4.98;0.26;0.27
2006;1;21;21;2.1;0.8;0;1.8;0.1;-0.7;3.7;0.1;0.36;1.1;2.5;40.62;104;18;65;24;96089;-0.06;6.73;0.27;0.27
2006;1;22;22;0.2;-5.1;-11.6;-0.7;-9.1;-16.8;-1.1;-2.5;0.36;1.1;2.5;42.99;141;28;95;48;97349;0.51;0.13;0.27;0.27
2006;1;23;23;-7.7;-12.2;-16.6;-16;-17.8;-21.2;-2.4;-0.3;0.36;1.1;2.5;42.65;213;47;99;76;98056;0.26;0;0.27;0.27
2006;1;24;24;-3.1;-10.1;-14.7;-13.1;-16.5;-20.3;-2.3;0.3;0.36;1.1;2.5;42.4;218;48;108;68;97641;0.27;0;0.27;0.27
2006;1;25;25;-3;-7.9;-12.6;-7;-12.9;-18.8;0;1.5;0.36;1.1;2.5;42.17;131;27;53;32;96153;0.17;0.12;0.27;0.27
2006;1;26;26;-2.6;-7.1;-11.2;-7.5;-10;-14.6;-2.2;-0.3;0.36;1.1;2.4;42.43;168;36;80;43;95871;0.26;0.43;0.27;0.27
2006;1;27;27;-4.1;-9.3;-14.6;-11;-13.7;-17.7;-2.5;-0.5;0.36;1.1;2.4;42.29;214;42;84;56;96300;0.29;0.06;0.27;0.27
2006;1;28;28;1;-4.9;-8.8;-7.8;-10.5;-12.3;-2.7;-0.7;0.36;1.1;2.4;41.96;226;50;106;74;96665;0.49;0.02;0.27;0.27
2006;1;29;29;1;-5.2;-10.3;-8.6;-11.6;-14.6;-2.5;-0.9;0.36;1.1;2.4;41.49;232;54;113;80;96967;0.43;0;0.27;0.27
2006;1;30;30;2.5;-4.5;-10.7;-5.4;-10.2;-15.2;-1.2;-1;0.35;1.1;2.4;40.95;237;54;112;69;96898;0.29;0;0.27;0.27
2006;1;31;31;2.2;-4.2;-8.1;-4;-7.2;-9.6;-0.3;-1.7;0.35;1.1;2.4;40.32;220;49;107;57;96639;0.16;0.01;0.27;0.27
2006;2;1;32;3.5;-3.1;-8.1;-4.1;-6.6;-8.9;0;-0.2;0.35;1.1;2.4;39.44;242;53;114;61;96447;0.12;0;0.27;0.27
2006;2;2;33;0.9;-4.5;-9.2;-3.4;-6.4;-10.2;0.9;-0.4;0.35;1.1;2.4;38.66;231;49;110;57;96141;0.15;0;0.27;0.27
2006;2;3;34;-0.3;-6.2;-10.8;-6.6;-8.8;-11.6;-0.2;-1.5;0.34;1.1;2.4;38.3;227;54;108;57;96007;0.26;0;0.26;0.27
2006;2;4;35;0;-4;-8.5;-3.9;-6.3;-9.6;-0.6;-1.4;0.34;1.1;2.4;38.14;175;35;53;26;96465;0.31;0.42;0.26;0.27
2006;2;5;36;-2.6;-5.8;-10.6;-8.1;-10.2;-12.1;-0.4;-0.3;0.34;1.1;2.4;38.06;197;47;67;49;96938;0.32;0.08;0.26;0.27
2006;2;6;37;-1.7;-4.5;-7.8;-3.5;-7;-9.5;0.8;0.1;0.34;1.1;2.4;38.01;153;34;41;24;96746;0.24;0.97;0.26;0.27
2006;2;7;38;0.8;0;-2.3;0.4;-0.6;-3;4;0.4;0.36;1.1;2.4;44.73;52;12;11;5;95875;0.01;13.95;0.26;0.27
2006;2;8;39;1.5;0.6;-0.5;0.5;-0.2;-1.6;4;1.7;0.37;1.1;2.4;53.2;83;16;30;12;94824;0.06;7.69;0.26;0.27
2006;2;9;40;0.2;-1.2;-2.4;-1.6;-3.4;-5.2;4.7;0.7;0.37;1.1;2.4;58.81;146;36;87;36;94578;0.47;7.17;0.26;0.27
2006;2;10;41;0.8;-1.4;-2.7;-1.8;-3;-4;3.2;-1.2;0.38;1.1;2.4;67.63;165;37;76;30;95280;0.24;7.54;0.26;0.27
2006;2;11;42;-0.6;-2.8;-5.9;-3.7;-5.5;-7.3;0.6;-1.5;0.38;1.1;2.4;70.06;213;44;60;29;96661;0.29;0.33;0.26;0.27
2006;2;12;43;-0.8;-4.7;-9.1;-5.7;-7.3;-9.9;1.2;-0.3;0.38;1.1;2.4;70.11;183;38;61;34;96734;0.19;0.34;0.26;0.27
2006;2;13;44;-0.4;-5.2;-8.9;-6.3;-8.3;-10.6;0.2;0.7;0.37;1.1;2.4;70.11;270;66;106;62;96576;0.15;0.02;0.26;0.27
2006;2;14;45;0.6;-5.4;-12.6;-1.8;-6.9;-13.5;-0.3;1.4;0.37;1.1;2.4;70.07;158;39;66;27;96333;0.04;0.24;0.26;0.27
2006;2;15;46;3.1;0.8;-1.7;1.6;-0.4;-2.9;0.6;2.6;0.37;1.1;2.4;70.01;90;21;25;8;95133;-0.12;9.08;0.26;0.27
2006;2;16;47;3.7;2.1;0.7;3.5;1.7;0.6;1.1;1.9;0.37;1.1;2.4;68.89;93;16;42;8;93795;-0.32;11.65;0.28;0.27
2006;2;17;48;4.7;2.6;1.2;2;0.6;-1.4;2.7;2;0.36;1.1;2.4;63.09;232;54;80;39;93993;-0.06;2.49;0.29;0.27
2006;2;18;49;6.3;2.1;-0.4;0.8;-0.6;-1.7;0.9;2.7;0.36;1.1;2.4;59.16;242;46;85;53;94462;0.13;2.29;0.29;0.27
2006;2;19;50;5.6;2.4;0.2;0.9;-0.5;-1.4;-0.3;1.1;0.35;1.1;2.4;55.28;266;61;101;56;94730;0.12;0.44;0.29;0.27
2006;2;20;51;4.1;1.5;-0.7;1.1;-0.2;-1.4;-0.7;-0.5;0.35;1.1;2.4;51.55;171;34;66;38;94683;-0.06;1.27;0.3;0.27
2006;2;21;52;4.8;0.9;-1.9;0.2;-1.2;-2.2;-1.4;-1.6;0.35;1.1;2.4;48.13;263;62;76;40;95550;0.17;0.34;0.3;0.27
2006;2;22;53;0.5;-0.4;-1.4;-2.1;-3.3;-4.1;-2.5;-1.5;0.34;1.1;2.4;46.2;143;33;44;20;96297;0.52;0.1;0.3;0.27
2006;2;23;54;0.2;-1.3;-2.5;-4.3;-4.9;-5.6;-2.4;-0.7;0.34;1.1;2.5;46.02;115;28;58;26;96190;0.44;0.48;0.3;0.27
2006;2;24;55;2.3;-1.6;-4.2;-4.3;-6.3;-8.7;-4.7;-1.3;0.34;1.2;2.5;45.66;307;80;103;76;95946;0.85;0;0.29;0.27
2006;2;25;56;0.7;-2.9;-5.1;-6.2;-7.4;-8.8;-3.7;-1.7;0.34;1.2;2.5;44.8;344;84;103;69;95515;0.76;0.14;0.29;0.27
2006;2;26;57;-3;-4.6;-6.7;-7.6;-9.1;-10.1;-1;-2.2;0.34;1.2;2.5;44.38;182;42;73;34;95627;0.55;0.29;0.29;0.27
2006;2;27;58;-1.1;-5.1;-8.2;-8.4;-10.5;-11.5;1.3;-0.1;0.34;1.2;2.5;44.27;307;70;91;52;95652;0.52;0.41;0.29;0.27
2006;2;28;59;-0.3;-2.8;-7.8;-4.3;-7.2;-11.5;1.4;3;0.34;1.2;2.5;44.87;178;42;38;24;94736;0.51;2.69;0.28;0.27
2006;3;1;60;-0.3;-2.3;-4.1;-3.6;-5.7;-8.2;3.7;1.2;0.36;1.2;2.5;48.25;272;72;93;54;94512;0.55;3.35;0.28;0.28
2006;3;2;61;-0.1;-3.2;-5.1;-6.7;-8.1;-9.7;2.5;1.5;0.36;1.2;2.5;49.63;311;77;104;67;94689;0.56;1.41;0.28;0.28
2006;3;3;62;0.1;-2.3;-6.8;-0.7;-4.8;-9.2;0.4;2.2;0.37;1.2;2.5;53.05;153;38;63;28;94097;0.32;10.22;0.28;0.28
2006;3;4;63;-0.5;-2.7;-5;-2.3;-5;-6.1;1.3;-0.5;0.38;1.2;2.5;61.04;149;43;43;31;94056;0.35;2.41;0.28;0.28
2006;3;5;64;0.2;-3.6;-7.8;-5.1;-7.6;-9.6;2.2;-0.2;0.37;1.2;2.5;61.99;301;76;112;54;94646;0.49;0.17;0.27;0.28
2006;3;6;65;1;-1.6;-3;-4.1;-4.6;-5.8;3.5;-0.1;0.37;1.3;2.5;62.46;284;72;83;42;95381;0.45;2;0.27;0.28
2006;3;7;66;0.5;-2.2;-4;-4.6;-6.6;-8.7;2.3;-1;0.37;1.3;2.5;63.98;300;80;95;58;95882;0.51;1.42;0.27;0.28
2006;3;8;67;0.9;-2.4;-8.1;-2;-6.2;-9.2;-0.8;2.5;0.37;1.3;2.5;64.78;286;65;69;30;95336;0.37;6.61;0.27;0.28
2006;3;9;68;5;3.2;-0.9;4.9;3;-1.4;2.9;1.6;0.37;1.3;2.5;68.02;71;15;7;-1;94185;-0.63;14.75;0.28;0.28
2006;3;10;69;4.3;2.2;-0.6;2.9;1.3;-1;2.7;1.2;0.36;1.3;2.5;55.52;240;70;76;32;94552;-0.29;5.87;0.3;0.28
2006;3;11;70;2.3;-0.6;-4.9;1.4;-1.9;-7.3;1.6;-0.5;0.36;1.3;2.5;53.2;228;60;76;33;94712;0.24;7.9;0.31;0.28
2006;3;12;71;-3.5;-5.3;-6.8;-7.6;-9.6;-11.9;0.6;-3.8;0.37;1.3;2.5;56.89;225;61;57;37;96368;0.62;2.8;0.31;0.28
2006;3;13;72;-2.5;-5.3;-7.4;-8.9;-10.4;-11.3;-2.2;-1.7;0.37;1.3;2.5;57.66;328;88;103;57;97121;0.58;0.07;0.3;0.28
2006;3;14;73;1.1;-4.7;-11;-6.9;-9.3;-13.2;-1.8;-0.9;0.37;1.3;2.5;57.18;400;111;121;80;96751;0.44;0.02;0.3;0.28
2006;3;15;74;0.7;-2.5;-5.7;-4.8;-6.3;-8.2;-2.3;-1;0.37;1.4;2.5;56.8;242;69;71;36;96296;0.52;0.08;0.3;0.28
2006;3;16;75;0.9;-1.5;-3.5;-4.9;-6;-6.8;-2.1;-0.8;0.36;1.4;2.5;56.45;202;53;62;33;96337;0.55;0.29;0.29;0.28
2006;3;17;76;1.3;-1.3;-5.3;-3.9;-4.7;-6.5;-1.7;-1.5;0.36;1.4;2.5;56.34;143;42;56;28;96389;0.43;0.38;0.29;0.28
2006;3;18;77;2.7;0;-2.2;-1.8;-2.9;-4.2;-2;-0.7;0.36;1.4;2.5;55.65;194;56;55;30;96172;0.28;0;0.29;0.28
2006;3;19;78;5.2;0.3;-3.8;-0.2;-2.9;-4.6;-0.1;-0.6;0.35;1.4;2.5;51.99;421;116;124;72;95570;0.16;0;0.29;0.28
2006;3;20;79;7.5;2.2;-2.4;-0.3;-2.6;-4.5;0.7;-0.5;0.34;1.4;2.5;44.76;430;128;125;80;95220;0.2;0;0.29;0.28
2006;3;21;80;9.3;2.6;-2.8;0.9;-1.1;-4.1;-0.7;-0.7;0.33;1.5;2.5;36.96;355;101;87;45;94957;0.09;1;0.3;0.29
2006;3;22;81;2.9;0.8;-1.3;0.1;-2.2;-5.6;-1.2;-1.6;0.31;1.5;2.5;32.93;218;54;64;25;95073;0.55;1.83;0.3;0.29
2006;3;23;82;3.3;-0.4;-2.6;-6;-6.8;-8.1;-2.6;-0.4;0.3;1.5;2.5;31.47;344;109;113;77;95514;0.87;0.01;0.3;0.29
2006;3;24;83;7.2;2;-2.9;-0.1;-4.6;-10.1;-1.9;1.5;0.29;1.5;2.5;29.29;379;113;82;65;95019;0.76;0;0.3;0.29
2006;3;25;84;10.1;6.3;1.4;8.4;5;0.1;2.1;1.6;0.26;1.5;2.5;22.48;170;55;57;22;95257;-0.24;8.18;0.31;0.29
2006;3;26;85;12.1;9;6.2;10.4;8.3;5.6;2.4;1.6;0.2;1.5;2.5;11.64;127;28;38;7;95675;-0.33;8.4;0.32;0.29
2006;3;27;86;18;11.6;5.7;10.2;8.1;5.4;1.5;2;0.17;1.5;2.5;5.05;554;155;102;50;95314;1.43;3.35;0.32;0.29
2006;3;28;87;10.8;8.5;5.3;8.7;6.3;4.3;2.3;1.2;0.14;1.6;2.5;1.65;300;86;59;40;95011;1.07;3.12;0.32;0.3
2006;3;29;88;8.4;5.5;3.3;5.8;4;2.4;3.3;0.7;0.13;1.6;2.5;0.76;342;91;64;31;95340;1.42;4.59;0.32;0.3
2006;3;30;89;9;6.4;2.5;8.1;5.3;1.9;1.8;2.6;0.13;1.6;2.5;0.41;204;45;44;18;95420;0.96;8.69;0.32;0.3
2006;3;31;90;11.4;9.5;7.5;8.6;7.2;5.2;4.8;1.3;0.13;1.6;2.5;0.12;461;120;78;41;95335;2.16;11.79;0.32;0.3
2006;4;1;91;13.7;9;4.8;7.1;5.3;3.8;2.3;1.3;0.13;1.6;2.5;0.04;441;135;88;61;95671;1.57;2.19;0.32;0.3
2006;4;2;92;14;8.8;5.8;7.4;6.4;5.6;2.2;1.7;0.13;1.6;2.5;0.01;532;141;95;47;95663;1.84;4.91;0.31;0.3
2006;4;3;93;9.9;6.3;2.4;5.7;4;1.7;3.1;0.7;0.13;1.7;2.5;0;465;138;76;57;95839;1.83;4.39;0.31;0.31
2006;4;4;94;6.9;3.5;-0.1;5.5;1.1;-2.3;1.5;0.2;0.13;1.7;2.5;0.12;406;122;102;50;95791;1.52;4.1;0.31;0.31
2006;4;5;95;4.7;1.9;-1.8;-0.5;-2.5;-5.7;-0.9;-1.9;0.13;1.7;2.5;0.19;293;90;76;44;95241;1.1;1.63;0.31;0.31
2006;4;6;96;6.2;1.7;-3;-2.3;-4.7;-6.4;0.9;-0.6;0.14;1.7;2.5;0.24;511;152;110;76;95749;1.19;0.05;0.3;0.31
2006;4;7;97;9.2;3.6;-2;-1.4;-3.7;-5.1;0.6;1.2;0.14;1.7;2.5;0.17;610;188;120;85;95837;1.5;0;0.3;0.31
2006;4;8;98;12.5;5.8;-1.3;0.6;-1.6;-4.3;1.2;1.9;0.14;1.7;2.5;0.09;643;204;128;85;95518;1.84;0;0.29;0.31
2006;4;9;99;9.3;5.4;0.5;3.7;1.4;-1.7;1.9;1.1;0.14;1.7;2.5;0.02;444;126;64;47;95484;1.34;2.32;0.29;0.31
2006;4;10;100;4.1;2.6;1.3;2.3;1.4;0.4;-1.8;-2.8;0.14;1.8;2.5;0.13;119;38;25;17;95451;1.31;10.85;0.29;0.31
2006;4;11;101;7;3.2;0.5;0.3;-2.7;-6.5;0.8;-2.1;0.15;1.8;2.5;0.82;453;132;95;48;95854;1.63;1.2;0.29;0.31
2006;4;12;102;5.4;2.7;-0.1;2.1;-0.4;-4;2.3;1.3;0.15;1.8;2.5;0.91;311;91;74;37;95544;1.17;2.69;0.29;0.31
2006;4;13;103;7.7;4.6;1.2;5;2.6;0.9;3.4;1.3;0.15;1.8;2.5;0.59;390;94;53;23;95524;1.25;3.72;0.29;0.31
2006;4;14;104;10.5;7.2;4.5;8;6.1;4;4;0.6;0.14;1.8;2.5;0.18;318;77;59;23;95489;1.52;11.53;0.29;0.31
2006;4;15;105;14.2;8.6;1.9;7.5;5.3;1.9;-0.6;1.3;0.14;1.8;2.5;0.03;465;143;71;38;95737;1.62;2.86;0.29;0.31
2006;4;16;106;12.8;9.3;7.2;9;7.5;6.7;3.7;1.3;0.14;1.9;2.5;0;401;109;55;30;95342;2.09;6.04;0.29;0.31
2006;4;17;107;13;9.2;6;9.1;7.1;5.4;2;0.7;0.14;1.9;2.5;0;526;138;82;38;95554;2.09;4.25;0.29;0.31
2006;4;18;108;13;8.6;3.1;5.7;2.6;0.2;1.7;-0.6;0.14;1.9;2.5;0;540;170;98;70;95716;2.05;0.11;0.29;0.31
2006;4;19;109;14.1;9.8;2.9;5.6;2.6;0.4;0.5;-0.1;0.14;1.9;2.5;0;527;171;98;70;95846;1.96;0.31;0.28;0.31
2006;4;20;110;15.4;11.3;5.4;5.5;3.6;1.6;0.3;-0.1;0.14;1.9;2.5;0;586;206;119;80;95927;2.39;0.43;0.28;0.3
2006;4;21;111;18.3;12.6;3.9;7.6;4.8;2.9;-0.8;0.6;0.14;2;2.5;0;622;217;124;85;95990;2.61;0.19;0.28;0.3
2006;4;22;112;18.4;11.2;5.2;9.1;6.2;2.4;0.3;0.6;0.14;2;2.5;0;631;198;121;77;95893;2.38;2.63;0.27;0.3
2006;4;23;113;15.7;10.2;4.7;11.3;7.2;4.6;0.4;0.3;0.14;2;2.5;0;590;178;95;59;95844;2.48;3.69;0.27;0.3
2006;4;24;114;17.1;11;2.9;8.6;5.7;2.9;-1;-0.4;0.14;2;2.5;0;636;201;114;75;96168;2.43;0.01;0.27;0.3
2006;4;25;115;20.3;14.3;5.4;9;6.9;4.4;-0.4;-0.1;0.14;2;2.5;0;684;225;135;86;96128;2.86;0.08;0.26;0.3
2006;4;26;116;17.2;13.1;8.6;12.2;9.9;7.5;0.7;-0.3;0.14;2.1;2.5;0;423;126;86;47;96013;1.98;6.94;0.26;0.3
2006;4;27;117;16;11.8;8;12.7;10.4;7.9;-0.4;-1.9;0.15;2.1;2.5;0;435;120;73;29;95903;2.06;9.55;0.26;0.3
2006;4;28;118;10.4;8.9;5.8;10.1;6.6;2.8;-0.5;-2.5;0.15;2.1;2.5;0;169;55;50;21;95753;1.33;5.03;0.27;0.3
2006;4;29;119;8.5;5;1.6;4.3;2.5;-0.3;1.4;-0.8;0.15;2.1;2.5;0.2;559;140;107;47;95467;2.11;8.05;0.27;0.3
2006;4;30;120;9.9;5.3;-0.4;0.6;-1.3;-3.2;0.1;1.5;0.15;2.1;2.5;0.18;468;170;111;68;95621;2.07;0.4;0.27;0.3
2006;5;1;121;13.8;8.2;1.1;3.7;1.2;-1.6;0.3;1.5;0.15;2.2;2.5;0.08;627;219;111;73;95553;2.59;0.68;0.27;0.3
2006;5;2;122;15.5;10.8;5.4;7.3;4.3;2.3;0.3;0.4;0.15;2.2;2.5;0.02;472;180;111;69;95972;2.24;0.11;0.26;0.3
2006;5;3;123;20.5;13.7;4.3;7.9;5.7;2.5;-2.1;0.6;0.15;2.2;2.5;0;707;250;134;94;96355;3.37;0;0.26;0.3
2006;5;4;124;19.4;14.1;8.6;8.4;6.7;5.3;-4.1;0;0.15;2.2;2.5;0;706;251;124;101;96429;3.45;0;0.25;0.3
2006;5;5;125;18.7;13.8;8.6;6;4.2;1.8;-4;0.2;0.15;2.2;2.5;0;712;246;122;100;96519;3.5;0;0.25;0.3
2006;5;6;126;18.7;13.8;8.8;4.3;2.2;1;-3.5;-0.3;0.15;2.2;2.5;0;705;251;136;106;96554;3.7;0.34;0.24;0.3
2006;5;7;127;17.8;13.3;8.6;5.7;3.9;2.5;-3.6;-0.2;0.15;2.3;2.5;0;712;257;127;100;96449;3.33;0;0.24;0.3
2006;5;8;128;18.8;14;8.1;6.1;3.6;2.2;-3.2;-0.1;0.15;2.3;2.5;0;702;249;132;99;96029;3.48;0.29;0.23;0.3
2006;5;9;129;19.3;13.9;8.6;7.6;5.8;3.6;-2.9;-0.8;0.15;2.3;2.5;0;691;240;122;92;95711;3.15;0.55;0.23;0.3
2006;5;10;130;18.7;13.3;6.8;6.6;3.6;1.9;-1.2;-2;0.15;2.3;2.5;0;723;256;143;98;95903;3.37;0;0.23;0.3
2006;5;11;131;19.8;13.8;5.5;7.3;4.8;3.2;-1;-0.3;0.15;2.3;2.5;0;671;236;130;94;96070;3.06;0;0.22;0.3
2006;5;12;132;21.2;15.4;7.4;7.8;5.1;3.3;0.2;1.5;0.15;2.4;2.5;0;696;255;143;97;96097;3.28;0.01;0.22;0.29
2006;5;13;133;15.9;12.7;9.2;12.2;9.4;4.6;2.2;0.8;0.15;2.4;2.5;0;360;128;71;44;96012;2.06;4.01;0.22;0.29
2006;5;14;134;16.1;11.9;6.5;11.8;9.7;6.2;1.8;-0.5;0.15;2.4;2.5;0;459;150;85;48;96295;2.28;5.53;0.22;0.29
2006;5;15;135;18.7;12.8;4.3;9.3;7.1;4.3;-0.7;1.1;0.15;2.4;2.5;0;535;169;85;57;96271;2.49;0.02;0.22;0.29
2006;5;16;136;20.2;15.5;10.6;13.5;11.3;7.8;2.3;1;0.15;2.4;2.5;0;570;188;86;59;95965;2.68;4.26;0.21;0.29
2006;5;17;137;17.3;14.1;10.5;13;11.4;9.4;1.9;0;0.16;2.4;2.5;0;515;164;86;49;96204;2.63;9.65;0.22;0.29
2006;5;18;138;20.1;14.7;9.5;16.2;12.2;8.5;1.4;1.5;0.16;2.5;2.5;0;397;121;62;36;95800;2.49;11.57;0.22;0.29
2006;5;19;139;16.3;13;10.7;10.8;7.7;4.7;4;1.4;0.16;2.5;2.5;0;616;192;102;57;95608;3.25;1.92;0.23;0.29
2006;5;20;140;15;11.4;9;9.8;6.9;5.2;3;3.2;0.16;2.5;2.5;0;459;121;74;51;94976;2.8;6.68;0.23;0.29
2006;5;21;141;15;11.9;9.2;8;6.5;5.4;3.4;1.8;0.16;2.5;2.5;0;449;171;92;64;95215;2.69;0.78;0.23;0.29
2006;5;22;142;23.7;15.6;9.3;12.8;9.5;6.7;0.1;2;0.16;2.5;2.5;0;718;242;120;81;95124;3.76;1.69;0.23;0.29
2006;5;23;143;14.5;12;8.7;7.5;4.7;1.9;3.3;1.4;0.16;2.5;2.5;0;516;162;97;56;96021;2.69;0.23;0.22;0.29
2006;5;24;144;15.3;11.2;6.7;4.9;2.4;0;2.5;0.5;0.16;2.5;2.5;0;652;232;112;78;96447;3.16;0.04;0.22;0.29
2006;5;25;145;11.7;9.6;6.9;8.7;5.8;2.7;3.4;1.7;0.16;2.6;2.5;0;334;96;81;38;96327;1.84;3.73;0.22;0.29
2006;5;26;146;12.9;11;8.9;12.6;9.4;5.6;3.5;0.7;0.16;2.6;2.5;0;408;85;48;15;96226;1.63;18.1;0.22;0.29
2006;5;27;147;16.6;13.7;11.8;12.8;11.8;11;4.5;-0.2;0.16;2.6;2.5;0;460;136;69;30;96253;2.87;15.26;0.24;0.29
2006;5;28;148;16;13.3;9.7;12.7;8.4;4.7;4.5;-1;0.16;2.6;2.5;0;658;184;99;52;95860;3.34;12.06;0.25;0.29
2006;5;29;149;12.6;9.3;6.4;7.2;5.9;4.3;1.6;0.2;0.16;2.6;2.5;0;432;116;63;42;95413;1.94;9.31;0.25;0.29
2006;5;30;150;10.2;7;4.8;6.5;4.7;2.9;2.5;-1.3;0.16;2.6;2.5;0;518;152;90;41;95168;3.13;13.5;0.27;0.29
2006;5;31;151;9;6.4;4;5.6;3.2;1;3.1;-1.2;0.16;2.6;2.5;0;503;163;77;49;95715;2.59;7.48;0.27;0.28
2006;6;1;152;10;7.1;3.8;5.6;4.4;2.5;2.5;-0.9;0.16;2.6;2.5;0;555;173;85;50;96174;2.71;3.64;0.27;0.28
2006;6;2;153;12.9;8.2;0.9;4.1;2.6;0.7;-0.7;-2;0.16;2.7;2.5;0;430;162;90;66;96803;2.33;0.28;0.27;0.28
2006;6;3;154;15.4;10.8;6;7.3;5.2;3.5;0.7;-2.7;0.16;2.7;2.5;0;560;197;87;63;96702;2.95;1.89;0.27;0.28
2006;6;4;155;12.3;9.8;6.7;8.2;5.4;2.2;1.6;-2.2;0.16;2.7;2.5;0;478;170;72;43;96318;2.63;1.67;0.27;0.28
2006;6;5;156;11.7;8.6;4.9;4;3.1;2.5;1.5;-1.4;0.16;2.7;2.5;0;372;147;78;52;96409;2.21;0.51;0.26;0.28
2006;6;6;157;13.1;8.8;4.6;7.5;4.5;2.5;0;-1.8;0.16;2.7;2.5;0;503;196;91;67;96723;2.69;4.59;0.26;0.28
2006;6;7;158;15.4;10.5;3.9;8.2;6.2;3.7;-0.5;-1.2;0.16;2.7;2.5;0;660;227;113;73;96958;3.16;0.57;0.26;0.28
2006;6;8;159;16.9;12;4.3;8.6;5.2;3.5;-0.8;-0.5;0.16;2.7;2.5;0;526;191;107;74;97036;2.8;0;0.26;0.28
2006;6;9;160;18.8;13.8;5.6;9.4;7;4.3;-0.9;-1.3;0.16;2.8;2.5;0;568;190;105;71;96886;2.98;0;0.25;0.28
2006;6;10;161;20.8;15.6;7.9;10.5;8.7;6.9;-1.5;-1.6;0.16;2.8;2.6;0;564;218;93;73;96731;3.56;0;0.25;0.28
2006;6;11;162;20.7;15.4;8.2;9;7.4;5.5;-2.7;0.2;0.16;2.8;2.6;0;739;279;125;99;97119;4.19;0;0.25;0.28
2006;6;12;163;24;18.4;11;12.6;9.9;7.8;-2.6;0.2;0.16;2.8;2.6;0;736;278;125;96;97008;4.42;0;0.24;0.28
2006;6;13;164;25.3;19.6;10.8;14.9;11;8.4;-1.1;0.2;0.16;2.8;2.6;0;734;275;132;94;96659;4.32;0;0.24;0.28
2006;6;14;165;26.7;21.7;16.8;15;11.9;10.1;0.5;-0.4;0.16;2.8;2.6;0;694;263;122;87;96162;4.25;0;0.23;0.28
2006;6;15;166;27.8;21.8;13.1;17;13.1;11;-0.7;0.1;0.16;2.8;2.6;0;613;225;106;73;96111;3.76;0.01;0.23;0.28
2006;6;16;167;25.7;20.8;16.9;17;14.8;11.8;0.8;0.2;0.16;2.8;2.6;0;713;231;109;68;96014;3.67;2.58;0.22;0.28
2006;6;17;168;21.4;17.9;13.1;15.2;11.8;8.5;1.5;-1.1;0.16;2.8;2.6;0;666;235;112;68;96153;3.81;0.8;0.22;0.28
2006;6;18;169;24.8;18.6;10.4;15.5;11.3;9.5;-0.2;0.1;0.16;2.8;2.6;0;735;278;132;94;96158;4.04;0;0.22;0.28
2006;6;19;170;27.6;21.2;16;18;15.6;11.9;0.8;1.2;0.16;2.8;2.6;0;700;244;106;70;95961;3.75;2.15;0.21;0.28
2006;6;20;171;26.4;20.8;14.9;19;16.7;14;0.9;0.6;0.16;2.8;2.6;0;668;237;103;67;96117;3.63;1.91;0.21;0.28
2006;6;21;172;24.7;20.7;16.3;18.4;17.2;16;1.5;0.7;0.16;2.8;2.6;0;543;200;81;56;95864;3.45;4.19;0.21;0.28
2006;6;22;173;21.7;18.6;14.7;16.2;13.5;11.1;2.5;0.5;0.16;2.8;2.6;0;490;192;76;64;95844;3.1;0.16;0.21;0.28
2006;6;23;174;20.4;16.9;13;10.6;9.1;7.7;0.9;-0.6;0.16;2.8;2.5;0;469;182;85;62;96174;2.95;0;0.21;0.28
2006;6;24;175;25.8;20;12.7;15.7;12.5;9.1;-1.3;0.1;0.16;2.8;2.5;0;599;234;100;75;96043;3.57;0.06;0.2;0.28
2006;6;25;176;28.4;22.7;15.2;19.2;16.5;14.3;-1.4;0.6;0.16;2.8;2.5;0;676;243;104;73;95732;3.74;0.69;0.2;0.28
2006;6;26;177;25.6;21.1;16.7;18.2;15.1;13.1;1.9;0.4;0.15;2.7;2.5;0;657;233;98;67;95941;3.68;1.04;0.2;0.28
2006;6;27;178;26.1;20.8;15.3;18;15.8;13.6;0.7;0.2;0.15;2.7;2.5;0;663;229;104;71;96228;3.46;7.88;0.19;0.28
2006;6;28;179;21.1;17.7;13.8;17.1;15.4;13.6;-1.1;-1;0.15;2.7;2.5;0;361;117;61;39;96261;2.71;11.07;0.2;0.27
2006;6;29;180;20.6;17.5;14.3;15.3;14.3;12.5;-2.2;-1.3;0.15;2.7;2.5;0;337;124;62;41;96374;2.6;10.26;0.21;0.27
2006;6;30;181;21.1;17.1;13.4;13.5;11.8;10.4;-1.3;-1.8;0.15;2.7;2.5;0;577;213;92;66;96742;3.68;0.04;0.21;0.27
2006;7;1;182;22.5;18.2;13.2;13.2;11.5;10.2;-2;-0.9;0.15;2.7;2.5;0;605;213;95;67;96882;3.58;0.1;0.21;0.27
2006;7;2;183;22.8;18.3;12.8;11.2;9.5;7.9;-3.1;-0.6;0.15;2.7;2.5;0;754;283;132;98;96665;4.33;0;0.21;0.27
2006;7;3;184;24.8;19.7;13.6;14.6;12.3;9.6;-3.2;-0.2;0.15;2.7;2.5;0;714;256;108;84;96295;3.95;0.02;0.2;0.27
2006;7;4;185;26.8;21.3;15.6;14.5;13.9;12.7;-2.6;0.4;0.15;2.7;2.5;0;722;268;113;88;96221;4.16;0;0.2;0.27
2006;7;5;186;27.8;22.2;15.9;16.1;14.3;13.1;-1.6;0.5;0.15;2.7;2.5;0;719;265;118;89;96180;4.14;0.01;0.19;0.27
2006;7;6;187;26.5;21.3;16.5;16.3;15.4;14.4;0.5;0;0.15;2.7;2.5;0;620;236;104;71;96132;3.52;0.74;0.19;0.27
2006;7;7;188;20.8;18.1;15.6;17.9;16.4;14.5;1.7;-0.3;0.15;2.7;2.5;0;304;97;47;35;96016;2.34;32.05;0.2;0.27
2006;7;8;189;23;19.1;15.9;18.1;16;15;1.4;-0.1;0.15;2.6;2.5;0;558;172;82;44;96235;3.18;3.87;0.22;0.27
2006;7;9;190;25.4;20.6;14.5;17.1;15.6;14.4;0.5;0.5;0.15;2.6;2.5;0;661;228;99;63;96333;3.81;0.26;0.22;0.27
2006;7;10;191;25.1;21.2;15.9;16.9;15.2;13.9;1.5;0.1;0.15;2.6;2.5;0;567;211;86;61;96734;3.6;0.24;0.21;0.27
2006;7;11;192;27.6;22.9;16.1;18.1;16;14.4;-0.1;-0.3;0.15;2.6;2.5;0;550;226;93;67;96657;3.87;0.08;0.21;0.27
2006;7;12;193;26.7;22;18.4;18.9;17.2;14.5;-1.7;-1.6;0.15;2.6;2.5;0;681;227;94;63;96648;3.9;4.59;0.21;0.27
2006;7;13;194;28;22.8;16.2;18.7;16.8;15;-1;-0.8;0.15;2.6;2.5;0;658;236;105;70;96474;4.18;1.39;0.21;0.27
2006;7;14;195;23.7;20;15.6;17.7;14.7;7.9;-1.2;-3.1;0.15;2.6;2.5;0;685;231;107;68;96745;4.03;1.9;0.21;0.27
2006;7;15;196;22.7;18;13;9.8;8.6;7.5;-2.1;-1.6;0.15;2.6;2.5;0;749;279;135;106;97096;4.35;0;0.2;0.27
2006;7;16;197;22.5;17.9;12.4;11.2;8.8;7.7;-2.1;-1.3;0.15;2.6;2.5;0;730;270;130;98;97110;4.01;0;0.2;0.27
2006;7;17;198;25.1;19.2;11.6;13.4;10.3;7.7;-1.6;-0.8;0.15;2.6;2.5;0;736;274;131;98;96932;3.99;0;0.19;0.27
2006;7;18;199;27.8;21.4;12.6;14.8;11.2;9.3;-1.1;-0.3;0.15;2.6;2.5;0;739;275;144;101;96671;4.03;0;0.19;0.27
2006;7;19;200;30.2;23.9;16;15.1;11.8;9.5;-0.9;0.3;0.15;2.5;2.5;0;740;275;149;103;96543;4.01;0;0.19;0.26
2006;7;20;201;32.2;25.7;16.5;16;12.6;10.1;0.1;0.4;0.15;2.5;2.5;0;728;262;139;94;96397;3.81;0;0.18;0.26
2006;7;21;202;30.5;25.1;18.9;17.3;14.9;12.3;0.5;-1.3;0.15;2.5;2.5;0;676;230;116;75;96426;3.56;0.04;0.18;0.26
2006;7;22;203;30.2;25.1;18.3;18.1;14.9;12.6;-0.9;-0.4;0.15;2.5;2.5;0;674;242;116;79;96231;3.49;0.08;0.18;0.26
2006;7;23;204;26.9;22.9;18.6;18.6;17.2;15.5;0.9;-0.5;0.15;2.5;2.5;0;572;208;89;60;96245;3.25;3.18;0.17;0.26
2006;7;24;205;28;23.6;16.5;18.3;15.2;12.8;-0.8;-0.7;0.15;2.5;2.5;0;599;218;104;76;96382;3.34;0.04;0.17;0.26
2006;7;25;206;29.2;24.6;18.7;16.3;14.2;13.2;-1.9;-0.1;0.15;2.5;2.5;0;561;207;103;74;96293;3.11;0.07;0.17;0.26
2006;7;26;207;30.4;24.4;18;17.6;15.8;14.4;-1.2;0.1;0.15;2.5;2.5;0;606;206;107;68;96202;3.16;1.91;0.17;0.26
2006;7;27;208;30.9;24.6;17.9;18.3;16.7;14.6;-0.8;-0.2;0.15;2.5;2.5;0;665;230;114;74;96059;3.54;2.64;0.17;0.26
2006;7;28;209;27.3;22.8;18.8;18.5;17.1;15.2;-0.3;0.4;0.15;2.5;2.5;0;496;165;90;62;95630;2.63;2.05;0.17;0.26
2006;7;29;210;23.4;19.7;17;18;16.8;14.9;1.1;-0.6;0.15;2.5;2.5;0;298;112;56;41;95414;2.3;7.17;0.17;0.26
2006;7;30;211;26.3;21.8;16.1;17.4;15.8;13.9;1;0.4;0.15;2.4;2.5;0;596;205;94;67;95794;3.02;0.28;0.17;0.26
2006;7;31;212;25.1;21;17;17.2;16.1;15.2;1.7;0.2;0.15;2.4;2.5;0;472;171;89;52;95820;2.69;3.73;0.17;0.26
2006;8;1;213;20.4;17.4;14.7;16.5;14.2;11.7;2;0.8;0.15;2.4;2.5;0;341;100;55;36;95462;2.22;3.2;0.17;0.26
2006;8;2;214;19.2;16;13.1;12.8;9.9;7.2;3.3;0.8;0.15;2.4;2.5;0;557;186;91;65;95340;2.93;0.87;0.17;0.26
2006;8;3;215;18.9;15.6;11.2;11.1;9.2;7.9;0.7;-0.2;0.15;2.4;2.5;0;406;145;83;62;95054;2.01;0.87;0.17;0.26
2006;8;4;216;20.4;15.7;12.3;12.4;11.1;9.4;1.4;-1.1;0.15;2.4;2.5;0;576;184;100;66;95348;2.58;4.57;0.17;0.26
2006;8;5;217;19.8;15.3;11;13.3;11.8;10.3;1.8;-1.8;0.15;2.4;2.5;0;519;163;95;53;95682;2.52;5.83;0.17;0.26
2006;8;6;218;16.9;14.9;13.3;15.1;13.8;12.3;2.4;-2.4;0.15;2.4;2.5;0;243;60;27;12;95620;2.07;20.06;0.18;0.26
2006;8;7;219;20.8;17.5;14.4;14.4;12.7;11;2.5;-3.2;0.15;2.4;2.5;0;487;162;77;53;95675;3.2;1.75;0.19;0.26
2006;8;8;220;18.8;16.2;13.7;13.3;11.6;9.3;1.2;-2.4;0.15;2.4;2.5;0;405;149;96;60;95739;2.38;1.45;0.19;0.26
2006;8;9;221;19;15.6;12.2;11.2;9.6;7.9;1.6;-0.7;0.15;2.3;2.5;0;502;166;88;59;95757;2.54;0.54;0.19;0.26
2006;8;10;222;18;14.1;11.6;12.6;10.7;8.2;1.6;0.4;0.15;2.3;2.5;0;483;129;80;50;95590;2.25;8.63;0.19;0.26
2006;8;11;223;15.4;12.2;9.8;11.1;9.3;8.3;1.6;1.1;0.15;2.3;2.5;0;511;150;79;52;95435;2.72;7.34;0.2;0.26
2006;8;12;224;15.4;12.1;9.2;12.4;9.5;8.1;0.9;0.8;0.15;2.3;2.5;0;482;152;82;49;95188;2.52;4.54;0.2;0.26
2006;8;13;225;17.5;12.5;7.9;10.1;8;6.6;0.5;1.4;0.15;2.3;2.5;0;552;186;100;70;95134;2.58;1.2;0.2;0.25
2006;8;14;226;17.9;13.1;9.3;11.3;9.8;8.4;1.9;2.1;0.15;2.3;2.5;0;516;155;90;50;95248;2.77;6.4;0.2;0.25
2006;8;15;227;17.5;13.4;11;12.9;11.3;9.4;2.6;1.7;0.14;2.3;2.5;0;462;93;81;35;95421;1.9;10.85;0.21;0.25
2006;8;16;228;19.8;15.3;9.1;14.5;12.2;8.7;-1;0.3;0.14;2.3;2.5;0;464;141;89;59;95283;2.07;2.17;0.21;0.25
2006;8;17;229;24;18.5;11;16.6;14.2;10.6;-0.6;0.3;0.14;2.3;2.5;0;619;209;97;69;95199;2.94;0.3;0.21;0.25
2006;8;18;230;20.8;18.1;13.2;15;12.5;10.6;1.6;1;0.14;2.3;2.5;0;565;167;108;62;95370;2.74;0.99;0.21;0.25
2006;8;19;231;24.6;18.5;11.1;14;11.7;9.6;-0.8;0.5;0.14;2.3;2.5;0;583;197;109;71;96029;3;2.78;0.21;0.25
2006;8;20;232;19.7;16.1;13.6;14.1;12.8;10.9;2.5;1.1;0.14;2.3;2.5;0;347;132;74;57;96281;2.38;6.76;0.21;0.25
2006;8;21;233;17.4;15.1;13.1;12.8;11.1;10.1;2.9;0.9;0.14;2.3;2.5;0;436;149;73;58;96221;2.41;2.15;0.21;0.25
2006;8;22;234;17.5;14.4;12.1;13.4;11.4;9.8;3;0.5;0.14;2.2;2.5;0;526;139;78;43;95970;2.47;5.23;0.22;0.25
2006;8;23;235;18.5;14.9;11.2;11.3;9.6;8.3;1.5;-0.4;0.14;2.2;2.5;0;509;153;98;63;95990;2.29;0.39;0.21;0.25
2006;8;24;236;21.1;15.3;9.6;13.2;10.5;8.2;0;1.3;0.14;2.2;2.5;0;605;161;108;61;95514;2.39;2.02;0.21;0.25
2006;8;25;237;14.9;12.8;10.1;11.7;10.5;9.2;2.3;1.7;0.14;2.2;2.5;0;322;117;76;49;95332;2.07;2.85;0.21;0.25
2006;8;26;238;17.2;13.8;10.9;13.9;11.7;9.5;2.1;0.6;0.14;2.2;2.5;0;429;129;85;41;95379;2.26;5.47;0.21;0.25
2006;8;27;239;17.1;13.3;10;13.8;11.3;9.2;2.3;0.4;0.14;2.2;2.5;0;440;142;79;45;95553;2.36;5.9;0.22;0.25
2006;8;28;240;14.9;12.2;9.8;12.5;11;8.9;2.9;1.2;0.14;2.2;2.5;0;290;73;43;19;95245;2.2;16.77;0.22;0.25
2006;8;29;241;14.2;10.8;8.4;10.4;8.4;7.1;4;0.8;0.14;2.2;2.5;0;387;124;89;44;95101;2.39;3.36;0.23;0.25
2006;8;30;242;14.2;10.8;7.8;10.5;8.7;7.2;3.8;-0.5;0.14;2.2;2.5;0;401;125;65;43;95780;2.22;4.59;0.24;0.25
2006;8;31;243;15.1;12.3;9.3;8.9;7.4;5.5;3.2;-0.5;0.14;2.2;2.5;0;395;114;57;41;96632;1.89;0.34;0.24;0.25
2006;9;1;244;19.7;15;10.9;12.7;10.2;7.6;1.2;1;0.14;2.2;2.5;0;439;121;89;47;96375;1.82;0.1;0.23;0.25
2006;9;2;245;23.1;17.6;11.8;14.1;12.5;9.7;0.7;1.8;0.14;2.2;2.5;0;589;169;96;57;95972;2.54;0.1;0.23;0.25
2006;9;3;246;19.9;18.2;16.3;16.8;14.6;13.2;3.9;1.9;0.14;2.2;2.5;0;213;54;30;19;96011;1.29;0.79;0.23;0.25
2006;9;4;247;20.7;18.5;16.1;16.9;13.5;11.5;4.5;-0.4;0.14;2.2;2.5;0;438;135;78;45;96515;2.75;1.63;0.23;0.25
2006;9;5;248;20.4;16.7;13.7;12.4;11.5;9.9;2.7;-0.8;0.14;2.2;2.5;0;581;159;97;64;96788;2.33;0;0.23;0.25
2006;9;6;249;23.5;18;12.7;15.9;13.7;11.5;0.1;0.7;0.14;2.2;2.5;0;578;177;110;71;96401;2.36;0;0.23;0.25
2006;9;7;250;25.4;19.1;12.3;16.6;14.3;9.7;0.7;-0.1;0.14;2.2;2.5;0;577;184;109;70;95884;2.65;0.42;0.22;0.25
2006;9;8;251;16.7;13.3;9.2;9;6.6;5.1;1.4;-2.5;0.14;2.2;2.5;0;468;152;100;75;96838;2.16;0;0.22;0.25
2006;9;9;252;18.8;13;6.8;8.5;6.9;5.4;-1.7;-0.5;0.14;2.2;2.5;0;604;189;130;92;97092;2.29;0;0.22;0.25
2006;9;10;253;21.9;15.6;9.5;10.7;8.4;5.9;-2.5;0.1;0.14;2.2;2.5;0;602;189;130;97;96899;2.48;0;0.22;0.25
2006;9;11;254;22.9;16.4;9.6;11.8;10;7.9;-1.9;0.2;0.14;2.2;2.5;0;580;183;125;91;96698;2.37;0;0.21;0.25
2006;9;12;255;23.1;16.3;9.4;11.8;10.5;8.4;-1.7;0;0.14;2.1;2.5;0;589;184;132;95;96434;2.24;0;0.21;0.25
2006;9;13;256;23.9;16.6;8.8;12.8;10.6;8.3;-1.4;0.3;0.14;2.1;2.5;0;579;180;128;90;96136;2.26;0;0.21;0.25
2006;9;14;257;24.2;17.4;10.4;12.3;11.2;9;-2.5;0.2;0.14;2.1;2.5;0;577;178;125;90;95572;2.25;0;0.21;0.25
2006;9;15;258;24.7;18.7;13.5;14;12.9;11.6;-3.7;0.3;0.14;2.1;2.5;0;552;154;100;69;95112;2.14;0.38;0.21;0.25
2006;9;16;259;24.4;19;15;14.3;13;11.5;-2.9;0.6;0.14;2.1;2.5;0;531;155;95;64;95366;2.22;0.25;0.2;0.25
2006;9;17;260;22.6;17.9;13.7;13.7;11.9;10.7;-2.1;0.3;0.14;2.1;2.5;0;515;141;94;63;95326;1.95;0.23;0.2;0.25
2006;9;18;261;21.2;16.3;12.7;15.2;14;12.2;0.6;0.2;0.14;2.1;2.5;0;432;115;80;44;95517;1.67;8.24;0.2;0.25
2006;9;19;262;18;15.3;14;14.5;12;8.8;2.2;-0.4;0.14;2.1;2.5;0;369;80;83;34;95848;1.64;2.33;0.21;0.25
2006;9;20;263;18.7;14.7;10.8;11.7;9.5;7.3;0.7;0;0.14;2.1;2.5;0;441;131;112;66;96252;1.75;0.11;0.21;0.25
2006;9;21;264;22;15.4;8.9;11.6;9.8;7;-2.4;0.6;0.13;2;2.5;0;546;164;122;87;96203;1.97;0;0.21;0.25
2006;9;22;265;22.8;16.9;11.8;12.9;10.9;8.6;-2.8;0.5;0.13;2;2.5;0;538;161;117;90;95995;2;0;0.2;0.25
2006;9;23;266;21.8;16.2;11.9;10.3;8.6;6.5;-3.1;0.4;0.13;2;2.5;0;544;162;129;96;95913;2.08;0;0.2;0.25
2006;9;24;267;22;16.2;11;11.8;9;5.8;-2;0.7;0.13;2;2.5;0;527;156;116;89;95566;1.92;0;0.2;0.25
2006;9;25;268;21.4;16.1;11.3;13;11.7;9.7;-1.5;-0.1;0.13;2;2.5;0;444;127;88;65;95332;1.53;0.34;0.2;0.25
2006;9;26;269;20.3;15.8;11.5;13.6;12.4;10.9;0.5;-1;0.13;2;2.5;0;374;92;70;40;95749;1.11;0.85;0.2;0.25
2006;9;27;270;15.9;14;11.1;14.5;13.2;11;0.3;-1.2;0.13;1.9;2.5;0;148;40;62;25;95932;0.81;3.05;0.2;0.25
2006;9;28;271;18.1;13.8;9.9;11.8;10.6;9.4;0;-0.3;0.13;1.9;2.5;0;384;90;80;36;95755;1.2;0.02;0.2;0.25
2006;9;29;272;18.8;15;11.3;13;11.7;10.2;-0.6;1.1;0.13;1.9;2.5;0;379;89;76;37;95731;1;0.06;0.2;0.25
2006;9;30;273;20.4;15.4;11.1;14;12.5;10.6;0.3;1.2;0.13;1.9;2.5;0;421;114;85;55;95798;1.21;0.96;0.2;0.25
2006;10;1;274;19.2;15.5;13.2;13.8;12.8;12.1;1.2;1.4;0.13;1.9;2.5;0;358;79;73;38;95793;1.29;3.65;0.2;0.25
2006;10;2;275;18;14.4;11.9;13.4;11.8;9.6;2.3;1.3;0.13;1.9;2.5;0;342;60;71;32;95641;1.33;11.23;0.2;0.25
2006;10;3;276;16.6;14;11.4;15.4;13;10.4;0.1;1.7;0.13;1.8;2.5;0;197;36;34;18;94732;1.01;19.06;0.22;0.25
2006;10;4;277;13.7;11.2;8.2;11.2;7.7;5.6;3.2;0.8;0.13;1.8;2.5;0;417;99;85;49;95410;1.95;3.72;0.23;0.25
2006;10;5;278;11.6;9.2;7.2;9.7;7.4;6.3;1.9;1;0.13;1.8;2.5;0;249;64;75;47;96227;0.99;1.75;0.23;0.25
2006;10;6;279;13.3;10.5;7.4;9.6;7.9;5.1;1.4;2.4;0.13;1.8;2.5;0;98;28;75;35;96038;0.49;0.29;0.23;0.25
2006;10;7;280;13.6;10.9;7.3;10.6;8.9;6.7;2.6;1.3;0.13;1.8;2.5;0;293;67;77;41;95823;1.45;7.66;0.23;0.24
2006;10;8;281;13.3;8.6;3.7;7.3;6.1;3.6;0.2;0.9;0.13;1.8;2.5;0;342;86;113;65;96669;0.92;0;0.23;0.24
2006;10;9;282;16.7;9.9;3.4;9.6;6.4;2.6;-0.7;1.3;0.13;1.7;2.5;0;459;127;118;82;96541;1.16;0;0.23;0.24
2006;10;10;283;18;11.4;4.7;10.7;8.1;4.2;-1.2;0.3;0.13;1.7;2.5;0;448;122;111;78;96520;1.14;0;0.23;0.24
2006;10;11;284;17.6;11.3;5.9;10.5;8.4;5.3;-1.6;0.1;0.13;1.7;2.5;0;443;121;111;76;96029;1.11;0;0.23;0.24
2006;10;12;285;18.6;12.2;6.9;12.1;9.8;6.6;0.3;-0.3;0.13;1.7;2.5;0;435;109;110;63;96423;1.01;0;0.23;0.24
2006;10;13;286;17.3;12.8;8.3;13.1;10.6;8.1;-1.2;-1.7;0.13;1.7;2.5;0;306;81;83;43;97083;0.87;0.29;0.23;0.24
2006;10;14;287;15.6;12.5;9.8;10.2;9.1;7.8;-3.4;-0.9;0.13;1.7;2.5;0;353;72;89;47;97160;0.93;0.08;0.23;0.24
2006;10;15;288;13.9;9.7;6.1;8.3;6.7;4.5;-3;-1;0.13;1.7;2.5;0;439;100;118;74;97099;0.91;0;0.23;0.24
2006;10;16;289;11.7;7.8;5.1;6.4;4.8;2.6;-2.6;0.3;0.13;1.6;2.5;0;361;90;95;70;96903;0.77;0;0.23;0.24
2006;10;17;290;13.5;7.3;2.7;3.1;1.6;-0.2;-1.8;0.8;0.13;1.6;2.5;0;442;118;131;97;96287;1.07;0;0.22;0.24
2006;10;18;291;13.2;6.9;1;6;3.7;-0.1;-1.1;1.4;0.13;1.6;2.5;0;402;102;111;77;95615;0.74;0;0.22;0.24
2006;10;19;292;15.8;9.2;3.5;7.7;5.3;2.3;-1.3;0.9;0.12;1.6;2.5;0;406;105;108;68;94969;0.92;0.02;0.22;0.24
2006;10;20;293;14.7;10.5;7.1;9.3;7.8;6;-0.3;1;0.12;1.6;2.5;0;334;83;92;50;94779;0.82;0.93;0.22;0.24
2006;10;21;294;14.8;11.4;9.5;12;10.2;8.6;0.7;2;0.12;1.6;2.5;0;185;42;73;39;95043;0.57;3.31;0.22;0.24
2006;10;22;295;17;12.4;9.4;11;9.5;8.1;0;1.9;0.12;1.6;2.5;0;346;83;83;61;95258;0.91;0.29;0.22;0.24
2006;10;23;296;16.9;13.5;10.4;11.9;10.2;7.9;0.6;2.3;0.12;1.6;2.5;0;271;66;68;34;94792;1.01;3.1;0.22;0.24
2006;10;24;297;16.6;13.4;10.5;12.1;9.3;5.6;3.6;2.7;0.12;1.6;2.5;0;325;81;91;43;94755;2;8.3;0.23;0.24
2006;10;25;298;14.1;10.9;9.2;8.5;7.1;5.3;0;1;0.12;1.6;2.5;0;301;77;109;57;95815;1.08;0.32;0.23;0.24
2006;10;26;299;19.8;13.6;9.5;11.6;8.7;5.1;-1.1;2.2;0.12;1.6;2.5;0;359;89;98;71;95777;1;0;0.23;0.24
2006;10;27;300;17.2;13.9;11.3;14.5;12.3;9.4;2.3;1;0.12;1.6;2.5;0;212;53;65;42;96481;0.49;1.12;0.23;0.24
2006;10;28;301;14.5;12.6;10.9;12.2;11.3;10.2;2.7;0.5;0.12;1.6;2.5;0;194;40;43;21;96755;0.93;3.21;0.23;0.24
2006;10;29;302;14.4;12;9.2;12.8;9.6;5.7;4.3;-0.9;0.12;1.6;2.5;0;250;44;78;33;96056;1.34;2.72;0.23;0.24
2006;10;30;303;11.2;9;7.4;7.1;6.3;5.3;1;0;0.12;1.6;2.5;0;220;52;73;42;96432;0.86;1.21;0.23;0.24
2006;10;31;304;13;9.5;6;7.9;6.1;4.7;1.6;2.4;0.12;1.6;2.5;0;255;59;70;50;95391;0.74;0.58;0.23;0.24
2006;11;1;305;9.1;4.5;-0.2;6.6;1.2;-4.6;5.3;-1.2;0.12;1.6;2.5;0.05;319;74;95;64;95483;1.89;4.95;0.23;0.24
2006;11;2;306;1.7;-0.8;-2.8;-2.2;-5.5;-9.2;2.6;-1.3;0.14;1.6;2.5;1.59;357;75;111;74;96614;0.58;4.59;0.23;0.24
2006;11;3;307;2;-0.5;-2;-2.7;-4.3;-5.6;1.5;-1.7;0.22;1.6;2.5;5.79;205;48;90;55;96903;0.48;1.09;0.23;0.24
2006;11;4;308;4.1;2.1;-2;3.2;0.8;-5.5;3.3;0;0.21;1.6;2.5;5.5;81;17;23;9;97082;0.26;2.12;0.23;0.24
2006;11;5;309;6;4.9;3.9;5.3;4.5;3.3;4.6;0.1;0.16;1.6;2.5;2.36;33;8;6;2;96733;0.33;5.81;0.24;0.24
2006;11;6;310;6.9;5.9;5.3;5.5;4.9;4.2;3.5;0.1;0.13;1.6;2.5;0.69;85;18;16;7;96863;0.46;0.45;0.25;0.24
2006;11;7;311;8.8;5;2.5;4.1;3.2;1.4;0.9;1.1;0.12;1.6;2.5;0.29;288;62;103;54;96715;0.43;0.04;0.25;0.24
2006;11;8;312;11.2;6.4;-0.1;8.2;3.9;-1.2;2.6;1.6;0.12;1.5;2.5;0.16;296;67;90;48;96529;0.53;0.27;0.25;0.24
2006;11;9;313;9.6;8.1;4.1;8.8;5.6;1.5;4.2;-0.5;0.11;1.5;2.5;0;266;39;94;39;96617;0.92;5.41;0.25;0.24
2006;11;10;314;5.9;3.5;1;1.9;0.7;-0.9;1.9;-0.3;0.11;1.5;2.5;0;193;43;77;56;97475;0.54;0.44;0.25;0.24
2006;11;11;315;6.2;4;1;6.1;2;-2;2.5;1.9;0.11;1.5;2.5;0;113;22;52;21;96125;0.45;5.37;0.25;0.24
2006;11;12;316;5.8;4;2.2;4.8;2.7;0.4;5.1;-0.5;0.11;1.5;2.5;0;183;40;69;31;95468;1.53;7.91;0.26;0.24
2006;11;13;317;7.8;4.5;2;7.4;3.9;0.9;4.3;1.3;0.11;1.5;2.5;0.04;40;8;24;6;95491;0.61;6.55;0.26;0.24
2006;11;14;318;10.3;9.3;7.9;9.7;8.9;7.4;3.7;1.5;0.11;1.5;2.5;0;28;6;15;2;95643;0.23;3.73;0.27;0.24
2006;11;15;319;12.9;9.9;8;8.9;8.2;6.9;1;2;0.11;1.5;2.5;0;214;45;91;43;96008;0.43;0.05;0.27;0.24
2006;11;16;320;13.4;8.4;4.2;8.5;6.4;3.7;-1.1;1.7;0.11;1.5;2.5;0;287;65;104;78;95577;0.33;0;0.27;0.24
2006;11;17;321;11.1;7.6;4.8;7.2;5.8;3.6;-0.9;1.3;0.11;1.5;2.5;0;130;27;65;37;95644;0.21;0.3;0.26;0.24
2006;11;18;322;11.7;7.3;4.6;7.8;6;4.4;0.1;0.8;0.11;1.5;2.5;0;259;54;88;49;96070;0.42;0.25;0.26;0.24
2006;11;19;323;10.6;7.1;3.6;7.2;5.8;3.5;-0.2;2.2;0.11;1.5;2.5;0;263;49;85;37;96282;0.45;1.38;0.26;0.24
2006;11;20;324;7.7;4.7;3.3;7.2;1.9;-0.3;1.6;1.3;0.11;1.6;2.5;0;117;25;70;31;96056;0.65;0.48;0.26;0.24
2006;11;21;325;7.6;5.1;2.8;6;3.9;1.3;0.6;2.8;0.11;1.6;2.5;0;75;16;62;20;94632;0.66;6.33;0.26;0.25
2006;11;22;326;5.2;3.7;1.3;4.3;2.6;-0.2;1.7;0.8;0.11;1.6;2.5;0;132;26;67;29;94569;0.61;1.44;0.27;0.25
2006;11;23;327;6.9;3.5;-0.2;2.7;0.3;-1.8;-0.3;3;0.11;1.6;2.5;0;93;20;73;32;94564;0.53;0.26;0.27;0.25
2006;11;24;328;11;7.6;5.4;6.5;5.2;1.9;-0.8;2;0.11;1.6;2.5;0;224;49;86;53;95086;0.46;0.58;0.27;0.25
2006;11;25;329;11.8;7.7;5.7;6.7;4.7;2.4;-1.6;1.7;0.11;1.6;2.5;0;189;40;82;52;95435;0.33;0;0.26;0.25
2006;11;26;330;12.1;6.1;2.6;8.3;4.8;2.4;-1;0.8;0.11;1.6;2.5;0;245;51;92;57;96435;0.2;0;0.26;0.25
2006;11;27;331;9.5;5;2.4;7.1;4.4;2.4;-1.1;0.8;0.11;1.6;2.5;0;199;39;89;38;96805;0.15;0.01;0.26;0.25
2006;11;28;332;7.7;4.4;1.9;4.6;3.4;1.8;-1;0.8;0.11;1.6;2.5;0;190;33;71;32;96653;0.25;0;0.26;0.25
2006;11;29;333;7.6;4.5;0.9;6.1;3.9;0.7;0.7;0;0.11;1.6;2.5;0;80;16;41;14;97199;0.09;0.09;0.26;0.25
2006;11;30;334;8;6;4.2;5.6;4.9;3.9;-2;-0.1;0.11;1.6;2.5;0;106;22;56;24;97716;0.15;0.01;0.26;0.25
2006;12;1;335;6.5;4;1.7;4.2;3.2;1.5;-0.4;1.5;0.11;1.6;2.5;0;138;27;68;39;97229;0.11;0.01;0.26;0.25
2006;12;2;336;6.8;3;1;2.6;1.3;-0.6;-0.4;2.2;0.11;1.6;2.5;0;239;43;92;52;96542;0.29;0.02;0.26;0.25
2006;12;3;337;7.5;3.9;1.8;1.4;-0.2;-1.2;-0.4;2.8;0.11;1.7;2.5;0;206;39;76;48;95758;0.45;1.36;0.26;0.25
2006;12;4;338;8.2;6.8;4.5;6.3;4.8;2.2;2.8;2.7;0.11;1.7;2.5;0;186;33;74;28;95202;0.94;4.91;0.26;0.25
2006;12;5;339;11.4;9.6;7.5;9.3;7.9;5.6;2.4;2.6;0.11;1.7;2.5;0;125;21;69;30;95272;0.66;2.54;0.26;0.25
2006;12;6;340;9.4;7.2;5.3;8;5.2;3.9;1.5;1.6;0.11;1.7;2.5;0;115;21;52;28;95182;0.76;3.81;0.26;0.25
2006;12;7;341;6.2;5;3.7;3.8;2.7;1;0.9;2.9;0.11;1.7;2.5;0;175;38;84;43;95368;0.55;0.26;0.26;0.25
2006;12;8;342;10.5;7.1;4.3;5.5;3.6;1.6;0;2.1;0.11;1.7;2.5;0;174;38;84;50;94539;0.46;0.38;0.26;0.25
2006;12;9;343;6.1;4.8;3.2;4.5;3.6;2.6;1.8;-0.3;0.11;1.7;2.5;0;59;12;33;21;95185;0.43;5.02;0.26;0.25
2006;12;10;344;4.6;2.5;0.8;2.3;1.3;0.4;1.8;-0.2;0.11;1.7;2.5;0;147;30;66;37;96910;0.49;0.33;0.27;0.25
2006;12;11;345;2.3;1.5;0.6;1.2;-0.4;-1.6;1.5;2.5;0.11;1.7;2.5;0.19;116;24;47;20;96916;0.47;2.5;0.27;0.25
2006;12;12;346;3.6;2.7;1.5;3.3;1.8;-0.4;2.4;1.4;0.12;1.7;2.5;1.14;49;9;20;5;96602;0.48;4.1;0.27;0.25
2006;12;13;347;4.7;3.1;1.2;3.6;2.3;0.2;2.5;1.6;0.12;1.7;2.5;0.87;34;8;43;13;97053;0.32;0.36;0.27;0.25
2006;12;14;348;6.4;3.6;1.1;3.3;2;-0.2;1.7;1.7;0.11;1.7;2.5;0.5;169;34;80;54;97248;0.24;0.01;0.27;0.25
2006;12;15;349;6.2;0.7;-2.2;2.6;-0.8;-3.2;0.4;1.5;0.11;1.7;2.5;0.4;222;45;97;71;97142;0.11;0;0.27;0.25
2006;12;16;350;7.2;2.4;-2.6;3.7;0.3;-3.9;1.2;2.1;0.11;1.7;2.5;0.32;204;41;80;50;96651;0.2;0.37;0.27;0.25
2006;12;17;351;5.3;3;0.5;4.6;2.4;0.2;1.8;-0.3;0.11;1.7;2.5;0.19;92;16;60;17;96712;0.26;1.74;0.27;0.25
2006;12;18;352;2.4;0.8;-0.5;0.7;-0.8;-2.1;0.3;-1;0.11;1.7;2.5;0.36;158;26;51;31;96944;0.31;0.55;0.27;0.25
2006;12;19;353;2.2;0.6;-0.8;-0.2;-2.2;-4.5;-0.9;-1.8;0.11;1.7;2.5;0.46;166;31;70;41;97375;0.26;0.14;0.27;0.25
2006;12;20;354;2.6;0.9;-1;0.1;-0.9;-1.6;1;-0.9;0.11;1.6;2.5;0.53;172;29;57;28;97632;0.17;0.47;0.26;0.25
2006;12;21;355;4;2.2;0.4;2;0.7;-0.2;-0.8;-0.9;0.11;1.6;2.5;0.62;114;19;43;20;98001;0.2;0.17;0.26;0.25
2006;12;22;356;3.8;1.8;0;1.3;0.6;-0.4;-1.7;-0.7;0.11;1.6;2.5;0.53;119;25;43;27;98196;0.2;0.05;0.26;0.25
2006;12;23;357;4;1.5;0.4;0.7;-0.1;-1.5;-2.1;-0.8;0.11;1.6;2.5;0.45;201;35;85;46;98128;0.2;0.02;0.26;0.25
2006;12;24;358;5.9;1.4;-1;3.2;-0.1;-1.6;-1.1;-1.2;0.11;1.6;2.5;0.39;218;43;96;61;97744;0.08;0;0.26;0.25
2006;12;25;359;1.6;-0.4;-1.6;-0.6;-1.4;-2.4;-1.6;-0.7;0.11;1.6;2.5;0.37;118;25;46;29;97695;0.16;0.11;0.26;0.25
2006;12;26;360;1.7;-0.7;-3;-1.3;-2;-3.7;-1.7;0.1;0.11;1.5;2.5;0.52;172;32;74;44;97703;0.13;0.14;0.26;0.25
2006;12;27;361;0.7;-2.4;-4.5;-2.2;-3.5;-5;0;1;0.11;1.5;2.5;0.52;192;40;91;61;97381;0.05;0.01;0.26;0.25
2006;12;28;362;-0.8;-2.4;-4;-1.2;-3.9;-5.5;2.5;0.7;0.12;1.5;2.5;1.46;102;21;62;26;96908;0.07;3.3;0.26;0.25
2006;12;29;363;1.9;0;-1.3;0;-0.7;-2.1;0.3;1.2;0.17;1.5;2.5;4;115;22;73;25;97091;-0.09;0.42;0.26;0.25
2006;12;30;364;3.6;0.4;-2.2;-0.2;-2.1;-3.7;0.1;2.6;0.17;1.5;2.5;3.84;170;33;77;48;96890;0.38;1.22;0.26;0.25
2006;12;31;365;6.9;5.1;3.4;4.9;2.8;0.2;3.9;2.1;0.14;1.4;2.5;2.21;110;22;70;36;96923;0.48;1.96;0.26;0.25
2007;1;1;1;9.1;5.9;1.6;7.7;4.2;0;5.2;1.9;0.12;1.4;2.5;0.7;119;19;64;26;95934;1.37;16.46;0.27;0.25
2007;1;2;2;1.8;0.5;-0.9;0.4;-0.4;-1.7;2.6;0.7;0.13;1.4;2.5;1.41;106;19;75;36;96026;0.28;2.51;0.28;0.25
2007;1;3;3;3.2;1.9;1;1.3;0.9;0.4;3.4;0.2;0.13;1.4;2.5;1.87;142;29;60;22;96845;0.54;1.59;0.28;0.25
2007;1;4;4;4.6;3.3;1.7;3.8;1.8;-0.5;3.5;1.9;0.13;1.4;2.5;1.27;70;13;31;13;95722;0.77;4.08;0.28;0.25
2007;1;5;5;4.8;4.2;3.5;4.6;3.4;2.5;4.4;0.6;0.11;1.4;2.5;0.55;109;21;43;11;96131;0.68;5.57;0.28;0.25
2007;1;6;6;7;5.8;4.8;6.5;5.5;4.6;2.9;2;0.11;1.3;2.5;0.23;36;5;5;2;96300;0.14;5.01;0.28;0.25
2007;1;7;7;7.3;5.2;1.3;6.4;4;0.4;3.4;1.2;0.11;1.3;2.5;0.06;106;18;71;28;96102;0.73;3.42;0.29;0.26
2007;1;8;8;7.9;4.9;0.8;5.9;3.6;0.2;1.9;2.6;0.11;1.3;2.5;0.01;168;25;63;29;95527;0.74;2.71;0.29;0.26
2007;1;9;9;9.8;8.3;6;8.8;7.5;4.9;3.7;2.2;0.11;1.3;2.5;0;29;6;26;4;95858;0.57;3.99;0.29;0.26
2007;1;10;10;10.8;8.7;5.7;7.5;6.1;4.8;2.7;2.5;0.11;1.3;2.5;0;236;45;90;52;96196;0.68;2.52;0.29;0.26
2007;1;11;11;7.1;5.2;2.8;5.6;2.1;-0.6;5.3;2.1;0.11;1.2;2.5;0;178;30;67;38;95947;1.2;8.17;0.29;0.26
2007;1;12;12;6.7;5.1;3.9;4.4;2.3;1.1;5.9;0.3;0.1;1.2;2.5;0;176;32;58;33;96327;1.32;2.09;0.29;0.26
2007;1;13;13;8.1;7.2;6.1;7.3;6.1;4.1;4.1;1.3;0.1;1.2;2.5;0;45;10;39;11;96537;0.45;1.31;0.29;0.26
2007;1;14;14;7.5;5.5;1.2;6.9;2.9;-1.1;3.8;0.5;0.1;1.2;2.5;0;226;43;105;51;96900;0.7;1.33;0.29;0.26
2007;1;15;15;2.7;-0.4;-2.8;0.9;-1.3;-3.5;0.3;1.2;0.1;1.2;2.5;0;179;40;100;64;97122;0.11;0;0.29;0.26
2007;1;16;16;3.5;0.7;-2.3;2.1;-0.2;-2.8;0.9;1.5;0.11;1.2;2.5;0;138;29;56;28;96592;0.09;0.04;0.29;0.26
2007;1;17;17;7.8;6;2.9;5.9;4.6;2.5;2.3;2.5;0.11;1.2;2.5;0;96;18;42;15;96180;0.46;1.94;0.28;0.26
2007;1;18;18;10.6;8.8;7.1;8.6;6.5;5;6.9;4;0.11;1.2;2.5;0;39;6;39;8;94682;3.34;21.42;0.29;0.26
2007;1;19;19;8.4;6.9;5.2;6.1;4.3;3.2;5.7;-1.4;0.11;1.2;2.5;0;112;19;58;31;95392;1.52;6.35;0.3;0.26
2007;1;20;20;9;8.4;6.7;8.6;6.8;4.6;4.7;1.7;0.11;1.1;2.5;0;54;11;34;10;95909;0.79;4.52;0.3;0.27
2007;1;21;21;7.5;4.5;1.9;6.4;0.8;-3.2;4.7;1.3;0.11;1.1;2.5;0;219;48;97;59;95632;1.12;2.59;0.3;0.27
2007;1;22;22;3.5;2;-0.4;-0.1;-1.1;-3.7;1.7;0;0.11;1.1;2.5;0.02;128;28;53;38;95855;0.29;0.15;0.3;0.27
2007;1;23;23;-1.4;-3.1;-4.2;-5.6;-9.4;-13.1;-3.7;-2.7;0.11;1.1;2.5;0.36;175;38;60;36;95193;0.39;2.37;0.3;0.27
2007;1;24;24;-4.3;-5.2;-6.1;-7.4;-7.7;-8.2;-0.1;-3.4;0.27;1.1;2.5;9.29;64;14;20;16;94401;0.27;11.23;0.29;0.27
2007;1;25;25;-2.7;-5.6;-7.5;-7;-8.4;-9.6;-0.8;-2.6;0.36;1.1;2.5;13.63;172;34;56;40;95883;0.25;0.41;0.29;0.27
2007;1;26;26;-6;-8;-10.2;-8.5;-10.4;-12.2;1.8;0.5;0.35;1.1;2.4;13.71;201;42;105;44;96204;0.22;1.82;0.29;0.27
2007;1;27;27;-0.1;-2.6;-6;-2.9;-4.6;-7.7;4.4;-0.8;0.38;1.1;2.4;17.16;165;38;82;43;96272;0.31;3.34;0.28;0.27
2007;1;28;28;1.1;0.3;-1.6;-0.1;-0.8;-2.6;5.2;0.9;0.38;1.1;2.4;19.88;64;12;14;9;96445;0.14;5.12;0.28;0.27
2007;1;29;29;3.5;2;1;2.6;1.3;0.1;4.2;-0.7;0.37;1.1;2.4;20.42;92;20;37;17;96141;-0.29;6.16;0.29;0.27
2007;1;30;30;3;1.5;0.5;2;1.1;0.3;2.6;-0.2;0.34;1.1;2.4;16.45;54;13;39;19;96523;-0.22;0.53;0.29;0.28
2007;1;31;31;3.8;1.9;-0.3;1.3;0.2;-0.6;3.3;0.7;0.3;1.1;2.4;13.9;133;26;38;20;96299;0.23;0.25;0.29;0.28
2007;2;1;32;4.3;2.6;0.7;2.5;0.8;-0.4;2.5;-1;0.24;1.1;2.4;9.43;138;30;51;18;96724;0.23;0.73;0.3;0.28
2007;2;2;33;5.5;3.7;0.6;5.4;3.5;-0.2;2;0.3;0.2;1.1;2.4;7.1;48;11;11;0;97061;-0.2;0.77;0.3;0.28
2007;2;3;34;5.2;3.3;1.1;4.9;1.1;-1.1;2.9;-2.1;0.16;1.1;2.4;4.18;194;43;65;29;97239;0.76;1.58;0.3;0.28
2007;2;4;35;4.8;2.9;-1.2;2.7;1.3;-1.5;1.4;-0.5;0.14;1.1;2.4;2.83;151;33;66;25;97165;0.33;0.13;0.3;0.28
2007;2;5;36;4.2;0.4;-3.1;2.3;-0.4;-3.6;2.2;1;0.14;1.1;2.4;2.31;217;35;65;27;95715;0.17;3.62;0.3;0.28
2007;2;6;37;1.5;0.1;-1.3;0.5;-0.7;-1.6;1.1;0;0.16;1.1;2.4;3.79;146;30;42;23;94832;0.27;3.94;0.3;0.28
2007;2;7;38;2.8;0.5;-1.4;1.1;-0.3;-1.8;0.2;1.8;0.22;1.1;2.4;7.24;111;30;32;15;94383;0.26;7.14;0.29;0.28
2007;2;8;39;4.1;1.8;0;2.4;0.8;-0.5;1.2;2.1;0.28;1.1;2.4;10.2;116;23;70;21;94145;0.15;7.08;0.29;0.28
2007;2;9;40;5.1;2;-2.2;1.3;0.1;-2.9;2;1.4;0.23;1.1;2.4;7.67;243;56;75;45;94810;0.57;1.64;0.3;0.28
2007;2;10;41;6.9;1.8;-2.5;2.8;0.2;-3.2;0.1;1.1;0.2;1.1;2.4;5.94;217;49;60;32;95058;0.24;0.55;0.3;0.28
2007;2;11;42;6.3;3.8;1;3.8;2.7;0.6;1.1;2.8;0.17;1.1;2.4;4.18;183;32;59;16;94905;0.47;10.59;0.3;0.28
2007;2;12;43;6.3;4.9;3.8;5;3.7;2.6;2;2.4;0.13;1.1;2.4;1.76;121;20;43;16;94351;0.69;6.87;0.31;0.28
2007;2;13;44;6.1;4.5;3.2;4.1;2.8;2.1;4.6;1;0.12;1.1;2.4;0.67;210;50;52;27;94815;1.35;5.35;0.31;0.28
2007;2;14;45;7;4.6;2.7;3.7;1.9;-0.1;0;2.2;0.11;1.1;2.4;0.32;248;48;51;19;95236;0.81;5.88;0.31;0.29
2007;2;15;46;5.7;4.2;2.9;5.4;2.1;0.4;3;-1.4;0.11;1.1;2.4;0.14;154;38;43;19;96007;0.87;3.34;0.31;0.29
2007;2;16;47;6.1;2.2;-1.8;1.3;-0.4;-2.4;-2.3;0.2;0.11;1.1;2.4;0.09;370;90;111;63;96820;0.49;0;0.31;0.29
2007;2;17;48;9.2;3.4;0.2;-0.4;-1.1;-2.9;-3.5;1.1;0.11;1.1;2.4;0.05;415;102;126;87;96289;0.64;0;0.3;0.29
2007;2;18;49;7.9;1.9;-2.3;1.1;-2;-5;-0.4;0.5;0.11;1.1;2.4;0.03;421;107;119;86;95756;0.51;0;0.3;0.29
2007;2;19;50;5;2;-1.4;1.8;0.5;-2.3;0.3;0.1;0.11;1.1;2.4;0.02;141;35;45;16;95668;0.26;0.48;0.3;0.29
2007;2;20;51;8.5;3.6;0.1;2.9;1.4;-0.6;0.4;0.2;0.11;1.1;2.4;0;297;70;69;40;95575;0.48;0.02;0.29;0.29
2007;2;21;52;10.7;3.9;-2;4;1.4;-2.5;-0.3;1.4;0.11;1.1;2.4;0;423;104;115;71;95665;0.53;0.22;0.29;0.29
2007;2;22;53;8.8;5;1.4;3.7;1.8;-0.4;1;-0.1;0.11;1.1;2.4;0;386;78;82;43;95653;0.63;0.03;0.29;0.29
2007;2;23;54;10.4;5.1;0.6;4.2;2.2;-0.7;-1.3;1.4;0.11;1.1;2.5;0;352;89;97;51;95556;0.72;1.11;0.28;0.29
2007;2;24;55;11.6;5.5;1.1;5.5;2.7;-0.4;-0.7;2.1;0.11;1.2;2.5;0;435;102;107;67;95105;0.82;2.3;0.28;0.29
2007;2;25;56;8.4;4.6;2.3;4.8;2.9;1.4;0.7;2.6;0.11;1.2;2.5;0;201;44;67;41;94694;0.92;3.11;0.28;0.29
2007;2;26;57;6.2;3.7;2.1;4.8;2.8;1.3;3;1.1;0.11;1.2;2.5;0.17;199;48;58;23;94897;0.92;6.6;0.28;0.29
2007;2;27;58;4.8;2.6;1.1;2.2;1.2;0;3.6;0.6;0.11;1.2;2.5;0.55;288;70;56;24;95502;1.16;7.86;0.28;0.29
2007;2;28;59;9.4;6.7;3.2;6.9;5;2.9;4.8;2;0.14;1.2;2.5;1.58;318;60;72;20;94586;1.37;11.06;0.29;0.29
2007;3;1;60;8.7;6.1;4.3;5.4;4.3;3;5;3;0.12;1.2;2.5;0.38;134;29;43;17;94161;1.88;10.76;0.3;0.29
2007;3;2;61;7;3.9;0.8;3.1;1.4;-1.7;4;0.9;0.11;1.2;2.5;0.13;362;95;93;59;94826;1.31;2.14;0.3;0.29
2007;3;3;62;8.5;3.7;0;5.9;2.2;-1.8;3.4;1.5;0.14;1.2;2.5;1.66;341;58;65;23;94834;1.41;17.7;0.31;0.29
2007;3;4;63;8.2;4.1;0.2;1.7;0.1;-1.1;0.9;0.6;0.13;1.2;2.5;1.15;279;73;85;52;96332;0.8;0.29;0.31;0.3
2007;3;5;64;11;5.4;1.2;4.3;1.3;-2.5;1;1.5;0.13;1.2;2.5;0.71;368;78;93;58;96219;0.67;0.43;0.31;0.3
2007;3;6;65;12;6;0.1;5.1;2.7;-0.5;-0.4;2.2;0.12;1.3;2.5;0.34;379;103;86;68;95957;0.69;0;0.3;0.3
2007;3;7;66;9.6;6.4;2.9;5.9;3.9;2.1;0.6;0.4;0.12;1.3;2.5;0.18;289;76;56;45;95024;0.7;0.85;0.3;0.3
2007;3;8;67;9.8;4.8;0.4;3.4;1;-0.3;1.3;-1.6;0.12;1.3;2.5;0.09;464;106;104;62;96059;0.85;0;0.3;0.3
2007;3;9;68;9;4.4;-0.4;2.9;0.9;-1.2;1.3;0.8;0.12;1.3;2.5;0.03;346;86;76;44;96891;0.81;1.18;0.29;0.3
2007;3;10;69;7.7;4.1;0.4;2.3;-1.1;-4.3;1.4;-2;0.12;1.3;2.5;0;412;110;103;53;97468;1.16;2.04;0.29;0.3
2007;3;11;70;9.3;4.1;-0.5;1.2;-0.7;-2.6;0.4;0;0.12;1.3;2.5;0;496;144;122;79;97665;0.89;0;0.29;0.3
2007;3;12;71;14.3;6.8;-0.7;5.4;2.2;-2.4;-2.6;0.1;0.12;1.3;2.5;0;518;148;118;81;97083;1.09;0;0.28;0.3
2007;3;13;72;14.4;7.5;0.1;5.4;3;-0.5;0.4;0.1;0.12;1.3;2.5;0;518;143;121;82;96961;1.13;0;0.28;0.3
2007;3;14;73;12.6;7;2.4;5.2;2.5;-0.4;-0.4;-1.9;0.12;1.3;2.5;0;436;127;113;70;97391;1.06;0;0.28;0.3
2007;3;15;74;11.5;5;-1.2;1.9;0;-2.4;-1;-0.5;0.12;1.4;2.5;0;550;158;136;92;97122;1.14;0;0.27;0.3
2007;3;16;75;11.2;6.1;1.4;2.5;1.1;-0.7;1.1;-0.3;0.12;1.4;2.5;0;519;148;121;82;96695;1.03;0;0.27;0.3
2007;3;17;76;5.6;4.1;0.8;4.8;2.7;-0.7;4.2;0.9;0.12;1.4;2.5;0;110;28;68;19;96201;0.64;2.43;0.27;0.3
2007;3;18;77;6.9;5;1.5;4.8;3.5;0.5;4.9;2.1;0.12;1.4;2.5;0;167;45;32;13;94830;1.64;10.43;0.27;0.3
2007;3;19;78;3.6;1.2;-1.5;1.6;-0.3;-2;1;1.3;0.13;1.4;2.5;0.87;261;80;68;47;93705;1.04;4.67;0.27;0.3
2007;3;20;79;4.6;1.1;-1.8;-1.6;-3.3;-6.4;-0.1;-3.2;0.15;1.4;2.5;2.14;341;94;68;48;93936;1.08;1.26;0.27;0.3
2007;3;21;80;4.2;0.9;-1.2;-1.2;-2.4;-3.2;2;-1.7;0.17;1.5;2.5;2.95;408;118;91;57;94542;0.98;1.8;0.27;0.3
2007;3;22;81;3.9;0.9;-1.3;0.2;-1.8;-3.3;2.9;1.5;0.2;1.5;2.5;5.31;309;81;50;27;94829;0.92;10.45;0.27;0.3
2007;3;23;82;5.6;2.4;0.3;1.2;-0.9;-3.5;-1.3;0.8;0.31;1.5;2.5;12.32;331;85;67;26;94898;0.99;4.43;0.27;0.3
2007;3;24;83;7.2;4.1;1.4;3.8;2.6;1.3;-2.8;-0.8;0.25;1.5;2.5;7.99;186;43;66;13;95101;0.62;4.58;0.28;0.3
2007;3;25;84;11.4;6.3;1.5;1.1;0.4;-0.4;-5;-0.1;0.18;1.5;2.5;3.71;471;139;110;77;96133;1.55;0.02;0.28;0.3
2007;3;26;85;13.2;8.2;3.2;1.8;0.6;-0.5;-4.2;-0.2;0.15;1.5;2.5;1.43;587;178;125;100;96443;1.71;0;0.28;0.3
2007;3;27;86;12.6;8;3.6;-0.5;-1.3;-2.5;-4.2;0.7;0.13;1.5;2.5;0.53;588;181;125;101;96329;1.91;0;0.28;0.3
2007;3;28;87;13.3;8;3.4;1.9;-0.2;-1.7;-2.9;0.4;0.13;1.6;2.5;0.22;586;176;127;93;95972;1.87;0.33;0.27;0.3
2007;3;29;88;12.6;6.9;2.3;6.1;1.8;-2.7;-1.2;1.3;0.13;1.6;2.5;0.09;595;165;120;78;95771;1.6;3.28;0.27;0.3
2007;3;30;89;12.7;7.2;0.3;4.4;2.6;-0.2;-2.4;0;0.13;1.6;2.5;0.02;590;180;119;83;95527;1.76;0.38;0.27;0.29
2007;3;31;90;11.6;8.3;4.6;3.8;2.5;-0.3;-4;-0.4;0.13;1.6;2.5;0;402;96;81;58;95919;1.21;0.31;0.27;0.29
2007;4;1;91;14.3;9.2;4.3;6;1.1;-2.6;-3.8;-0.8;0.13;1.6;2.5;0;603;181;115;88;96737;2.06;0.95;0.26;0.29
2007;4;2;92;14.9;9.2;4.2;5.8;2.6;-0.1;-2.6;-0.4;0.13;1.6;2.5;0;605;180;118;87;96697;1.94;1.27;0.26;0.29
2007;4;3;93;14;6.8;0.9;4.9;1.7;-1.6;-0.6;-1.7;0.13;1.7;2.5;0;604;176;122;70;95590;2.15;7.95;0.26;0.29
2007;4;4;94;7.3;3.7;-0.1;1.8;-1.9;-3.9;-3;-2.3;0.13;1.7;2.5;0.01;564;158;123;65;95907;1.76;0.75;0.26;0.29
2007;4;5;95;11.2;5.1;-2.1;2.6;-1.6;-5.3;1.2;-0.9;0.13;1.7;2.5;0;646;206;131;91;96171;1.79;0.01;0.26;0.29
2007;4;6;96;14.9;8.2;0.4;4.6;3;-0.1;1.1;-1.2;0.13;1.7;2.5;0;635;193;127;83;96342;1.88;0;0.26;0.29
2007;4;7;97;11.3;7.1;2.7;4.8;2.7;-0.4;-1;-1.8;0.13;1.7;2.5;0;452;125;75;55;96426;1.24;0.07;0.25;0.29
2007;4;8;98;12.3;6.9;0.2;2.9;1;-1.7;0.3;-1.4;0.13;1.7;2.5;0;562;176;105;80;96601;1.68;0;0.25;0.29
2007;4;9;99;14.7;8.8;1.7;3.9;2;-0.2;2.7;0;0.14;1.7;2.5;0;637;192;121;78;96129;1.99;0;0.25;0.29
2007;4;10;100;13.5;8.8;2.9;5.1;3.7;1.4;2.4;-0.9;0.14;1.8;2.5;0;527;145;102;63;96353;1.48;0;0.24;0.29
2007;4;11;101;16.9;10.9;4.5;6.8;5.5;4;-0.5;-1;0.14;1.8;2.5;0;498;177;116;72;96664;1.89;0;0.24;0.29
2007;4;12;102;19.1;12.9;6.7;8.6;6.8;4.7;-3;-0.5;0.14;1.8;2.5;0;656;215;126;94;96606;2.37;0;0.24;0.29
2007;4;13;103;20.9;15.1;9.1;8.9;7.3;5.5;-3.8;-0.3;0.14;1.8;2.5;0;661;217;126;97;96455;2.66;0;0.23;0.29
2007;4;14;104;22.2;16.2;10.6;7.4;5.9;3.7;-3.7;-0.2;0.14;1.8;2.5;0;677;224;138;108;96576;2.93;0;0.23;0.29
2007;4;15;105;21.1;15.3;9.3;5.1;3.8;3;-3;-0.4;0.14;1.8;2.5;0;678;226;141;109;96736;2.93;0;0.23;0.29
2007;4;16;106;21;14.8;8.7;6.4;4.7;3.3;-2.6;0;0.14;1.9;2.5;0;679;227;140;106;96574;2.79;0;0.22;0.29
2007;4;17;107;21.7;15.4;9.3;9.1;5.7;3.9;0.6;-0.7;0.14;1.9;2.5;0;670;215;134;90;96110;2.59;0.11;0.22;0.29
2007;4;18;108;11.2;8.7;5.3;8;0.7;-2.5;1.3;-2.6;0.14;1.9;2.5;0;534;173;91;71;96303;1.94;0.46;0.22;0.29
2007;4;19;109;14.4;9.1;4.1;1.5;0.5;-0.7;1.4;0.1;0.14;1.9;2.5;0;686;230;138;99;96217;2.14;0;0.21;0.29
2007;4;20;110;13.2;8.6;4.6;3.2;0.4;-1.5;1;-1.7;0.14;1.9;2.5;0;667;215;136;93;96191;2.01;0;0.21;0.29
2007;4;21;111;14.6;8.4;1.6;1.4;-0.4;-2.1;-1.3;-0.7;0.14;2;2.5;0;697;235;144;106;96478;2.19;0;0.21;0.29
2007;4;22;112;18.5;11.6;3.7;4.9;1.5;-2.3;-1.7;0.7;0.14;2;2.5;0;693;237;141;102;96629;2.44;0;0.21;0.29
2007;4;23;113;21.1;14.1;5.4;6.3;4.1;2.4;1.1;0.2;0.14;2;2.5;0;695;237;143;96;96488;2.58;0;0.2;0.29
2007;4;24;114;17.5;13.6;10.5;11.1;9.2;5.5;-0.5;-0.1;0.14;2;2.5;0;392;104;78;37;96410;1.52;3.01;0.2;0.28
2007;4;25;115;20.5;14.8;8;11;8;5.3;-2.4;0.5;0.14;2;2.5;0;671;215;119;82;96280;2.42;0;0.2;0.28
2007;4;26;116;21.4;15.7;9.4;7.2;5.6;3.3;-3.2;-0.1;0.14;2.1;2.5;0;704;244;136;105;96264;2.78;0;0.2;0.28
2007;4;27;117;22.9;16.6;9.4;7.4;6.1;4.9;-2.3;-0.1;0.15;2.1;2.5;0;703;244;142;106;96385;2.81;0;0.19;0.28
2007;4;28;118;23.3;17.1;8.9;8.4;5.6;4;-1.3;-1.2;0.15;2.1;2.5;0;707;245;149;104;96365;2.85;0;0.19;0.28
2007;4;29;119;19;14.3;8.9;8.9;4.4;-1.9;-2.2;-2.3;0.15;2.1;2.5;0;709;236;132;97;96131;2.42;0;0.19;0.28
2007;4;30;120;16.2;11.1;6;0.9;-1.5;-3.4;-3.1;-1.1;0.15;2.1;2.5;0;724;254;146;114;95932;2.35;0;0.19;0.28
2007;5;1;121;14.8;10.5;6.4;3.8;-2.2;-7.9;-3.1;-1.2;0.15;2.2;2.5;0;663;243;143;109;95939;2.22;0;0.18;0.28
2007;5;2;122;15.7;10.3;4.5;-1.2;-3.1;-6.8;-4;-0.2;0.15;2.2;2.5;0;727;256;142;113;95835;2.19;0;0.18;0.28
2007;5;3;123;18.4;12.9;6.1;1;-0.4;-1.8;-3.2;-0.6;0.15;2.2;2.5;0;715;253;140;105;95600;2.35;0;0.18;0.28
2007;5;4;124;20.6;14.6;8.9;8.4;5.4;1.7;-3.8;-0.8;0.15;2.2;2.5;0;699;226;124;87;95219;2.27;0.75;0.18;0.28
2007;5;5;125;14.9;12.9;11.6;8.2;6.5;4.6;-3.4;-1.6;0.15;2.2;2.5;0;317;95;66;47;95286;2.27;4.45;0.18;0.28
2007;5;6;126;18.9;14.4;9.9;6.9;5.2;2.6;-0.9;-1.6;0.15;2.2;2.5;0;480;190;112;73;95713;2.34;0.59;0.18;0.28
2007;5;7;127;15;12.2;9.6;9.6;7.8;5;3.8;1.6;0.15;2.3;2.5;0;388;77;59;28;95746;1.29;4.41;0.18;0.28
2007;5;8;128;15.3;11.8;9;10.3;7.6;2.9;5;0.8;0.15;2.3;2.5;0;535;158;89;43;95494;2.83;8.17;0.18;0.28
2007;5;9;129;11.3;9.7;8.1;10.2;7.9;6.9;4;0;0.15;2.3;2.5;0;184;60;47;18;95804;1.74;8.83;0.19;0.28
2007;5;10;130;18.6;14.2;10.5;10.5;8.6;6.7;4;1.8;0.15;2.3;2.5;0;514;152;99;45;95691;2.88;2.57;0.19;0.28
2007;5;11;131;18.8;14;9.1;7.7;5.6;3.7;4.2;2;0.15;2.3;2.5;0;525;160;101;65;95230;2.55;0.75;0.19;0.28
2007;5;12;132;16.8;12.6;8.4;9.7;6.6;5;3;1.4;0.15;2.4;2.5;0;595;195;101;70;95576;2.86;2.56;0.19;0.27
2007;5;13;133;24.2;16.6;7.1;12;8.4;5;-0.9;2.1;0.15;2.4;2.5;0;669;245;126;87;95514;3.19;0;0.19;0.27
2007;5;14;134;23.1;16.6;10.2;13.2;10.1;7.4;1.4;-0.3;0.15;2.4;2.5;0;645;199;114;66;95294;3.29;10.57;0.18;0.27
2007;5;15;135;13.8;10.3;6.6;8.3;7.4;5.5;2.3;0;0.15;2.4;2.5;0;453;145;81;45;95710;2.51;7.37;0.19;0.27
2007;5;16;136;15.1;9.9;3.9;7.6;5.8;3.7;1.7;1.8;0.15;2.4;2.5;0;607;214;110;69;95694;3.12;6.87;0.2;0.27
2007;5;17;137;9.2;7.3;4.2;6.5;4.4;2.2;2;-1.1;0.16;2.4;2.5;0;314;102;85;44;95464;2.29;5.14;0.2;0.27
2007;5;18;138;14.6;9.7;2.7;5.7;3.5;1.4;1;0.1;0.16;2.5;2.5;0;560;205;116;75;96192;2.47;0.04;0.2;0.27
2007;5;19;139;20.9;14.1;5.2;11.5;7.5;3.1;-0.3;1.4;0.16;2.5;2.5;0;730;267;130;92;95967;3.37;0;0.2;0.27
2007;5;20;140;24.5;17.6;7.8;12.1;9.2;5.8;-2.5;0.3;0.16;2.5;2.5;0;726;260;128;90;95911;3.78;0;0.2;0.27
2007;5;21;141;26.3;20.5;12.1;14.9;12.8;10.9;-0.2;-0.3;0.16;2.5;2.5;0;698;251;124;88;95952;3.63;0;0.19;0.27
2007;5;22;142;25;19.6;13.8;17.4;15;12;0.7;-1.3;0.16;2.5;2.5;0;655;206;100;65;96163;3.05;3.92;0.19;0.27
2007;5;23;143;23.3;19.3;14.9;15.4;13.7;12.1;-1.7;-1.3;0.16;2.5;2.5;0;632;215;102;71;96313;3.28;0.27;0.19;0.27
2007;5;24;144;25.1;20.1;14.4;14.6;13;12.1;-2.3;0.4;0.16;2.5;2.5;0;661;244;113;84;96052;3.61;0.02;0.19;0.27
2007;5;25;145;26.6;20.9;14.4;16.5;14.9;12.8;-0.2;1.4;0.16;2.6;2.5;0;691;247;105;77;95412;3.66;1.76;0.18;0.27
2007;5;26;146;27.5;20.9;14.9;15.8;13.3;10.5;-0.1;1;0.16;2.6;2.5;0;665;244;120;78;94852;3.95;3.35;0.18;0.27
2007;5;27;147;23.2;17.8;13.7;14.9;13.3;11.9;0.8;-0.4;0.16;2.6;2.5;0;629;204;103;72;94343;3.16;3.16;0.18;0.27
2007;5;28;148;17.3;13.7;10.1;14;12;9.9;0.2;-1.3;0.16;2.6;2.5;0;369;107;52;28;93968;2.39;12.27;0.19;0.27
2007;5;29;149;12.4;10.6;7;12;10.3;6.3;2.5;-1.4;0.16;2.6;2.5;0;126;31;15;7;94284;1.3;32.01;0.21;0.27
2007;5;30;150;14.9;10.5;6.7;5.5;3.1;0.2;1.7;-0.6;0.16;2.6;2.5;0;601;186;90;52;95740;3.22;0.2;0.22;0.27
2007;5;31;151;17.1;12.8;6.3;7.5;5.2;3.7;-1;0.6;0.16;2.6;2.5;0;559;188;109;69;95776;2.8;0.33;0.22;0.27
2007;6;1;152;20;16;10.7;10.6;8.7;7.5;-2.8;-0.9;0.16;2.6;2.5;0;620;224;106;77;95726;3.53;0.14;0.22;0.27
2007;6;2;153;17.9;15.1;12.2;14.4;12.1;9.7;-1.3;-2.2;0.16;2.7;2.5;0;438;162;64;54;96277;2.8;8.15;0.22;0.26
2007;6;3;154;19.5;15.9;12.2;12.9;11.9;11.4;-1.2;-1.7;0.16;2.7;2.5;0;455;161;67;45;96406;2.76;0.99;0.22;0.26
2007;6;4;155;20.5;16.7;13.4;14.2;13;12;-1.8;-1.2;0.16;2.7;2.5;0;573;186;84;52;96356;2.94;0.88;0.22;0.26
2007;6;5;156;20.9;17.2;12.3;13.1;11.8;11.2;-2.1;-1.2;0.16;2.7;2.5;0;563;207;87;67;96164;3.42;0.7;0.21;0.26
2007;6;6;157;23.1;18.9;13.9;16.4;14.6;11.2;-3;-0.9;0.16;2.7;2.5;0;615;213;83;65;95903;3.24;0.35;0.21;0.26
2007;6;7;158;25.2;20.5;15.7;15.5;14.5;13.5;-3.5;-0.5;0.16;2.7;2.5;0;661;238;96;77;95879;3.97;0.6;0.21;0.26
2007;6;8;159;25.6;21.1;15.8;14.7;13;11.3;-2.6;0;0.16;2.7;2.5;0;666;241;102;83;96062;4.11;0.06;0.2;0.26
2007;6;9;160;26.7;21.3;14.2;13.9;12.1;10.1;-1.4;0.1;0.16;2.8;2.5;0;621;240;111;82;96056;4.02;0.21;0.2;0.26
2007;6;10;161;25.5;20.4;14.7;14.7;13.2;12.1;-0.5;-0.4;0.16;2.8;2.6;0;676;232;117;75;95904;3.76;1.65;0.2;0.26
2007;6;11;162;22.9;18.9;14.2;16.9;15.1;13.2;0;-0.4;0.16;2.8;2.6;0;495;180;88;64;95735;2.97;7.59;0.2;0.26
2007;6;12;163;22.7;18;13;16;14.8;12.9;1.4;0.6;0.16;2.8;2.6;0;526;191;81;55;95441;3.42;7.4;0.2;0.26
2007;6;13;164;22.2;18.4;15.2;15.5;13.3;10.7;1.6;0;0.16;2.8;2.6;0;594;201;112;60;95390;3.47;0.75;0.2;0.26
2007;6;14;165;25.7;20.2;12.8;16.5;14.1;10.6;-0.4;1.2;0.16;2.8;2.6;0;682;248;105;74;95252;3.96;0.76;0.2;0.26
2007;6;15;166;24.7;18.8;13.7;16.8;14.9;12.4;1.4;0;0.16;2.8;2.6;0;632;192;96;52;95012;3.62;29.12;0.2;0.26
2007;6;16;167;19.3;15.9;12.7;13.8;12;9.6;2.8;1.2;0.16;2.8;2.6;0;601;213;101;65;95418;3.89;4.02;0.23;0.26
2007;6;17;168;22.6;17.6;11.5;13.3;11.4;8.6;0.8;1.4;0.16;2.8;2.6;0;655;247;112;80;95462;4.01;0.68;0.22;0.26
2007;6;18;169;22.5;18.4;14.4;16;13.1;11.2;2.1;0.7;0.16;2.8;2.6;0;618;211;104;57;95597;3.83;4.69;0.22;0.26
2007;6;19;170;23.9;20;13.7;14.7;13.2;12.1;-0.2;0;0.16;2.8;2.6;0;611;230;100;77;95952;3.83;0.19;0.22;0.26
2007;6;20;171;28.1;22.1;15.6;17.5;14.6;12.1;-0.7;-0.4;0.16;2.8;2.6;0;698;255;113;78;95778;4.65;1.25;0.22;0.26
2007;6;21;172;22.9;18.7;15.2;17.4;15.6;13.5;1.4;-0.4;0.16;2.8;2.6;0;501;136;69;41;95475;3.12;7.12;0.22;0.26
2007;6;22;173;18.9;15.6;13;13.5;12.3;11;1.4;0.7;0.16;2.8;2.6;0;429;139;80;49;95645;2.82;4.33;0.22;0.26
2007;6;23;174;16.9;14.2;11.9;12;10.7;9.9;3.2;1.5;0.16;2.8;2.5;0;473;160;76;56;95657;3.75;10.83;0.23;0.26
2007;6;24;175;20.8;16.6;11.7;12.2;10.4;9.5;1;1.2;0.16;2.8;2.5;0;497;180;93;63;95921;3.16;0.38;0.23;0.26
2007;6;25;176;25.1;18.5;12;15.6;12.8;10.1;1;1.7;0.16;2.8;2.5;0;668;233;97;60;95186;4.37;8.7;0.23;0.26
2007;6;26;177;15.6;12.2;10;10.4;9.2;7.2;4.1;2.2;0.15;2.7;2.5;0;400;140;73;41;94780;3.93;11.63;0.24;0.26
2007;6;27;178;13.9;10.9;8.1;6.8;5.7;3.8;3.9;0.6;0.15;2.7;2.5;0;506;171;92;62;95221;3.03;1.48;0.24;0.26
2007;6;28;179;15.9;12.3;9.2;10;8.2;6.5;3.5;1.2;0.15;2.7;2.5;0;617;197;95;58;95683;3.42;4.58;0.24;0.26
2007;6;29;180;17.4;13.8;9.4;10.4;9;7.8;1.9;1.3;0.15;2.7;2.5;0;375;134;61;43;96000;2.48;1.3;0.24;0.26
2007;6;30;181;18.5;15;12.1;12.2;11.1;10.1;2.7;1.1;0.15;2.7;2.5;0;459;145;66;38;96093;2.61;0.97;0.23;0.26
2007;7;1;182;24.7;17.9;10.5;14.9;12.7;9.8;0.7;1.3;0.15;2.7;2.5;0;625;216;93;61;95709;3.59;1.29;0.23;0.26
2007;7;2;183;16.8;15.5;13.1;15;13.6;11.8;1.7;1.3;0.15;2.7;2.5;0;209;70;59;30;95444;1.83;13.91;0.24;0.26
2007;7;3;184;18.9;14.6;11.6;12.9;11.6;10.7;1.5;1.8;0.15;2.7;2.5;0;588;158;82;52;95293;2.76;3.47;0.24;0.26
2007;7;4;185;15.4;12.8;10.4;11.9;9.7;7;3.6;1;0.15;2.7;2.5;0;549;182;77;45;94997;3.81;12.53;0.25;0.26
2007;7;5;186;14.9;12;9.8;12;10.3;8.7;4.9;0.6;0.15;2.7;2.5;0;434;137;48;27;95481;3.45;10.76;0.25;0.26
2007;7;6;187;17.9;13.5;10.6;11;9.3;6.8;4.9;0.9;0.15;2.7;2.5;0;490;124;91;44;95569;2.9;2.5;0.26;0.26
2007;7;7;188;19;15.1;11.3;8;6.7;5.4;4;0.3;0.15;2.7;2.5;0;684;253;115;86;96029;4.09;0;0.26;0.26
2007;7;8;189;21.5;16.7;9.6;12.8;9.8;7.4;1.1;0.4;0.15;2.6;2.5;0;680;228;111;69;96147;3.62;0.66;0.25;0.26
2007;7;9;190;18.6;15.4;11.2;15.4;12.8;9.8;2.1;0.9;0.15;2.6;2.5;0;430;101;48;35;95569;2.18;3.37;0.25;0.26
2007;7;10;191;15.2;11.9;9.5;11.4;9.4;8.4;2.5;0;0.15;2.6;2.5;0;485;177;93;58;95594;3.07;6.22;0.25;0.26
2007;7;11;192;16.7;12.5;8.5;11.4;9;7.4;2.4;0.8;0.15;2.6;2.5;0;600;180;88;57;95803;2.79;1.83;0.25;0.26
2007;7;12;193;16.6;13.6;11.3;12.4;10;8.4;3;0.6;0.15;2.6;2.5;0;429;141;76;42;96072;2.38;1.74;0.25;0.26
2007;7;13;194;21.1;16.5;12.5;15.6;12.7;9.5;2;0.8;0.15;2.6;2.5;0;418;114;64;34;96268;2.02;0.69;0.25;0.26
2007;7;14;195;27.5;21.6;12.4;17.4;14.4;11.3;0.6;1.2;0.15;2.6;2.5;0;724;267;110;79;96282;4.34;0;0.25;0.25
2007;7;15;196;31.1;24.3;15.4;16.9;14.6;13.2;-1.8;1.1;0.15;2.6;2.5;0;728;270;124;85;96221;4.83;0;0.24;0.25
2007;7;16;197;31.7;25.1;16.9;19.3;16.2;14;-0.7;0.5;0.15;2.6;2.5;0;711;254;116;82;95935;4.46;0.17;0.24;0.25
2007;7;17;198;26.6;22.8;18.7;15.7;14.3;12.8;1.7;-0.8;0.15;2.6;2.5;0;691;257;112;81;96188;4.48;0;0.23;0.25
2007;7;18;199;25;20.8;16.9;16.4;14.9;13.7;0.7;-1.3;0.15;2.6;2.5;0;626;208;104;62;96354;3.67;1.48;0.23;0.25
2007;7;19;200;26.7;21.2;15.1;19;16.8;14;-1.5;-0.2;0.15;2.5;2.5;0;647;228;94;65;96125;3.61;7.57;0.23;0.25
2007;7;20;201;29;21.9;15.9;18.2;16.6;15.2;-0.2;-0.3;0.15;2.5;2.5;0;708;241;107;72;95901;4.25;2.37;0.23;0.25
2007;7;21;202;24.6;20.4;17.2;17.1;15.9;15.1;-0.5;-1;0.15;2.5;2.5;0;550;185;83;51;95927;3.53;15.49;0.23;0.25
2007;7;22;203;19.6;16.7;12.9;16.2;12;8.8;3;0.5;0.15;2.5;2.5;0;571;177;103;54;95629;3.58;11.66;0.25;0.25
2007;7;23;204;25.1;18.8;11.1;15.7;12.1;8.9;-0.6;1.2;0.15;2.5;2.5;0;702;239;105;71;95157;4.03;11.55;0.25;0.25
2007;7;24;205;19.1;16.1;13.5;14.8;11.3;8.9;4.1;1.6;0.15;2.5;2.5;0;586;198;93;62;95055;3.99;5.84;0.26;0.25
2007;7;25;206;19.4;15.8;12.4;12;9.5;7.9;3;0;0.15;2.5;2.5;0;589;190;100;72;96012;3.21;0.58;0.26;0.25
2007;7;26;207;23.9;18.3;10.7;13.2;10.5;8.4;0.6;1.8;0.15;2.5;2.5;0;689;256;125;87;95908;4.1;0;0.25;0.25
2007;7;27;208;21.2;18.7;15.5;13.6;12.1;11;3.4;0.9;0.15;2.5;2.5;0;538;212;87;68;95933;3.56;0.31;0.25;0.25
2007;7;28;209;19.8;16.8;14.2;15.1;13.4;11.7;2.8;1.4;0.15;2.5;2.5;0;331;119;62;47;95998;2.49;9.19;0.25;0.25
2007;7;29;210;17.8;15;11.6;14.4;12.9;10.6;3.2;1;0.15;2.5;2.5;0;351;78;55;30;95705;2.32;9.89;0.25;0.25
2007;7;30;211;14.9;12;8.8;9.7;6.8;4.6;3.8;-0.8;0.15;2.4;2.5;0;550;194;95;63;95953;3.34;1.63;0.26;0.25
2007;7;31;212;14.9;11.8;8.5;7.5;6.4;4.9;2.3;-0.8;0.15;2.4;2.5;0;435;150;76;64;96253;2.33;0.33;0.26;0.25
2007;8;1;213;19.5;14.5;7.7;9.1;7.1;6;-1.3;0.3;0.15;2.4;2.5;0;664;251;130;91;96213;3.54;0;0.25;0.25
2007;8;2;214;22.2;16.5;10.4;16.1;11.7;6.3;0.8;1.5;0.15;2.4;2.5;0;557;175;79;64;95728;2.88;5.3;0.25;0.25
2007;8;3;215;19.5;15.5;11.4;12.4;11.3;9.6;1.8;-1.3;0.15;2.4;2.5;0;514;178;82;64;96389;2.86;1.42;0.25;0.25
2007;8;4;216;20.9;15.9;9.5;11.4;9.6;8.4;0.1;-1.4;0.15;2.4;2.5;0;683;232;118;81;96826;3.53;0;0.25;0.25
2007;8;5;217;23.1;17.7;11.2;10.7;9;7.3;-2.1;0.5;0.15;2.4;2.5;0;716;255;132;94;96398;3.91;0;0.25;0.25
2007;8;6;218;25.8;19.4;11.8;16.9;11.4;7.5;-1.6;-0.2;0.15;2.4;2.5;0;707;252;126;90;95683;3.88;0;0.24;0.25
2007;8;7;219;25.8;20.3;13;14.7;12.7;11;0.1;-1.3;0.15;2.4;2.5;0;622;208;109;73;95481;3.37;0.06;0.24;0.25
2007;8;8;220;22.1;17.9;15.6;17;15.5;13.1;-0.4;-1.1;0.15;2.4;2.5;0;421;113;64;31;95387;2.37;20.37;0.24;0.25
2007;8;9;221;21;17;14.3;17.6;15.9;14;0.4;-0.4;0.15;2.3;2.5;0;357;91;49;23;95308;2.12;21.1;0.26;0.25
2007;8;10;222;14.7;13.7;12.9;13.9;13.3;12.7;1.7;0.5;0.15;2.3;2.5;0;189;36;12;3;95540;1.07;9.35;0.28;0.25
2007;8;11;223;16.6;15.3;13.4;15.6;14.6;13.3;1.2;-1.1;0.15;2.3;2.5;0;161;52;19;9;95585;1.16;4.29;0.28;0.25
2007;8;12;224;21.6;17.4;13.3;14;13;11.5;1.5;-0.2;0.15;2.3;2.5;0;493;161;81;50;95525;2.75;1;0.28;0.25
2007;8;13;225;21.5;17.7;12.4;16.4;14;11.4;1.5;0.1;0.15;2.3;2.5;0;569;184;91;64;95654;2.69;0.75;0.28;0.25
2007;8;14;226;22.8;18.8;13.8;16.3;14.6;12.6;0.2;0.9;0.15;2.3;2.5;0;558;184;91;63;95763;2.73;0.45;0.27;0.25
2007;8;15;227;25.8;21.2;16.5;16.9;15.2;13.7;0.5;2.5;0.14;2.3;2.5;0;505;152;78;50;95468;2.81;0.02;0.27;0.26
2007;8;16;228;20.1;17.7;13.1;16.8;13.8;11.4;2;1.2;0.14;2.3;2.5;0;329;85;74;41;95595;2.5;8.18;0.27;0.26
2007;8;17;229;18.5;14.8;11.2;13;10.9;9.3;1.6;0.7;0.14;2.3;2.5;0;576;166;92;59;96277;2.61;2.1;0.27;0.26
2007;8;18;230;18.8;15.3;11.1;11.6;9.5;7.5;-0.2;0.1;0.14;2.3;2.5;0;529;151;97;62;96204;2.28;0.08;0.27;0.26
2007;8;19;231;22.3;17.7;12.8;14;11.4;9.4;-0.1;0.5;0.14;2.3;2.5;0;548;187;101;66;95573;2.93;0.33;0.26;0.26
2007;8;20;232;19.7;16.1;12;12.7;11.8;11;1.1;-0.1;0.14;2.3;2.5;0;520;150;86;53;95193;2.33;3.63;0.26;0.26
2007;8;21;233;16;14;12.6;13.1;12.4;11.4;1;-0.8;0.14;2.3;2.5;0;200;60;55;24;94991;1.46;11.91;0.27;0.26
2007;8;22;234;20.7;15.6;9.9;14.6;12.5;9.8;-0.3;0.6;0.14;2.2;2.5;0;570;188;100;67;95435;2.61;1.71;0.27;0.26
2007;8;23;235;21.3;16.5;11.7;15.2;13.6;11.2;0.1;-0.6;0.14;2.2;2.5;0;462;139;75;52;95863;2.22;12.05;0.28;0.26
2007;8;24;236;23.1;17.7;11.9;15;12.9;11.4;0.3;-0.5;0.14;2.2;2.5;0;636;181;113;66;96708;2.77;0.04;0.28;0.26
2007;8;25;237;24;18.8;12.2;15.1;13;11.2;0.8;-0.9;0.14;2.2;2.5;0;593;194;110;74;97095;3.02;0.11;0.27;0.26
2007;8;26;238;23.6;19.3;13.9;15.7;14;12.3;1.7;-0.6;0.14;2.2;2.5;0;520;179;98;67;96919;2.78;0.16;0.27;0.26
2007;8;27;239;20.9;17;13.1;14.4;12.4;8.6;0.9;-1.3;0.14;2.2;2.5;0;472;154;88;60;96462;2.4;0.18;0.27;0.26
2007;8;28;240;18;14.5;11;9.1;7.8;6.7;-0.4;-1.5;0.14;2.2;2.5;0;469;152;93;66;96234;2.43;0;0.26;0.26
2007;8;29;241;17.5;14.1;11.2;9.4;7.7;5.9;-2.4;-1.2;0.14;2.2;2.5;0;483;114;70;49;95918;1.97;0.04;0.26;0.26
2007;8;30;242;17.1;13.6;10.6;7.2;5.9;5.2;0;-1.1;0.14;2.2;2.5;0;565;150;103;65;96081;2.34;0;0.26;0.26
2007;8;31;243;16.8;13.8;11.2;11.8;9.9;6.5;2.9;-0.2;0.14;2.2;2.5;0;290;91;62;29;96126;1.78;2.58;0.25;0.26
2007;9;1;244;16.3;13.5;11.6;13;11.2;10.4;2.4;-0.4;0.14;2.2;2.5;0;396;118;72;36;96267;2.31;3.95;0.26;0.26
2007;9;2;245;17.6;14.2;9.6;11.5;10.2;9.3;2;0.6;0.14;2.2;2.5;0;383;112;63;43;96228;1.77;0.41;0.26;0.26
2007;9;3;246;14.2;11.9;8;11.7;10.1;6.9;2.9;0.3;0.14;2.2;2.5;0;215;53;67;39;95666;1.64;13.34;0.26;0.26
2007;9;4;247;11.6;8.7;6.5;7.2;5.8;3.7;2.1;-1.9;0.14;2.2;2.5;0;510;149;82;65;96142;2.39;5.7;0.26;0.26
2007;9;5;248;12.8;9.5;6.6;6.2;4.6;2.9;1.2;-3.3;0.14;2.2;2.5;0;509;141;90;55;96678;2.48;3.19;0.27;0.26
2007;9;6;249;14.1;11;8.1;11.3;7.7;5.2;1.8;-3.5;0.14;2.2;2.5;0;282;80;58;32;96598;1.17;0.49;0.27;0.26
2007;9;7;250;14.3;12.4;10.5;10.4;9.6;8.2;1.7;-2.4;0.14;2.2;2.5;0;211;63;24;16;96622;1.37;1.45;0.27;0.26
2007;9;8;251;13.8;12.5;11.4;11.3;10.5;9.7;2.9;-1.3;0.14;2.2;2.5;0;147;36;18;12;96470;1.01;1.93;0.27;0.26
2007;9;9;252;13.5;11.7;10.1;11;8;6.1;3.1;-1.8;0.14;2.2;2.5;0;317;88;63;33;96148;1.97;1.68;0.27;0.26
2007;9;10;253;12.4;10.4;8.8;9.8;8.3;6.8;3.4;0.4;0.14;2.2;2.5;0;191;42;59;26;95750;1.25;12.75;0.26;0.26
2007;9;11;254;13.6;10.7;8.5;9.4;8.2;7.6;3.2;-1.2;0.14;2.2;2.5;0;286;82;64;32;96051;1.79;4.13;0.28;0.26
2007;9;12;255;15.7;11.9;8.4;9.5;8;6.6;1.2;-1.5;0.14;2.1;2.5;0;393;113;69;50;96787;1.75;0.57;0.28;0.26
2007;9;13;256;15.4;11.7;7.1;10.1;8.3;6.3;0.1;-0.8;0.14;2.1;2.5;0;340;97;58;41;96810;1.21;0;0.27;0.26
2007;9;14;257;19.1;13.3;6.5;11.3;9.1;6;1.2;0.4;0.14;2.1;2.5;0;560;156;105;68;96263;2;0;0.27;0.26
2007;9;15;258;15.8;13;9.6;9.4;7;5.1;2.2;-1;0.14;2.1;2.5;0;555;158;122;72;96609;2.14;0.1;0.27;0.26
2007;9;16;259;19.2;12.8;5.3;11.6;8.3;3.7;0.4;1.5;0.14;2.1;2.5;0;567;174;119;85;96272;2.03;0;0.26;0.26
2007;9;17;260;21.7;15.7;8.4;13.7;11.3;7.8;1.2;1.9;0.14;2.1;2.5;0;516;149;96;63;95627;2.03;1.31;0.26;0.26
2007;9;18;261;14.3;11;6.6;13;9.2;5.1;2.5;-0.3;0.14;2.1;2.5;0;205;51;71;37;95610;1.47;9.27;0.27;0.26
2007;9;19;262;10.9;7.7;3.8;5.2;2.9;0.6;1.9;0.1;0.14;2.1;2.5;0;291;91;81;55;96705;1.34;0.04;0.27;0.26
2007;9;20;263;14.3;9.2;3.7;8;5;2.4;0.8;1.2;0.14;2.1;2.5;0;507;125;107;64;96797;1.36;0;0.27;0.26
2007;9;21;264;17.9;11.6;4.5;9.6;7.2;3.6;-0.2;1.9;0.13;2;2.5;0;540;161;114;79;96777;1.79;0;0.26;0.26
2007;9;22;265;20.1;13.6;6.7;11.6;9.1;5.5;-0.3;0.8;0.13;2;2.5;0;525;158;119;80;96695;1.81;0;0.26;0.26
2007;9;23;266;21.1;14.6;7.7;12.6;10.2;6.5;-1.1;0.6;0.13;2;2.5;0;522;153;108;75;96696;1.82;0;0.26;0.26
2007;9;24;267;21.2;14.8;7.5;13.3;10.9;6.9;-0.5;1.2;0.13;2;2.5;0;524;155;114;76;96137;1.82;0;0.26;0.26
2007;9;25;268;12;10.7;8.6;11.1;8.7;7.1;1.5;0.8;0.13;2;2.5;0;185;47;54;36;95911;1.08;3.89;0.26;0.26
2007;9;26;269;11.3;8.9;5.7;8.3;7.2;5.2;-0.5;-0.3;0.13;2;2.5;0;269;62;61;32;95671;1.24;10.04;0.26;0.26
2007;9;27;270;11.2;9.7;8.3;10.7;9.3;8.2;-2.5;-1;0.13;1.9;2.5;0;61;18;42;13;94910;0.5;13.9;0.27;0.26
2007;9;28;271;10.6;9.1;8.3;9.1;8.3;7.4;0.9;0;0.13;1.9;2.5;0;126;24;27;14;94775;1.08;25.69;0.29;0.26
2007;9;29;272;14.3;10.6;8.5;9;6.6;4.3;3;2.8;0.13;1.9;2.5;0;268;64;87;38;95726;1.66;1.83;0.3;0.26
2007;9;30;273;16.1;10.9;6.6;8.8;6.5;4.5;0.6;0.7;0.13;1.9;2.5;0;480;130;103;74;96702;1.43;0;0.3;0.26
2007;10;1;274;18.7;12.3;5.9;11;8.4;4.7;-1.5;0.3;0.13;1.9;2.5;0;481;136;105;71;96804;1.47;0;0.29;0.26
2007;10;2;275;19.3;13.8;9.1;15;12.2;8.6;0.1;0.2;0.13;1.9;2.5;0;380;99;72;37;96413;1.19;3.75;0.29;0.26
2007;10;3;276;15;13.3;11.7;13;12.3;11.4;-1.8;0;0.13;1.8;2.5;0;150;40;30;16;96410;0.59;0.17;0.29;0.26
2007;10;4;277;18.5;14.1;10.6;14.8;13.1;10.6;0.6;0.5;0.13;1.8;2.5;0;315;71;62;30;96438;0.9;1.43;0.29;0.27
2007;10;5;278;16.3;12.9;8.9;12.8;10.2;6.3;-0.3;-1.6;0.13;1.8;2.5;0;375;92;90;47;96564;1.32;0.69;0.28;0.27
2007;10;6;279;13.2;10.2;7.8;7;6.3;5.8;-2.5;-0.8;0.13;1.8;2.5;0;266;71;70;43;96622;0.97;0;0.28;0.27
2007;10;7;280;13.3;8.9;5.1;6.8;5.1;3.6;-1.5;0.2;0.13;1.8;2.5;0;423;123;120;80;96571;1.21;0;0.28;0.27
2007;10;8;281;14.2;9.1;4.4;7.1;5.6;3.2;0;-0.5;0.13;1.8;2.5;0;453;124;108;74;96612;1.12;0.01;0.28;0.27
2007;10;9;282;13.5;9.5;5.2;8;6.4;5;-0.8;-0.2;0.13;1.7;2.5;0;384;78;79;39;96789;0.83;0.15;0.27;0.27
2007;10;10;283;13.9;10.2;6.9;8.4;6.4;5.4;-1.3;-0.3;0.13;1.7;2.5;0;351;80;74;44;96702;0.89;0.11;0.27;0.27
2007;10;11;284;13;8.9;4.5;7.2;5.9;4.2;-0.6;-0.5;0.13;1.7;2.5;0;384;103;98;64;96892;0.98;0;0.27;0.27
2007;10;12;285;10.9;8.2;4.4;9;6.9;3.9;2.3;-0.5;0.13;1.7;2.5;0;178;49;52;24;96489;0.45;0.35;0.27;0.27
2007;10;13;286;10.8;8.6;4.9;8.5;5;1.8;-1.3;-1;0.13;1.7;2.5;0;229;65;82;43;96915;0.77;0.06;0.27;0.27
2007;10;14;287;12.3;6.6;1.4;1.9;0.8;-1;-1.9;0.5;0.13;1.7;2.5;0;443;120;118;88;96892;1.11;0;0.26;0.27
2007;10;15;288;14.7;8;1.8;7.9;3.8;-0.8;-0.3;1.7;0.13;1.7;2.5;0;439;118;115;81;96452;0.95;0;0.26;0.27
2007;10;16;289;16.2;9.6;3.6;10.5;7.2;3.4;0.7;1.5;0.13;1.6;2.5;0;390;105;105;70;96485;0.79;0;0.26;0.27
2007;10;17;290;16.7;10.7;4.6;10.5;8;4.3;1.5;1.9;0.13;1.6;2.5;0;401;98;94;60;96213;0.99;1.52;0.26;0.27
2007;10;18;291;10.5;7.1;4.2;9.3;4.6;1.6;3.2;-1.6;0.13;1.6;2.5;0;287;75;80;48;96591;1.58;3.45;0.26;0.27
2007;10;19;292;5.8;3.6;1.1;3.9;1.7;-0.6;1.6;-2.1;0.12;1.6;2.5;0;279;67;78;53;97037;1.21;3.03;0.26;0.27
2007;10;20;293;5;2.2;0;-0.6;-2;-3.5;-0.4;-2.6;0.12;1.6;2.5;0;252;68;84;58;97412;0.72;0.06;0.26;0.27
2007;10;21;294;5.2;2.2;0.8;1;0.4;-0.3;-0.1;-1.4;0.14;1.6;2.5;0.66;263;59;79;36;96927;0.97;4.44;0.26;0.27
2007;10;22;295;4.5;2;-0.2;0.2;-1.7;-3;-2.3;-1.9;0.14;1.6;2.5;0.8;316;81;72;43;96809;0.9;0;0.26;0.27
2007;10;23;296;4.2;2.6;1.6;0.9;0.2;-1.2;-1.7;-2.7;0.13;1.6;2.5;0.63;111;24;25;13;96426;0.56;1.51;0.26;0.27
2007;10;24;297;5.2;3.8;1.9;3.7;2.6;0.7;-1.9;-1.8;0.13;1.6;2.5;0.39;85;21;12;6;96458;0.4;0.05;0.26;0.27
2007;10;25;298;7.5;5.7;4.3;4.6;4;3.4;-2.2;-1.1;0.12;1.6;2.5;0.17;144;28;19;9;96503;0.24;0.03;0.26;0.27
2007;10;26;299;8.6;6.6;5;5;4.5;4.1;-2.2;-0.6;0.12;1.6;2.5;0.04;160;38;45;20;96353;0.34;0.01;0.26;0.27
2007;10;27;300;8.3;6.4;4.8;5.2;4.6;4;1;-0.3;0.12;1.6;2.5;0;145;29;25;16;96953;0.35;0.99;0.26;0.27
2007;10;28;301;8.9;6.2;2.9;4.9;3.6;2.8;-0.5;1.2;0.12;1.6;2.5;0;199;45;50;30;96763;0.59;0.3;0.26;0.27
2007;10;29;302;10.8;6.3;3.5;5.3;4.2;2.9;-0.3;2;0.12;1.6;2.5;0;303;63;83;53;95937;0.43;0;0.25;0.27
2007;10;30;303;8.6;5.5;2.2;6.2;4.3;1.7;1.1;-0.1;0.12;1.6;2.5;0;159;27;67;31;95899;0.24;0.52;0.25;0.27
2007;10;31;304;7.2;4.7;2;3.7;2.7;1;0;-1.2;0.12;1.6;2.5;0;223;54;78;39;97074;0.46;0;0.25;0.27
2007;11;1;305;8.2;3.4;-0.1;2.6;1.3;-0.6;0.5;-0.3;0.12;1.6;2.5;0;327;75;95;56;97374;0.49;0.01;0.25;0.27
2007;11;2;306;6.3;4.9;1.5;6.1;4.6;1.3;0.9;0;0.12;1.6;2.5;0;43;10;23;2;97379;0.06;0.24;0.25;0.27
2007;11;3;307;8.9;7.7;6.1;8.8;7.6;6.1;1.5;0;0.12;1.6;2.5;0;48;9;3;0;96908;0.05;1.34;0.25;0.27
2007;11;4;308;8.8;6.3;2.1;8.1;3.8;1.4;1.2;-2.1;0.12;1.6;2.5;0;197;41;60;37;96730;0.73;0.55;0.25;0.27
2007;11;5;309;6.1;3.6;1.8;2.2;0.9;-0.2;-0.4;0.4;0.12;1.6;2.5;0;197;49;64;38;96924;0.41;0;0.25;0.27
2007;11;6;310;6;3.4;1.4;4.9;1.8;-0.1;3.8;-0.4;0.12;1.6;2.5;0.03;188;46;71;35;96351;1.07;6.69;0.25;0.27
2007;11;7;311;5.1;3;1.3;4.6;2.5;0;5;0.7;0.12;1.6;2.5;0.11;34;9;34;8;96191;0.63;10.57;0.26;0.27
2007;11;8;312;7.5;6.1;4.9;5.4;4.5;3.4;4.3;0.4;0.12;1.5;2.5;0.04;194;44;55;23;95771;1.14;5.87;0.26;0.27
2007;11;9;313;6;2.8;1;5.5;1.6;-1.2;4.9;0;0.12;1.5;2.5;0.82;219;42;58;25;95106;1.24;14.1;0.28;0.27
2007;11;10;314;1.5;0.7;-0.1;0.9;-0.4;-1.2;4.4;-0.3;0.24;1.5;2.5;8.94;76;16;61;27;95387;0.25;12.41;0.28;0.27
2007;11;11;315;5.8;2.5;0.2;5;1.6;-0.3;4;-0.3;0.31;1.5;2.5;12.82;43;11;54;17;94853;0;16.43;0.29;0.27
2007;11;12;316;2.2;0.7;-0.2;0.2;-0.7;-1.6;4.4;-0.8;0.3;1.5;2.5;12.82;130;25;52;33;95534;0.51;10.78;0.29;0.27
2007;11;13;317;2.1;0.5;-0.2;0.2;-0.4;-1;3.5;0.5;0.37;1.5;2.5;21.25;147;28;53;26;95366;0.19;8.52;0.29;0.27
2007;11;14;318;0.6;-0.7;-2.6;-0.2;-1.9;-3.8;0.4;-1.7;0.37;1.5;2.5;27.32;120;26;73;26;94853;0.31;4.75;0.29;0.27
2007;11;15;319;-0.5;-2.6;-5.4;-3.4;-5;-6.8;-0.8;-2.6;0.37;1.5;2.5;28.79;161;37;82;42;96120;0.41;0.74;0.29;0.27
2007;11;16;320;-0.7;-2.1;-4;-3.2;-4.8;-5.7;0.7;-1;0.37;1.5;2.5;28.88;108;26;45;19;96813;0.33;0.33;0.29;0.27
2007;11;17;321;1.2;-0.3;-1.8;0.3;-1;-3;0.8;-0.6;0.36;1.5;2.5;29.78;59;11;14;6;96665;0.04;2.9;0.29;0.27
2007;11;18;322;2.7;0.9;-0.7;0.5;-0.2;-2.1;-1.7;-0.2;0.36;1.5;2.5;29.14;89;19;52;21;95850;0.07;0.7;0.29;0.27
2007;11;19;323;4;-0.4;-3.9;-0.5;-2.6;-4.3;-2;0.6;0.35;1.5;2.5;27.18;207;45;93;68;95669;0.17;0;0.29;0.27
2007;11;20;324;2.9;-1.4;-4.1;-1;-3.1;-4.7;-1.8;0.3;0.35;1.6;2.5;25.54;154;32;82;40;95868;0.15;0.01;0.29;0.27
2007;11;21;325;3.3;-0.9;-4.6;0.2;-2.9;-6.3;-1.5;0.7;0.35;1.6;2.5;23.37;181;36;61;37;95624;0.18;0;0.29;0.27
2007;11;22;326;4.2;0.3;-2.4;1.9;-0.8;-3;-1.3;0.7;0.33;1.6;2.5;20.31;141;31;69;32;95445;0.01;0.13;0.29;0.27
2007;11;23;327;6.1;2.6;-1.6;4.4;1.9;-2.3;0;-0.5;0.3;1.6;2.5;16.72;130;24;43;11;95549;-0.1;1.87;0.29;0.27
2007;11;24;328;4.6;2;-1.6;4.2;0.5;-2.9;0.2;-1.2;0.25;1.6;2.5;11.91;144;32;54;30;96450;0.22;0.09;0.29;0.28
2007;11;25;329;1;-0.1;-1.8;0.6;-1.1;-3;3.6;1.1;0.27;1.6;2.5;13.52;62;11;53;21;95940;0.13;8.42;0.29;0.28
2007;11;26;330;0.4;-0.6;-1.3;-1;-2.2;-3;5.1;-1.1;0.36;1.6;2.5;19.96;142;31;75;47;96153;0.46;4.58;0.29;0.28
2007;11;27;331;0.4;-1.2;-2.8;-1.8;-2.7;-3.9;2.9;-0.8;0.36;1.6;2.5;22.67;137;25;69;40;96738;0.26;1.43;0.29;0.28
2007;11;28;332;-0.1;-2.2;-4.9;-1.7;-3.7;-7.3;-0.5;0.8;0.36;1.6;2.5;23.13;127;24;68;31;96557;0.21;0;0.29;0.28
2007;11;29;333;1.1;-2.3;-6.7;0.2;-4.1;-8.7;1;1.7;0.36;1.6;2.5;22.88;98;22;61;22;95559;0.24;0.87;0.29;0.28
2007;11;30;334;2.5;1.4;0.6;1.8;0.7;0.1;2.8;0.9;0.36;1.6;2.5;23.39;64;13;15;8;95435;-0.04;4.02;0.29;0.28
2007;12;1;335;5.6;4.2;2.4;5.3;3.4;1.6;2.3;2;0.3;1.6;2.5;16.02;55;9;31;7;95351;-0.29;2.28;0.29;0.28
2007;12;2;336;6.8;5.1;2.5;4.3;3.2;1.1;3.6;3.7;0.21;1.6;2.5;8.05;51;11;51;19;94979;0.89;9.02;0.3;0.28
2007;12;3;337;6;3.5;1.6;3.9;2.2;-0.7;4.8;1.4;0.15;1.7;2.5;3.34;58;12;63;25;93933;0.9;14.9;0.32;0.28
2007;12;4;338;3.4;1.7;0.3;1.7;0.5;-0.5;3.2;-0.2;0.16;1.7;2.5;4.11;163;31;79;31;95632;0.49;3.21;0.32;0.28
2007;12;5;339;6;3.8;2.1;5.5;3.2;1.7;1.3;2;0.15;1.7;2.5;3.16;42;9;65;18;96320;0.06;1.96;0.32;0.29
2007;12;6;340;7;6.2;4.7;6.1;5.1;3.4;3.4;2.1;0.13;1.7;2.5;1.51;149;23;43;13;95945;0.8;10.51;0.31;0.29
2007;12;7;341;9.3;7;3;7.6;5.3;1.7;4.5;2.4;0.11;1.7;2.5;0.37;89;10;77;26;94587;1.1;9.35;0.32;0.29
2007;12;8;342;4.2;2.6;0.7;2.6;0.5;-1.4;2.4;1.3;0.11;1.7;2.5;0.16;180;34;78;49;95117;0.45;0.43;0.32;0.29
2007;12;9;343;5.3;2.9;1.1;4.5;1.1;-2.9;0.6;2.9;0.13;1.7;2.5;2.01;69;13;55;22;94038;0.23;5.8;0.31;0.29
2007;12;10;344;4.1;2.1;-0.3;2.8;1;-1.3;0.5;2.1;0.14;1.7;2.5;2.22;84;16;77;28;94467;0.34;2.12;0.31;0.3
2007;12;11;345;3.4;2.5;1.3;3.3;2;0.3;0.6;-1.5;0.13;1.7;2.5;1.7;87;17;29;11;95890;0.28;1.86;0.31;0.3
2007;12;12;346;2.6;1.9;1.2;1.3;0.7;0.2;0.3;-3.1;0.12;1.7;2.5;1.28;78;14;20;11;97189;0.58;1.22;0.3;0.3
2007;12;13;347;2.5;0.9;-1.5;1.7;-1.8;-5;-1;-2.1;0.12;1.7;2.5;0.96;149;28;88;36;97895;0.46;0.14;0.3;0.3
2007;12;14;348;-1;-1.7;-2.4;-4.2;-6.7;-8;-1.1;-2.2;0.12;1.7;2.5;0.93;123;25;72;37;97711;0.34;0.03;0.3;0.3
2007;12;15;349;-1.5;-2.2;-3.3;-5.3;-6.7;-8.3;-2.7;-1.1;0.12;1.7;2.5;1.06;190;38;89;56;97644;0.07;0.13;0.29;0.3
2007;12;16;350;-1.6;-2.7;-3.7;-5.5;-6.4;-7.6;-2.4;-1.4;0.12;1.7;2.5;1.09;146;27;70;43;97695;0.07;0.01;0.29;0.3
2007;12;17;351;-1;-3.1;-4;-6.5;-7.5;-8.2;-3.8;-0.7;0.12;1.7;2.5;1.1;218;39;101;65;97679;0.06;0.02;0.29;0.3
2007;12;18;352;1;-2.1;-4;-5.7;-7;-9;-3.1;-1;0.12;1.7;2.5;1.08;214;43;91;75;97685;0.05;0;0.28;0.3
2007;12;19;353;2.1;-2.1;-4.7;-2.7;-4.9;-6;-1.1;-0.9;0.12;1.7;2.5;1.04;215;43;100;72;97959;0.02;0;0.28;0.3
2007;12;20;354;2.4;-3;-5.8;-3;-5.2;-6.8;-1;-0.4;0.12;1.6;2.5;0.99;220;45;101;70;97761;0.03;0;0.28;0.3
2007;12;21;355;3.2;-2.8;-5.9;-4.6;-6.7;-8.8;-1.4;0;0.12;1.6;2.5;0.93;230;46;109;74;97230;0.03;0;0.28;0.3
2007;12;22;356;-0.3;-4.4;-6.3;-4.7;-6.4;-7.9;-0.3;1.2;0.12;1.6;2.5;0.89;211;40;96;64;96972;0.03;0;0.27;0.3
2007;12;23;357;-3.2;-5.2;-7.2;-6;-6.8;-8.2;0.5;0.6;0.12;1.6;2.5;0.92;141;27;67;40;97034;0.01;0.11;0.27;0.3
2007;12;24;358;-0.8;-2.8;-4.7;-3.2;-4.5;-6.7;0.5;0.2;0.13;1.6;2.5;1.23;87;18;36;18;97072;0;0.28;0.27;0.3
2007;12;25;359;-0.1;-2.8;-4.2;-3.5;-4.5;-5.8;-0.8;1.6;0.13;1.6;2.5;1.29;196;35;89;53;96847;-0.03;0;0.27;0.3
2007;12;26;360;-0.1;-3.5;-5.7;-4.4;-5.7;-7.8;0.1;1.3;0.13;1.5;2.5;1.29;175;36;80;61;96926;0.07;0;0.26;0.3
2007;12;27;361;-0.1;-2;-3.5;-1.4;-2.8;-4.5;0.4;1.2;0.13;1.5;2.5;1.3;85;18;27;14;97628;-0.03;0.1;0.26;0.3
2007;12;28;362;0.5;-1.8;-3.1;-2.2;-3;-4.5;0.1;1.8;0.13;1.5;2.5;1.4;144;27;76;39;97355;-0.04;0.07;0.26;0.3
2007;12;29;363;3.5;-0.7;-4.1;-0.2;-4.5;-6.6;0.4;2.3;0.13;1.5;2.5;1.64;220;42;88;49;96500;0.13;1.48;0.26;0.3
2007;12;30;364;1.9;0.9;0.5;1.4;0.7;0;1.8;1.4;0.15;1.5;2.5;2.62;63;11;12;3;96436;-0.04;3.26;0.26;0.3
2007;12;31;365;0.7;-1.1;-3.4;0;-2.4;-4.1;2;-0.7;0.17;1.4;2.5;4.23;133;23;76;37;96872;0.18;1.31;0.26;0.3
2008;1;1;1;-0.3;-2;-3.4;-3.2;-4.5;-6.1;0.3;-0.5;0.18;1.4;2.5;4.67;146;26;61;26;96713;0.13;0.2;0.25;0.3
2008;1;2;2;-0.9;-2.7;-3.9;-4.7;-5.8;-7.6;-3;-0.1;0.18;1.4;2.5;4.73;202;38;83;55;96316;0.14;0.02;0.25;0.3
2008;1;3;3;-0.6;-2.9;-4.3;-6.2;-6.7;-7.6;-3.6;0.5;0.18;1.4;2.5;4.68;187;36;82;57;95476;0.09;0;0.25;0.3
2008;1;4;4;0.7;-2.7;-4.5;-6;-6.7;-7.8;-2.8;0.5;0.18;1.4;2.5;4.57;206;39;89;59;95700;0.06;0;0.25;0.3
2008;1;5;5;1.9;-0.7;-3.4;-0.3;-4;-6.1;-1.1;2.1;0.18;1.4;2.5;4.66;115;23;60;27;95633;0.19;3.13;0.25;0.3
2008;1;6;6;2.8;0.6;-1.5;2.4;0.1;-1.7;1.8;1.2;0.26;1.3;2.5;9.91;73;13;73;21;95535;-0.08;9.15;0.25;0.3
2008;1;7;7;5.1;1.3;-2.5;4.2;0.3;-2.8;1.8;1.9;0.26;1.3;2.5;9.45;63;9;83;37;95884;-0.08;6.79;0.26;0.3
2008;1;8;8;4.2;1.6;-2;1.6;-0.4;-2.7;2;1.4;0.22;1.3;2.5;7.23;158;32;68;44;96510;0.28;0.49;0.26;0.3
2008;1;9;9;4.3;1.1;-3.3;3.5;-0.8;-4.9;0.4;2.2;0.2;1.3;2.5;6.18;164;31;64;33;96111;-0.01;1.48;0.26;0.3
2008;1;10;10;5.9;3.4;1.7;4.7;2.6;-0.6;0.9;2.2;0.17;1.3;2.5;4.06;105;22;69;30;96194;-0.1;0.06;0.26;0.3
2008;1;11;11;6.3;2.4;0.4;-0.2;-1.9;-3.9;-1.3;2.4;0.15;1.2;2.5;3.1;215;43;81;66;95471;0.44;0;0.26;0.29
2008;1;12;12;4.5;1.6;-0.4;1.9;-0.4;-3.8;1.1;1.3;0.15;1.2;2.5;2.62;145;28;67;39;95280;0.03;0.14;0.26;0.29
2008;1;13;13;2.6;1.2;-0.5;1.3;0.2;-1.4;-1;0.7;0.14;1.2;2.5;2.17;96;22;65;22;96146;0.07;0;0.26;0.29
2008;1;14;14;3.3;0.3;-2;1.2;-0.6;-2.7;-0.7;1.6;0.13;1.2;2.5;1.94;185;38;68;43;95702;0.07;0.25;0.25;0.29
2008;1;15;15;4.9;1.4;-0.8;0.9;-0.6;-1.8;-0.7;2.7;0.13;1.2;2.5;1.71;230;48;89;59;95322;0.24;0;0.25;0.29
2008;1;16;16;3.8;1.9;-1;2.3;0.4;-1.4;-0.2;2.3;0.13;1.2;2.5;1.42;102;19;52;22;94678;0.37;3.17;0.25;0.29
2008;1;17;17;5.1;1.7;-1.3;2.7;0.5;-1.9;0.3;2;0.12;1.2;2.5;1.16;150;31;60;35;95559;0.2;0.23;0.25;0.29
2008;1;18;18;6.6;4.4;1.1;5.3;3.1;-0.2;3.1;2;0.15;1.2;2.5;2.89;147;29;48;19;95955;0.52;8.51;0.26;0.29
2008;1;19;19;8.4;7.8;6.3;7.5;6.8;5.4;5;1.8;0.12;1.2;2.5;0.93;40;8;8;2;96520;0.44;3.74;0.26;0.29
2008;1;20;20;9;8.3;7.8;6.9;5.7;4.6;4.5;1.4;0.11;1.1;2.5;0.14;132;18;43;11;96635;0.54;0.41;0.26;0.29
2008;1;21;21;7.7;6.7;5.1;4.7;3.4;1.4;4.3;1.6;0.11;1.1;2.5;0;123;22;38;20;95969;0.39;0.81;0.26;0.29
2008;1;22;22;5.3;2.8;-0.3;4.7;-0.8;-5.1;3.4;-1.4;0.11;1.1;2.5;0.1;195;34;85;39;95783;0.97;6.87;0.26;0.29
2008;1;23;23;2.4;0.5;-1.3;-1.4;-3.1;-4.5;1.7;0.9;0.11;1.1;2.5;0.22;226;49;93;46;97346;0.29;0.02;0.26;0.29
2008;1;24;24;7.1;3;-0.3;1.2;-1.9;-4.3;1.8;1.2;0.11;1.1;2.5;0.2;265;57;85;53;97112;0.34;0.83;0.26;0.29
2008;1;25;25;3.9;1.4;-1.7;2.7;-1.6;-3.4;2.5;0.5;0.11;1.1;2.5;0.15;275;65;113;79;97855;0.45;0.34;0.26;0.29
2008;1;26;26;3.9;1.7;-0.4;0.3;-1.3;-3.6;3.8;1;0.11;1.1;2.4;0.14;176;37;89;41;97502;0.27;0.07;0.26;0.29
2008;1;27;27;4;2.9;1.8;3.5;0;-2.5;5.1;-0.4;0.12;1.1;2.4;1.31;64;12;21;9;96907;0.51;3.41;0.26;0.29
2008;1;28;28;5;4.2;3.6;4.7;4;3.5;1.6;0;0.12;1.1;2.4;1.21;59;10;8;2;97454;0.07;0.79;0.26;0.29
2008;1;29;29;6;3.8;1.7;3.7;2;0.5;0.1;0.7;0.12;1.1;2.4;0.84;177;34;52;24;97060;0.33;0.37;0.26;0.29
2008;1;30;30;3.2;1.2;-0.5;1;0.3;-0.6;1.5;0.3;0.11;1.1;2.4;0.87;111;24;43;19;96414;0.2;1.99;0.26;0.29
2008;1;31;31;1;-0.2;-1.8;-0.5;-2.6;-4.9;1.7;1.9;0.13;1.1;2.4;1.99;127;28;64;32;96279;0.38;0.07;0.26;0.29
2008;2;1;32;5.3;3;0.5;4;0.1;-6.5;2.8;3.2;0.15;1.1;2.4;2.9;80;14;65;14;94722;0.82;12.19;0.26;0.29
2008;2;2;33;1.3;0;-3.4;0.7;-1.7;-5;3.6;0.9;0.16;1.1;2.4;3.59;170;36;84;42;95605;0.46;2.16;0.26;0.29
2008;2;3;34;4;-1;-4.8;-4.2;-5.3;-6.9;-1.5;1.4;0.17;1.1;2.4;4.38;323;75;119;84;96167;0.23;0;0.26;0.29
2008;2;4;35;6.6;1.3;-2.2;0.2;-1.9;-4.5;-0.1;1.2;0.16;1.1;2.4;3.89;283;62;88;56;95337;0.12;0.09;0.26;0.29
2008;2;5;36;4.8;3;1.1;3.2;0.6;-1.4;1.7;2.5;0.15;1.1;2.4;3.11;217;43;59;20;96170;0.53;2.05;0.26;0.29
2008;2;6;37;7.9;5.8;2.9;5.7;4.1;1.9;4.4;1.2;0.13;1.1;2.4;1.38;218;41;65;21;96221;1.27;13.09;0.27;0.29
2008;2;7;38;3.9;1.3;-1.4;1.5;-1.9;-4.1;2.6;-1.2;0.12;1.1;2.4;0.74;253;53;88;57;97732;0.57;0.19;0.27;0.29
2008;2;8;39;5.1;0.9;-1.5;-0.5;-2.1;-3.3;-0.3;0.5;0.11;1.1;2.4;0.65;321;69;94;58;98045;0.26;0;0.27;0.29
2008;2;9;40;7.8;1.6;-2.7;-0.6;-2.7;-4.4;-1.5;-0.1;0.11;1.1;2.4;0.52;355;85;106;70;97888;0.32;0;0.27;0.29
2008;2;10;41;8.6;2;-2.2;3;-0.5;-3.3;-1.6;-0.6;0.11;1.1;2.4;0.39;360;86;104;69;97790;0.25;0;0.27;0.29
2008;2;11;42;8.6;2.2;-2.5;2.9;-0.1;-3.3;-1.3;-0.9;0.11;1.1;2.4;0.28;365;89;107;68;97746;0.31;0;0.27;0.29
2008;2;12;43;7.5;2.4;-1.6;2.3;0.4;-2.3;-1.8;-0.9;0.11;1.1;2.4;0.21;316;78;91;57;97611;0.31;0;0.26;0.29
2008;2;13;44;6.1;0.9;-2.3;-0.4;-1.6;-3.1;-0.4;-0.9;0.11;1.1;2.4;0.17;388;90;124;74;97658;0.43;0;0.26;0.29
2008;2;14;45;2.8;-0.1;-2.6;-0.4;-1.7;-3.1;-0.3;-1.4;0.11;1.1;2.4;0.18;207;50;52;26;97582;0.16;0.21;0.26;0.29
2008;2;15;46;-0.2;-1.2;-3.3;-2.4;-6.8;-10.3;-1.4;-2.1;0.11;1.1;2.4;0.35;249;57;92;45;97737;0.36;0.1;0.26;0.29
2008;2;16;47;-0.7;-3.3;-4.9;-9.7;-11.3;-12.7;-1.6;-0.8;0.11;1.1;2.4;0.35;368;90;105;86;98363;0.1;0;0.26;0.29
2008;2;17;48;2.3;-2.7;-6.1;-9.2;-11.8;-15.3;0.8;0.7;0.11;1.1;2.4;0.34;415;102;123;90;98124;0.06;0;0.26;0.29
2008;2;18;49;4.4;0.2;-3.8;-4.7;-8.7;-11.5;2.2;-0.4;0.11;1.1;2.4;0.32;394;88;109;56;97342;0.1;0;0.26;0.29
2008;2;19;50;7.3;2.2;-2.1;1.6;-0.6;-3.8;0.3;-0.6;0.11;1.1;2.4;0.26;371;89;116;52;96860;0.31;0;0.25;0.29
2008;2;20;51;8.2;2;-3.1;2;-0.3;-3.7;0.4;1;0.11;1.1;2.4;0.18;417;99;110;55;96462;0.21;1.05;0.25;0.29
2008;2;21;52;6.2;4.2;2.4;4.7;3.1;1.6;2.4;1;0.11;1.1;2.4;0.11;270;50;49;12;96648;0.32;1.05;0.25;0.29
2008;2;22;53;7.9;6.3;4.7;5.3;4.8;4.4;4.5;1.4;0.11;1.1;2.4;0.01;116;30;21;7;96718;0.55;1.25;0.25;0.29
2008;2;23;54;8.7;6.2;1.1;5.3;3.6;0.3;3.6;0.3;0.11;1.1;2.4;0;200;54;85;36;96990;0.65;0.57;0.25;0.29
2008;2;24;55;14.7;6.5;-0.9;5.9;2.8;-1.7;0.8;1.9;0.11;1.1;2.5;0;433;113;114;76;96572;0.67;0;0.25;0.29
2008;2;25;56;10.2;6.7;3;6;4.3;1.9;2.2;0.8;0.11;1.2;2.5;0;271;50;64;36;96440;0.5;0.36;0.25;0.28
2008;2;26;57;13.4;8.7;4.3;7.1;5.1;3.6;2.5;2.3;0.11;1.2;2.5;0;396;85;95;36;95777;1;4.18;0.25;0.28
2008;2;27;58;7.9;5.7;3;7;2;-0.7;4.3;0.2;0.11;1.2;2.5;0;337;68;77;40;95885;1.24;1.93;0.25;0.28
2008;2;28;59;6.9;4.2;1.3;1.7;-0.1;-1.5;1.5;0.6;0.11;1.2;2.5;0;263;69;66;45;96490;0.51;0.35;0.25;0.28
2008;2;29;60;7.3;5.1;1.8;6.6;4.4;0.1;1.8;1.4;0.11;1.2;2.5;0;50;13;22;3;95806;0.36;17.57;0.26;0.28
2008;3;1;61;7.8;6.3;3.4;6.7;2.7;-1.6;7.5;0.3;0.11;1.2;2.5;0;368;71;77;38;94342;2.22;25.21;0.28;0.28
2008;3;2;62;7.2;5.5;2.7;6.3;4.5;1.1;6.7;0.6;0.12;1.2;2.5;0.26;123;26;49;14;94936;1.53;11.3;0.29;0.28
2008;3;3;63;7;4.9;0.3;6.4;4.4;-0.8;3.1;0.1;0.11;1.2;2.5;0.14;154;26;76;18;95183;0.63;13.93;0.3;0.28
2008;3;4;64;4.5;0.8;-3.8;-1.5;-4.3;-6.7;1.3;-1.1;0.12;1.2;2.5;0.28;353;93;93;74;95618;0.76;0.14;0.3;0.28
2008;3;5;65;1.7;-0.9;-2.9;-4.1;-9.2;-13.5;0.7;-2.8;0.12;1.3;2.5;0.37;472;128;122;89;96643;0.87;0.18;0.3;0.28
2008;3;6;66;4.1;-0.6;-4.4;-5.9;-8;-9.5;1.7;1;0.12;1.3;2.5;0.4;503;139;124;87;96663;0.4;0;0.3;0.29
2008;3;7;67;9.3;3.3;-0.7;1.9;-1.2;-6.2;-0.9;0;0.12;1.3;2.5;0.34;470;123;101;51;95818;0.69;0.71;0.29;0.29
2008;3;8;68;6.3;3.5;0.5;2.8;1.8;0;0.9;0.2;0.12;1.3;2.5;0.31;175;49;40;18;95441;0.55;2.04;0.29;0.29
2008;3;9;69;8.7;4.5;0.4;2.2;0.5;-1.5;0.3;2.2;0.12;1.3;2.5;0.2;354;92;88;50;95082;0.79;0.06;0.29;0.29
2008;3;10;70;11.9;7;2.2;3.4;1.5;0.6;-0.5;2.7;0.12;1.3;2.5;0.11;513;142;115;70;94204;1.16;0.43;0.29;0.29
2008;3;11;71;8.3;6;4.4;3.9;1.7;-0.8;3.3;2.7;0.12;1.3;2.5;0.01;334;94;91;49;94080;1.44;4.61;0.28;0.29
2008;3;12;72;8.5;6.6;2.7;7.6;3.4;-2.3;5.5;1.2;0.12;1.3;2.5;0;370;90;92;40;94234;1.94;20.39;0.3;0.29
2008;3;13;73;6.6;3.5;1.5;2.4;0.6;-1.8;4.8;0.7;0.12;1.3;2.5;0.27;441;108;73;48;95512;1.68;5.13;0.3;0.29
2008;3;14;74;7.8;4.6;2.2;6.8;3.5;1.7;2.6;0.5;0.12;1.3;2.5;0.31;158;32;69;28;95450;0.7;8.16;0.31;0.29
2008;3;15;75;10.7;5.2;-0.7;4.4;1.8;-0.8;-0.1;1.1;0.12;1.4;2.5;0.18;535;131;113;63;95536;0.95;0;0.3;0.29
2008;3;16;76;10.5;6.9;3.4;6.2;4.7;2.6;2.4;1.3;0.12;1.4;2.5;0.08;370;89;70;36;94661;1.46;8.94;0.31;0.29
2008;3;17;77;7.1;4.3;0.3;4.9;-0.6;-5;2.9;-1.5;0.12;1.4;2.5;0.01;393;111;85;44;94870;1.36;4.25;0.31;0.29
2008;3;18;78;3.8;0.5;-1.9;-2.9;-4.1;-6.6;3.9;-1.3;0.13;1.4;2.5;0.58;518;131;100;75;95231;1.13;2.22;0.3;0.29
2008;3;19;79;3.3;0;-2.7;0;-2.2;-4.7;2.5;-0.4;0.15;1.4;2.5;1.93;389;107;82;56;95384;0.92;2.96;0.3;0.29
2008;3;20;80;3.3;-0.2;-3.4;-0.9;-2.3;-5;3.5;0.6;0.18;1.4;2.5;3.86;416;100;69;44;95277;0.88;5.25;0.3;0.29
2008;3;21;81;1.8;0.5;-1.3;0.3;-0.9;-2.5;4.1;3.1;0.33;1.5;2.5;14.56;126;40;56;22;92907;0.38;14.58;0.3;0.29
2008;3;22;82;3.5;0;-3.2;-1.1;-2.4;-3.9;2.7;0.9;0.37;1.5;2.5;18.23;330;98;88;51;93121;0.73;3.29;0.3;0.29
2008;3;23;83;1.5;-2.4;-6.7;-1.7;-4.5;-8.6;-0.5;-1.6;0.37;1.5;2.5;18.61;240;73;90;43;93863;0.39;3.48;0.3;0.29
2008;3;24;84;0.6;-3.5;-6.9;-6.9;-8.1;-9.1;1.5;0.4;0.36;1.5;2.5;18;296;88;74;42;93844;0.81;0.47;0.3;0.29
2008;3;25;85;0.6;-1.8;-4.2;-4.1;-5;-6.6;3.8;-0.2;0.37;1.5;2.5;19.03;332;92;84;45;94149;0.77;3.38;0.29;0.29
2008;3;26;86;2;-1;-3.9;-0.2;-3.2;-6.1;3.1;0.8;0.37;1.5;2.5;21.73;257;71;62;35;94492;0.52;4.05;0.29;0.3
2008;3;27;87;5.5;1.9;-1.6;1.4;0;-1.9;-0.8;1.2;0.36;1.5;2.5;20.49;302;89;64;31;94571;0.39;1.93;0.29;0.3
2008;3;28;88;8.5;3.8;-2.2;1;-0.5;-2.6;0.4;1.9;0.3;1.6;2.5;14.07;373;109;86;49;95443;1.02;0.02;0.3;0.3
2008;3;29;89;9.4;5.5;0.5;3.5;0.3;-2.9;2.8;1.4;0.22;1.6;2.5;7.02;494;147;107;64;96046;1.62;3.28;0.3;0.3
2008;3;30;90;15.3;7.8;0.2;1.2;-0.8;-4;-2.2;2.1;0.18;1.6;2.5;3.65;551;171;124;84;95778;1.71;0;0.3;0.3
2008;3;31;91;13.8;8.6;2.6;5.2;3.5;0.5;1.2;-1;0.15;1.6;2.5;1.56;492;143;89;58;95940;1.3;0.51;0.3;0.3
2008;4;1;92;13;9.1;5.3;7.4;5.3;2.1;1.4;-0.3;0.14;1.6;2.5;0.56;418;138;100;56;96393;1.68;2.21;0.3;0.3
2008;4;2;93;9.1;6.1;3.6;6.1;4.1;2.2;3.2;-0.9;0.13;1.6;2.5;0.15;455;133;84;49;96102;2.06;7.01;0.3;0.3
2008;4;3;94;7.2;4.1;1.4;4.8;2.8;0.8;1.3;-1.7;0.13;1.7;2.5;0.07;420;119;74;39;96276;1.62;4.16;0.3;0.3
2008;4;4;95;9.1;5.4;1.8;3.3;1.6;-0.5;1.2;-1;0.13;1.7;2.5;0.03;482;138;90;50;96686;1.73;1.63;0.3;0.3
2008;4;5;96;8.3;4.7;-0.1;3.9;2;-0.6;1.6;2.1;0.13;1.7;2.5;0.01;285;88;55;34;95414;1.14;3.87;0.3;0.3
2008;4;6;97;6.7;3.6;-0.6;4;1.8;-1.3;0.6;0.1;0.14;1.7;2.5;0.19;508;131;94;44;94398;1.65;4.72;0.3;0.3
2008;4;7;98;3.9;1.2;-1;0.6;-1.9;-4.3;2.3;0.8;0.15;1.7;2.5;1.24;384;114;98;51;94526;1.33;3.19;0.3;0.3
2008;4;8;99;7.9;3;-1.6;0.2;-2.6;-3.8;-0.2;0.4;0.15;1.7;2.5;1.42;556;163;128;69;94880;1.32;0.02;0.29;0.3
2008;4;9;100;13.3;7.2;0;6.2;2.6;-2.6;-0.6;0.9;0.15;1.7;2.5;0.77;410;104;58;34;94236;1;1.57;0.29;0.3
2008;4;10;101;10.9;8.5;5.5;8.2;6.5;5.1;0.8;0.6;0.14;1.8;2.5;0.3;239;78;41;27;94185;1.03;2.64;0.29;0.3
2008;4;11;102;17.2;10.8;4.7;10.7;8;4.2;-0.1;-0.3;0.14;1.8;2.5;0.08;570;151;93;46;94156;1.96;21.67;0.29;0.3
2008;4;12;103;11.3;6.6;2.8;3;0.9;-2.5;2.8;-0.2;0.14;1.8;2.5;0.24;531;154;99;56;95312;2.1;1.93;0.31;0.3
2008;4;13;104;12.9;7.6;0.9;4.1;2.3;-0.1;1;1.8;0.14;1.8;2.5;0.11;594;192;109;78;95743;2.06;0.91;0.3;0.3
2008;4;14;105;13.7;8.2;4.3;4.8;2.9;1.2;1.2;0.9;0.14;1.8;2.5;0.03;604;185;121;74;95550;2.12;2.13;0.3;0.3
2008;4;15;106;8;5.1;2.1;4.5;3;0.7;1.3;-1.8;0.14;1.8;2.5;0;334;98;83;38;95898;1.68;3.93;0.3;0.3
2008;4;16;107;8.6;4.4;1.6;0.8;-0.7;-2.1;-0.1;-1.8;0.14;1.9;2.5;0;529;174;107;63;95980;2.05;2.22;0.3;0.3
2008;4;17;108;8.8;4.3;-0.2;2.4;-0.1;-2.2;-1.5;-0.5;0.14;1.9;2.5;0.35;589;185;122;75;95144;2.03;2.64;0.29;0.3
2008;4;18;109;11.5;6.9;1.4;2.6;1.3;-0.8;-3.4;-0.8;0.14;1.9;2.5;0.24;570;151;79;60;94440;1.56;0;0.29;0.3
2008;4;19;110;7.7;6;4.3;6.5;4.8;2;-1.1;-0.8;0.14;1.9;2.5;0.05;164;46;48;16;94329;1.04;12.48;0.3;0.3
2008;4;20;111;13.8;8.8;4.7;6;4.9;3.5;-1.2;-0.3;0.14;1.9;2.5;0;409;126;102;48;95019;1.67;0.46;0.3;0.3
2008;4;21;112;15.5;10.4;5.4;6.7;5.4;3.4;-4.8;-1.4;0.14;2;2.5;0;630;169;97;62;94563;2.18;1.14;0.29;0.3
2008;4;22;113;9.5;8.1;6.6;5.8;5.1;3.8;-2.7;-2.7;0.14;2;2.5;0;193;62;61;28;94861;1.19;1.09;0.29;0.3
2008;4;23;114;13.8;9.2;3.8;5.6;3.3;1.9;-1;-1.3;0.14;2;2.5;0;558;186;106;75;96138;2.28;0.56;0.29;0.3
2008;4;24;115;14.8;9.3;4.6;8.9;5.7;1.8;-0.1;1.3;0.14;2;2.5;0;604;170;102;63;96640;2;7.62;0.28;0.3
2008;4;25;116;12.8;8.5;4.8;5.9;5.1;3.6;2.2;-0.9;0.14;2;2.5;0;616;188;105;67;96871;2.47;4.86;0.29;0.3
2008;4;26;117;14.4;9.2;2.6;6.2;3.6;2.1;-0.4;-0.4;0.14;2.1;2.5;0;567;196;111;79;97146;2.35;0.42;0.29;0.3
2008;4;27;118;17.2;11;2.9;6.2;4;1.8;-1.9;0.9;0.15;2.1;2.5;0;692;242;136;93;96578;2.92;0;0.28;0.3
2008;4;28;119;19.3;12.9;6.3;11.5;7.6;3;0.2;1.2;0.15;2.1;2.5;0;622;212;111;67;95418;2.84;9.3;0.28;0.3
2008;4;29;120;11.9;9.6;5.4;9;6.9;4.2;1.7;0.2;0.15;2.1;2.5;0;367;99;90;41;94951;1.67;5.85;0.29;0.3
2008;4;30;121;16.5;10.1;2.2;6.7;5;2.1;-0.2;1;0.15;2.1;2.5;0;651;220;124;73;94853;2.8;3.59;0.28;0.3
2008;5;1;122;13.8;9.5;5.3;8.4;5.9;4.5;1.9;0.8;0.15;2.2;2.5;0;582;205;104;70;95755;2.62;1.17;0.28;0.3
2008;5;2;123;14.4;9.7;4.2;7.5;5.6;3.3;1.4;0;0.15;2.2;2.5;0;655;216;111;79;96526;2.66;1.94;0.28;0.3
2008;5;3;124;14.7;9.7;2.5;6.3;4.1;2.4;-0.9;-1.4;0.15;2.2;2.5;0;579;179;102;73;96918;2.3;0.09;0.28;0.3
2008;5;4;125;14.7;10.3;4.6;6.4;3.5;1.8;-1.8;-1.2;0.15;2.2;2.5;0;581;209;107;85;96802;2.71;0.44;0.27;0.3
2008;5;5;126;14.8;10.3;4;8.8;6;1.6;-1.5;-1.8;0.15;2.2;2.5;0;416;158;80;62;96857;1.94;0.6;0.27;0.3
2008;5;6;127;17.8;12.4;6.9;10.7;8.6;6;-2;-1;0.15;2.2;2.5;0;626;210;102;75;96847;2.73;3;0.27;0.29
2008;5;7;128;17.4;12;4.6;6.5;3.8;2.5;-2.1;-0.3;0.15;2.3;2.5;0;638;230;117;92;96627;3.18;0;0.26;0.29
2008;5;8;129;19.1;13.2;4.7;7.3;5;2.8;-1.6;-0.7;0.15;2.3;2.5;0;665;218;123;84;96324;3.12;0;0.26;0.29
2008;5;9;130;20.4;14.8;7;7.9;5.9;5.1;-2.5;-0.4;0.15;2.3;2.5;0;703;256;131;99;96201;3.69;0;0.25;0.29
2008;5;10;131;19.1;14.5;9.2;6;5.4;4.6;-3.5;-0.4;0.15;2.3;2.5;0;729;262;132;105;96331;3.67;0;0.25;0.29
2008;5;11;132;19;14.4;9.2;6.4;5.2;4.4;-3.6;-0.4;0.15;2.3;2.5;0;721;254;124;101;96316;3.57;0;0.24;0.29
2008;5;12;133;20.2;15.2;8.7;7.3;5.8;4.5;-2.7;-0.6;0.15;2.4;2.5;0;685;240;122;94;96187;3.44;0;0.24;0.29
2008;5;13;134;20.8;15.8;9.3;9;6.3;4.7;-2.8;-0.9;0.15;2.4;2.5;0;624;233;116;90;95957;3.52;0.65;0.23;0.29
2008;5;14;135;20.9;15.3;10.3;11.7;9.3;7.3;-1.8;-0.7;0.15;2.4;2.5;0;670;231;115;85;95802;3.18;1.96;0.23;0.29
2008;5;15;136;22.6;15.8;7.6;12.7;9.6;7.2;0.2;0.1;0.15;2.4;2.5;0;688;240;128;80;95405;3.42;1.23;0.23;0.29
2008;5;16;137;18.7;15.1;10.7;12.7;10.8;8.8;1.6;0.8;0.15;2.4;2.5;0;516;181;98;60;95287;2.83;2.98;0.23;0.29
2008;5;17;138;19.9;14.7;9.1;14.2;11.1;7.7;0.8;0.5;0.16;2.4;2.5;0;610;186;98;58;95075;2.95;7.71;0.23;0.29
2008;5;18;139;14;12;9.9;11.3;9.6;7.5;-0.6;-1.7;0.16;2.5;2.5;0;313;87;43;26;95177;2.21;10.47;0.24;0.29
2008;5;19;140;13.8;10.9;8.5;8.7;7.5;4.9;-1.8;-1.4;0.16;2.5;2.5;0;318;111;74;37;95502;2.23;3.29;0.24;0.29
2008;5;20;141;14.3;10.4;6.5;5;3.5;1.3;-3;-1.7;0.16;2.5;2.5;0;586;185;82;61;95744;2.8;0.27;0.24;0.29
2008;5;21;142;10.8;9.2;7.4;6.5;5.5;4.1;-2.4;-1.5;0.16;2.5;2.5;0;194;62;44;24;95884;1.55;1.99;0.23;0.29
2008;5;22;143;13.1;10.9;7.8;6.7;5.9;4.9;-1.9;-1.2;0.16;2.5;2.5;0;379;118;82;40;95931;1.74;0.13;0.23;0.29
2008;5;23;144;16.4;11.9;7.7;10.4;8.4;6.3;-1.6;-0.9;0.16;2.5;2.5;0;608;176;89;51;95827;2.52;2.35;0.23;0.29
2008;5;24;145;18;13.9;8.3;10.8;9.3;7.5;-2.1;-0.2;0.16;2.5;2.5;0;564;210;92;72;95650;2.99;1.05;0.23;0.29
2008;5;25;146;20.4;16;10.8;11.2;9.7;8.5;-2.3;0.5;0.16;2.6;2.5;0;536;192;90;66;95851;3.1;0.63;0.23;0.29
2008;5;26;147;22;17;12.1;15.3;12.6;9.2;-1.7;0.7;0.16;2.6;2.5;0;388;147;87;59;95755;2.13;0.1;0.22;0.29
2008;5;27;148;25.1;19.5;12.7;16;14.5;12.2;-3.3;-0.6;0.16;2.6;2.5;0;718;257;108;76;95714;3.73;0;0.22;0.29
2008;5;28;149;27.4;21.3;15.7;18.1;16.4;14.4;-3.1;0.2;0.16;2.6;2.5;0;694;224;99;74;95618;3.55;0.82;0.21;0.29
2008;5;29;150;27.2;21.2;15.4;17.3;14.8;11.9;-3.8;0;0.16;2.6;2.5;0;711;260;106;84;95540;4.05;0;0.21;0.28
2008;5;30;151;28.6;21.4;15;16.8;14.3;11;-2.1;0.6;0.16;2.6;2.5;0;725;258;122;88;95370;4.16;2.48;0.21;0.28
2008;5;31;152;23.6;19.3;13.8;15.9;14.8;13.2;1.4;0.3;0.16;2.6;2.5;0;547;205;95;63;95693;3.16;0.17;0.21;0.28
2008;6;1;153;24.4;19.5;12.7;15.1;13.3;11.5;0.2;-0.5;0.16;2.6;2.5;0;664;237;118;78;96005;3.56;0.07;0.2;0.28
2008;6;2;154;26.7;21.1;15.2;16.6;14.1;12.4;-2.9;-0.1;0.16;2.7;2.5;0;687;250;110;81;95665;3.77;0.17;0.2;0.28
2008;6;3;155;21.3;17.7;14.6;15.1;14.2;13.5;1.9;-0.5;0.16;2.7;2.5;0;404;145;70;42;95636;2.49;3.68;0.2;0.28
2008;6;4;156;20.1;16.7;14.3;15.6;14.4;13.1;-0.3;-1.7;0.16;2.7;2.5;0;488;140;57;35;95643;2.6;9.21;0.2;0.28
2008;6;5;157;20.9;17.4;14.3;13.2;11.1;8;-3.4;-1;0.16;2.7;2.5;0;576;207;89;65;95640;3.67;0.37;0.2;0.28
2008;6;6;158;20.9;16.6;11.7;12;8.8;7.1;-2.7;-0.6;0.16;2.7;2.5;0;712;231;120;76;95661;3.5;1.21;0.2;0.28
2008;6;7;159;22.3;17.7;13.4;13.3;11.3;9.6;-1.3;-1.3;0.16;2.7;2.5;0;655;225;106;64;95752;3.85;3.12;0.2;0.28
2008;6;8;160;22.1;17.4;12;12.3;10.1;8.9;-1.8;-1.8;0.16;2.7;2.5;0;676;232;117;78;96124;3.84;2.24;0.2;0.28
2008;6;9;161;22.3;17.8;13;13;12.1;11.1;-1.7;-0.9;0.16;2.8;2.5;0;596;218;99;73;96454;3.27;0.86;0.19;0.28
2008;6;10;162;24.1;19.2;11.9;14.3;12.4;11.1;0.2;-0.6;0.16;2.8;2.6;0;627;233;110;75;96313;3.61;0.73;0.19;0.28
2008;6;11;163;20.3;16.8;13;14.5;11;7.4;1;-2.1;0.16;2.8;2.6;0;563;211;96;66;95920;3.44;3.28;0.19;0.28
2008;6;12;164;15.7;13.4;10.7;9.5;7.8;6.5;1.1;0;0.16;2.8;2.6;0;349;132;67;50;95600;2.13;3.07;0.19;0.28
2008;6;13;165;14.1;11.3;8.6;10;7.2;4.2;2.9;-0.5;0.16;2.8;2.6;0;578;192;98;57;95600;3.18;3.67;0.19;0.28
2008;6;14;166;15.2;11.4;6.5;8;5.4;3.4;1.4;0;0.16;2.8;2.6;0;536;220;108;84;95861;2.7;0.46;0.19;0.28
2008;6;15;167;16;11.8;6.7;9.5;7.3;4.3;1.2;1.2;0.16;2.8;2.6;0;658;212;111;67;95529;2.94;4.63;0.19;0.27
2008;6;16;168;16.1;12.3;9.2;11.1;9.1;8;0.8;0.1;0.16;2.8;2.6;0;573;195;89;54;95382;3.02;4.98;0.19;0.27
2008;6;17;169;17;13;6.3;10.5;8.3;6;-1.4;-0.3;0.16;2.8;2.6;0;554;161;95;56;95692;2.27;0.27;0.19;0.27
2008;6;18;170;19.4;15.5;10.9;12.9;11.1;9.3;0.5;0.1;0.16;2.8;2.6;0;486;171;89;57;96030;2.53;1.41;0.19;0.27
2008;6;19;171;23;17.3;9.7;12.6;9.7;8.2;1.7;1.4;0.16;2.8;2.6;0;595;219;113;76;95977;3.4;0.22;0.19;0.27
2008;6;20;172;20.2;16.7;13.5;11.9;10.6;9.3;2.6;0.5;0.16;2.8;2.6;0;508;164;89;54;96335;2.49;0.11;0.18;0.27
2008;6;21;173;21.9;17.8;11.6;14.1;12.2;9.9;1.1;-0.2;0.16;2.8;2.6;0;442;175;93;58;96507;2.56;0.24;0.18;0.27
2008;6;22;174;28.6;22;13.7;16.3;14.2;12.1;0.6;1.1;0.16;2.8;2.6;0;666;242;101;76;96200;3.73;0.12;0.18;0.27
2008;6;23;175;24.6;21;16.8;17.4;14.1;8.4;2.4;-0.1;0.16;2.8;2.5;0;595;223;100;63;96193;3.36;0.72;0.18;0.27
2008;6;24;176;24.9;19.7;14.4;16.7;13.2;8.7;-0.9;0;0.16;2.8;2.5;0;563;213;95;62;96202;3.35;1.51;0.17;0.27
2008;6;25;177;27.8;20.8;15.6;18.9;17.1;14.8;1.3;1.1;0.16;2.8;2.5;0;598;210;87;54;95986;3.31;8.54;0.17;0.27
2008;6;26;178;23.4;19.2;15.3;16.5;11.3;6.6;1.6;-0.8;0.15;2.7;2.5;0;708;260;130;83;96365;4.17;0.19;0.18;0.27
2008;6;27;179;21.5;17.7;13.3;11.7;9.1;7.6;3;-0.2;0.15;2.7;2.5;0;585;191;90;66;96261;2.91;0.05;0.17;0.27
2008;6;28;180;20.5;16.9;13.4;13.1;11.6;9.9;3;0.6;0.15;2.7;2.5;0;492;147;72;50;96441;2.19;0.39;0.17;0.27
2008;6;29;181;24.1;19.5;13.5;14.8;12.1;10.4;2;0.2;0.15;2.7;2.5;0;608;230;110;74;96280;3.25;0.34;0.17;0.27
2008;6;30;182;23.2;19.4;14.8;12.8;10.7;8.3;1.4;-1;0.15;2.7;2.5;0;687;247;122;78;96359;3.33;0.02;0.17;0.27
2008;7;1;183;26.7;20.7;13.4;12.2;10.5;8.8;-1.9;0.2;0.15;2.7;2.5;0;652;265;130;93;96216;3.56;0;0.16;0.27
2008;7;2;184;29.1;23;14.9;14.9;12.3;10.5;-1.6;0.9;0.15;2.7;2.5;0;690;261;128;90;95770;3.58;0.04;0.16;0.27
2008;7;3;185;29.7;21.6;16.2;19.1;15.2;12.7;0.3;0;0.15;2.7;2.5;0;707;233;121;67;95463;3.39;12.9;0.16;0.26
2008;7;4;186;20.2;16.8;13.4;15.2;9.9;5.9;3.6;-0.8;0.15;2.7;2.5;0;568;215;107;67;95868;3.68;0.86;0.17;0.26
2008;7;5;187;22.2;16.9;10.7;10.4;7.9;5.9;0.9;-1.1;0.15;2.7;2.5;0;637;231;120;87;95935;3.21;0.09;0.17;0.26
2008;7;6;188;25.1;18;12.4;16.9;12.9;9;0.5;0.8;0.15;2.7;2.5;0;570;180;89;58;95484;2.57;7.65;0.16;0.26
2008;7;7;189;19.9;16.4;14.1;14.2;10.7;6.8;2.6;1.1;0.15;2.7;2.5;0;570;177;103;59;95365;3.16;1.47;0.17;0.26
2008;7;8;190;17.8;15.1;13.3;12.1;9.1;7.2;3.7;1.3;0.15;2.6;2.5;0;553;185;78;59;95687;3.47;6.59;0.17;0.26
2008;7;9;191;17.7;14.5;11.1;10.5;8.9;7.4;3.3;0.5;0.15;2.6;2.5;0;600;160;87;50;96027;2.9;2.58;0.17;0.26
2008;7;10;192;24.2;18.7;13.6;13.6;11.5;8.5;1.6;1.2;0.15;2.6;2.5;0;369;149;95;46;95882;2.7;0.8;0.17;0.26
2008;7;11;193;27.6;20.5;15.1;17.5;14.3;12.5;1.1;1.4;0.15;2.6;2.5;0;697;224;108;65;95565;3.41;5.44;0.17;0.26
2008;7;12;194;17.5;15.5;12.2;15.2;13.5;11.3;1.6;1.4;0.15;2.6;2.5;0;278;80;74;38;95624;2.18;5.61;0.17;0.26
2008;7;13;195;16.6;13.7;11.6;12.9;12;11.3;0;-1;0.15;2.6;2.5;0;279;72;63;34;95667;1.61;14.82;0.18;0.26
2008;7;14;196;18.6;14.7;11.6;11.3;9.5;7.3;0.4;-2.1;0.15;2.6;2.5;0;398;121;66;44;96400;2.46;0.86;0.19;0.26
2008;7;15;197;20.2;16.3;10.3;11.1;9.6;8.4;2.2;-0.3;0.15;2.6;2.5;0;472;161;87;57;96961;2.64;0.22;0.19;0.26
2008;7;16;198;20.6;17.1;11.8;13.6;12.1;8.8;2.4;0.2;0.15;2.6;2.5;0;333;144;75;50;96333;2.28;1.62;0.18;0.26
2008;7;17;199;15.9;14;12;12.2;10.2;9.1;1.5;-0.3;0.15;2.6;2.5;0;426;124;66;36;95927;2.49;3.45;0.19;0.26
2008;7;18;200;17.4;14.4;12.1;12.5;11.1;9.7;1.9;0.8;0.15;2.6;2.5;0;426;146;68;42;95779;2.81;5.46;0.19;0.26
2008;7;19;201;21;16.5;12;13.2;12.1;10.8;2;1.9;0.15;2.5;2.5;0;441;146;85;51;95706;2.56;1.83;0.19;0.26
2008;7;20;202;20.7;16.2;12.1;13.2;9.8;6.4;3.1;0.7;0.15;2.5;2.5;0;609;185;99;59;95719;3.39;0.79;0.19;0.26
2008;7;21;203;16.1;12.6;9.6;8.5;5.9;3.4;3.8;-0.1;0.15;2.5;2.5;0;544;188;96;68;96066;2.88;1.29;0.18;0.26
2008;7;22;204;16.2;12.2;9.2;11.5;9.5;7.7;2.9;-1;0.15;2.5;2.5;0;372;112;70;34;96396;2.64;7.35;0.19;0.26
2008;7;23;205;18.5;14.7;10.4;11.2;9.6;8.5;-0.4;-2.6;0.15;2.5;2.5;0;550;171;91;54;96725;2.55;0.33;0.19;0.26
2008;7;24;206;20.8;16.7;11.9;13.1;11.3;9.5;-1.5;-2.2;0.15;2.5;2.5;0;597;154;80;46;96318;2.33;0.01;0.19;0.26
2008;7;25;207;23.8;19.4;15.2;16.8;15.2;13.1;-1.4;-1;0.15;2.5;2.5;0;422;149;71;46;95891;2.23;0.44;0.18;0.26
2008;7;26;208;27.1;21.6;15.6;17.1;15.5;14.3;-2.1;-0.5;0.15;2.5;2.5;0;681;230;103;68;95896;3.53;0.36;0.18;0.26
2008;7;27;209;27.1;22;15.6;16;13;11.1;-2.4;-0.6;0.15;2.5;2.5;0;653;238;118;84;96138;3.72;0;0.18;0.25
2008;7;28;210;26.8;22.1;16.1;13.2;11.3;10.4;-2.8;-0.1;0.15;2.5;2.5;0;728;262;135;98;96154;3.92;0;0.17;0.25
2008;7;29;211;28.5;22.7;15.9;16.8;13.3;10.9;-0.6;0.2;0.15;2.5;2.5;0;689;238;127;82;96175;3.46;0.43;0.17;0.25
2008;7;30;212;27.5;22.3;16.1;17.9;14.6;11.9;-0.2;-1.3;0.15;2.4;2.5;0;645;227;113;80;96328;3.34;0.13;0.17;0.25
2008;7;31;213;27.8;22.4;17;17.4;15.4;14.1;-1.7;0.6;0.15;2.4;2.5;0;620;209;95;71;96237;3.04;0.51;0.17;0.25
2008;8;1;214;27.5;20.9;15.6;19.4;16.8;14.6;0.8;0.7;0.15;2.4;2.5;0;589;168;86;59;96118;2.5;7.52;0.17;0.25
2008;8;2;215;22.7;19.4;16.5;16.2;14.8;13.3;1.7;0.4;0.15;2.4;2.5;0;486;146;86;48;96233;2.55;2.45;0.17;0.25
2008;8;3;216;22.4;19.5;17.3;15.3;13.8;11.8;2.6;0.8;0.15;2.4;2.5;0;466;157;71;48;96060;2.75;1.63;0.17;0.25
2008;8;4;217;19.6;18.1;15.2;15.6;14.3;12.5;3.4;1.6;0.15;2.4;2.5;0;549;139;75;50;95547;3.12;9.6;0.18;0.25
2008;8;5;218;21;17.4;14;13.1;9.9;7.4;2.7;-0.7;0.15;2.4;2.5;0;565;178;88;65;96040;2.85;0.31;0.18;0.25
2008;8;6;219;25;19.6;12.3;12.5;10.9;8.9;-1.2;0.5;0.15;2.4;2.5;0;677;243;118;83;96087;3.39;0;0.17;0.25
2008;8;7;220;29.4;22.4;14.3;16.6;12.6;10.8;0;1.3;0.15;2.4;2.5;0;703;232;128;78;95481;3.57;2.59;0.17;0.25
2008;8;8;221;21.5;17.8;15.1;16.4;14;11.2;3;0.8;0.15;2.4;2.5;0;526;170;85;51;95305;3.03;5.56;0.17;0.25
2008;8;9;222;17.9;15.6;13.1;12.1;9.7;7.1;2.7;-0.8;0.15;2.3;2.5;0;499;145;79;45;95872;2.67;2.23;0.17;0.25
2008;8;10;223;23.3;18.3;12.4;13.8;11.2;9.8;1.8;1.4;0.15;2.3;2.5;0;581;182;91;61;95614;2.68;0.01;0.17;0.25
2008;8;11;224;24.9;19.3;14.3;16.3;14.5;12.3;0.8;0.9;0.15;2.3;2.5;0;576;184;96;52;95271;2.96;8.64;0.17;0.25
2008;8;12;225;21.6;18.3;15.2;17.9;15.6;13.2;1.2;2.7;0.15;2.3;2.5;0;384;102;60;36;94830;2.58;6.24;0.18;0.25
2008;8;13;226;21.3;17.1;13.4;12.6;9.5;5.9;2.8;2.2;0.15;2.3;2.5;0;589;189;108;65;95649;3.6;1.03;0.18;0.25
2008;8;14;227;21.2;17.2;12.1;12.4;10.4;8.7;0.6;0.4;0.15;2.3;2.5;0;459;143;77;53;96027;2.12;1.51;0.18;0.25
2008;8;15;228;15.3;12.6;10.8;12.3;10.6;9.2;-0.1;-2.9;0.14;2.3;2.5;0;70;26;46;21;95585;1.9;22.32;0.19;0.25
2008;8;16;229;17.4;13.6;10.2;10.3;8.6;7;0.2;-1.4;0.14;2.3;2.5;0;499;145;86;58;95692;2.23;0.61;0.2;0.25
2008;8;17;230;19.7;14.7;9;12;9;7.3;0.1;1.1;0.14;2.3;2.5;0;538;169;96;70;95675;2.33;0.25;0.2;0.25
2008;8;18;231;22.6;17.3;10.5;13.3;10.7;8.1;1.2;2;0.14;2.3;2.5;0;514;167;86;63;95874;2.65;0.37;0.19;0.25
2008;8;19;232;25.9;19.5;14.1;16.8;14.2;10.8;1.2;1.6;0.14;2.3;2.5;0;564;185;84;57;95755;2.96;8.55;0.19;0.25
2008;8;20;233;19.2;16.3;13.5;14.2;12;10.1;2.7;0.8;0.14;2.3;2.5;0;471;149;86;53;96008;2.58;0.87;0.2;0.25
2008;8;21;234;19.8;16.2;11.5;12.8;10.4;9.2;1.5;0.8;0.14;2.3;2.5;0;460;138;85;60;96355;2.09;0.15;0.2;0.25
2008;8;22;235;23.4;17.2;11.2;14.6;11.7;9;0.7;1.1;0.14;2.2;2.5;0;472;153;93;56;95862;2.42;7.78;0.2;0.25
2008;8;23;236;17;14.4;11.6;13.2;9.9;6.7;3.3;0.7;0.14;2.2;2.5;0;518;159;95;56;95595;2.78;2.33;0.2;0.25
2008;8;24;237;17.3;13.9;11.1;10.8;8.2;5.9;2.8;0.1;0.14;2.2;2.5;0;429;136;76;49;95850;2.42;1.34;0.2;0.25
2008;8;25;238;18.5;14.6;10.4;12.7;10.8;7.9;1;0.8;0.14;2.2;2.5;0;278;88;60;39;96201;1.5;1.65;0.2;0.25
2008;8;26;239;20.4;16.3;12.2;13.8;11.8;10.5;1.5;-0.5;0.14;2.2;2.5;0;461;146;83;52;96662;2.11;0.27;0.2;0.25
2008;8;27;240;23.5;17.6;11.4;13.4;12.1;10.5;0.9;-0.6;0.14;2.2;2.5;0;524;183;109;72;96578;2.52;0;0.2;0.24
2008;8;28;241;21.1;17;12.7;14.8;12.9;11.6;1.9;-0.8;0.14;2.2;2.5;0;500;147;82;58;96346;1.97;0.1;0.2;0.24
2008;8;29;242;18.5;15.7;12.3;12.9;12;11.1;2.2;-0.8;0.14;2.2;2.5;0;235;75;55;34;96316;1.25;0.64;0.19;0.24
2008;8;30;243;21;16.4;11.6;12.7;10.5;7.6;-1.6;-0.6;0.14;2.2;2.5;0;489;162;96;65;96428;2.26;0;0.19;0.24
2008;8;31;244;23.4;17.7;11.7;11.2;8.9;6.8;-2.4;0.6;0.14;2.2;2.5;0;635;205;127;90;96122;2.84;0;0.19;0.24
2008;9;1;245;19.6;16.4;13.4;16.5;14;10.4;0.7;0.6;0.14;2.2;2.5;0;223;80;66;38;96052;1.43;6.55;0.19;0.24
2008;9;2;246;22.6;17.5;12.2;16.2;13.8;12.1;0.4;1.7;0.14;2.2;2.5;0;511;153;101;56;95801;2.22;0.41;0.19;0.24
2008;9;3;247;24.4;19;14.6;15.7;13.9;12.8;1.4;1.9;0.14;2.2;2.5;0;507;163;93;62;95304;2.5;7.71;0.19;0.24
2008;9;4;248;19.2;15;12;14.7;13.4;11.3;0.8;1.5;0.14;2.2;2.5;0;294;82;55;38;95378;1.82;8.36;0.2;0.24
2008;9;5;249;23.6;17.9;11.5;16;13.7;11.4;-0.8;1.8;0.14;2.2;2.5;0;516;150;98;54;95293;2.38;1.96;0.2;0.24
2008;9;6;250;22.2;18.8;15.2;15.5;13.8;12.5;1;-0.6;0.14;2.2;2.5;0;433;139;85;54;95283;2.3;7.66;0.2;0.24
2008;9;7;251;16;14.3;12.1;13.7;12.3;10.8;1.2;1.2;0.14;2.2;2.5;0;184;49;67;34;95754;1.39;3.97;0.21;0.24
2008;9;8;252;17.9;14.2;9.6;13.6;11;8.6;1.1;0.9;0.14;2.2;2.5;0;425;133;83;62;96186;1.79;0.91;0.21;0.24
2008;9;9;253;21.7;15.6;8.2;12.6;10;7.5;-1;1.4;0.14;2.2;2.5;0;580;185;122;85;96308;2.43;0;0.21;0.24
2008;9;10;254;22.1;16.6;11.3;16.4;13.6;9.5;0.9;0.7;0.14;2.2;2.5;0;497;121;83;51;96188;1.66;1.74;0.21;0.24
2008;9;11;255;23.8;18.1;11.8;16.5;13.9;11.6;-1.3;-0.3;0.14;2.2;2.5;0;571;161;112;54;95811;2.46;0.13;0.21;0.24
2008;9;12;256;21.9;17.5;13.4;15;13.2;11.8;-2.6;-0.5;0.14;2.1;2.5;0;417;110;64;43;95523;2.2;6.05;0.21;0.24
2008;9;13;257;14.3;11.7;8.1;11.8;5.1;0.5;-4.4;-1.4;0.14;2.1;2.5;0;578;144;129;66;95950;2.58;1.76;0.21;0.24
2008;9;14;258;11.2;8.6;5.7;3;2.3;1.9;-3.1;-1.9;0.14;2.1;2.5;0;388;101;91;53;96316;1.42;0.12;0.21;0.24
2008;9;15;259;9;7.8;6.7;6.7;5;3.3;-1.3;-2.2;0.14;2.1;2.5;0;189;49;33;26;96375;1.49;4.28;0.21;0.24
2008;9;16;260;8.6;7.3;5.4;5.7;3;1.5;-0.5;-2.4;0.14;2.1;2.5;0;225;66;45;29;96394;1.23;0.26;0.21;0.24
2008;9;17;261;10;7.2;4.9;2.7;1.7;0.8;-1.3;-1;0.14;2.1;2.5;0;305;76;59;42;96593;1.06;0.3;0.21;0.24
2008;9;18;262;13.4;8;2.4;3.3;2;0.8;-2.1;-0.2;0.14;2.1;2.5;0;480;146;100;78;96698;1.56;0;0.21;0.24
2008;9;19;263;13.4;8.6;3.1;4.4;2.8;1.4;-1.6;-1.2;0.14;2.1;2.5;0;502;144;110;74;96802;1.54;0;0.21;0.24
2008;9;20;264;11.6;8.7;5.6;5.3;4;2.7;-0.9;-2.2;0.14;2.1;2.5;0;322;83;66;48;97136;1.06;0.22;0.21;0.24
2008;9;21;265;11.7;8.5;6;7.6;6;4;-0.3;-2.2;0.13;2;2.5;0;302;86;80;50;96572;1.2;1.94;0.21;0.24
2008;9;22;266;10.5;8.1;5.3;7.1;6.2;4.8;-0.5;-1.8;0.13;2;2.5;0;239;64;75;36;96080;1.28;3.25;0.21;0.24
2008;9;23;267;11.2;8;4.6;7.8;5.9;4.5;0.7;-0.6;0.13;2;2.5;0;309;73;57;29;96024;0.79;0.41;0.21;0.24
2008;9;24;268;11.4;9.3;7.6;8;7.6;7.2;-1;-1.4;0.13;2;2.5;0;235;58;42;23;96416;1.17;2.68;0.21;0.24
2008;9;25;269;11.7;9.4;7.6;8.7;7.3;5.7;-2.1;-2.3;0.13;2;2.5;0;275;63;83;35;96957;1.2;1.4;0.21;0.24
2008;9;26;270;13.7;9.5;5.7;6;4.3;2.2;-2.3;-1.8;0.13;2;2.5;0;473;120;102;78;97495;1.36;0;0.21;0.24
2008;9;27;271;14.6;9.5;4.9;6.7;5.2;4.3;-1.9;-0.6;0.13;1.9;2.5;0;466;121;95;71;97344;1.23;0;0.21;0.24
2008;9;28;272;15.4;9.8;4.1;7.6;5.3;3.1;0.5;-0.1;0.13;1.9;2.5;0;469;139;113;80;96783;1.32;0;0.21;0.24
2008;9;29;273;14.3;9.2;3.2;7.9;5.9;2.6;1.7;0.9;0.13;1.9;2.5;0;416;102;84;58;96075;0.99;0.96;0.2;0.24
2008;9;30;274;11.5;8.7;6.4;7.6;6.1;4.4;3.4;1.9;0.13;1.9;2.5;0;274;64;63;33;95490;1.5;6.17;0.2;0.24
2008;10;1;275;11.5;9.8;8.8;8.7;8.1;7.5;5.1;3.2;0.13;1.9;2.5;0;43;12;27;7;94840;1.81;8.58;0.21;0.24
2008;10;2;276;12;9.3;6.5;8.2;5.1;2.9;3.4;1.8;0.13;1.9;2.5;0;372;88;96;55;95001;1.54;0.76;0.22;0.24
2008;10;3;277;8.5;6.5;3.1;4.4;3.5;2.2;1.8;1.2;0.13;1.8;2.5;0;234;65;77;48;95256;0.94;1.31;0.22;0.24
2008;10;4;278;9;5.7;2.5;5.5;3.5;1.9;2.1;0.5;0.13;1.8;2.5;0;337;92;91;52;95885;1.16;1.77;0.22;0.24
2008;10;5;279;13;7.9;2.5;5;3.1;1.3;2;2.8;0.13;1.8;2.5;0;431;108;85;59;95701;1.16;0.22;0.22;0.24
2008;10;6;280;12.3;11;9.6;10.7;9;3.3;3;1.5;0.13;1.8;2.5;0;96;21;34;11;95844;1.16;6.59;0.22;0.24
2008;10;7;281;15.3;11.7;8.9;10.2;9.6;8.3;0.1;1.1;0.13;1.8;2.5;0;252;59;57;31;96142;0.77;0.47;0.22;0.24
2008;10;8;282;17.4;11.6;6.4;11.1;9;6.3;-1.5;0.5;0.13;1.8;2.5;0;387;94;94;47;96140;0.93;0;0.22;0.24
2008;10;9;283;16.2;11.3;6.5;11.4;9.6;6.4;-0.8;-1.1;0.13;1.7;2.5;0;280;72;58;40;97119;0.64;0.33;0.22;0.24
2008;10;10;284;14.7;11.9;9.9;11.5;10.6;9.5;-0.5;0.6;0.13;1.7;2.5;0;171;40;39;16;97674;0.6;1.13;0.22;0.24
2008;10;11;285;15.1;11.2;7.8;11.2;9.8;7.5;-0.1;1.4;0.13;1.7;2.5;0;324;78;96;45;97483;0.67;0.04;0.22;0.24
2008;10;12;286;16.7;10.4;4.9;11.6;8.9;4.9;0.5;1.4;0.13;1.7;2.5;0;355;79;93;53;97166;0.61;0;0.22;0.24
2008;10;13;287;19;11.9;5.5;11.6;9.2;5.4;0.2;1.7;0.13;1.7;2.5;0;429;110;107;67;96635;0.96;0;0.22;0.24
2008;10;14;288;16.1;12.4;9;13.3;11.1;8.6;1.9;0.5;0.13;1.7;2.5;0;227;52;64;32;96407;0.63;0.78;0.22;0.24
2008;10;15;289;14.9;12.3;9.4;11.7;10.2;9.4;2;1.3;0.13;1.7;2.5;0;219;49;39;20;96174;0.68;1.32;0.22;0.24
2008;10;16;290;12.6;10.2;5.2;11.9;8.9;4.2;3.6;0.8;0.13;1.6;2.5;0;155;31;79;25;95558;1.53;9.51;0.22;0.24
2008;10;17;291;9.1;6;3.3;4.1;2.5;0.8;3;0;0.13;1.6;2.5;0;268;69;81;50;96178;1.05;0.35;0.22;0.24
2008;10;18;292;10.1;4.7;-0.1;4;1.9;-0.3;0.1;0.4;0.13;1.6;2.5;0;402;89;115;66;96403;0.7;0;0.22;0.24
2008;10;19;293;11.1;5.2;0.2;4.9;2.3;-0.4;1.1;1;0.12;1.6;2.5;0;391;99;103;72;96669;0.72;0;0.22;0.24
2008;10;20;294;15.5;8.5;1.3;9.3;6.1;0.9;0.5;2.2;0.12;1.6;2.5;0;403;103;109;72;96347;0.6;0;0.22;0.24
2008;10;21;295;18.2;12.7;8.5;11.5;9.9;7.3;0.9;2.1;0.12;1.6;2.5;0;368;87;88;52;95784;0.89;1.51;0.22;0.24
2008;10;22;296;11.5;7.1;4;11.3;6.2;2.9;-0.3;-2.6;0.12;1.6;2.5;0;59;13;24;11;96329;1.13;9.55;0.22;0.24
2008;10;23;297;7.9;4.8;1.4;3.4;2.1;0.9;-0.5;0.4;0.12;1.6;2.5;0;198;52;93;48;97178;0.63;0.01;0.23;0.24
2008;10;24;298;7.9;4.4;0.1;4.1;2;-1;-0.2;0.4;0.12;1.6;2.5;0;218;56;64;41;96896;0.39;0.06;0.23;0.24
2008;10;25;299;10.5;5.3;1.7;5.1;3.2;1.4;0;0.3;0.12;1.6;2.5;0;356;82;102;62;97428;0.65;0.47;0.23;0.24
2008;10;26;300;10.9;5.2;-0.5;5.1;3.2;-0.8;0.2;2.2;0.12;1.6;2.5;0;365;83;107;58;96715;0.53;0.02;0.23;0.24
2008;10;27;301;9.4;7.6;6.1;7.6;6.2;3.4;1.3;1.9;0.12;1.6;2.5;0;98;18;38;14;95376;0.68;5.93;0.23;0.24
2008;10;28;302;8.3;7;5.5;7.3;5.5;4;0.2;-0.7;0.12;1.6;2.5;0;159;28;31;14;95231;0.56;4.34;0.24;0.24
2008;10;29;303;5.4;3.4;1.3;4.9;3;1.2;-1.1;-2.1;0.12;1.6;2.5;0.1;42;10;16;8;94841;0.65;15.87;0.24;0.24
2008;10;30;304;3.2;1.8;0.3;1.1;0.5;-0.5;0.6;0;0.19;1.6;2.5;4.04;147;31;42;19;94060;0.68;7.29;0.25;0.24
2008;10;31;305;9.3;3.5;-2.2;3.3;0.9;-2.9;-1.7;0.4;0.18;1.6;2.5;3.78;291;66;82;59;95067;0.48;0;0.25;0.24
2008;11;1;306;12.8;6.1;1.8;8.2;4.6;1.2;-1.7;-0.6;0.16;1.6;2.5;2.3;329;75;102;60;95190;0.32;0;0.25;0.24
2008;11;2;307;11.7;7.8;3.4;9.2;7.1;3.4;-2.1;-0.4;0.14;1.6;2.5;1.1;182;44;49;19;95940;0.3;0.09;0.26;0.24
2008;11;3;308;13.6;10.1;5.8;9.3;8.3;5.5;-1.5;0.3;0.12;1.6;2.5;0.24;280;64;85;48;95763;0.48;0.22;0.26;0.24
2008;11;4;309;12.3;8;4.4;8.6;6.8;4.4;-2.1;-0.9;0.12;1.6;2.5;0.09;291;64;97;38;96062;0.54;0.17;0.25;0.24
2008;11;5;310;16.8;11.3;6.1;10.8;9.1;6.1;-2;0.3;0.12;1.6;2.5;0;328;70;104;48;95596;0.59;0;0.25;0.24
2008;11;6;311;11.9;8.5;6.2;8.8;7.6;6.1;-1.1;-0.4;0.12;1.6;2.5;0;194;46;62;25;95864;0.38;0.25;0.25;0.24
2008;11;7;312;9.6;7.9;6.2;7.1;6.5;6.2;0.4;0.8;0.12;1.6;2.5;0;117;24;31;14;95977;0.3;0.27;0.25;0.24
2008;11;8;313;10.8;8.1;5.1;6.9;6.2;4.8;0.4;0.9;0.11;1.5;2.5;0;204;44;71;31;96466;0.35;0.03;0.25;0.24
2008;11;9;314;11.9;8.4;5.2;7.4;6;4.5;0.4;3;0.11;1.5;2.5;0;270;52;79;42;96658;0.87;2.07;0.25;0.24
2008;11;10;315;13.4;9.6;7.6;6.4;5.4;3.7;0.4;3.2;0.11;1.5;2.5;0;222;47;79;51;96562;0.85;0.12;0.25;0.24
2008;11;11;316;13.1;8.5;5.6;6.8;4.5;3;1.1;2.2;0.11;1.5;2.5;0;272;58;81;64;95971;0.58;0.02;0.25;0.24
2008;11;12;317;8.5;5.5;3.6;4.1;3.5;2.8;0.9;1;0.11;1.5;2.5;0;138;33;67;39;96196;0.32;0.33;0.25;0.24
2008;11;13;318;7.5;4.5;2;3.6;2.4;1.4;0.1;-0.9;0.11;1.5;2.5;0;197;43;61;40;96650;0.34;0;0.25;0.24
2008;11;14;319;4.9;2.5;0.4;3.1;1.8;0.3;0.5;0.4;0.11;1.5;2.5;0;151;35;56;33;97016;0.16;0;0.25;0.24
2008;11;15;320;6.8;4.7;2.6;4.8;3;1.5;1.7;1;0.11;1.5;2.5;0;100;24;34;15;97028;0.18;0.2;0.25;0.24
2008;11;16;321;7.3;6.1;4.5;7.2;5.6;2.3;2.8;0.1;0.11;1.5;2.5;0;29;6;34;8;96827;0.35;2.02;0.25;0.24
2008;11;17;322;5.2;2.6;-1.5;1.5;-0.4;-2.9;1;-0.9;0.11;1.5;2.5;0;216;46;94;58;97061;0.57;0.32;0.25;0.24
2008;11;18;323;3.7;1.1;-1.8;3.4;-0.6;-3;1;1.6;0.11;1.5;2.5;0;235;48;88;44;95908;0.24;1.18;0.25;0.24
2008;11;19;324;4.7;4;3.2;4.2;2.8;1.8;3.8;0.2;0.11;1.5;2.5;0;94;21;26;11;95916;0.74;1.87;0.25;0.24
2008;11;20;325;5.7;4.9;4.1;5.3;4.2;3.2;5.5;1.1;0.11;1.6;2.5;0;31;6;16;6;95324;0.85;12.47;0.25;0.24
2008;11;21;326;4;1.9;-1.8;3.3;0.4;-5.1;4.3;-0.6;0.12;1.6;2.5;1.14;75;13;67;24;94265;0.89;16.09;0.27;0.24
2008;11;22;327;-0.4;-1.9;-2.7;-4.4;-5.3;-6.8;4.6;-1.7;0.19;1.6;2.5;5.3;214;42;81;60;94288;0.44;3.34;0.27;0.24
2008;11;23;328;-0.5;-2.3;-3.3;-4.5;-5.7;-6.9;3.3;0.5;0.22;1.6;2.5;7.02;160;36;71;52;94502;0.45;1.69;0.27;0.24
2008;11;24;329;1.3;-0.6;-3.3;-0.4;-1.9;-6;1.4;2;0.27;1.6;2.5;9.69;67;16;51;16;93692;0.14;2.65;0.27;0.24
2008;11;25;330;-0.4;-1.7;-4.3;-0.8;-3.5;-5.5;1.9;-0.8;0.29;1.6;2.5;10.89;111;25;62;30;95226;0.26;0.88;0.27;0.24
2008;11;26;331;0.8;-0.5;-2.1;-0.5;-2.4;-4.2;2.2;0.1;0.29;1.6;2.5;11.25;121;24;43;22;96569;0.27;0.61;0.27;0.24
2008;11;27;332;2.2;0;-2.7;-0.5;-2.1;-4.3;0.8;1.2;0.29;1.6;2.5;11.38;164;32;78;34;96384;0.26;0.21;0.27;0.24
2008;11;28;333;2;-2;-6.9;-2.6;-4.5;-7.6;-1.3;0.6;0.27;1.6;2.5;10.73;205;41;88;51;94960;0.2;0.12;0.27;0.24
2008;11;29;334;0.6;-1.9;-4.7;-1.6;-3.4;-5.5;-0.2;1.1;0.27;1.6;2.5;10.67;118;24;61;32;94090;0.06;0.42;0.27;0.24
2008;11;30;335;3.4;-0.3;-3.4;0.1;-2.2;-5.2;-1.4;0.6;0.26;1.6;2.5;10.13;202;40;100;58;94167;0.02;0.08;0.26;0.24
2008;12;1;336;2.8;0.6;-2.1;2.1;-0.4;-4;0.4;0;0.26;1.6;2.5;10.4;78;13;41;19;94041;0.04;7.65;0.27;0.24
2008;12;2;337;1.5;0.4;-1.2;0.7;-0.4;-2.4;2.4;1.9;0.3;1.6;2.5;12.56;75;17;53;23;95037;0.19;1.57;0.27;0.24
2008;12;3;338;2.4;0;-3.3;0.6;-2.3;-4.9;0.6;3;0.3;1.7;2.5;13.18;155;30;83;42;94691;0.41;2.98;0.27;0.24
2008;12;4;339;3.2;1.7;0.5;1.2;-0.3;-2;-0.1;2.5;0.31;1.7;2.5;14.05;102;19;57;24;94332;0.29;2.3;0.27;0.24
2008;12;5;340;3.8;2.2;0.7;2.1;0.7;-1.5;0.8;2.7;0.32;1.7;2.5;14.9;95;17;64;25;93820;0.02;4.73;0.27;0.24
2008;12;6;341;3.4;1.8;0.9;2.5;1.3;0.2;2.3;1.1;0.28;1.7;2.5;12.12;99;17;45;16;94895;0.01;7.91;0.28;0.24
2008;12;7;342;3;1.3;0.3;1.7;0.7;-0.1;2.1;-0.9;0.26;1.7;2.5;10.5;128;26;70;27;96422;0.12;1.75;0.28;0.25
2008;12;8;343;0.7;-0.1;-1.9;-0.1;-0.8;-2.4;1.6;0.7;0.25;1.7;2.5;9.76;62;13;49;17;96806;0.18;0.06;0.28;0.25
2008;12;9;344;1.5;-1.1;-4.2;-1.2;-2.8;-5;0.2;2;0.24;1.7;2.5;9.61;160;29;83;36;95901;0.25;0.1;0.28;0.25
2008;12;10;345;1;-0.3;-1.1;-0.9;-1.5;-2.1;-0.2;-0.5;0.25;1.7;2.5;10.58;96;19;32;19;95420;0.14;3.84;0.28;0.25
2008;12;11;346;0.3;-1.3;-3.2;-1.3;-2.4;-4.4;-0.6;-1.3;0.31;1.7;2.5;14.19;76;14;40;18;95245;0.1;4.75;0.28;0.25
2008;12;12;347;-0.1;-1.7;-4.7;-1.8;-2.8;-5.5;0.4;-1.4;0.37;1.7;2.5;20.03;90;18;38;20;95850;0.17;2.89;0.28;0.25
2008;12;13;348;1.4;-1.5;-4.8;-0.3;-2.6;-5.6;-2;0.1;0.36;1.7;2.5;20.5;110;21;62;32;95182;0;0.32;0.28;0.25
2008;12;14;349;3.1;0.1;-3.9;0.6;-1.2;-4.8;-3;-0.3;0.36;1.7;2.5;19.65;144;28;86;50;94792;-0.01;0;0.28;0.25
2008;12;15;350;3.8;1.4;0.1;1.8;0.3;-1.2;-2.3;-0.7;0.34;1.7;2.5;17.68;147;29;77;55;95451;-0.21;0;0.28;0.25
2008;12;16;351;2.3;1;-0.1;1.4;0.7;-0.3;-1.8;-0.9;0.31;1.7;2.5;15.71;116;20;36;21;95618;-0.09;0.18;0.28;0.25
2008;12;17;352;1.6;0.8;-0.9;1.3;0.4;-1.7;0.8;-0.7;0.29;1.7;2.5;13.52;46;9;20;7;95298;0.1;1.84;0.28;0.25
2008;12;18;353;1.5;0;-1.2;0.1;-1;-1.9;1.6;-0.7;0.29;1.7;2.5;13.95;89;15;34;13;96060;0.19;0.69;0.28;0.25
2008;12;19;354;2.4;0.3;-1.3;2.1;-0.4;-2.5;2.8;-0.1;0.3;1.7;2.5;14.77;36;8;58;20;96312;-0.08;4.14;0.28;0.25
2008;12;20;355;5;2;-1.1;4.9;1.7;-1.3;3.6;0.6;0.32;1.6;2.5;15.74;16;3;38;5;96484;-0.16;10.43;0.28;0.25
2008;12;21;356;5.4;2.6;0;5.3;2;-0.8;2.7;-0.2;0.27;1.6;2.5;12.21;81;11;56;22;97082;-0.14;2.67;0.29;0.25
2008;12;22;357;5.6;4.7;3.2;5.4;4.4;2.3;4;-0.1;0.2;1.6;2.5;6.84;22;4;33;6;97125;-0.13;1.39;0.3;0.25
2008;12;23;358;3.8;2.7;1.7;2.3;1.6;1;2.6;-1.2;0.16;1.6;2.5;3.93;85;15;35;16;97459;0.35;0.62;0.3;0.26
2008;12;24;359;3.2;2.6;1.9;2.8;2.5;1.7;2.2;-0.4;0.14;1.6;2.5;2.72;61;9;8;4;97105;0.1;2.34;0.3;0.26
2008;12;25;360;2.3;-0.1;-3.1;1.3;-3.4;-9;-2.6;-1.8;0.13;1.6;2.5;2.15;95;20;67;32;97251;0.51;0.21;0.3;0.26
2008;12;26;361;-1.9;-3.2;-3.8;-7.6;-7.9;-8.8;-3.7;-0.7;0.13;1.5;2.5;2.08;195;40;88;68;97832;0.15;0;0.29;0.26
2008;12;27;362;-1.9;-3.4;-4.2;-7.8;-8.4;-8.9;-3.2;-0.7;0.13;1.5;2.5;2.01;192;38;87;52;97604;0.15;0;0.29;0.26
2008;12;28;363;-1.1;-3.6;-4.8;-7.6;-8;-8.3;-3.8;-0.6;0.13;1.5;2.5;1.98;226;46;103;82;97222;0.06;0;0.29;0.26
2008;12;29;364;-0.6;-3.8;-5.3;-7.5;-8.1;-8.8;-3.3;-0.2;0.13;1.5;2.5;1.96;222;44;105;84;97287;0.04;0;0.29;0.26
2008;12;30;365;0.3;-3.8;-6;-7.7;-8.6;-9.6;-2.2;0;0.13;1.5;2.5;1.93;226;45;102;80;97372;0.04;0;0.28;0.26
2008;12;31;366;0.7;-4.1;-6.8;-7;-8.1;-9.1;-0.9;0.7;0.13;1.4;2.5;1.9;224;45;99;70;96837;0.02;0;0.28;0.26
2009;1;1;1;-3;-4.9;-7;-5.6;-7.5;-8.8;1.1;-0.6;0.13;1.4;2.5;1.89;117;25;65;40;96711;0.04;0.03;0.28;0.26
2009;1;2;2;-2.4;-4.2;-5.4;-6.9;-7.9;-8.5;-0.2;-1.2;0.13;1.4;2.5;1.92;164;28;64;41;96729;0.01;0.01;0.28;0.27
2009;1;3;3;-3.3;-5.8;-7.3;-7.3;-8.8;-9.6;0.1;-0.2;0.13;1.4;2.5;1.94;235;45;110;71;96691;0.01;0;0.28;0.27
2009;1;4;4;-2.1;-4.2;-7.1;-4.8;-6.3;-8.9;2.8;0.8;0.14;1.4;2.5;2.65;105;19;58;20;95992;0.03;2.14;0.27;0.27
2009;1;5;5;-2;-4.2;-6.6;-4.9;-6.4;-9.2;0.5;-1.3;0.21;1.4;2.5;6.61;98;19;43;22;95796;0.08;3.37;0.27;0.27
2009;1;6;6;-5.1;-7.3;-10;-9.3;-10.6;-12;-2.7;-1.2;0.23;1.3;2.5;7.28;194;38;88;55;96183;0.11;0.01;0.27;0.27
2009;1;7;7;-5.9;-8.5;-10.8;-10.3;-11.2;-12.6;0.8;-0.4;0.22;1.3;2.5;7.23;198;38;92;43;96186;0.07;0.04;0.27;0.27
2009;1;8;8;-4.3;-8.1;-13.1;-9.1;-11.1;-15.1;-1.6;-0.3;0.22;1.3;2.5;7.21;222;43;110;62;97023;0.08;0.01;0.27;0.27
2009;1;9;9;-4.6;-11.2;-15.4;-9.4;-13.7;-17;-1.1;-0.5;0.22;1.3;2.5;7.15;219;43;98;60;97074;0.08;0;0.27;0.27
2009;1;10;10;-1.6;-9.9;-15.2;-9.1;-13.8;-17.6;-1.6;-0.2;0.22;1.3;2.5;7.08;220;45;96;59;97133;0.1;0;0.27;0.27
2009;1;11;11;-4.3;-10.1;-14.4;-8.5;-12.3;-15.8;-0.7;1.1;0.22;1.2;2.5;7;211;43;99;60;97394;0.06;0;0.26;0.27
2009;1;12;12;-1.1;-8.2;-12.9;-7.5;-11.4;-14.9;-0.8;1.8;0.22;1.2;2.5;6.95;229;48;105;66;96962;0.1;0;0.26;0.27
2009;1;13;13;1.1;-6;-9.4;-5.1;-9.5;-11.8;-0.9;1.7;0.21;1.2;2.5;6.87;229;48;106;69;96171;0.15;0;0.26;0.27
2009;1;14;14;-0.9;-6.4;-10.8;-5;-8.7;-12.8;0.1;0.4;0.21;1.2;2.5;6.8;194;37;72;38;95774;0.09;0.07;0.26;0.27
2009;1;15;15;1.4;-2;-4.7;-1.1;-3.3;-5.8;-0.6;-0.8;0.21;1.2;2.5;6.71;149;28;58;26;96315;-0.02;0.07;0.26;0.27
2009;1;16;16;2.1;-1.8;-4.4;-1.3;-3.1;-5.1;-1.7;0.9;0.2;1.2;2.5;6.39;205;44;87;50;96663;0;0;0.26;0.27
2009;1;17;17;1;-1.7;-4.6;-0.9;-3;-5.3;0.1;1.7;0.2;1.2;2.5;6.43;156;28;47;22;96325;0.12;0.88;0.26;0.27
2009;1;18;18;3.3;0.9;-1.4;0.7;-0.5;-2.2;1.1;2.5;0.21;1.2;2.5;7.14;136;26;44;21;95160;0.28;6.04;0.26;0.27
2009;1;19;19;2.4;1;-1.3;0.9;-0.4;-1.9;0.3;2.8;0.25;1.2;2.5;9.35;130;22;49;21;94550;0.34;3.45;0.26;0.27
2009;1;20;20;3;1.4;-0.5;2;0.7;-0.7;0.8;1;0.24;1.1;2.5;9.02;99;20;45;20;94302;0.01;3.93;0.27;0.27
2009;1;21;21;1.8;-0.6;-2.8;-0.2;-1.3;-3;0.7;-0.8;0.24;1.1;2.5;8.8;91;19;51;25;94971;0.05;0.96;0.27;0.27
2009;1;22;22;0.1;-1.1;-2.3;-1.3;-2.3;-3;-0.1;1.7;0.24;1.1;2.5;9.01;97;22;68;21;94924;0.14;0.1;0.27;0.27
2009;1;23;23;4.2;0.6;-2.2;2.8;-1.4;-3.8;0.2;2.9;0.26;1.1;2.5;10.16;116;18;76;33;92896;0.26;8.39;0.27;0.27
2009;1;24;24;1.7;-0.3;-2.6;0.1;-2.7;-5.3;2;0.3;0.29;1.1;2.5;12.58;171;38;92;40;93320;0.28;1.42;0.27;0.27
2009;1;25;25;2.3;-0.9;-3.1;-1.4;-3;-4.3;-0.6;0.2;0.29;1.1;2.5;12.39;151;31;67;34;94386;0.07;0.44;0.27;0.27
2009;1;26;26;1.9;-1.1;-3.6;-1.9;-2.8;-4.2;-2.1;-0.3;0.28;1.1;2.4;11.77;183;37;56;42;94529;0.07;0;0.27;0.27
2009;1;27;27;1.3;-1.1;-3.8;-1.2;-2.4;-4.3;-0.8;-1.4;0.27;1.1;2.4;11.41;94;20;36;15;95361;0.1;0.27;0.27;0.27
2009;1;28;28;-0.2;-1.7;-2.9;-2.6;-4.4;-5.3;-1.8;-1.4;0.27;1.1;2.4;11.35;97;23;48;24;95992;0.25;0.05;0.27;0.27
2009;1;29;29;-0.1;-2.8;-4.1;-5;-5.7;-6.4;-2.5;-1;0.26;1.1;2.4;11.21;215;46;101;53;96357;0.15;0;0.27;0.27
2009;1;30;30;-0.9;-3;-4.1;-5.3;-5.8;-6.6;-2.3;-0.8;0.26;1.1;2.4;11.05;231;50;88;46;96572;0.26;0;0.27;0.27
2009;1;31;31;-0.2;-3.5;-6.1;-5;-6.5;-7.9;-2.2;-1.2;0.26;1.1;2.4;10.95;217;44;79;57;96107;0.21;0.14;0.27;0.27
2009;2;1;32;-1.2;-3.2;-5.1;-5.4;-6.8;-8.4;-3.7;-0.5;0.26;1.1;2.4;11.09;218;45;80;46;95225;0.33;0.4;0.27;0.27
2009;2;2;33;3.2;-0.2;-3.3;-1.2;-3.2;-5.6;-4;0.2;0.26;1.1;2.4;10.84;176;45;73;55;94717;0.24;0;0.26;0.27
2009;2;3;34;4.3;0.6;-2.4;0.4;-1.3;-2.7;-1.9;0.3;0.24;1.1;2.4;9.82;226;53;90;57;94307;0.04;0;0.26;0.27
2009;2;4;35;2.1;-0.9;-2.9;0.6;-1.5;-3.2;-0.4;0.3;0.22;1.1;2.4;8.66;172;41;78;26;94240;0.06;0;0.27;0.27
2009;2;5;36;5.9;-0.2;-3.8;0.5;-2;-4.3;-1.1;1.3;0.21;1.1;2.4;7.52;231;54;75;51;94331;0.01;0;0.27;0.27
2009;2;6;37;5;0.1;-2.9;0.3;-1.5;-3.4;-1.6;-0.1;0.19;1.1;2.4;6.42;246;51;74;40;93858;0.15;0.6;0.27;0.27
2009;2;7;38;4.2;0.5;-2;1.3;-0.4;-2.3;0.1;0;0.18;1.1;2.4;5.55;215;48;58;29;93236;0.14;0.79;0.27;0.27
2009;2;8;39;2.1;0.4;-1.5;0.5;-2.4;-5.8;1.9;-1.2;0.17;1.1;2.4;5.05;264;57;96;38;94363;0.39;0.43;0.27;0.27
2009;2;9;40;2.1;-0.2;-2.3;-1.8;-4.4;-6.7;1.4;2;0.17;1.1;2.4;5.01;241;52;67;40;95090;0.2;1.6;0.27;0.27
2009;2;10;41;4.6;1.4;-0.6;2;-0.2;-1.8;2.8;3.4;0.25;1.1;2.4;9.92;107;27;59;18;93807;0.78;16.76;0.27;0.27
2009;2;11;42;0.5;-1.1;-3.5;-1.8;-3.7;-5.8;4.4;-1.1;0.35;1.1;2.4;17.91;195;48;87;46;94996;0.46;4.45;0.27;0.27
2009;2;12;43;-0.9;-3.7;-9.1;-3.9;-6.8;-10.8;1.8;-1.5;0.37;1.1;2.4;20.08;243;57;99;54;95572;0.32;2.29;0.27;0.27
2009;2;13;44;-0.6;-4.9;-10.2;-4;-7.7;-11.3;2;-1.2;0.37;1.1;2.4;21.16;218;50;66;33;95848;0.32;1.67;0.27;0.27
2009;2;14;45;-1.7;-3.7;-7;-4;-6.5;-8.7;0.8;-2.1;0.37;1.1;2.4;22.29;255;57;83;43;96248;0.32;0.59;0.27;0.27
2009;2;15;46;-3;-5.4;-7.8;-6.8;-8.4;-9.1;2.1;-0.1;0.37;1.1;2.4;22.2;203;51;55;33;96786;0.33;0.31;0.27;0.27
2009;2;16;47;0.4;-1.8;-4.6;-1;-3.3;-6.5;3.1;0.4;0.37;1.1;2.4;23.61;153;28;28;12;96164;0.23;4.27;0.27;0.27
2009;2;17;48;0.4;-2.7;-10;-0.4;-5.2;-11.9;0.5;-2.1;0.38;1.1;2.4;31.75;203;42;103;43;95883;0.36;7.07;0.27;0.27
2009;2;18;49;-2.8;-7.2;-11.6;-7.8;-10.2;-13;0.3;-1.6;0.38;1.1;2.4;33;167;40;65;31;96700;0.27;0.37;0.27;0.27
2009;2;19;50;-2.1;-7.7;-13.3;-7.9;-10.8;-14.9;1.4;-0.1;0.37;1.1;2.4;32.93;280;69;103;55;96719;0.28;0.05;0.26;0.27
2009;2;20;51;0.2;-2.2;-6.1;-0.7;-3.5;-8.9;2.5;0.3;0.38;1.1;2.4;35.88;100;23;18;8;96697;0.13;5.14;0.26;0.27
2009;2;21;52;1.9;0.3;-0.8;-0.6;-1.4;-3.3;1.5;-1.2;0.37;1.1;2.4;38.18;178;40;44;18;96952;0.25;2.18;0.26;0.27
2009;2;22;53;1.5;0.5;-0.7;1.4;-0.1;-1.1;2.9;0.5;0.37;1.1;2.4;42.23;88;20;15;6;96259;-0.07;7.53;0.26;0.27
2009;2;23;54;1.8;0.9;-0.1;1.2;-0.1;-1.1;3.8;-1.1;0.37;1.1;2.5;43.37;142;27;40;17;95611;0.1;6.01;0.27;0.27
2009;2;24;55;1.8;-0.4;-4;-0.6;-2.8;-4.7;0;-2.3;0.37;1.2;2.5;45.62;220;54;68;40;96387;0.37;1.24;0.27;0.27
2009;2;25;56;2.9;-1.3;-7.7;-2.5;-4.1;-8.4;1.2;0.2;0.36;1.2;2.5;44.6;271;72;97;44;96996;0.32;0;0.27;0.27
2009;2;26;57;2.5;1.1;-0.7;1.9;-0.1;-3;3.4;1;0.36;1.2;2.5;43.79;145;28;44;13;96222;-0.1;5.23;0.27;0.27
2009;2;27;58;3.6;2.4;1.2;2.8;1.9;1;4;-0.2;0.36;1.2;2.5;39.04;96;21;13;3;95900;-0.34;8.01;0.28;0.27
2009;2;28;59;4;2.7;1.6;3.4;2.6;1.6;0.9;0.7;0.35;1.2;2.5;30.59;84;17;6;0;95943;-0.33;0.34;0.29;0.27
2009;3;1;60;5.8;2.7;0.7;3.3;2;0.6;-0.9;0.9;0.32;1.2;2.5;23.39;214;58;64;17;95564;-0.13;0.07;0.3;0.27
2009;3;2;61;8.3;3.4;0.3;5;2.4;0.2;0.7;0.9;0.28;1.2;2.5;16.56;277;59;49;22;95669;-0.03;1.6;0.3;0.27
2009;3;3;62;6.2;2.4;-1.3;1.8;0.2;-1.8;-0.1;0;0.24;1.2;2.5;11.85;282;61;66;28;95728;0.38;0.06;0.31;0.27
2009;3;4;63;9.2;3.7;-1.1;2.4;1.2;-1.4;-2.4;0.9;0.21;1.2;2.5;8.83;400;93;112;50;94065;0.38;0.02;0.31;0.27
2009;3;5;64;11.8;5;0;4.9;2.4;-1;-2.8;-0.4;0.17;1.2;2.5;5.5;394;86;71;42;92822;0.52;2.57;0.31;0.27
2009;3;6;65;5.8;4.1;2.6;4.4;3.4;2.5;0.7;-0.5;0.15;1.3;2.5;2.99;107;27;14;5;93573;0.28;4.69;0.31;0.28
2009;3;7;66;3.9;1.6;-1.1;2.2;-0.5;-3.4;2.8;-1.3;0.15;1.3;2.5;2.74;225;53;68;26;95132;0.89;2.62;0.31;0.28
2009;3;8;67;4.7;2.4;-1.4;3.4;1;-3.5;2.7;1.7;0.15;1.3;2.5;2.48;179;37;57;18;95204;0.4;5.53;0.31;0.28
2009;3;9;68;4;2.1;0.6;3.1;0.1;-2.4;3.8;0.2;0.15;1.3;2.5;2.41;352;86;81;41;95151;1.09;4.32;0.31;0.28
2009;3;10;69;4.1;1.6;-0.1;2.2;0.7;-0.9;2.9;1.7;0.16;1.3;2.5;3.22;212;58;39;19;95373;0.75;9.45;0.31;0.28
2009;3;11;70;5.2;1.8;-0.1;1.4;-0.9;-3.7;2.6;-1.7;0.2;1.3;2.5;5.9;367;96;92;47;95882;0.98;3.98;0.31;0.28
2009;3;12;71;3.5;1.2;-1.1;3.4;0.5;-1.7;2.9;0.6;0.22;1.3;2.5;7.28;190;41;62;22;96339;0.25;10.13;0.31;0.28
2009;3;13;72;8.3;5.1;3.2;4.2;1;-1.1;2.8;-1.8;0.21;1.3;2.5;6.17;362;103;77;43;96172;1.05;1.8;0.31;0.29
2009;3;14;73;9.1;4.4;-1;3.4;1.1;-2.1;0.4;1.3;0.17;1.3;2.5;3.86;318;72;52;34;96161;0.44;0.36;0.31;0.29
2009;3;15;74;6.9;5.2;3.8;5.1;4.1;3.2;2.9;-0.7;0.15;1.4;2.5;2;217;57;52;17;96551;0.88;5.18;0.31;0.29
2009;3;16;75;7.6;5.1;3.1;4.5;3.3;2.4;0.7;-1;0.13;1.4;2.5;0.93;195;53;40;16;97320;0.76;1.27;0.31;0.29
2009;3;17;76;9.4;5;1.2;3;1.4;-3.1;1.9;-1.7;0.13;1.4;2.5;0.56;298;78;96;44;97278;0.7;0.01;0.3;0.29
2009;3;18;77;8.3;3.2;-1.6;-2.1;-3.8;-6;1.9;-1.8;0.13;1.4;2.5;0.35;567;165;132;94;97139;1.23;0;0.3;0.29
2009;3;19;78;5.5;1.6;-1.2;0.5;-3.3;-6.7;-0.2;-2.6;0.13;1.4;2.5;0.42;461;129;96;67;96618;1.09;1.47;0.3;0.29
2009;3;20;79;2.8;-0.6;-3.4;-6;-7.4;-9.3;-1.8;-2.1;0.13;1.4;2.5;0.62;410;124;99;74;97106;0.72;0.13;0.29;0.29
2009;3;21;80;3.8;-0.3;-3.8;-5.2;-6.6;-7.7;0.3;-0.4;0.13;1.5;2.5;0.6;488;152;128;85;96977;0.58;0;0.29;0.29
2009;3;22;81;4.8;2;-2;0.3;-2.7;-6.4;3.6;-0.7;0.13;1.5;2.5;0.5;340;100;70;50;96409;0.43;0.43;0.29;0.29
2009;3;23;82;6.5;3.6;1.2;3.1;1.7;0.4;5.8;0.4;0.13;1.5;2.5;0.4;247;61;44;15;95243;1.44;10.47;0.29;0.29
2009;3;24;83;5.2;1.2;-2;0.3;-2.3;-6.8;3.6;-1.6;0.15;1.5;2.5;1.74;484;130;87;58;94621;1.63;3.57;0.29;0.29
2009;3;25;84;1.9;-0.2;-2.9;-0.3;-3.3;-6.8;2.2;1.7;0.18;1.5;2.5;4.55;331;85;90;48;94749;0.44;8.06;0.29;0.29
2009;3;26;85;6.6;3;0.2;2.4;0.6;-0.6;3.3;0.7;0.25;1.5;2.5;8.38;415;106;78;30;94906;1.08;6.1;0.29;0.29
2009;3;27;86;7.2;4.5;1.7;5.9;2.6;0.4;2.9;2.2;0.18;1.5;2.5;4.06;266;75;85;31;94645;1.02;6.63;0.3;0.29
2009;3;28;87;8.4;4.8;1.6;6.4;3.5;0.6;1.2;2.5;0.15;1.6;2.5;2.07;168;50;49;26;94538;1.01;7.25;0.3;0.29
2009;3;29;88;8.4;4.9;2.2;2.4;1;-0.5;1;-0.1;0.14;1.6;2.5;0.9;347;97;61;38;95129;1.25;1.09;0.31;0.29
2009;3;30;89;8.8;4.5;0.5;1.4;-0.5;-1.5;-1.4;-1.7;0.14;1.6;2.5;0.56;404;123;69;57;96121;1.16;0.22;0.3;0.29
2009;3;31;90;10.3;5.1;-1.5;1.9;0.4;-2.5;-2.5;-0.8;0.13;1.6;2.5;0.33;613;192;130;87;96478;1.43;0;0.3;0.29
2009;4;1;91;11.5;7.5;3.1;5.1;3.7;1.7;-3.7;-1.4;0.13;1.6;2.5;0.13;426;121;70;41;96127;1.09;0;0.29;0.3
2009;4;2;92;17.1;11.4;6.2;7.2;4.6;1.1;-4.6;0;0.13;1.6;2.5;0.01;618;194;115;88;96128;2.12;0;0.29;0.3
2009;4;3;93;18.9;12.6;6.5;8.4;5.5;2.9;-1;0.9;0.13;1.7;2.5;0;625;197;127;92;96105;2.23;0;0.29;0.3
2009;4;4;94;17;11.7;6.2;9.7;7.6;5.3;1.5;-0.5;0.13;1.7;2.5;0;555;171;109;71;96277;1.69;0.75;0.28;0.3
2009;4;5;95;17.3;10.5;4.9;10.2;7.9;4.6;-1.4;-1.4;0.13;1.7;2.5;0;582;172;107;68;96433;1.79;5.18;0.28;0.3
2009;4;6;96;17.2;11.5;6.9;10.7;8.5;6.1;-2;0.2;0.13;1.7;2.5;0;530;167;92;67;95997;1.88;1.66;0.28;0.3
2009;4;7;97;19.7;12.3;4;9.8;7;3.7;-0.6;0.2;0.13;1.7;2.5;0;620;194;123;79;95579;2.38;1.24;0.28;0.29
2009;4;8;98;17.3;11.6;5;8.4;6.6;4;1.8;0.2;0.13;1.7;2.5;0;625;184;118;76;95873;2.09;0.09;0.27;0.29
2009;4;9;99;17.3;11.7;4.9;7.8;5.6;3.4;0.2;0.4;0.14;1.7;2.5;0;562;175;106;74;96070;1.93;0;0.27;0.29
2009;4;10;100;20.4;14.2;6.4;9.1;7;4.8;-2.5;0;0.14;1.8;2.5;0;640;208;127;89;95499;2.52;0.01;0.27;0.29
2009;4;11;101;21;14.8;7.8;8.7;6.6;5.5;-1.9;0.2;0.14;1.8;2.5;0;646;213;130;96;95303;2.55;0;0.26;0.29
2009;4;12;102;20.8;14.7;7.7;8.8;6.6;5.3;-2.2;-0.5;0.14;1.8;2.5;0;651;210;130;96;95365;2.61;0;0.26;0.29
2009;4;13;103;19.8;14;7.5;8.3;6.1;4.7;-2;-0.3;0.14;1.8;2.5;0;626;213;133;98;95248;2.58;0.01;0.25;0.29
2009;4;14;104;19.4;13.6;5.6;8.2;5.5;3.8;-1.4;-0.1;0.14;1.8;2.5;0;597;199;127;90;95299;2.42;0.06;0.25;0.29
2009;4;15;105;20.1;14;6;7.1;4;1.2;-2.5;0.1;0.14;1.8;2.5;0;692;228;148;102;95460;2.8;0;0.25;0.29
2009;4;16;106;20.2;14.5;9;8.4;5.9;4.4;-2.8;0.5;0.14;1.9;2.5;0;662;204;126;87;95065;2.65;3.05;0.24;0.29
2009;4;17;107;9.6;7.9;6.7;8.7;7.2;6.4;2.9;1.3;0.14;1.9;2.5;0;131;39;23;11;94903;1.39;18.97;0.25;0.29
2009;4;18;108;10;7.7;4.5;9.1;6.4;3.3;0.9;1.1;0.14;1.9;2.5;0;302;77;62;25;95513;1.42;10.46;0.27;0.29
2009;4;19;109;16.7;10.6;2.8;7.6;4.7;2.2;-2.8;-0.9;0.14;1.9;2.5;0;631;214;115;86;96377;2.55;0.18;0.26;0.29
2009;4;20;110;17.9;12.8;7.1;6.6;5.2;2.8;-3.2;-1.3;0.14;1.9;2.5;0;665;214;118;85;96463;2.81;0.1;0.26;0.29
2009;4;21;111;18.3;13;7.4;5.2;3.8;1.8;-2.4;-1.2;0.14;2;2.5;0;658;224;127;93;96438;3.05;0;0.26;0.29
2009;4;22;112;16.5;10.3;3.9;5.9;3.5;2;0.8;-1.8;0.14;2;2.5;0;645;209;126;86;96239;2.57;0.16;0.25;0.29
2009;4;23;113;9.7;6.4;3.1;5.8;3.4;1.4;-0.2;-1.7;0.14;2;2.5;0;483;162;89;62;96403;2.11;3.34;0.25;0.29
2009;4;24;114;15.2;9.6;1.6;5.3;3.9;1.1;-3.2;0.1;0.14;2;2.5;0;424;154;85;61;96385;1.97;0.01;0.25;0.29
2009;4;25;115;19.2;13.3;7.3;6;4.5;2.6;-1.6;1;0.14;2;2.5;0;699;243;142;105;95927;3.13;0;0.25;0.29
2009;4;26;116;19.8;14.2;7.5;7.4;5.4;3.3;-1.9;1.6;0.14;2.1;2.5;0;687;225;125;92;95357;3.01;0;0.24;0.29
2009;4;27;117;20.1;15;9.4;10.5;7;3.2;-0.6;1.4;0.15;2.1;2.5;0;624;202;116;83;94918;2.72;0.1;0.24;0.29
2009;4;28;118;18.4;12.9;8;9.8;8;6.9;0.6;1;0.15;2.1;2.5;0;579;171;103;58;94720;2.73;11.08;0.24;0.29
2009;4;29;119;9.8;8.3;7.4;8.8;7.7;7;1.8;-0.7;0.15;2.1;2.5;0;155;43;22;12;95178;1.17;20.09;0.25;0.29
2009;4;30;120;14.8;10.5;7.3;9.7;8.2;7;1;-0.7;0.15;2.1;2.5;0;451;129;91;38;95939;1.93;4.55;0.26;0.29
2009;5;1;121;19;13.1;6.7;10.6;9;6.4;0.2;-2;0.15;2.2;2.5;0;649;220;115;79;96356;2.91;1.57;0.26;0.29
2009;5;2;122;18.4;13.2;6.3;9.7;5.7;3.3;-0.4;-2.3;0.15;2.2;2.5;0;692;237;129;96;96763;3.25;0.03;0.26;0.29
2009;5;3;123;19.1;13.4;4.9;8;5;3.2;0.4;-0.1;0.15;2.2;2.5;0;717;245;142;93;96573;3.39;0.82;0.25;0.29
2009;5;4;124;12.1;9.4;5.9;8.4;3.3;-0.4;1.2;-2.3;0.15;2.2;2.5;0;595;177;97;58;96510;2.7;0.93;0.25;0.29
2009;5;5;125;10;7.2;2.1;7.1;2.9;0.1;2.9;0.8;0.15;2.2;2.5;0;420;103;75;41;96461;1.45;3.33;0.25;0.29
2009;5;6;126;11.1;9.3;7.4;8.4;7.4;6.5;4.3;0.2;0.15;2.2;2.5;0;318;71;31;12;96072;1.81;7.76;0.25;0.29
2009;5;7;127;17.1;12.2;8;8.5;7.4;6.5;1.4;0.6;0.15;2.3;2.5;0;449;158;117;57;96220;2.18;0.21;0.25;0.29
2009;5;8;128;20;13.3;7.7;13;10;5.7;1.2;1.5;0.15;2.3;2.5;0;619;166;97;52;95999;2.48;7.75;0.25;0.29
2009;5;9;129;20.2;14.9;8.8;11.6;9.5;7.9;-0.6;1.5;0.15;2.3;2.5;0;525;186;96;60;96268;2.97;1.98;0.25;0.28
2009;5;10;130;18.2;14.9;11.8;12.5;11.1;8.9;0.4;-0.7;0.15;2.3;2.5;0;528;171;94;57;96226;2.61;0.99;0.25;0.28
2009;5;11;131;19.2;14.3;10.8;12.9;10.8;8.3;-0.7;-0.6;0.15;2.3;2.5;0;609;166;84;51;96013;2.84;7.51;0.25;0.28
2009;5;12;132;13.8;11.2;9.1;9.3;6.6;4.3;-3.1;-0.9;0.15;2.4;2.5;0;354;104;64;32;96346;2.08;0.81;0.25;0.28
2009;5;13;133;14.8;11.8;8.9;8;5.8;3.8;-2.8;0.2;0.15;2.4;2.5;0;316;107;54;36;96154;2.13;1.19;0.25;0.28
2009;5;14;134;12.7;10.2;9.1;8.1;6;2.8;-3.5;0.3;0.15;2.4;2.5;0;439;105;51;30;95562;2.05;4.67;0.25;0.28
2009;5;15;135;19.1;13.3;8.1;11.2;9.4;7;-2.3;0.6;0.15;2.4;2.5;0;489;167;67;41;95283;2.37;4.28;0.25;0.28
2009;5;16;136;15.2;12.2;8.9;10.5;7;4.7;2.5;0.3;0.15;2.4;2.5;0;593;176;97;50;95920;2.96;0.68;0.25;0.28
2009;5;17;137;23.5;16.2;7.6;13.9;10.2;6.4;-1.1;1.1;0.16;2.4;2.5;0;720;259;122;81;95965;3.7;4.72;0.25;0.28
2009;5;18;138;18.7;14.8;11.4;12.7;10.6;8.5;1.9;-0.4;0.16;2.5;2.5;0;608;190;88;53;96324;3.05;3.92;0.25;0.28
2009;5;19;139;20.4;15.5;9.7;12.2;8.8;5.7;0.2;-0.5;0.16;2.5;2.5;0;713;242;132;81;96571;3.71;0.67;0.25;0.28
2009;5;20;140;22.1;17;9.8;13.8;10.4;8.6;-0.1;1;0.16;2.5;2.5;0;613;217;104;77;96501;3.29;0.03;0.24;0.28
2009;5;21;141;22.7;17.8;13.3;14.4;12.4;9;1;2.2;0.16;2.5;2.5;0;532;189;97;65;95917;3.01;0.94;0.24;0.28
2009;5;22;142;17.2;14.7;10.8;15;11.9;7.5;2.3;0;0.16;2.5;2.5;0;485;149;84;44;95896;2.87;6.02;0.24;0.28
2009;5;23;143;19.1;14.1;7.3;9.3;6.9;5.4;-0.3;-0.5;0.16;2.5;2.5;0;678;260;131;93;96395;3.65;0.09;0.24;0.28
2009;5;24;144;23.9;17.9;10.4;14.4;11.3;6.8;0.5;-0.2;0.16;2.5;2.5;0;704;258;114;78;96281;4.13;0.78;0.24;0.28
2009;5;25;145;25.9;20.3;12.4;16.3;13.7;11.4;-1.4;0.1;0.16;2.6;2.5;0;699;260;117;83;96231;4.08;0.1;0.23;0.28
2009;5;26;146;24.5;19.2;13.4;16.2;14.1;11.6;0.8;-0.1;0.16;2.6;2.5;0;635;204;94;63;95755;3.88;18.16;0.23;0.28
2009;5;27;147;14.6;12.3;10.2;10.9;5.9;2.9;2.9;-1;0.16;2.6;2.5;0;534;175;77;52;96703;3.33;0.96;0.24;0.28
2009;5;28;148;13.9;10.7;7.7;10.3;7.1;4.5;3.4;-0.2;0.16;2.6;2.5;0;311;87;91;48;96883;1.79;2.78;0.24;0.28
2009;5;29;149;13.1;9.6;4.7;5.7;3.9;2;0.4;-3.4;0.16;2.6;2.5;0;669;221;107;75;97029;3.29;1.58;0.24;0.28
2009;5;30;150;14;10.9;8.7;8.7;7.3;6;-1;-3;0.16;2.6;2.5;0;427;116;62;30;96681;1.68;0.6;0.24;0.28
2009;5;31;151;16;12.7;9.5;10.6;8;4;-1.7;-1.5;0.16;2.6;2.5;0;584;167;75;45;96506;2.5;0.03;0.24;0.28
2009;6;1;152;19.2;15;11.8;11.6;9.3;6.3;-1.2;-2.3;0.16;2.6;2.5;0;618;215;109;63;96207;3.3;0.27;0.23;0.28
2009;6;2;153;19.6;15.8;10.4;11.4;9.3;7;1;-2.6;0.16;2.7;2.5;0;575;218;94;73;95913;3.44;0.72;0.23;0.28
2009;6;3;154;14.3;11.7;8.9;5.2;2.2;0.5;2.8;-2.3;0.16;2.7;2.5;0;722;248;124;86;95705;3.43;0;0.23;0.28
2009;6;4;155;11.1;9.2;7.7;3.3;1.5;-0.1;2.8;-0.9;0.16;2.7;2.5;0;393;140;68;50;95637;2.12;0.03;0.22;0.28
2009;6;5;156;13.5;9.9;6.2;4.6;2.8;1.6;1.2;-0.3;0.16;2.7;2.5;0;427;165;94;63;95352;2.43;0.6;0.22;0.28
2009;6;6;157;14;11.1;7.4;12.2;8.1;2.6;-1.6;0.5;0.16;2.7;2.5;0;287;91;81;39;94527;2.13;8.28;0.22;0.28
2009;6;7;158;17.7;13;10.4;12;10.5;9.2;2.2;1.5;0.16;2.7;2.5;0;599;159;96;46;94919;2.54;6.02;0.22;0.28
2009;6;8;159;18.4;14.2;8.5;12.1;10.1;7.2;0.6;1.4;0.16;2.7;2.5;0;607;209;96;67;95480;3.21;1.23;0.23;0.27
2009;6;9;160;17.7;14.4;10.4;12.8;10.6;9.1;1.1;0.5;0.16;2.8;2.5;0;486;165;100;57;95568;2.84;5.55;0.23;0.27
2009;6;10;161;18.8;15.3;11.3;10.7;8.7;6.3;1.8;1.4;0.16;2.8;2.6;0;605;232;111;78;95958;3.51;0.5;0.23;0.27
2009;6;11;162;15.7;13.1;9.9;12.6;9.7;8.1;3.6;1.7;0.16;2.8;2.6;0;624;174;89;46;95761;3.99;14.11;0.23;0.27
2009;6;12;163;15;11.6;8.5;10.2;7.4;4.4;3.7;-0.4;0.16;2.8;2.6;0;571;198;87;60;96285;3.3;2.37;0.23;0.27
2009;6;13;164;17.8;12.8;6.6;7.5;5.1;3.1;2.6;-0.4;0.16;2.8;2.6;0;756;287;134;105;96489;4;0;0.23;0.27
2009;6;14;165;23.4;17.3;10.1;14.4;10.3;5.7;1.3;0.6;0.16;2.8;2.6;0;727;269;119;84;96339;4.02;0;0.23;0.27
2009;6;15;166;23.1;18.4;14.9;16.3;14.9;13;2;1.7;0.16;2.8;2.6;0;496;164;74;39;95956;3.04;7.67;0.22;0.27
2009;6;16;167;17.8;14.2;11.4;14.3;10.7;8.7;2.5;-0.7;0.16;2.8;2.6;0;607;171;99;49;96394;3.3;3.32;0.23;0.27
2009;6;17;168;20.2;15.1;8.9;11.4;9.1;7.8;-0.2;0.5;0.16;2.8;2.6;0;639;222;134;78;96699;3.35;0;0.23;0.27
2009;6;18;169;22.7;18.2;12.5;14;11.9;8.8;1.8;0.5;0.16;2.8;2.6;0;686;232;105;67;96204;3.67;0;0.22;0.27
2009;6;19;170;18.1;15.9;12.9;14.2;10.5;7;2.4;-0.3;0.16;2.8;2.6;0;373;110;58;40;96099;2.12;0.53;0.22;0.27
2009;6;20;171;16.8;13.4;9.8;8.1;6.3;3.6;1.2;-1.5;0.16;2.8;2.6;0;606;209;98;76;96359;3.17;0.25;0.22;0.27
2009;6;21;172;15.9;12.1;7.5;9.2;7.8;6.2;1.1;-1.2;0.16;2.8;2.6;0;580;215;101;72;96304;3.02;2.9;0.22;0.27
2009;6;22;173;16.2;12;7.8;10.5;8.4;6.3;-0.3;-3.2;0.16;2.8;2.6;0;589;195;86;54;96380;3.11;3.99;0.21;0.27
2009;6;23;174;13.7;12.1;10.9;11.1;9.7;8.4;-0.9;-4.9;0.16;2.8;2.5;0;164;60;39;21;96259;2.72;6.98;0.22;0.27
2009;6;24;175;17.5;14.4;10.3;13.9;11.1;7.6;-1.1;-3.8;0.16;2.8;2.5;0;354;116;56;30;95942;2.01;1.8;0.22;0.27
2009;6;25;176;18.4;15.6;14.1;14.7;14.1;13.7;-0.8;-2.2;0.16;2.8;2.5;0;267;82;54;19;95591;1.56;3.35;0.22;0.27
2009;6;26;177;21.6;17.8;14.8;16.9;15.2;14.3;-1;-1.4;0.15;2.7;2.5;0;448;144;69;31;95545;2.42;3.92;0.22;0.27
2009;6;27;178;21.5;18.2;15.7;17.3;15.9;15.2;-1.7;-1.5;0.15;2.7;2.5;0;521;164;69;32;95714;3.26;7.19;0.22;0.27
2009;6;28;179;21.6;18.2;15.1;15.4;14.4;13;-1.1;-1.9;0.15;2.7;2.5;0;397;141;73;37;95939;2.64;0.62;0.22;0.27
2009;6;29;180;22;17.9;12.8;15.8;14.1;12.2;-1;-1.2;0.15;2.7;2.5;0;428;155;68;49;96202;2.57;1.69;0.22;0.27
2009;6;30;181;24;19;13.4;18.1;16;13.1;-0.7;-1;0.15;2.7;2.5;0;628;209;84;59;96365;3.51;5.62;0.22;0.27
2009;7;1;182;23.9;19.3;13.3;18.2;16.3;13.2;-0.8;-1.1;0.15;2.7;2.5;0;610;200;86;61;96424;3.41;5.02;0.22;0.27
2009;7;2;183;24.8;19.7;14.5;18.5;16.4;14.3;-1;-0.9;0.15;2.7;2.5;0;619;214;85;61;96188;3.67;5.33;0.23;0.27
2009;7;3;184;24.8;19.9;14.9;18.6;16.7;14.6;-0.3;-0.4;0.15;2.7;2.5;0;554;214;93;57;95823;3.8;3.87;0.23;0.27
2009;7;4;185;22.5;18.7;15.5;18.8;16.8;15.3;1;-0.6;0.15;2.7;2.5;0;543;152;77;42;95668;2.83;8.04;0.23;0.27
2009;7;5;186;23.5;19.4;13.9;16.3;14.6;12.7;0.2;-1.4;0.15;2.7;2.5;0;623;238;101;71;95523;3.96;0.37;0.23;0.27
2009;7;6;187;20;17;13.9;16.5;14.6;12.3;0.6;-0.1;0.15;2.7;2.5;0;388;122;69;44;95378;2.36;10.46;0.23;0.27
2009;7;7;188;20.8;15.8;12.9;14.2;12.5;10.8;1.9;1.2;0.15;2.7;2.5;0;572;182;89;54;95318;3.37;6.75;0.24;0.27
2009;7;8;189;16.4;13.2;11.5;12.7;11;10;3.6;1.3;0.15;2.6;2.5;0;473;131;72;45;95404;3.24;11.38;0.24;0.27
2009;7;9;190;16.7;13.6;10.9;11.8;10.1;8.2;2.8;0.8;0.15;2.6;2.5;0;589;199;92;59;95792;3.56;4.65;0.25;0.27
2009;7;10;191;16.6;13.2;10.2;11.9;9.3;7;3.3;0.7;0.15;2.6;2.5;0;599;209;96;58;95832;3.59;3.27;0.25;0.26
2009;7;11;192;17.1;13.8;11.1;11.4;9;7.4;2.4;0.3;0.15;2.6;2.5;0;628;190;98;54;96051;2.99;1.18;0.25;0.26
2009;7;12;193;18.7;15.7;10.3;13.3;11.2;8.4;1.3;1.6;0.15;2.6;2.5;0;434;156;78;50;95887;2.42;0.48;0.24;0.26
2009;7;13;194;23.3;18.7;14.8;15.2;14.2;12.8;1.4;1;0.15;2.6;2.5;0;587;185;102;47;95875;3.24;3.94;0.24;0.26
2009;7;14;195;22.8;19.4;15.7;18.5;16.2;14.1;0.3;0.9;0.15;2.6;2.5;0;441;139;78;41;95914;2.68;6.5;0.25;0.26
2009;7;15;196;22.5;19.1;16.3;17.8;16.3;14.8;0.5;0.4;0.15;2.6;2.5;0;429;128;84;41;96356;2.38;5.19;0.25;0.26
2009;7;16;197;24.5;20.3;15.2;17.3;15.4;14.4;0;0.1;0.15;2.6;2.5;0;574;212;94;60;96576;3.6;0.67;0.25;0.26
2009;7;17;198;24.2;20.1;15.1;17.4;15.8;14.1;0.7;-0.2;0.15;2.6;2.5;0;529;194;84;57;95622;3.58;12.38;0.24;0.26
2009;7;18;199;15;12.8;11.9;11.9;11.3;10.6;3.4;0;0.15;2.6;2.5;0;193;61;43;21;95550;2.49;15.56;0.26;0.26
2009;7;19;200;17.5;13.9;10.8;12.1;10.6;9.3;3;1.2;0.15;2.5;2.5;0;478;154;75;52;96082;3.04;3.8;0.27;0.26
2009;7;20;201;17.9;15;11.9;12.7;11;9.4;2.2;1.5;0.15;2.5;2.5;0;433;161;83;59;96281;3;3.72;0.27;0.26
2009;7;21;202;25.3;19.2;11.7;16.4;13.2;10.1;0.8;1.7;0.15;2.5;2.5;0;621;229;102;65;96022;3.84;0.26;0.26;0.26
2009;7;22;203;25.1;21.6;16.9;17.8;15.1;13.9;0.8;1.7;0.15;2.5;2.5;0;558;209;101;68;95631;3.87;1.52;0.26;0.26
2009;7;23;204;27.7;22;16.2;18.8;16.5;14;1.2;1.7;0.15;2.5;2.5;0;632;195;90;57;95340;3.95;7.8;0.26;0.26
2009;7;24;205;21.2;17.9;15.2;15.2;12.5;10.3;3.3;0.8;0.15;2.5;2.5;0;590;203;87;57;95941;3.92;0.79;0.26;0.26
2009;7;25;206;17.4;15.1;12.2;13;10.7;9;3.6;0.1;0.15;2.5;2.5;0;531;181;89;58;96464;3.24;3.2;0.26;0.26
2009;7;26;207;19.4;15.7;11.4;11.7;9.4;7.3;1.2;-0.3;0.15;2.5;2.5;0;579;184;99;70;96630;2.98;0.14;0.26;0.26
2009;7;27;208;25.6;19;10.8;15.5;11.6;8.3;-0.2;1.4;0.15;2.5;2.5;0;727;263;128;84;95998;4.16;1.68;0.25;0.26
2009;7;28;209;20.4;17.4;15.1;15;12;8.7;2.2;-0.7;0.15;2.5;2.5;0;575;191;90;56;96423;3.5;2.46;0.25;0.26
2009;7;29;210;24.2;18.7;11.2;13.5;11.2;9.6;-1.3;0.9;0.15;2.5;2.5;0;716;259;127;90;96402;4.05;0;0.25;0.26
2009;7;30;211;22.1;17.9;12.9;15.1;11.8;9.5;2.1;0.4;0.15;2.4;2.5;0;621;206;102;75;96357;3.28;0.02;0.25;0.26
2009;7;31;212;20.9;16.6;11.3;10.8;9.3;7.9;-0.8;-0.8;0.15;2.4;2.5;0;586;193;94;65;96635;3.11;0;0.24;0.26
2009;8;1;213;25.2;19.8;14.3;16.1;12.4;8.7;-1.3;0.8;0.15;2.4;2.5;0;632;206;102;68;95994;3.42;0.09;0.24;0.26
2009;8;2;214;25.4;19.7;13.1;16.2;14.2;11.8;1.3;0;0.15;2.4;2.5;0;652;222;102;70;95609;3.42;0.4;0.24;0.26
2009;8;3;215;18.9;16.7;14.9;15.7;14;11.8;0.6;-1.2;0.15;2.4;2.5;0;342;120;62;35;95967;2.04;2.41;0.23;0.26
2009;8;4;216;19.5;16.8;13.8;12.6;11.4;10.9;-0.5;-2.2;0.15;2.4;2.5;0;370;130;68;51;96398;2.24;0.29;0.23;0.26
2009;8;5;217;23.3;18;10.8;13.6;10.8;8.8;-1.5;-1.2;0.15;2.4;2.5;0;614;215;109;79;96568;3.3;0;0.23;0.26
2009;8;6;218;25;19.9;13.5;14.6;12.5;11;-2.1;-0.5;0.15;2.4;2.5;0;633;230;101;79;96483;3.5;0;0.23;0.26
2009;8;7;219;24.9;20.3;14.9;14.7;12.5;11.2;-2.5;-0.2;0.15;2.4;2.5;0;635;223;105;80;96313;3.42;0;0.22;0.26
2009;8;8;220;24.9;20.8;16.5;14.9;12;10.3;-2.1;-0.2;0.15;2.4;2.5;0;593;194;100;68;96170;3.19;0;0.22;0.26
2009;8;9;221;24.5;20.4;16;13.6;11.5;10.4;-2.1;0;0.15;2.3;2.5;0;574;201;109;71;96107;3.19;0;0.22;0.26
2009;8;10;222;23.5;18.5;14.7;17.1;14.9;13.5;0;0.3;0.15;2.3;2.5;0;438;130;73;51;95989;1.97;4.96;0.21;0.26
2009;8;11;223;19.8;17.1;15;15;14.3;13.1;2.6;-0.2;0.15;2.3;2.5;0;323;118;60;41;96200;2.2;1.9;0.22;0.26
2009;8;12;224;21.8;18.1;14.3;14.5;12.4;10.6;2.9;0.1;0.15;2.3;2.5;0;559;169;89;52;96242;2.75;1.9;0.22;0.26
2009;8;13;225;20.5;17.1;14.5;15.1;12.8;10.6;2;-0.7;0.15;2.3;2.5;0;474;123;85;38;95993;2.54;6.68;0.22;0.26
2009;8;14;226;20.3;16.4;12.7;12.7;11.5;10.1;0.4;-0.9;0.15;2.3;2.5;0;442;138;83;56;96236;2.15;0.13;0.22;0.26
2009;8;15;227;24.9;19;11.9;15.9;12.6;10.2;-0.2;1.1;0.14;2.3;2.5;0;638;224;118;79;96282;3.16;0;0.22;0.26
2009;8;16;228;27;20.9;13.8;17.3;13.9;12.3;1;0.8;0.14;2.3;2.5;0;673;227;124;83;96126;3.23;0;0.21;0.26
2009;8;17;229;25.5;20.7;15.5;17.4;15.8;13;1.7;1;0.14;2.3;2.5;0;545;171;89;60;95951;2.63;3.8;0.21;0.26
2009;8;18;230;22.7;18.8;14.9;16.8;12.2;9.7;0.6;-1.3;0.14;2.3;2.5;0;662;211;119;77;96462;3.27;0.03;0.21;0.26
2009;8;19;231;26.6;20.1;12.2;15.2;12.7;9.4;-1.7;0.5;0.14;2.3;2.5;0;660;225;120;86;96693;3.2;0;0.21;0.26
2009;8;20;232;29.3;22.6;15.4;14.8;13.5;12.2;-1.7;1.2;0.14;2.3;2.5;0;670;228;132;93;96564;3.4;0;0.2;0.26
2009;8;21;233;25.1;20.7;17.2;17.7;15.6;14.5;1;-0.2;0.14;2.3;2.5;0;486;163;80;58;96393;2.59;2.42;0.2;0.26
2009;8;22;234;20.5;17;14.4;15.1;11.1;8.1;0;-2.1;0.14;2.2;2.5;0;594;147;93;56;96681;2.43;0.6;0.2;0.26
2009;8;23;235;21.4;16.9;11.2;11.9;9.1;7;-2.5;0.2;0.14;2.2;2.5;0;574;192;108;83;96668;2.61;0.03;0.2;0.26
2009;8;24;236;24.7;18.7;13;13;11;8.4;-2.4;1.5;0.14;2.2;2.5;0;661;222;126;98;95839;2.88;0;0.2;0.26
2009;8;25;237;26;20;14.1;18.9;15.7;12.2;0.1;0.8;0.14;2.2;2.5;0;600;188;95;61;95688;2.57;9.99;0.2;0.26
2009;8;26;238;22.1;19.1;16.4;17.5;16.4;15.4;0.7;0.1;0.14;2.2;2.5;0;364;110;52;40;96101;1.99;8.04;0.2;0.26
2009;8;27;239;24.7;20.1;14.4;18.7;15.8;13.7;0.3;0.3;0.14;2.2;2.5;0;541;168;96;61;96201;2.65;1.07;0.21;0.25
2009;8;28;240;23.9;19.8;14.5;16.1;14;10.7;1.9;0.8;0.14;2.2;2.5;0;424;146;78;58;95874;2.49;0.92;0.21;0.25
2009;8;29;241;17.5;15.3;11.4;10.3;7.1;4.9;2.9;-0.3;0.14;2.2;2.5;0;551;165;101;72;96285;2.54;0.23;0.2;0.25
2009;8;30;242;18.7;14.5;9.2;9.3;6.5;4.8;1.4;0.7;0.14;2.2;2.5;0;527;169;109;77;96536;2.22;0.01;0.2;0.25
2009;8;31;243;22.6;16.5;9.2;9.9;8;6.1;-1.1;1.4;0.14;2.2;2.5;0;627;205;127;90;96394;2.68;0;0.2;0.25
2009;9;1;244;27.9;20;11.5;15.8;12.9;8.6;0.1;1.6;0.14;2.2;2.5;0;612;198;112;76;95944;2.8;0.83;0.2;0.25
2009;9;2;245;22.2;18.7;15.7;15.9;14.5;12.5;1.3;1;0.14;2.2;2.5;0;521;148;85;52;95952;2.3;4.27;0.2;0.25
2009;9;3;246;19.5;16.8;14.4;16.7;12.7;7.4;2.7;2.2;0.14;2.2;2.5;0;345;106;72;46;95207;2.58;9.66;0.2;0.25
2009;9;4;247;17.6;13.7;9.8;12.7;9.5;7.4;2.5;1.9;0.14;2.2;2.5;0;449;103;76;52;95288;2.34;8.82;0.21;0.25
2009;9;5;248;14.4;11.4;9.3;7.8;6.9;6.1;4.3;0.6;0.14;2.2;2.5;0;446;109;91;52;96317;2.36;1.72;0.21;0.25
2009;9;6;249;15.3;11.7;8.5;8.6;7.2;5.9;1.4;-0.3;0.14;2.2;2.5;0;342;103;74;53;96861;1.44;0.09;0.21;0.25
2009;9;7;250;19.9;14.3;9;9.9;8.3;6.6;-0.7;1.4;0.14;2.2;2.5;0;576;177;121;76;96812;2.26;0;0.21;0.25
2009;9;8;251;21.9;15.5;8.4;11.5;9.2;6.8;-1.4;0.7;0.14;2.2;2.5;0;596;189;124;86;96888;2.41;0;0.21;0.25
2009;9;9;252;22.6;16.2;9.1;12;9.8;7.5;-1.5;-0.4;0.14;2.2;2.5;0;595;188;127;86;96787;2.43;0;0.2;0.25
2009;9;10;253;22.2;16.1;9.3;12.7;10.5;8.1;-1.1;-2.3;0.14;2.2;2.5;0;586;172;118;75;96929;2.29;0;0.2;0.25
2009;9;11;254;19;15.2;12.3;12.3;9.6;7.9;-1.2;-2.8;0.14;2.2;2.5;0;479;140;85;58;97041;2.06;0.57;0.2;0.25
2009;9;12;255;17.6;14;11;9.6;7.5;5.9;-1;-2;0.14;2.1;2.5;0;450;129;84;64;96693;1.8;0;0.2;0.25
2009;9;13;256;14.3;11.3;7.6;9;7.5;6.2;1.3;-1.5;0.14;2.1;2.5;0;339;107;67;48;96137;1.44;5.07;0.2;0.25
2009;9;14;257;12.4;10.6;8.8;10.5;9.6;8.3;-1.8;-1;0.14;2.1;2.5;0;229;55;37;19;95957;1.41;17.71;0.21;0.25
2009;9;15;258;18.6;14.7;11.3;13.9;12.4;10.4;-2.5;-0.4;0.14;2.1;2.5;0;352;94;64;34;95923;1.82;3.9;0.22;0.25
2009;9;16;259;20.7;15.9;11.3;13.4;12.2;10.7;-2.4;-1.7;0.14;2.1;2.5;0;397;112;78;54;95709;1.71;0;0.22;0.25
2009;9;17;260;16.6;15.2;14.1;13.5;13;12.5;-2.2;-2.7;0.14;2.1;2.5;0;188;40;42;17;95867;0.65;0.22;0.22;0.25
2009;9;18;261;19.3;16.6;14.5;13.4;12.3;10.9;-3.1;-0.5;0.14;2.1;2.5;0;246;79;65;33;96207;1.38;0.18;0.22;0.25
2009;9;19;262;21.9;17.1;12.5;14.5;12.2;9.5;-2.2;0.1;0.14;2.1;2.5;0;527;137;94;58;96042;1.94;0;0.22;0.25
2009;9;20;263;21.3;17.3;14;15.2;13.9;12.8;0.1;-0.8;0.14;2.1;2.5;0;408;113;83;48;96249;1.58;0.5;0.21;0.25
2009;9;21;264;21.7;16.6;11.5;15.1;13.4;11;-0.9;-1.3;0.13;2;2.5;0;511;139;102;63;96651;1.8;0.44;0.21;0.25
2009;9;22;265;21.2;16.3;11.9;15.5;13.6;11.7;0.4;-0.4;0.13;2;2.5;0;426;122;83;59;96892;1.57;0.54;0.21;0.25
2009;9;23;266;21.4;16.4;11.8;15.3;12.2;10.2;1.7;-0.2;0.13;2;2.5;0;431;136;104;70;96863;1.68;0.12;0.21;0.25
2009;9;24;267;18.1;14.3;10.8;13;11.7;9.8;0.2;-1;0.13;2;2.5;0;228;63;53;37;96644;0.83;0.46;0.21;0.25
2009;9;25;268;17.4;13.2;9.2;10.7;8.1;5.9;-1.5;-1.1;0.13;2;2.5;0;470;124;97;67;96832;1.6;0;0.21;0.25
2009;9;26;269;18;13.2;9.4;9.2;7.7;6.7;-2.1;-0.2;0.13;2;2.5;0;517;149;118;86;96965;1.66;0;0.21;0.25
2009;9;27;270;19.2;13.5;7.3;10.9;8.9;6.2;-0.6;-0.4;0.13;1.9;2.5;0;515;150;123;84;96854;1.52;0;0.2;0.25
2009;9;28;271;18.6;13.6;8.1;11.5;9.3;7.3;1.6;-0.5;0.13;1.9;2.5;0;455;128;106;70;96610;1.39;0;0.2;0.25
2009;9;29;272;14.3;12.5;10.4;10.1;9.6;9.1;3.2;-0.1;0.13;1.9;2.5;0;189;42;71;23;96268;0.67;0.49;0.2;0.25
2009;9;30;273;15.2;13.3;12.2;12.1;11.1;9.9;1.8;-0.2;0.13;1.9;2.5;0;255;51;48;21;96094;0.94;1.66;0.2;0.25
2009;10;1;274;15.4;12.6;10.1;11.7;9.8;7.9;2.8;-0.1;0.13;1.9;2.5;0;320;86;81;38;95709;1.32;1.76;0.2;0.25
2009;10;2;275;12.2;9.6;7.8;7.6;4.2;2.3;2.6;-0.8;0.13;1.9;2.5;0;324;93;81;55;95982;1.29;0.15;0.2;0.25
2009;10;3;276;14.7;10.3;5.5;6.1;4.9;3.8;2.5;1.8;0.13;1.8;2.5;0;316;99;90;66;95837;1.07;0;0.2;0.25
2009;10;4;277;13.9;11.8;9.9;7.2;6.3;5.6;4.4;1.3;0.13;1.8;2.5;0;230;64;68;41;95656;1.04;0.77;0.2;0.25
2009;10;5;278;15.3;11.9;9.9;10.4;8.4;6.5;0.7;1.1;0.13;1.8;2.5;0;306;62;52;22;96051;1.25;6.44;0.2;0.25
2009;10;6;279;18.9;15.5;11.7;15;13.1;10.6;2.4;1.9;0.13;1.8;2.5;0;270;64;45;23;95907;1.56;6.08;0.21;0.25
2009;10;7;280;21.9;17.6;14.3;15;13.9;12.3;1.6;1.9;0.13;1.8;2.5;0;340;89;78;45;95940;1.42;0.55;0.21;0.25
2009;10;8;281;19.3;16.3;12.3;14.6;12.8;10.2;2.3;0.3;0.13;1.8;2.5;0;380;84;67;41;95793;1.44;1.37;0.21;0.25
2009;10;9;282;13.6;11.2;9.5;9.3;5.6;3.8;-2.6;-0.9;0.13;1.7;2.5;0;393;95;95;39;96340;1.24;0.18;0.21;0.25
2009;10;10;283;12.2;10.7;9.3;11.8;9.3;5.1;0.3;0.9;0.13;1.7;2.5;0;104;23;35;9;95779;0.79;6.54;0.21;0.25
2009;10;11;284;11.9;10;8.8;9.7;7.6;6.3;4.1;0.5;0.13;1.7;2.5;0;297;60;52;28;95645;1.67;7.96;0.21;0.25
2009;10;12;285;8.7;6.5;3.7;8.1;4.4;1.4;2.7;-2.6;0.13;1.7;2.5;0;164;46;73;37;95559;1.76;9.11;0.23;0.25
2009;10;13;286;6.9;4.1;1.4;3.8;0.6;-2.7;1.8;-2.5;0.13;1.7;2.5;0;361;89;95;64;96522;1.28;1.41;0.23;0.25
2009;10;14;287;4.1;2;0.8;-0.8;-3.2;-5.7;1.3;-3.3;0.13;1.7;2.5;0.16;340;86;74;54;96717;0.96;0.69;0.23;0.25
2009;10;15;288;2.7;1.2;-0.3;-0.1;-2.4;-4.4;2.5;-1.8;0.14;1.7;2.5;0.96;209;48;66;32;96531;0.56;1.89;0.23;0.25
2009;10;16;289;4.7;2.4;0.7;4;1.5;-0.5;3.5;0;0.19;1.6;2.5;4.28;92;21;33;13;95924;0.31;11.16;0.23;0.25
2009;10;17;290;5;2.8;1.4;2.1;1.7;1.1;1.5;-1.8;0.19;1.6;2.5;4.31;161;36;53;17;95991;0.73;5.07;0.24;0.25
2009;10;18;291;5.9;2.8;-0.4;2.3;1.1;-0.8;0.7;-1.7;0.17;1.6;2.5;2.89;343;76;86;49;96315;0.93;1.48;0.24;0.25
2009;10;19;292;5.2;1.5;-1.3;1.2;-0.4;-2.1;-0.9;0.2;0.15;1.6;2.5;2.13;240;62;87;42;96285;0.44;0;0.24;0.25
2009;10;20;293;6.6;2;-2.2;0.7;-0.9;-3.7;-2.3;0.6;0.15;1.6;2.5;1.63;395;102;117;79;95696;0.51;0;0.24;0.25
2009;10;21;294;8.7;3.1;-1.7;1;0;-2.4;-2.7;0.2;0.14;1.6;2.5;1.18;402;99;116;83;95307;0.67;0;0.24;0.25
2009;10;22;295;9.6;5.6;2.1;6;3.6;-0.2;-1.4;0.1;0.13;1.6;2.5;0.72;283;61;65;35;94861;0.44;3.49;0.24;0.25
2009;10;23;296;8.7;6;2.3;6.9;5.4;2.2;0.9;-0.2;0.13;1.6;2.5;0.38;167;37;42;15;95565;0.34;0.01;0.24;0.25
2009;10;24;297;9;7.3;6.2;6.3;5.7;4.8;0.4;1;0.12;1.6;2.5;0.18;157;36;63;18;96173;0.32;0;0.24;0.25
2009;10;25;298;9.9;8;5.2;9.5;7.3;4.3;0.2;1.4;0.12;1.6;2.5;0.08;54;13;58;15;96067;0.06;0.3;0.24;0.25
2009;10;26;299;11.8;9.4;7.9;8.6;6.9;4.8;2.3;0.8;0.12;1.6;2.5;0;237;59;68;28;96215;0.84;1.04;0.24;0.25
2009;10;27;300;10.5;8.6;7;7.9;7.2;6.3;1.9;-0.2;0.12;1.6;2.5;0;132;28;38;19;96560;0.57;0.83;0.24;0.25
2009;10;28;301;11.6;7.8;4.5;7.4;5.8;4.1;0;0.8;0.12;1.6;2.5;0;273;62;75;44;96459;0.53;0;0.24;0.25
2009;10;29;302;10.7;7.2;3.2;6.8;5.7;3.1;-0.1;-0.7;0.12;1.6;2.5;0;145;36;50;21;96501;0.28;0;0.24;0.25
2009;10;30;303;8.8;6.5;1.9;6.9;3.2;-0.4;-2.1;-0.2;0.12;1.6;2.5;0;249;55;89;48;97073;0.54;0.01;0.24;0.25
2009;10;31;304;6;1.9;-1.2;-0.2;-0.9;-2;-1.6;0.5;0.12;1.6;2.5;0;358;77;111;72;97007;0.48;0;0.24;0.25
2009;11;1;305;8.3;3.1;-1.6;4.4;1.4;-2.4;-1.2;1.7;0.12;1.6;2.5;0;272;53;91;46;96165;0.3;0;0.24;0.25
2009;11;2;306;8;6.1;4.6;7.5;4.8;1.4;-0.5;1.6;0.12;1.6;2.5;0;58;11;16;5;94749;0.39;18.44;0.24;0.25
2009;11;3;307;6.1;4.7;2.6;5.6;3.1;0.3;1.9;0.7;0.12;1.6;2.5;0;160;28;91;27;94340;0.61;3.92;0.26;0.25
2009;11;4;308;7.6;5.2;3.6;5.7;3.1;0.7;1.9;2.5;0.12;1.6;2.5;0;229;42;80;27;93589;1.3;11.41;0.27;0.25
2009;11;5;309;8.1;5.1;2.4;3.1;2.1;0.5;1.1;2.3;0.12;1.6;2.5;0;252;62;79;55;94468;0.86;0.75;0.27;0.25
2009;11;6;310;8.6;3.7;-1;3.7;1.5;-2;0.1;1.4;0.12;1.6;2.5;0;315;72;98;63;95235;0.44;0.01;0.27;0.25
2009;11;7;311;8.3;4.2;1.3;2.9;1.8;0.9;-0.6;2.1;0.12;1.6;2.5;0;284;69;100;60;94772;0.44;0;0.27;0.25
2009;11;8;312;5.5;3.1;-0.5;2.6;1.4;-0.7;-1.9;-1;0.11;1.5;2.5;0;148;32;62;23;94829;0.37;0.71;0.26;0.25
2009;11;9;313;4.7;4;3.1;4.3;3.5;2.6;-1.1;-0.9;0.11;1.5;2.5;0;51;9;14;5;94995;0.31;8.77;0.27;0.25
2009;11;10;314;4.3;3.4;2.6;3.2;1.8;1.1;1.6;1;0.11;1.5;2.5;0;105;21;20;12;95321;0.59;1.03;0.27;0.25
2009;11;11;315;4.9;3.7;3;2.8;2.3;1.8;2.3;-0.3;0.11;1.5;2.5;0;103;25;42;17;95293;0.59;0.8;0.27;0.25
2009;11;12;316;6.2;4.1;2;4.3;2.3;1.6;1.5;1.5;0.11;1.5;2.5;0;233;45;66;26;95522;0.36;0.18;0.27;0.25
2009;11;13;317;11.4;7.4;4.2;8.8;6.4;4;0.2;2.1;0.11;1.5;2.5;0;178;35;68;33;95894;0.16;0.39;0.27;0.25
2009;11;14;318;11;8;5.5;7.4;6;4.5;-0.2;1.8;0.11;1.5;2.5;0;184;39;68;53;95788;0.34;0.37;0.27;0.25
2009;11;15;319;10.7;7.3;4.5;6.3;5;2.8;0.8;1.7;0.11;1.5;2.5;0;243;56;89;65;95956;0.38;0.01;0.27;0.25
2009;11;16;320;9.9;7.8;5.6;9.3;7.1;5;0.1;1.9;0.11;1.5;2.5;0;70;15;35;16;95679;0.18;8.96;0.27;0.25
2009;11;17;321;13.2;10.8;7.6;10.5;9.1;5.8;1.6;1.6;0.11;1.5;2.5;0;174;28;43;19;95710;0.67;1.8;0.27;0.25
2009;11;18;322;9.8;7;4.6;5.1;4.2;3.2;2.9;1.7;0.11;1.5;2.5;0;201;45;89;64;96487;0.49;0;0.27;0.25
2009;11;19;323;10.5;6.5;4.5;4.7;3.9;3;1.3;1.7;0.11;1.5;2.5;0;280;59;110;74;96791;0.29;0;0.27;0.25
2009;11;20;324;11.2;5.9;2.5;5.8;3.8;1.7;-0.2;1.7;0.11;1.6;2.5;0;167;40;76;53;96821;0.29;0;0.27;0.25
2009;11;21;325;10.6;5.7;2.1;7.2;4.1;1.4;-0.4;1.4;0.11;1.6;2.5;0;205;42;83;51;96927;0.17;0.05;0.27;0.25
2009;11;22;326;11.3;6.9;2.4;7.6;4.7;1;0.9;1.8;0.11;1.6;2.5;0;200;38;78;50;96033;0.36;0.44;0.27;0.25
2009;11;23;327;9.1;7.4;5.4;6.7;4.4;3.1;4.4;3.3;0.11;1.6;2.5;0;120;25;54;29;95468;1.75;7.19;0.27;0.25
2009;11;24;328;9.6;8.5;6.8;8.9;7;5.5;5.1;1.6;0.11;1.6;2.5;0;160;25;46;18;95640;1.26;6.44;0.27;0.25
2009;11;25;329;11.9;8.6;6.7;7.3;4.9;0.6;1.6;2.6;0.11;1.6;2.5;0;264;57;109;71;95692;0.75;0.11;0.28;0.25
2009;11;26;330;8.7;6.8;4.7;5.8;2.9;0.6;2.8;2.1;0.11;1.6;2.5;0;223;48;84;59;95662;0.81;1.22;0.27;0.25
2009;11;27;331;8.5;5.3;3.3;2.9;1.7;0.9;2.1;2.7;0.11;1.6;2.5;0;170;35;84;69;95306;0.53;0.41;0.27;0.25
2009;11;28;332;7.5;5.6;4;2.9;1.5;0;2.2;3;0.11;1.6;2.5;0;200;40;71;48;95290;0.96;1.64;0.27;0.25
2009;11;29;333;8.8;5.5;2.9;1.9;0.3;-1.5;-1.3;2.2;0.11;1.6;2.5;0;251;50;102;74;94730;0.53;0;0.27;0.25
2009;11;30;334;6.7;5.1;3.1;3.5;2.2;-0.2;-0.1;-0.6;0.11;1.6;2.5;0;166;29;60;33;94038;0.35;4.67;0.27;0.25
2009;12;1;335;3;2.3;1.6;2.8;1.8;1.1;1.4;-2;0.12;1.6;2.5;0.62;45;10;25;9;94909;0.55;7.96;0.28;0.25
2009;12;2;336;3.6;1.8;0.2;1.1;0.5;-0.1;0.1;1.9;0.12;1.6;2.5;0.61;97;22;65;31;95668;0.41;0.11;0.28;0.25
2009;12;3;337;6.6;2.3;0.1;1.4;-0.1;-1.8;-1.1;1.8;0.12;1.7;2.5;0.51;214;43;85;62;95234;0.31;0;0.28;0.25
2009;12;4;338;2.8;1;-1.5;2.2;0.2;-2.2;0.8;0.1;0.12;1.7;2.5;0.62;53;10;72;21;95268;0.18;2.47;0.28;0.25
2009;12;5;339;2.9;0.2;-3.8;1.8;-1.2;-4.4;0.2;2.3;0.12;1.7;2.5;0.67;129;29;77;39;95802;0.35;0.98;0.28;0.26
2009;12;6;340;8;5.4;3;5.6;4;1.9;0.4;2.6;0.11;1.7;2.5;0.41;195;34;66;17;95576;0.72;10.35;0.28;0.26
2009;12;7;341;7.9;6.9;5.7;7.1;5.9;4.9;0.7;1.3;0.11;1.7;2.5;0.14;133;26;46;17;95666;0.33;2.11;0.28;0.26
2009;12;8;342;6.1;4.7;3;5;3.7;2.1;2;0.8;0.11;1.7;2.5;0.05;79;12;34;15;95557;0.64;7.46;0.29;0.26
2009;12;9;343;4.7;2.9;-0.9;3;1.7;-1.3;2;-0.1;0.11;1.7;2.5;0;96;16;60;25;96748;0.33;0.33;0.29;0.26
2009;12;10;344;5.7;2.3;-1.9;5.3;1.8;-2.3;1.9;1.3;0.11;1.7;2.5;0;33;7;60;15;96447;0.24;11.08;0.29;0.26
2009;12;11;345;4.2;2;0.3;4;0.7;-1.9;0.5;-2.3;0.11;1.7;2.5;0.13;63;12;29;12;96232;0.58;6.53;0.3;0.26
2009;12;12;346;1;-0.4;-1.8;-2;-3.7;-5.2;-1.5;-2.2;0.11;1.7;2.5;0.52;159;28;73;42;96501;0.33;0.21;0.3;0.26
2009;12;13;347;-2;-2.8;-4.3;-4.4;-8.1;-10.1;-2.3;-1.1;0.12;1.7;2.5;0.73;89;19;84;49;96268;0.17;0.16;0.3;0.26
2009;12;14;348;-3;-3.8;-4.6;-6.8;-9.1;-10;-3;-0.7;0.12;1.7;2.5;0.76;156;27;61;49;96186;0.1;0;0.29;0.26
2009;12;15;349;-0.9;-3;-4.1;-6;-7;-8.5;-3.3;-1.2;0.12;1.7;2.5;0.87;182;33;92;57;95826;0.06;0.17;0.29;0.26
2009;12;16;350;-3.2;-4.2;-7.2;-7.3;-9.6;-11;-1;-1.3;0.12;1.7;2.5;1.01;103;21;88;43;95278;0.04;0.16;0.29;0.26
2009;12;17;351;-5.1;-6.8;-8.4;-9.3;-11.3;-12.9;0.1;-1.4;0.12;1.7;2.5;1.14;158;30;80;60;95036;0.02;0.13;0.28;0.27
2009;12;18;352;-5.4;-7.9;-11.2;-9.4;-12.3;-15.5;-0.2;-1.2;0.14;1.7;2.5;1.99;134;27;75;40;94725;0.02;1.84;0.28;0.27
2009;12;19;353;-9;-11.8;-15.5;-14.3;-15.9;-19.1;-0.8;-1;0.19;1.7;2.5;4.14;158;29;79;42;94609;0.05;1.68;0.28;0.27
2009;12;20;354;-4.3;-12.2;-17;-6.1;-16.5;-20.8;1.5;2.2;0.2;1.6;2.5;4.91;201;40;95;52;94726;0.09;1.81;0.28;0.27
2009;12;21;355;-1.5;-4.3;-9.1;-3.5;-6.5;-10.9;0.1;1.9;0.22;1.6;2.5;6.5;193;37;90;52;94612;0.06;0.64;0.28;0.27
2009;12;22;356;4.5;1.2;-2.5;1.2;-2.3;-6.1;-0.5;2.9;0.25;1.6;2.5;8.64;82;14;33;10;93717;0.4;4.43;0.28;0.27
2009;12;23;357;2.2;0.5;-0.2;0;-0.4;-0.9;0;-0.4;0.26;1.6;2.5;9.52;128;19;49;16;94047;0.08;4.27;0.28;0.27
2009;12;24;358;2.7;0.8;-1;1.3;-0.3;-1.8;-2.3;0.1;0.26;1.6;2.5;9.46;76;17;44;24;93885;0.02;2.82;0.28;0.27
2009;12;25;359;6.8;2.9;0.7;5.1;1.5;-0.6;3.5;1.9;0.21;1.6;2.5;6.61;74;14;37;12;93881;0.25;2.8;0.28;0.27
2009;12;26;360;1.9;-0.6;-3.4;-1;-2.7;-5.2;1.8;1.3;0.2;1.5;2.5;6.1;165;31;88;55;95266;0.25;0.53;0.28;0.27
2009;12;27;361;0.2;-2.2;-4.9;-1.1;-4.2;-5.5;0.9;1.3;0.2;1.5;2.5;6.25;146;29;79;41;95002;0.1;1.25;0.28;0.27
2009;12;28;362;0.8;-0.1;-1.3;-0.6;-1.4;-2.2;3;0.8;0.24;1.5;2.5;8.35;144;26;66;32;94924;0.09;1.62;0.28;0.27
2009;12;29;363;2.6;-1;-3.6;1.8;-2.7;-4.8;-1.7;1.5;0.26;1.5;2.5;10.02;148;28;56;26;94745;0.15;8.56;0.28;0.27
2009;12;30;364;5.8;4.2;2.4;5.4;3.6;1.9;1.5;1.9;0.26;1.5;2.5;9.72;75;16;42;14;94002;-0.33;8.08;0.29;0.27
2009;12;31;365;4.3;3;1.3;4.1;2.7;0.8;0.9;1.5;0.2;1.4;2.5;6.35;49;10;36;12;93817;-0.25;3.74;0.3;0.27
2010;1;1;1;1.9;0;-2.4;0.8;-1.1;-5.1;0;-0.7;0.19;1.4;2.5;5.71;98;16;38;15;93711;0.22;1.9;0.3;0.27
2010;1;2;2;-2.6;-4.1;-8.4;-5.4;-7.7;-11.1;2.5;-1.6;0.24;1.4;2.5;7.94;155;31;91;52;95426;0.33;1.94;0.3;0.27
2010;1;3;3;-2.5;-4.6;-10.8;-4.4;-6.5;-12.1;2.1;1.3;0.27;1.4;2.5;9.6;83;18;56;23;96024;0.14;2.78;0.29;0.27
2010;1;4;4;-2.2;-4;-5.9;-4.5;-6.1;-7.2;0.5;0.4;0.3;1.4;2.5;11.58;109;21;50;27;95698;0.12;1.28;0.29;0.27
2010;1;5;5;-4.9;-7.1;-9.4;-7.2;-9.2;-11.4;-1.1;-0.1;0.32;1.4;2.5;12.28;109;22;68;32;94990;0.13;0.07;0.29;0.28
2010;1;6;6;-4.2;-6.9;-9.3;-8.5;-9.9;-12;0.5;-0.2;0.31;1.3;2.5;12.18;137;26;53;35;94504;0.19;0.02;0.29;0.28
2010;1;7;7;-3.1;-6.4;-8.5;-7.9;-9.5;-10.7;0.3;0.2;0.31;1.3;2.5;12.04;170;34;81;40;95199;0.16;0.05;0.28;0.28
2010;1;8;8;-3.5;-5.6;-8.8;-7;-8.3;-10.9;-2.9;-2.4;0.32;1.3;2.5;12.98;106;19;30;18;95378;0.27;3.31;0.28;0.28
2010;1;9;9;-4.4;-5.7;-6.6;-7.7;-8.6;-9.3;-2.4;-2.5;0.37;1.3;2.5;17;84;15;35;12;94945;0.32;4.18;0.28;0.28
2010;1;10;10;-4.2;-5.2;-6;-7;-7.3;-7.7;0.4;-1.4;0.38;1.3;2.5;20.97;74;13;28;11;95247;0.17;4.99;0.28;0.28
2010;1;11;11;-4.9;-6.8;-8.9;-7.3;-8.6;-10.2;-0.1;-0.7;0.38;1.2;2.5;25.08;77;15;26;15;95704;0.11;2.25;0.28;0.28
2010;1;12;12;-3.7;-6.7;-8.6;-6.9;-8.4;-9.8;-2.2;0.2;0.38;1.2;2.5;26.02;112;20;54;24;95768;0.09;0.21;0.27;0.28
2010;1;13;13;-3.4;-6.3;-7.8;-6.1;-8.1;-9.3;-2.9;0.4;0.38;1.2;2.5;25.99;130;26;64;34;95220;0.06;0.05;0.27;0.28
2010;1;14;14;-1.5;-4;-6;-4.3;-5.7;-7.5;-2.2;0.2;0.38;1.2;2.5;26.07;123;24;56;22;95342;0.16;0.23;0.27;0.28
2010;1;15;15;-1.8;-3.8;-5.7;-4.6;-5.6;-6.9;-1.3;0.3;0.38;1.2;2.5;26;112;24;42;28;96358;0.09;0;0.27;0.28
2010;1;16;16;-0.5;-4.8;-9.9;-3.8;-6.5;-10.4;-2.1;0.9;0.37;1.2;2.5;25.88;172;35;91;44;96413;0.14;0.03;0.27;0.28
2010;1;17;17;2.5;0.2;-3.4;2.2;-0.7;-5.5;1.4;1.6;0.38;1.2;2.5;33.96;52;10;16;4;95765;-0.05;18.26;0.27;0.28
2010;1;18;18;1.5;0.4;-1;0.5;-0.2;-1.2;2.2;0.1;0.37;1.2;2.5;36.94;79;18;60;20;96675;-0.05;1.31;0.27;0.28
2010;1;19;19;0.7;-0.3;-0.9;-0.4;-0.7;-1.1;0.9;0.4;0.37;1.2;2.5;37.63;83;18;34;15;96449;0.01;2.1;0.27;0.28
2010;1;20;20;2;-0.5;-2.1;-0.6;-1.6;-2.5;-1.6;0.1;0.36;1.1;2.5;38.53;136;28;68;25;95960;0.15;0.14;0.27;0.28
2010;1;21;21;-1.5;-3;-4.8;-2.9;-5.2;-7;-0.5;-1;0.36;1.1;2.5;38.34;95;20;38;23;96377;0.19;0.07;0.27;0.28
2010;1;22;22;-3.7;-5.9;-8.9;-7.1;-8.9;-11.8;-1.7;0;0.36;1.1;2.5;38.23;128;29;76;35;96794;0.15;0;0.27;0.28
2010;1;23;23;-2.7;-6.8;-9.8;-6.7;-10;-13;-1.8;0.2;0.35;1.1;2.5;38.1;174;36;87;40;96696;0.15;0;0.27;0.28
2010;1;24;24;-3.7;-6.2;-8.8;-7.9;-9.5;-11.8;-2.3;0.4;0.35;1.1;2.5;37.91;149;28;48;31;96672;0.28;0;0.27;0.28
2010;1;25;25;-3.2;-5.4;-6.9;-7;-8.2;-9;-1.9;-0.1;0.36;1.1;2.5;39.03;123;25;38;13;96892;0.31;2.94;0.27;0.28
2010;1;26;26;-5.4;-8;-13.5;-9.1;-11.2;-16.2;-2.1;-1.7;0.36;1.1;2.4;40.61;148;33;83;48;97437;0.22;0.3;0.27;0.28
2010;1;27;27;-5.5;-10.3;-16.1;-10.1;-15;-18.9;0.9;0.4;0.36;1.1;2.4;40.5;202;43;88;41;96720;0.28;1.71;0.26;0.28
2010;1;28;28;-0.5;-3.1;-5.9;-3.8;-5.2;-9;4.8;0.6;0.37;1.1;2.4;45.59;175;28;74;25;94548;0.23;7.04;0.26;0.28
2010;1;29;29;-0.1;-1.6;-3.7;-1.3;-3.1;-5.1;2.9;2.4;0.38;1.1;2.4;51.87;92;18;58;16;93398;0.19;9.47;0.26;0.28
2010;1;30;30;-0.5;-3.4;-6.8;-1.2;-5.4;-7.7;3.4;0.4;0.38;1.1;2.4;59.54;153;33;61;36;93445;0.25;3.79;0.26;0.28
2010;1;31;31;-3.5;-6.7;-11.1;-5.2;-8.5;-12.1;2.3;0.5;0.38;1.1;2.4;61.76;146;30;64;32;94680;0;0.57;0.26;0.28
2010;2;1;32;-2.2;-4.2;-5.6;-5.2;-6.3;-7.3;3.1;1.4;0.38;1.1;2.4;62.85;160;34;48;25;95224;0.2;2.57;0.26;0.28
2010;2;2;33;0.1;-2.7;-5.4;-1.6;-5.4;-7.1;3.6;2;0.38;1.1;2.4;65.33;145;31;53;24;95465;0.36;5.7;0.26;0.28
2010;2;3;34;0.9;-0.4;-2.8;-0.1;-1.6;-3.4;3.2;1;0.38;1.1;2.4;75.83;96;22;70;29;95159;0.08;7.82;0.26;0.28
2010;2;4;35;3.6;0.4;-2.5;1.1;-0.7;-2.9;-1;1.2;0.37;1.1;2.4;77.04;142;30;69;27;95879;-0.1;0.27;0.26;0.28
2010;2;5;36;0.9;-1.3;-2.8;-2.2;-3.1;-3.9;-2;0.5;0.37;1.1;2.4;76.29;135;31;64;33;95356;0.21;1.4;0.26;0.28
2010;2;6;37;2.1;-0.3;-1.8;-0.3;-1.4;-2.3;-1;-0.2;0.36;1.1;2.4;77.69;158;29;54;17;95498;0.01;0.56;0.26;0.28
2010;2;7;38;-1.2;-3.2;-6.1;-2;-5.6;-8.1;-1.4;-1.5;0.36;1.1;2.4;77.53;268;63;109;59;96044;0.34;0.03;0.26;0.28
2010;2;8;39;-3.7;-6.8;-9;-8.3;-9.4;-10.8;-2.2;-0.4;0.35;1.1;2.4;77.28;255;58;98;54;95415;0.22;0;0.25;0.28
2010;2;9;40;-3.6;-8.1;-11.7;-8.8;-11;-13.4;-1.9;-0.4;0.35;1.1;2.4;77.11;264;63;104;62;94736;0.2;0;0.25;0.28
2010;2;10;41;-6.2;-8.9;-13.1;-8.7;-11.4;-14.8;-0.4;-1.4;0.35;1.1;2.4;77.91;125;28;47;18;94778;0.14;3.89;0.25;0.28
2010;2;11;42;-4.4;-6.5;-8.3;-8.6;-9.1;-10.3;-1.7;-3;0.37;1.1;2.4;82.94;152;33;32;18;94776;0.33;3.21;0.25;0.28
2010;2;12;43;-2.9;-5.7;-8.7;-5.9;-8.2;-10.4;-0.1;-1.6;0.37;1.1;2.4;84.17;153;37;28;21;95310;0.15;1.67;0.25;0.28
2010;2;13;44;-2.3;-5.2;-7.7;-6.5;-7.6;-9.1;0;-1.4;0.37;1.1;2.4;85.46;239;45;69;36;95561;0.16;0.53;0.25;0.28
2010;2;14;45;-2.3;-6;-10.3;-6.3;-8.4;-11.5;-0.8;0;0.37;1.1;2.4;85.63;181;37;46;27;95480;0.11;0.35;0.25;0.28
2010;2;15;46;-2.2;-5.8;-9.2;-7.1;-8.8;-10.6;-0.8;0.9;0.37;1.1;2.4;85.79;224;55;69;40;95164;0.18;0.1;0.25;0.28
2010;2;16;47;-0.8;-6.2;-11;-6.5;-9.3;-12.3;-1.2;1;0.37;1.1;2.4;85.67;297;73;110;72;94758;0.09;0;0.25;0.28
2010;2;17;48;0.8;-5.2;-11.2;-4.5;-8;-12.7;-2.3;0.1;0.37;1.1;2.4;85.55;291;68;86;56;94144;0.07;0;0.25;0.28
2010;2;18;49;3;-1.1;-6.8;1.4;-2.4;-7.7;-0.3;1.3;0.37;1.1;2.4;85.63;102;27;49;14;94286;-0.06;0.79;0.25;0.28
2010;2;19;50;3.6;1.3;-0.1;1.1;0.4;-0.8;-0.3;-0.1;0.36;1.1;2.4;83.74;126;33;44;22;93851;-0.07;4.4;0.25;0.28
2010;2;20;51;2.2;-0.6;-3.4;-0.3;-3.5;-5.9;2.8;0.3;0.36;1.1;2.4;82.8;249;58;92;51;94252;0.48;0.25;0.25;0.28
2010;2;21;52;2.2;-1.6;-4;-1.6;-3.7;-5.6;1.2;1.7;0.36;1.1;2.4;83.59;217;51;83;49;94577;0.11;1.97;0.25;0.28
2010;2;22;53;2.8;0.2;-3.8;-0.7;-3.7;-7.4;-0.5;2.7;0.36;1.1;2.4;84.62;139;35;66;38;94138;0.27;0.93;0.25;0.28
2010;2;23;54;5.3;2.9;0.6;2.9;0.7;-2.4;0.7;2.4;0.35;1.1;2.5;82.33;131;29;64;22;94078;-0.15;5.12;0.25;0.28
2010;2;24;55;5.3;3.1;1.4;3.2;2.1;0.7;0.6;1.6;0.35;1.2;2.5;72.83;146;34;55;21;94588;-0.4;0.47;0.27;0.28
2010;2;25;56;8.9;3.9;0.3;1.4;0.4;-0.4;-0.1;2.5;0.34;1.2;2.5;64.72;331;85;106;57;94562;-0.02;0.8;0.27;0.28
2010;2;26;57;7.5;3.9;1.5;3.5;1.5;0.2;2.2;2.2;0.34;1.2;2.5;53.34;216;44;66;22;94077;-0.22;4.7;0.29;0.28
2010;2;27;58;6.8;2.6;-0.7;-0.3;-1.9;-4.2;1.6;1.8;0.34;1.2;2.5;45.4;285;78;99;66;94916;0.47;0.02;0.29;0.28
2010;2;28;59;10.3;5;1.6;2.4;-0.7;-4.6;1.3;2.9;0.34;1.2;2.5;38.8;271;52;82;40;93937;0.42;3.68;0.3;0.28
2010;3;1;60;4.7;2.3;-3.4;0.4;-1.6;-4.9;4.3;0.9;0.31;1.2;2.5;28.96;291;75;89;54;95135;0.82;1.92;0.31;0.28
2010;3;2;61;3.9;-0.8;-4.8;-1.2;-4.3;-7.3;2.2;-0.1;0.29;1.2;2.5;25.68;297;74;94;56;96170;0.43;0.06;0.31;0.28
2010;3;3;62;3.1;-1.9;-5.3;-3.6;-5.9;-7.9;0.2;-0.7;0.27;1.2;2.5;23.41;410;111;132;81;96333;0.4;0;0.31;0.28
2010;3;4;63;1.5;-2.5;-7.2;-4.3;-6.6;-9.4;-1.2;-2.3;0.27;1.2;2.5;22.19;315;86;97;65;95785;0.49;0.06;0.3;0.28
2010;3;5;64;-2.3;-6.5;-10.9;-10;-12.5;-15.1;1.5;-1.6;0.27;1.2;2.5;22.01;380;96;105;69;96243;0.53;0.69;0.3;0.28
2010;3;6;65;-0.6;-4;-8.8;-4.4;-7.6;-12.2;-0.4;-1.2;0.34;1.3;2.5;28.08;236;58;86;42;95781;0.56;8.45;0.3;0.28
2010;3;7;66;-2.8;-7.8;-12.7;-10;-12.2;-15.3;-1.9;-1.5;0.36;1.3;2.5;29.9;382;98;123;81;97046;0.4;0;0.29;0.28
2010;3;8;67;-1.3;-7.2;-14.2;-8.4;-11.3;-15.4;-1.9;-1.6;0.36;1.3;2.5;29.58;300;83;85;60;96637;0.5;0.47;0.29;0.29
2010;3;9;68;-1.9;-6.6;-12.3;-11;-12.4;-14.8;-3.5;-1.7;0.36;1.3;2.5;29.26;399;112;123;91;96520;0.7;0;0.29;0.29
2010;3;10;69;-0.1;-4.1;-8.2;-9.6;-11.3;-13.3;-4.6;-1.8;0.36;1.3;2.5;28.37;374;104;104;81;96248;1.12;0;0.29;0.29
2010;3;11;70;0.5;-2.8;-6;-5.3;-7.3;-9.8;-1.4;-2;0.35;1.3;2.5;27.74;253;70;68;48;95678;0.52;0.43;0.28;0.29
2010;3;12;71;2.1;-2.8;-8.5;-1.4;-4.6;-9.6;2.3;-0.4;0.35;1.3;2.5;28.11;173;47;69;32;95909;0.19;1.27;0.28;0.29
2010;3;13;72;2.2;0.4;-1.6;-0.3;-1.6;-2.4;4.1;-0.6;0.35;1.3;2.5;29.05;252;55;49;23;96244;0.36;2.39;0.28;0.29
2010;3;14;73;3.3;1.2;0;1;-0.2;-1;5;0.3;0.35;1.3;2.5;29.68;200;47;71;22;96155;0.17;4.85;0.28;0.29
2010;3;15;74;3.4;1;-2.1;1.3;-2.4;-5.2;4.2;-1;0.35;1.4;2.5;30.16;301;81;65;41;96196;0.67;4.98;0.28;0.29
2010;3;16;75;4.7;2;-1;1.3;-0.8;-3;3;-1.5;0.34;1.4;2.5;29.01;305;76;74;30;96457;0.47;3.9;0.29;0.29
2010;3;17;76;6.3;1.6;-2.4;1;-1.8;-3.1;2;0.8;0.32;1.4;2.5;24.94;234;69;82;41;96927;0.37;0.1;0.29;0.29
2010;3;18;77;10.9;3.8;-2.2;1.6;-1.2;-3.6;0.3;1.6;0.28;1.4;2.5;19.18;463;129;119;65;96743;0.52;0;0.29;0.29
2010;3;19;78;13.3;6.3;0.3;5.1;1.3;-3.2;1.5;1.8;0.23;1.4;2.5;12.77;427;104;88;48;96394;0.42;0.01;0.3;0.29
2010;3;20;79;13;8.2;2.5;8.8;5.5;-0.8;1.6;2;0.19;1.4;2.5;7.14;184;42;28;9;95880;0.13;2.69;0.3;0.29
2010;3;21;80;12;9.3;7.3;10.1;7.8;6.4;2.8;1.5;0.15;1.5;2.5;2.57;253;59;65;23;95882;0.76;8.84;0.31;0.29
2010;3;22;81;9.9;6.7;3.3;7;5.6;2.8;-0.6;0.1;0.13;1.5;2.5;1.05;198;48;57;17;96502;0.44;1.27;0.31;0.29
2010;3;23;82;12.1;5.9;0.2;5.8;2.5;-0.2;0.2;0.1;0.13;1.5;2.5;0.65;526;159;127;74;96322;1.12;0;0.31;0.29
2010;3;24;83;15.8;7.9;0.8;5.3;2.9;-0.4;-2.4;0.5;0.13;1.5;2.5;0.35;550;166;123;86;95911;1.4;0;0.3;0.29
2010;3;25;84;18.2;9.6;-0.2;7.1;3.9;-1;-1.4;1.2;0.13;1.5;2.5;0.16;581;175;125;83;95470;1.61;0;0.3;0.29
2010;3;26;85;19.1;9.7;3.4;9.3;4.8;1.8;0.7;1.8;0.13;1.5;2.5;0.06;581;158;121;59;95159;1.85;4.71;0.29;0.29
2010;3;27;86;10.5;6.1;3.8;4.9;4;2.9;2.7;1.3;0.13;1.5;2.5;0.02;539;124;105;40;95187;1.75;7.38;0.29;0.29
2010;3;28;87;8.5;6;4.3;6.5;4.7;3.4;2.5;1.2;0.13;1.6;2.5;0;309;81;70;26;95473;1.24;4.53;0.3;0.29
2010;3;29;88;11.8;8;4.4;9.4;6.6;3.8;1.3;1.8;0.13;1.6;2.5;0;335;84;68;29;95182;1.33;3.96;0.3;0.29
2010;3;30;89;17.5;9.9;3.6;7.5;5.4;2.9;-0.6;1.1;0.13;1.6;2.5;0;591;166;122;59;94259;2.02;1.78;0.3;0.29
2010;3;31;90;9.3;6;2.5;4.5;1.4;-0.9;2.9;1.3;0.13;1.6;2.5;0;348;100;97;53;94738;1.58;1.52;0.29;0.29
2010;4;1;91;7.2;3.5;-0.8;1.8;-1.6;-3.5;2.2;1.1;0.13;1.6;2.5;0;463;129;78;62;95522;1.24;0.39;0.29;0.29
2010;4;2;92;8;3.2;-1.7;0.2;-2.4;-3.9;0.2;1.3;0.13;1.6;2.5;0;556;177;118;86;95973;1.59;0.91;0.29;0.29
2010;4;3;93;12.3;6.2;-0.2;3.2;0.7;-3.4;0;2;0.14;1.7;2.5;0.31;514;152;96;56;95648;1.63;1.72;0.29;0.29
2010;4;4;94;10.5;7.2;3.6;4.4;2;-0.3;1.7;1.6;0.13;1.7;2.5;0.21;366;112;76;48;95662;1.48;1.31;0.28;0.29
2010;4;5;95;8.8;5.8;3.1;2.6;0.2;-1.7;2.8;-1.3;0.13;1.7;2.5;0.07;358;119;96;48;96712;1.35;0.43;0.28;0.29
2010;4;6;96;11.7;7;2.6;2;-0.3;-2.1;-1.2;0.5;0.13;1.7;2.5;0;518;162;111;71;96867;1.62;0;0.28;0.29
2010;4;7;97;14.9;8.4;1.6;1.4;-0.7;-2.9;-2.5;0.6;0.13;1.7;2.5;0;659;213;138;103;96440;2.23;0;0.27;0.29
2010;4;8;98;16.9;9.6;0.4;5.1;1.6;-1.1;-0.8;-1.2;0.13;1.7;2.5;0;655;212;144;99;96570;2.23;0;0.27;0.29
2010;4;9;99;13.2;8.6;3.7;5.7;3.1;0.8;0.3;-2.4;0.14;1.7;2.5;0;589;180;109;73;97118;1.81;0;0.27;0.29
2010;4;10;100;8.9;5.5;2.6;2.1;-0.2;-2.1;0.6;-2.5;0.14;1.8;2.5;0;488;154;96;62;96885;1.51;0.31;0.26;0.29
2010;4;11;101;8.2;4.3;1.6;3;1.2;0.2;-1.7;-2.1;0.14;1.8;2.5;0.01;541;176;103;59;96372;1.86;3.12;0.26;0.29
2010;4;12;102;8.5;4.5;1.1;3.1;1.8;0.8;-1.9;-1.2;0.16;1.8;2.5;1.75;342;102;72;29;95950;1.45;6.93;0.26;0.29
2010;4;13;103;11.9;7.3;4.1;7;4.7;3.1;-2.3;-1;0.15;1.8;2.5;0.76;424;125;68;36;95734;2.02;8.23;0.26;0.29
2010;4;14;104;10.6;6.4;2.7;4.8;2.9;1.3;-1.2;-2.5;0.14;1.8;2.5;0.25;539;173;95;65;95646;1.9;1.59;0.27;0.29
2010;4;15;105;7.3;5.2;3.8;4.2;3.5;3;0;-2.1;0.14;1.8;2.5;0.08;222;60;36;21;95885;0.71;0.76;0.27;0.29
2010;4;16;106;13.4;7.3;1.6;3.1;1.7;0.3;-0.1;-2;0.14;1.9;2.5;0.01;595;174;103;75;96197;1.89;0.01;0.26;0.29
2010;4;17;107;13.6;7.1;-0.8;2.3;0.3;-1.9;-1.3;-0.5;0.14;1.9;2.5;0;693;233;142;102;96389;2.33;0;0.26;0.29
2010;4;18;108;15.8;10.1;2.5;5.3;1.8;-1.3;-1.6;0.2;0.14;1.9;2.5;0;669;214;128;87;95706;2.36;0;0.26;0.29
2010;4;19;109;16.8;11;5.1;5.5;2.9;0.4;0.5;-0.9;0.14;1.9;2.5;0;647;211;135;90;95658;2.52;0.02;0.25;0.29
2010;4;20;110;14.5;9.9;4.2;5.8;2.8;0.7;1.8;-0.4;0.14;1.9;2.5;0;571;204;121;85;95722;2.35;0.27;0.25;0.29
2010;4;21;111;9.3;5.8;1.6;2.1;-0.7;-2.1;3.1;-1.3;0.14;2;2.5;0;605;184;110;83;95875;1.94;0.55;0.25;0.29
2010;4;22;112;9.9;4.6;-1.5;-1.4;-3;-4.5;0.2;-0.8;0.14;2;2.5;0;695;230;130;101;95979;2.1;0;0.24;0.29
2010;4;23;113;14.1;7.7;-0.1;1.4;-1.3;-4.2;-2.1;-0.5;0.14;2;2.5;0;709;243;142;103;95866;2.48;0;0.24;0.29
2010;4;24;114;17.3;10.5;1.3;3.7;1.3;-0.6;-2.1;-0.2;0.14;2;2.5;0;706;243;143;101;96352;2.8;0;0.24;0.29
2010;4;25;115;19.5;13.4;6.3;5.8;3.5;1.6;-2.4;0.1;0.14;2;2.5;0;697;237;133;98;96662;2.92;0;0.23;0.29
2010;4;26;116;16.3;11.5;6.2;8.8;5.5;4;1.7;-0.2;0.14;2.1;2.5;0;589;175;109;72;96614;2.31;1.76;0.23;0.29
2010;4;27;117;15.5;10.8;5.2;6.8;4.6;3.3;0.7;-1.4;0.15;2.1;2.5;0;529;168;110;75;96939;1.95;0.01;0.23;0.29
2010;4;28;118;17.9;11.9;3.5;8.5;4.8;3;-0.7;0.4;0.15;2.1;2.5;0;682;240;135;94;96901;2.63;0;0.22;0.29
2010;4;29;119;22.1;15.1;6.5;9.7;6;3.6;-0.2;2;0.15;2.1;2.5;0;683;235;126;88;96053;2.92;0;0.22;0.29
2010;4;30;120;21.2;15.8;11.5;10.5;8.4;4.9;2.8;1;0.15;2.1;2.5;0;670;208;110;67;95524;2.76;2.57;0.22;0.29
2010;5;1;121;16.4;12.4;9.2;10.4;9.4;8.2;1.9;0.5;0.15;2.2;2.5;0;442;141;76;44;95515;2.03;2.71;0.22;0.29
2010;5;2;122;14.3;11;8.5;9.6;8.6;7.9;0.5;-0.1;0.15;2.2;2.5;0;402;111;68;38;95365;1.71;3.95;0.22;0.29
2010;5;3;123;13.7;10.4;7.7;10.3;7.3;4.6;1.5;-0.5;0.15;2.2;2.5;0;417;154;84;49;95398;2.05;2.25;0.22;0.29
2010;5;4;124;10.8;8.6;6.5;6.4;5.9;4.8;-2.2;-2.2;0.15;2.2;2.5;0;171;55;61;21;95836;1.18;2.19;0.22;0.29
2010;5;5;125;9.3;6.8;4.6;4.3;3.2;1.5;-4.1;-2.8;0.15;2.2;2.5;0;380;101;38;22;95547;1.47;0.62;0.22;0.28
2010;5;6;126;9.2;7.1;4.3;9;6.4;3.3;-0.4;-0.2;0.15;2.2;2.5;0;63;22;16;7;94467;0.6;11.31;0.22;0.28
2010;5;7;127;9.6;6.6;4;3.4;2.6;2;1.8;1.6;0.15;2.3;2.5;0;401;125;71;38;95000;2.04;1.74;0.23;0.28
2010;5;8;128;14;9.2;2.2;6.2;3.4;1.2;0.3;-0.3;0.15;2.3;2.5;0;506;164;99;65;95348;1.93;0.01;0.22;0.28
2010;5;9;129;15.2;10.5;4.2;9.3;6.6;2.8;-0.2;0.5;0.15;2.3;2.5;0;513;189;106;64;95243;2.23;4.21;0.22;0.28
2010;5;10;130;14.7;10.8;6.6;9.1;8;6.4;0.3;0;0.15;2.3;2.5;0;505;160;79;47;95048;2.36;3.84;0.22;0.28
2010;5;11;131;18.5;13.1;7.7;10.8;8.9;7.3;-1.8;0;0.15;2.3;2.5;0;585;196;107;57;94930;2.91;15.34;0.22;0.28
2010;5;12;132;14.2;11.2;7.8;10.2;6.7;4.9;2.3;-0.4;0.15;2.4;2.5;0;470;172;99;54;95111;2.45;0.94;0.24;0.28
2010;5;13;133;11;8.5;6;7.5;5.8;4.3;-0.6;-2.4;0.15;2.4;2.5;0;200;71;68;28;95264;1.59;5.45;0.23;0.28
2010;5;14;134;8.9;7;5.5;6.6;4.9;4;-0.3;-1.7;0.15;2.4;2.5;0;220;69;25;17;95288;1.98;7.69;0.24;0.28
2010;5;15;135;10.6;7.3;4.7;4.6;3.3;1.9;1.1;-2.2;0.15;2.4;2.5;0;436;130;52;32;95240;2.19;1.78;0.24;0.28
2010;5;16;136;12;8.2;4;2.8;2;0.1;3.1;-1.7;0.15;2.4;2.5;0;350;141;71;54;95674;2.08;0.55;0.24;0.28
2010;5;17;137;13.5;10;5.6;6.1;3.6;2.1;2.9;-1.4;0.16;2.4;2.5;0;484;166;93;58;96262;2.29;0.32;0.24;0.28
2010;5;18;138;11.2;8.4;6.2;6.3;3.5;1.2;2.4;-2.2;0.16;2.5;2.5;0;540;173;89;50;96577;2.79;3.77;0.24;0.28
2010;5;19;139;6.5;6;5.1;6.5;4.6;2.6;3;-0.5;0.16;2.5;2.5;0;117;39;49;18;96502;0.95;9.56;0.24;0.28
2010;5;20;140;13.3;10.2;6.8;10.4;9.1;6.7;0.9;-1.7;0.16;2.5;2.5;0;238;55;24;8;96790;0.96;1.53;0.24;0.28
2010;5;21;141;16;12.4;9.3;9.9;9;8.3;0.3;-2.1;0.16;2.5;2.5;0;301;113;69;30;96957;1.8;0.46;0.24;0.28
2010;5;22;142;19;14.1;6.8;9.9;8.3;5.8;0.2;-1.8;0.16;2.5;2.5;0;614;226;106;79;96680;3.23;0.44;0.24;0.28
2010;5;23;143;19.3;14.8;10.4;10.6;9.8;8.5;0.4;-2;0.16;2.5;2.5;0;525;178;84;58;96402;2.78;0.45;0.24;0.28
2010;5;24;144;20.9;16;8.8;12.4;10.2;8;2.9;-0.2;0.16;2.5;2.5;0;583;216;96;72;95784;3.32;0.42;0.24;0.28
2010;5;25;145;19.7;15.4;10.4;12.8;10.2;8.6;1.6;-0.8;0.16;2.6;2.5;0;610;206;96;68;95498;2.98;1.64;0.23;0.28
2010;5;26;146;17.3;13.4;10.1;13.3;11;8.8;-0.4;0.5;0.16;2.6;2.5;0;423;113;71;40;95214;1.93;14.16;0.24;0.28
2010;5;27;147;16.9;13.4;9.2;13.4;11.6;8.9;1.7;0.5;0.16;2.6;2.5;0;489;139;67;39;95277;2.49;7.38;0.25;0.28
2010;5;28;148;17.2;13.1;8.2;13.3;10.4;8.1;1.4;0.6;0.16;2.6;2.5;0;461;173;78;53;95736;2.96;6.73;0.25;0.28
2010;5;29;149;18.3;13.8;7.4;10.2;8;6.7;-0.6;0.3;0.16;2.6;2.5;0;509;194;97;68;96156;2.91;1.43;0.25;0.28
2010;5;30;150;16.6;12.5;9.3;11.9;9.8;7.9;2.4;1.3;0.16;2.6;2.5;0;530;146;86;41;95301;3.03;16.96;0.25;0.28
2010;5;31;151;12.9;9.6;5.9;8.2;6.7;4.7;3.9;-1.1;0.16;2.6;2.5;0;563;176;72;42;95371;2.89;2.86;0.26;0.28
2010;6;1;152;10.9;9.7;8.1;8.7;7.9;6.5;2.7;-2;0.16;2.6;2.5;0;177;45;16;11;95604;1.67;6.75;0.26;0.28
2010;6;2;153;11.3;10.1;8.9;10.1;8.5;7.4;1.3;-3.6;0.16;2.7;2.5;0;152;40;13;7;95596;1.39;5.95;0.26;0.28
2010;6;3;154;14.8;11.8;9.3;10.5;9.3;8.1;-0.7;-3.2;0.16;2.7;2.5;0;139;47;53;15;95932;1.69;11.69;0.28;0.28
2010;6;4;155;19.9;14.5;8;11;8.9;6.9;-0.1;-1.9;0.16;2.7;2.5;0;742;277;127;96;96336;3.85;0;0.27;0.28
2010;6;5;156;23.2;17;8.1;14;11;7.3;-0.8;0.6;0.16;2.7;2.5;0;720;272;120;91;96418;4.07;0;0.27;0.28
2010;6;6;157;25.2;19.3;10.7;15.7;11.9;8.9;0;1.4;0.16;2.7;2.5;0;728;265;122;81;95843;4.38;0.62;0.27;0.27
2010;6;7;158;20.8;17.4;13.2;15;12.1;9.8;2.7;0.1;0.16;2.7;2.5;0;658;229;104;64;95639;4.08;1.58;0.26;0.27
2010;6;8;159;24.3;18.6;11.7;16.3;12.8;9.5;-0.2;0.7;0.16;2.7;2.5;0;658;213;94;57;95405;3.68;0.64;0.26;0.27
2010;6;9;160;26.8;20.9;13.3;17.6;15.4;12.8;-2;0;0.16;2.8;2.5;0;699;256;106;72;95258;4.36;0.2;0.25;0.27
2010;6;10;161;28.8;23.2;17.2;18.8;16.9;15.3;-1.4;0.6;0.16;2.8;2.6;0;679;234;109;75;95167;4.13;0;0.25;0.27
2010;6;11;162;24.8;21.2;17.1;16.6;14.6;12.5;1.9;0.2;0.16;2.8;2.6;0;619;250;106;77;95323;4.28;0;0.25;0.27
2010;6;12;163;22.9;18.8;14.9;15.8;14.2;12.5;1.4;-0.7;0.16;2.8;2.6;0;510;160;74;48;95485;2.72;0.51;0.24;0.27
2010;6;13;164;18.7;15.6;12.2;12.2;10.6;9.5;-1;-1.2;0.16;2.8;2.6;0;545;142;65;44;95789;2.48;1.64;0.24;0.27
2010;6;14;165;16.4;14.2;11.6;11.6;10.6;9.5;-1.5;-0.9;0.16;2.8;2.6;0;297;90;61;28;95836;2.24;3.19;0.24;0.27
2010;6;15;166;18.5;15.7;13.2;12;10.6;9;-2.6;-1.3;0.16;2.8;2.6;0;310;112;70;39;96219;2.04;0.01;0.24;0.27
2010;6;16;167;17.5;14.6;10.9;8.7;7.1;6;-3.9;-1.8;0.16;2.8;2.6;0;497;177;79;63;96192;2.97;0;0.23;0.27
2010;6;17;168;19.3;15.8;11.1;11.9;9.6;6.1;-4;-0.9;0.16;2.8;2.6;0;568;183;83;48;95902;3.03;1.13;0.23;0.27
2010;6;18;169;16.9;14.6;11.9;13;11.4;9.4;-0.3;-1.9;0.16;2.8;2.6;0;356;101;58;27;95301;2.43;10.27;0.24;0.27
2010;6;19;170;14.3;11.9;9.5;9.1;5.5;2.7;1.7;-1.3;0.16;2.8;2.6;0;555;173;80;53;95079;2.98;0.83;0.24;0.27
2010;6;20;171;14.1;11.5;8.5;6.7;5.5;4.5;-0.1;-1.9;0.16;2.8;2.6;0;465;144;66;49;95488;2.46;0.98;0.23;0.27
2010;6;21;172;15.5;11.6;7.2;7.2;6;5.2;-0.1;-2.4;0.16;2.8;2.6;0;481;183;83;68;96123;2.72;0.78;0.23;0.27
2010;6;22;173;16.9;13.1;7.8;8.2;6.6;5.3;-0.4;-2.2;0.16;2.8;2.6;0;497;183;95;68;96532;2.8;0.35;0.23;0.27
2010;6;23;174;18.4;14.5;8.4;10;8.2;6.9;-0.6;-1.4;0.16;2.8;2.5;0;480;161;102;57;96552;2.5;0.11;0.23;0.27
2010;6;24;175;22.3;16.7;9.6;10.8;8.7;6.9;0;-1.4;0.16;2.8;2.5;0;640;229;104;74;96242;3.58;0;0.22;0.27
2010;6;25;176;22.6;17.8;12.6;14.7;11.8;8.8;0.5;-1.1;0.16;2.8;2.5;0;533;206;94;66;95993;3.18;1.67;0.22;0.27
2010;6;26;177;22.5;17.8;12.6;13.6;11.9;10.2;-0.9;-1.8;0.15;2.7;2.5;0;594;217;105;69;96088;3.56;0.61;0.22;0.27
2010;6;27;178;24.2;19.2;13.2;12.6;11.1;9.8;-1.7;-0.4;0.15;2.7;2.5;0;629;230;112;77;96357;3.69;0;0.22;0.27
2010;6;28;179;25.7;20;12.4;14.3;11.1;9.3;-1.2;0.1;0.15;2.7;2.5;0;690;245;115;82;96362;3.81;0;0.21;0.27
2010;6;29;180;27;21.5;14.5;13.7;11.6;10;-0.1;-0.8;0.15;2.7;2.5;0;604;225;110;71;96243;3.67;0;0.21;0.27
2010;6;30;181;25.5;20.7;16.3;15.3;13.9;11.9;-0.3;-1.5;0.15;2.7;2.5;0;667;221;108;72;96313;3.54;1.21;0.2;0.27
2010;7;1;182;26.2;21.2;13.9;16.9;13.4;10.8;-0.3;-0.5;0.15;2.7;2.5;0;558;225;103;74;96205;3.41;0.08;0.2;0.27
2010;7;2;183;29;23.1;14.8;15.7;13.2;11.5;-1.4;0.3;0.15;2.7;2.5;0;709;268;135;89;96200;4.05;0;0.2;0.27
2010;7;3;184;29.6;24.1;16.2;17.1;14.5;12.8;-1;-0.1;0.15;2.7;2.5;0;610;239;115;80;96192;3.67;0;0.19;0.27
2010;7;4;185;28.3;22.5;17.4;18.8;16.7;15;0.7;-1;0.15;2.7;2.5;0;642;220;92;64;96197;3.4;9.01;0.19;0.27
2010;7;5;186;25.1;20.6;16.8;18.1;16.4;15.1;1.2;-1.1;0.15;2.7;2.5;0;613;206;91;56;96224;3.68;5.64;0.2;0.27
2010;7;6;187;19.1;16.7;12.9;15.5;11.3;7;1.9;-1.8;0.15;2.7;2.5;0;533;185;92;61;96460;3.47;3.34;0.2;0.27
2010;7;7;188;20.3;16.4;11.1;10.9;8.4;7.2;0.4;-0.6;0.15;2.7;2.5;0;492;186;99;72;96706;2.81;0.17;0.2;0.27
2010;7;8;189;25.3;19.3;11.1;13.6;10.6;8.8;-0.5;1;0.15;2.6;2.5;0;736;276;133;92;96614;3.99;0.01;0.2;0.26
2010;7;9;190;29.3;22.8;14.2;14.4;12.4;10.9;-0.9;1.3;0.15;2.6;2.5;0;734;276;135;93;96533;4.17;0;0.19;0.26
2010;7;10;191;31.2;25.1;17.1;16.1;14.4;13.6;-1.1;1.1;0.15;2.6;2.5;0;715;261;120;81;96442;4.11;0.02;0.19;0.26
2010;7;11;192;32.3;26.1;17.7;16.9;13.9;11.3;-0.9;0.4;0.15;2.6;2.5;0;726;270;138;92;96198;4.06;0;0.18;0.26
2010;7;12;193;32.8;25.8;18.3;18.6;15.5;12.7;0.1;0.5;0.15;2.6;2.5;0;713;257;127;79;95877;4.04;2.51;0.18;0.26
2010;7;13;194;27.3;22.8;17.9;18.1;15.4;13.8;1.5;-0.2;0.15;2.6;2.5;0;655;235;104;74;95753;3.73;0.86;0.18;0.26
2010;7;14;195;30.3;24.9;16.9;17;15.5;14.7;-0.7;0.9;0.15;2.6;2.5;0;642;236;111;78;95559;3.5;0;0.18;0.26
2010;7;15;196;25.1;22;19.5;17.6;15.7;13.9;1.7;-0.2;0.15;2.6;2.5;0;448;157;76;50;95950;2.71;1.6;0.17;0.26
2010;7;16;197;31.1;24.5;16.6;18.1;16.3;15;-0.5;0.2;0.15;2.6;2.5;0;701;259;118;77;96106;3.59;0.35;0.17;0.26
2010;7;17;198;27.4;21.8;16.1;17.9;16.1;14.4;0.9;-1.2;0.15;2.6;2.5;0;488;166;89;51;96221;3.12;12.03;0.17;0.26
2010;7;18;199;22.2;18.5;15.5;14.4;11.1;8;-0.1;-1.8;0.15;2.6;2.5;0;654;204;104;67;96893;3.44;0.17;0.18;0.26
2010;7;19;200;23.5;18.6;12.6;12.2;10.1;8.2;-1.9;-0.1;0.15;2.5;2.5;0;676;236;116;83;96738;3.34;0;0.18;0.26
2010;7;20;201;24.7;20.2;13.3;14.9;11.8;10.1;-1.9;0.1;0.15;2.5;2.5;0;579;206;104;68;96089;2.98;0;0.17;0.26
2010;7;21;202;29.5;23.9;17;16.6;14.9;13.3;-0.1;0.9;0.15;2.5;2.5;0;722;251;124;84;95563;3.61;0;0.17;0.26
2010;7;22;203;29.3;23.2;18.2;18.2;16.2;15.1;0.8;-1.1;0.15;2.5;2.5;0;669;221;106;61;95750;3.56;9.4;0.17;0.26
2010;7;23;204;23.1;18.5;15.2;17.5;15.5;14.2;1.7;-1.9;0.15;2.5;2.5;0;539;136;66;32;95892;3.25;32.94;0.18;0.26
2010;7;24;205;17.9;15.4;13.4;14.2;11.8;6.8;2.8;-2.1;0.15;2.5;2.5;0;298;89;79;35;95995;2.5;19.1;0.22;0.26
2010;7;25;206;18.6;14.7;10.3;8.7;5.8;4;1.9;-1.3;0.15;2.5;2.5;0;649;222;105;79;95930;3.42;0;0.22;0.26
2010;7;26;207;18.9;15.2;12.6;13.3;11.5;8.8;1.1;0.3;0.15;2.5;2.5;0;541;154;81;48;95731;2.48;7.69;0.22;0.26
2010;7;27;208;19.6;15.7;12.2;14.1;12.8;12;0.8;-0.2;0.15;2.5;2.5;0;546;158;90;49;95976;2.79;4.86;0.22;0.26
2010;7;28;209;18.8;15.6;12.3;14.4;13.1;11;2.7;0.4;0.15;2.5;2.5;0;415;125;75;46;95959;2.1;3.27;0.22;0.26
2010;7;29;210;17.5;15;12.7;14.9;12.6;10.3;2;0.4;0.15;2.5;2.5;0;491;127;74;36;95475;2.58;8.91;0.23;0.26
2010;7;30;211;19;15.3;11.2;13.3;11.7;10.1;1.3;-0.6;0.15;2.4;2.5;0;603;191;85;58;95894;2.89;2.77;0.23;0.26
2010;7;31;212;21.7;17.6;11.3;13;10.8;9.8;0.1;1.1;0.15;2.4;2.5;0;590;209;102;72;96186;3.28;0.06;0.23;0.26
2010;8;1;213;25.2;20.2;13.7;14.6;12.7;10.8;-0.1;2;0.15;2.4;2.5;0;662;220;99;70;96052;3.69;0;0.23;0.26
2010;8;2;214;22.9;18.7;16.1;17.1;15.8;13.1;1.1;0.6;0.15;2.4;2.5;0;533;139;67;39;95886;2.67;14.86;0.23;0.26
2010;8;3;215;18.6;15.9;11.8;15.8;13.5;10.5;1.9;-0.9;0.15;2.4;2.5;0;448;138;82;47;95764;2.78;9.1;0.24;0.26
2010;8;4;216;19.7;15.7;10.4;13.5;10.7;9.4;0.5;1.2;0.15;2.4;2.5;0;543;168;86;65;95647;2.6;0.19;0.24;0.25
2010;8;5;217;19.9;16.2;12.5;14.4;12.3;9.6;-0.6;0.3;0.15;2.4;2.5;0;397;134;68;45;95241;2.3;8.57;0.24;0.25
2010;8;6;218;15.2;14.4;13.8;15;13.9;13;0.4;-2.9;0.15;2.4;2.5;0;81;26;13;7;95712;0.99;33.42;0.26;0.25
2010;8;7;219;19.2;15.6;12.9;13;12;9.8;2.3;-1.7;0.15;2.4;2.5;0;341;98;67;28;96118;2.31;8.81;0.28;0.25
2010;8;8;220;20.4;16.3;11.9;15;12.3;9.4;1.3;1.2;0.15;2.4;2.5;0;496;166;92;58;96070;2.75;7.29;0.28;0.25
2010;8;9;221;20.5;16.7;13.1;13.5;12.2;10.4;1.7;0;0.15;2.3;2.5;0;563;179;88;51;96173;3.11;0.86;0.28;0.26
2010;8;10;222;22;18;12.5;14.6;12.8;10.8;0.1;0.6;0.15;2.3;2.5;0;542;181;86;65;96112;2.82;0.8;0.28;0.26
2010;8;11;223;21.1;17.9;12.7;15.9;14.2;11.3;0.1;0.7;0.15;2.3;2.5;0;324;133;67;52;95969;2.13;2.19;0.28;0.26
2010;8;12;224;19.7;16.7;13.9;17.5;15.3;13.2;0.1;0.2;0.15;2.3;2.5;0;279;74;70;38;95766;1.14;14.68;0.29;0.26
2010;8;13;225;18.9;16;13.8;15.2;14.1;13.3;-0.1;-0.8;0.15;2.3;2.5;0;228;75;43;24;96035;1.4;5.84;0.29;0.26
2010;8;14;226;22.2;17.3;13.1;13.4;12.4;11.4;-1.2;-2.2;0.15;2.3;2.5;0;648;204;116;62;95976;3.49;1.69;0.29;0.26
2010;8;15;227;21.7;18.4;14.6;17.4;14.4;10.6;0;0.3;0.14;2.3;2.5;0;464;157;91;53;95458;3.02;3.41;0.29;0.26
2010;8;16;228;17.4;14.5;12.6;11.4;10.2;9;1.9;2.6;0.14;2.3;2.5;0;428;135;70;48;95661;2.48;1.99;0.29;0.26
2010;8;17;229;13.8;12.8;11.7;13.4;12;10.8;3.2;1.8;0.14;2.3;2.5;0;108;30;32;9;95475;1.38;10.79;0.29;0.26
2010;8;18;230;16.8;14.4;12.2;13.5;12;10.4;2.7;1.8;0.14;2.3;2.5;0;260;84;50;28;95490;1.95;3.37;0.29;0.26
2010;8;19;231;18.2;15.2;12.4;13;10.6;8.3;2.1;0.1;0.14;2.3;2.5;0;458;148;93;52;96072;2.59;1.21;0.29;0.26
2010;8;20;232;23;17.4;9.3;13.9;11;7.5;-0.6;0.3;0.14;2.3;2.5;0;662;224;119;81;96604;3.2;0;0.29;0.26
2010;8;21;233;25.5;20.4;12.9;16.8;14.2;11.1;0.6;0.6;0.14;2.3;2.5;0;646;218;111;76;96798;3.33;0;0.28;0.26
2010;8;22;234;26.3;21.3;14.7;18.7;16.2;13;0.7;1.1;0.14;2.2;2.5;0;584;192;93;61;96247;3.11;1.06;0.28;0.26
2010;8;23;235;24.6;20.3;15.4;18.8;16.6;14.7;1.5;2.2;0.14;2.2;2.5;0;457;143;65;50;95358;2.76;5.09;0.28;0.26
2010;8;24;236;19.3;17.1;14.6;16.9;14.1;7.7;3.3;0.9;0.14;2.2;2.5;0;291;90;77;36;95473;2.29;8.27;0.28;0.26
2010;8;25;237;18.4;14.7;11.5;10;8.1;6.6;2.9;0.8;0.14;2.2;2.5;0;438;148;84;68;96156;2.47;0.01;0.28;0.26
2010;8;26;238;24.4;18.7;12.3;16.9;13.8;8.9;1.7;1.7;0.14;2.2;2.5;0;402;118;66;32;95679;2.2;2.02;0.28;0.26
2010;8;27;239;20.6;18.3;15;17.3;15.4;13;3.5;1.7;0.14;2.2;2.5;0;437;98;68;32;94963;2.86;9.54;0.28;0.26
2010;8;28;240;15.2;12.9;10.3;12.8;8.3;5.1;2.9;-1.7;0.14;2.2;2.5;0;485;143;92;50;95732;2.86;2.73;0.28;0.26
2010;8;29;241;14.9;11.5;9;11;8.9;7.2;3;1.4;0.14;2.2;2.5;0;469;133;73;46;95794;2.65;10.09;0.28;0.27
2010;8;30;242;11.6;9;7.8;8.3;6.9;5.9;3.3;0.2;0.14;2.2;2.5;0;421;82;68;34;95254;2.63;15.79;0.29;0.27
2010;8;31;243;14;10.9;8.3;10.5;7.5;4.5;1.8;-2.7;0.14;2.2;2.5;0;423;120;95;45;96124;2.02;1.67;0.3;0.27
2010;9;1;244;14.5;11.2;7.6;9.2;7.3;4.4;1.3;-1.8;0.14;2.2;2.5;0;328;102;78;44;96223;1.53;0.89;0.29;0.27
2010;9;2;245;15.5;12.3;8.4;9.7;8.7;7.9;0.9;-1.3;0.14;2.2;2.5;0;322;97;51;38;96191;1.56;1.25;0.29;0.27
2010;9;3;246;16.5;12.8;8.2;9.7;8.5;7.8;-0.4;-0.9;0.14;2.2;2.5;0;475;118;80;48;96316;1.77;0.58;0.29;0.27
2010;9;4;247;15.3;11.7;8.2;9.4;7.9;6.1;-1.3;-0.8;0.14;2.2;2.5;0;398;105;92;55;96297;1.62;1.24;0.29;0.27
2010;9;5;248;15.4;11.1;6.5;8.1;5.6;4.5;-2.3;-0.4;0.14;2.2;2.5;0;477;148;88;72;96517;2.07;0.3;0.28;0.27
2010;9;6;249;15.9;11.4;7.1;6.7;4.8;3.2;-2.9;0;0.14;2.2;2.5;0;584;182;113;91;96268;2.44;0;0.28;0.27
2010;9;7;250;17.1;12;7.6;9.1;6.9;4.2;-3.6;0.4;0.14;2.2;2.5;0;580;156;106;61;95439;2.23;1.32;0.27;0.27
2010;9;8;251;18.1;13.3;9.9;12.1;10.7;9;-2.9;0.5;0.14;2.2;2.5;0;493;117;55;30;95149;1.99;6.27;0.27;0.27
2010;9;9;252;15.9;12.8;10.1;12.5;11;9.3;2.3;1;0.14;2.2;2.5;0;351;102;71;46;95861;1.59;2.19;0.28;0.27
2010;9;10;253;17.1;13.5;10.6;12;10.9;10.2;1.6;0.1;0.14;2.2;2.5;0;426;122;84;48;96542;1.82;1.22;0.27;0.27
2010;9;11;254;19.3;14.3;7.9;12.4;10;7.7;-0.3;0.2;0.14;2.2;2.5;0;536;144;103;58;96538;2;0.07;0.27;0.27
2010;9;12;255;20.5;14.8;7.6;12.4;9.9;7;-1.1;0.4;0.14;2.1;2.5;0;555;162;102;68;96339;2.17;0;0.27;0.27
2010;9;13;256;14.5;12.8;9.5;12;9.9;7.5;1;-1.4;0.14;2.1;2.5;0;185;49;70;30;96630;1.19;2.12;0.27;0.27
2010;9;14;257;13.5;11.5;7.8;10.7;9.1;6.6;2.2;2;0.14;2.1;2.5;0;178;40;60;27;96531;0.91;1.21;0.27;0.27
2010;9;15;258;13;12.2;10.1;12.5;10.7;8.8;3.1;2;0.14;2.1;2.5;0;58;19;57;26;95639;0.76;5.89;0.27;0.27
2010;9;16;259;14.5;11.5;9.1;9.3;7.8;6.8;3.3;1.3;0.14;2.1;2.5;0;351;105;71;54;95523;1.91;1.08;0.27;0.27
2010;9;17;260;14;10.5;7.9;9.9;6.5;4.5;2.5;0.6;0.14;2.1;2.5;0;446;117;102;63;95697;1.56;0.54;0.27;0.27
2010;9;18;261;13.4;9.2;4.4;7;4.4;3.1;1.7;-0.4;0.14;2.1;2.5;0;441;128;87;68;96040;1.56;0.18;0.27;0.27
2010;9;19;262;13;9;4.7;6.2;4.2;2.9;1.2;0.1;0.14;2.1;2.5;0;475;116;101;64;96210;1.33;0;0.26;0.27
2010;9;20;263;16.9;10.9;4.5;8.8;6.5;3.1;0.5;1.8;0.14;2.1;2.5;0;508;149;101;74;96237;1.7;0;0.26;0.27
2010;9;21;264;18.8;13.1;8.5;10.6;8.3;6.6;-0.1;-0.3;0.13;2;2.5;0;551;163;125;82;96459;1.83;0;0.26;0.27
2010;9;22;265;20.6;13.8;6.8;11;8.8;5.8;-1.8;0.1;0.13;2;2.5;0;538;166;120;84;96545;1.93;0;0.26;0.27
2010;9;23;266;20.7;14.2;6.7;13.6;10.7;6.2;-0.9;1.2;0.13;2;2.5;0;531;158;115;81;95918;1.67;0;0.25;0.27
2010;9;24;267;21.1;15.2;11.3;14.7;12.6;10.6;0.2;1;0.13;2;2.5;0;497;132;101;61;94898;1.63;5.82;0.25;0.27
2010;9;25;268;12.6;10.6;7.9;11.7;10;7;1.1;-1.6;0.13;2;2.5;0;73;20;17;11;94672;0.99;14.97;0.26;0.27
2010;9;26;269;10.3;8.4;6.9;6.8;4.9;2.9;2.7;-0.8;0.13;2;2.5;0;214;59;55;29;95154;1.22;0.43;0.27;0.27
2010;9;27;270;10.3;8.3;6.8;6;5;3.7;3.6;-0.1;0.13;1.9;2.5;0;247;60;44;26;95357;0.98;2.71;0.27;0.27
2010;9;28;271;8.8;8;7.2;8.6;7.4;6.3;3.1;-0.1;0.13;1.9;2.5;0;54;14;11;4;95751;0.78;12.99;0.28;0.27
2010;9;29;272;11.5;8.8;6.2;8.2;5.6;3.8;0;-1.4;0.13;1.9;2.5;0;364;85;76;40;96187;1.36;1.28;0.28;0.27
2010;9;30;273;11.7;8.4;4.3;5.6;4.1;2.6;-0.9;0.1;0.13;1.9;2.5;0;396;86;84;48;96118;1;0.07;0.28;0.27
2010;10;1;274;10.7;9.1;7.3;8.4;6.7;3.8;-1.1;1.4;0.13;1.9;2.5;0;140;34;37;15;95913;0.73;1.34;0.28;0.27
2010;10;2;275;12.3;10.6;8.4;10.4;9;7.7;-1;1.9;0.13;1.9;2.5;0;122;33;33;18;96014;0.55;0.67;0.28;0.27
2010;10;3;276;17.9;12.6;9.1;11.4;9.3;7.2;-2.7;0.8;0.13;1.8;2.5;0;460;128;97;64;95714;1.46;0.12;0.27;0.27
2010;10;4;277;17.1;11.6;8.3;10.5;8.5;7.1;-3.1;0.5;0.13;1.8;2.5;0;475;130;106;72;95136;1.33;0;0.27;0.27
2010;10;5;278;16;12.3;9.5;12.8;10.6;8.3;-0.7;0.6;0.13;1.8;2.5;0;315;64;48;28;95344;0.68;3.78;0.27;0.27
2010;10;6;279;15.9;12.9;10.5;11.8;10.8;9.9;-1.7;0.7;0.13;1.8;2.5;0;255;62;33;20;95970;0.95;0.07;0.27;0.27
2010;10;7;280;15;12.6;10.5;10.5;10.1;9.4;-1.9;-0.1;0.13;1.8;2.5;0;210;54;42;20;96511;0.74;0.05;0.27;0.27
2010;10;8;281;16.5;11.6;7.9;8.9;6.5;4;-3.2;0.3;0.13;1.8;2.5;0;457;122;116;86;96513;1.43;0;0.27;0.27
2010;10;9;282;15.6;10.4;7.2;4.4;3.6;2;-3.9;0;0.13;1.7;2.5;0;449;122;112;90;96332;1.56;0;0.27;0.27
2010;10;10;283;14.1;9;5.2;2.7;1.4;-0.6;-3.6;-0.7;0.13;1.7;2.5;0;475;131;128;103;95831;1.56;0;0.26;0.27
2010;10;11;284;14.3;8.8;5.2;2.5;1.2;-0.1;-3.1;-1.3;0.13;1.7;2.5;0;468;129;126;101;95772;1.53;0;0.26;0.27
2010;10;12;285;13.7;7.7;3.5;4.2;2.8;0.8;-2.1;-1.3;0.13;1.7;2.5;0;468;127;126;94;95854;1.18;0;0.26;0.27
2010;10;13;286;10.3;6.1;3;5.6;3.8;2;-2.4;-0.9;0.13;1.7;2.5;0;388;99;112;73;95832;0.68;0;0.26;0.27
2010;10;14;287;11;5.3;-0.1;4.5;2.6;-0.2;0;-1.2;0.13;1.7;2.5;0;456;112;126;73;95750;0.83;0.02;0.26;0.27
2010;10;15;288;8.1;6.5;4.7;6.2;5.4;3.6;1.3;0;0.13;1.7;2.5;0;94;21;27;12;95593;0.43;2.43;0.26;0.27
2010;10;16;289;6.7;6.1;5.5;5.6;5.1;4.5;0.5;0.7;0.13;1.6;2.5;0;89;22;18;13;95317;0.76;8.96;0.26;0.27
2010;10;17;290;8.9;6.2;3.6;4.7;2.4;-0.7;-2.4;-1.7;0.13;1.6;2.5;0;304;73;96;47;95990;1.13;0.48;0.26;0.27
2010;10;18;291;8.5;4.8;0.7;2.9;0.8;-1.8;-0.1;-0.4;0.13;1.6;2.5;0;285;74;69;54;96207;0.62;0.05;0.26;0.27
2010;10;19;292;5.5;4.3;2.9;4.9;2.9;0.8;2.4;2;0.12;1.6;2.5;0;103;26;58;20;95317;0.8;6.52;0.26;0.27
2010;10;20;293;4.6;3.6;1.8;4.3;2.9;0.8;3;0.1;0.12;1.6;2.5;0;165;36;57;23;95180;0.84;2.71;0.27;0.27
2010;10;21;294;4.6;2;-0.2;0.7;-1.4;-3.3;3.5;0.4;0.13;1.6;2.5;0.07;259;67;91;59;96517;0.91;0.53;0.27;0.27
2010;10;22;295;5.1;1.2;-2.7;-0.3;-1.8;-4.1;1.2;1.3;0.12;1.6;2.5;0.09;384;83;99;68;96453;0.53;0;0.26;0.27
2010;10;23;296;9.2;4.2;-2.1;5.9;2.4;-2.9;0.5;2.5;0.12;1.6;2.5;0.06;325;77;82;52;95631;0.47;1.37;0.26;0.27
2010;10;24;297;7.8;5.7;1.4;6.1;4;0.6;2.8;1.2;0.12;1.6;2.5;0;252;61;80;40;95312;1.23;5.18;0.27;0.27
2010;10;25;298;5.3;2.7;0.5;1.7;0.1;-0.8;0.3;-2.1;0.12;1.6;2.5;0;144;39;79;42;96201;0.38;0.03;0.27;0.27
2010;10;26;299;6.5;2.2;-2.3;1.9;0;-2.9;1.3;-0.8;0.12;1.6;2.5;0;260;61;77;50;96959;0.44;0.17;0.27;0.27
2010;10;27;300;7.1;3.2;-1.9;2.4;0.6;-2.2;0;1.7;0.12;1.6;2.5;0;304;71;83;41;96904;0.52;0;0.26;0.27
2010;10;28;301;10.1;6.3;4;2.1;1.2;0.2;1;1.6;0.12;1.6;2.5;0;300;62;82;36;96549;0.68;0;0.26;0.27
2010;10;29;302;13.1;6.9;1.6;6;3.1;0.5;-1.2;1.8;0.12;1.6;2.5;0;367;90;107;72;95950;0.72;0;0.26;0.27
2010;10;30;303;14;7.3;2.3;7.1;3.8;0.7;-1.6;0.8;0.12;1.6;2.5;0;359;87;105;72;95232;0.68;0;0.26;0.27
2010;10;31;304;13.8;8.3;4.6;6.6;4.1;1.5;-2.1;0.7;0.12;1.6;2.5;0;350;80;103;59;94848;0.74;0.4;0.26;0.27
2010;11;1;305;14.7;9.5;5.3;9.3;6.9;4.7;-0.6;-0.2;0.12;1.6;2.5;0;329;76;94;59;95131;0.65;0;0.26;0.27
2010;11;2;306;8.6;6.1;4.2;6;5;4.2;1.4;0;0.12;1.6;2.5;0;221;48;48;23;95843;0.4;0.08;0.26;0.27
2010;11;3;307;10.6;8.3;5;8.7;6.2;4.2;2.8;2;0.12;1.6;2.5;0;167;30;47;19;96096;0.45;0.58;0.26;0.27
2010;11;4;308;13;11.6;10;11.1;10.2;8.9;4.4;2;0.12;1.6;2.5;0;67;15;59;12;96592;0.74;1.37;0.26;0.27
2010;11;5;309;11.9;10.9;10.2;10.2;7.9;6.6;4.2;1.4;0.12;1.6;2.5;0;183;41;58;22;96643;0.68;0.36;0.25;0.27
2010;11;6;310;11.6;9.1;6.5;7.8;6.8;6.1;3.5;1.2;0.12;1.6;2.5;0;192;31;47;24;95771;0.81;6.38;0.25;0.27
2010;11;7;311;8.3;6.2;3.6;7.7;5.7;3.4;-1.1;-0.4;0.12;1.6;2.5;0;57;11;18;10;94514;0.52;19.71;0.27;0.27
2010;11;8;312;6;3.9;2.7;3.2;2.1;0.9;0;0.3;0.11;1.5;2.5;0;168;35;51;22;93160;0.63;1.55;0.28;0.27
2010;11;9;313;8.2;4.3;1.8;2.8;2.3;1.1;-1.2;1.2;0.11;1.5;2.5;0;247;53;104;52;92690;0.52;0.16;0.28;0.27
2010;11;10;314;8.4;4.1;0;4.5;2.7;-0.4;0.3;1.8;0.11;1.5;2.5;0;253;52;76;43;93618;0.52;2.35;0.28;0.27
2010;11;11;315;5.5;4;1.7;4.2;1;-2.4;2.7;2.4;0.11;1.5;2.5;0;253;53;71;32;94964;1.35;6.88;0.28;0.27
2010;11;12;316;11.1;8.1;6.2;9.5;6;4.4;5.2;2.5;0.11;1.5;2.5;0;168;37;61;18;94271;2.04;16.25;0.29;0.27
2010;11;13;317;13.4;11.7;9.3;10.3;8.6;7.1;4.4;2.7;0.11;1.5;2.5;0;89;17;73;26;94682;1.12;1.64;0.29;0.27
2010;11;14;318;15.5;10.3;7.7;7.8;6.7;5.7;-0.1;2.5;0.11;1.5;2.5;0;294;66;101;74;94912;0.61;0;0.29;0.27
2010;11;15;319;11.1;8.6;6.9;8.5;7.1;5.4;-0.9;-1.3;0.11;1.5;2.5;0;141;29;41;25;95427;0.54;5.1;0.29;0.27
2010;11;16;320;6.4;3;1.2;5.7;2.6;1;-0.9;-2.9;0.12;1.5;2.5;0.42;46;8;8;5;95809;0.78;13.12;0.3;0.27
2010;11;17;321;4.5;3.3;1.4;4;2.5;0.9;-1;-1;0.13;1.5;2.5;1.23;49;11;11;5;95418;0.28;0.5;0.3;0.27
2010;11;18;322;4.4;3.5;2.5;4.1;3;1.7;0.9;0.3;0.12;1.5;2.5;0.82;29;6;34;11;95296;0.21;6.36;0.3;0.27
2010;11;19;323;5.7;3.4;1.8;3;2.2;1.7;0.5;1.1;0.12;1.5;2.5;0.63;139;26;36;24;95930;0.37;0.93;0.3;0.27
2010;11;20;324;5;2.5;0.6;2;1.3;0.5;-1.4;0.7;0.12;1.6;2.5;0.5;139;31;63;35;95915;0.31;0.02;0.3;0.28
2010;11;21;325;4.8;3.1;1.3;3.4;1.3;0.4;-3.3;-0.8;0.12;1.6;2.5;0.36;159;32;65;24;95088;0.3;0.05;0.3;0.28
2010;11;22;326;4.5;2.7;0.5;4.2;2.4;-0.1;0.5;-1.1;0.11;1.6;2.5;0.32;43;8;14;6;94094;0.37;7.93;0.3;0.28
2010;11;23;327;1.9;0.9;0.4;0.3;-0.9;-2.4;3.9;-0.2;0.15;1.6;2.5;2.81;135;26;55;26;94386;0.62;3.47;0.3;0.28
2010;11;24;328;1.8;0.3;-1.6;-0.3;-1;-2.1;3.9;0.4;0.21;1.6;2.5;6.88;148;31;71;31;94697;0.31;5.98;0.29;0.28
2010;11;25;329;1.1;-0.5;-1.5;-0.8;-1.8;-2.5;0.9;1.5;0.28;1.6;2.5;11.08;119;26;59;28;94683;0.24;4.53;0.29;0.28
2010;11;26;330;-0.5;-2.3;-3.9;-2.3;-3.6;-5.3;0.4;-0.9;0.35;1.6;2.5;15.13;83;17;59;28;94478;0.18;2.86;0.29;0.28
2010;11;27;331;-1.5;-4.2;-7.6;-4.8;-6.8;-9.7;-0.1;0.7;0.36;1.6;2.5;16.44;136;26;80;34;94854;0.26;0.76;0.29;0.28
2010;11;28;332;-0.2;-4.4;-8.9;-4.1;-6.8;-11.3;-2;-0.4;0.36;1.6;2.5;16.37;185;38;98;47;94768;0.26;0.87;0.28;0.28
2010;11;29;333;-0.9;-2.4;-4.8;-1.8;-3.6;-5.4;-0.9;-1.2;0.37;1.6;2.5;23.7;53;11;18;11;94634;0.15;11.83;0.28;0.28
2010;11;30;334;-3.1;-5.5;-7.2;-5.8;-7;-8.6;-2.1;-0.3;0.38;1.6;2.5;28.85;92;19;47;18;95399;0.21;0.57;0.28;0.28
2010;12;1;335;-5.7;-7.6;-9.4;-8.5;-9.9;-11.7;-4;-1.8;0.38;1.6;2.5;30.31;98;19;29;15;94416;0.35;7.17;0.28;0.28
2010;12;2;336;-8.7;-10.7;-13.5;-10.7;-12.7;-15.1;1.3;0.3;0.38;1.6;2.5;36.27;148;29;60;35;94880;0.14;0.68;0.28;0.28
2010;12;3;337;-7.6;-13.5;-19.1;-9.9;-15;-20.5;-0.2;-0.3;0.38;1.7;2.5;36.35;147;31;87;43;95282;0.04;0;0.28;0.28
2010;12;4;338;-5.9;-9;-14.4;-7.3;-10.6;-15.8;0.5;1.9;0.38;1.7;2.5;36.37;78;16;76;16;96114;0.03;0.1;0.27;0.28
2010;12;5;339;-0.1;-3.8;-8;-0.6;-7;-10.1;0.4;2.9;0.38;1.7;2.5;36.74;115;22;76;35;95253;0.29;3.6;0.27;0.28
2010;12;6;340;-0.1;-0.5;-1.2;-0.6;-1.2;-1.7;-0.8;0.9;0.38;1.7;2.5;44.36;43;9;10;6;94437;0.05;10.41;0.27;0.28
2010;12;7;341;1.9;0.4;-0.7;0.6;-0.3;-1.4;-0.9;0.3;0.38;1.7;2.5;54.49;66;13;20;5;94522;0.03;12.52;0.27;0.28
2010;12;8;342;4.5;2.5;-1.1;2.5;1.6;-2;-0.2;1.1;0.37;1.7;2.5;51.64;95;16;22;2;94534;-0.09;13.79;0.28;0.28
2010;12;9;343;-1.8;-3.1;-5;-4.1;-5.1;-6.1;4.5;-0.9;0.37;1.7;2.5;50.47;76;17;64;27;95824;0.47;2.76;0.29;0.28
2010;12;10;344;-1.8;-3.3;-4.1;-2.5;-5.5;-8.4;2.8;-0.7;0.37;1.7;2.5;53.33;163;30;91;47;96668;0.24;2.65;0.29;0.28
2010;12;11;345;1.3;0.5;-1.4;0.6;-0.2;-2;4.9;0.6;0.38;1.7;2.5;59.99;41;9;10;5;95795;-0.03;10.48;0.29;0.28
2010;12;12;346;0.9;-0.1;-3.1;0.3;-1.2;-6;3.1;-1.6;0.38;1.7;2.5;64.7;94;18;49;25;95348;0.34;5.92;0.29;0.28
2010;12;13;347;-4;-6.6;-8;-7.2;-9.8;-11.7;1.2;-2;0.37;1.7;2.5;66.35;161;30;95;46;96118;0.4;0.87;0.29;0.28
2010;12;14;348;-4.1;-6.2;-8.5;-6.9;-8.4;-10.3;1.9;-2;0.37;1.7;2.5;67.35;91;18;45;27;96318;0.2;1.92;0.29;0.28
2010;12;15;349;-5.9;-6.7;-7.7;-8.1;-9.2;-9.9;2.7;-1.9;0.38;1.7;2.5;70.62;85;17;33;21;96251;0.27;3.36;0.29;0.28
2010;12;16;350;-6;-8.1;-10.9;-9.1;-10.3;-11.9;1.4;2.1;0.38;1.7;2.5;71.92;84;17;52;26;95323;0.19;1.58;0.28;0.28
2010;12;17;351;-3.4;-5.9;-9;-5.6;-7.9;-10;0.6;1.6;0.38;1.7;2.5;77.48;58;12;56;21;93733;0.12;5.71;0.28;0.28
2010;12;18;352;-5;-8.5;-11.5;-8.3;-10.3;-12.9;0.4;1.8;0.38;1.7;2.5;79.12;130;24;76;44;94425;0.02;0.44;0.28;0.28
2010;12;19;353;-0.9;-4.5;-11.6;-4;-7.8;-13.3;-0.2;3;0.38;1.7;2.5;80.82;70;14;67;17;94250;0.24;5.2;0.28;0.28
2010;12;20;354;2.6;-1;-4.8;-0.1;-2.8;-5.2;2;0.8;0.38;1.6;2.5;87.07;60;11;58;29;94562;0.31;6.07;0.28;0.28
2010;12;21;355;2.3;0;-4.6;0.4;-1.1;-5.1;-0.4;1.7;0.38;1.6;2.5;93.12;71;13;31;13;94965;-0.02;5.14;0.28;0.28
2010;12;22;356;2.4;0.8;-0.3;0.2;-0.7;-1.7;-1.8;0.6;0.37;1.6;2.5;94.09;80;17;57;32;94720;0.01;0.43;0.28;0.28
2010;12;23;357;2.8;0.5;-0.7;0.5;-0.7;-1.3;-1.8;-0.5;0.36;1.6;2.5;93.54;130;22;56;33;94163;0.03;0.7;0.27;0.28
2010;12;24;358;-0.6;-1.6;-3.8;-0.9;-2.7;-5.6;-0.7;-2.9;0.36;1.6;2.5;95.71;41;8;25;10;94090;0.44;10.14;0.27;0.28
2010;12;25;359;-4.2;-6.8;-9.7;-6;-9.2;-11.5;1;-2.6;0.38;1.6;2.5;105.81;75;14;43;20;95622;0.4;5.02;0.27;0.28
2010;12;26;360;-8.6;-10.4;-13.8;-10.3;-12.2;-15.5;1.5;0.3;0.38;1.5;2.5;107.43;133;25;60;34;96573;0.03;0.7;0.27;0.28
2010;12;27;361;-4.3;-6.3;-9.4;-5.6;-7.5;-10.4;1.6;1;0.38;1.5;2.5;108.59;76;16;34;16;96489;-0.09;1.07;0.27;0.28
2010;12;28;362;-4.1;-6.8;-9.1;-6.5;-8.4;-11;-0.8;0.1;0.38;1.5;2.5;108.96;140;28;80;52;96384;-0.08;0;0.27;0.28
2010;12;29;363;-7.9;-11;-13.5;-10.8;-13;-15.5;-1.5;0;0.38;1.5;2.5;108.97;166;32;87;60;96631;0.04;0;0.27;0.28
2010;12;30;364;-6.5;-11.2;-15.2;-10.8;-13.6;-17.1;-0.4;0.2;0.38;1.5;2.5;108.99;151;28;61;30;96637;0;0.06;0.27;0.28
2010;12;31;365;-4.3;-6.7;-9.3;-5.2;-7.7;-10.2;1.2;0.3;0.38;1.4;2.5;109.21;83;16;22;6;96541;-0.01;0.28;0.26;0.28
2011;1;1;1;-0.7;-2.3;-5;-1.4;-3;-5.6;2.5;0.4;0.37;1.4;2.5;110;75;12;17;8;96068;0;1.75;0.26;0.28
2011;1;2;2;-1;-2.7;-4.6;-2.2;-4.3;-5.9;2.6;-0.9;0.37;1.4;2.5;111.43;116;21;84;44;96134;0.16;0.96;0.26;0.28
2011;1;3;3;-2.5;-3.9;-6.1;-4;-5.2;-6.8;2.1;0.1;0.37;1.4;2.5;112.47;129;23;71;33;96381;0.11;0.81;0.26;0.28
2011;1;4;4;-4;-5.7;-9.1;-6.4;-7.4;-10.2;0.3;1;0.37;1.4;2.5;112.76;64;14;59;20;96132;0.11;0.16;0.26;0.28
2011;1;5;5;-4.8;-8.1;-11.5;-7.9;-10.1;-12.4;-0.5;2;0.37;1.4;2.5;112.83;139;25;82;48;95695;0.03;0.04;0.26;0.28
2011;1;6;6;3;-1.4;-6;0.6;-5.3;-10.7;0;3.6;0.37;1.3;2.5;116.08;42;8;37;4;94995;0.3;8.51;0.26;0.28
2011;1;7;7;4.9;3.9;3.3;3;2;0.7;0.7;2.7;0.37;1.3;2.5;112.38;110;17;35;9;95455;-0.34;7.1;0.27;0.28
2011;1;8;8;6;3.7;2.1;3.7;2.1;0.4;0.4;2.9;0.36;1.3;2.5;100.43;112;21;77;34;95561;-0.36;6.55;0.29;0.28
2011;1;9;9;6.3;3.3;1.3;3.6;1.6;0;0.6;1.5;0.35;1.3;2.5;92.14;149;28;64;23;95616;-0.14;5.1;0.29;0.28
2011;1;10;10;1.8;-0.4;-2.8;0.7;-1.4;-3.5;-0.8;-0.5;0.35;1.3;2.5;87.48;170;34;96;45;96299;0.03;0.32;0.3;0.28
2011;1;11;11;1.5;0.3;-0.6;0.6;-0.3;-1.2;-0.4;1.6;0.34;1.2;2.5;86.96;73;15;36;14;95546;-0.02;0.48;0.3;0.28
2011;1;12;12;2.7;2;1.2;2.6;1.3;0.3;2.7;1.4;0.34;1.2;2.5;83.2;79;14;34;6;95890;-0.22;5.62;0.3;0.29
2011;1;13;13;7.7;6.1;3;7.6;6;2.8;3.8;0.9;0.34;1.2;2.5;71.55;16;3;-1;-4;95558;-1.04;20.58;0.33;0.29
2011;1;14;14;7.4;6.4;5;7.4;5.9;3.7;3.5;1.3;0.34;1.2;2.5;50.09;43;9;30;4;95898;-1.08;2.69;0.35;0.29
2011;1;15;15;5.6;4.7;3;4.5;3.4;1.8;3.2;0.8;0.31;1.2;2.5;31.3;118;19;44;18;96560;-0.62;1.87;0.35;0.3
2011;1;16;16;6.2;2.6;-2;3.1;1.3;-2.1;0.9;1.2;0.28;1.2;2.5;23.75;199;42;94;59;96946;-0.09;0;0.34;0.31
2011;1;17;17;4;-0.2;-3;1.3;-1;-3.2;0.2;1.5;0.26;1.2;2.5;21.37;159;32;88;38;96796;-0.02;0;0.33;0.31
2011;1;18;18;6.1;3.2;0.3;4.3;2.6;-0.3;1.4;1.3;0.25;1.2;2.5;18.58;99;19;41;12;96674;-0.18;1.98;0.32;0.32
2011;1;19;19;2.7;0.5;-3;2.6;-0.8;-3.8;1.6;-1.1;0.23;1.2;2.5;15.95;196;38;86;38;96682;0.34;3.14;0.32;0.32
2011;1;20;20;0.9;-1.6;-2.9;-2.5;-4;-5.2;0;-1.7;0.24;1.1;2.5;16.52;172;37;88;43;96727;0.39;1.04;0.31;0.32
2011;1;21;21;-1.4;-2.9;-3.9;-5.2;-6.5;-7.5;-0.5;-2.1;0.25;1.1;2.5;16.77;181;37;63;40;97191;0.36;0.25;0.31;0.32
2011;1;22;22;-2;-3.9;-6;-7.7;-8.8;-9.6;-0.6;-0.7;0.25;1.1;2.5;16.76;184;40;97;51;97070;0.19;0.03;0.3;0.32
2011;1;23;23;-1.4;-3.4;-6.3;-3;-5.8;-9.5;1.6;-0.6;0.25;1.1;2.5;16.82;99;18;57;20;96587;0.09;1.18;0.3;0.32
2011;1;24;24;0.7;-0.6;-2.1;-0.7;-1.7;-2.9;1.6;-1.1;0.29;1.1;2.5;19.49;87;17;31;13;96260;0.11;3.43;0.29;0.32
2011;1;25;25;0.5;-0.6;-1;-1.2;-1.7;-2.8;3.4;1;0.34;1.1;2.5;23.69;105;20;39;19;95370;0.19;6.69;0.29;0.32
2011;1;26;26;0.9;-1.6;-5.6;-1.5;-2.9;-6.6;1.2;-0.5;0.37;1.1;2.4;28.85;154;33;58;35;95103;0.1;2;0.28;0.32
2011;1;27;27;-0.7;-2.7;-5.1;-3.5;-4.7;-6.2;-2.2;-1.7;0.36;1.1;2.4;29.44;115;27;47;26;95853;0.3;0.5;0.28;0.32
2011;1;28;28;-1.3;-3.6;-5.8;-5;-6.4;-8.6;-4.2;-0.5;0.36;1.1;2.4;29.36;207;45;99;64;96310;0.4;0;0.27;0.32
2011;1;29;29;-1.7;-5.6;-8.5;-7;-9;-10.6;-3;-0.5;0.36;1.1;2.4;29.01;228;50;104;82;96078;0.25;0;0.27;0.32
2011;1;30;30;-2;-6.9;-10.1;-7.2;-9.6;-11.8;-2.5;-0.8;0.36;1.1;2.4;28.79;230;49;102;62;96076;0.15;0;0.26;0.32
2011;1;31;31;-1.2;-6.5;-10.9;-6.2;-9.6;-12.1;-1.2;-0.3;0.36;1.1;2.4;28.57;237;52;104;62;96467;0.22;0;0.26;0.32
2011;2;1;32;-2.9;-9.6;-14.4;-7.5;-11.7;-16;0.6;0.5;0.36;1.1;2.4;28.36;231;47;99;48;96711;0.18;0;0.26;0.32
2011;2;2;33;-1.9;-6.8;-13.5;-4.6;-8.4;-14;1.5;0.8;0.35;1.1;2.4;28.33;152;33;68;26;97060;0.17;0.21;0.25;0.31
2011;2;3;34;0.4;-2.1;-4.8;-0.9;-3.2;-5.9;2;1.2;0.35;1.1;2.4;28.67;132;25;37;16;96920;0.15;1.15;0.25;0.31
2011;2;4;35;3.4;1.1;-2.2;2.1;0;-2.6;3.8;2.1;0.35;1.1;2.4;28.01;132;25;33;14;96722;-0.13;1.24;0.25;0.31
2011;2;5;36;5.3;4;3.2;3.1;2.3;1.4;5.3;1.5;0.29;1.1;2.4;18.87;113;25;46;14;96648;-0.09;1.71;0.26;0.31
2011;2;6;37;7;4.2;1;3.6;2.1;-0.2;3.9;1;0.22;1.1;2.4;10.68;209;41;89;39;96807;-0.01;0.1;0.26;0.31
2011;2;7;38;8.1;2.4;-1.1;1;-0.9;-5.1;1.8;1.6;0.19;1.1;2.4;7.93;314;71;111;75;96519;0.31;0;0.26;0.31
2011;2;8;39;5.7;2.1;-0.1;2.8;-0.9;-6.3;2.2;0;0.17;1.1;2.4;6.52;182;34;88;41;96438;0.29;1.27;0.26;0.31
2011;2;9;40;5.5;1.4;-2.6;-0.6;-2.8;-4.4;-0.2;0.2;0.16;1.1;2.4;5.49;354;83;126;75;96645;0.25;0;0.26;0.31
2011;2;10;41;5.5;0.6;-3.6;1;-1.3;-4.6;0.6;1.7;0.15;1.1;2.4;4.72;316;72;89;54;96305;0.1;0.48;0.26;0.31
2011;2;11;42;6.8;5.6;2.7;6.5;4.9;1.6;3.7;0.7;0.14;1.1;2.4;3.14;72;15;12;2;95604;0.04;7.64;0.26;0.31
2011;2;12;43;6;0.1;-0.9;5.9;-2.9;-5.7;-1.9;-0.1;0.14;1.1;2.4;3.33;96;24;20;12;96020;0.53;5.01;0.26;0.31
2011;2;13;44;3.4;0.9;-1;1.9;-0.6;-4;-1.2;1.2;0.2;1.1;2.4;6.24;115;24;32;11;95595;0.25;3.66;0.26;0.31
2011;2;14;45;4.9;1.3;-0.8;0.5;-0.6;-2.2;-2.2;0.5;0.19;1.1;2.4;5.91;259;57;62;36;95329;0.35;0.02;0.26;0.31
2011;2;15;46;4.2;0;-2.3;-1.9;-3.3;-4.6;-2.5;0.7;0.18;1.1;2.4;5.06;349;84;97;62;94733;0.41;0.22;0.26;0.31
2011;2;16;47;4.7;-0.1;-2.8;-1.8;-3.6;-5.4;-2.3;0;0.17;1.1;2.4;4.64;366;85;98;54;94528;0.37;0.1;0.26;0.31
2011;2;17;48;3.7;-0.1;-2.5;-0.9;-2.3;-4.1;-1.9;-1;0.17;1.1;2.4;4.13;245;55;61;36;94600;0.24;0.22;0.26;0.31
2011;2;18;49;2.4;0.1;-1.1;-1;-1.6;-2.2;-0.9;-1.2;0.16;1.1;2.4;3.96;141;31;33;16;95492;0.16;0.84;0.25;0.31
2011;2;19;50;1.3;-0.7;-2.2;-2;-3.2;-5;-1.1;-1.1;0.18;1.1;2.4;4.94;165;44;46;23;95900;0.32;0.75;0.25;0.3
2011;2;20;51;-1.2;-3.7;-7;-5.5;-8.6;-11.2;-3.2;-0.9;0.18;1.1;2.4;4.93;296;72;72;52;95908;0.37;0.04;0.25;0.3
2011;2;21;52;-3.1;-7;-10.2;-11.7;-13;-14.6;-2.7;-0.5;0.18;1.1;2.4;4.79;394;99;116;84;95996;0.16;0;0.25;0.3
2011;2;22;53;-2.7;-7.3;-11.1;-13;-13.6;-15;-2.1;-1.2;0.18;1.1;2.4;4.66;414;106;123;93;95969;0.16;0;0.25;0.3
2011;2;23;54;-1.6;-6.8;-11.8;-13.1;-14.2;-15.2;-0.6;-0.1;0.18;1.1;2.5;4.54;427;111;135;92;96704;0.14;0;0.24;0.3
2011;2;24;55;3.2;-3.6;-9.5;-8.8;-12.2;-14.6;-1.2;1.1;0.17;1.2;2.5;4.38;413;106;125;78;96888;0.21;0;0.24;0.3
2011;2;25;56;3.3;-1.9;-5.4;-10.9;-12;-13.5;-1.7;0.2;0.17;1.2;2.5;4.11;435;114;132;88;97123;0.19;0;0.24;0.3
2011;2;26;57;5;-1.3;-5.4;-4.7;-8.2;-12.3;-1.5;1.2;0.17;1.2;2.5;3.71;436;116;121;84;96255;0.15;0;0.24;0.3
2011;2;27;58;5;0.7;-3.5;1.6;-1.2;-6.6;0.1;1.2;0.17;1.2;2.5;4.32;183;38;53;15;95647;0.07;2.11;0.24;0.3
2011;2;28;59;7.1;2.6;-0.3;0.7;-0.4;-1.3;-2.2;-0.9;0.17;1.2;2.5;3.59;358;89;90;47;96522;0.38;0;0.24;0.3
2011;3;1;60;5.5;1.5;-1.5;-1.5;-3.3;-6.9;-3;-1.3;0.15;1.2;2.5;2.72;456;121;116;89;97143;0.52;0;0.24;0.3
2011;3;2;61;5.1;0.8;-1.7;-8.1;-10.4;-13.8;-4.3;-1.3;0.15;1.2;2.5;2.33;474;128;126;100;97198;0.76;0;0.23;0.3
2011;3;3;62;3.1;-0.5;-3.1;-4;-6.2;-9.8;-3.5;-0.9;0.15;1.2;2.5;2.14;410;114;95;77;97020;0.37;0;0.23;0.3
2011;3;4;63;6.6;0.6;-3.1;-0.7;-3.1;-5.1;-2;-0.6;0.14;1.2;2.5;1.8;466;126;120;83;97075;0.37;0;0.23;0.3
2011;3;5;64;7.4;0.8;-4.1;-1.4;-3.1;-4.8;-0.1;-1.6;0.13;1.2;2.5;1.32;473;124;120;78;96531;0.38;0.01;0.23;0.3
2011;3;6;65;1.9;-0.4;-2.5;-2.6;-6.4;-9.1;-0.9;-2.1;0.13;1.3;2.5;1.14;291;74;90;45;96823;0.38;0.04;0.23;0.3
2011;3;7;66;3.3;-1;-4.2;-8.4;-11.7;-14.7;-2.8;0.5;0.13;1.3;2.5;1.11;514;144;135;105;97538;0.32;0;0.23;0.3
2011;3;8;67;6.8;0.7;-3.7;-5.2;-10.3;-14.5;-1.1;1.9;0.13;1.3;2.5;0.99;521;146;137;104;96981;0.46;0;0.22;0.3
2011;3;9;68;10.6;4.1;-2.1;2.8;-0.8;-6;1.7;1.7;0.13;1.3;2.5;0.71;503;139;117;71;96181;0.57;0.58;0.22;0.29
2011;3;10;69;7.4;4.7;2.1;3.4;0.7;-1;3.5;1.2;0.12;1.3;2.5;0.36;296;82;80;45;95957;0.88;1.31;0.22;0.29
2011;3;11;70;9.1;5.1;-0.1;2.1;0.5;-1.3;3.2;1.2;0.12;1.3;2.5;0.21;312;80;86;41;96042;0.93;0.6;0.22;0.29
2011;3;12;71;12.8;5.2;-1.8;3.1;0.5;-2.9;-1.5;1;0.12;1.3;2.5;0.1;493;142;122;79;95546;0.92;0;0.22;0.29
2011;3;13;72;14.5;7.1;-0.8;4.3;2.2;-1.7;-1.2;0.8;0.12;1.3;2.5;0.03;440;122;94;59;95084;0.93;0;0.22;0.29
2011;3;14;73;12.8;7.8;3.5;6.8;4.3;2.2;0.2;-0.4;0.12;1.3;2.5;0;338;92;96;44;95828;0.66;0.31;0.22;0.29
2011;3;15;74;14.3;8.4;2.5;6.1;4.1;1.6;-3.4;-0.7;0.12;1.4;2.5;0;513;150;112;79;95964;1.11;0.01;0.22;0.29
2011;3;16;75;14.1;8.8;5.3;6.5;5.4;4.5;-4.2;-0.8;0.12;1.4;2.5;0;365;93;79;49;95108;0.77;0.2;0.21;0.29
2011;3;17;76;9.4;6.3;2.6;7.5;5.4;2.3;0;-1.6;0.12;1.4;2.5;0;138;34;37;17;94709;0.67;6.66;0.21;0.29
2011;3;18;77;5.2;3.4;1.5;3.1;1.7;0.6;2.7;-1.5;0.13;1.4;2.5;0.39;143;34;31;12;96096;0.66;3.91;0.22;0.29
2011;3;19;78;5.8;2.4;-1.9;0.6;-2.2;-4.5;-0.6;-2.3;0.13;1.4;2.5;0.29;450;121;122;66;97037;0.92;0.1;0.22;0.29
2011;3;20;79;6.5;1.4;-2.8;-2.1;-3.8;-4.9;-0.6;-1.2;0.13;1.4;2.5;0.22;510;137;110;79;97494;0.82;0;0.22;0.29
2011;3;21;80;8.4;2.7;-2.8;-1;-2.6;-4;-1.1;-0.2;0.13;1.5;2.5;0.15;582;172;132;90;97667;0.98;0;0.22;0.29
2011;3;22;81;11.8;5;-1;0.4;-1.8;-3.7;-0.3;-1.1;0.12;1.5;2.5;0.09;578;173;134;91;97768;1.23;0;0.21;0.29
2011;3;23;82;13.6;6;-0.5;4.2;0.9;-2.9;-0.6;-1.9;0.12;1.5;2.5;0.02;563;160;111;81;97888;1.15;0;0.21;0.29
2011;3;24;83;13.8;6.4;-0.3;2.8;0;-2.4;-0.1;-1.3;0.13;1.5;2.5;0;582;176;134;89;97522;1.37;0;0.21;0.29
2011;3;25;84;14.4;8.1;2.5;3.4;1.7;0.2;1.4;0;0.13;1.5;2.5;0;582;171;128;82;96218;1.41;0;0.21;0.29
2011;3;26;85;8.7;5;1.7;3.1;0.8;-1.2;1.1;-1.5;0.13;1.5;2.5;0;423;121;91;58;95748;0.89;0.07;0.21;0.29
2011;3;27;86;9.6;4.8;-0.6;2.7;0.9;-1.4;-0.9;0.9;0.13;1.5;2.5;0;422;105;75;53;95735;0.82;0.23;0.21;0.29
2011;3;28;87;11;5.6;1.2;5;2.3;-1.9;0.8;-0.2;0.13;1.6;2.5;0;487;129;96;59;95627;1.08;0.76;0.2;0.28
2011;3;29;88;13.4;6.4;-2;3;0;-3.8;-0.1;0.3;0.13;1.6;2.5;0;594;186;136;90;95905;1.42;0;0.2;0.28
2011;3;30;89;14.7;8.4;1.7;4.7;2.3;-1.1;0.9;0.8;0.13;1.6;2.5;0;557;176;116;78;95949;1.41;0.31;0.2;0.28
2011;3;31;90;12.9;8.5;2.4;9.5;5.9;2.1;2.5;1.7;0.13;1.6;2.5;0;412;104;56;35;96241;1.17;2.64;0.2;0.28
2011;4;1;91;14.4;11.3;9.5;9.6;8.6;6.6;3.2;0.1;0.13;1.6;2.5;0;439;88;63;25;96599;1.36;1.68;0.2;0.28
2011;4;2;92;19.4;12.6;5.4;10.4;7.9;5.4;-0.9;1.5;0.13;1.6;2.5;0;579;178;118;73;96311;1.68;0;0.2;0.28
2011;4;3;93;21.1;13.9;5.1;9.9;7.3;4;0.2;1.2;0.13;1.7;2.5;0;606;189;125;82;95678;1.9;0.03;0.2;0.28
2011;4;4;94;11.1;8.7;5;9.9;5.8;2.7;2.3;-0.8;0.13;1.7;2.5;0;369;68;72;35;96153;1.24;8.2;0.2;0.28
2011;4;5;95;12.3;8.3;2.7;4.9;2.6;1.4;2.3;0.3;0.13;1.7;2.5;0;452;150;95;60;96903;1.45;1.6;0.2;0.28
2011;4;6;96;15.4;11;6.6;9.5;7.6;4.5;2.8;0;0.13;1.7;2.5;0;340;115;70;34;97072;1.33;1.07;0.2;0.28
2011;4;7;97;20.4;13.9;6.6;11.2;7.8;4.9;3.3;-0.7;0.13;1.7;2.5;0;631;199;118;71;96592;2.21;0;0.2;0.28
2011;4;8;98;14.4;10.5;6.2;5.4;2.8;0.3;3.5;-1.6;0.13;1.7;2.5;0;641;205;122;89;96412;2.02;0;0.2;0.28
2011;4;9;99;13.5;9;4.9;5.3;1.6;0.3;1.7;-2.3;0.14;1.7;2.5;0;656;209;133;97;96406;1.91;0;0.2;0.28
2011;4;10;100;16;9.4;1.6;3.1;1.6;0.2;-0.2;-1.5;0.14;1.8;2.5;0;659;213;139;97;96660;2.01;0;0.2;0.28
2011;4;11;101;18.1;11.3;3.7;5.1;3.5;1.5;0.9;0;0.14;1.8;2.5;0;632;205;132;89;96403;1.98;0;0.19;0.28
2011;4;12;102;10.7;8;3.2;6.9;2.3;-2.2;3.6;-1.6;0.14;1.8;2.5;0;564;149;104;64;95997;1.94;2.39;0.19;0.28
2011;4;13;103;8.5;5.1;2.1;-0.4;-2.1;-4.1;4.2;-2.2;0.14;1.8;2.5;0.02;460;133;87;58;96065;1.75;1.46;0.19;0.28
2011;4;14;104;10;5.4;1.4;-0.1;-2.3;-4.8;0.4;-2.1;0.14;1.8;2.5;0.01;550;168;103;80;96012;1.47;0;0.19;0.28
2011;4;15;105;10.5;5.6;0.3;1.3;0.3;-0.3;-1.5;-1.5;0.14;1.8;2.5;0;465;153;93;64;96259;1.52;0.77;0.19;0.28
2011;4;16;106;12.4;7.1;-0.3;3.3;0.6;-1;-1.4;-0.3;0.14;1.9;2.5;0;498;159;106;69;96502;1.51;0.35;0.19;0.28
2011;4;17;107;13.5;8.9;1.9;3.1;0.6;-1;-1.8;-0.2;0.14;1.9;2.5;0;516;148;113;64;96702;1.52;0;0.19;0.27
2011;4;18;108;16.4;10.8;4.8;2.9;1.3;0.1;-2.5;-0.1;0.14;1.9;2.5;0;617;209;119;94;96503;2.09;0;0.19;0.27
2011;4;19;109;17.9;12;4.7;3.4;2.3;0.8;-2.4;0;0.14;1.9;2.5;0;692;234;142;103;96143;2.29;0;0.18;0.27
2011;4;20;110;19.7;13.5;5.4;6.2;4.4;2.8;-1.8;-0.1;0.14;1.9;2.5;0;694;234;144;102;96082;2.34;0;0.18;0.27
2011;4;21;111;21.5;14.9;5.9;7.4;4.8;3.4;-1.5;-0.9;0.14;2;2.5;0;682;227;145;97;95988;2.44;0;0.18;0.27
2011;4;22;112;22.8;16.5;9.3;7.4;4.9;2.7;-2.7;-0.5;0.14;2;2.5;0;690;230;141;98;95603;2.59;0.01;0.18;0.27
2011;4;23;113;22.5;16.6;10.5;6.2;5;4;-2.7;-0.8;0.14;2;2.5;0;686;230;138;101;95527;2.57;0.09;0.17;0.27
2011;4;24;114;21.1;15.6;10.2;5.7;3.7;0.9;-2;-1.8;0.14;2;2.5;0;680;232;133;104;95916;2.52;0.16;0.17;0.27
2011;4;25;115;17;12.1;7.3;5.2;3.1;0.8;-1.3;-2.4;0.14;2;2.5;0;613;204;120;91;96208;1.99;0.63;0.17;0.27
2011;4;26;116;13.8;9.7;5.7;7.9;6.2;4.4;-1;-1.5;0.14;2.1;2.5;0;526;158;84;66;96032;2.03;5.44;0.17;0.27
2011;4;27;117;16.1;10.8;5.9;8.5;6.8;5.3;-2.4;-0.3;0.15;2.1;2.5;0;541;172;92;62;95866;1.83;2.14;0.17;0.27
2011;4;28;118;18.2;12.7;7.4;9.1;7.4;5.6;-2.5;0.1;0.15;2.1;2.5;0;602;195;97;73;95699;2.26;0.37;0.17;0.27
2011;4;29;119;19.8;14.4;9.2;8.4;6;4.6;-3.8;-0.5;0.15;2.1;2.5;0;648;219;121;91;95463;2.44;0.48;0.17;0.27
2011;4;30;120;18.4;13.5;9.6;7.7;6.5;5.4;-3.8;-1.2;0.15;2.1;2.5;0;659;205;107;84;95222;2.35;1.64;0.17;0.27
2011;5;1;121;16.1;11.8;7.8;6;2.1;-1.3;-2.5;-2.1;0.15;2.2;2.5;0;688;235;137;100;95284;2.32;0.02;0.17;0.27
2011;5;2;122;12.5;9.1;5.4;6.1;3.6;-0.6;-2;-1.6;0.15;2.2;2.5;0;323;128;82;57;95179;1.72;2.67;0.17;0.27
2011;5;3;123;8.8;5.6;1.7;3.1;-0.1;-3.1;-1.4;-2.9;0.15;2.2;2.5;0;501;159;94;54;95517;1.77;0.91;0.17;0.27
2011;5;4;124;10.3;5.6;0.5;0.4;-1.5;-2.6;0.9;-0.6;0.15;2.2;2.5;0;587;194;123;84;96246;1.63;0.41;0.17;0.27
2011;5;5;125;13.4;7.5;-0.4;2.5;-0.3;-1.8;-1;-0.2;0.15;2.2;2.5;0;581;216;133;89;96711;1.89;0;0.16;0.27
2011;5;6;126;18.9;11.7;2.6;3.2;0.6;-1.4;-1.6;1;0.15;2.2;2.5;0;731;260;150;107;96692;2.5;0;0.16;0.27
2011;5;7;127;21.2;14.1;5.2;3.8;1.6;-0.8;-2.6;0.1;0.15;2.3;2.5;0;733;261;154;110;96616;2.67;0;0.16;0.26
2011;5;8;128;21.7;14.8;8.1;7.6;4.2;0.5;-3.1;0;0.15;2.3;2.5;0;710;247;132;105;96663;2.48;0.03;0.16;0.26
2011;5;9;129;20.9;14.9;7.3;4.7;3.5;2.3;-2.8;0.8;0.15;2.3;2.5;0;727;266;144;110;96985;2.48;0;0.16;0.26
2011;5;10;130;23.4;16.7;8.4;9.5;4.8;2.8;-1.5;0.3;0.15;2.3;2.5;0;712;251;143;104;96900;2.5;0;0.15;0.26
2011;5;11;131;23.5;17.6;10.3;10.7;8.7;7;0.7;-0.6;0.15;2.3;2.5;0;663;229;122;80;96501;2.27;0.14;0.15;0.26
2011;5;12;132;20.8;15.3;11.1;14.1;11.1;8.9;1.1;-0.3;0.15;2.4;2.5;0;493;150;93;58;96013;2.11;5.32;0.15;0.26
2011;5;13;133;18.2;13.6;9.5;8.3;4.2;0.9;0.8;-0.8;0.15;2.4;2.5;0;656;233;149;88;96394;2.5;0.08;0.15;0.26
2011;5;14;134;19.1;13.5;7.2;7.7;5.6;3;0.5;0.1;0.15;2.4;2.5;0;590;185;102;66;95847;2.22;1.58;0.15;0.26
2011;5;15;135;13.9;10.5;7.2;6.9;3.9;1.9;2.2;-1.6;0.15;2.4;2.5;0;567;200;94;73;96218;2.46;1.93;0.15;0.26
2011;5;16;136;13.7;10.2;4.4;6.5;4.4;2.5;3.1;-0.1;0.15;2.4;2.5;0;569;153;88;50;96621;1.55;0.37;0.15;0.26
2011;5;17;137;17.2;13.5;10.3;8.7;7.1;5.9;2.4;0.5;0.16;2.4;2.5;0;333;112;80;36;96486;1.4;0.4;0.15;0.26
2011;5;18;138;21.8;15.8;7.8;10.4;7.9;6.3;0;1.7;0.16;2.5;2.5;0;655;242;118;88;96241;2.48;0.25;0.15;0.26
2011;5;19;139;24.3;17.2;9.1;12.6;9.5;7.3;-0.2;0.2;0.16;2.5;2.5;0;641;222;119;80;96062;2.58;1.62;0.15;0.26
2011;5;20;140;22.7;16.8;10.4;12.9;10.8;9.6;0.8;0;0.16;2.5;2.5;0;690;231;117;76;96244;2.68;2.98;0.15;0.26
2011;5;21;141;23.4;17.2;9.2;13.3;11.1;8.9;-0.8;0;0.16;2.5;2.5;0;653;219;112;76;96432;2.84;2;0.15;0.26
2011;5;22;142;24.6;18.6;11.4;13;11.3;9.8;0.7;0.7;0.16;2.5;2.5;0;699;232;126;78;96224;2.94;1.12;0.15;0.26
2011;5;23;143;21.4;17;12.4;11.6;7.1;5.2;0.8;-0.4;0.16;2.5;2.5;0;701;261;143;98;96777;2.89;0;0.15;0.26
2011;5;24;144;24.1;17.5;10.2;9.4;6.8;2.6;1.9;-0.2;0.16;2.5;2.5;0;726;257;134;96;96590;2.72;0;0.14;0.26
2011;5;25;145;19.8;14.7;7.7;3.1;1.6;0.4;-1;-0.7;0.16;2.6;2.5;0;750;278;159;118;96911;2.71;0;0.14;0.26
2011;5;26;146;26.8;18.6;11.1;12.1;8.1;3.3;0.5;1.8;0.16;2.6;2.5;0;718;247;128;88;95869;2.76;1.08;0.14;0.25
2011;5;27;147;18.6;14.3;10.9;9.9;4.8;1.8;2.9;0.4;0.16;2.6;2.5;0;691;164;109;59;95828;1.91;0.61;0.14;0.25
2011;5;28;148;16.6;13.2;8.4;6.8;5.3;3.5;1.6;-0.4;0.16;2.6;2.5;0;528;189;102;68;96077;1.87;0.47;0.14;0.25
2011;5;29;149;21.8;16.4;9.6;10.4;6.2;5.1;1.9;1.1;0.16;2.6;2.5;0;590;228;114;79;96114;2.1;0;0.14;0.25
2011;5;30;150;27.1;20;10.4;11.2;8.6;7.2;-1.6;1.6;0.16;2.6;2.5;0;730;272;142;98;95973;2.6;0;0.13;0.25
2011;5;31;151;25;19.1;14;14.9;12.4;10.2;0.7;-0.2;0.16;2.6;2.5;0;527;204;104;66;95637;2.39;7.87;0.13;0.25
2011;6;1;152;14.9;12.4;10.2;13.9;9.4;5.9;-1.1;-3.6;0.16;2.6;2.5;0;278;83;44;18;96488;2.36;6.2;0.14;0.25
2011;6;2;153;20.3;15.6;11.9;6.8;5.4;3.6;-2.4;-2.5;0.16;2.7;2.5;0;635;228;105;63;97147;2.88;0;0.14;0.25
2011;6;3;154;24.6;18.9;12.5;12.4;9.1;3.8;-3.3;-1.6;0.16;2.7;2.5;0;691;238;112;74;96956;2.92;0.16;0.14;0.25
2011;6;4;155;25.9;21.3;15.9;14.4;12.7;11.5;-3.7;-0.2;0.16;2.7;2.5;0;676;234;104;78;96139;2.88;0.13;0.14;0.25
2011;6;5;156;26.3;20.3;16;17.2;14.7;13.1;-1.4;0.7;0.16;2.7;2.5;0;690;237;116;81;95350;2.75;6.95;0.14;0.25
2011;6;6;157;23.3;18.1;12.9;16.5;14.9;12.7;0.3;0.4;0.16;2.7;2.5;0;551;184;89;63;95019;2.9;13.76;0.14;0.25
2011;6;7;158;23.4;18.9;13.1;15.2;13.2;11.5;-0.6;0.7;0.16;2.7;2.5;0;632;225;103;69;95038;3.34;0.79;0.15;0.25
2011;6;8;159;19.9;16.8;13.2;15;13;8.6;2.2;-0.5;0.16;2.7;2.5;0;470;170;75;47;94929;2.66;2.03;0.15;0.25
2011;6;9;160;16.9;14.2;10.5;7.7;6.5;5.9;2.3;-0.8;0.16;2.8;2.5;0;411;141;82;55;95807;2.07;0.11;0.15;0.25
2011;6;10;161;18.1;14.8;10.7;9.7;7.6;5.8;0.1;-0.2;0.16;2.8;2.6;0;470;133;95;56;95957;1.75;0.22;0.15;0.25
2011;6;11;162;17.1;14.5;11.2;10.6;9.1;8.2;1.4;-0.5;0.16;2.8;2.6;0;495;172;95;62;96031;2.32;2.03;0.15;0.25
2011;6;12;163;20.3;15.8;10.5;9.7;7;4.1;0.4;-0.3;0.16;2.8;2.6;0;615;223;120;79;96219;2.92;0.04;0.15;0.25
2011;6;13;164;20;15.9;10.7;12.1;10.5;8.9;0.6;0.7;0.16;2.8;2.6;0;502;174;77;59;96106;2.19;0.57;0.14;0.25
2011;6;14;165;20;16;11;14.4;12.5;10;1.5;-0.1;0.16;2.8;2.6;0;437;169;84;56;96223;2.56;4.6;0.14;0.25
2011;6;15;166;22.7;18.4;12;14.5;12.6;10.9;1;0.2;0.16;2.8;2.6;0;547;196;92;56;96203;2.72;0.36;0.15;0.25
2011;6;16;167;24.1;19.6;14.6;14.9;12.9;11;1.5;0.8;0.16;2.8;2.6;0;553;197;90;59;95890;2.98;3.67;0.14;0.25
2011;6;17;168;21.9;17.2;13.1;13.9;9.8;5.6;1.1;1.1;0.16;2.8;2.6;0;709;236;124;69;95819;3.53;6.25;0.14;0.25
2011;6;18;169;17.7;14.5;11.6;14.1;11.5;8.1;2.5;2.3;0.16;2.8;2.6;0;378;105;65;40;95273;2.93;6.8;0.15;0.24
2011;6;19;170;15;12.1;9.8;8.7;7.7;6.7;4.2;1.4;0.16;2.8;2.6;0;575;189;94;60;95607;3.53;7.57;0.16;0.24
2011;6;20;171;16.1;12.7;9.8;11.8;8.7;5.1;3.1;1;0.16;2.8;2.6;0;536;155;78;43;96007;2.71;5.59;0.16;0.24
2011;6;21;172;21.6;17;12.9;15.5;13.5;12;2.6;1.4;0.16;2.8;2.6;0;469;138;75;37;96019;2.58;3.26;0.16;0.24
2011;6;22;173;26.4;19.2;14;16.9;15;12.5;1.2;2;0.16;2.8;2.6;0;636;216;91;57;95910;3.85;6.62;0.16;0.24
2011;6;23;174;19.9;16.2;12.8;12.4;9.5;7.7;2.5;1;0.16;2.8;2.5;0;441;184;85;65;96118;3.24;0.62;0.16;0.24
2011;6;24;175;16.8;13.6;10.6;9.5;7.1;3.5;3.2;-0.3;0.16;2.8;2.5;0;664;236;110;85;96436;3.18;0.75;0.16;0.24
2011;6;25;176;15.7;12.6;8.9;9.5;7.4;4.8;2.7;0;0.16;2.8;2.5;0;527;159;82;51;96811;2.21;0.83;0.16;0.24
2011;6;26;177;19.7;15.9;12.5;15.2;12.6;9.4;1.8;-0.5;0.15;2.7;2.5;0;293;97;73;31;96773;1.73;1.55;0.16;0.24
2011;6;27;178;25.5;19.2;10.1;15;12.8;9.9;-1.5;-0.1;0.15;2.7;2.5;0;738;276;127;89;96600;3.71;0;0.16;0.24
2011;6;28;179;26.4;20.9;13.9;13.5;12.2;10.2;-1.9;0;0.15;2.7;2.5;0;737;279;129;95;96276;3.94;0;0.15;0.24
2011;6;29;180;27.8;21.3;13.7;17;13;8.9;0.5;-0.8;0.15;2.7;2.5;0;727;262;127;85;95920;3.84;1.73;0.15;0.24
2011;6;30;181;17.7;14.1;10.5;17;10.5;5;2;-2;0.15;2.7;2.5;0;277;68;85;33;96205;1.89;9.74;0.16;0.24
2011;7;1;182;16.4;12.3;8.9;9.7;7.9;6.2;1.7;-1.2;0.15;2.7;2.5;0;649;215;102;70;96277;3.18;7.74;0.16;0.24
2011;7;2;183;14.6;11.6;8.4;8.6;6.1;3.3;3;-1.2;0.15;2.7;2.5;0;556;180;83;60;95840;2.65;0.66;0.16;0.24
2011;7;3;184;11.2;10.1;8.9;10;8.6;7;4;-0.7;0.15;2.7;2.5;0;88;30;20;8;95591;1.63;7.91;0.17;0.24
2011;7;4;185;16.8;13.8;10.8;14.1;12.1;10;1.7;-1.1;0.15;2.7;2.5;0;230;79;36;14;95869;1.2;0.22;0.17;0.24
2011;7;5;186;20.2;16.3;13.4;14;13.3;12.5;-0.5;-1.2;0.15;2.7;2.5;0;471;125;81;37;95856;1.75;0.38;0.17;0.24
2011;7;6;187;26.3;19.4;11.2;16.1;13;10.9;1;0.1;0.15;2.7;2.5;0;645;242;110;73;95533;3.6;0.47;0.17;0.24
2011;7;7;188;25.4;20.2;14.9;16.4;14.6;12.3;-0.1;0.1;0.15;2.7;2.5;0;564;222;101;66;95528;3.39;12.47;0.16;0.24
2011;7;8;189;22.3;17.7;14.1;15.4;12;8.6;1.6;0.3;0.15;2.6;2.5;0;687;210;123;66;95762;3.69;1.99;0.17;0.24
2011;7;9;190;25.9;20.3;13.5;16.2;14.4;11.9;0.5;0.9;0.15;2.6;2.5;0;683;236;103;68;96122;3.64;0.98;0.17;0.24
2011;7;10;191;25.3;19.8;14.8;17.6;15.2;13.3;0.3;-0.2;0.15;2.6;2.5;0;670;235;105;64;96202;3.65;12.46;0.17;0.24
2011;7;11;192;22.4;18.5;15.3;15.8;12.7;9.9;0.6;-1.1;0.15;2.6;2.5;0;649;203;100;60;96274;3.57;0.79;0.18;0.24
2011;7;12;193;25.1;20.1;13.4;13.1;11.7;10.4;-2.7;0.3;0.15;2.6;2.5;0;743;275;125;87;96006;4.3;0.17;0.17;0.24
2011;7;13;194;25.1;20.6;16.8;18.6;16.3;12.8;-0.2;1;0.15;2.6;2.5;0;460;165;71;46;95292;3.23;6.55;0.18;0.24
2011;7;14;195;18;14.5;12.1;15;8.4;5.3;3.6;0.9;0.15;2.6;2.5;0;438;130;85;43;95930;2.76;0.45;0.18;0.24
2011;7;15;196;17.3;14.4;10.6;9.3;7.5;5.4;2.8;0.9;0.15;2.6;2.5;0;464;153;88;60;96243;2.34;0.2;0.17;0.24
2011;7;16;197;22.4;17.1;9.5;10.1;8.6;7.6;-0.1;1.9;0.15;2.6;2.5;0;722;275;137;96;95707;3.76;0;0.17;0.24
2011;7;17;198;21.2;16.2;11.9;15.4;12.2;9.2;1.2;1.5;0.15;2.6;2.5;0;226;74;54;30;94925;2.1;10.03;0.17;0.24
2011;7;18;199;19.3;14.9;11.3;10.7;9.8;8;1.7;2.1;0.15;2.6;2.5;0;576;208;97;66;95112;3.53;2.23;0.18;0.24
2011;7;19;200;22.4;16.8;8.7;11.9;10.2;8.1;-1.8;0;0.15;2.5;2.5;0;632;242;114;78;94953;3.54;0.71;0.18;0.24
2011;7;20;201;16.4;14.4;12.8;14.8;12.8;10.5;2.4;-1.9;0.15;2.5;2.5;0;128;41;39;23;94792;1.77;31.93;0.19;0.23
2011;7;21;202;19.2;15.4;12.5;12.7;12;10.1;2.6;-1.1;0.15;2.5;2.5;0;480;170;77;46;95187;3.11;4.12;0.2;0.23
2011;7;22;203;17.6;14.4;12;11.8;9.3;7.4;3.4;-1.1;0.15;2.5;2.5;0;537;170;85;54;95232;2.82;0.23;0.2;0.23
2011;7;23;204;16.5;13.2;10;7.6;6.1;4;2.8;-0.1;0.15;2.5;2.5;0;521;191;92;72;95358;2.85;0;0.2;0.23
2011;7;24;205;15.8;12.2;7.7;9.3;7;6;2.6;0.5;0.15;2.5;2.5;0;606;193;94;70;95430;2.46;0.21;0.2;0.23
2011;7;25;206;16.8;13.4;8.6;9.4;7.7;6.6;1.2;0.4;0.15;2.5;2.5;0;473;157;83;58;95483;2.2;0.38;0.2;0.23
2011;7;26;207;20.3;15.7;9;10.2;8.6;7.3;-0.8;0.4;0.15;2.5;2.5;0;644;227;115;78;95727;3.15;0.3;0.2;0.23
2011;7;27;208;22;17.2;9.9;12.9;10.7;8.8;-0.9;-0.2;0.15;2.5;2.5;0;582;225;110;81;96078;3.17;0.32;0.19;0.23
2011;7;28;209;22.4;17.4;10.8;13.3;11.1;9.7;-0.6;-1.6;0.15;2.5;2.5;0;621;208;104;77;96081;3.07;0.69;0.19;0.23
2011;7;29;210;20.6;16.1;12;14.6;12.5;10.4;1.2;-1;0.15;2.5;2.5;0;564;162;93;57;96048;2.45;4.24;0.19;0.23
2011;7;30;211;14.2;12.4;11.2;11.1;10.3;9.3;3.3;-1.2;0.15;2.4;2.5;0;222;61;55;24;95842;1.84;4.13;0.19;0.23
2011;7;31;212;15.9;13.3;11.1;11.8;10.5;9.5;2.3;-1;0.15;2.4;2.5;0;295;92;31;16;95904;2.03;4.08;0.19;0.23
2011;8;1;213;18.7;15.2;12.5;13.5;12.3;11.3;-0.2;-0.9;0.15;2.4;2.5;0;301;76;44;19;96081;1.41;0.95;0.2;0.23
2011;8;2;214;23;18.2;12.8;14.1;12.9;12.2;-2.1;0.1;0.15;2.4;2.5;0;536;189;95;64;96261;2.84;0.2;0.19;0.23
2011;8;3;215;25.9;20.3;14.5;17.6;14.4;12.7;-0.9;1;0.15;2.4;2.5;0;678;233;106;72;96128;3.52;8.57;0.19;0.23
2011;8;4;216;21.3;18.2;15;18.2;16.5;14;1.3;0.7;0.15;2.4;2.5;0;457;122;69;33;95993;2.27;5.4;0.2;0.23
2011;8;5;217;23.2;18.3;13;17.4;15.7;12.5;0.3;1.2;0.15;2.4;2.5;0;552;154;89;46;95875;2.52;5;0.2;0.23
2011;8;6;218;24.6;20;14;18.4;16.4;14;0;1.6;0.15;2.4;2.5;0;599;192;92;53;95364;3.14;2.39;0.2;0.23
2011;8;7;219;18.5;17.1;14.2;16.4;14.5;12.2;1.8;1.5;0.15;2.4;2.5;0;256;81;74;39;95214;1.93;6.25;0.21;0.23
2011;8;8;220;18.4;15.2;12.4;13;10.2;7;3.2;1.6;0.15;2.4;2.5;0;524;189;95;65;95354;3.32;7.74;0.21;0.23
2011;8;9;221;17.2;13.1;10.7;10.1;9.2;8.2;4.1;0.7;0.15;2.3;2.5;0;592;186;98;66;96075;2.92;5.71;0.21;0.23
2011;8;10;222;15;12.1;9.6;8.7;6.7;5.2;3;-0.1;0.15;2.3;2.5;0;407;143;84;57;96664;2.3;0.74;0.21;0.23
2011;8;11;223;22;16.1;9.9;11;8.8;5.3;2.1;1.8;0.15;2.3;2.5;0;650;211;108;68;96097;3.15;0.02;0.21;0.23
2011;8;12;224;19.9;16.6;13.3;14.4;12.4;10.3;2.2;1.2;0.15;2.3;2.5;0;488;150;80;52;95704;2.4;5.63;0.21;0.23
2011;8;13;225;19.8;16.8;14.4;16.2;14.2;13.4;1.6;0.7;0.15;2.3;2.5;0;349;107;68;34;95590;2;2.89;0.21;0.23
2011;8;14;226;25.1;19.3;14.8;17.6;15.6;13.6;1;1.6;0.15;2.3;2.5;0;545;170;78;46;95429;2.77;4.85;0.21;0.23
2011;8;15;227;18.9;16.6;13.4;16.4;15.1;12.6;0.6;-0.1;0.14;2.3;2.5;0;234;67;70;34;95876;1.33;14.77;0.23;0.23
2011;8;16;228;21.7;16.6;11.8;14.6;12.8;11.7;0.5;-0.1;0.14;2.3;2.5;0;500;159;86;52;96284;2.52;0.63;0.23;0.23
2011;8;17;229;24;18.8;12.8;15;12.8;11.7;-0.2;-0.4;0.14;2.3;2.5;0;671;226;127;80;96184;3.27;0.01;0.23;0.23
2011;8;18;230;27.3;21.3;14.7;18.1;15.9;13.3;-0.7;1.1;0.14;2.3;2.5;0;648;215;104;66;95991;3.39;0.55;0.22;0.23
2011;8;19;231;23.6;19.3;14.6;18.9;16.2;12.9;2.6;0.7;0.14;2.3;2.5;0;527;139;76;47;96097;2.84;10.51;0.23;0.23
2011;8;20;232;23;17.7;11.8;12.7;11.7;10;0;0;0.14;2.3;2.5;0;657;222;130;88;96596;3.18;0;0.23;0.23
2011;8;21;233;27;21.2;13.8;19.7;16.2;11.5;-0.3;1.2;0.14;2.3;2.5;0;543;170;84;59;96342;2.63;0.04;0.23;0.23
2011;8;22;234;28.2;22.8;17.9;20.1;18.2;17.2;0;-0.4;0.14;2.2;2.5;0;610;196;91;65;96257;3.04;0.13;0.22;0.23
2011;8;23;235;28.7;23.2;18.9;21.1;18.8;16.1;-1.5;0.4;0.14;2.2;2.5;0;635;187;92;69;96039;2.94;0.64;0.22;0.23
2011;8;24;236;28.9;23.2;17.1;20;17.9;16.4;-0.2;-0.3;0.14;2.2;2.5;0;580;196;105;67;95984;3.09;0.76;0.22;0.23
2011;8;25;237;27.6;22.2;17;17.9;16.9;16.3;-1.1;-0.2;0.14;2.2;2.5;0;645;203;112;66;95941;3.29;0.01;0.22;0.23
2011;8;26;238;30.7;24.8;19.6;19.4;17;14.8;-1.7;1.4;0.14;2.2;2.5;0;637;209;110;75;95293;3.54;0.03;0.21;0.23
2011;8;27;239;19.4;13.4;11.6;16.8;10.8;8.5;2.8;1.2;0.14;2.2;2.5;0;150;44;67;34;95885;1.78;5.82;0.21;0.23
2011;8;28;240;18.1;14.3;11;10.4;9.1;7.6;1.4;1.5;0.14;2.2;2.5;0;489;143;89;60;96334;2.2;0.72;0.21;0.23
2011;8;29;241;18.2;14.5;10.9;11.2;8.6;7.1;2.2;0.4;0.14;2.2;2.5;0;490;150;85;63;95998;2.09;0.12;0.21;0.23
2011;8;30;242;16.5;13;9;9.3;7.1;5.5;1.7;-0.2;0.14;2.2;2.5;0;458;137;81;63;95962;1.83;0.28;0.21;0.23
2011;8;31;243;19.1;14;7.7;9.7;7.4;5.6;0.2;-0.6;0.14;2.2;2.5;0;578;164;112;67;95847;2.08;0;0.21;0.23
2011;9;1;244;21.3;15.9;9.6;11.5;9.8;8.2;0.3;-0.1;0.14;2.2;2.5;0;589;184;122;76;95858;2.34;0;0.21;0.23
2011;9;2;245;23.4;17.3;10;15.1;12.4;9.3;0.1;0.8;0.14;2.2;2.5;0;517;167;104;69;95893;2.1;0;0.2;0.23
2011;9;3;246;25.2;19.4;13.2;16.8;14.9;13.2;-1.1;1;0.14;2.2;2.5;0;566;175;100;65;95879;2.34;0.14;0.2;0.23
2011;9;4;247;26.2;20.7;15.3;18;15.8;13.8;-0.3;-0.2;0.14;2.2;2.5;0;510;146;92;53;95573;2.02;4.06;0.2;0.23
2011;9;5;248;17.9;16.2;13.2;16.8;13.3;7.8;3;-0.3;0.14;2.2;2.5;0;173;49;85;38;95944;1.58;16.45;0.22;0.23
2011;9;6;249;20.1;15.4;10.5;9.9;8.1;6.9;2;2.1;0.14;2.2;2.5;0;473;161;106;76;96462;2.46;0.06;0.22;0.23
2011;9;7;250;16.1;14.4;12.7;12.3;9.6;7.3;3.7;1.8;0.14;2.2;2.5;0;329;68;85;38;95727;1.91;3.02;0.22;0.23
2011;9;8;251;13;12.1;10.9;10.6;9.4;7;4.2;1;0.14;2.2;2.5;0;160;43;43;21;95552;2.1;6.15;0.22;0.23
2011;9;9;252;17.8;15.1;11.9;15.2;12.8;10.2;2.4;0.7;0.14;2.2;2.5;0;338;66;38;16;95810;1.21;0.83;0.22;0.23
2011;9;10;253;23.8;19;15;16.9;15.9;14.9;-0.3;1.7;0.14;2.2;2.5;0;324;96;86;37;95879;1.46;0.25;0.22;0.23
2011;9;11;254;26.6;20.4;15.5;18.2;16.7;14.8;0.3;1.4;0.14;2.2;2.5;0;520;164;97;64;95714;2.38;8.03;0.22;0.23
2011;9;12;255;20.2;16.8;14.2;15.7;11.6;9.3;2.9;1.4;0.14;2.1;2.5;0;491;145;104;58;95929;2.64;0.57;0.22;0.23
2011;9;13;256;20.4;17.5;15.3;15;13.2;10.1;3.3;1.3;0.14;2.1;2.5;0;356;89;62;39;95882;1.66;0.61;0.22;0.23
2011;9;14;257;17.1;14.3;9.4;12.2;8.4;5.6;2.6;0;0.14;2.1;2.5;0;537;167;123;80;96153;2.25;0.05;0.22;0.23
2011;9;15;258;16.4;11.9;7;8.8;6.9;5.3;1.4;-0.5;0.14;2.1;2.5;0;458;127;90;67;96430;1.6;0;0.22;0.23
2011;9;16;259;19;13.3;6.3;9.3;7.8;5.4;-1.2;0.5;0.14;2.1;2.5;0;569;175;128;80;96247;2.14;0.18;0.22;0.23
2011;9;17;260;21.5;16.6;12.4;15.7;13.5;8.6;0.8;1.9;0.14;2.1;2.5;0;427;126;77;50;95753;1.85;8.64;0.22;0.23
2011;9;18;261;14.8;12.4;9.3;14.5;11.3;7.2;1.5;0.6;0.14;2.1;2.5;0;63;21;33;21;95153;1.1;16.01;0.23;0.23
2011;9;19;262;13.5;10.5;8;8;7.1;5.4;1;0.4;0.14;2.1;2.5;0;303;76;67;41;95767;1.32;1.42;0.24;0.23
2011;9;20;263;15.7;12.1;8.5;9.5;8;6.8;0.9;-0.7;0.14;2.1;2.5;0;431;111;85;52;96698;1.39;0;0.24;0.23
2011;9;21;264;17.8;13.2;7.8;11.5;9.5;7;0.1;0.5;0.13;2;2.5;0;471;112;90;43;96505;1.42;0.02;0.24;0.23
2011;9;22;265;16.4;13.2;9.6;10.6;10;8.9;2;0.3;0.13;2;2.5;0;300;95;85;52;96332;1.24;0.39;0.23;0.23
2011;9;23;266;17;13;9.5;10.1;8.4;7.1;0.4;-0.5;0.13;2;2.5;0;397;110;95;59;96292;1.39;0.04;0.23;0.23
2011;9;24;267;18.7;12.7;7.1;10.3;8.6;6.1;-1.7;0.3;0.13;2;2.5;0;490;150;115;79;96214;1.72;0;0.23;0.23
2011;9;25;268;21;14.5;6.7;13.7;10.7;6.1;-0.5;0.5;0.13;2;2.5;0;518;151;112;76;96442;1.66;0;0.23;0.23
2011;9;26;269;22.1;15.9;9.3;14.5;11.6;8.7;-0.3;0.1;0.13;2;2.5;0;513;146;118;73;96868;1.7;0;0.23;0.23
2011;9;27;270;22.6;16.4;10.4;13.8;12.1;8.9;-0.5;-0.8;0.13;1.9;2.5;0;501;136;114;68;97224;1.61;0.01;0.23;0.23
2011;9;28;271;19.7;15.7;12.7;13.9;12.9;10.7;-2.3;-0.2;0.13;1.9;2.5;0;345;103;97;55;97388;1.18;0.01;0.23;0.23
2011;9;29;272;21.2;15.2;9.5;12.7;10.2;8.5;-2.1;-0.1;0.13;1.9;2.5;0;497;137;112;81;97289;1.66;0;0.22;0.23
2011;9;30;273;22.8;16.6;11.3;11.1;9.7;7.6;-2.5;0;0.13;1.9;2.5;0;498;144;117;85;97168;1.9;0;0.22;0.23
2011;10;1;274;22.9;16.6;11.3;12.8;10.7;8.8;-1.9;-0.2;0.13;1.9;2.5;0;488;140;112;81;97049;1.72;0;0.22;0.23
2011;10;2;275;23;16.8;9.6;12.9;9.8;7.9;-0.6;0.4;0.13;1.9;2.5;0;493;141;126;83;96930;1.62;0;0.22;0.23
2011;10;3;276;21.8;15.9;9.5;13.8;11.1;7.5;0.9;0.8;0.13;1.8;2.5;0;485;138;115;78;96673;1.42;0;0.22;0.23
2011;10;4;277;21.2;15.3;9.2;12.5;10.4;8.7;2.1;1.1;0.13;1.8;2.5;0;477;136;116;79;96559;1.52;0;0.22;0.23
2011;10;5;278;17.4;14.8;13;12.9;11.9;10.2;2.7;0.9;0.13;1.8;2.5;0;275;59;56;34;96524;0.87;0.64;0.21;0.23
2011;10;6;279;19.1;14.2;9.1;11.6;10.2;7.2;3.1;1.7;0.13;1.8;2.5;0;440;108;91;52;95707;1.84;7.5;0.21;0.23
2011;10;7;280;9.1;7.4;5.9;6.9;5.4;4.2;3.4;0.2;0.13;1.8;2.5;0;254;68;84;40;95404;1.87;8.45;0.22;0.23
2011;10;8;281;8.4;6;4.2;5.6;4.2;2.6;3.6;-1.2;0.13;1.8;2.5;0;288;70;71;33;95525;2.01;10.29;0.23;0.23
2011;10;9;282;9.2;5.9;3.8;2.9;1.1;-0.9;1.7;-0.3;0.13;1.7;2.5;0;343;100;115;58;96337;1.29;0.64;0.23;0.23
2011;10;10;283;13.5;10.2;5.7;13;9.4;2.3;3.3;1.3;0.13;1.7;2.5;0;58;14;11;2;96061;0.66;6.24;0.24;0.23
2011;10;11;284;13.8;12.4;11.6;11.3;10.5;9.9;5;1;0.13;1.7;2.5;0;156;33;16;7;96162;1.06;1.45;0.24;0.23
2011;10;12;285;11.9;10.6;8.1;11;9.8;7.4;2.3;-0.3;0.13;1.7;2.5;0;37;8;15;6;96160;0.63;24.44;0.25;0.23
2011;10;13;286;10.3;7.9;4.3;7.2;3.9;1.9;-0.1;-1.9;0.13;1.7;2.5;0;339;84;80;52;96951;1.16;0.34;0.26;0.23
2011;10;14;287;8.7;5.1;2.4;3.1;0.6;-0.7;-1.8;-0.8;0.13;1.7;2.5;0;449;106;115;75;97491;0.98;0.01;0.26;0.23
2011;10;15;288;9.9;4.9;1.1;0.5;-0.4;-1.8;-2.7;0.1;0.13;1.7;2.5;0;449;121;123;95;97359;1.07;0;0.26;0.23
2011;10;16;289;12.7;6.7;2.7;4.6;1.8;-0.6;-2.4;0.5;0.13;1.6;2.5;0;429;114;110;86;97028;1.03;0;0.26;0.23
2011;10;17;290;11.6;6.4;0.5;6.5;3.7;-0.4;0.2;1.1;0.13;1.6;2.5;0;425;109;108;63;96628;0.83;0.07;0.26;0.23
2011;10;18;291;16.5;10.4;5;8.2;6.5;4.4;1.3;2.5;0.13;1.6;2.5;0;406;99;101;61;95833;1.12;2.21;0.25;0.23
2011;10;19;292;8.3;5.1;3.8;7.2;3.7;2.7;2.1;-0.1;0.12;1.6;2.5;0;91;22;18;12;95943;1.24;7.78;0.26;0.23
2011;10;20;293;7;4.2;0.8;3.5;2.1;0.7;2.3;-0.2;0.12;1.6;2.5;0;346;82;82;50;96658;1.25;1.94;0.26;0.23
2011;10;21;294;6;2.4;-0.8;1.7;0.4;-1;-0.7;0.1;0.12;1.6;2.5;0;270;66;102;46;97081;0.52;0;0.26;0.23
2011;10;22;295;7.3;2.3;-1.5;1.5;-0.3;-2.8;-2.3;0.1;0.12;1.6;2.5;0;412;106;119;87;96771;0.61;0;0.26;0.23
2011;10;23;296;8;2.8;-2.5;3;0.6;-3.3;-2.5;0.3;0.12;1.6;2.5;0;396;98;108;76;96358;0.55;0.02;0.26;0.23
2011;10;24;297;12.4;7.5;4;4.8;3.7;2.8;-4.1;1.4;0.12;1.6;2.5;0;324;87;103;66;95713;0.87;0.03;0.26;0.23
2011;10;25;298;11;7.9;4.8;6.3;4.4;3.2;-3.5;0.5;0.12;1.6;2.5;0;357;85;99;54;95173;0.79;0.58;0.26;0.23
2011;10;26;299;10.4;7.4;4.1;7.1;6;3.9;0.1;0.3;0.12;1.6;2.5;0;132;37;50;35;95852;0.44;0.61;0.25;0.23
2011;10;27;300;10.6;7.8;3.5;8;6.7;3.5;-2;-0.2;0.12;1.6;2.5;0;147;36;44;17;96136;0.34;0.04;0.25;0.23
2011;10;28;301;12.1;8;4.9;7.8;6.3;4.8;0;0.8;0.12;1.6;2.5;0;253;62;95;43;96758;0.51;0.04;0.25;0.23
2011;10;29;302;12.7;7.2;3.1;8.4;6;3;-1.1;0.5;0.12;1.6;2.5;0;305;69;97;48;96931;0.42;0;0.25;0.23
2011;10;30;303;11.1;6.3;2.6;7.8;5.4;2.6;-0.2;0.9;0.12;1.6;2.5;0;267;61;87;43;96688;0.44;0;0.25;0.23
2011;10;31;304;12.9;7.3;3.3;8.8;6.2;3.3;-1.5;-0.2;0.12;1.6;2.5;0;310;67;104;44;96430;0.31;0.03;0.25;0.23
2011;11;1;305;9.8;7;5;6.8;6;4.9;-0.9;1.3;0.12;1.6;2.5;0;171;40;69;33;96199;0.3;0.02;0.25;0.23
2011;11;2;306;10.3;6.1;3.1;6.8;5.1;3;-1.3;0.9;0.12;1.6;2.5;0;240;50;87;40;96064;0.33;0.02;0.25;0.23
2011;11;3;307;12.1;6.3;2.7;5.8;3.8;2;-2;0.7;0.12;1.6;2.5;0;327;78;101;72;95466;0.55;0.01;0.25;0.23
2011;11;4;308;11.6;6.5;3.7;6.3;4.2;2.6;-2.1;0.5;0.12;1.6;2.5;0;293;63;91;59;95199;0.45;0;0.25;0.23
2011;11;5;309;13.9;8.2;4.2;8.4;5.9;3.4;-2.3;0.2;0.12;1.6;2.5;0;295;67;82;52;95279;0.5;0;0.25;0.23
2011;11;6;310;13;9.1;6.8;8.8;7.4;6.1;-2.6;-0.4;0.12;1.6;2.5;0;283;61;90;51;95648;0.43;0.01;0.24;0.23
2011;11;7;311;13.1;8.7;5.9;6.2;5.3;4.2;-3.1;-0.3;0.12;1.6;2.5;0;325;75;98;77;95989;0.65;0;0.24;0.23
2011;11;8;312;11.6;6.9;3.7;6.4;4.8;2.9;-2.5;-0.1;0.11;1.5;2.5;0;317;71;97;68;96241;0.46;0.01;0.24;0.23
2011;11;9;313;10.3;6.1;4;7;5.2;3.7;-1.5;-0.2;0.11;1.5;2.5;0;274;58;103;52;96499;0.26;0.03;0.24;0.23
2011;11;10;314;8.2;5.9;3.8;5.7;4.7;3.4;-2.3;-0.3;0.11;1.5;2.5;0;178;41;38;19;96606;0.35;0.12;0.24;0.23
2011;11;11;315;5.2;2.5;-0.2;2.7;-1.2;-3.3;-3.5;0.2;0.11;1.5;2.5;0;255;61;89;71;96882;0.49;0;0.24;0.23
2011;11;12;316;6.7;1.8;-1.3;1.4;-1.2;-3.6;-1.8;0.5;0.11;1.5;2.5;0;301;69;105;78;97490;0.33;0;0.24;0.23
2011;11;13;317;8.2;1.7;-1.7;1.2;-1.7;-3.4;-1.9;-0.3;0.11;1.5;2.5;0;312;70;112;77;97532;0.41;0;0.24;0.23
2011;11;14;318;7;1.1;-2.3;1.6;-1.7;-4.1;-1.3;-0.4;0.11;1.5;2.5;0;289;66;106;75;96956;0.28;0;0.24;0.23
2011;11;15;319;7;0.8;-2.7;0.1;-2.5;-4.9;-1.8;-0.7;0.11;1.5;2.5;0;302;69;108;77;96502;0.3;0;0.24;0.23
2011;11;16;320;3.8;-0.2;-2;-1.1;-2.4;-3.3;-2.2;-0.1;0.11;1.5;2.5;0;298;62;98;66;96526;0.25;0.01;0.24;0.23
2011;11;17;321;3.8;0.6;-3.1;1.7;-0.7;-3.9;0.7;1.2;0.11;1.5;2.5;0;179;34;64;27;96655;0.15;0.11;0.24;0.23
2011;11;18;322;6.3;3;1;4.5;2.5;0.9;-0.3;0.7;0.11;1.5;2.5;0;127;27;48;18;96730;0.16;0.16;0.24;0.23
2011;11;19;323;7.7;3.5;1;4.2;2.5;0.9;-1;0.8;0.11;1.5;2.5;0;214;46;101;43;96602;0.2;0.01;0.24;0.23
2011;11;20;324;4.6;2.6;0.8;1.5;1.1;0.6;-1.1;0.8;0.11;1.6;2.5;0;57;13;38;14;96553;0.14;0;0.24;0.23
2011;11;21;325;8.4;3.4;-0.3;3.8;1.5;-0.8;-1;1.1;0.11;1.6;2.5;0;265;56;91;59;96278;0.24;0;0.24;0.23
2011;11;22;326;7.8;2.1;-1.6;4.8;1.2;-2;-1.4;0.2;0.11;1.6;2.5;0;251;54;95;59;96334;0.11;0;0.23;0.23
2011;11;23;327;3.9;1.2;-0.2;2.3;0.8;-0.3;-0.8;-0.2;0.11;1.6;2.5;0;164;35;64;29;96987;0.19;0.02;0.23;0.23
2011;11;24;328;3.2;0.5;-1;1.3;-0.1;-1.4;-0.2;0.5;0.11;1.6;2.5;0;189;38;72;32;97517;0.15;0;0.23;0.23
2011;11;25;329;3.1;-0.1;-2;-0.6;-2;-2.6;0.4;1.3;0.11;1.6;2.5;0;257;53;91;55;97068;0.23;0.06;0.23;0.23
2011;11;26;330;2.6;1.6;0.3;2.2;1.4;0;2.2;1.2;0.11;1.6;2.5;0.01;58;13;38;7;97189;0.08;0.58;0.23;0.23
2011;11;27;331;6.1;3.1;-0.2;4.6;1.2;-1.1;3.2;1.4;0.11;1.6;2.5;0;215;47;80;43;96581;0.46;0.1;0.23;0.23
2011;11;28;332;5.2;3;-1.7;4.8;1.8;-2.5;0.3;0.3;0.11;1.6;2.5;0;135;29;86;37;97018;0.1;0.04;0.23;0.23
2011;11;29;333;3;-0.1;-3.1;1.2;-1.2;-4.2;-0.6;1.8;0.11;1.6;2.5;0;157;36;78;56;96532;0.03;0.01;0.23;0.23
2011;11;30;334;4.7;3;0.8;4.6;2.5;-0.5;0.5;1.2;0.11;1.6;2.5;0;40;7;61;12;96883;-0.03;1.28;0.23;0.23
2011;12;1;335;5.5;3.5;1.3;4.5;2.8;1.2;-0.4;2.4;0.11;1.6;2.5;0;120;27;63;26;96411;0.27;0.03;0.23;0.23
2011;12;2;336;10.6;5.6;2.4;5.8;2.8;-0.4;1.3;1.5;0.11;1.6;2.5;0;230;45;78;41;95687;0.46;1.65;0.23;0.23
2011;12;3;337;6.1;4.3;3;4.4;2.6;0.1;3;2.6;0.11;1.7;2.5;0;171;32;59;18;95473;0.98;5.81;0.23;0.23
2011;12;4;338;8;6.8;5.2;6.5;6;4.5;3.8;2.5;0.11;1.7;2.5;0;44;7;19;4;94626;0.83;23.73;0.24;0.23
2011;12;5;339;8.5;2.9;0.5;7;0.7;-3.9;4.3;1.1;0.11;1.7;2.5;0.35;219;40;87;45;94542;1.3;11.32;0.27;0.23
2011;12;6;340;2;0.7;-0.1;-0.3;-0.8;-1.1;3.5;1.2;0.18;1.7;2.5;4.74;133;26;51;35;95107;0.44;6.51;0.27;0.23
2011;12;7;341;3.5;1.2;0.2;2.8;0.3;-1.4;4;1.5;0.27;1.7;2.5;10.25;46;8;56;22;94953;0.24;12.57;0.27;0.23
2011;12;8;342;2.6;1.6;0.8;-0.3;-1.8;-3;4.1;1.2;0.29;1.7;2.5;11.76;118;20;78;40;96087;0.82;0.59;0.27;0.23
2011;12;9;343;7.2;3.7;0.3;5.8;2.2;-0.3;3.6;1.9;0.22;1.7;2.5;7.66;38;6;42;14;95412;0.35;10.89;0.28;0.24
2011;12;10;344;2.7;0.4;-2.8;0.9;-0.9;-4.1;2.3;0.9;0.2;1.7;2.5;5.99;157;29;84;49;95724;0.33;1.12;0.29;0.24
2011;12;11;345;1.8;-1.5;-4.7;0.6;-3.2;-5.5;0.1;1.6;0.19;1.7;2.5;5.69;212;43;102;61;96004;0.1;0;0.29;0.24
2011;12;12;346;4.7;2.3;0.1;4;1.3;-0.6;1.1;1.9;0.18;1.7;2.5;4.96;108;18;84;29;95438;0.07;1.93;0.29;0.24
2011;12;13;347;6.6;2.9;-1;3.9;0.2;-2.3;1.5;3.4;0.16;1.7;2.5;3.59;120;22;74;36;95226;0.62;1.23;0.29;0.24
2011;12;14;348;6.6;4.7;3;4.2;2.9;0.8;2.3;3.3;0.13;1.7;2.5;1.77;116;21;67;37;95006;1.11;6.84;0.29;0.24
2011;12;15;349;3.8;2.1;1;1.6;0.3;-1;2.4;2.7;0.13;1.7;2.5;1.94;155;26;66;44;95217;0.69;4.3;0.29;0.24
2011;12;16;350;6.1;2.3;0.8;4.2;1;-0.4;2.5;3.8;0.24;1.7;2.5;9.25;29;5;40;16;93198;0.43;22.31;0.29;0.24
2011;12;17;351;1.7;0.4;-0.2;-0.3;-0.9;-1.4;4.7;-0.5;0.31;1.7;2.5;13.55;157;29;81;39;94141;0.4;3.95;0.3;0.24
2011;12;18;352;-0.1;-1.1;-2;-1.2;-2.4;-2.7;3.1;1;0.33;1.7;2.5;15.81;77;15;63;34;95183;0.23;1.92;0.3;0.24
2011;12;19;353;-0.6;-2;-2.8;-2.7;-3.9;-5.1;2.2;1;0.34;1.7;2.5;16.96;104;20;64;32;95982;0.21;0.71;0.29;0.25
2011;12;20;354;-0.3;-2;-3.8;-0.8;-4.2;-5.8;0.9;2.1;0.35;1.6;2.5;17.6;100;16;67;26;95434;0.27;1.88;0.29;0.25
2011;12;21;355;1.2;0.3;-0.4;0.5;-0.3;-0.8;3.3;-0.2;0.37;1.6;2.5;21.18;83;17;35;21;95769;-0.01;6.24;0.29;0.25
2011;12;22;356;1.7;0.7;-0.3;1.6;0.6;-0.7;1.3;0.6;0.37;1.6;2.5;23.39;46;8;24;4;96402;-0.02;2.99;0.29;0.25
2011;12;23;357;4.7;3.6;1.9;4.7;3.6;1.9;1.7;1;0.34;1.6;2.5;19.11;15;3;5;-3;96390;-0.31;1.32;0.29;0.25
2011;12;24;358;4.1;2.4;0.3;3.8;1.8;-0.3;3.7;0.2;0.27;1.6;2.5;12.09;73;14;44;19;96238;0.02;5.31;0.3;0.25
2011;12;25;359;2.5;1.1;-0.3;2.3;0.5;-0.8;2.9;1.1;0.25;1.6;2.5;10.96;64;10;50;11;97447;0.15;2.36;0.3;0.25
2011;12;26;360;4.4;3.6;2.5;4.1;3.4;2.5;2;0.9;0.21;1.5;2.5;8.05;35;7;3;0;97822;-0.13;0.24;0.3;0.25
2011;12;27;361;5.9;4.8;3.9;5.6;4.6;3.8;1;0.4;0.17;1.5;2.5;5.19;51;9;4;0;97785;0.03;0.5;0.3;0.26
2011;12;28;362;4.1;3.1;1.6;4;2;-0.1;1;2;0.15;1.5;2.5;3.58;116;23;79;27;96955;0.27;0.34;0.3;0.26
2011;12;29;363;2.9;1.9;0.9;2.6;0.2;-2.4;4.1;1.6;0.14;1.5;2.5;2.8;149;30;69;30;96210;0.73;3.33;0.3;0.26
2011;12;30;364;1.1;0.4;-0.7;-0.2;-0.9;-1.5;4.3;0.3;0.25;1.5;2.5;10.23;102;21;61;30;95272;0.34;9.67;0.3;0.26
2011;12;31;365;1.9;0.2;-1;1.8;-0.4;-1.5;1;1.5;0.31;1.4;2.5;14.25;60;12;37;11;95705;0.06;6.03;0.29;0.26
2012;1;1;1;8.7;6.9;2.4;8.2;6.6;2.3;2.4;1.8;0.28;1.4;2.5;11.44;27;4;15;-2;95791;-0.46;3.57;0.3;0.26
2012;1;2;2;8.4;6.9;4.2;7.4;5.9;3.2;2.6;1.9;0.16;1.4;2.5;3.48;39;8;38;14;95497;0.28;5.49;0.31;0.26
2012;1;3;3;7.2;4.4;2.1;5;0.8;-3.9;3.2;3;0.13;1.4;2.5;1.38;176;35;90;32;96062;0.97;2.66;0.31;0.27
2012;1;4;4;7.3;3.7;1.8;5.7;1.4;-2.3;4.8;1.2;0.11;1.4;2.5;0.74;157;32;76;38;95638;1.12;6.57;0.31;0.27
2012;1;5;5;3.5;2.3;0.7;2.9;0.9;-1.2;5.9;1.9;0.13;1.4;2.5;2.13;37;6;57;18;93852;1.06;18.7;0.32;0.27
2012;1;6;6;2.5;0.9;0.3;0;-1.7;-2.8;4.2;-2.1;0.17;1.3;2.5;4.57;172;36;85;48;95190;0.52;3.36;0.32;0.27
2012;1;7;7;2.7;1.1;0;1.9;0.3;-1.4;4.1;0.6;0.22;1.3;2.5;7.95;54;8;36;13;95820;0.13;8.58;0.31;0.28
2012;1;8;8;1.7;0.9;-0.3;1.3;0.4;-0.9;3.3;-0.5;0.26;1.3;2.5;10.74;123;20;53;30;95989;0.1;5.54;0.31;0.28
2012;1;9;9;3.8;1.7;0.5;3.7;1.2;-0.1;3.1;-0.3;0.26;1.3;2.5;10.53;101;17;43;14;96734;0.12;5.14;0.31;0.28
2012;1;10;10;4.1;3.4;2.1;4;1.5;-0.8;2.9;-1.2;0.21;1.3;2.5;7.33;157;30;60;26;97230;0.31;1.36;0.31;0.28
2012;1;11;11;5;3.4;1.7;3.3;2.7;1.5;2.5;0.5;0.18;1.2;2.5;5.18;84;13;47;13;97432;0.04;0.39;0.31;0.28
2012;1;12;12;5.4;3.8;2.5;3.3;2.6;1.8;3.6;1.3;0.15;1.2;2.5;2.96;106;18;49;14;96636;0.37;4.2;0.31;0.29
2012;1;13;13;1.9;0.7;-0.1;1;-1.2;-3.3;4.9;-1.3;0.16;1.2;2.5;4.03;181;35;85;47;96291;0.79;5.16;0.31;0.29
2012;1;14;14;1.4;-0.5;-2.7;-2.4;-4.4;-6;3;-2.1;0.2;1.2;2.5;6.8;189;41;96;68;96480;0.47;1.14;0.31;0.29
2012;1;15;15;-0.9;-2.6;-4.1;-4.7;-6.3;-7.8;0.5;-1.8;0.21;1.2;2.5;6.97;144;28;71;46;96591;0.18;0;0.3;0.29
2012;1;16;16;-1.1;-3.3;-5.3;-6.3;-7.8;-9.2;-0.1;-0.6;0.2;1.2;2.5;6.82;231;47;104;56;96778;0.12;0.02;0.3;0.29
2012;1;17;17;-0.2;-2.5;-4.2;-4.6;-5.4;-6.6;1.6;-0.3;0.2;1.2;2.5;6.78;131;28;62;38;97006;0.1;0.13;0.29;0.29
2012;1;18;18;2.6;-1.8;-6;-3.7;-5.6;-6.9;1.7;1.1;0.2;1.2;2.5;6.64;239;51;103;65;97110;0.17;0.35;0.29;0.29
2012;1;19;19;5.6;2.3;-0.4;5.3;1.7;-3.1;4.4;1;0.31;1.2;2.5;13.34;19;4;23;2;96003;-0.2;25.03;0.3;0.29
2012;1;20;20;1.7;0.3;-1.3;1;-0.8;-2.2;3.8;-0.2;0.32;1.1;2.5;14.08;154;30;73;42;95497;0.27;5.99;0.31;0.29
2012;1;21;21;5.3;1.1;-2.4;5;0.4;-2.9;3.6;1.1;0.35;1.1;2.5;17.51;46;8;45;11;95208;-0.2;15.43;0.31;0.29
2012;1;22;22;3.3;2.1;1;1.9;0.5;-0.9;6.2;0.4;0.32;1.1;2.5;14.99;147;28;58;32;94970;0.4;5.91;0.32;0.29
2012;1;23;23;2.8;1.3;-0.6;1.8;0.4;-1.2;3.5;0.1;0.27;1.1;2.5;12.06;112;28;61;35;95608;0.17;2.69;0.32;0.3
2012;1;24;24;1.2;-0.8;-2.8;-1.2;-2.4;-4;2.2;-1;0.29;1.1;2.5;13.33;166;34;79;38;96050;0.31;2.04;0.32;0.3
2012;1;25;25;1;-0.8;-2.4;-1.8;-3.3;-5;0.1;0;0.29;1.1;2.5;13.67;171;34;72;30;96483;0.22;0.22;0.31;0.3
2012;1;26;26;-0.9;-3;-5.6;-4.5;-6.8;-9.2;-2.4;0.9;0.29;1.1;2.4;13.38;227;50;106;65;96401;0.36;0;0.31;0.3
2012;1;27;27;0;-3.7;-7.8;-3.8;-7.2;-11.3;-1.3;0.8;0.28;1.1;2.4;13.13;146;31;69;29;96592;0.23;0.35;0.3;0.3
2012;1;28;28;-1.2;-2.6;-3.7;-4.3;-4.7;-5.5;-1.3;-0.7;0.32;1.1;2.4;15.33;72;17;41;15;96789;0.17;3.35;0.3;0.3
2012;1;29;29;-0.9;-2.8;-4.3;-5.1;-5.8;-7.8;-3.3;-0.5;0.34;1.1;2.4;16.31;167;35;59;35;96716;0.4;0.05;0.29;0.3
2012;1;30;30;-0.8;-4;-6.5;-7.9;-9.1;-11.3;-3.3;0.2;0.33;1.1;2.4;15.9;221;49;94;70;96672;0.5;0;0.29;0.3
2012;1;31;31;-3.5;-6.2;-8.1;-10.3;-11.5;-13;-4.4;-0.7;0.33;1.1;2.4;15.41;223;53;95;80;96455;0.52;0;0.29;0.3
2012;2;1;32;-5.4;-9.1;-13;-12.4;-14.5;-18.4;-4;-1.9;0.32;1.1;2.4;14.95;264;60;109;93;96663;0.47;0;0.28;0.3
2012;2;2;33;-8.4;-12.5;-14.9;-17.1;-18.8;-20.5;-3.7;-1.8;0.31;1.1;2.4;14.49;276;63;111;94;96893;0.41;0;0.28;0.3
2012;2;3;34;-8.3;-14.1;-17.8;-17.6;-19.6;-21.2;-2;-1.6;0.31;1.1;2.4;14.16;280;66;117;91;97224;0.26;0;0.28;0.3
2012;2;4;35;-10.2;-15.6;-21.2;-16;-19;-22.5;-1.3;-1.6;0.3;1.1;2.4;13.97;197;45;79;49;97541;0.2;0;0.28;0.3
2012;2;5;36;-10;-16.5;-22.9;-16.3;-19.8;-24;-1.9;-0.6;0.3;1.1;2.4;13.81;280;62;105;66;97336;0.2;0;0.27;0.3
2012;2;6;37;-10.3;-16.9;-22.3;-18.3;-20.9;-23.9;-1.1;-1.5;0.3;1.1;2.4;13.64;297;70;115;76;97275;0.22;0;0.27;0.3
2012;2;7;38;-10;-13.7;-19.3;-14.9;-17.5;-22.2;-1.8;-2.3;0.31;1.1;2.4;13.85;177;39;48;22;97284;0.29;0.65;0.27;0.3
2012;2;8;39;-4.1;-10.1;-13.7;-13.1;-14.8;-16.3;-2.4;-1.7;0.31;1.1;2.4;13.83;270;65;96;66;97457;0.3;0;0.27;0.3
2012;2;9;40;-5.9;-10.6;-17.8;-9.5;-13.3;-19.4;-0.1;-2.3;0.31;1.1;2.4;14.03;221;43;66;39;97117;0.19;1.08;0.26;0.3
2012;2;10;41;-7.8;-11.3;-14.7;-12.1;-15.1;-17.4;-2.2;-1.8;0.32;1.1;2.4;14.47;286;67;96;69;97529;0.23;0.01;0.26;0.3
2012;2;11;42;-7.9;-13.4;-17.6;-15.6;-17.6;-20;-2.2;-1.6;0.32;1.1;2.4;14.26;303;74;111;81;97173;0.19;0;0.26;0.3
2012;2;12;43;-4.6;-12.9;-20.2;-13.3;-17.9;-21.9;-0.1;-1;0.31;1.1;2.4;14;312;76;120;71;96948;0.32;0;0.26;0.3
2012;2;13;44;-4.1;-8.4;-14.4;-6.9;-10.9;-18.7;1.4;0.5;0.32;1.1;2.4;14.44;183;34;32;11;96239;0.17;1.47;0.25;0.3
2012;2;14;45;-0.1;-4;-8.8;-2.2;-5.7;-9.6;1.9;0.6;0.34;1.1;2.4;15.9;158;35;39;15;95603;0.22;2.36;0.25;0.3
2012;2;15;46;1.6;-0.1;-1.5;-1;-2.6;-3.9;5.1;-1.8;0.37;1.1;2.4;22.04;249;57;78;44;94737;0.5;7.49;0.25;0.3
2012;2;16;47;1.7;-1.2;-3;-1.7;-5;-8.6;2.7;-1.3;0.37;1.1;2.4;24.01;259;58;83;51;96225;0.53;0.85;0.25;0.3
2012;2;17;48;2;1.1;-0.4;1.6;0.7;-1.1;3.5;0.2;0.37;1.1;2.4;25.9;84;20;11;4;96290;-0.16;5.97;0.25;0.3
2012;2;18;49;2.9;1.9;0.4;2.2;1.5;0.3;1.9;1.5;0.36;1.1;2.4;22.12;90;17;15;4;96055;-0.31;3.72;0.25;0.3
2012;2;19;50;2.6;0.8;-3.3;1.7;-1.3;-4.7;2.5;0.5;0.33;1.1;2.4;17.49;263;49;99;40;95860;0.14;7.92;0.27;0.3
2012;2;20;51;1.7;-2.3;-6;-4.7;-6.5;-9.5;1;-0.6;0.31;1.1;2.4;16.23;274;76;108;62;97299;0.4;0;0.27;0.3
2012;2;21;52;2.2;-3.1;-9.9;-3.9;-7.2;-12.8;1.4;0.9;0.3;1.1;2.4;15.42;292;76;90;46;97288;0.46;0.72;0.27;0.3
2012;2;22;53;4.7;0.6;-2.6;0.6;-1.9;-3.8;0.9;1.4;0.29;1.1;2.4;13.91;283;74;97;48;97148;0.05;0;0.27;0.3
2012;2;23;54;2.4;1.4;-1.2;2.4;-0.5;-4.1;3;1;0.26;1.1;2.4;11.89;54;13;61;9;96560;0.13;0.72;0.27;0.3
2012;2;24;55;5.6;4.2;2.4;5.5;4;2.4;3.6;0.6;0.21;1.1;2.5;8.19;104;23;4;0;96680;-0.38;0.65;0.27;0.3
2012;2;25;56;8.1;5;1.6;5.5;1.9;-1.1;3.3;-1;0.16;1.2;2.5;3.97;393;86;105;38;96379;0.51;0.23;0.27;0.3
2012;2;26;57;4;1.2;-3;1.9;-0.3;-3.5;2.1;-1.9;0.15;1.2;2.5;2.96;197;60;85;43;96350;0.53;2.02;0.27;0.3
2012;2;27;58;4.3;0.3;-4;-0.1;-2.7;-4.6;2.1;-0.2;0.15;1.2;2.5;2.73;355;73;76;39;96708;0.44;0.34;0.27;0.3
2012;2;28;59;4.8;3.1;1.1;4.6;2.7;-0.1;3.1;0;0.14;1.2;2.5;2.25;67;16;22;2;96457;-0.08;1.56;0.27;0.29
2012;2;29;60;8.1;6.1;4.7;7.7;5.9;4.6;1.9;-0.9;0.13;1.2;2.5;1.17;88;22;7;-1;96632;-0.08;0.06;0.27;0.29
2012;3;1;61;10.5;7.1;4.6;8.3;6.5;4.6;0.4;-0.6;0.12;1.2;2.5;0.57;204;54;35;6;96786;0.34;0.11;0.27;0.29
2012;3;2;62;11.7;7;3.2;6.5;5.2;2.4;-0.3;-1;0.12;1.2;2.5;0.25;338;80;82;33;96848;0.5;0.11;0.27;0.29
2012;3;3;63;9.4;4.7;0.9;2.8;1.4;0;-2.2;0.5;0.12;1.2;2.5;0.13;346;87;77;35;96714;0.65;0.13;0.27;0.29
2012;3;4;64;6.5;4.2;1.9;3.1;1.2;-1.5;-1.1;0.3;0.12;1.2;2.5;0.06;133;31;50;15;96392;0.36;0.34;0.26;0.29
2012;3;5;65;3.4;1;-2;0.8;-2.2;-5.3;-0.3;0.7;0.12;1.3;2.5;0.17;192;41;72;39;96173;0.53;1.56;0.26;0.29
2012;3;6;66;6.5;1.3;-3.6;-0.1;-2.5;-4.2;-1.2;-0.3;0.12;1.3;2.5;0.22;426;99;86;51;96720;0.63;0;0.26;0.29
2012;3;7;67;7.3;2;-3.1;-1.6;-3.5;-6.4;0;1.4;0.12;1.3;2.5;0.17;508;128;118;66;96482;0.61;0.08;0.26;0.29
2012;3;8;68;6;2.1;-1.6;0.7;-1.2;-3.3;2.4;-1.2;0.14;1.3;2.5;1.79;376;83;95;45;96457;0.9;3.53;0.26;0.29
2012;3;9;69;6.5;1.7;-2.3;-1;-3;-4.5;1;-0.3;0.14;1.3;2.5;1.69;510;137;126;79;97768;0.68;0;0.26;0.29
2012;3;10;70;7.3;3.3;-1.5;3.1;-0.4;-4.2;1.9;0.4;0.13;1.3;2.5;1.18;365;94;83;38;97569;0.39;0;0.25;0.29
2012;3;11;71;6.4;5.1;4.2;4.4;3.2;1.7;2.3;-1.9;0.13;1.3;2.5;0.56;195;46;29;11;97124;0.59;1.59;0.25;0.29
2012;3;12;72;6.8;5.5;4.1;4.5;4;3.5;2.6;-1.9;0.12;1.3;2.5;0.23;162;43;20;9;97027;0.62;0.9;0.25;0.29
2012;3;13;73;7;5.1;3.4;4.3;2.7;1.8;1.5;-1.3;0.12;1.3;2.5;0.09;213;54;34;16;97217;0.57;0.61;0.25;0.29
2012;3;14;74;8.3;4.4;0.9;2;1.5;0;0.9;-1;0.12;1.3;2.5;0.03;345;90;102;38;97221;0.69;0.12;0.25;0.29
2012;3;15;75;12.1;4.9;-1.7;3.8;0.9;-2;-0.1;0.8;0.12;1.4;2.5;0;539;156;127;82;97140;1.01;0;0.25;0.29
2012;3;16;76;17.3;7.6;-1.2;5.2;2.2;-2;0.2;1.9;0.12;1.4;2.5;0;558;163;136;88;96674;1.25;0;0.25;0.29
2012;3;17;77;17.1;8.8;0.2;4.2;1.3;-1.4;1.1;1.3;0.12;1.4;2.5;0;560;164;134;85;96210;1.48;0;0.24;0.29
2012;3;18;78;14.9;7.7;2;6.2;2.6;-2;1.5;0.5;0.12;1.4;2.5;0;550;145;116;62;95945;1.33;2.71;0.24;0.29
2012;3;19;79;9.2;4.8;-0.8;3.4;-0.7;-4.2;0.8;-1.4;0.12;1.4;2.5;0;582;162;140;81;96929;1.44;0.06;0.24;0.29
2012;3;20;80;10.7;4.2;-2.9;-0.5;-3.2;-5.1;0.4;-0.6;0.12;1.4;2.5;0;586;175;141;97;97631;1.26;0;0.24;0.29
2012;3;21;81;13.6;7;-0.2;4;0;-3.3;-1;-0.8;0.12;1.5;2.5;0;578;173;134;89;97695;1.26;0;0.24;0.29
2012;3;22;82;15.1;8.2;1.5;7.3;4.6;0.6;-2.4;-0.8;0.12;1.5;2.5;0;567;166;121;80;97347;1.22;0;0.23;0.29
2012;3;23;83;15.9;9;3.6;8.1;5.5;2.8;-1.8;-1;0.12;1.5;2.5;0;545;157;114;80;96915;1.3;1.04;0.23;0.29
2012;3;24;84;15.2;8.6;1.3;6.7;3.8;0.6;-1.3;-1.3;0.13;1.5;2.5;0;506;154;108;75;96853;1.49;0.59;0.23;0.29
2012;3;25;85;16.3;9.1;1.8;6.5;1.8;-0.7;-0.3;-2.1;0.13;1.5;2.5;0;598;182;141;93;97133;1.74;0;0.23;0.29
2012;3;26;86;13.7;7.5;1.1;4.2;0.5;-1.7;-1;-1.6;0.13;1.5;2.5;0;601;184;138;96;97456;1.55;0;0.23;0.29
2012;3;27;87;15.8;8.1;0.5;5.8;2;-2.9;0.7;-1.7;0.13;1.5;2.5;0;593;181;122;88;97318;1.44;0;0.22;0.29
2012;3;28;88;16.4;9.9;3.3;6.9;3.6;0.6;1.5;-1.2;0.13;1.6;2.5;0;596;185;130;91;96947;1.64;0;0.22;0.29
2012;3;29;89;11.9;7.4;4.3;2.2;1.2;0.1;4;-1.8;0.13;1.6;2.5;0;577;137;110;62;96041;1.32;0.49;0.22;0.29
2012;3;30;90;8.2;5.9;4.2;4.5;3.6;2.1;4.7;-1.4;0.13;1.6;2.5;0;268;58;36;16;95683;1.51;3.42;0.22;0.29
2012;3;31;91;7.2;4.5;-0.1;4;0.8;-3.7;4.3;-1.8;0.13;1.6;2.5;0;318;82;91;40;95262;1.63;2.39;0.22;0.28
2012;4;1;92;6.4;2.1;-2.4;-2.9;-5.6;-7.9;2.2;-0.6;0.13;1.6;2.5;0;520;171;107;87;95758;1.27;0.01;0.22;0.28
2012;4;2;93;9.3;4.5;-0.1;2.7;-0.3;-5.5;1.4;-0.3;0.13;1.6;2.5;0;439;123;67;50;95305;0.89;0;0.22;0.28
2012;4;3;94;15.8;8.6;0.4;5.4;2.5;-0.3;0;1.2;0.13;1.7;2.5;0;616;198;124;79;94799;1.68;0.11;0.22;0.28
2012;4;4;95;13.4;9.7;5.3;7;4.6;2.2;1.9;0.4;0.13;1.7;2.5;0;450;132;78;46;95048;1.55;3.08;0.21;0.28
2012;4;5;96;8.6;6.1;3.5;5.3;3.6;2.1;-2.8;-1.8;0.13;1.7;2.5;0;288;79;38;25;95574;1.21;1.68;0.21;0.28
2012;4;6;97;8.8;4.9;2.3;2.2;1.4;0.7;0.7;-0.9;0.13;1.7;2.5;0;345;92;54;32;95254;0.88;0;0.21;0.28
2012;4;7;98;6.5;3.1;0.1;1.2;-1.7;-5.8;2.2;-1.3;0.14;1.7;2.5;0.08;505;140;111;61;94757;1.76;2.35;0.21;0.28
2012;4;8;99;3.7;0.6;-2.4;-5.7;-7.7;-9.9;0.7;-2.2;0.14;1.7;2.5;0.33;500;149;104;69;95434;1.21;0.47;0.21;0.28
2012;4;9;100;6;2.4;-2.7;2.5;-2.1;-7.5;1;2.5;0.14;1.7;2.5;0.39;478;113;76;43;95214;0.75;0.56;0.21;0.28
2012;4;10;101;17.1;9.9;3.5;4.9;3.2;1.5;-0.1;2.5;0.14;1.8;2.5;0.16;525;178;122;60;94447;2;0.32;0.21;0.28
2012;4;11;102;10;7.2;5.1;7.4;5.4;4;1.6;-0.5;0.14;1.8;2.5;0.02;287;67;41;21;94320;1.23;13.26;0.21;0.28
2012;4;12;103;11.8;6.8;2;5.8;3.9;1.8;1.2;0.7;0.14;1.8;2.5;0;599;173;107;66;94618;1.78;2.19;0.22;0.28
2012;4;13;104;11.4;6;1;2.9;0.2;-2.9;0.9;-0.6;0.14;1.8;2.5;0;531;161;116;69;94749;1.81;0.03;0.22;0.28
2012;4;14;105;12;7.1;1;2.1;-0.1;-1.2;-2.5;-1.4;0.14;1.8;2.5;0;620;178;105;77;94603;1.83;0;0.22;0.28
2012;4;15;106;9.5;6.5;3.7;4.7;3.1;0;-1.3;-3.4;0.14;1.8;2.5;0;255;75;79;29;94759;1.53;4.13;0.22;0.28
2012;4;16;107;7.3;4.3;0;3.4;-1.3;-4.8;0.1;-3.6;0.14;1.9;2.5;0;391;113;98;51;95626;1.75;1.14;0.22;0.28
2012;4;17;108;7.8;3.7;-1.7;-1.9;-3.8;-5;-0.1;0.9;0.14;1.9;2.5;0;527;161;117;72;95459;1.45;0.04;0.22;0.28
2012;4;18;109;9.9;5.6;0.7;2.6;0.2;-4;-0.4;1.9;0.14;1.9;2.5;0;495;141;79;62;94281;1.42;0.6;0.21;0.28
2012;4;19;110;13.2;7.6;1.3;5.3;3.1;0.6;-0.6;0.2;0.14;1.9;2.5;0;610;185;111;69;93816;1.83;0.9;0.21;0.28
2012;4;20;111;11.6;7.1;1.4;6.5;4.3;0.6;1.5;0.4;0.14;1.9;2.5;0;491;145;78;57;94167;1.85;2.82;0.21;0.28
2012;4;21;112;12.9;7.4;1.7;5;3.3;1.2;1.5;2;0.14;2;2.5;0;618;204;108;73;94699;2.08;5.75;0.21;0.28
2012;4;22;113;10.5;6.8;4.1;4.5;3.2;1.2;2.6;1.4;0.14;2;2.5;0;571;170;92;49;95114;2.25;2.42;0.22;0.28
2012;4;23;114;12;7.2;1.5;4.9;2.7;0.9;-0.3;1.8;0.14;2;2.5;0;565;200;100;77;94932;2.12;1.29;0.22;0.28
2012;4;24;115;8.6;6.4;3.6;4.8;2.9;0.4;1.1;1.2;0.14;2;2.5;0;255;82;69;45;94322;1.38;4.97;0.22;0.28
2012;4;25;116;14.7;9.4;4.9;3.7;2;-0.7;1.8;2.2;0.14;2;2.5;0;581;178;110;57;94913;2.67;1.48;0.22;0.27
2012;4;26;117;19;13.2;7.6;7.4;5;1.4;0.3;0.3;0.14;2.1;2.5;0;701;224;127;81;95349;2.85;0;0.22;0.27
2012;4;27;118;23.3;16;6.8;11.9;7.5;4.3;-0.4;-0.5;0.15;2.1;2.5;0;698;241;134;93;95982;3.06;0;0.21;0.27
2012;4;28;119;27.2;19.6;10.8;11.3;9.1;6.5;-2.3;1.1;0.15;2.1;2.5;0;706;247;143;100;95787;3.51;0;0.21;0.27
2012;4;29;120;26.1;19.3;14.4;10.2;7.9;5.9;0.1;1.6;0.15;2.1;2.5;0;628;204;123;90;95310;3.25;0;0.21;0.27
2012;4;30;121;22.3;17.5;12.4;11.1;8.5;4.5;-2.1;-2.1;0.15;2.1;2.5;0;657;217;120;80;95821;3.04;0;0.2;0.27
2012;5;1;122;22.1;17.5;12.4;13.1;12;10.8;0;-0.5;0.15;2.2;2.5;0;633;213;98;80;95819;2.74;0.89;0.2;0.27
2012;5;2;123;24.5;18.7;14.2;12.6;10.9;8.9;-0.1;-0.1;0.15;2.2;2.5;0;687;226;127;86;95574;3.28;0.58;0.2;0.27
2012;5;3;124;17.7;14;10.8;11.5;8.1;6.2;2.4;-0.6;0.15;2.2;2.5;0;644;196;102;72;95518;2.7;2.15;0.2;0.27
2012;5;4;125;19.5;14.5;9.4;8.7;5.9;2.9;0.9;0.4;0.15;2.2;2.5;0;658;228;135;89;95031;2.69;0.12;0.19;0.27
2012;5;5;126;15.2;11.6;7.8;9.3;7.8;4.5;1.5;1.1;0.15;2.2;2.5;0;391;135;76;54;94856;2.02;4.77;0.19;0.27
2012;5;6;127;13.1;10.2;7.2;10;8;6.1;1;0.5;0.15;2.2;2.5;0;373;94;79;39;95299;1.73;8.25;0.2;0.27
2012;5;7;128;15;10.8;6.2;7.5;6.4;5.3;1.7;-0.2;0.15;2.3;2.5;0;580;188;91;58;95958;2.61;1.62;0.2;0.27
2012;5;8;129;18.4;13.2;5.4;9.5;6.8;4.7;-0.4;1.5;0.15;2.3;2.5;0;534;179;101;68;95984;2.32;0.29;0.2;0.27
2012;5;9;130;19.5;14.8;9.6;13.1;10.2;6.8;1.5;1.7;0.15;2.3;2.5;0;430;158;76;50;96103;2.16;1.56;0.2;0.27
2012;5;10;131;23.6;17.6;9.2;14.1;12;9.2;0.7;1.9;0.15;2.3;2.5;0;552;192;85;67;96567;2.72;0.14;0.2;0.27
2012;5;11;132;26.7;20.9;14.1;14.9;13.1;10.7;1.2;1.4;0.15;2.3;2.5;0;640;215;103;71;96556;3.29;2.77;0.19;0.27
2012;5;12;133;16.4;11.8;6.8;15;5.5;-0.8;1.2;-2.8;0.15;2.4;2.5;0;458;137;96;53;97027;2.36;1.18;0.19;0.27
2012;5;13;134;11;7.4;4;1.2;-0.6;-2.8;-0.7;-2.2;0.15;2.4;2.5;0;594;194;91;80;97077;2.16;0;0.19;0.27
2012;5;14;135;14.2;8.6;1.2;1.6;0.3;-0.7;-1.4;0.8;0.15;2.4;2.5;0;694;251;132;97;96299;2.69;0;0.19;0.27
2012;5;15;136;15.2;9.4;4.5;4.6;2.8;1.2;1.4;1.4;0.15;2.4;2.5;0;711;226;127;81;95384;2.69;2.47;0.19;0.27
2012;5;16;137;11.4;7.2;4.4;4.4;2.7;0.8;2.7;-1.7;0.15;2.4;2.5;0;613;196;90;66;95994;2.48;2.8;0.19;0.27
2012;5;17;138;13.2;7.9;2;1;-1.2;-3.3;0.6;-0.9;0.16;2.4;2.5;0;623;234;123;93;96394;2.54;0.03;0.19;0.27
2012;5;18;139;17.6;11.4;5.2;5;0.8;-3;-2.3;1.6;0.16;2.5;2.5;0;632;238;125;87;95716;2.85;0;0.19;0.26
2012;5;19;140;22.1;15.5;6.5;8.4;6.8;4.5;-1.9;0.7;0.16;2.5;2.5;0;720;264;128;91;95636;3.25;0;0.18;0.26
2012;5;20;141;25;18.5;11.1;10.1;8.3;5.9;-2.8;0.4;0.16;2.5;2.5;0;727;261;132;93;95052;3.51;0;0.18;0.26
2012;5;21;142;25.3;19.4;14.1;10.7;9.9;9.3;-2.9;1.6;0.16;2.5;2.5;0;710;233;117;82;94481;3.15;0.04;0.18;0.26
2012;5;22;143;23.4;18.7;13.2;15.3;12;9.3;-2;-0.2;0.16;2.5;2.5;0;661;199;109;74;95105;2.61;1.39;0.17;0.26
2012;5;23;144;25.5;20.6;14.4;15.2;11.1;9.2;-1.6;-2;0.16;2.5;2.5;0;631;235;114;83;96158;3.33;0.06;0.17;0.26
2012;5;24;145;24;19.4;14.7;14.8;9.6;5.5;-2.1;-2.7;0.16;2.5;2.5;0;678;250;125;92;96677;3.12;0.04;0.17;0.26
2012;5;25;146;21.2;16.6;11.7;6;4.4;3.7;-2.5;-1.7;0.16;2.6;2.5;0;744;272;143;109;96669;3.14;0;0.17;0.26
2012;5;26;147;21.5;16.6;10.4;5.8;3.8;1.9;-2.3;-1.2;0.16;2.6;2.5;0;727;262;133;102;96447;2.98;0;0.16;0.26
2012;5;27;148;20.3;15.8;10.9;9.2;6.5;4.8;-1.4;-1;0.16;2.6;2.5;0;584;194;109;72;96229;2.4;0.82;0.16;0.26
2012;5;28;149;20.5;16.6;9.9;10.3;8.6;6.8;0.9;-1.5;0.16;2.6;2.5;0;540;197;99;70;95812;2.31;0.32;0.16;0.26
2012;5;29;150;22.8;17.6;11.6;12;8.3;3.6;1.8;-1.6;0.16;2.6;2.5;0;636;217;114;81;95674;2.43;0.16;0.16;0.26
2012;5;30;151;21.3;16.4;11;12.8;10.5;9.1;1.5;-0.9;0.16;2.6;2.5;0;554;203;100;72;96032;2.29;1.15;0.16;0.26
2012;5;31;152;21.9;16.7;11.3;13.1;9.4;6.8;2;0.1;0.16;2.6;2.5;0;524;198;98;63;95997;2.48;10.19;0.16;0.26
2012;6;1;153;15.8;12.8;10.7;11.1;8.9;7.5;3.8;-1.4;0.16;2.6;2.5;0;437;152;74;46;95824;2.85;3.13;0.17;0.26
2012;6;2;154;15.7;12.6;9.3;8.6;7.8;6.7;2.2;-0.6;0.16;2.7;2.5;0;455;137;70;51;95851;1.69;0.37;0.16;0.26
2012;6;3;155;18.5;13.9;7.8;16.2;11.6;6.8;1.4;1.2;0.16;2.7;2.5;0;421;111;62;32;95265;2.04;9.27;0.16;0.26
2012;6;4;156;16.7;13;10.6;11.2;10.1;8.6;2.3;0.7;0.16;2.7;2.5;0;439;136;75;37;95418;2.25;2.26;0.17;0.26
2012;6;5;157;13.9;9.9;6.2;9.1;3.7;0.3;2.3;-1;0.16;2.7;2.5;0;468;165;115;52;95907;2.9;2.23;0.17;0.26
2012;6;6;158;16.4;11.1;5;12.6;7.6;1.9;0;1.6;0.16;2.7;2.5;0;622;120;84;39;95515;1.6;3.63;0.17;0.26
2012;6;7;159;21.5;16.5;10;14.6;11.5;9.9;0.1;2;0.16;2.7;2.5;0;559;189;76;54;95223;2.91;5.31;0.17;0.26
2012;6;8;160;19.7;16;12.6;14.8;13;11.1;2.5;1.3;0.16;2.7;2.5;0;524;129;68;43;95418;2.82;3.92;0.18;0.26
2012;6;9;161;18.4;14.8;11.7;11.8;10.4;8.1;1.5;1.3;0.16;2.8;2.5;0;615;194;88;61;95814;2.92;1.65;0.18;0.26
2012;6;10;162;17;13.7;9.5;9.6;7.4;6.2;0.3;-0.4;0.16;2.8;2.6;0;471;156;82;54;95492;2.3;0.48;0.18;0.25
2012;6;11;163;18.1;13.3;8.1;11.8;10.1;7.9;-0.1;1.2;0.16;2.8;2.6;0;570;188;91;63;94908;2.48;6.2;0.17;0.25
2012;6;12;164;19.4;14.4;8.1;11.4;8.3;5.7;1.2;-0.6;0.16;2.8;2.6;0;574;211;100;68;94754;3.25;0.83;0.18;0.25
2012;6;13;165;14.9;12.6;10.4;13;11.1;9.6;1.9;-0.1;0.16;2.8;2.6;0;337;102;60;32;95542;2.06;10.8;0.18;0.25
2012;6;14;166;17.2;13.3;10.2;12.2;10.1;8.1;0.4;-0.1;0.16;2.8;2.6;0;614;200;104;57;96165;3.25;3.55;0.19;0.25
2012;6;15;167;22.7;16.6;7.3;14.1;11.1;7.1;-0.6;1.6;0.16;2.8;2.6;0;718;224;109;75;96202;3.26;0.17;0.18;0.25
2012;6;16;168;27;20.7;12.8;16;13.6;11.4;1.2;0.9;0.16;2.8;2.6;0;692;252;104;72;96129;4.17;0.51;0.18;0.25
2012;6;17;169;19.4;16.9;13.5;13.4;10.8;9.3;1;-0.1;0.16;2.8;2.6;0;390;155;85;59;96581;2.41;0;0.18;0.25
2012;6;18;170;27.4;21.5;16.1;17.5;15;11.9;0;0.3;0.16;2.8;2.6;0;694;241;103;75;96097;3.89;2.72;0.18;0.25
2012;6;19;171;25.9;20.8;15.3;17.3;15.1;13.2;-2.1;0.1;0.16;2.8;2.6;0;605;216;89;62;96195;3.39;0.18;0.17;0.25
2012;6;20;172;24.5;20.3;16.4;18.2;17.1;16.1;0.5;0.1;0.16;2.8;2.6;0;457;167;76;46;95746;2.98;7.94;0.18;0.25
2012;6;21;173;22.4;18.9;14.1;16.2;15.2;14;1.1;-0.1;0.16;2.8;2.6;0;510;173;80;50;95547;3.02;1.06;0.18;0.25
2012;6;22;174;20.9;17.5;12.4;15.3;10.6;6.4;2.8;-0.1;0.16;2.8;2.6;0;678;248;131;76;96227;3.71;0.16;0.18;0.25
2012;6;23;175;20.6;16.7;11.6;11.8;8.4;6.4;1.3;-0.1;0.16;2.8;2.5;0;653;225;119;80;96695;3.17;0;0.17;0.25
2012;6;24;176;23.9;18.2;11.9;12.2;9.9;7.5;2.1;1.9;0.16;2.8;2.5;0;643;226;99;66;96047;3.71;3.15;0.17;0.25
2012;6;25;177;17;14.1;11.2;11.5;8.2;6.2;4;-0.4;0.16;2.8;2.5;0;574;182;86;56;95950;3.06;0.9;0.17;0.25
2012;6;26;178;17.4;14.1;10.8;8.9;7.3;5.7;3.2;-0.7;0.15;2.7;2.5;0;509;193;90;68;96421;2.58;0.08;0.17;0.25
2012;6;27;179;21.5;16.8;9;14.3;10.7;6.7;2.2;0.2;0.15;2.7;2.5;0;594;173;94;56;96301;2.38;0.13;0.17;0.25
2012;6;28;180;26.4;20.4;13.3;15.4;13.8;11.9;0;0.6;0.15;2.7;2.5;0;695;234;122;67;95810;3.28;0.91;0.16;0.25
2012;6;29;181;29.4;23.9;17.5;17.1;16;15.2;-0.1;2;0.15;2.7;2.5;0;695;254;107;74;95604;3.98;0.33;0.16;0.25
2012;6;30;182;30.6;24.9;18.1;18.8;17;15.9;-0.6;0;0.15;2.7;2.5;0;645;233;113;69;95680;3.71;2.17;0.16;0.25
2012;7;1;183;23;19.5;15.5;17.5;14.8;11.5;2.3;-0.6;0.15;2.7;2.5;0;458;170;70;49;96033;3.02;3.2;0.16;0.25
2012;7;2;184;22.6;18.6;14.8;17.2;14.7;12.8;-1.7;-0.8;0.15;2.7;2.5;0;398;122;50;34;96175;2.03;1.29;0.16;0.25
2012;7;3;185;22.8;18.8;14.9;15.5;14.4;13.3;0.1;-1.5;0.15;2.7;2.5;0;347;134;68;42;96073;2.29;1.11;0.16;0.25
2012;7;4;186;25.1;20.4;14.5;16.2;15.1;14;-1.5;-0.7;0.15;2.7;2.5;0;634;218;102;62;95851;3.06;0.77;0.16;0.25
2012;7;5;187;25.1;20.6;17.3;19;17.7;16.4;-1.2;0.1;0.15;2.7;2.5;0;445;156;77;47;95552;2.43;5.98;0.16;0.25
2012;7;6;188;23.5;19.4;15.1;17.3;15.9;14.2;0.8;-0.5;0.15;2.7;2.5;0;538;174;70;50;95594;2.87;5.46;0.16;0.25
2012;7;7;189;22.6;18.7;15.8;15.8;13.9;11.8;0.8;-0.5;0.15;2.7;2.5;0;560;169;100;56;95782;2.95;2.8;0.16;0.24
2012;7;8;190;24.7;19.2;14.1;16.1;13.7;12.1;0.4;0.9;0.15;2.6;2.5;0;623;217;103;75;95558;3.12;3.66;0.16;0.24
2012;7;9;191;22;18.4;15.1;12.3;10.9;8.7;2.5;0.4;0.15;2.6;2.5;0;655;212;98;69;95804;3.12;0.09;0.16;0.24
2012;7;10;192;22.9;18.8;13.6;13.3;11.2;9.2;1.4;0.6;0.15;2.6;2.5;0;580;218;107;73;95792;3.04;0.37;0.16;0.24
2012;7;11;193;21.3;17.4;12.7;14.4;9.9;6.7;3.2;0.8;0.15;2.6;2.5;0;699;217;103;68;95799;3.15;0.77;0.16;0.24
2012;7;12;194;17.8;14.3;11;10.9;9.2;7.4;3.4;1.1;0.15;2.6;2.5;0;545;194;90;67;95943;2.74;2.96;0.16;0.24
2012;7;13;195;18.2;14.2;9.9;12.9;10.8;8.5;0.9;2.1;0.15;2.6;2.5;0;491;120;71;42;95466;2.29;7.21;0.16;0.24
2012;7;14;196;18.6;15.7;12.8;13.4;10.7;8.1;3.4;1.9;0.15;2.6;2.5;0;585;204;106;62;95176;3.62;7.59;0.17;0.24
2012;7;15;197;17.7;14.4;11.4;11.7;9.6;8.1;2.8;0.8;0.15;2.6;2.5;0;525;192;94;65;95798;3.14;7.21;0.17;0.24
2012;7;16;198;16.6;13.6;11;11.4;8.7;6.4;3.3;0.4;0.15;2.6;2.5;0;587;172;99;55;96650;2.7;2.31;0.17;0.24
2012;7;17;199;14.6;13.6;12.8;12.7;10.9;7;4.3;0.7;0.15;2.6;2.5;0;198;43;45;20;96509;1.96;7.88;0.18;0.24
2012;7;18;200;21.7;17.2;12.4;12.7;11.9;11.2;3;1.1;0.15;2.6;2.5;0;504;150;82;45;96124;2.73;0.58;0.18;0.24
2012;7;19;201;20;17.1;14.4;13.4;10.8;8.5;3.6;1.3;0.15;2.5;2.5;0;501;171;87;66;95510;2.88;1.71;0.18;0.24
2012;7;20;202;17.9;14.8;12;11.4;9.8;8.5;2.4;0.5;0.15;2.5;2.5;0;462;151;73;53;95907;2.19;1.31;0.17;0.24
2012;7;21;203;17.1;13.8;10.8;12.8;10.5;7.4;0.9;-1.2;0.15;2.5;2.5;0;543;185;81;57;96252;3.12;6.55;0.17;0.24
2012;7;22;204;16.9;13.2;9;8.8;6.5;4.4;-0.7;-2.1;0.15;2.5;2.5;0;528;189;96;73;96941;2.62;0.28;0.18;0.24
2012;7;23;205;21.9;16.1;8.4;9.9;8.2;6.4;-2.8;-0.4;0.15;2.5;2.5;0;702;264;129;95;96992;3.49;0;0.17;0.24
2012;7;24;206;27.3;21;14.2;16.3;13.1;8.9;-3.3;0;0.15;2.5;2.5;0;715;266;112;86;96257;3.77;0;0.17;0.24
2012;7;25;207;27.5;22;15.7;16.8;14.9;13.3;-0.6;0.1;0.15;2.5;2.5;0;595;201;97;72;95951;3.03;0.07;0.17;0.24
2012;7;26;208;28.4;22.5;15.8;18.1;16.7;14.5;0.2;-0.8;0.15;2.5;2.5;0;675;225;105;71;96065;3.24;0.55;0.17;0.24
2012;7;27;209;30;24;15.7;18.6;15.6;13;-0.7;0.9;0.15;2.5;2.5;0;676;234;118;79;95838;3.48;0.01;0.16;0.24
2012;7;28;210;25.8;22.4;18.3;17.6;16;14;1.2;1.4;0.15;2.5;2.5;0;430;167;86;64;95441;2.72;1.58;0.16;0.24
2012;7;29;211;20.6;17.9;14.1;17;13.9;9.7;2.4;0.1;0.15;2.5;2.5;0;446;145;101;56;95689;2.77;6.8;0.16;0.24
2012;7;30;212;20.3;16.3;10.3;10.3;9.3;8.3;2;0.7;0.15;2.4;2.5;0;514;202;95;77;96194;2.83;0.99;0.16;0.24
2012;7;31;213;20.7;17.3;13.1;13.3;11.4;8.3;1.3;0.2;0.15;2.4;2.5;0;460;160;80;47;96309;2.4;1.85;0.16;0.24
2012;8;1;214;26.5;20.5;13.4;13.4;12.2;10.9;-1.5;0.5;0.15;2.4;2.5;0;708;254;134;91;96058;3.43;0;0.16;0.24
2012;8;2;215;25.9;21.3;15.5;16.8;15;13.1;0.6;0.2;0.15;2.4;2.5;0;655;214;101;75;95851;3.07;2.61;0.16;0.24
2012;8;3;216;23.6;19.8;15.5;15.7;12.4;8.9;1.7;-0.5;0.15;2.4;2.5;0;546;208;110;67;96040;3.28;3.85;0.16;0.24
2012;8;4;217;24.6;19.9;14.4;15.1;13.2;11.3;-0.2;0.5;0.15;2.4;2.5;0;581;186;97;67;95892;2.68;0.71;0.16;0.24
2012;8;5;218;25.3;20;15.3;17.8;15.6;14.3;-0.3;0.9;0.15;2.4;2.5;0;526;157;77;49;95547;2.64;4.24;0.16;0.24
2012;8;6;219;23.3;18.4;14.4;15.8;14.4;12.4;2.3;0.8;0.15;2.4;2.5;0;536;169;84;51;95722;2.71;3.56;0.16;0.24
2012;8;7;220;19.9;16.5;13.3;13.6;11.5;9.6;2.7;0.8;0.15;2.4;2.5;0;500;164;84;64;96483;2.46;0.59;0.16;0.24
2012;8;8;221;19.3;16;11.8;11.3;9.4;8.3;1.9;-0.5;0.15;2.4;2.5;0;428;145;82;60;96716;2;0.15;0.16;0.24
2012;8;9;222;21;16.9;12.7;12.1;10.3;8.4;1.1;-0.9;0.15;2.3;2.5;0;526;178;94;66;96716;2.32;0.71;0.16;0.23
2012;8;10;223;20.3;16.2;12;11.9;10.1;7.7;-0.6;-1.9;0.15;2.3;2.5;0;462;163;92;66;96690;2.15;0.33;0.16;0.23
2012;8;11;224;18.2;14.9;11.7;9.7;8;7.2;-0.9;-1.7;0.15;2.3;2.5;0;395;131;79;57;96526;1.81;0.37;0.16;0.23
2012;8;12;225;20.5;16;9.9;10.2;7.8;6.9;-2.6;0.1;0.15;2.3;2.5;0;603;185;103;73;96117;2.2;0.01;0.15;0.23
2012;8;13;226;20.8;16.6;11.5;10.5;8.1;7.1;-2;0.1;0.15;2.3;2.5;0;551;170;96;79;96007;2.17;0.15;0.15;0.23
2012;8;14;227;24.3;18.2;10.3;9.8;7.7;6.1;-1;-0.3;0.15;2.3;2.5;0;673;219;126;86;95972;2.64;0;0.15;0.23
2012;8;15;228;26.4;20;11.9;11.4;9.8;7.9;-1.4;0.4;0.14;2.3;2.5;0;650;227;130;88;95845;2.7;0;0.15;0.23
2012;8;16;229;18;16.6;13.9;15.6;13.4;9.5;0.3;-0.7;0.14;2.3;2.5;0;185;56;67;37;96167;1.18;4.94;0.15;0.23
2012;8;17;230;24.2;17.9;11.3;13.5;10.9;8;-0.8;-0.4;0.14;2.3;2.5;0;685;218;136;75;96545;2.6;0;0.15;0.23
2012;8;18;231;27.7;21;13;14.4;12.3;10.1;-1.4;0.5;0.14;2.3;2.5;0;664;227;128;86;96597;2.75;0;0.15;0.23
2012;8;19;232;31.9;24.1;15.4;15;12.8;11.4;-0.9;1.9;0.14;2.3;2.5;0;667;227;136;92;96550;2.77;0;0.15;0.23
2012;8;20;233;33.6;25.7;17.2;18.3;15.4;12.6;0.6;0.4;0.14;2.3;2.5;0;661;217;132;85;96351;2.77;0.8;0.14;0.23
2012;8;21;234;30.1;25.1;19;19.1;17.3;15.6;0;1.1;0.14;2.3;2.5;0;579;193;104;66;96205;2.62;0.83;0.14;0.23
2012;8;22;235;24;21.1;16.3;19.2;15.1;10.8;1.9;-0.3;0.14;2.2;2.5;0;473;143;106;58;95997;2.71;12.81;0.15;0.23
2012;8;23;236;25;19.5;13.2;12.2;10.5;9.1;0;-0.4;0.14;2.2;2.5;0;650;221;136;92;95926;2.81;0;0.15;0.23
2012;8;24;237;24.8;20.2;16.1;18.2;15.4;11.4;1.6;2.1;0.14;2.2;2.5;0;421;130;78;43;95362;2.42;4.45;0.15;0.23
2012;8;25;238;23.7;19.7;15.8;15.1;13.3;11.9;2.4;2;0.14;2.2;2.5;0;533;156;82;54;95461;2.87;2.36;0.15;0.23
2012;8;26;239;18.8;15.7;12.7;12.7;11;9;4.1;0.9;0.14;2.2;2.5;0;500;163;94;57;95804;3.04;4.5;0.15;0.23
2012;8;27;240;19.4;15.3;12.5;12.8;10;7.6;1.3;-0.1;0.14;2.2;2.5;0;440;156;111;62;96484;2.12;0.58;0.15;0.23
2012;8;28;241;25.2;18.2;10.4;12.3;10.4;8;0.5;1;0.14;2.2;2.5;0;594;193;112;74;96242;2.41;0.1;0.15;0.23
2012;8;29;242;25.6;20.4;13.9;13.8;12.4;11.2;0;1.7;0.14;2.2;2.5;0;576;183;108;72;96331;2.39;0.15;0.15;0.23
2012;8;30;243;22.3;18.2;14.5;16.7;14.8;12.5;1.2;0.4;0.14;2.2;2.5;0;378;115;71;46;96076;1.98;15.31;0.15;0.23
2012;8;31;244;15.5;13.7;12;13.5;12.1;11.2;1.4;-0.2;0.14;2.2;2.5;0;230;67;43;32;96108;1.55;4.65;0.16;0.23
2012;9;1;245;17.1;13.8;10.5;12.2;10.6;9.6;-1.6;-2;0.14;2.2;2.5;0;320;90;66;42;96588;1.42;0.28;0.16;0.23
2012;9;2;246;18;15.4;12.2;13.2;11.4;9.8;-2;-1;0.14;2.2;2.5;0;207;66;64;31;96719;0.97;0.1;0.16;0.23
2012;9;3;247;22.1;18;14.4;13.4;12.5;11.8;-1.3;-1.2;0.14;2.2;2.5;0;485;130;82;41;96612;1.84;0.01;0.16;0.23
2012;9;4;248;23.2;17.8;13.7;12.7;11.8;10.8;-1.8;-1;0.14;2.2;2.5;0;559;174;101;74;96433;2.24;0;0.16;0.23
2012;9;5;249;22.9;17.2;11.7;14;12.2;10.5;-0.8;-1.9;0.14;2.2;2.5;0;482;153;81;58;96289;2.01;0.26;0.16;0.23
2012;9;6;250;17.2;14.1;11.8;11;7.3;5.6;0.2;-2;0.14;2.2;2.5;0;490;155;113;71;96795;1.91;0.07;0.16;0.23
2012;9;7;251;20.8;14.7;7.9;8.6;7;5.7;1.9;-0.1;0.14;2.2;2.5;0;604;191;123;86;96742;2.09;0;0.16;0.23
2012;9;8;252;23.3;17.4;11.6;14.8;11;7.4;0.8;-0.4;0.14;2.2;2.5;0;555;164;106;69;96529;1.86;0;0.15;0.23
2012;9;9;253;25.4;18.6;11.1;14.3;12.3;10.2;-1.6;0.8;0.14;2.2;2.5;0;584;185;124;83;96210;2.1;0;0.15;0.23
2012;9;10;254;26.2;19.4;12.8;14.9;13.2;11.6;-0.2;1.4;0.14;2.2;2.5;0;533;167;115;72;96087;2.03;0.43;0.15;0.23
2012;9;11;255;24.3;18.3;13.5;15.8;14.3;12.8;1.2;1.7;0.14;2.2;2.5;0;554;155;104;59;95809;2.18;8.01;0.15;0.23
2012;9;12;256;15.1;12;8.2;13.9;10.2;7;1.7;-0.8;0.14;2.1;2.5;0;256;51;55;24;95587;1.66;8.37;0.16;0.23
2012;9;13;257;13.5;10.2;7.2;7;4.8;2.6;0.9;-1.5;0.14;2.1;2.5;0;305;91;90;53;95895;1.43;0.17;0.16;0.23
2012;9;14;258;17;11.8;4.8;7.3;5;2.7;2;1.4;0.14;2.1;2.5;0;541;162;116;77;95864;1.76;0;0.16;0.23
2012;9;15;259;16.1;13.2;10.7;9.7;7.9;6.1;2.1;-0.7;0.14;2.1;2.5;0;415;104;89;50;96023;1.39;0.43;0.16;0.23
2012;9;16;260;19.1;13.4;6.9;9.8;8.3;6.1;-0.8;1.2;0.14;2.1;2.5;0;537;167;117;81;96086;1.71;0;0.16;0.23
2012;9;17;261;19.5;14.3;8.5;12.3;10.2;7.3;0.2;0.6;0.14;2.1;2.5;0;421;122;80;59;95860;1.21;0;0.16;0.23
2012;9;18;262;22.3;16.2;9.4;13.5;11.2;8.9;0.9;1;0.14;2.1;2.5;0;539;157;108;65;95608;1.7;3.81;0.16;0.23
2012;9;19;263;14.5;11.5;7;12.4;5.7;1.6;2.2;-1.6;0.14;2.1;2.5;0;481;140;109;66;96012;2.15;4.31;0.16;0.23
2012;9;20;264;13.1;8.7;4.4;5.4;3;0.2;1;-0.5;0.14;2.1;2.5;0;434;130;97;75;96623;1.31;0;0.16;0.23
2012;9;21;265;15.9;10.3;4.3;6.6;4.3;1.8;-1.1;1.7;0.13;2;2.5;0;529;136;112;70;96144;1.39;0.82;0.16;0.22
2012;9;22;266;14.5;11.1;7.2;10.3;7.3;4.8;2.4;0;0.13;2;2.5;0;438;113;101;53;95776;1.61;5.31;0.16;0.22
2012;9;23;267;15.3;10.6;4.9;8.2;5.9;3.9;-1.7;0.5;0.13;2;2.5;0;385;117;100;60;95905;1.18;0;0.16;0.22
2012;9;24;268;20;14.8;10.1;12.5;10.1;7.7;0.5;1.5;0.13;2;2.5;0;367;106;83;54;94754;1.4;0.55;0.16;0.22
2012;9;25;269;21;15;10.4;11.1;9.1;7.6;0;1.8;0.13;2;2.5;0;518;144;108;78;94888;1.63;0;0.16;0.22
2012;9;26;270;22.4;15.8;10.8;13.7;10.6;8.7;-0.3;0.4;0.13;2;2.5;0;503;127;110;65;94682;1.49;0.78;0.16;0.22
2012;9;27;271;15.3;12.1;9.2;10.1;7.7;6.1;2.7;1.5;0.13;1.9;2.5;0;222;69;86;43;95392;1.64;4.63;0.16;0.22
2012;9;28;272;15.4;11.7;7.5;8.7;6.6;4.1;1.8;1.1;0.13;1.9;2.5;0;319;92;96;48;96176;1.31;0.51;0.16;0.22
2012;9;29;273;17;11.4;5.8;10.1;7.6;4.8;0.7;0.3;0.13;1.9;2.5;0;430;104;89;60;96046;0.98;0;0.16;0.22
2012;9;30;274;16.2;10.8;5.1;7.9;6.4;4.9;-0.7;-0.3;0.13;1.9;2.5;0;509;143;132;82;96422;1.27;0;0.16;0.22
2012;10;1;275;15.5;12.3;9.4;9;8.2;7.1;0.5;-0.1;0.13;1.9;2.5;0;345;76;63;30;96132;0.89;0.55;0.16;0.22
2012;10;2;276;16.4;12;7.9;9.3;7.5;5.9;1.7;1;0.13;1.9;2.5;0;422;124;110;71;96173;1.16;0;0.16;0.22
2012;10;3;277;17.7;12.2;7.1;9.7;8;5.6;1.3;2.1;0.13;1.8;2.5;0;403;108;93;63;95972;1.02;0.15;0.16;0.22
2012;10;4;278;16.5;11.6;6.4;10.7;8.7;5.8;2.4;2.4;0.13;1.8;2.5;0;278;60;87;52;95672;1.33;5.84;0.16;0.22
2012;10;5;279;17.6;11.8;6.3;11;8.9;6;2.1;2.2;0.13;1.8;2.5;0;283;49;69;35;95950;0.76;0.09;0.16;0.22
2012;10;6;280;20.6;15.5;11.6;11.6;10.4;8.2;3.3;2;0.13;1.8;2.5;0;423;105;88;55;95750;1.48;3.75;0.16;0.22
2012;10;7;281;12.4;10.1;6;11.5;6.7;1.9;1.4;-1.2;0.13;1.8;2.5;0;363;61;101;46;95963;1.24;14.91;0.18;0.22
2012;10;8;282;11.6;7.2;2.6;5.2;3.1;1.6;0.6;0.8;0.13;1.8;2.5;0;427;115;119;77;96242;0.95;0;0.18;0.22
2012;10;9;283;13.1;8.7;5.3;7.2;4.8;3.2;1.1;-0.6;0.13;1.7;2.5;0;364;102;102;63;95522;1.03;0.91;0.18;0.22
2012;10;10;284;10.6;6.6;2.8;3.8;2.2;1;0.2;-1.1;0.13;1.7;2.5;0;385;98;95;66;95777;0.85;0;0.18;0.22
2012;10;11;285;11.5;6.3;1.5;3.3;2.1;0.6;-1.7;0.1;0.13;1.7;2.5;0;453;121;122;80;95675;0.91;0;0.18;0.22
2012;10;12;286;11.6;8.3;3.9;10.7;6.4;1.9;0.2;1;0.13;1.7;2.5;0;262;57;59;36;95390;0.86;9.49;0.18;0.22
2012;10;13;287;11.7;7.6;3.3;5.6;4;2.6;0.3;1.7;0.13;1.7;2.5;0;298;86;94;70;95631;0.85;0.04;0.19;0.22
2012;10;14;288;12.4;8.8;6.2;6;5;4;0.3;1.7;0.13;1.7;2.5;0;294;70;85;49;94771;1.04;1.03;0.19;0.22
2012;10;15;289;8.2;6.9;5.5;6.7;4.3;2.6;2;0.9;0.13;1.7;2.5;0;146;35;39;24;94978;0.74;2.83;0.19;0.22
2012;10;16;290;10.7;7.5;4.7;4.3;2.8;1.5;1.3;1.4;0.13;1.6;2.5;0;252;73;101;43;95586;0.74;0.01;0.19;0.22
2012;10;17;291;16.2;10.3;5.3;7;5.8;3.9;-0.8;2;0.13;1.6;2.5;0;384;95;88;62;95845;0.91;0;0.19;0.22
2012;10;18;292;17;11.2;7.2;9.2;7.3;4.9;-1.9;1.1;0.13;1.6;2.5;0;372;97;109;73;95908;0.84;0;0.19;0.22
2012;10;19;293;19.2;11.5;6.7;11.4;8.6;6.1;-1.8;0.3;0.12;1.6;2.5;0;409;101;114;73;96032;0.85;0.01;0.18;0.22
2012;10;20;294;18.5;10.7;5.5;13.2;8.6;5.5;-0.4;-0.2;0.12;1.6;2.5;0;397;90;113;57;96253;0.68;0.02;0.18;0.22
2012;10;21;295;15.7;8.9;4.4;9.5;6.7;4.1;-1.4;0;0.12;1.6;2.5;0;388;91;111;65;96233;0.62;0;0.18;0.22
2012;10;22;296;13.3;8.1;4.1;8.2;6.4;4.1;-1.8;-0.7;0.12;1.6;2.5;0;368;80;105;47;96521;0.57;0.03;0.18;0.22
2012;10;23;297;12.5;9.5;7.7;8.5;7.9;7;-2;-0.7;0.12;1.6;2.5;0;248;59;76;36;96673;0.43;0.03;0.18;0.22
2012;10;24;298;11.4;8.6;7.1;7.1;6.3;5.7;-0.2;-0.5;0.12;1.6;2.5;0;237;60;83;36;96281;0.47;0.04;0.18;0.22
2012;10;25;299;10.1;8;6.4;7.5;6.6;5.8;1.6;-0.2;0.12;1.6;2.5;0;191;45;50;20;95727;0.33;0.18;0.18;0.22
2012;10;26;300;8.1;4.9;2.3;7;2.5;1.3;-2;-1.2;0.12;1.6;2.5;0.01;157;37;34;20;95063;1.16;5.5;0.18;0.22
2012;10;27;301;2.1;0.3;-1.3;1.5;-1.5;-4.1;-1.3;-3.3;0.2;1.6;2.5;5.48;67;18;21;13;94171;0.82;12.34;0.19;0.22
2012;10;28;302;1.8;-0.8;-4.9;-2.3;-3.6;-6.5;-1;-2.4;0.28;1.6;2.5;9.96;186;44;85;43;95460;0.51;0.66;0.19;0.22
2012;10;29;303;1.8;-2.2;-5.9;-2.4;-5;-7.6;0.7;0.3;0.26;1.6;2.5;9.23;290;67;100;60;95733;0.37;0.03;0.19;0.22
2012;10;30;304;4;2;-1.7;3.2;0.4;-5;1.9;1.8;0.25;1.6;2.5;8.63;126;22;25;8;95004;0.22;6.12;0.19;0.22
2012;10;31;305;9.1;4.7;1.6;2.5;1.7;-0.3;-1.5;1.2;0.2;1.6;2.5;5.57;322;73;109;56;94655;0.58;0.08;0.2;0.22
2012;11;1;306;9.1;5.5;2.4;4.6;3;-0.1;-0.1;1.6;0.17;1.6;2.5;3.3;249;47;74;40;93671;0.51;2.58;0.2;0.22
2012;11;2;307;8.3;6;3.9;4.1;2;-0.8;2.1;2.7;0.14;1.6;2.5;1.49;264;64;93;51;94589;1.23;6.65;0.2;0.22
2012;11;3;308;12.2;7.7;5.2;7.5;5.5;4;1.4;2.2;0.13;1.6;2.5;0.53;219;32;73;26;94862;0.84;8.45;0.21;0.22
2012;11;4;309;9.7;7.7;4.9;7.3;6.2;4.2;0;1.1;0.12;1.6;2.5;0.19;147;32;41;20;94767;0.82;16.42;0.22;0.22
2012;11;5;310;7.7;5.7;4.2;6;4.4;3.2;3.2;1;0.12;1.6;2.5;0.03;251;45;62;28;94697;1.22;6.36;0.23;0.22
2012;11;6;311;5.1;3.2;2.1;3.6;1.8;1.2;3.1;0.1;0.12;1.6;2.5;0.31;243;52;75;35;95794;1;5.23;0.24;0.22
2012;11;7;312;4.9;3.7;2.3;4.7;3.1;0.8;3.8;1.5;0.12;1.6;2.5;0.24;45;8;46;10;96588;0.41;4.12;0.25;0.22
2012;11;8;313;6.7;5.2;4;4.6;3.7;3.4;2.8;1.1;0.12;1.5;2.5;0.11;104;25;30;10;96380;0.55;0.56;0.25;0.22
2012;11;9;314;7.1;5.2;3.4;4.5;3.3;1.8;0.3;1.1;0.11;1.5;2.5;0.04;155;31;74;33;96074;0.33;0.16;0.25;0.22
2012;11;10;315;10.4;6.4;2.7;4.9;3;1.1;-1.4;1.7;0.11;1.5;2.5;0.01;242;46;70;42;95154;0.49;1.68;0.24;0.22
2012;11;11;316;8.2;7.1;5.6;7.6;6.6;4.5;0.3;0.2;0.11;1.5;2.5;0;41;9;19;7;95466;0.08;13.54;0.25;0.22
2012;11;12;317;8.1;6.4;2.9;7.5;5.4;2.8;1.3;-0.4;0.11;1.5;2.5;0;169;32;57;26;96728;0.44;1.01;0.26;0.22
2012;11;13;318;5.3;3.1;1.1;2.6;1.8;0.6;-0.4;0.1;0.11;1.5;2.5;0;182;37;80;41;97411;0.2;0.01;0.26;0.22
2012;11;14;319;5.8;2.1;-1.4;2.3;0.7;-2.4;-2.1;-0.2;0.11;1.5;2.5;0;229;48;100;59;97149;0.24;0.01;0.26;0.22
2012;11;15;320;4.2;0;-3.3;0.4;-1.6;-3.9;-1.2;0.3;0.11;1.5;2.5;0;246;55;100;56;96602;0.29;0.03;0.26;0.22
2012;11;16;321;5.4;0.7;-2;2;-0.5;-2.5;-0.7;1.1;0.11;1.5;2.5;0;225;45;89;47;96224;0.22;0.01;0.26;0.22
2012;11;17;322;4.8;0.5;-1.9;1.1;-0.7;-2.1;-0.5;1.5;0.11;1.5;2.5;0;241;52;94;45;95762;0.22;0.05;0.25;0.22
2012;11;18;323;5.7;3;0.5;3.1;1.6;-0.4;-0.3;1.5;0.11;1.5;2.5;0;109;26;26;12;95726;0.17;0.09;0.25;0.22
2012;11;19;324;9;4.4;1.5;4.9;3;1.1;-1.5;-0.2;0.11;1.5;2.5;0;248;50;99;45;96126;0.2;0;0.25;0.22
2012;11;20;325;5.9;4.5;3.5;4;3.5;2.9;-1;0.8;0.11;1.6;2.5;0;84;20;40;15;96268;0.17;0.05;0.25;0.22
2012;11;21;326;6;3.9;2.3;3.6;2.9;1.6;-0.8;1.4;0.11;1.6;2.5;0;134;29;61;29;96176;0.17;0.04;0.25;0.22
2012;11;22;327;7;4.9;2.4;4.6;3.4;2.1;0.5;0.9;0.11;1.6;2.5;0;136;28;64;23;96639;0.2;0.03;0.25;0.22
2012;11;23;328;5.9;3.7;0.9;4.2;2.9;0.6;-0.4;1.6;0.11;1.6;2.5;0;91;20;53;26;96421;0.06;0;0.25;0.22
2012;11;24;329;7.2;3.9;1.5;4.6;3.1;1.2;-0.8;1.4;0.11;1.6;2.5;0;199;43;95;47;96294;0.15;0;0.25;0.22
2012;11;25;330;11.1;6.2;3;6;3.5;1.7;1;1.8;0.11;1.6;2.5;0;190;35;88;48;95915;0.31;0.05;0.25;0.22
2012;11;26;331;9.4;4.7;-0.7;5.4;3.2;-1.1;-0.8;1.5;0.11;1.6;2.5;0;148;27;80;33;95432;0.16;0.21;0.25;0.22
2012;11;27;332;6.9;5.5;4.4;5.4;4.8;4.1;-0.3;-0.5;0.11;1.6;2.5;0;89;19;34;18;94939;0.19;1.12;0.25;0.23
2012;11;28;333;5.8;4.6;2.7;4.6;4;2.3;-1.5;-2.2;0.11;1.6;2.5;0;47;10;11;5;94342;0.44;3.75;0.25;0.23
2012;11;29;334;2.2;0.7;-0.9;1.6;0;-1.4;1.2;-3.2;0.28;1.6;2.5;12.59;22;5;24;9;93867;0.41;24.54;0.25;0.23
2012;11;30;335;0;-1.9;-4.3;-1.6;-3.3;-5.2;1.3;-0.7;0.37;1.6;2.5;20.83;113;26;63;36;94960;0.2;0.55;0.25;0.23
2012;12;1;336;-2.1;-4.8;-8.9;-4.2;-6;-10.1;0.4;0.5;0.37;1.6;2.5;20.92;148;28;82;31;95601;0.2;0;0.25;0.23
2012;12;2;337;-1.3;-3.7;-7.6;-2.1;-5;-8.5;1.6;1.5;0.37;1.6;2.5;21.8;87;17;57;21;95334;0.2;3.07;0.25;0.23
2012;12;3;338;-0.1;-1.6;-2.7;-2.2;-3.2;-4.2;2;0.9;0.37;1.7;2.5;24.92;142;25;66;28;95500;0.34;4.16;0.25;0.23
2012;12;4;339;1.5;0.3;-1;1.5;-0.1;-1.6;2.3;1;0.37;1.7;2.5;30.35;34;8;35;11;94306;0.01;9.15;0.25;0.23
2012;12;5;340;0.4;-1;-2.9;-1.1;-1.9;-3.3;2.1;0.4;0.37;1.7;2.5;35.82;112;20;53;30;94472;0.08;4.3;0.25;0.23
2012;12;6;341;-1.6;-3.9;-9.2;-2.3;-5.8;-10.5;3;0.1;0.37;1.7;2.5;38.98;156;31;84;53;95291;0.25;2.01;0.25;0.23
2012;12;7;342;-3.2;-6.9;-10.8;-7.4;-9.3;-11.7;-1.5;1.2;0.37;1.7;2.5;39.46;139;29;104;44;95240;0.23;0.04;0.25;0.23
2012;12;8;343;-4.3;-8.7;-13.2;-7.8;-10.7;-14.3;-0.5;-0.5;0.37;1.7;2.5;39.39;163;34;91;64;96031;0.04;0;0.25;0.23
2012;12;9;344;-1.3;-7.3;-14.2;-2.3;-9;-15;2.6;2;0.37;1.7;2.5;41.18;102;19;44;21;95907;0.12;7.41;0.25;0.23
2012;12;10;345;0.5;-0.6;-1.9;-0.8;-1.7;-3.1;3.7;0;0.38;1.7;2.5;51.26;79;15;40;23;94874;0.15;7.96;0.25;0.23
2012;12;11;346;-2.1;-4.6;-7.4;-3.3;-6.7;-9.1;1.4;-2.2;0.38;1.7;2.5;55.04;100;21;61;32;96015;0.3;0.93;0.25;0.23
2012;12;12;347;-4.3;-6.2;-7.8;-6.9;-8.1;-9.6;1.9;1;0.38;1.7;2.5;55.87;101;20;38;23;96298;0.18;1.51;0.25;0.23
2012;12;13;348;-4.6;-8.3;-12.6;-9.2;-11.3;-14.2;-1.2;1.7;0.38;1.7;2.5;56.59;135;28;66;48;95749;0.13;0.19;0.25;0.23
2012;12;14;349;0.3;-2.3;-5.2;-3.6;-6.4;-9;-1.7;1.8;0.38;1.7;2.5;57.12;123;23;64;21;95109;0.52;1.56;0.25;0.23
2012;12;15;350;3.9;2;0.1;1.7;0.1;-3.1;0.6;2.4;0.37;1.7;2.5;56.84;41;8;45;11;94900;-0.01;9.88;0.26;0.23
2012;12;16;351;4.4;2.7;1.3;2.2;1.4;0.5;1.8;2.2;0.36;1.7;2.5;50.82;122;21;52;24;95198;-0.24;7.21;0.27;0.23
2012;12;17;352;2.7;1.7;0.6;2.5;1.3;0.4;0.6;1.8;0.36;1.7;2.5;45.69;38;8;31;8;95094;-0.17;7.36;0.28;0.23
2012;12;18;353;2.4;1.5;0.9;2.3;1.5;0.8;1.5;0.2;0.35;1.7;2.5;41.5;53;10;11;3;95578;-0.22;3.69;0.29;0.23
2012;12;19;354;1.9;1.1;-0.5;1.3;0.6;-0.7;0.8;0.1;0.35;1.7;2.5;37.31;123;19;69;17;96515;-0.02;0.78;0.29;0.23
2012;12;20;355;0.4;-1.1;-3;-1.2;-1.8;-3.4;-2.5;0.4;0.34;1.6;2.5;36.25;95;20;56;32;96077;0.12;0;0.29;0.23
2012;12;21;356;-0.2;-1.2;-2.1;-1.1;-2.1;-3.3;-1.4;0.8;0.35;1.6;2.5;39.31;41;8;34;9;95540;0.14;6.26;0.29;0.23
2012;12;22;357;2.8;1.3;-0.8;2.6;1.1;-1.2;0.5;1.4;0.36;1.6;2.5;40.94;40;8;26;5;95986;-0.15;3.27;0.29;0.23
2012;12;23;358;8.9;5.9;1.1;7.8;5.5;1;3;2;0.36;1.6;2.5;32.94;9;2;1;-3;95339;-0.89;27.89;0.31;0.24
2012;12;24;359;9.8;7.6;5.4;7.5;4.5;1.2;1.8;2.1;0.26;1.6;2.5;12.74;140;27;71;49;95418;-0.28;0.01;0.34;0.24
2012;12;25;360;10.6;6.8;4;5.9;2.7;0;1.8;2.5;0.19;1.6;2.5;7.09;168;33;72;46;95044;0.43;1.73;0.33;0.25
2012;12;26;361;6.1;5;3.7;4.3;3.2;1.8;3.9;2.2;0.14;1.5;2.5;2.73;116;23;54;27;95455;1.09;4.34;0.33;0.25
2012;12;27;362;6.6;4.9;3.7;4.8;3.6;1.7;3.6;2.6;0.12;1.5;2.5;1.27;95;14;30;13;95110;1.02;18.87;0.32;0.26
2012;12;28;363;3.3;2.3;1.5;3.2;0.9;-1.3;1;0;0.11;1.5;2.5;0.73;141;26;61;24;96604;0.46;2.31;0.33;0.26
2012;12;29;364;6.5;3.3;1.1;1.4;-0.2;-2.2;-0.5;2.6;0.11;1.5;2.5;0.57;197;36;89;50;96427;0.34;0;0.32;0.27
2012;12;30;365;6.2;3.8;1;2.8;0.6;-2.1;2.7;2.2;0.11;1.5;2.5;0.44;168;32;71;49;96164;0.54;1.43;0.31;0.27
2012;12;31;366;6.2;4;1.2;2;1.1;-2.2;2;2.5;0.11;1.4;2.5;0.27;143;27;77;45;96158;0.28;0.05;0.31;0.27
2013;1;1;1;5.1;2.8;0.2;4;-0.7;-4.5;1.5;2.4;0.11;1.4;2.5;0.2;177;34;78;44;95290;0.39;1.56;0.3;0.27
2013;1;2;2;3.7;1.6;0.1;3.2;0.1;-1;2.9;0.4;0.11;1.4;2.5;0.22;109;24;47;27;96498;0.45;0.46;0.3;0.28
2013;1;3;3;4.1;2.3;0.4;4.1;1.4;-1.5;3.4;1.2;0.12;1.4;2.5;0.75;28;5;33;7;97282;0.21;2.49;0.29;0.28
2013;1;4;4;7;5.9;4.3;6.8;5.7;4.2;3.9;-0.2;0.11;1.4;2.5;0.56;32;5;2;0;97292;-0.02;5.94;0.29;0.28
2013;1;5;5;6.4;5.2;4.7;6.2;5.1;4.6;3;-1.6;0.11;1.4;2.5;0.23;30;6;5;3;97043;0.2;5.75;0.3;0.28
2013;1;6;6;5.1;4.2;3.6;5;3.9;2.6;3.3;-1.2;0.11;1.3;2.5;0.11;63;10;16;4;96841;0.4;5.13;0.3;0.28
2013;1;7;7;5.1;4;2.1;5;3.3;1.9;1.7;-1;0.11;1.3;2.5;0.05;94;14;40;14;96912;0.37;1;0.3;0.28
2013;1;8;8;3.8;3.1;2.5;3.4;2.8;2.4;2;0.2;0.11;1.3;2.5;0.05;54;10;26;6;96686;0.26;4.33;0.3;0.28
2013;1;9;9;3.2;2.2;0.3;2.7;1.9;-0.3;1.9;0.7;0.11;1.3;2.5;0.11;41;8;21;6;96223;0.3;3.38;0.3;0.28
2013;1;10;10;2;0.8;0.2;0.7;0;-0.5;3.3;0.3;0.13;1.3;2.5;1.79;154;22;59;20;95374;0.52;2.94;0.3;0.28
2013;1;11;11;0.3;-2;-3.1;-0.3;-6.9;-9.9;1.7;-1.6;0.17;1.2;2.5;3.99;151;32;71;43;95533;0.45;1.69;0.3;0.28
2013;1;12;12;-1.8;-3.7;-5.9;-7.5;-9;-10.6;0.2;-1;0.17;1.2;2.5;4.24;201;42;83;69;95900;0.1;0.1;0.29;0.28
2013;1;13;13;-2.8;-4.9;-6.8;-8.1;-8.9;-9.7;-2.3;-0.4;0.17;1.2;2.5;4.23;151;33;71;55;95790;0.08;0.01;0.29;0.29
2013;1;14;14;-1.1;-3.5;-5.4;-6.2;-7.2;-8.2;-0.4;0.4;0.17;1.2;2.5;4.23;172;36;69;47;95474;0.05;0.09;0.29;0.29
2013;1;15;15;-0.7;-3.8;-7;-5.8;-6.8;-8;-1.4;0.4;0.17;1.2;2.5;4.26;240;51;102;60;95010;0.09;0;0.29;0.29
2013;1;16;16;-0.7;-2.8;-4.1;-5.2;-6.1;-7.1;-0.7;-1;0.18;1.2;2.5;4.6;150;30;54;28;94862;0.07;1.98;0.28;0.29
2013;1;17;17;-2.5;-4.3;-5.2;-6.3;-7.2;-7.9;-1.1;-2.8;0.23;1.2;2.5;7.69;133;23;31;21;95226;0.24;2.92;0.28;0.29
2013;1;18;18;-4.3;-5.6;-7.6;-7.9;-8.5;-10;-1.8;-0.9;0.26;1.2;2.5;8.99;141;29;43;32;95093;0.13;0.24;0.28;0.29
2013;1;19;19;-4.5;-7.4;-9.3;-8.6;-10.1;-11.6;-2.9;-0.4;0.26;1.2;2.5;8.94;137;34;77;47;94198;0.13;0.03;0.28;0.29
2013;1;20;20;-2.7;-5.3;-8.1;-6;-8;-10.3;-3;-0.7;0.26;1.1;2.5;8.97;165;34;47;25;93882;0.21;0.73;0.28;0.29
2013;1;21;21;-2.8;-4.1;-5.6;-4.6;-5.8;-6.9;-0.1;-0.3;0.3;1.1;2.5;11.02;60;13;52;18;94084;0.07;3.74;0.27;0.29
2013;1;22;22;0.2;-2.6;-6.1;-1.9;-4.2;-7.4;-0.4;0.1;0.33;1.1;2.5;13.22;107;21;57;14;94636;0.11;0.57;0.27;0.29
2013;1;23;23;0.4;-1.2;-2.6;-1.7;-2.5;-3.1;0.1;0;0.34;1.1;2.5;13.69;77;16;28;10;94897;0.08;1.04;0.27;0.29
2013;1;24;24;-2.2;-4;-6.9;-3.3;-6.5;-9.7;-1;-1.8;0.35;1.1;2.5;14.34;133;29;66;34;95215;0.18;0.39;0.27;0.29
2013;1;25;25;-4.7;-7.2;-9.5;-9.4;-10.5;-12.2;-1.7;-0.7;0.35;1.1;2.5;14.27;175;40;66;43;95899;0.24;0.03;0.27;0.29
2013;1;26;26;-2.6;-7.6;-11.7;-8;-10.8;-14;-0.6;1.2;0.34;1.1;2.4;14.09;233;50;112;62;95587;0.14;0;0.27;0.29
2013;1;27;27;0.5;-2.4;-9.5;-1.1;-4.6;-11.4;1;2;0.34;1.1;2.4;14.23;96;18;44;12;95216;0.24;1.56;0.26;0.29
2013;1;28;28;1.5;0.5;-0.7;1;0;-0.9;2.1;1;0.34;1.1;2.4;15.08;76;16;19;6;95684;-0.05;0.69;0.26;0.29
2013;1;29;29;5.2;3.2;0.9;4.9;2.5;-1.1;3.7;2.2;0.29;1.1;2.4;12.06;25;6;29;5;95696;-0.29;13.38;0.27;0.29
2013;1;30;30;9.7;7.5;4.5;7.9;6.3;2.5;5.2;1.6;0.18;1.1;2.4;4.53;62;8;74;9;95472;0.19;6.27;0.29;0.29
2013;1;31;31;6;3.9;2.4;2.8;0.6;-1.5;5.8;1.1;0.13;1.1;2.4;1.4;253;52;93;47;95723;0.94;3.8;0.29;0.29
2013;2;1;32;4.8;3.3;2.3;3.6;2.2;0.9;2.4;1.7;0.12;1.1;2.4;0.84;140;27;52;21;94741;0.4;10.31;0.29;0.29
2013;2;2;33;4.2;1.3;-1.9;4.1;-1.4;-6.1;2.2;-2.4;0.12;1.1;2.4;0.92;235;46;73;34;94140;0.56;4.21;0.3;0.29
2013;2;3;34;1.7;-0.2;-1.6;-2;-3.6;-5.5;3.6;-0.6;0.14;1.1;2.4;2.17;226;53;78;38;95553;0.4;4.55;0.3;0.29
2013;2;4;35;3.5;1.4;-0.8;3.3;0.7;-2.5;4.2;1.1;0.27;1.1;2.4;10.65;82;14;28;7;95238;-0.04;13.68;0.3;0.29
2013;2;5;36;4.4;1.5;-1.4;2.1;0.1;-2.9;3.2;1.7;0.25;1.1;2.4;9.2;213;43;60;35;94594;0.48;6.04;0.31;0.29
2013;2;6;37;0.7;-1;-2.5;-2.8;-4.1;-5.8;1;1;0.28;1.1;2.4;11.03;137;35;57;36;94216;0.4;2.09;0.31;0.29
2013;2;7;38;0.1;-2.7;-6.5;-4.2;-5.6;-7.5;2.1;-1;0.3;1.1;2.4;12.36;186;47;80;49;94907;0.29;1.19;0.3;0.29
2013;2;8;39;0;-2.4;-3.7;-5;-6.1;-7.7;1.3;-0.1;0.31;1.1;2.4;12.87;242;58;90;48;95314;0.28;2.23;0.3;0.29
2013;2;9;40;-1.7;-4.2;-6.1;-5.7;-8.3;-10.4;0.3;-1.8;0.35;1.1;2.4;15.35;194;45;95;48;95741;0.33;1.61;0.3;0.29
2013;2;10;41;-1.7;-6.5;-11.4;-7.3;-9.9;-13.9;-1.4;0.4;0.35;1.1;2.4;15.41;251;55;103;49;95625;0.28;0.04;0.29;0.29
2013;2;11;42;-1.6;-5.5;-10.8;-7.1;-9.1;-12.8;-3.7;-0.1;0.35;1.1;2.4;15.13;254;60;86;69;94795;0.36;0;0.29;0.29
2013;2;12;43;-2;-3.9;-6.4;-5.5;-6.6;-8.6;-1.6;-2.1;0.35;1.1;2.4;15.46;148;30;64;28;95052;0.25;1.78;0.29;0.29
2013;2;13;44;-0.7;-4.4;-6.9;-6.6;-7.7;-9.4;-0.2;-1.7;0.36;1.1;2.4;16.56;161;43;70;39;96255;0.36;0.47;0.29;0.29
2013;2;14;45;0.3;-3.8;-7.8;-4.2;-6.5;-9;-1.1;0.4;0.36;1.1;2.4;16.2;252;58;74;40;96367;0.33;0;0.28;0.29
2013;2;15;46;1.5;-2.6;-6;-2.5;-4.9;-6.9;0.2;0.5;0.34;1.1;2.4;15.15;278;65;99;46;96001;0.26;0.33;0.28;0.29
2013;2;16;47;2.3;-0.6;-3.3;-0.6;-2;-4;1;-0.2;0.35;1.1;2.4;15.27;209;43;71;22;96454;0.12;2.3;0.28;0.29
2013;2;17;48;2.7;-0.7;-4.2;-1.4;-2.8;-5.4;-1.2;-0.8;0.34;1.1;2.4;15.04;181;40;77;33;96427;0.23;1.2;0.28;0.29
2013;2;18;49;1.6;-1.5;-5.2;-2.6;-4.8;-6.1;-0.7;-0.3;0.33;1.1;2.4;14.17;212;48;61;27;96240;0.26;0.01;0.28;0.29
2013;2;19;50;0.3;-1.7;-4.3;-1.5;-3.8;-6.8;2.3;-0.7;0.34;1.1;2.4;15.6;94;22;40;18;95692;0.22;4.34;0.28;0.29
2013;2;20;51;-1.2;-3.7;-6.5;-5.6;-7.6;-9;-0.2;-2.6;0.36;1.1;2.4;17.92;192;52;89;48;96088;0.4;0.57;0.28;0.29
2013;2;21;52;-3;-6.4;-9.6;-9;-10.6;-11.4;-2;-1.8;0.36;1.1;2.4;18.01;191;51;86;48;96033;0.34;0.35;0.27;0.29
2013;2;22;53;-4.4;-6.6;-9;-8.4;-10.4;-11.3;-2.9;-2.1;0.36;1.1;2.4;18.05;218;53;58;36;95461;0.46;0.89;0.27;0.29
2013;2;23;54;-3.5;-5.7;-8;-6.5;-8;-9.4;-1.4;-2;0.37;1.1;2.5;20.95;114;29;53;24;95066;0.24;4.51;0.27;0.29
2013;2;24;55;0.8;-3.4;-9.4;-2.1;-5.4;-10.7;-0.4;-1.2;0.37;1.2;2.5;23.55;192;42;37;19;95294;0.25;2.32;0.27;0.29
2013;2;25;56;2.1;-0.3;-4.7;-0.5;-1.7;-5.3;-0.7;-0.3;0.37;1.2;2.5;26.91;145;37;59;22;95975;0.06;4.02;0.27;0.29
2013;2;26;57;3.9;0.5;-4.6;1.1;-0.8;-5.1;-1.7;-2.3;0.37;1.2;2.5;25.17;222;53;51;19;96736;-0.05;0.13;0.27;0.29
2013;2;27;58;2.4;0.3;-1.4;-0.7;-1.5;-2.7;-1.9;-1.2;0.36;1.2;2.5;22.73;168;44;31;17;97004;0.25;0.2;0.27;0.29
2013;2;28;59;3.6;0.7;-1.5;0.1;-1.1;-2.4;-1.2;-0.6;0.34;1.2;2.5;20.41;276;68;77;32;96704;0.12;0.01;0.27;0.29
2013;3;1;60;2.2;-1.1;-5.2;-1.2;-2.9;-5.8;0.6;-1.3;0.33;1.2;2.5;17.74;208;54;38;25;96397;0.29;0.08;0.27;0.29
2013;3;2;61;4;-1.2;-5.9;-2.5;-5.6;-7.4;-0.2;-0.6;0.31;1.2;2.5;15.72;366;96;123;64;96455;0.39;0;0.27;0.29
2013;3;3;62;2.6;-1.6;-5;-2;-4.5;-7.4;0.8;-0.8;0.28;1.2;2.5;13.57;280;85;86;54;96343;0.25;0.01;0.27;0.29
2013;3;4;63;5.9;-0.8;-7.3;-2.6;-5;-8.1;-2.4;0.2;0.26;1.2;2.5;11.31;424;116;120;78;96344;0.39;0;0.27;0.29
2013;3;5;64;9.4;1.3;-5.6;0.6;-3.6;-8.5;-2;0.7;0.22;1.2;2.5;8.61;453;125;126;87;95610;0.43;0;0.27;0.29
2013;3;6;65;12.3;3.8;-3.3;2.2;-1.2;-5.3;-2;0.1;0.18;1.3;2.5;5.72;460;127;117;73;94848;0.56;0;0.27;0.29
2013;3;7;66;10;4.2;0.5;4.8;1.9;-0.4;-1.5;-0.3;0.16;1.3;2.5;3.6;277;64;53;36;94514;0.23;0.34;0.27;0.29
2013;3;8;67;11.1;4.8;-0.7;6;3.2;-0.8;-2;-0.5;0.14;1.3;2.5;2.14;456;125;99;46;94548;0.6;0.12;0.27;0.29
2013;3;9;68;10.2;5.4;2;6.2;4.2;1.9;0.5;0.6;0.13;1.3;2.5;1.03;246;50;63;21;94561;0.55;2.25;0.27;0.29
2013;3;10;69;9.7;4.8;0.4;4.4;2.2;0.3;2;0.8;0.12;1.3;2.5;0.61;304;78;79;36;94230;0.77;1.58;0.27;0.29
2013;3;11;70;2.2;-0.6;-3;1.2;-4.3;-6.6;-1;-1.5;0.13;1.3;2.5;0.67;334;84;56;30;94444;0.85;0.7;0.27;0.29
2013;3;12;71;0.3;-2.3;-4.2;-4.3;-6.1;-7.5;-2.7;-1.4;0.16;1.3;2.5;2.96;238;55;47;17;94248;0.43;6.2;0.27;0.29
2013;3;13;72;-1.2;-4;-7.1;-6.8;-7.9;-9.9;-0.6;-2;0.24;1.3;2.5;7.49;304;77;53;31;94435;0.41;0.58;0.27;0.29
2013;3;14;73;-0.7;-5.9;-9.8;-8;-10.4;-12.6;0.6;-1.9;0.24;1.3;2.5;7.57;309;89;94;62;95019;0.33;0.37;0.27;0.29
2013;3;15;74;-1.5;-5.2;-10.3;-9.4;-11.4;-12.6;1.1;-1.4;0.24;1.4;2.5;7.79;360;101;100;61;95585;0.38;0.51;0.26;0.29
2013;3;16;75;3.1;-2.2;-7.8;-6.3;-9.4;-12.8;-1;1.8;0.24;1.4;2.5;7.42;436;129;117;76;95815;0.39;0.01;0.26;0.29
2013;3;17;76;5.9;0.6;-3.6;-4.4;-7.5;-11.6;-2.9;1.5;0.22;1.4;2.5;6.58;416;117;94;64;94856;0.69;0.21;0.26;0.29
2013;3;18;77;2.7;0.6;-0.7;-0.1;-1.9;-4.5;-1;-0.4;0.24;1.4;2.5;7.7;187;44;32;18;93843;0.33;5.75;0.26;0.29
2013;3;19;78;5.2;1.3;-0.9;2.6;-0.2;-1.5;3.5;0.4;0.28;1.4;2.5;10.31;357;89;79;40;94090;0.63;3.37;0.26;0.29
2013;3;20;79;8;2.4;-1.7;2.4;0.1;-2.1;1;1.7;0.24;1.4;2.5;7.5;420;91;73;41;94766;0.76;3.06;0.26;0.29
2013;3;21;80;2.8;0.1;-3.5;0.6;-3.3;-6;2;-0.9;0.22;1.5;2.5;6.46;307;88;66;36;95704;1.04;1.58;0.27;0.29
2013;3;22;81;1.7;-2.1;-4.7;-6.3;-6.8;-7.9;-2.3;-1.1;0.22;1.5;2.5;6.46;477;128;95;55;95961;0.75;0;0.27;0.29
2013;3;23;82;0.3;-3.4;-6.9;-8;-9.6;-14.3;-4.5;-0.8;0.21;1.5;2.5;6.09;449;125;84;55;95863;0.59;0;0.26;0.29
2013;3;24;83;0.7;-4.4;-9;-11.3;-13.9;-17.3;-5.1;-0.9;0.21;1.5;2.5;5.69;492;140;98;63;95676;0.58;0;0.26;0.29
2013;3;25;84;-1.5;-3.9;-5.9;-8.7;-10.1;-12.4;-4.7;-1.3;0.21;1.5;2.5;5.85;283;76;45;30;95368;0.37;1.1;0.26;0.29
2013;3;26;85;0.1;-3.5;-5.9;-9.8;-10.7;-11.4;-3.3;-1.3;0.22;1.5;2.5;6.44;380;113;64;39;95225;0.47;0.83;0.26;0.29
2013;3;27;86;-0.6;-3.5;-6.6;-7.6;-8.8;-10;-2.4;-0.4;0.22;1.5;2.5;6.65;314;98;61;42;95257;0.32;0.14;0.26;0.29
2013;3;28;87;6.4;-0.2;-8.2;-1.2;-4.8;-10.1;-1.5;0.6;0.21;1.6;2.5;5.87;498;140;95;56;95071;0.43;2.73;0.26;0.29
2013;3;29;88;2.8;0.6;-1.9;0;-3.1;-5.3;1.9;0.3;0.27;1.6;2.5;9.22;357;104;75;39;94871;0.88;2.77;0.26;0.29
2013;3;30;89;5.7;0.4;-4.8;-2.4;-4.5;-6.6;-0.8;-0.6;0.25;1.6;2.5;7.9;375;118;93;49;94735;0.67;0.09;0.26;0.29
2013;3;31;90;2;-1.3;-6.5;-3.8;-5.8;-8.4;-0.7;-2.4;0.23;1.6;2.5;7.07;395;100;84;46;95010;0.8;0.58;0.26;0.29
2013;4;1;91;1.8;-2.6;-7.6;-6;-7.3;-8.6;-1.2;-1.4;0.23;1.6;2.5;6.98;385;113;81;54;95164;0.51;0.25;0.25;0.29
2013;4;2;92;3.4;-0.5;-5.2;-3.6;-5.2;-7.7;-3.5;-1.3;0.22;1.6;2.5;6.53;442;122;82;55;95228;0.63;0.12;0.25;0.29
2013;4;3;93;2.5;-0.6;-3.1;-4.6;-5.3;-6.2;-2.8;-1.4;0.22;1.7;2.5;6.06;321;104;61;41;95562;0.74;0;0.25;0.29
2013;4;4;94;4.2;-0.2;-4.2;-2.6;-4.1;-6.4;-2.3;-1.1;0.21;1.7;2.5;5.33;485;148;83;56;95313;0.69;0;0.25;0.29
2013;4;5;95;3.5;0.6;-2.2;-1.6;-2.4;-3.5;-2.1;-1.8;0.19;1.7;2.5;4.47;244;81;59;29;95019;0.53;0.06;0.25;0.29
2013;4;6;96;4.1;1;-1.4;-1.3;-2;-2.5;-0.7;-1.7;0.19;1.7;2.5;3.89;266;76;37;25;95798;0.57;0.34;0.25;0.29
2013;4;7;97;4.8;1.2;-1.8;-2.3;-3.7;-4.9;-1.2;-1.3;0.18;1.7;2.5;3.61;343;107;62;36;96108;0.95;0.44;0.25;0.29
2013;4;8;98;7.2;2.1;-3.7;-1.7;-3.4;-6.7;-2.2;0.4;0.17;1.7;2.5;2.88;545;163;100;71;95150;1.12;0;0.25;0.29
2013;4;9;99;10.1;4.2;-1;3.1;0.5;-3;0.6;1.6;0.16;1.7;2.5;1.81;464;140;81;43;94754;1.37;3.6;0.25;0.28
2013;4;10;100;8.8;5.3;2.1;6.6;4;1.6;2.1;1.7;0.15;1.8;2.5;0.88;306;87;59;27;95061;1.22;8.29;0.25;0.28
2013;4;11;101;12.9;7.8;2.6;8.8;6.1;2;0.6;2.8;0.14;1.8;2.5;0.32;233;65;54;25;94888;1.08;8.68;0.26;0.28
2013;4;12;102;11.6;9.1;6.6;8.1;5.3;2.3;2.9;1.5;0.14;1.8;2.5;0.05;459;140;96;48;94882;2.03;7.9;0.27;0.28
2013;4;13;103;11.7;8;3.7;5.9;4;1.7;3.2;1;0.14;1.8;2.5;0;519;159;94;60;96135;2.03;1.84;0.27;0.28
2013;4;14;104;15.4;9.5;2.6;7.9;4.9;1.1;-0.4;1.5;0.14;1.8;2.5;0;642;134;106;54;96885;1.45;0.04;0.26;0.28
2013;4;15;105;20.2;13.1;4.8;10.2;6.8;3.1;-1.4;1.5;0.14;1.8;2.5;0;659;219;121;83;96504;2.54;0;0.26;0.28
2013;4;16;106;18.8;12.8;6;11.9;9.2;4.8;0.4;0.8;0.14;1.9;2.5;0;609;165;101;56;96343;2.11;4.06;0.26;0.28
2013;4;17;107;19.1;13.8;7.5;11.1;8.3;6.4;0.7;0.4;0.14;1.9;2.5;0;584;186;116;69;96579;2.28;0;0.26;0.28
2013;4;18;108;21.3;15.3;9.3;11.7;9.3;5.9;1.7;1.1;0.14;1.9;2.5;0;586;192;97;68;96128;2.51;0.27;0.25;0.28
2013;4;19;109;12.5;9.9;6.7;6.1;4.6;2.3;1.2;-0.7;0.14;1.9;2.5;0;299;91;63;41;96469;1.67;5.31;0.25;0.28
2013;4;20;110;8.8;7.1;5;4.2;3.5;2.6;-3.5;-2.4;0.14;1.9;2.5;0;263;82;37;25;96677;1.99;3.58;0.26;0.28
2013;4;21;111;17.2;11.1;5.2;8.5;5.3;2.1;-1.8;-0.4;0.14;2;2.5;0;582;185;86;63;96040;2.22;0.08;0.25;0.28
2013;4;22;112;14.1;10.9;7.1;8.5;7.3;5.7;1.6;-0.5;0.14;2;2.5;0;405;106;52;35;95908;1.41;0.81;0.25;0.28
2013;4;23;113;15.6;11.8;7.9;8.3;5.4;3.3;2.2;0.4;0.14;2;2.5;0;538;175;122;61;96424;2.3;0.07;0.25;0.28
2013;4;24;114;18.3;12.8;6.8;8.8;6;3.1;1.6;0.5;0.14;2;2.5;0;614;197;110;73;96889;2.45;0;0.25;0.28
2013;4;25;115;20.8;15.3;8.9;10.9;7.6;5.9;0.4;0.6;0.14;2;2.5;0;682;224;126;84;96703;2.86;0;0.24;0.28
2013;4;26;116;22.7;15.4;8.6;11.2;9.2;6.6;1.4;1;0.14;2.1;2.5;0;685;210;121;66;95463;2.9;2.99;0.24;0.28
2013;4;27;117;11.1;8.8;5.1;10.7;7.9;4.3;-1;-2;0.15;2.1;2.5;0;186;59;47;18;94777;1.46;5.63;0.24;0.28
2013;4;28;118;8.2;6;3.8;5.2;3.6;2;-1.3;-1.2;0.15;2.1;2.5;0;230;59;42;15;95672;1.11;1.39;0.24;0.28
2013;4;29;119;11.7;8.9;6.1;6.5;5.6;4.7;1.4;0.2;0.15;2.1;2.5;0;352;83;57;27;96103;1.04;1.12;0.24;0.28
2013;4;30;120;15.4;9.4;4.2;8.3;6.2;3.6;-2;-1.7;0.15;2.1;2.5;0;553;115;69;30;96269;1.9;2.53;0.24;0.28
2013;5;1;121;13.9;10.2;7.4;9;7.3;5.4;-2.9;-1;0.15;2.2;2.5;0;398;122;58;30;96360;1.56;0;0.24;0.28
2013;5;2;122;15.7;11.6;8.7;11.1;9.4;7.8;-0.9;-1.9;0.15;2.2;2.5;0;346;101;34;22;96062;1.36;0.9;0.24;0.28
2013;5;3;123;13.8;11.4;9.4;8.8;8.4;7.1;-1.7;-1.9;0.15;2.2;2.5;0;260;83;30;18;95861;1.26;0.45;0.24;0.28
2013;5;4;124;15.3;11.5;8.4;11.6;8.5;5.8;0.6;-0.2;0.15;2.2;2.5;0;442;140;82;43;96079;2.27;5.3;0.24;0.28
2013;5;5;125;18.3;12.8;6.5;9.5;7.4;5.8;-1.1;-0.7;0.15;2.2;2.5;0;548;198;99;73;96563;2.73;0.21;0.24;0.28
2013;5;6;126;18.3;13.9;9.3;12.5;10.3;8.2;-3;-1;0.15;2.2;2.5;0;598;190;85;66;96162;2.68;4.53;0.24;0.28
2013;5;7;127;18.4;14.3;10.3;15.1;12.4;9.9;-0.2;0.1;0.15;2.3;2.5;0;437;140;62;44;95817;2.21;10.86;0.24;0.28
2013;5;8;128;19.8;14.9;9.5;13.2;11.4;9.5;-0.1;1.2;0.15;2.3;2.5;0;573;185;97;52;95807;2.79;0.83;0.25;0.28
2013;5;9;129;20.1;15.3;10;13.1;11.7;9.2;1.2;0.4;0.15;2.3;2.5;0;661;205;103;59;95810;2.99;2.96;0.24;0.28
2013;5;10;130;15.2;12.8;10.6;11.5;8.5;5.6;2.1;-0.9;0.15;2.3;2.5;0;360;106;69;36;95794;2.05;4.37;0.24;0.28
2013;5;11;131;15.3;11.8;8.4;9.9;7.7;6.3;1.7;-0.3;0.15;2.3;2.5;0;502;170;79;57;95838;2.37;1.33;0.24;0.28
2013;5;12;132;12.5;8.6;4.7;8;5;0.7;2.7;0.4;0.15;2.4;2.5;0;484;163;94;69;95832;2.52;5.03;0.24;0.28
2013;5;13;133;8.7;7.3;4;7.6;5.6;3.2;2.3;1.4;0.15;2.4;2.5;0;264;74;78;32;96034;1.48;3.37;0.25;0.28
2013;5;14;134;16.4;11.8;7.3;7.7;6.1;3.9;0.8;1.6;0.15;2.4;2.5;0;451;173;106;59;95548;2.59;0.18;0.24;0.28
2013;5;15;135;21.8;15.3;8.8;11.2;8.8;5.8;-1.4;0.7;0.15;2.4;2.5;0;720;252;122;85;94721;3.64;0.33;0.24;0.28
2013;5;16;136;21.7;16.1;8.7;11;9.1;7.9;-2.4;1.2;0.15;2.4;2.5;0;622;222;104;79;94194;3.47;0.02;0.24;0.28
2013;5;17;137;21.6;15.3;10.9;13.8;11.4;8.5;0.1;0.7;0.16;2.4;2.5;0;638;201;97;56;94305;3.13;18.55;0.24;0.28
2013;5;18;138;16.6;12.4;9.2;10.1;7.4;5.8;1.5;0.5;0.16;2.5;2.5;0;472;139;113;44;95224;2.59;5.78;0.25;0.27
2013;5;19;139;21.7;13.9;8.4;12.7;9.3;6;-0.9;0;0.16;2.5;2.5;0;726;231;116;68;95056;3.51;15.39;0.25;0.27
2013;5;20;140;14.9;10.8;7.1;7.3;5.9;4.9;2.5;1.7;0.16;2.5;2.5;0;563;182;97;67;95514;3.03;1.31;0.26;0.27
2013;5;21;141;15.2;10.2;5.4;7.9;6.5;4.6;1.5;1.7;0.16;2.5;2.5;0;585;204;94;72;95482;2.86;4.43;0.26;0.27
2013;5;22;142;9.7;8.1;6;8.6;5.9;2.3;2.6;-0.1;0.16;2.5;2.5;0;208;76;60;32;95205;1.85;5.34;0.26;0.27
2013;5;23;143;11.6;8.1;4.8;4.3;2.2;0.2;1.6;0.5;0.16;2.5;2.5;0;490;178;80;53;95113;2.78;3.05;0.26;0.27
2013;5;24;144;9.8;6.4;3.5;3.7;1.7;0.4;1;-1.6;0.16;2.5;2.5;0;472;139;69;38;95299;2.49;1.66;0.26;0.27
2013;5;25;145;12.1;7.3;2.1;6.7;3.7;1.3;1.2;-1.5;0.16;2.6;2.5;0;525;163;88;55;95347;2.3;2.95;0.26;0.27
2013;5;26;146;6.3;4.9;4;6.2;4;2.9;4.6;1.1;0.16;2.6;2.5;0;149;48;43;13;95118;1.57;20.3;0.27;0.27
2013;5;27;147;7.8;6.6;5;7.3;6;4.6;3.1;0.2;0.16;2.6;2.5;0;93;30;9;4;95213;0.88;9.22;0.29;0.27
2013;5;28;148;16.5;12.2;6.8;8.6;7.1;6;0.8;-0.2;0.16;2.6;2.5;0;574;186;98;50;94850;2.75;0.3;0.29;0.27
2013;5;29;149;10.8;8.9;6.8;10.3;7.8;5.8;1.6;0.7;0.16;2.6;2.5;0;187;61;53;24;94591;1.04;7.36;0.29;0.27
2013;5;30;150;12;9.1;6;8.2;5.8;4.2;2.1;-2.2;0.16;2.6;2.5;0;361;115;49;26;94872;1.91;16.23;0.29;0.27
2013;5;31;151;15.2;11.5;7.8;12.9;10.5;7;0;-2.2;0.16;2.6;2.5;0;282;64;77;18;94347;1.43;15.34;0.31;0.27
2013;6;1;152;14.5;10.4;4.4;13.6;9.6;4.3;1.7;-1.9;0.16;2.6;2.5;0;231;90;76;25;95192;1.54;8.26;0.31;0.28
2013;6;2;153;9.3;8.2;7.3;8.9;7.1;6.2;2.2;-3.5;0.16;2.7;2.5;0;142;37;12;8;95916;1.82;27.66;0.32;0.28
2013;6;3;154;9.7;7.7;6.1;6.8;5.6;4.6;1.5;-2.3;0.16;2.7;2.5;0;161;48;23;13;96448;1.63;4.88;0.33;0.28
2013;6;4;155;16.7;11.9;7.4;9.9;7.7;6.2;-0.1;-2.2;0.16;2.7;2.5;0;627;193;92;40;96275;2.81;0.06;0.32;0.29
2013;6;5;156;18.9;14.3;9.3;9.8;7.3;4.8;-1.4;-1.2;0.16;2.7;2.5;0;748;274;135;90;96232;4.01;0;0.31;0.29
2013;6;6;157;19.3;14.7;7.9;11.9;9.9;7.2;-1.8;-0.8;0.16;2.7;2.5;0;526;197;91;66;96369;3.07;1.11;0.3;0.29
2013;6;7;158;20.2;15.6;9.4;14.6;11.9;8.9;-1.4;-0.9;0.16;2.7;2.5;0;480;180;86;61;96342;2.76;4.24;0.3;0.29
2013;6;8;159;21.5;16.6;10.9;15.5;13.7;10.7;-1.3;-0.8;0.16;2.7;2.5;0;602;209;91;64;95939;3.36;4.59;0.29;0.29
2013;6;9;160;21.1;16.5;12.7;15.9;14.1;12;-0.4;-0.6;0.16;2.8;2.5;0;481;171;78;60;95282;2.71;9.23;0.29;0.29
2013;6;10;161;15;13.6;10.9;13.8;12.6;10.1;-0.1;-1.9;0.16;2.8;2.6;0;225;62;44;24;95300;1.5;17.54;0.31;0.29
2013;6;11;162;18;13.9;9;12.2;10.2;8.2;1.3;-1.2;0.16;2.8;2.6;0;522;213;89;70;95994;3.36;3.19;0.31;0.29
2013;6;12;163;20.5;15.7;9.1;13;10.4;8.7;0.8;0.3;0.16;2.8;2.6;0;623;218;105;65;96378;3.59;0.11;0.3;0.29
2013;6;13;164;24.1;19;12.8;14.3;11.9;10;0.2;2.3;0.16;2.8;2.6;0;680;242;99;68;96110;4.3;0.24;0.3;0.29
2013;6;14;165;17.9;14.4;10.6;12.6;8.6;6.7;1.8;-0.7;0.16;2.8;2.6;0;687;212;115;59;96302;3.84;3.83;0.29;0.3
2013;6;15;166;21;16.4;9.3;13.1;11;8.3;1.2;0.9;0.16;2.8;2.6;0;666;214;94;63;95950;3.46;0.11;0.29;0.3
2013;6;16;167;22.2;17.4;12.1;13.2;10.5;8.1;1.1;0.2;0.16;2.8;2.6;0;741;267;126;86;96086;4.26;0;0.28;0.3
2013;6;17;168;28.2;21.5;12.4;19.2;15;10;-1.9;0.2;0.16;2.8;2.6;0;720;263;105;73;95965;4.55;0.17;0.28;0.29
2013;6;18;169;31.4;24.9;16.8;19.8;17.2;14.4;-0.7;-0.2;0.16;2.8;2.6;0;723;260;119;82;96006;4.61;0.23;0.27;0.29
2013;6;19;170;31.2;25.8;20.7;20.3;18.4;14.8;-3.2;0.5;0.16;2.8;2.6;0;711;258;101;79;95841;4.97;0.48;0.26;0.29
2013;6;20;171;31.7;25.2;18.8;20.7;18.9;15.5;-0.9;0.4;0.16;2.8;2.6;0;717;251;108;76;95529;4.59;7.03;0.26;0.29
2013;6;21;172;21.8;18.2;14.4;19.1;12.4;10.7;3.2;0.8;0.16;2.8;2.6;0;637;228;100;65;95883;4.66;12.19;0.27;0.29
2013;6;22;173;20.5;17.2;13.4;13;12;11.2;1.7;0.4;0.16;2.8;2.6;0;493;172;84;55;96061;3.06;0.24;0.26;0.29
2013;6;23;174;19.1;15.9;13.3;13.1;10.7;8.2;2.2;0.9;0.16;2.8;2.5;0;557;156;94;52;95892;2.72;0.6;0.26;0.29
2013;6;24;175;17.3;14.1;11.6;11.5;9.5;8.1;2.1;-0.7;0.16;2.8;2.5;0;520;190;85;54;96183;3.24;2.8;0.26;0.29
2013;6;25;176;13.7;11.4;9.1;11;9.4;7.6;2;-2.1;0.16;2.8;2.5;0;307;94;48;31;96470;2.78;9.12;0.26;0.29
2013;6;26;177;12.5;10.5;8.6;7.4;5.1;3.1;3;-1.3;0.15;2.7;2.5;0;397;142;52;37;96781;2.87;1.16;0.26;0.29
2013;6;27;178;15.6;11.6;7.8;9.6;7.8;5.4;1;1;0.15;2.7;2.5;0;588;205;86;65;96608;2.99;4.72;0.26;0.29
2013;6;28;179;16.1;11.8;6.2;9.9;7.2;5.9;1.4;0.4;0.15;2.7;2.5;0;569;219;101;77;96369;3.22;0.43;0.26;0.29
2013;6;29;180;13.1;11.6;9.1;11.7;9.8;7.2;1.4;0.7;0.15;2.7;2.5;0;200;58;51;25;96200;1.49;6.19;0.26;0.29
2013;6;30;181;14.3;11.7;8.5;8.6;6.2;5;2.2;-0.7;0.15;2.7;2.5;0;475;160;61;47;96568;2.71;0.02;0.26;0.29
2013;7;1;182;20.9;15.4;8;11.3;8.6;6.2;0.9;1.2;0.15;2.7;2.5;0;689;240;114;76;96273;3.7;0;0.25;0.29
2013;7;2;183;22.5;18;11.7;13.1;10.7;8.4;0.8;0.9;0.15;2.7;2.5;0;657;252;119;78;95978;3.99;0.05;0.25;0.29
2013;7;3;184;21.1;17.4;14;14.8;13.4;11;1.1;1.9;0.15;2.7;2.5;0;509;171;80;49;95736;2.98;2.36;0.24;0.29
2013;7;4;185;22;18;13.4;14.9;13.5;12.4;1.4;-0.4;0.15;2.7;2.5;0;528;178;79;44;96404;3.17;0.97;0.24;0.29
2013;7;5;186;21.6;18.4;13.7;15.1;13.7;13;0.4;-1.5;0.15;2.7;2.5;0;525;197;88;60;97003;3.26;0.74;0.24;0.29
2013;7;6;187;22.6;18.8;14.3;15.5;14.2;12.7;-1.7;-1.5;0.15;2.7;2.5;0;591;209;91;66;97172;3.36;0.73;0.23;0.29
2013;7;7;188;24.3;19.5;14.1;14.2;12.2;10.9;-2;-1.6;0.15;2.7;2.5;0;666;260;116;87;97191;4.26;0.02;0.23;0.29
2013;7;8;189;24.1;19.2;13.5;12.5;11.2;10.1;-2.2;-1.4;0.15;2.6;2.5;0;652;246;104;84;97156;4.06;0;0.22;0.29
2013;7;9;190;24.9;20.3;14.1;13.7;12.1;10.5;-1.9;-1.3;0.15;2.6;2.5;0;574;232;100;75;96691;3.83;0;0.22;0.29
2013;7;10;191;24.5;20.2;15.1;13.8;12.7;11.1;-0.1;-2.2;0.15;2.6;2.5;0;573;224;102;74;96111;3.67;0.14;0.22;0.29
2013;7;11;192;18.4;15.5;12.1;10.6;8.7;7.3;-0.2;-2.5;0.15;2.6;2.5;0;449;166;78;59;96184;2.66;0.34;0.21;0.29
2013;7;12;193;20.3;16.3;12;10.8;8.3;5.7;-0.1;-1.9;0.15;2.6;2.5;0;646;216;102;70;96391;3.14;0;0.21;0.29
2013;7;13;194;21.7;17;10.9;10.8;8.3;5.8;-0.4;-1.6;0.15;2.6;2.5;0;577;219;105;79;96426;3.2;0;0.21;0.28
2013;7;14;195;23;17.7;10.5;12.5;10.5;9.1;0.6;-1.6;0.15;2.6;2.5;0;559;210;108;68;96453;2.98;0;0.2;0.28
2013;7;15;196;22.3;17.7;13.7;12.7;10.1;7.5;0.3;-1.9;0.15;2.6;2.5;0;713;250;126;81;96517;3.31;0;0.2;0.28
2013;7;16;197;24.7;18.9;11;11.5;9.8;8.7;-0.9;0;0.15;2.6;2.5;0;732;272;137;98;96649;3.62;0;0.2;0.28
2013;7;17;198;26.7;20.6;12.5;12.6;10.8;9.3;-1.6;-1.1;0.15;2.6;2.5;0;692;233;114;80;96562;3.35;0;0.19;0.28
2013;7;18;199;26.9;22;16.8;12.3;10.6;8.7;-2.3;-1.6;0.15;2.6;2.5;0;662;242;115;84;96559;3.45;0;0.19;0.28
2013;7;19;200;26.7;21.9;16.3;13.5;11.6;10.1;-1.3;-2.1;0.15;2.5;2.5;0;696;255;122;93;96407;3.43;0.02;0.18;0.28
2013;7;20;201;25.9;20.8;15.1;13.9;11.9;10.6;-1.6;-1.8;0.15;2.5;2.5;0;666;242;112;87;96362;3.07;0;0.18;0.28
2013;7;21;202;27.2;21.6;14.9;13;10.6;9.9;-2.4;0;0.15;2.5;2.5;0;729;274;135;100;96466;3.26;0;0.18;0.28
2013;7;22;203;29.3;22.9;13.9;12.7;10.2;8.2;-1;-0.5;0.15;2.5;2.5;0;736;270;151;104;96200;3.31;0;0.17;0.28
2013;7;23;204;30.6;23.9;14.8;13.1;10;5.7;-0.5;-0.8;0.15;2.5;2.5;0;713;254;149;95;95855;3.03;0.02;0.17;0.28
2013;7;24;205;28.4;21.7;16.3;18.4;14.7;10.3;0.6;0.4;0.15;2.5;2.5;0;650;191;99;59;95906;2.51;13.16;0.17;0.28
2013;7;25;206;26.3;21.5;17.1;17.4;15.4;12.9;1.6;-0.2;0.15;2.5;2.5;0;679;208;104;59;96083;3.46;0.71;0.18;0.28
2013;7;26;207;28.7;23.4;17.8;17.8;15.6;13.1;0;0;0.15;2.5;2.5;0;622;232;117;75;96001;3.51;0.06;0.18;0.28
2013;7;27;208;32.5;26;18.2;17.3;15.2;13.4;-0.5;1.4;0.15;2.5;2.5;0;687;243;110;76;95627;3.82;0.73;0.17;0.28
2013;7;28;209;33.7;26.4;19;17.9;15;12.9;0;0.3;0.15;2.5;2.5;0;693;246;135;81;95618;3.92;4.93;0.17;0.27
2013;7;29;210;22.7;19;15.8;16.9;15.6;14.1;2.4;-1.3;0.15;2.5;2.5;0;478;134;72;41;95901;2.84;4.28;0.17;0.27
2013;7;30;211;20.9;18.1;14.7;15.1;13.4;11.6;3.2;0.5;0.15;2.4;2.5;0;544;183;89;57;96328;2.9;1.05;0.17;0.27
2013;7;31;212;22.7;19.3;16.6;15.2;13.6;11.7;2.8;0.6;0.15;2.4;2.5;0;455;151;76;49;96351;2.48;1.17;0.17;0.27
2013;8;1;213;28.3;21.8;14.1;15.5;13.8;12.7;-0.6;0.9;0.15;2.4;2.5;0;695;256;127;88;96276;3.4;0;0.17;0.27
2013;8;2;214;32;24.9;15.2;19.6;14;12.2;-0.2;0.5;0.15;2.4;2.5;0;710;256;138;94;96063;3.42;0;0.17;0.27
2013;8;3;215;30.9;24.8;18.5;17;15.5;13.1;0.4;-0.6;0.15;2.4;2.5;0;675;217;114;75;96183;3.14;1.18;0.16;0.27
2013;8;4;216;28;22.6;18.3;17.9;17;16.4;0.3;-0.2;0.15;2.4;2.5;0;613;208;97;66;96451;3.09;3.28;0.16;0.27
2013;8;5;217;29;22.8;15.5;17.9;15.6;13.9;-1.4;0.4;0.15;2.4;2.5;0;689;238;122;80;96236;3.35;0.03;0.16;0.27
2013;8;6;218;31.4;23.5;18.2;19.2;17.2;15.6;-0.5;0.3;0.15;2.4;2.5;0;653;208;111;68;95928;2.99;8.96;0.16;0.27
2013;8;7;219;29.2;23;17.3;18.7;17.1;15.6;-1;0;0.15;2.4;2.5;0;588;201;100;58;95637;3.24;0.8;0.17;0.27
2013;8;8;220;23;19.9;17.4;16.5;15.5;14.8;1.7;-1.1;0.15;2.4;2.5;0;407;125;67;47;95950;2.29;1.88;0.16;0.27
2013;8;9;221;17;15.9;14.1;15.3;14.6;13.7;0;-1.5;0.15;2.3;2.5;0;118;30;41;24;96343;1.04;18.87;0.17;0.27
2013;8;10;222;21.6;17.2;11.5;13.7;12.4;10.9;2;0.3;0.15;2.3;2.5;0;588;196;103;66;96340;3.07;0.69;0.18;0.27
2013;8;11;223;19.4;16.3;12.2;11.9;9.7;6.1;2.1;-0.3;0.15;2.3;2.5;0;530;179;104;72;96263;2.47;0.03;0.18;0.27
2013;8;12;224;21.6;16.8;11.6;11.4;9.6;7.8;1.4;1;0.15;2.3;2.5;0;549;163;93;58;96042;2.51;2.54;0.18;0.27
2013;8;13;225;18.1;15;12.5;12.4;10;7.2;2.4;-0.3;0.15;2.3;2.5;0;529;164;95;61;96129;2.52;1.07;0.18;0.27
2013;8;14;226;18.4;14.3;10;9.5;6.7;3.9;1.6;-0.9;0.15;2.3;2.5;0;545;186;107;80;96580;2.44;0.02;0.18;0.27
2013;8;15;227;21.1;15.6;8.7;9;6.2;4;-0.8;0.1;0.14;2.3;2.5;0;596;214;120;90;96688;2.75;0;0.17;0.26
2013;8;16;228;24.1;17.7;9.8;12.2;8.8;6.1;-1.2;0.7;0.14;2.3;2.5;0;678;235;132;93;96378;2.97;0;0.17;0.26
2013;8;17;229;25.7;19.7;11.4;13.8;11.4;8.6;0.5;0.9;0.14;2.3;2.5;0;607;202;110;78;96060;2.66;0.01;0.17;0.26
2013;8;18;230;25.9;20.7;14.6;15;13.2;11.9;1.1;1;0.14;2.3;2.5;0;585;172;95;59;95995;2.39;0.83;0.17;0.26
2013;8;19;231;20.1;17.1;14.3;17.1;14.6;10.5;1.2;1;0.14;2.3;2.5;0;290;74;54;37;96089;2.08;14.11;0.17;0.26
2013;8;20;232;18.7;15.2;12.8;11;9.8;8;0.7;-1.8;0.14;2.3;2.5;0;458;113;67;43;96900;2.01;0.53;0.18;0.26
2013;8;21;233;20.2;15.7;10.3;11.7;9.4;7.5;-1.3;-0.1;0.14;2.3;2.5;0;486;155;97;65;96885;2.12;0.07;0.18;0.26
2013;8;22;234;22.6;17;10.7;10.8;8.9;8;-1.6;-0.1;0.14;2.2;2.5;0;619;215;129;87;96421;2.85;0;0.17;0.26
2013;8;23;235;20.8;16.8;12.7;11.6;9.7;8.6;-2.2;-0.4;0.14;2.2;2.5;0;479;148;83;62;96198;2.1;0.4;0.17;0.26
2013;8;24;236;22.4;17.9;12.8;12.6;10.9;9.6;-2.6;0.4;0.14;2.2;2.5;0;561;177;90;66;95778;2.52;0.52;0.17;0.26
2013;8;25;237;16;14.8;13.7;14.2;13.2;11.8;-2.7;-0.9;0.14;2.2;2.5;0;143;44;37;20;95437;1.87;16.2;0.17;0.26
2013;8;26;238;17.3;14.8;13;14;12.4;10.8;-2.8;-0.5;0.14;2.2;2.5;0;340;98;44;24;95758;2.25;4.34;0.18;0.26
2013;8;27;239;17.7;14.8;12.4;10.9;10.3;9.8;-2.6;-0.8;0.14;2.2;2.5;0;338;102;51;35;95809;1.97;0.62;0.18;0.26
2013;8;28;240;18;14.8;11.7;11.5;10.4;9.4;-0.8;-1.7;0.14;2.2;2.5;0;399;123;69;49;96081;1.9;1.55;0.18;0.26
2013;8;29;241;20.6;15.6;9;12.2;9.8;8.3;-0.7;-0.5;0.14;2.2;2.5;0;557;183;109;75;96515;2.48;0.28;0.18;0.26
2013;8;30;242;21.3;16.8;11;12.2;9.9;8.6;0.6;0.6;0.14;2.2;2.5;0;481;161;106;71;96437;2.17;0.11;0.18;0.26
2013;8;31;243;20.7;16.4;11.7;12.8;11.2;9.7;2.1;0;0.14;2.2;2.5;0;524;150;91;53;96364;2.13;0.77;0.18;0.26
2013;9;1;244;16.6;13.8;11.2;12.3;6.5;2.8;1.6;-1.8;0.14;2.2;2.5;0;606;173;107;67;96704;2.35;0.09;0.18;0.26
2013;9;2;245;16.1;13.4;11;11.1;8.2;5.9;3.7;0;0.14;2.2;2.5;0;266;54;58;27;96691;0.9;0.09;0.18;0.26
2013;9;3;246;20;16.9;13.8;14.3;12.8;11.4;1.8;-1.4;0.14;2.2;2.5;0;389;115;61;39;96909;1.53;0.23;0.18;0.26
2013;9;4;247;22.9;17.6;11.5;14.3;12.9;11.5;-1.3;-0.2;0.14;2.2;2.5;0;490;138;86;58;96782;1.87;0.02;0.17;0.26
2013;9;5;248;24.3;18.7;12.1;14.3;12.5;11.4;-2.1;0.3;0.14;2.2;2.5;0;610;195;123;88;96230;2.43;0;0.17;0.26
2013;9;6;249;24.7;18.7;12.7;13.5;12.1;10.1;-2.1;0.4;0.14;2.2;2.5;0;614;196;128;93;95806;2.36;0;0.17;0.26
2013;9;7;250;25.7;19.4;12.4;13.9;12.4;11.2;-1.7;0.2;0.14;2.2;2.5;0;590;188;121;86;96111;2.38;0;0.17;0.26
2013;9;8;251;22.8;18.5;14.6;14.9;12.9;10.2;0.1;-0.3;0.14;2.2;2.5;0;493;130;76;56;96071;1.83;6.52;0.17;0.26
2013;9;9;252;15.5;13.6;10.8;14.8;10.1;6.3;2.4;0.2;0.14;2.2;2.5;0;459;129;102;47;96078;2.43;20.26;0.19;0.25
2013;9;10;253;13.3;11.4;9.4;11.7;8.3;6.5;1.3;2;0.14;2.2;2.5;0;219;64;76;44;95844;1.84;5.69;0.19;0.25
2013;9;11;254;10.7;9.6;7.9;8.9;7.7;5.9;2.5;2.3;0.14;2.2;2.5;0;161;47;77;33;95731;1.3;5.5;0.19;0.25
2013;9;12;255;13.2;10.3;8.3;10.6;8.7;7.5;1.8;-0.2;0.14;2.1;2.5;0;423;106;78;39;95752;1.86;11.36;0.21;0.25
2013;9;13;256;13.8;10.6;7.4;12.1;9.5;6.9;2;-0.3;0.14;2.1;2.5;0;375;85;64;38;96269;1.4;4.91;0.21;0.25
2013;9;14;257;14;12.1;8.7;12.9;10.9;8.4;1.3;1.2;0.14;2.1;2.5;0;101;31;68;20;95956;0.6;2.43;0.21;0.25
2013;9;15;258;15.5;13.6;12.3;13.9;12.9;12.1;1.1;0.6;0.14;2.1;2.5;0;134;43;32;17;95421;0.84;3.15;0.21;0.25
2013;9;16;259;12.3;11;8.6;11.9;9.8;7.5;2.5;1.6;0.14;2.1;2.5;0;65;20;35;14;94849;1.33;6.36;0.22;0.25
2013;9;17;260;11.4;8.7;6.6;7.5;5.7;3.1;2.6;0.7;0.14;2.1;2.5;0;456;119;92;51;94870;1.82;2.31;0.22;0.25
2013;9;18;261;12.1;9.5;7.6;11.3;8.5;5.4;1.8;1;0.14;2.1;2.5;0;59;17;39;13;94373;0.98;23.57;0.23;0.25
2013;9;19;262;12.5;9.4;6.9;7.8;6.1;4.3;2.6;-0.1;0.14;2.1;2.5;0;409;101;75;41;95515;1.66;1.23;0.24;0.25
2013;9;20;263;13;10.5;8.9;9.2;8;6.3;2.6;0.6;0.14;2.1;2.5;0;254;46;52;25;95941;1.09;2.49;0.24;0.25
2013;9;21;264;13.4;11.2;9.6;9.1;8;7.1;1.8;-0.8;0.13;2;2.5;0;284;70;61;35;96818;1.25;0.59;0.24;0.25
2013;9;22;265;15.4;11.7;7;10.1;8.4;6.2;1.6;0;0.13;2;2.5;0;348;101;66;44;96999;1.17;0.04;0.24;0.25
2013;9;23;266;16.3;13.4;11;11.5;10.1;9.4;2.4;-0.9;0.13;2;2.5;0;275;78;65;32;96634;1.18;0.29;0.24;0.25
2013;9;24;267;17.1;12.8;9.7;10.5;9.6;9;1.3;-0.6;0.13;2;2.5;0;439;111;105;51;96068;1.36;0.04;0.24;0.25
2013;9;25;268;17.9;13.4;8.1;11.7;10.3;7.8;0.5;0.4;0.13;2;2.5;0;401;103;79;49;95613;1.2;0.17;0.24;0.25
2013;9;26;269;16.4;13.4;10.1;13;11.1;7;1.4;-0.9;0.13;2;2.5;0;341;78;67;33;95696;1.38;1.68;0.24;0.25
2013;9;27;270;13.4;10.2;6.9;6.8;5.4;4.2;-1.4;-0.5;0.13;1.9;2.5;0;370;91;78;51;96055;1.22;0.06;0.24;0.25
2013;9;28;271;14.6;9.3;4.6;5.3;3.8;2.7;-2.5;-0.1;0.13;1.9;2.5;0;527;149;127;89;95806;1.61;0;0.23;0.25
2013;9;29;272;13.4;9.6;6.6;4.4;3.3;2.6;-4.6;-0.5;0.13;1.9;2.5;0;497;144;115;91;95515;1.59;0;0.23;0.25
2013;9;30;273;13;9.3;6.3;4.6;3.6;2.6;-4.1;-0.5;0.13;1.9;2.5;0;412;109;79;62;95361;1.26;0;0.23;0.25
2013;10;1;274;11.5;7.9;5.2;3;2.1;0.8;-2.6;-0.7;0.13;1.9;2.5;0;397;116;118;75;95726;1.27;0;0.23;0.25
2013;10;2;275;11;6.6;3.1;1.5;-0.2;-1.6;-3.4;0.2;0.13;1.9;2.5;0;512;145;126;99;96472;1.37;0;0.23;0.25
2013;10;3;276;12;6.4;2.1;1.4;-0.7;-2.2;-3.7;0.8;0.13;1.8;2.5;0;517;148;130;107;96687;1.46;0;0.23;0.25
2013;10;4;277;13.5;7.7;2.3;4.1;0.8;-3.1;-2.2;1.1;0.13;1.8;2.5;0;383;105;94;67;96518;1.23;0.07;0.22;0.25
2013;10;5;278;12;8.5;5.1;8.2;4.2;0.7;-1.3;0.1;0.13;1.8;2.5;0;293;69;50;32;96094;1.02;3.85;0.22;0.25
2013;10;6;279;13.4;10;8;8.6;7.5;6.5;-0.6;-1;0.13;1.8;2.5;0;222;46;68;26;96625;0.73;0.49;0.23;0.25
2013;10;7;280;15.7;10.1;4.6;8.1;6.8;4.2;-2.1;-0.6;0.13;1.8;2.5;0;421;112;87;64;96891;1.1;0;0.23;0.25
2013;10;8;281;14.1;9.9;5.7;9;7.6;5.2;-0.6;-0.2;0.13;1.8;2.5;0;356;86;71;43;96721;0.79;0.01;0.22;0.25
2013;10;9;282;13.3;10.6;8.4;9.1;8.6;8.1;1.2;0.7;0.13;1.7;2.5;0;266;48;60;30;96180;0.65;0.8;0.22;0.25
2013;10;10;283;9.8;7.7;5.4;9;7;4.5;1.3;0.7;0.13;1.7;2.5;0;102;19;52;16;95198;0.85;15.16;0.23;0.25
2013;10;11;284;6.3;5;2;4.8;4;1.6;-0.5;0.2;0.13;1.7;2.5;0.03;63;17;78;27;95697;0.52;5.81;0.24;0.25
2013;10;12;285;9.8;4.8;0.1;6.2;3.1;-0.1;-1.1;0.3;0.13;1.7;2.5;0.01;214;56;83;45;96025;0.76;1.55;0.24;0.25
2013;10;13;286;10.8;5.5;0.4;4.4;2.4;0.3;-0.2;1.6;0.13;1.7;2.5;0;323;82;103;55;96326;0.82;0.4;0.24;0.25
2013;10;14;287;12.8;8;3.6;7.7;5.7;2.4;-1.1;1.4;0.13;1.7;2.5;0;246;65;80;47;96210;0.73;1.99;0.24;0.25
2013;10;15;288;12;8.7;6.6;8.9;7.4;6.1;1.1;2;0.13;1.7;2.5;0;232;51;49;36;95492;0.97;6.61;0.25;0.25
2013;10;16;289;9.9;7.3;5.2;5.9;4.9;3.6;1.6;-0.3;0.13;1.6;2.5;0;312;61;63;34;95637;0.86;0.53;0.25;0.25
2013;10;17;290;11.7;9.3;5.7;8.7;6.9;5;3.6;1.3;0.13;1.6;2.5;0;218;56;66;27;95820;1.12;2.82;0.25;0.25
2013;10;18;291;12;8.7;4.8;8.4;5.5;3.6;1.5;-0.8;0.13;1.6;2.5;0;271;68;72;56;96193;0.87;0.02;0.25;0.25
2013;10;19;292;14.9;9;3.8;8.4;5.9;2.9;-1.2;1.9;0.12;1.6;2.5;0;407;104;103;70;96055;0.87;0;0.25;0.25
2013;10;20;293;15.8;12.3;9.5;13.8;10.8;7.2;0.7;2.1;0.12;1.6;2.5;0;267;60;57;35;96061;0.73;6.67;0.25;0.25
2013;10;21;294;17.1;12.7;9.3;11.9;10.4;8.5;1;1.8;0.12;1.6;2.5;0;307;76;78;57;96165;0.81;0.18;0.25;0.25
2013;10;22;295;19.5;14;9.4;12.3;10.4;8.6;-1.6;2;0.12;1.6;2.5;0;384;98;104;66;95799;1.05;0;0.25;0.25
2013;10;23;296;16.9;13;10.6;13.6;10.8;8.9;0;2;0.12;1.6;2.5;0;238;46;71;52;95590;0.57;3.27;0.25;0.25
2013;10;24;297;15.1;11.6;6.8;11.1;9.5;6.7;0.6;1;0.12;1.6;2.5;0;199;50;74;39;96256;0.71;0.17;0.25;0.25
2013;10;25;298;16;11.2;6.1;12.1;9.8;6.1;-1.2;1.4;0.12;1.6;2.5;0;265;58;66;43;96170;0.37;0;0.25;0.25
2013;10;26;299;19.6;13.9;9.8;12.9;11.1;8.7;0.5;2.3;0.12;1.6;2.5;0;336;81;88;62;96045;0.84;0.01;0.25;0.25
2013;10;27;300;17.7;13.5;10.8;11.7;9.5;6.5;3;2.7;0.12;1.6;2.5;0;338;67;101;51;95575;1.55;5.6;0.25;0.25
2013;10;28;301;20.2;15;11.4;10.4;9.3;7.7;3.3;2.7;0.12;1.6;2.5;0;357;80;101;48;95176;1.83;1.11;0.25;0.25
2013;10;29;302;12.1;10.1;7.4;8.7;5.9;4;2.8;1.7;0.12;1.6;2.5;0;250;55;94;56;95847;1.13;0.95;0.25;0.25
2013;10;30;303;9.5;6.8;2.9;5.2;3.5;1.3;1.8;0.3;0.12;1.6;2.5;0;288;70;100;69;96636;0.66;0.3;0.25;0.25
2013;10;31;304;10.4;5.1;-0.1;5.3;2.6;-1;-0.6;0.5;0.12;1.6;2.5;0;358;86;113;72;96782;0.55;0;0.25;0.25
2013;11;1;305;8.7;4.9;0.9;5.7;3.8;0.8;0.1;1.9;0.12;1.6;2.5;0;156;38;65;45;96225;0.15;0;0.25;0.25
2013;11;2;306;12;9.8;6.2;10.7;8.5;5.5;1.8;2.7;0.12;1.6;2.5;0;79;12;36;13;95203;0.92;10.39;0.26;0.25
2013;11;3;307;10.4;7.8;5.6;9.6;5.7;2;3.2;2;0.12;1.6;2.5;0;202;29;65;36;94967;1.33;17.97;0.27;0.25
2013;11;4;308;8.5;6.8;4.7;7;4;0.7;1.5;3.6;0.12;1.6;2.5;0;220;31;62;25;94136;1.68;8.96;0.28;0.25
2013;11;5;309;6.5;4;2.3;5.5;1.5;-1.7;2.1;1.3;0.12;1.6;2.5;0.01;174;37;91;37;94278;0.83;4.97;0.28;0.25
2013;11;6;310;10.2;6.5;3.3;9.5;5.3;2.9;4;0.9;0.12;1.6;2.5;0.26;240;44;53;18;94642;1.15;10.35;0.28;0.25
2013;11;7;311;12.8;11.4;10.2;10.4;9.3;8.2;3.9;1.9;0.12;1.6;2.5;0.04;120;24;42;16;95419;0.94;1.27;0.29;0.25
2013;11;8;312;12.7;11;9.5;10.9;9.7;8;1.3;2.3;0.11;1.5;2.5;0;118;25;63;30;95373;0.55;6.25;0.29;0.25
2013;11;9;313;10.5;7.3;3.8;9.2;4.5;1.7;2.7;1.7;0.11;1.5;2.5;0;248;48;92;53;95488;1.15;4.1;0.3;0.25
2013;11;10;314;6.3;4.5;2.8;4.7;3;1.4;1.2;0.2;0.11;1.5;2.5;0;103;22;70;27;95095;0.87;6.5;0.29;0.25
2013;11;11;315;6.2;3.4;-0.8;2.6;1;-1.3;0.6;-1.4;0.11;1.5;2.5;0;191;43;74;41;96941;0.69;0.64;0.3;0.26
2013;11;12;316;6.1;1.1;-2.7;0.8;-1.2;-3.2;-0.9;-0.2;0.11;1.5;2.5;0;310;71;102;70;96885;0.39;0;0.29;0.26
2013;11;13;317;4.7;2;-0.6;3.4;1.3;-1.4;0.2;-0.6;0.11;1.5;2.5;0;71;15;47;18;97074;0.2;1.63;0.29;0.26
2013;11;14;318;2.8;0.9;-1.5;0.3;-0.4;-2;-0.9;0;0.11;1.5;2.5;0;189;40;54;30;96388;0.33;0.26;0.29;0.26
2013;11;15;319;4;2;-0.3;1.1;-0.1;-1.3;-1.9;-1.1;0.11;1.5;2.5;0.15;167;42;58;27;96701;0.34;0.2;0.29;0.26
2013;11;16;320;6.7;4.4;2.6;3.3;2.6;1.3;-1.3;-0.7;0.11;1.5;2.5;0.15;157;34;46;21;97062;0.23;0.03;0.28;0.26
2013;11;17;321;5.9;4.1;2.1;3.5;2.8;1.8;-1.8;-0.5;0.11;1.5;2.5;0.09;169;35;48;26;96513;0.2;0.08;0.28;0.26
2013;11;18;322;6.6;4;1.3;3.8;2.5;1;-0.2;1.8;0.11;1.5;2.5;0;199;40;90;38;95602;0.25;0.06;0.28;0.26
2013;11;19;323;6.3;2.7;-1;3.3;1.6;-1.3;-1.4;-0.9;0.11;1.5;2.5;0;225;46;62;37;94808;0.33;3.59;0.28;0.26
2013;11;20;324;3.7;2.2;1.3;3.4;1.7;0.8;1.1;-0.6;0.11;1.6;2.5;0.19;85;16;21;10;94523;0.5;6.98;0.28;0.26
2013;11;21;325;3.1;1.9;0.4;1.7;0.5;-0.5;-2.5;-0.8;0.12;1.6;2.5;0.37;96;20;35;17;94320;0.39;0.43;0.28;0.26
2013;11;22;326;6.2;4.5;2.7;3.8;2.7;1.9;-2.8;-1.6;0.11;1.6;2.5;0.26;130;25;37;18;94708;0.35;0.56;0.28;0.26
2013;11;23;327;5;4;3.4;3.5;2.7;1.5;-2.2;-2.7;0.11;1.6;2.5;0.11;129;23;27;13;95476;0.32;0.21;0.28;0.26
2013;11;24;328;4.1;2.4;-1;3.5;0;-4.8;0;-3.5;0.11;1.6;2.5;0.07;158;27;62;25;95903;0.51;0.53;0.28;0.27
2013;11;25;329;0.3;-1.8;-3.2;-4.7;-6.5;-8.1;1.2;-2.1;0.11;1.6;2.5;0.16;206;43;94;73;96717;0.37;0.08;0.28;0.27
2013;11;26;330;0.1;-2;-3.8;-4.3;-5.8;-7.9;0.3;-2.4;0.11;1.6;2.5;0.35;219;43;91;58;97147;0.15;0.24;0.28;0.27
2013;11;27;331;-1.7;-3.5;-4.5;-5.9;-6.9;-7.7;0.7;0;0.12;1.6;2.5;0.43;208;43;98;59;97385;0.05;0.01;0.27;0.27
2013;11;28;332;-0.2;-1.6;-3.3;-0.5;-3.4;-6.8;2;0.3;0.14;1.6;2.5;2.11;62;12;27;5;97123;0.03;3.1;0.27;0.27
2013;11;29;333;1.4;0.7;0;1;0.5;-0.3;2.6;1.2;0.16;1.6;2.5;3.87;74;12;9;4;96359;0.05;5.41;0.27;0.27
2013;11;30;334;2.2;1.1;0;1;0.5;-0.3;2.8;0.3;0.21;1.6;2.5;6.7;98;16;27;11;96009;0.23;1.42;0.27;0.27
2013;12;1;335;2.9;1.5;-0.1;1.7;0.8;-0.1;1.4;-0.2;0.2;1.6;2.5;5.89;140;26;42;16;96933;0.23;0.23;0.27;0.27
2013;12;2;336;4.2;2;-0.2;2.3;0.3;-2.7;-1.7;-0.4;0.18;1.6;2.5;4.73;175;34;89;46;97407;0.33;0.22;0.27;0.27
2013;12;3;337;3.3;-0.7;-3.6;-0.8;-3.6;-6.3;-1.1;0.5;0.17;1.7;2.5;4.21;206;42;90;71;97120;0.22;0;0.27;0.27
2013;12;4;338;0.1;-1.6;-4.2;-0.5;-2.5;-4.8;2.5;0.8;0.17;1.7;2.5;4.29;84;17;59;22;96717;0.11;1.29;0.27;0.27
2013;12;5;339;2.3;1.2;-0.1;1.1;0.2;-0.8;4.1;1.4;0.19;1.7;2.5;5.38;67;13;27;11;96172;0.33;4.25;0.27;0.27
2013;12;6;340;1.1;-0.9;-1.8;0.2;-3.4;-4.9;6.4;-0.8;0.22;1.7;2.5;8.17;182;34;78;54;95716;0.82;5.47;0.27;0.27
2013;12;7;341;1;-0.8;-2.4;0.8;-2.4;-4.7;4.4;-0.3;0.28;1.7;2.5;11.62;161;27;67;37;96547;0.24;3.47;0.27;0.27
2013;12;8;342;3.6;2.6;1.4;2.8;2.1;1.3;3.4;0.8;0.28;1.7;2.5;11.18;102;18;43;8;96761;0;2.31;0.27;0.27
2013;12;9;343;4;3.6;3;3.3;2.9;2.1;3.8;0.3;0.2;1.7;2.5;6.26;28;6;10;3;97002;0.16;3.67;0.28;0.27
2013;12;10;344;5.7;4.2;3.1;5.2;4;3;0;0.2;0.16;1.7;2.5;3.69;38;8;19;3;97693;0.02;0;0.28;0.27
2013;12;11;345;4.4;3.5;2.7;3.5;3.1;2.5;-0.3;0.8;0.15;1.7;2.5;2.71;94;18;19;6;97665;0.18;0.06;0.28;0.27
2013;12;12;346;4.5;2.8;1.8;3.2;2.4;1.6;-0.3;0.9;0.13;1.7;2.5;1.94;121;23;34;13;97298;0.15;0.03;0.28;0.27
2013;12;13;347;2;0.8;-0.6;1.5;0.2;-1;0.6;1.2;0.13;1.7;2.5;1.59;110;21;47;16;96826;0.14;0.06;0.28;0.27
2013;12;14;348;1.9;0.4;-1.4;1.3;-0.4;-1.9;1.8;1.1;0.13;1.7;2.5;1.92;105;20;43;19;96950;0.14;2.55;0.28;0.27
2013;12;15;349;3.7;1.4;-0.8;1.2;-0.1;-2.4;1.5;1.6;0.15;1.7;2.5;2.74;100;22;77;31;97354;0.26;0.09;0.28;0.27
2013;12;16;350;5;0.5;-2.5;-0.1;-2.9;-5.1;-0.3;2.2;0.14;1.7;2.5;2.46;220;44;97;70;97294;0.24;0;0.28;0.27
2013;12;17;351;5;0.2;-2.3;0.1;-2.9;-5.1;-0.4;1.9;0.14;1.7;2.5;2.2;210;43;96;68;97026;0.09;0;0.28;0.27
2013;12;18;352;2.3;-0.9;-2.8;-1.4;-3.3;-5.1;-0.7;1.8;0.13;1.7;2.5;2.04;145;28;73;48;96568;0.04;0;0.28;0.27
2013;12;19;353;2.7;0.5;-1.3;1.7;-2.1;-5.4;-0.6;2.3;0.13;1.7;2.5;1.96;73;12;65;20;95661;0.33;2.52;0.28;0.27
2013;12;20;354;2.9;1.2;-0.6;2.4;0.3;-2.4;0.8;0.6;0.13;1.6;2.5;1.76;60;15;30;13;96616;0.11;0.56;0.28;0.27
2013;12;21;355;3.4;0.9;-0.6;1.5;0.3;-0.7;0.5;2.4;0.13;1.6;2.5;1.5;147;28;52;30;97267;0.23;0.01;0.27;0.27
2013;12;22;356;6.7;4.4;0.7;4.3;2.2;-0.2;1.5;3;0.12;1.6;2.5;1.1;119;23;55;26;96469;0.44;1.19;0.27;0.27
2013;12;23;357;7.3;5.4;3;5.7;4.1;0.8;1.6;2.5;0.11;1.6;2.5;0.39;135;25;75;39;96122;0.54;1.95;0.28;0.27
2013;12;24;358;6.9;3.8;1.4;1.8;0.5;-0.9;-1.1;3.3;0.11;1.6;2.5;0.22;205;40;90;71;94881;0.41;0;0.27;0.27
2013;12;25;359;7.2;4.9;1.7;3.2;1.3;-0.7;-0.8;1.3;0.11;1.6;2.5;0.16;89;16;49;31;93905;0.24;0.88;0.27;0.27
2013;12;26;360;5.6;3.8;2.1;3.9;2.9;1.5;-0.2;-0.8;0.11;1.5;2.5;0.13;142;25;52;24;93856;0.21;2.99;0.27;0.27
2013;12;27;361;3.8;2.7;1.5;3.6;1.2;-0.3;0.8;2.4;0.11;1.5;2.5;0.05;151;28;96;41;95092;0.39;0.19;0.27;0.27
2013;12;28;362;6.4;3.1;1.4;2.4;0.6;-0.8;-0.3;2.2;0.11;1.5;2.5;0.03;187;39;79;51;94930;0.22;2.26;0.27;0.27
2013;12;29;363;4.2;2.9;1.2;3.4;1.6;0.1;2.8;1.4;0.11;1.5;2.5;0.01;147;25;66;28;95984;0.58;2.3;0.28;0.27
2013;12;30;364;2;1;-1.5;1.4;-0.4;-2.5;0.2;1.4;0.11;1.5;2.5;0;132;21;77;27;96906;0.25;0.19;0.27;0.27
2013;12;31;365;1.1;-1.4;-3.3;-1.1;-2.5;-4.2;-1.3;1.3;0.11;1.4;2.5;0.01;135;29;82;52;96295;0.02;0.02;0.27;0.27
2014;1;1;1;2.3;-0.7;-2.9;-0.2;-2.1;-4.1;-0.8;1.9;0.11;1.4;2.5;0.1;98;19;70;36;95736;0.09;0.18;0.27;0.27
2014;1;2;2;2.1;1;-1;1.3;-0.8;-3.2;-0.5;1.9;0.11;1.4;2.5;0.14;107;21;52;31;95194;0.18;0.85;0.27;0.27
2014;1;3;3;5.5;2.8;-0.7;3.4;1;-1.5;0.3;2.6;0.11;1.4;2.5;0.1;186;36;71;47;95568;0.29;0.16;0.27;0.27
2014;1;4;4;7.3;4.4;1.9;3.9;2.9;1.5;-0.5;1.6;0.11;1.4;2.5;0;169;32;67;42;95161;0.26;2.25;0.27;0.27
2014;1;5;5;4.9;2.5;0.1;4.2;2.1;-0.3;1.5;1;0.11;1.4;2.5;0;56;11;77;32;95133;0;0.89;0.27;0.27
2014;1;6;6;5.1;1.8;-1.5;1;-0.4;-2.2;-0.3;2.6;0.11;1.3;2.5;0;111;23;77;40;95783;0.25;0.16;0.27;0.27
2014;1;7;7;9.2;5.8;2.9;6;3.4;0.3;0.4;2.2;0.11;1.3;2.5;0;206;40;88;46;96086;0.22;0.27;0.27;0.27
2014;1;8;8;10;6.6;4.2;7.3;5.1;2.7;1.5;1.8;0.11;1.3;2.5;0;163;32;67;41;96346;0.27;1.2;0.27;0.27
2014;1;9;9;10.7;6.9;3.9;6.2;3.9;2.3;1.7;2.3;0.11;1.3;2.5;0;207;40;86;43;95614;0.7;5.09;0.27;0.27
2014;1;10;10;5.3;3.3;0.9;3.9;1;-0.9;3.5;0.5;0.11;1.3;2.5;0;188;34;72;45;95956;0.67;0.69;0.27;0.27
2014;1;11;11;4.2;1.5;-1.7;3.2;0.6;-2.2;1.4;1.2;0.11;1.2;2.5;0;197;30;68;36;96027;0.17;0.43;0.27;0.27
2014;1;12;12;1.4;-0.8;-3.2;0.5;-2.3;-4;1.6;0.4;0.11;1.2;2.5;0;192;43;101;70;96526;0.21;0;0.27;0.27
2014;1;13;13;3.3;-0.3;-4;2.1;-1.1;-5.3;-0.1;1.5;0.11;1.2;2.5;0;125;26;72;27;95745;0.04;3.24;0.27;0.27
2014;1;14;14;1.5;0.8;0.5;1.3;0.7;0.4;-0.2;-0.1;0.13;1.2;2.5;1.34;29;6;5;1;95017;0.04;9.82;0.27;0.27
2014;1;15;15;2.5;1;-0.2;1.4;-0.3;-2;1.4;1;0.18;1.2;2.5;4.66;169;31;64;28;95402;0.38;1.32;0.28;0.27
2014;1;16;16;5.5;2.6;0.3;1.7;0.6;-1.4;-0.4;2;0.17;1.2;2.5;4.17;152;25;44;14;94990;0.37;2.58;0.28;0.27
2014;1;17;17;5;2.2;-0.1;3.4;1.5;-0.2;-0.2;1.8;0.16;1.2;2.5;3.23;105;23;75;39;94899;-0.05;0.44;0.28;0.27
2014;1;18;18;4.4;1.6;-0.2;1.8;1;-0.3;-2.2;0.3;0.15;1.2;2.5;2.6;181;38;70;24;94866;0.27;0.03;0.28;0.27
2014;1;19;19;7;4;2;4;2.9;1.5;-2.5;-0.3;0.13;1.2;2.5;1.71;178;35;78;31;94358;0.13;0.33;0.28;0.27
2014;1;20;20;6.4;4.2;1.5;4.3;3.2;-0.2;-0.7;-1.1;0.12;1.1;2.5;0.96;98;19;21;8;94453;0.3;0.61;0.28;0.27
2014;1;21;21;1.4;0.8;0.1;-0.4;-0.8;-1;1.3;-0.9;0.12;1.1;2.5;1.04;65;12;14;9;95177;0.28;1.43;0.28;0.27
2014;1;22;22;2.5;1.1;0.1;0.1;-0.3;-0.9;0.2;-0.3;0.14;1.1;2.5;2.02;77;16;21;11;95544;0.14;0.91;0.28;0.27
2014;1;23;23;2.8;1.4;0.6;1.1;0.4;-0.4;-0.5;0.8;0.14;1.1;2.5;2.11;68;13;25;11;95700;0.14;2.47;0.28;0.27
2014;1;24;24;3.1;0.8;-1.4;0.5;-0.3;-3.1;-0.5;-0.2;0.16;1.1;2.5;3.28;108;20;36;19;95566;0.34;2.05;0.28;0.27
2014;1;25;25;-0.4;-2;-3.1;-3.4;-5.7;-7;-0.6;-0.8;0.16;1.1;2.5;3.71;232;49;86;48;95911;0.42;0.45;0.28;0.27
2014;1;26;26;0.7;-1.1;-2.8;0.1;-2.2;-5.4;0.7;1.1;0.27;1.1;2.4;10.16;60;13;60;17;94931;0.04;9.03;0.27;0.27
2014;1;27;27;2.2;-0.5;-4.7;0.6;-1.7;-5.2;0.6;1.9;0.36;1.1;2.4;16.59;168;32;83;35;94208;-0.01;6.54;0.27;0.27
2014;1;28;28;0.9;-3.5;-7.4;-1.9;-4.7;-7.7;-1.4;0.8;0.36;1.1;2.4;16.85;134;28;63;33;94528;0.07;0.02;0.27;0.27
2014;1;29;29;0.1;-3.2;-6.4;-3.9;-5.4;-7.5;-2.6;0.2;0.36;1.1;2.4;16.54;145;32;68;32;94588;0.32;0.04;0.27;0.27
2014;1;30;30;1;-3.2;-7.5;-3.8;-6.2;-9.5;-2.7;-0.1;0.35;1.1;2.4;16.29;229;48;94;51;95043;0.4;0.1;0.27;0.27
2014;1;31;31;3.5;-1;-4.7;0.3;-2.4;-5.7;-0.9;1;0.33;1.1;2.4;15.23;207;41;88;45;95150;0.01;0.4;0.27;0.27
2014;2;1;32;6.6;0.7;-3.5;2.1;-0.8;-4;-1.1;1.2;0.3;1.1;2.4;12.83;250;53;91;40;94942;0.09;0.65;0.27;0.27
2014;2;2;33;2.9;0.7;-1.5;1.7;0;-1.7;-0.2;-0.3;0.28;1.1;2.4;11.77;107;19;28;12;95599;0.06;2.24;0.28;0.27
2014;2;3;34;1.9;-0.8;-3.5;-1.8;-2.6;-5.2;-2.5;-0.1;0.28;1.1;2.4;11.46;209;49;76;45;95594;0.4;0.1;0.28;0.27
2014;2;4;35;4.4;-0.5;-3.9;0.7;-2.7;-5.6;-1.4;0.7;0.26;1.1;2.4;10.34;238;53;74;51;95451;0.18;0.73;0.28;0.27
2014;2;5;36;5;0.4;-2.7;0;-2;-4;-1.4;1.2;0.23;1.1;2.4;8.79;267;57;78;50;94725;0.22;0;0.28;0.27
2014;2;6;37;5.8;2.2;-0.4;1.8;-0.2;-1.5;0.5;2.1;0.21;1.1;2.4;7.25;219;46;89;47;95126;0.29;0.19;0.28;0.27
2014;2;7;38;7.4;4.4;1.8;4.8;0.5;-2.7;1.2;2.6;0.18;1.1;2.4;5.3;243;42;64;42;94565;0.67;1.82;0.28;0.27
2014;2;8;39;6.9;3.5;-0.2;0.7;-0.1;-1.3;0;2.4;0.15;1.1;2.4;3.26;300;64;87;54;94463;0.48;0.47;0.28;0.27
2014;2;9;40;5.3;2.7;-0.1;0.9;-0.5;-2;2.3;2.1;0.14;1.1;2.4;2.38;187;50;82;53;94355;0.63;0.95;0.28;0.27
2014;2;10;41;6.3;1.7;-2.4;-0.8;-2.3;-4;-2.1;1.2;0.13;1.1;2.4;2.08;311;66;86;60;94195;0.56;0.3;0.28;0.27
2014;2;11;42;5.2;2.1;-2;1.5;-1.1;-4;2.6;1.5;0.13;1.1;2.4;1.68;237;56;84;42;94760;0.75;1.16;0.28;0.27
2014;2;12;43;3.8;0;-3.3;0;-2.6;-5;0.9;1.4;0.12;1.1;2.4;1.41;207;54;85;61;95197;0.15;0.1;0.28;0.27
2014;2;13;44;6.2;2.8;-0.6;2.4;-0.1;-2.6;1;2.8;0.13;1.1;2.4;1.57;283;51;70;34;94394;0.63;3.87;0.28;0.27
2014;2;14;45;5.6;2.6;0.2;1.6;-2.1;-5.2;1.9;1.5;0.12;1.1;2.4;1.37;299;71;109;48;95162;0.94;0.89;0.28;0.27
2014;2;15;46;9.3;5.4;3.1;6.8;0.6;-6.4;0.3;2.1;0.12;1.1;2.4;1.05;195;42;64;29;94845;0.73;6.84;0.28;0.27
2014;2;16;47;5.8;4.1;1.2;3.2;2;0.2;2.9;1.8;0.11;1.1;2.4;0.47;209;50;62;37;95467;0.98;2.35;0.28;0.27
2014;2;17;48;7.8;2.6;-2.2;2;-0.6;-2.5;0.2;1.4;0.11;1.1;2.4;0.31;351;78;93;56;95890;0.49;0;0.28;0.27
2014;2;18;49;8.6;2.8;-2.2;2;0;-2.9;-0.9;1.5;0.11;1.1;2.4;0.22;371;89;98;71;95912;0.39;0;0.28;0.27
2014;2;19;50;7.7;3;-0.4;3.1;0.9;-1.1;1.9;0.8;0.11;1.1;2.4;0.16;278;70;73;47;95674;0.55;0.73;0.28;0.28
2014;2;20;51;8.5;3.7;-1.4;2.6;0.3;-1.8;0.7;1.8;0.11;1.1;2.4;0.09;345;82;80;49;95662;0.57;0.01;0.28;0.28
2014;2;21;52;7.7;3.9;0.9;5.9;2.4;-0.2;1.6;1.8;0.11;1.1;2.4;0.04;180;38;74;35;95263;0.7;5.11;0.28;0.28
2014;2;22;53;7.2;2.3;-1.5;0.6;-1.5;-4.1;1.5;1;0.11;1.1;2.4;0.02;363;88;91;62;95912;0.67;0.04;0.28;0.28
2014;2;23;54;7.5;2.7;-1.9;1.3;-0.9;-2.5;-0.4;1.4;0.11;1.1;2.5;0;332;81;91;58;96533;0.47;0;0.28;0.28
2014;2;24;55;9.8;2.9;-2;0.8;-1.8;-4.7;-2;1;0.11;1.2;2.5;0;456;120;123;89;96165;0.65;0;0.28;0.28
2014;2;25;56;10.2;3;-2.8;2.1;-0.6;-3.9;-0.8;1.4;0.11;1.2;2.5;0;452;118;118;82;95804;0.57;0;0.27;0.28
2014;2;26;57;10.2;3.4;-2;2.5;0.1;-2.9;-1.3;0.5;0.11;1.2;2.5;0;428;111;115;73;95905;0.58;0;0.27;0.28
2014;2;27;58;7.7;3.3;-0.6;3.4;1.5;-1;0.3;1.1;0.11;1.2;2.5;0;303;84;75;43;95915;0.6;1.28;0.27;0.28
2014;2;28;59;6.3;2.9;-0.5;1.1;0.1;-1.9;-0.2;1.7;0.12;1.2;2.5;0.33;258;62;77;41;94906;0.8;2.46;0.27;0.28
2014;3;1;60;8.8;3;-2.6;1.4;-0.6;-3.6;-1.6;-0.1;0.12;1.2;2.5;0.3;412;105;99;66;94496;0.63;0.02;0.27;0.28
2014;3;2;61;8.4;3.5;-1;2.6;0.7;-1.8;-0.1;-0.6;0.12;1.2;2.5;0.2;350;77;69;42;94594;0.46;0.08;0.27;0.28
2014;3;3;62;10.6;4.7;0.6;2;0.8;-0.6;-0.4;0.4;0.12;1.2;2.5;0.12;479;119;115;73;93905;0.74;0;0.27;0.28
2014;3;4;63;7.2;3.2;-1.3;2.5;1.2;-1.6;-1.1;-1.4;0.11;1.2;2.5;0.06;214;49;78;39;94508;0.51;0.92;0.27;0.28
2014;3;5;64;9.6;3.8;-1.7;3.6;-0.1;-1.9;0.2;-2;0.12;1.2;2.5;0.02;401;110;96;64;95873;0.83;0.13;0.26;0.28
2014;3;6;65;8;3.6;-0.6;1.6;0.4;-1;-1.2;-1.3;0.12;1.3;2.5;0;299;82;75;47;96999;0.57;0;0.26;0.28
2014;3;7;66;8.8;3.1;-2.2;1.8;-0.3;-2.7;-0.8;-0.3;0.12;1.3;2.5;0;497;131;125;75;96906;0.76;0;0.26;0.28
2014;3;8;67;12.1;5.5;-1;3.3;1.1;-2.3;-1.1;-0.4;0.12;1.3;2.5;0;516;143;128;83;97379;0.9;0;0.26;0.28
2014;3;9;68;14.1;6.2;-1.6;3.6;1.1;-2.3;-2.1;0.2;0.12;1.3;2.5;0;523;147;135;94;97406;1.07;0;0.26;0.28
2014;3;10;69;13.5;7.1;1.4;1;-0.2;-1.4;-2.4;-0.4;0.12;1.3;2.5;0;519;147;128;93;96798;1.25;0;0.26;0.28
2014;3;11;70;13.4;6.6;0.3;1.5;-1.1;-3.6;-2;-1.4;0.12;1.3;2.5;0;528;150;130;93;97049;1.25;0;0.25;0.28
2014;3;12;71;13.7;7.2;0.9;1.9;-0.3;-2.6;-2.3;-0.6;0.12;1.3;2.5;0;531;152;128;94;97350;1.25;0;0.25;0.28
2014;3;13;72;15.2;7.4;-0.3;4.3;0.1;-2.9;-0.1;-0.6;0.12;1.3;2.5;0;529;152;131;85;97050;1.24;0;0.25;0.27
2014;3;14;73;14.4;7.4;0.6;3.1;0.7;-1.5;0.8;-0.5;0.12;1.3;2.5;0;547;158;140;92;96681;1.26;0;0.25;0.27
2014;3;15;74;7.4;5.4;3.8;4.7;1.9;0;4.5;-0.3;0.12;1.4;2.5;0;294;57;83;52;95931;1.06;3.24;0.25;0.27
2014;3;16;75;9.3;7;3.9;6.6;5;1.6;5.8;-0.3;0.12;1.4;2.5;0;138;30;19;8;95841;0.82;1.95;0.25;0.27
2014;3;17;76;11.7;8.3;5.6;5.7;5;4;3.9;-0.5;0.12;1.4;2.5;0;217;65;55;34;96127;0.68;0.2;0.25;0.27
2014;3;18;77;12.5;8.5;4.3;5.8;4.9;3.8;2.3;0.8;0.12;1.4;2.5;0;377;93;72;42;95861;0.93;0.55;0.25;0.27
2014;3;19;78;10.3;7.5;5.3;6;3.9;2.8;4.7;0.1;0.12;1.4;2.5;0;401;99;83;48;96370;1.75;3.17;0.25;0.27
2014;3;20;79;16.9;9.8;1.7;4.4;3.1;1;0.3;2.1;0.12;1.4;2.5;0;575;170;137;99;96323;1.59;0;0.25;0.27
2014;3;21;80;18.3;12;6.5;6.3;3.9;2;2.3;1.8;0.12;1.5;2.5;0;560;162;118;85;95574;1.76;0.06;0.24;0.27
2014;3;22;81;13.1;8.8;5.9;8.1;6.2;5;1.5;1.6;0.12;1.5;2.5;0;326;92;65;40;94993;1.56;8.01;0.24;0.27
2014;3;23;82;6.2;4.3;0.9;4.9;2.4;0.4;1.7;-0.7;0.12;1.5;2.5;0;256;70;55;37;94897;1.24;3.62;0.25;0.27
2014;3;24;83;6.7;2.5;-1.5;2.9;0.4;-2.4;1.4;-1.2;0.13;1.5;2.5;0.12;417;119;89;59;95260;1.38;3.01;0.25;0.27
2014;3;25;84;6.3;1.6;-2.8;1.3;-0.9;-3.4;0.1;-0.7;0.13;1.5;2.5;0.14;457;125;99;65;95266;1.05;0.53;0.25;0.27
2014;3;26;85;8.3;2.7;-4.4;1.3;-1.5;-5.1;-2.9;-0.3;0.13;1.5;2.5;0.09;555;168;109;81;95534;1.55;1.23;0.25;0.27
2014;3;27;86;12.3;7.1;1.5;1.4;0.1;-1.9;-3.6;-0.2;0.13;1.5;2.5;0.02;591;169;116;82;95572;1.66;0.32;0.25;0.27
2014;3;28;87;11.9;7.4;3.2;3.4;2;0.5;-2.6;-0.6;0.13;1.6;2.5;0;434;139;108;82;96079;1.26;0;0.24;0.27
2014;3;29;88;15.8;9.9;4;5.8;4.1;2.2;-2.7;-0.1;0.13;1.6;2.5;0;599;189;130;97;96378;1.77;0;0.24;0.27
2014;3;30;89;18.1;10.9;2.7;7.7;4.8;1.7;-1.3;-0.2;0.13;1.6;2.5;0;616;191;137;95;95969;1.88;0;0.24;0.27
2014;3;31;90;18;11.4;5;7.6;5.5;3.4;-0.1;-1.2;0.13;1.6;2.5;0;614;194;130;85;95732;1.89;0;0.24;0.27
2014;4;1;91;16.6;10.9;4.4;7.4;5.5;3.6;-1;-0.1;0.13;1.6;2.5;0;453;144;106;72;95623;1.56;0.37;0.24;0.27
2014;4;2;92;18.1;11.9;5.1;7.5;5.7;4;-1;0.9;0.13;1.6;2.5;0;553;174;119;78;95293;1.88;0.23;0.23;0.27
2014;4;3;93;19.9;13;5.7;8.9;6;4.1;-0.2;0;0.13;1.7;2.5;0;543;173;111;78;94985;1.94;0.05;0.23;0.27
2014;4;4;94;20.6;13.6;6.1;9.6;7;3.6;-2.1;-1.1;0.13;1.7;2.5;0;609;185;119;80;95108;2.09;0.19;0.23;0.27
2014;4;5;95;19;12.9;7.8;11.2;9;6.7;-0.9;-1;0.13;1.7;2.5;0;599;176;109;76;95577;1.91;2.68;0.23;0.27
2014;4;6;96;15.9;11.4;6.4;9.4;6.6;4;1.8;-0.8;0.13;1.7;2.5;0;514;155;113;59;96140;1.92;0.61;0.23;0.27
2014;4;7;97;18.7;13.7;7.3;8.8;7.3;5.4;0.7;1.3;0.13;1.7;2.5;0;553;154;105;61;96093;1.81;0;0.23;0.27
2014;4;8;98;14;11.4;6.2;10.1;5;0.3;3.7;0.6;0.13;1.7;2.5;0;479;128;93;61;95879;1.8;1.17;0.22;0.27
2014;4;9;99;10;6.9;3.4;1.7;-0.1;-2.2;4.3;-1.2;0.14;1.7;2.5;0;518;154;85;65;96452;1.97;1.57;0.22;0.27
2014;4;10;100;11.5;8.4;5.8;5.5;4.4;2.4;2;-2.1;0.14;1.8;2.5;0;389;114;58;31;96282;2.03;2.86;0.22;0.27
2014;4;11;101;11.8;9.1;6.5;5.9;4.3;3.7;-0.8;0.4;0.14;1.8;2.5;0;367;84;71;35;96153;1.02;0.41;0.22;0.27
2014;4;12;102;14.3;10.1;5.1;7.9;5.7;3.7;-0.3;0;0.14;1.8;2.5;0;513;160;104;59;95945;1.65;0.92;0.22;0.27
2014;4;13;103;13.9;10.3;6.9;6.7;3.7;0.9;2.4;-1;0.14;1.8;2.5;0;475;154;84;57;95958;1.98;0.7;0.22;0.27
2014;4;14;104;10.2;6.8;2.5;4.6;2.3;-1.3;4.2;-1.1;0.14;1.8;2.5;0;566;139;87;60;95694;2.22;5.98;0.22;0.27
2014;4;15;105;7.8;3.9;1;-0.2;-1.7;-2.7;2.7;-2.6;0.14;1.8;2.5;0.25;512;169;98;69;96313;2.16;2.4;0.22;0.27
2014;4;16;106;9.1;4.9;1.2;0.7;-1.4;-3.3;-1.1;-2.1;0.14;1.9;2.5;0.22;441;127;110;60;96973;1.48;0.47;0.22;0.27
2014;4;17;107;11.3;5.7;-1.5;-0.9;-2.3;-4;-0.8;1.2;0.14;1.9;2.5;0.13;696;230;142;99;96484;2.01;0;0.22;0.27
2014;4;18;108;7.7;4.7;2.3;4.2;1.1;-2.2;0.5;-0.6;0.14;1.9;2.5;0.06;363;85;84;48;95396;1.36;5.44;0.22;0.27
2014;4;19;109;15.3;9.3;1.9;6.8;4.3;0.8;-3.1;-1.8;0.14;1.9;2.5;0.01;575;192;91;66;95538;1.9;0;0.22;0.27
2014;4;20;110;16.6;11.9;8.2;7.4;5.5;3.8;-3.7;-0.2;0.14;1.9;2.5;0;623;212;117;84;95133;2.41;0.46;0.22;0.27
2014;4;21;111;15.7;10.9;6.2;8.5;6.7;5;-2.2;0.3;0.14;2;2.5;0;489;173;95;73;94862;1.82;1.74;0.22;0.27
2014;4;22;112;17.2;11.9;5.3;9.4;7.3;5;1.3;0;0.14;2;2.5;0;553;196;107;72;95536;2.3;0.38;0.22;0.27
2014;4;23;113;18.6;13.2;5.7;8.6;6.3;4.5;-0.4;-1.3;0.14;2;2.5;0;657;212;124;86;96186;2.5;0.14;0.21;0.27
2014;4;24;114;19;14;7;10.3;7.7;6.2;-2;-1.1;0.14;2;2.5;0;544;199;113;84;96126;2.37;0.14;0.21;0.27
2014;4;25;115;19;14.3;9.6;11;10;9;-2.7;-0.5;0.14;2;2.5;0;584;196;98;78;95583;2.25;0.79;0.21;0.27
2014;4;26;116;19.9;13.8;7.4;11.9;10.5;7.4;-0.7;0.2;0.14;2.1;2.5;0;647;189;111;71;95373;2.28;3.26;0.21;0.27
2014;4;27;117;16.6;11.9;8;11.8;10;7.4;0.7;-0.6;0.15;2.1;2.5;0;474;131;73;41;94961;2.14;12.58;0.21;0.27
2014;4;28;118;14.9;11.7;8.6;11;10;8.3;0.7;-0.5;0.15;2.1;2.5;0;334;99;56;27;95198;1.8;5.49;0.22;0.27
2014;4;29;119;17.5;12.3;7.3;11;9.4;7.2;0.5;-0.6;0.15;2.1;2.5;0;565;180;101;58;95394;2.56;6.34;0.22;0.27
2014;4;30;120;18.8;13.5;8.5;10.6;7.4;4;-0.9;-0.6;0.15;2.1;2.5;0;600;195;113;68;95279;2.88;0.18;0.22;0.26
2014;5;1;121;15.4;11.7;6.9;12.4;9.4;6;0.8;-0.1;0.15;2.2;2.5;0;439;160;75;57;95390;2.08;3.16;0.22;0.26
2014;5;2;122;14.1;9.2;4.7;9.9;6.9;1.8;-0.8;-2.4;0.15;2.2;2.5;0;397;116;62;33;95517;1.96;6.95;0.23;0.26
2014;5;3;123;8.1;5.8;3.9;1.5;0.9;0.3;-1.2;-3.2;0.15;2.2;2.5;0;265;88;63;31;96230;1.2;0.27;0.23;0.26
2014;5;4;124;11.6;6.9;0.7;1.7;0.4;-1;0.3;-1.8;0.15;2.2;2.5;0;553;190;107;81;96373;2.13;0;0.23;0.26
2014;5;5;125;15.6;9.7;1.8;6.5;2.5;0.3;-0.2;0.1;0.15;2.2;2.5;0;653;213;118;79;96099;2.56;0;0.22;0.26
2014;5;6;126;19.9;13.3;4.9;8.7;6.1;2.6;0.6;1.9;0.15;2.2;2.5;0;561;191;96;68;95718;2.59;0.03;0.22;0.26
2014;5;7;127;15.3;11.9;9.4;10.3;7.8;5.5;2.6;1.2;0.15;2.3;2.5;0;556;132;87;52;95608;2.54;9.33;0.23;0.26
2014;5;8;128;15.9;11.8;8.1;8.4;6.9;5.2;2.8;1.4;0.15;2.3;2.5;0;534;159;80;50;95826;2.52;6.06;0.23;0.26
2014;5;9;129;16.3;12.8;9.5;10.5;8.7;7.4;3.9;1.5;0.15;2.3;2.5;0;467;156;79;44;95724;3.01;5.73;0.23;0.26
2014;5;10;130;16.9;11.8;7.1;10.2;6.5;2.9;2.8;1.6;0.15;2.3;2.5;0;588;162;79;52;95655;2.98;8.81;0.23;0.26
2014;5;11;131;13.5;10.3;7.3;9.5;6.1;2.7;4.2;1.2;0.15;2.3;2.5;0;658;199;99;62;95097;3.05;3.39;0.24;0.26
2014;5;12;132;12.1;8.7;5.9;6.7;4.6;3;3.7;1.2;0.15;2.4;2.5;0;574;184;95;61;95481;2.85;2.95;0.24;0.26
2014;5;13;133;11.3;8.4;6;8;5.6;3.9;2.3;-0.2;0.15;2.4;2.5;0;501;160;82;54;95803;2.3;4.09;0.24;0.26
2014;5;14;134;11.8;8.1;5.1;4.5;2.5;0.2;2;-2.5;0.15;2.4;2.5;0;636;227;107;80;96636;2.88;1.18;0.24;0.26
2014;5;15;135;11;7.9;3.7;5.4;2.9;0.8;0.1;-3.5;0.15;2.4;2.5;0;410;154;77;55;97104;1.98;0.29;0.24;0.26
2014;5;16;136;13.8;10.3;6.7;5.2;3.6;1.8;-0.5;-4.1;0.15;2.4;2.5;0;613;179;95;54;96774;2.47;0.28;0.23;0.26
2014;5;17;137;12.8;10.5;7.8;8.2;5.8;4.5;0.5;-2.8;0.16;2.4;2.5;0;360;97;52;33;96221;1.52;1.35;0.23;0.26
2014;5;18;138;11.6;10;7.9;10;8.3;6.7;0.8;-0.5;0.16;2.5;2.5;0;154;58;53;32;95696;1.18;7.91;0.24;0.26
2014;5;19;139;20.1;13.7;6.6;11.7;9.2;6.1;-0.6;1.4;0.16;2.5;2.5;0;681;218;108;70;95496;3.07;0.6;0.24;0.26
2014;5;20;140;22.9;16.7;7.4;12.5;9.3;7;-1.7;0.2;0.16;2.5;2.5;0;669;243;118;88;95801;3.68;0;0.23;0.26
2014;5;21;141;24.6;18.7;10.3;12.3;10.2;8.7;-2.3;0.4;0.16;2.5;2.5;0;733;267;132;92;95784;4.2;0;0.23;0.26
2014;5;22;142;27.3;20.8;13.4;14.4;12.7;11;-0.9;0.8;0.16;2.5;2.5;0;722;262;127;91;95344;4.23;0;0.23;0.26
2014;5;23;143;18.7;15.9;12;12.7;11.1;9.5;1.8;-1.1;0.16;2.5;2.5;0;501;160;83;59;95447;2.31;0.01;0.22;0.26
2014;5;24;144;17.8;14.3;11.3;14.2;11.7;9;0.7;-0.9;0.16;2.5;2.5;0;407;139;83;50;95832;2.68;13.23;0.23;0.26
2014;5;25;145;21.2;15.7;7.8;9.5;7.6;5.4;-1.2;-1.3;0.16;2.6;2.5;0;727;267;136;97;96289;4.07;0;0.23;0.26
2014;5;26;146;22.6;17.9;13.6;12.2;10.2;8;-3.5;-0.6;0.16;2.6;2.5;0;707;237;113;75;95733;4.06;5.82;0.23;0.26
2014;5;27;147;17.8;14.9;12.7;14.2;12.5;11.2;1.6;-0.1;0.16;2.6;2.5;0;378;132;61;29;95253;2.93;7.88;0.23;0.26
2014;5;28;148;12.5;11.5;10.3;11.9;11;10;2.6;-0.9;0.16;2.6;2.5;0;100;30;14;8;95388;1.17;10.6;0.24;0.26
2014;5;29;149;10.2;8.8;7;9.7;7.4;4.4;-0.2;-1.8;0.16;2.6;2.5;0;88;28;27;10;95804;1.31;4.96;0.25;0.26
2014;5;30;150;13.6;9.8;6.1;6.2;4.4;3.4;-1.1;-1.7;0.16;2.6;2.5;0;327;124;78;44;96300;2.15;0.63;0.25;0.26
2014;5;31;151;16.4;12.2;6;7.8;5.5;4.3;0;-1.8;0.16;2.6;2.5;0;510;186;102;69;96354;2.8;0.22;0.24;0.26
2014;6;1;152;17.5;12.8;7.7;7.3;5;2.4;-0.6;-1.8;0.16;2.6;2.5;0;646;209;109;75;96246;3.25;0;0.24;0.26
2014;6;2;153;16.8;13.1;7;7.6;6.5;4.9;-1;-1.1;0.16;2.7;2.5;0;569;225;101;80;96126;3.28;0.42;0.24;0.26
2014;6;3;154;17.9;13.8;8.3;9.1;7.1;5.7;-0.2;-1;0.16;2.7;2.5;0;564;223;103;78;95833;3.33;0.49;0.23;0.26
2014;6;4;155;19.6;15;7.8;11.5;9.2;6.9;-0.2;1.5;0.16;2.7;2.5;0;675;221;112;68;95386;3.34;3.11;0.23;0.26
2014;6;5;156;16.9;13.5;10.2;11.1;7.3;3.4;2.3;0.8;0.16;2.7;2.5;0;618;202;98;58;95858;3.47;0.48;0.23;0.26
2014;6;6;157;22.5;16.6;8.1;11.4;8.8;6.2;-0.9;0.6;0.16;2.7;2.5;0;697;266;128;88;96181;3.92;0;0.23;0.26
2014;6;7;158;26.7;20;10.3;15.8;11.4;8.7;-0.7;1;0.16;2.7;2.5;0;735;275;129;87;96177;4.33;0;0.22;0.26
2014;6;8;159;29.7;22.8;14;15.3;12.4;10.2;-1.1;1.5;0.16;2.7;2.5;0;741;279;139;95;96378;4.57;0;0.22;0.26
2014;6;9;160;31.4;24;14.6;15.5;12.7;10.3;-1.8;0.5;0.16;2.8;2.5;0;738;278;141;98;96302;4.61;0;0.21;0.26
2014;6;10;161;30.5;24.3;16.2;16.4;13.9;10.2;-1.3;-0.4;0.16;2.8;2.6;0;722;255;126;87;96223;4.23;0.84;0.21;0.26
2014;6;11;162;26.8;22.4;18.2;18.4;17.2;15.9;0.1;-1.9;0.16;2.8;2.6;0;663;233;99;73;96554;3.7;1.18;0.21;0.26
2014;6;12;163;23;19.5;15.7;16.1;13.5;9.3;-0.8;-2.1;0.16;2.8;2.6;0;498;192;87;57;96738;3.18;0.37;0.21;0.25
2014;6;13;164;21.6;17;12.7;10.4;8.7;6.2;0.6;-2.2;0.16;2.8;2.6;0;714;260;124;89;96290;3.72;0;0.2;0.25
2014;6;14;165;17;14.1;11.3;9.5;7.2;5.1;0.7;-2.2;0.16;2.8;2.6;0;544;191;91;72;96067;2.62;0.18;0.2;0.25
2014;6;15;166;17.5;14;9.8;9;7.5;6.2;-1.2;-1.9;0.16;2.8;2.6;0;435;155;90;60;96310;2.32;0.57;0.2;0.25
2014;6;16;167;18.8;14.8;8.2;8.6;6.6;5.1;-0.6;-1.5;0.16;2.8;2.6;0;498;172;109;67;96201;2.45;0.08;0.2;0.25
2014;6;17;168;19.3;15;11.2;10.1;9.3;8.5;-1.1;-1.7;0.16;2.8;2.6;0;619;181;91;61;96190;2.6;1.86;0.19;0.25
2014;6;18;169;21.3;16.7;10.3;10.4;8.2;6.7;-1.2;-1.5;0.16;2.8;2.6;0;576;213;96;79;96222;3.09;0.26;0.19;0.25
2014;6;19;170;20.5;16.4;12.1;10.9;8.7;6.2;1.7;-2.1;0.16;2.8;2.6;0;711;242;115;73;95957;3.23;1.05;0.19;0.25
2014;6;20;171;15.7;13.2;10.8;10;7.8;5.9;2.6;-1.8;0.16;2.8;2.6;0;555;186;91;61;95916;2.79;1.49;0.19;0.25
2014;6;21;172;17;13.4;9.3;8.3;6.4;5.4;2.3;-1;0.16;2.8;2.6;0;353;132;82;52;96089;1.95;0.41;0.19;0.25
2014;6;22;173;19.2;14.5;7.9;8.9;7.2;5.8;2.1;-1;0.16;2.8;2.6;0;442;175;86;66;96227;2.29;0.24;0.19;0.25
2014;6;23;174;21.1;15.5;8.7;8.5;7;6.2;0.4;-1.6;0.16;2.8;2.5;0;653;248;123;86;96305;3.07;0;0.18;0.25
2014;6;24;175;19.8;15.8;10.7;9.6;7.1;6.1;-0.2;-1.7;0.16;2.8;2.5;0;595;220;104;78;95965;2.75;0.6;0.18;0.25
2014;6;25;176;16.2;13.2;9.6;12.3;8.6;5.3;0.7;-2.1;0.16;2.8;2.5;0;612;198;107;68;95507;2.99;5.57;0.18;0.25
2014;6;26;177;17.4;13.3;8.2;7.9;6.6;5.4;-1.1;-0.2;0.15;2.7;2.5;0;389;144;91;61;95872;1.91;0.14;0.18;0.25
2014;6;27;178;22.9;16.6;7.8;10.1;7.3;4.5;0.2;0;0.15;2.7;2.5;0;734;256;136;86;95946;3.26;0.02;0.18;0.25
2014;6;28;179;24;17.9;12.8;14.7;10.6;7.4;0.5;1.4;0.15;2.7;2.5;0;540;187;94;58;95665;2.68;1.65;0.18;0.25
2014;6;29;180;16.8;15;11.8;14.6;12.8;10.8;1.9;1.8;0.15;2.7;2.5;0;272;92;43;31;95280;2.61;8.75;0.18;0.25
2014;6;30;181;17.8;14.1;11;12.1;9.8;7.6;2.5;-0.6;0.15;2.7;2.5;0;585;208;97;60;95763;3.13;2.26;0.18;0.25
2014;7;1;182;19.1;14.5;8.6;9.8;7.3;4.2;1.1;-0.4;0.15;2.7;2.5;0;627;241;119;87;96162;3.08;0.3;0.18;0.25
2014;7;2;183;20.5;15.6;8.3;9.2;7;5.3;0.1;-1.4;0.15;2.7;2.5;0;564;220;104;83;96356;2.9;0.08;0.18;0.25
2014;7;3;184;24.8;18.1;9.2;10.6;7.7;5.3;0.8;0.8;0.15;2.7;2.5;0;643;250;125;91;96688;3.4;0;0.18;0.25
2014;7;4;185;28.3;21.3;12.2;12.6;9.3;7;-1.7;1.2;0.15;2.7;2.5;0;754;277;143;95;95832;3.76;0;0.17;0.25
2014;7;5;186;23.9;19.5;16.5;16.6;14.1;12.8;1.9;0.8;0.15;2.7;2.5;0;569;162;85;49;95452;2.58;2.3;0.17;0.25
2014;7;6;187;28.1;22.6;16.1;15.1;14.1;12.9;-0.5;1.5;0.15;2.7;2.5;0;717;263;117;78;95667;3.65;0.02;0.17;0.25
2014;7;7;188;24.4;20.1;16.4;16.2;15;13.9;-0.3;-1.2;0.15;2.7;2.5;0;473;182;83;53;95830;2.79;5.71;0.17;0.25
2014;7;8;189;21.2;17.4;12.9;17.2;15.4;12.6;1.6;0.2;0.15;2.6;2.5;0;392;116;48;26;95096;3.1;27.47;0.18;0.25
2014;7;9;190;12.8;11.6;10.5;12.8;10.2;9.3;3.5;1.1;0.15;2.6;2.5;0;96;30;14;8;95015;1.56;21.1;0.21;0.25
2014;7;10;191;13.8;12.5;11.3;11.6;10;8.7;1.6;0.4;0.15;2.6;2.5;0;163;57;27;13;95270;1.42;2.61;0.21;0.25
2014;7;11;192;21.5;16.3;11.1;15.1;13.2;10.6;0.2;-1.5;0.15;2.6;2.5;0;510;193;76;49;95507;3.01;9.59;0.21;0.25
2014;7;12;193;20.7;16.5;12.4;13.9;10.5;7.1;0.6;-1.6;0.15;2.6;2.5;0;679;234;121;77;95505;3.73;0.04;0.22;0.25
2014;7;13;194;19.8;15.9;11.6;14.9;12.7;8.8;1.4;1.1;0.15;2.6;2.5;0;403;151;73;47;95449;2.51;6.74;0.22;0.25
2014;7;14;195;21.4;16.9;13.3;14.8;13.8;12.4;2;0.9;0.15;2.6;2.5;0;568;186;86;56;95774;3.18;2.25;0.22;0.25
2014;7;15;196;22.1;18.3;13;14.5;12.7;11.4;1.3;-0.4;0.15;2.6;2.5;0;578;199;87;67;96389;3.29;0.84;0.22;0.25
2014;7;16;197;24.1;19.6;13.5;14.5;13.1;11.9;0.2;-1;0.15;2.6;2.5;0;569;194;98;63;96511;3.3;0.09;0.22;0.25
2014;7;17;198;24.6;19.8;13.6;15.9;14.7;13.1;-0.8;-1.2;0.15;2.6;2.5;0;605;214;93;71;96530;3.44;0.61;0.21;0.24
2014;7;18;199;27.5;21.6;13.3;16.3;13.7;11.8;-1.2;-0.1;0.15;2.6;2.5;0;715;262;129;88;96378;4.3;0;0.21;0.24
2014;7;19;200;29.5;23.4;14.9;16.1;13.9;12.7;-2.1;0.4;0.15;2.5;2.5;0;699;264;121;88;95999;4.45;0;0.21;0.24
2014;7;20;201;30.7;24.7;17.5;17.1;14.4;11.7;-1.2;-0.4;0.15;2.5;2.5;0;701;244;124;81;95499;4.18;0.34;0.2;0.24
2014;7;21;202;24.5;20.7;17.8;17.7;17.1;16.5;0.9;-1.8;0.15;2.5;2.5;0;494;155;62;42;95380;3.27;11.81;0.2;0.24
2014;7;22;203;25.6;21.3;17.9;17.7;14.5;10.2;-2.5;-2.8;0.15;2.5;2.5;0;669;198;106;57;95703;4.18;2.62;0.21;0.24
2014;7;23;204;24.3;20.7;16.9;13.6;11.5;10.3;-2;-2.1;0.15;2.5;2.5;0;621;225;105;83;95984;4;0.11;0.21;0.24
2014;7;24;205;23;18.4;14.5;13.8;12.3;10.3;-1.7;-1.6;0.15;2.5;2.5;0;659;220;105;78;95753;3.38;0.73;0.2;0.24
2014;7;25;206;23.8;19;12.8;15.1;12.4;10.4;0.4;-0.3;0.15;2.5;2.5;0;660;223;108;71;95723;3.4;0.21;0.2;0.24
2014;7;26;207;26.2;21;14.1;15.6;13.1;10.6;-1.6;-0.7;0.15;2.5;2.5;0;622;219;110;72;95669;3.54;0.2;0.2;0.24
2014;7;27;208;24.8;20.3;16.7;18;16.3;14.1;-0.5;-1;0.15;2.5;2.5;0;532;164;83;57;95804;2.83;12.34;0.2;0.24
2014;7;28;209;25;19.9;16;17.6;16.8;15.4;-1.5;-0.9;0.15;2.5;2.5;0;590;180;82;54;95591;3.22;5.04;0.21;0.24
2014;7;29;210;24.8;20.1;16.4;17.9;16.6;15.8;-1.3;-0.8;0.15;2.5;2.5;0;556;182;78;57;95201;3.05;2.54;0.21;0.24
2014;7;30;211;22.4;18.9;15.8;18.7;16.7;15.7;0.8;-1.6;0.15;2.4;2.5;0;405;127;57;29;95281;2.85;6.02;0.21;0.24
2014;7;31;212;22.9;18.9;15.4;15.5;12.2;9.9;-0.3;-2.2;0.15;2.4;2.5;0;623;180;92;56;95841;3.4;0.2;0.21;0.24
2014;8;1;213;24.5;19.6;13.2;15.1;12;9.9;-1.8;0.1;0.15;2.4;2.5;0;676;214;111;73;95688;3.47;0;0.21;0.24
2014;8;2;214;27.2;21.1;15.4;18.2;16;14.7;-0.9;0.5;0.15;2.4;2.5;0;661;227;105;70;95363;3.54;3.69;0.2;0.24
2014;8;3;215;23.3;19;15.4;18.1;16.9;15.4;1;0.3;0.15;2.4;2.5;0;584;150;78;44;95575;2.79;7.41;0.2;0.24
2014;8;4;216;22.9;18.5;15;17.6;15.7;14.2;1.3;0.1;0.15;2.4;2.5;0;473;169;94;56;95930;3;6.63;0.21;0.24
2014;8;5;217;20.4;17.1;13.3;16.7;14.4;13.2;1.3;-0.9;0.15;2.4;2.5;0;481;148;84;49;96131;2.66;3.59;0.21;0.24
2014;8;6;218;22.5;18.1;14;13.6;12;9.3;-0.5;-0.6;0.15;2.4;2.5;0;548;190;97;62;96119;3.01;0.13;0.21;0.24
2014;8;7;219;21.5;18;14.5;13.9;12.7;12;0.7;0.4;0.15;2.4;2.5;0;500;145;88;53;95950;2.33;0.82;0.21;0.24
2014;8;8;220;24.8;20;14.1;14.5;12.3;10.6;-0.9;0.5;0.15;2.4;2.5;0;635;228;118;82;95841;3.5;0.02;0.21;0.24
2014;8;9;221;24.1;20.2;15.2;15.6;13.6;12.3;1.2;0.9;0.15;2.3;2.5;0;510;177;93;67;95707;2.87;0.09;0.21;0.24
2014;8;10;222;28.4;21.6;14.3;17;14;12.1;-0.4;2.2;0.15;2.3;2.5;0;593;212;104;66;95564;3.56;4.86;0.2;0.24
2014;8;11;223;22.1;18.5;15.5;17.3;11.5;6.4;2.5;0.5;0.15;2.3;2.5;0;684;174;127;56;95744;3.33;0.81;0.2;0.24
2014;8;12;224;19.9;16.7;13.1;12;10.3;8.3;1.9;1.5;0.15;2.3;2.5;0;569;173;91;65;95796;2.8;0.66;0.2;0.24
2014;8;13;225;19.1;15.5;12.7;15;12.1;10.5;-0.2;1.3;0.15;2.3;2.5;0;294;94;67;46;95156;1.73;8.54;0.2;0.24
2014;8;14;226;18.1;14.5;11.9;12.9;11.1;9.2;2.6;0.8;0.15;2.3;2.5;0;537;153;92;49;95599;2.63;2.22;0.21;0.24
2014;8;15;227;16.1;13.2;11.1;12.1;10.5;9.4;2.1;0.8;0.14;2.3;2.5;0;354;111;70;42;95709;2.49;9.39;0.21;0.24
2014;8;16;228;16.4;13;10.7;13.1;10.7;9.4;2.8;0.2;0.14;2.3;2.5;0;459;136;72;40;96083;2.63;5.82;0.22;0.24
2014;8;17;229;19;15;11.4;12.7;9.9;7.9;2.8;1.6;0.14;2.3;2.5;0;484;134;84;45;95854;2.33;0.87;0.22;0.24
2014;8;18;230;17.2;14.3;11.3;10.7;9.5;7.9;3.4;2;0.14;2.3;2.5;0;389;122;71;56;95421;2.21;1.39;0.22;0.24
2014;8;19;231;18.6;14.1;8.9;9.8;7.7;6.2;2.3;0.9;0.14;2.3;2.5;0;553;159;94;64;95617;2.47;0.23;0.21;0.24
2014;8;20;232;17.1;13.4;8.9;8.1;6.1;3.4;1.9;-0.1;0.14;2.3;2.5;0;613;180;117;75;95958;2.45;0.05;0.21;0.24
2014;8;21;233;17.3;13.8;8.8;8.1;5.8;4;1.4;0.1;0.14;2.3;2.5;0;583;178;108;74;96029;2.39;0.25;0.21;0.24
2014;8;22;234;16.5;13.4;8.8;9;6.6;5.2;0.8;0.7;0.14;2.2;2.5;0;278;111;83;57;95908;1.53;0;0.21;0.24
2014;8;23;235;17.3;13;9.4;10.7;8.5;6;2.1;1;0.14;2.2;2.5;0;500;142;90;55;95798;2.02;3.26;0.21;0.24
2014;8;24;236;14.9;11.7;8.7;9.7;7.9;5.5;2.7;0;0.14;2.2;2.5;0;572;175;95;63;96131;2.57;1.93;0.21;0.24
2014;8;25;237;18.3;13.1;6.9;8.9;6.4;3.8;1.3;1.2;0.14;2.2;2.5;0;555;163;103;61;95957;2.28;1.3;0.21;0.24
2014;8;26;238;16.3;13;10.9;13.6;11.7;9.4;0.5;0.6;0.14;2.2;2.5;0;228;47;33;14;95101;1.33;24.17;0.22;0.24
2014;8;27;239;17.7;13.9;11;11.4;8.7;5.4;-0.3;-1.8;0.14;2.2;2.5;0;524;148;87;47;95770;2.56;16.63;0.24;0.24
2014;8;28;240;20.7;15.4;8.6;11;8.8;7;-0.2;0.9;0.14;2.2;2.5;0;596;195;122;72;96199;2.72;0;0.24;0.24
2014;8;29;241;19.8;16.8;13.9;14.9;12.7;9.4;1.1;1.3;0.14;2.2;2.5;0;320;106;76;42;96068;1.74;1.44;0.24;0.24
2014;8;30;242;20.4;16.4;11.8;14;11.9;10.7;1.6;0.5;0.14;2.2;2.5;0;542;164;89;60;96141;2.38;0.29;0.24;0.24
2014;8;31;243;15.9;13.2;10.2;14.2;12;9.5;1.2;0.4;0.14;2.2;2.5;0;198;45;63;26;95785;1.04;25.18;0.25;0.24
2014;9;1;244;16.3;12.9;9.6;10.1;9;8;1.5;-2;0.14;2.2;2.5;0;377;115;81;45;96124;2.12;0.82;0.26;0.24
2014;9;2;245;17.5;13.6;10.7;12.1;10.6;9.3;0;-1.7;0.14;2.2;2.5;0;415;107;86;36;96326;1.62;0.84;0.26;0.24
2014;9;3;246;17.5;14.3;11.5;12.6;11.3;10.3;-2.8;-1.6;0.14;2.2;2.5;0;285;68;49;19;96446;1.17;0.19;0.26;0.24
2014;9;4;247;21.4;17.1;12.8;14.8;13.2;11.7;-3.2;-0.4;0.14;2.2;2.5;0;421;127;83;50;96226;1.96;0.03;0.26;0.24
2014;9;5;248;23.6;18.4;14;16.4;14.9;13.2;-1.5;0.3;0.14;2.2;2.5;0;539;166;83;61;95898;2.38;2.4;0.25;0.24
2014;9;6;249;23.4;18.1;12.1;16.6;14.6;12.1;-0.4;0.6;0.14;2.2;2.5;0;552;170;101;61;95742;2.6;0.45;0.25;0.24
2014;9;7;250;23.3;18.2;13.4;16.2;14.8;13;0.2;0.3;0.14;2.2;2.5;0;556;167;100;61;95812;2.45;1.1;0.25;0.24
2014;9;8;251;22.5;17.1;13;15.9;14.6;12.9;-0.1;-0.5;0.14;2.2;2.5;0;453;130;86;47;96001;2.07;2.68;0.25;0.24
2014;9;9;252;20.1;15.5;11.4;13.1;11.2;9.4;-0.2;-1.7;0.14;2.2;2.5;0;467;149;97;69;96106;2.29;0.03;0.25;0.24
2014;9;10;253;17.8;13.9;10.8;11.1;9.4;8.5;-0.6;-1.8;0.14;2.2;2.5;0;366;102;64;45;96002;1.65;0.33;0.25;0.24
2014;9;11;254;15.6;12.5;10.2;11.4;9.9;8.3;-0.5;-1.5;0.14;2.2;2.5;0;418;119;80;48;95861;2.19;12.63;0.25;0.24
2014;9;12;255;13.8;12.4;11;13.7;12.1;10.4;-0.6;-2.4;0.14;2.1;2.5;0;47;11;19;6;95765;0.64;19.76;0.27;0.24
2014;9;13;256;17.1;14.4;11.1;15.1;13.5;11;0;-1.7;0.14;2.1;2.5;0;269;75;35;21;96261;1.37;4.09;0.27;0.24
2014;9;14;257;16.1;14.9;14.1;14.2;13.8;13.2;-0.6;-2.4;0.14;2.1;2.5;0;202;50;20;10;96165;1.25;2.53;0.28;0.24
2014;9;15;258;20.1;16.5;13.8;13.7;13;12;-1.9;0.2;0.14;2.1;2.5;0;353;102;67;38;96082;1.75;0.4;0.27;0.24
2014;9;16;259;20.9;16.4;11.9;13.4;12.6;11.4;-2.4;0.3;0.14;2.1;2.5;0;489;144;88;65;96039;2.04;0.2;0.27;0.24
2014;9;17;260;21.4;16.5;12;13.5;12.3;11;-2.1;0.2;0.14;2.1;2.5;0;554;160;108;76;95842;2.16;0.08;0.27;0.24
2014;9;18;261;21.5;16;10.7;14.2;12.1;9.4;-1.7;0.3;0.14;2.1;2.5;0;480;146;101;71;95758;1.93;0;0.27;0.24
2014;9;19;262;22.6;16.8;11.6;17;14;11;0;1.1;0.14;2.1;2.5;0;474;141;91;58;95830;1.95;4.89;0.26;0.24
2014;9;20;263;20.1;15.9;11.7;16;14.4;11.7;1.4;0.6;0.14;2.1;2.5;0;412;105;73;46;95879;1.53;3.25;0.27;0.24
2014;9;21;264;16.4;14.2;10.9;14.8;13.2;9.4;1.7;-0.7;0.13;2;2.5;0;181;46;45;18;95736;1.5;20.03;0.27;0.24
2014;9;22;265;12.4;9.3;7.3;9.1;6.8;4.9;3.6;-1.2;0.13;2;2.5;0;411;103;84;53;95892;2.24;4.91;0.28;0.24
2014;9;23;266;12;9.4;5.8;6.4;4.9;3.9;1.7;-1;0.13;2;2.5;0;296;81;86;45;96262;1.43;0.52;0.28;0.24
2014;9;24;267;15.2;9.5;3.5;7.3;5.4;2.4;0.2;1;0.13;2;2.5;0;516;142;114;68;95766;1.55;0;0.28;0.24
2014;9;25;268;13.5;11;9.1;8.2;7.5;6.6;2.9;-0.1;0.13;2;2.5;0;354;87;69;41;96118;1.34;0.84;0.28;0.24
2014;9;26;269;13.2;11.6;9.9;10.9;8.9;7.8;2.7;-0.2;0.13;2;2.5;0;92;27;35;16;96673;0.48;0.14;0.28;0.24
2014;9;27;270;16.6;13.4;8.6;11.5;10.4;7.6;0.2;-0.9;0.13;1.9;2.5;0;282;80;80;36;97081;1.08;0.06;0.27;0.25
2014;9;28;271;19.8;12.8;5.6;11.8;9.4;5.2;-0.9;1;0.13;1.9;2.5;0;520;146;122;79;96966;1.61;0;0.27;0.25
2014;9;29;272;21.5;14.2;7.5;14.3;11.4;7.5;0.1;1.3;0.13;1.9;2.5;0;500;130;110;64;96848;1.42;0;0.27;0.25
2014;9;30;273;18.6;14.7;11.5;14.3;12.6;10.5;0.9;0.4;0.13;1.9;2.5;0;259;72;51;30;96851;0.94;0.8;0.27;0.25
2014;10;1;274;18.2;13.7;10.1;14.4;12.4;10.1;-0.4;-1.2;0.13;1.9;2.5;0;301;74;67;40;96951;1.12;4.63;0.27;0.25
2014;10;2;275;18.1;13.2;8.4;13;10.5;8.4;-1;-0.5;0.13;1.9;2.5;0;426;103;93;49;97153;1.32;0.18;0.27;0.25
2014;10;3;276;17.4;12.5;7.6;11.1;9.3;7.4;-1.9;-0.1;0.13;1.8;2.5;0;454;117;109;63;96912;1.38;0;0.27;0.25
2014;10;4;277;15.5;11;8;8.9;7.5;6.6;-2.4;0.2;0.13;1.8;2.5;0;491;124;121;77;96334;1.35;0;0.26;0.25
2014;10;5;278;14.5;11.3;8.4;8.8;7.8;6.9;-1.6;0.4;0.13;1.8;2.5;0;262;68;49;31;96064;0.9;0.09;0.26;0.25
2014;10;6;279;15.7;11.9;9.1;9.6;9;8.6;-1.7;0.5;0.13;1.8;2.5;0;308;78;60;40;95751;0.9;0.02;0.26;0.25
2014;10;7;280;17.7;12.9;8.7;11;9.5;7.8;-0.5;2.5;0.13;1.8;2.5;0;424;75;80;36;95457;1.12;0.83;0.26;0.25
2014;10;8;281;18;14.9;11.8;12.5;11.8;11.1;-0.5;2.5;0.13;1.8;2.5;0;360;86;80;54;95588;1.22;1.3;0.26;0.25
2014;10;9;282;22.1;16.5;12.2;13.9;12.6;10.6;-0.2;2;0.13;1.7;2.5;0;444;121;108;70;95494;1.47;0.05;0.26;0.25
2014;10;10;283;17.7;14.5;11.9;13.6;12.7;11.4;0;0.1;0.13;1.7;2.5;0;184;46;63;33;95962;0.47;0.21;0.25;0.25
2014;10;11;284;17.4;14.3;12.3;13.7;12.8;11.9;0.2;1.1;0.13;1.7;2.5;0;183;46;43;28;95800;0.58;0.54;0.25;0.25
2014;10;12;285;18.1;14.3;11.2;12.6;11.8;11.1;-1.4;0.5;0.13;1.7;2.5;0;309;73;56;33;95809;0.91;0;0.25;0.25
2014;10;13;286;19.3;14.8;11.2;15.2;13;10.6;-0.2;0.5;0.13;1.7;2.5;0;331;76;72;45;95319;0.84;6.87;0.25;0.25
2014;10;14;287;17.4;13.8;11.4;13;11.1;9.8;0.6;1.1;0.13;1.7;2.5;0;357;84;96;54;95392;1.15;1.54;0.26;0.25
2014;10;15;288;16;12.2;9.6;13.4;10.9;9.1;0.8;0.9;0.13;1.7;2.5;0;279;75;67;44;95260;0.92;9.16;0.26;0.25
2014;10;16;289;16.2;12.6;9.8;12;11.1;9.4;2.1;1.4;0.13;1.6;2.5;0;250;61;56;35;95290;1.19;7.84;0.27;0.25
2014;10;17;290;14.1;12.1;10.5;12;10.9;10.1;1.6;0.4;0.13;1.6;2.5;0;169;36;49;26;95862;0.73;9.92;0.28;0.25
2014;10;18;291;16;12;9.5;10.8;10.2;9.5;-0.7;1.5;0.13;1.6;2.5;0;314;71;97;45;96678;0.69;0;0.28;0.25
2014;10;19;292;18.5;13.2;8.2;13.2;11.1;7.8;0.8;2.1;0.12;1.6;2.5;0;378;86;101;59;96425;0.77;0;0.28;0.25
2014;10;20;293;16;14.2;10.7;13.7;11.6;8.4;3.1;0.6;0.12;1.6;2.5;0;174;47;74;42;96072;0.7;0.87;0.27;0.25
2014;10;21;294;14.4;10.8;5.5;9.9;7.7;3.9;3.4;1.3;0.12;1.6;2.5;0;262;56;66;35;95267;1.54;7.13;0.27;0.25
2014;10;22;295;7.1;5.3;3.9;6.6;4.3;2.6;4.8;-1.2;0.12;1.6;2.5;0.05;300;36;59;20;95309;1.56;19.85;0.28;0.25
2014;10;23;296;8.8;7.6;6.5;6.5;5.8;5.2;1.8;-3.2;0.12;1.6;2.5;0.03;81;18;19;9;96293;0.73;0.99;0.29;0.25
2014;10;24;297;10.8;8.4;6.2;6.9;5.5;4.7;-0.8;0;0.12;1.6;2.5;0;201;48;68;33;96532;0.53;0.06;0.29;0.25
2014;10;25;298;9.4;6.9;5;6.8;5.4;4.4;-0.2;1.4;0.12;1.6;2.5;0;226;48;54;33;96463;0.74;4.43;0.29;0.25
2014;10;26;299;11.3;7;2.8;7.4;5.6;2.7;-0.6;1;0.12;1.6;2.5;0;209;53;69;39;96959;0.53;0;0.29;0.26
2014;10;27;300;9.1;5.5;2.5;5.7;4.1;2.3;-1.5;0.4;0.12;1.6;2.5;0;203;49;90;46;96956;0.37;0;0.29;0.26
2014;10;28;301;10.5;4.6;0.4;3.6;2;-0.2;-1.4;0.7;0.12;1.6;2.5;0;358;85;110;75;96427;0.66;0.01;0.29;0.26
2014;10;29;302;8.3;4.8;-0.2;5.7;3.4;-0.6;0.6;0.8;0.12;1.6;2.5;0;127;29;58;22;96190;0.25;0.19;0.28;0.26
2014;10;30;303;9.8;7.3;4.2;6.9;5.4;3.7;0.6;0.2;0.12;1.6;2.5;0;193;45;40;22;96729;0.38;0.24;0.28;0.26
2014;10;31;304;12.7;9.7;8.1;9.3;8.4;7;0.2;1.3;0.12;1.6;2.5;0;182;40;50;21;96925;0.36;0.03;0.28;0.26
2014;11;1;305;15.8;10.2;5.9;10.5;8.3;5.5;-0.2;1.5;0.12;1.6;2.5;0;313;75;93;54;96652;0.5;0;0.28;0.26
2014;11;2;306;14.4;10.1;7.7;10.1;8.5;7.1;-0.2;1.9;0.12;1.6;2.5;0;319;72;95;59;96142;0.43;0;0.27;0.26
2014;11;3;307;15.1;9.8;7;8.7;7;5.2;-0.8;2.4;0.12;1.6;2.5;0;339;81;108;76;95290;0.73;0;0.27;0.26
2014;11;4;308;15.3;10.5;6.9;6.3;4.8;3.5;-1.9;2.7;0.12;1.6;2.5;0;309;74;101;74;94231;0.9;0;0.27;0.26
2014;11;5;309;10;8.8;6.9;7.7;6.4;3.6;1.5;-0.2;0.12;1.6;2.5;0;161;31;57;23;94462;0.41;7.08;0.27;0.26
2014;11;6;310;7.7;6.7;6;6.2;5.5;4.8;1.3;-0.3;0.12;1.6;2.5;0;115;23;32;14;95478;0.62;3.41;0.28;0.26
2014;11;7;311;8.3;6;4.5;5.2;4.6;3.2;-0.2;1.2;0.12;1.6;2.5;0;154;33;78;31;95406;0.4;0.03;0.28;0.26
2014;11;8;312;10.9;6.6;3.8;6.2;4.5;3.2;-0.4;1.3;0.11;1.5;2.5;0;261;60;84;59;95758;0.42;0.01;0.27;0.26
2014;11;9;313;10.1;6.5;4.3;6.3;4.9;3.5;-1.8;0.6;0.11;1.5;2.5;0;218;50;99;54;95421;0.3;0;0.27;0.26
2014;11;10;314;7.8;5.4;3.5;5.9;4.7;3.3;-0.4;0.6;0.11;1.5;2.5;0;94;22;45;26;95588;0.13;1;0.27;0.26
2014;11;11;315;12.1;7.4;2.8;8.8;6.3;2.5;-2.3;0;0.11;1.5;2.5;0;238;52;74;45;95286;0.39;0;0.27;0.26
2014;11;12;316;13.6;9.1;6.2;9.5;7.6;5.7;-1.1;-0.2;0.11;1.5;2.5;0;299;64;94;54;94819;0.47;0.02;0.27;0.26
2014;11;13;317;10.2;8.6;6.8;8;7.2;6.6;-0.1;-0.6;0.11;1.5;2.5;0;111;23;25;12;95542;0.26;0.16;0.27;0.26
2014;11;14;318;12.7;9.5;7.6;8.4;7.6;7;-2.3;0.5;0.11;1.5;2.5;0;224;53;79;46;95464;0.41;0;0.27;0.26
2014;11;15;319;12.4;8.7;7;7.8;7.1;6.3;-1.9;0.3;0.11;1.5;2.5;0;269;58;95;54;94762;0.34;0.01;0.27;0.26
2014;11;16;320;7.6;6.7;3.7;7;5.7;2.8;0;1.6;0.11;1.5;2.5;0;100;17;75;32;94606;0.39;2.74;0.27;0.26
2014;11;17;321;8.4;5.2;1.3;5.8;3.7;0.7;-2.8;-0.2;0.11;1.5;2.5;0;171;37;73;37;94996;0.41;0.04;0.27;0.26
2014;11;18;322;7;6.5;5.7;6.3;5.9;5.4;-1.3;-1;0.11;1.5;2.5;0;36;7;11;6;94867;0.25;10.57;0.27;0.26
2014;11;19;323;5.5;4.5;3.9;5.3;3.8;3.1;0.9;-1.6;0.11;1.5;2.5;0;50;9;9;6;96039;0.46;1.95;0.27;0.26
2014;11;20;324;6.5;5.3;4.2;4;3.7;3.4;-0.2;-0.8;0.11;1.6;2.5;0;83;17;31;13;96819;0.27;0.13;0.27;0.26
2014;11;21;325;6.4;4.3;1.5;3.4;2.1;0.6;-1.9;0.3;0.11;1.6;2.5;0;174;36;71;44;96641;0.3;0.01;0.27;0.26
2014;11;22;326;7.3;2.7;-0.1;3.2;1.1;-0.8;-1.6;0.7;0.11;1.6;2.5;0;250;53;85;64;96537;0.22;0;0.27;0.26
2014;11;23;327;9.8;3.8;0;5.5;2.3;-0.4;-1.7;1;0.11;1.6;2.5;0;252;53;91;60;96600;0.27;0;0.27;0.26
2014;11;24;328;8.2;5;2.2;6;3.7;0.8;-0.4;0;0.11;1.6;2.5;0;181;33;56;30;96569;0.28;0.47;0.27;0.26
2014;11;25;329;5.1;3.3;1.6;3.3;1.3;-0.8;-2.6;-0.5;0.11;1.6;2.5;0;189;38;90;46;96714;0.34;0;0.27;0.26
2014;11;26;330;3.6;1.4;0.2;-1;-1.2;-1.5;-3.2;0.3;0.11;1.6;2.5;0;217;45;90;58;96106;0.29;0.22;0.27;0.27
2014;11;27;331;4.5;1.7;0.3;1.1;-0.5;-1.5;-2.6;0.1;0.11;1.6;2.5;0;204;38;70;38;95516;0.32;0.04;0.27;0.27
2014;11;28;332;4;1;-0.4;0.1;-1.2;-2;-3.1;-0.2;0.11;1.6;2.5;0;237;49;84;55;95602;0.26;0;0.26;0.27
2014;11;29;333;4.1;1.3;-0.1;0.5;-0.7;-1.7;-3.1;-0.2;0.11;1.6;2.5;0;211;43;75;44;95840;0.23;0.01;0.26;0.27
2014;11;30;334;4.5;1.7;0.5;0.9;-0.1;-0.7;-2.8;0;0.11;1.6;2.5;0;227;42;84;43;95604;0.24;0.02;0.26;0.27
2014;12;1;335;2.3;1.1;0.1;-0.4;-0.9;-1.7;-4.2;-0.9;0.11;1.6;2.5;0;107;24;37;21;95151;0.39;1.93;0.26;0.27
2014;12;2;336;1.8;0.6;0;-0.5;-0.9;-1.4;-2.6;-0.6;0.12;1.6;2.5;0.49;104;17;21;9;95360;0.56;1.74;0.26;0.27
2014;12;3;337;1.9;0.9;-0.1;0.6;-0.5;-1.5;-2.1;-1;0.13;1.7;2.5;1.23;67;14;21;13;95890;0.14;0.25;0.26;0.27
2014;12;4;338;4.9;2.8;1.4;3.1;1.9;0.7;-1.9;0;0.12;1.7;2.5;0.97;115;24;39;19;95761;0.11;0.02;0.26;0.27
2014;12;5;339;3.3;2.7;1.7;2.5;1.8;1.1;0.2;0.1;0.12;1.7;2.5;0.72;80;14;22;11;95983;0.12;0.4;0.26;0.27
2014;12;6;340;3.8;2.3;1.4;1.5;1.1;0.4;-0.4;-1.5;0.12;1.7;2.5;0.59;85;17;22;15;96289;0.26;0.36;0.26;0.27
2014;12;7;341;2.9;1.7;0.6;0.9;0.3;-0.8;0.9;-0.1;0.11;1.7;2.5;0.47;72;12;41;16;96261;0.23;0.32;0.26;0.27
2014;12;8;342;2.5;0.5;-1.9;0.2;-1.1;-2.3;1.9;0.5;0.13;1.7;2.5;1.67;162;31;65;39;96090;0.35;1.62;0.26;0.27
2014;12;9;343;0.1;-1.6;-3.1;-1.5;-2.7;-3.5;0.2;0;0.13;1.7;2.5;1.75;159;31;78;42;96783;0.09;0.01;0.26;0.27
2014;12;10;344;1.2;-0.3;-2;0.4;-2.3;-3.9;1.5;2.3;0.14;1.7;2.5;2.16;118;22;43;22;96433;0.09;1.74;0.26;0.27
2014;12;11;345;3.5;2.2;0.8;2.5;1.6;0.5;3.6;2.2;0.15;1.7;2.5;3.15;90;16;27;9;95622;0.51;11.35;0.26;0.27
2014;12;12;346;7.7;5.3;3;2.7;1.8;-0.4;3.7;3.3;0.14;1.7;2.5;2.05;129;24;51;24;95204;0.99;1.44;0.27;0.27
2014;12;13;347;9;7;4.9;2.5;2;1.1;2.5;2.4;0.12;1.7;2.5;0.78;160;32;75;43;95390;0.54;0.49;0.27;0.27
2014;12;14;348;7;5.7;4.5;6.5;4.8;2.1;1;1.8;0.11;1.7;2.5;0.34;40;7;33;8;95858;0.32;7.46;0.27;0.27
2014;12;15;349;7.6;5.2;2.7;6.3;4.2;2.1;1.5;1.7;0.11;1.7;2.5;0.17;73;15;59;26;95859;0.32;1.2;0.28;0.27
2014;12;16;350;5.2;3.5;1.7;3.6;2.8;1.1;1.6;0.7;0.11;1.7;2.5;0.09;67;13;55;15;95557;0.33;1.41;0.27;0.27
2014;12;17;351;4.1;1.5;0.1;4;1;-0.2;2.1;1.8;0.12;1.7;2.5;0.57;79;15;70;17;95404;0.29;4.52;0.27;0.27
2014;12;18;352;8.9;6.8;4.3;8.8;6.7;4.2;3.2;1.7;0.12;1.7;2.5;0.95;15;3;1;0;95697;-0.13;3.62;0.28;0.27
2014;12;19;353;8.4;7.4;5.4;8.2;6.5;3.8;4.8;1.5;0.11;1.7;2.5;0.26;58;9;41;6;95851;0.88;7.78;0.28;0.27
2014;12;20;354;4;2.7;1.7;2.2;0.6;-0.6;5.3;0.5;0.11;1.6;2.5;0.11;139;24;71;34;96260;1.08;4.09;0.29;0.27
2014;12;21;355;3.4;2.4;1.2;1.2;0.8;0.3;4.5;0.5;0.11;1.6;2.5;0.28;143;29;60;35;96952;0.93;1.58;0.29;0.27
2014;12;22;356;5.8;4.2;2.6;4;2;0.4;5.2;1.5;0.11;1.6;2.5;0.18;60;12;35;13;96475;0.4;0.37;0.29;0.27
2014;12;23;357;6.1;5.2;3.9;4.3;3.7;3.3;4.4;1.2;0.11;1.6;2.5;0.04;88;17;33;17;96372;0.28;0.33;0.28;0.27
2014;12;24;358;5.6;3.7;1.3;4.5;2;-1.3;4.1;1.8;0.11;1.6;2.5;0.01;72;15;62;24;96158;0.7;4.07;0.28;0.27
2014;12;25;359;5.2;2.4;0.6;4.8;0.3;-1.1;4.4;-0.1;0.11;1.6;2.5;0.04;161;30;64;35;96377;0.8;2.8;0.29;0.27
2014;12;26;360;0.8;-1;-3.5;-1.1;-2.7;-4.5;2.1;-0.9;0.13;1.5;2.5;1.56;130;29;87;56;96728;0.26;2.03;0.28;0.27
2014;12;27;361;-1.9;-3.3;-4.5;-4.1;-6.4;-8.1;-2.6;1.1;0.15;1.5;2.5;3.28;89;16;59;23;95020;0.23;3.38;0.28;0.27
2014;12;28;362;-4;-6.1;-8.3;-7.2;-10.8;-13.3;-2.1;-2.8;0.2;1.5;2.5;5.95;151;31;98;54;95857;0.2;0.34;0.28;0.27
2014;12;29;363;-2.5;-5.4;-7.2;-4.3;-7.6;-10.2;1.8;-1;0.25;1.5;2.5;8.38;59;12;63;29;96917;0.08;3.97;0.28;0.27
2014;12;30;364;-0.4;-4;-7.1;-1.1;-5.4;-9.4;1.2;0.1;0.32;1.5;2.5;12.19;53;11;28;10;97292;0.07;4.79;0.28;0.27
2014;12;31;365;0.5;-0.6;-1.6;-0.6;-1.2;-2;1.5;-0.1;0.36;1.4;2.5;15.03;66;13;20;11;97416;0.05;1.22;0.28;0.27
2015;1;1;1;1.5;0;-0.9;0.6;-0.3;-1.4;1;0.7;0.36;1.4;2.5;15.5;101;14;30;10;97619;-0.02;0.29;0.28;0.27
2015;1;2;2;1.9;0.3;-2.2;1.8;-0.8;-4;3.4;1.3;0.34;1.4;2.5;14.55;26;4;59;18;97049;0.02;5.15;0.28;0.27
2015;1;3;3;0.8;0;-0.6;0.2;-0.6;-1.1;2.6;0.8;0.32;1.4;2.5;15.21;52;9;21;12;96584;0.1;10.57;0.28;0.27
2015;1;4;4;1.1;0.1;-0.6;-0.2;-1.1;-1.6;4.1;-1.6;0.37;1.4;2.5;24.47;118;22;74;32;96836;0.2;2.63;0.28;0.27
2015;1;5;5;0.2;-0.8;-3;-0.7;-2.2;-4.3;3;-0.5;0.37;1.4;2.5;25.82;126;26;77;42;97223;0.17;0.51;0.28;0.27
2015;1;6;6;0.8;-2;-4.6;-2.9;-3.9;-6.4;-0.7;1.2;0.36;1.3;2.5;25.46;164;33;96;50;96777;0.08;0;0.28;0.27
2015;1;7;7;1;-1.5;-5.4;0.2;-2.2;-6.8;1.8;0.8;0.36;1.3;2.5;25.61;51;10;40;10;96965;-0.04;1.13;0.28;0.27
2015;1;8;8;5.5;2.2;-1.6;4.5;1.4;-2.6;3.1;2;0.36;1.3;2.5;24.18;26;5;41;6;96774;-0.4;6.78;0.28;0.27
2015;1;9;9;6.8;4.4;2.1;6.4;3.2;0.5;5.5;1.4;0.29;1.3;2.5;13.47;63;10;29;9;96392;-0.22;12.23;0.29;0.27
2015;1;10;10;10.2;8.3;3.6;9.8;7.1;-1;6.8;0.8;0.16;1.3;2.5;3.77;37;7;21;4;95524;0.81;10.37;0.32;0.27
2015;1;11;11;3.3;1.2;0.2;-1.2;-2.7;-3.9;5.4;-0.1;0.13;1.2;2.5;2.41;195;36;70;51;95858;0.64;3.34;0.32;0.28
2015;1;12;12;3.8;2.2;1.2;0.8;-0.7;-3;4.7;1.7;0.17;1.2;2.5;4.59;46;10;44;18;96341;0.66;2.34;0.31;0.28
2015;1;13;13;9.8;5.6;2;-1.4;-4.1;-8.7;2.3;2.9;0.16;1.2;2.5;3.82;228;47;94;73;95770;0.74;0.08;0.31;0.28
2015;1;14;14;5.3;3.7;0;4.2;1.6;-1.3;3.6;2.1;0.14;1.2;2.5;2.5;151;27;67;35;95629;0.85;8.93;0.31;0.28
2015;1;15;15;5.2;1.8;-2;1.3;-1;-2.8;-0.2;3.2;0.14;1.2;2.5;2.69;101;24;82;52;95456;0.43;0.3;0.31;0.28
2015;1;16;16;6.6;2.8;0.5;0.7;-0.6;-2.2;-0.7;1.1;0.13;1.2;2.5;2.23;158;34;64;45;95078;0.23;0.38;0.3;0.29
2015;1;17;17;3.5;1.9;0.1;3;0.9;0;1.5;-0.6;0.13;1.2;2.5;2.02;105;23;39;14;95534;0.41;3.94;0.3;0.29
2015;1;18;18;2.2;0.7;-0.3;0.3;-1.1;-2.6;0.3;0.9;0.14;1.2;2.5;2.25;136;31;47;22;95916;0.33;0.33;0.3;0.29
2015;1;19;19;2.8;0.4;-1;-0.9;-2;-3.4;-0.9;1.2;0.14;1.2;2.5;2.26;148;32;80;38;95483;0.22;0.1;0.3;0.29
2015;1;20;20;1.7;-0.3;-2;-0.5;-1.7;-3.1;0.3;0.6;0.16;1.1;2.5;3.43;115;22;56;25;95303;0.08;2.44;0.29;0.29
2015;1;21;21;2.1;-0.5;-2.6;-1.6;-2.5;-3.5;-2;-0.2;0.17;1.1;2.5;4.49;188;40;74;39;95468;0.2;0.12;0.29;0.29
2015;1;22;22;3.5;1.2;-0.4;0.7;-0.3;-2;-1.8;-1.4;0.17;1.1;2.5;4.23;138;28;34;17;95500;0.16;0.46;0.29;0.29
2015;1;23;23;-0.1;-0.6;-1.2;-1.7;-3.4;-4.1;-0.5;-2.3;0.17;1.1;2.5;4.3;71;16;20;14;96196;0.27;0.44;0.29;0.29
2015;1;24;24;0;-1.2;-2.1;-3.4;-3.7;-4.5;1.7;-0.4;0.17;1.1;2.5;4.42;141;33;41;25;96202;0.21;0.49;0.28;0.29
2015;1;25;25;1.1;-0.4;-1.4;-1.3;-2.5;-4;2.4;-1.5;0.19;1.1;2.5;5.64;201;36;64;26;96674;0.25;3.41;0.28;0.29
2015;1;26;26;1.4;0;-0.9;-1;-1.4;-2.1;2.2;1.5;0.26;1.1;2.4;9.74;137;24;36;16;96392;0.27;6.95;0.28;0.29
2015;1;27;27;1.4;0.1;-0.7;-0.2;-1.2;-1.7;3.3;-1;0.35;1.1;2.4;15.76;162;38;67;39;95954;0.19;2.78;0.28;0.29
2015;1;28;28;1.4;0.3;-0.8;-0.4;-1.7;-3.4;2.6;2.3;0.35;1.1;2.4;16.73;101;19;50;20;95432;0.4;4.43;0.28;0.29
2015;1;29;29;1.8;0.2;-1.9;0.2;-2.6;-5.4;2.1;2.7;0.36;1.1;2.4;20.87;181;38;80;42;93512;0.6;5.08;0.27;0.29
2015;1;30;30;0.2;-1.3;-4.4;-0.6;-3.9;-6.6;2.3;1.5;0.37;1.1;2.4;27.75;166;35;89;40;92056;0.44;4.51;0.27;0.29
2015;1;31;31;0.4;-2.2;-5.3;-3.5;-4.5;-6.4;2.5;1.2;0.37;1.1;2.4;29.41;109;24;61;31;92696;0.32;1.81;0.27;0.29
2015;2;1;32;0.9;-2.3;-5.2;-3.3;-4.4;-6.6;1.5;1.2;0.37;1.1;2.4;30.41;191;40;70;36;93410;0.32;1.35;0.27;0.29
2015;2;2;33;0.3;-1.6;-2.5;-2.5;-3.9;-6.5;2.6;0.3;0.37;1.1;2.4;32.25;194;39;71;37;94118;0.41;2.52;0.27;0.29
2015;2;3;34;0.1;-1.8;-3.1;-3.9;-5.2;-6.6;1.9;0.4;0.37;1.1;2.4;33.29;200;42;71;36;94576;0.41;0.42;0.27;0.29
2015;2;4;35;-1.3;-3.5;-6;-6.3;-7.2;-8.2;-0.4;-1.4;0.37;1.1;2.4;33.21;180;34;54;29;95290;0.38;0.15;0.26;0.29
2015;2;5;36;-2.2;-4.5;-7.3;-7.3;-8.3;-9.8;-3.5;-1.9;0.36;1.1;2.4;33.01;154;38;62;43;95932;0.53;0.01;0.26;0.29
2015;2;6;37;-1.3;-3.8;-6.1;-7.2;-8.1;-9.1;-4.1;-2.2;0.36;1.1;2.4;32.49;239;53;103;63;96408;0.71;0.02;0.26;0.29
2015;2;7;38;-0.3;-4.6;-9;-4.5;-8.8;-11.2;0.1;-1.1;0.36;1.1;2.4;32.07;259;60;99;61;96730;0.49;0.18;0.26;0.29
2015;2;8;39;-0.7;-2.2;-5.4;-1.7;-6.2;-9.9;2.2;-3.2;0.36;1.1;2.4;33.18;232;55;97;61;96372;0.68;1.97;0.26;0.29
2015;2;9;40;1.1;-1;-5.8;0.6;-2.4;-10.2;3.5;-0.4;0.36;1.1;2.4;34.6;75;18;72;12;96610;0.12;3.45;0.26;0.29
2015;2;10;41;2.7;1.2;-0.1;1.2;0.4;-0.4;1.9;-0.6;0.36;1.1;2.4;33.5;109;25;19;9;96984;0.04;0.92;0.26;0.29
2015;2;11;42;4.1;-0.5;-5.7;0.1;-2;-6.3;-1.2;-0.2;0.35;1.1;2.4;30.52;269;63;106;55;96850;0.16;0.07;0.26;0.29
2015;2;12;43;3.5;-2.7;-7.7;-0.4;-4.2;-8.1;-0.8;1.1;0.35;1.1;2.4;27.5;282;64;108;58;96554;0.11;0.04;0.26;0.29
2015;2;13;44;2.9;-3.5;-8.9;-0.7;-4.9;-9.4;-1.1;1.1;0.34;1.1;2.4;25.15;273;58;105;50;96186;0.11;0;0.26;0.29
2015;2;14;45;3.5;-3.5;-9.4;-1.3;-5.6;-10;-1.7;0.3;0.33;1.1;2.4;22.96;291;71;104;64;95549;0.17;0;0.26;0.29
2015;2;15;46;3.2;-1.9;-8.6;-0.2;-3.6;-9.6;-2.6;-0.5;0.32;1.1;2.4;20.51;262;65;87;53;95607;0.07;0.01;0.26;0.29
2015;2;16;47;5.5;-0.1;-4.3;0.4;-2.3;-5;-2.1;0.2;0.29;1.1;2.4;17.44;323;81;105;73;96181;0.14;0;0.27;0.29
2015;2;17;48;4.7;-0.7;-5.4;0.4;-2.8;-6.3;0;-0.6;0.26;1.1;2.4;13.94;337;85;107;62;97168;0.17;0;0.27;0.29
2015;2;18;49;2.6;-0.6;-3;-1.5;-2.9;-4.7;-0.3;-0.2;0.24;1.1;2.4;11.66;297;70;98;44;97976;0.31;0.04;0.27;0.29
2015;2;19;50;3.1;-1.8;-4.8;-2.2;-4.2;-6.2;0.5;1.5;0.22;1.1;2.4;10.39;377;87;114;68;97200;0.14;0;0.27;0.29
2015;2;20;51;7.7;0.4;-5;-0.1;-3;-6.2;-0.1;2.6;0.2;1.1;2.4;8.89;372;92;111;72;95951;0.21;0;0.27;0.29
2015;2;21;52;7.4;1.9;-3.1;0.8;-2.2;-5.7;0.7;1.3;0.18;1.1;2.4;7.06;362;95;99;64;94489;0.38;0.81;0.27;0.29
2015;2;22;53;4.3;0.8;-3;-0.1;-1.8;-4.4;0.5;-0.7;0.17;1.1;2.4;6.08;287;62;85;39;95080;0.53;0.19;0.27;0.29
2015;2;23;54;3.9;0;-4;1.4;-1.8;-5.2;0.5;2.4;0.18;1.1;2.5;6.04;281;56;60;32;94550;0.19;2.97;0.27;0.29
2015;2;24;55;4.6;1.8;-2;1.5;-0.9;-3.3;2.2;0.7;0.18;1.2;2.5;5.95;234;61;76;36;95081;0.59;0.21;0.27;0.29
2015;2;25;56;4.1;0.6;-2.2;-0.3;-1.8;-3.3;1.1;0;0.17;1.2;2.5;5.08;244;61;79;41;96066;0.32;0.1;0.27;0.29
2015;2;26;57;5.1;-0.9;-6.7;-0.3;-4.1;-7.5;-0.6;0.7;0.16;1.2;2.5;4.27;435;104;126;68;96220;0.28;0;0.27;0.29
2015;2;27;58;6.8;0.8;-4.4;0.1;-3.6;-6.9;-0.5;0.1;0.15;1.2;2.5;3.44;454;122;127;78;95542;0.32;0.01;0.27;0.29
2015;2;28;59;4.2;1.4;-0.4;-0.6;-1.6;-3.1;0.8;-0.1;0.15;1.2;2.5;3.04;296;69;58;29;96112;0.41;0.43;0.26;0.29
2015;3;1;60;4.8;2.1;-1.1;4.4;1.1;-2.6;1.2;2.6;0.16;1.2;2.5;3.74;79;23;68;20;95219;0.01;7.01;0.26;0.29
2015;3;2;61;5.6;3.7;-0.1;4.8;1.5;-3.5;3.7;0.9;0.15;1.2;2.5;2.62;333;78;88;40;94911;1.32;9.03;0.27;0.29
2015;3;3;62;6.7;2.4;-1.4;-1.5;-3.8;-5.9;3.6;1.5;0.15;1.2;2.5;2.59;376;103;97;72;96149;0.96;1.57;0.27;0.29
2015;3;4;63;4.6;1.6;-1;1;-2.5;-5.5;3.2;-0.1;0.16;1.2;2.5;3.25;369;91;97;56;96539;0.88;1.88;0.27;0.29
2015;3;5;64;4.6;0.8;-2.2;-1.7;-3.4;-6.8;1.4;-2.4;0.17;1.2;2.5;3.95;427;100;116;62;97360;0.76;1.24;0.27;0.29
2015;3;6;65;4.4;1.3;-2.1;-0.1;-1.4;-3.6;1.2;-0.2;0.17;1.3;2.5;3.65;286;60;53;31;97721;0.36;0.27;0.27;0.29
2015;3;7;66;8.8;2.8;-2.8;0.1;-1.3;-3.1;-0.1;1.5;0.15;1.3;2.5;2.75;460;129;110;75;97497;0.72;0;0.27;0.29
2015;3;8;67;11;4;-2;1.7;-1;-3.9;-1.2;1.2;0.14;1.3;2.5;1.78;445;123;104;73;96950;0.78;0;0.27;0.29
2015;3;9;68;12.5;5.3;-0.9;3.1;0;-3.1;-1.2;-0.7;0.13;1.3;2.5;1.04;506;142;129;82;96785;0.94;0.01;0.27;0.29
2015;3;10;69;11.7;5.2;-1.5;4.9;1.1;-3.2;0.2;-0.6;0.12;1.3;2.5;0.56;513;133;121;65;96784;0.9;1.26;0.27;0.28
2015;3;11;70;6.5;3.2;0.2;4.2;-1.7;-6.2;0.3;-2.8;0.12;1.3;2.5;0.29;488;127;111;61;96930;1.18;0.21;0.27;0.28
2015;3;12;71;5.4;2.1;-0.2;0.5;-1.3;-2.1;-0.5;-1.9;0.12;1.3;2.5;0.25;325;85;80;45;97059;0.66;0.2;0.26;0.28
2015;3;13;72;5.6;1.8;-1;-0.8;-1.9;-3.1;-2;-1.3;0.12;1.3;2.5;0.26;323;79;59;45;96588;0.68;0.42;0.26;0.28
2015;3;14;73;5.4;2.2;-0.3;0;-0.9;-1.7;-1.8;-1.3;0.12;1.3;2.5;0.3;195;61;50;29;96570;0.55;0.91;0.26;0.28
2015;3;15;74;7.8;3.6;0.5;0.1;-0.2;-0.8;-3.2;-0.1;0.14;1.4;2.5;1.46;276;76;89;45;96674;0.8;1.85;0.26;0.28
2015;3;16;75;12.8;6.5;1.4;2.3;1;0;-3.4;0.8;0.13;1.4;2.5;0.95;533;154;119;89;96676;1.24;0;0.26;0.28
2015;3;17;76;15;8.3;2.9;4.1;2.1;0.5;-2.8;0.4;0.13;1.4;2.5;0.37;516;146;116;85;96756;1.35;0.01;0.26;0.28
2015;3;18;77;13.7;7.6;2.3;2.2;0.9;-0.8;-2.1;-0.2;0.12;1.4;2.5;0.13;561;164;134;96;96688;1.42;0;0.25;0.28
2015;3;19;78;12.2;5.9;-0.7;1.7;0.1;-1.9;-1.4;-0.5;0.12;1.4;2.5;0.04;565;166;135;94;96714;1.35;0;0.25;0.28
2015;3;20;79;11.6;5.5;-1.8;2.9;-1.3;-3.3;-0.2;-0.1;0.12;1.4;2.5;0;577;172;141;95;96479;1.32;0;0.25;0.28
2015;3;21;80;9.9;4;-0.8;1.7;-0.4;-3.3;1.3;-0.2;0.12;1.5;2.5;0;552;147;114;68;95815;0.99;0.07;0.25;0.28
2015;3;22;81;5.8;2.8;0.6;-0.1;-0.9;-2.2;-2.6;-1.3;0.12;1.5;2.5;0;352;98;67;40;96333;0.74;0.03;0.25;0.28
2015;3;23;82;10.2;4.2;-1.3;2.7;-0.3;-3.1;-0.6;0.5;0.12;1.5;2.5;0;544;160;128;77;95916;1.13;0;0.24;0.28
2015;3;24;83;11.6;5;-0.3;4;1.1;-1.4;0.1;0.7;0.13;1.5;2.5;0;477;141;93;65;95234;0.99;0;0.24;0.28
2015;3;25;84;14.9;8.3;1.1;5.2;2.9;-0.3;-2.9;-0.1;0.13;1.5;2.5;0;561;157;109;72;94796;1.34;0;0.24;0.28
2015;3;26;85;8.8;6.3;4.1;4.4;3.7;2.3;1.4;0.1;0.13;1.5;2.5;0;261;66;45;26;94994;0.71;1.38;0.24;0.28
2015;3;27;86;7.8;4.7;2.6;2.6;1.4;-0.1;3.3;-0.2;0.13;1.5;2.5;0;517;138;91;50;95829;1.98;2.82;0.24;0.28
2015;3;28;87;8.4;5;1.8;3.2;-0.5;-2.3;2.1;0.3;0.13;1.6;2.5;0;379;125;107;50;96216;1.21;1.14;0.24;0.28
2015;3;29;88;8.6;7;4.7;7.3;6.1;3.5;4.4;2.8;0.13;1.6;2.5;0;198;39;25;6;94866;1.73;15.81;0.24;0.28
2015;3;30;89;7.8;5;1.7;5.7;0.7;-3.5;5.5;-0.5;0.13;1.6;2.5;0;566;141;94;56;94592;2.25;5.89;0.25;0.28
2015;3;31;90;9.7;5.7;1.6;7.7;2.4;-2.5;6.2;1.3;0.14;1.6;2.5;1.03;470;113;82;43;94465;2.58;16.98;0.26;0.28
2015;4;1;91;5.4;1.9;-0.3;0.8;-1.1;-2.7;5.9;-0.6;0.16;1.6;2.5;2.41;444;138;83;56;95563;2.11;7.14;0.27;0.28
2015;4;2;92;4.4;1.1;-0.6;1.2;-1.2;-3.1;4.5;-0.1;0.25;1.6;2.5;8.6;407;68;86;41;95502;0.98;11.02;0.27;0.28
2015;4;3;93;4.8;1.5;-0.7;-1.7;-3.3;-5.1;2.2;-0.8;0.26;1.7;2.5;9.83;349;107;102;49;96152;1.17;0.28;0.27;0.28
2015;4;4;94;6.7;2.1;-1.5;-1.4;-4;-5.4;-1.2;-1.4;0.23;1.7;2.5;7.59;476;131;100;65;95722;1.2;0.44;0.27;0.28
2015;4;5;95;6.5;1.8;-2.2;-2.5;-4.8;-7.5;-1.1;-2.3;0.21;1.7;2.5;5.81;516;153;101;74;96315;1.46;0.07;0.27;0.28
2015;4;6;96;6.1;1.6;-3;-1.6;-3.9;-5.8;-0.2;-2.7;0.19;1.7;2.5;4.58;553;176;109;82;96825;1.47;0.88;0.27;0.28
2015;4;7;97;8.7;3.1;-3.5;-1.7;-2.9;-4.9;1.4;-0.9;0.17;1.7;2.5;3.21;615;192;127;91;97543;1.47;0;0.27;0.28
2015;4;8;98;10.8;5.5;-0.5;4.2;1.9;-2.4;0.9;-1.3;0.16;1.7;2.5;1.84;452;139;66;48;97341;1.07;0.01;0.27;0.28
2015;4;9;99;14.9;9.2;2.9;6.3;4.4;2.2;-0.9;0.5;0.14;1.7;2.5;0.76;642;197;126;72;97058;1.83;0;0.27;0.28
2015;4;10;100;17.3;11.8;5.3;7;5.3;3.7;-0.2;0.6;0.14;1.8;2.5;0.28;658;199;131;79;96565;2.14;0;0.26;0.28
2015;4;11;101;16.3;10.9;4.3;6.9;4.7;2.4;2.5;1;0.14;1.8;2.5;0.08;617;185;110;71;96470;2.16;0.28;0.26;0.28
2015;4;12;102;14.6;10.6;7.3;7;5.3;2.7;2.4;0.6;0.14;1.8;2.5;0;502;147;102;61;97111;1.78;0.41;0.26;0.28
2015;4;13;103;11.7;8.9;3.9;5.8;3.9;0.5;2.6;-0.9;0.14;1.8;2.5;0;454;150;89;71;97033;1.58;0.34;0.26;0.28
2015;4;14;104;14.4;9.1;2.9;6.3;2.2;-1;2.2;0;0.14;1.8;2.5;0;638;196;114;79;96985;1.99;0;0.25;0.28
2015;4;15;105;20;13.3;5;7.5;5.8;4.2;2.4;0.7;0.14;1.8;2.5;0;667;222;135;95;96228;2.64;0;0.25;0.28
2015;4;16;106;19.5;13.4;6.5;9.8;6;3.1;1.4;-0.4;0.14;1.9;2.5;0;663;200;122;77;95688;2.39;0.1;0.25;0.28
2015;4;17;107;11.9;8.7;4.2;7.1;3.5;-0.7;-0.7;-2.3;0.14;1.9;2.5;0;521;153;105;64;95695;1.94;1.47;0.24;0.28
2015;4;18;108;8.7;5;1.4;-0.4;-2.4;-4.3;-0.6;-2.3;0.14;1.9;2.5;0;424;155;107;73;96530;1.59;0.08;0.24;0.28
2015;4;19;109;12.3;6.6;-0.2;1.2;-1;-3;-1.4;-0.7;0.14;1.9;2.5;0;686;234;138;100;96467;2.13;0;0.24;0.28
2015;4;20;110;14.7;8.5;0.8;2.9;1.3;-0.9;0;-2.3;0.14;1.9;2.5;0;694;234;135;96;96696;2.36;0;0.24;0.28
2015;4;21;111;18;10.7;1.9;3.1;1.8;0.9;1.3;-2;0.14;2;2.5;0;698;238;140;102;96958;2.67;0;0.23;0.28
2015;4;22;112;12.8;6.8;2.4;2.9;1.2;0.2;0.4;-1.9;0.14;2;2.5;0;689;216;133;92;96615;2.21;2.18;0.23;0.28
2015;4;23;113;14.5;8.5;2.2;4.4;2.2;1;-0.3;-0.2;0.14;2;2.5;0;521;168;129;58;96098;2.08;0.22;0.23;0.28
2015;4;24;114;16.4;10.4;4;4.1;2.4;1;0.7;1.4;0.14;2;2.5;0;700;239;141;97;95849;2.51;0;0.23;0.28
2015;4;25;115;18;11.6;3.8;9.7;5.6;1;1;1.8;0.14;2;2.5;0;468;156;88;57;95486;1.91;1.54;0.22;0.28
2015;4;26;116;17.8;13.1;9.6;11.6;10;8.1;0.7;1.1;0.14;2.1;2.5;0;572;180;99;48;95225;2.35;4.28;0.23;0.28
2015;4;27;117;19.9;12.7;6.5;11.7;8.9;5.7;-0.7;-0.8;0.15;2.1;2.5;0;647;199;115;64;94589;2.7;4.43;0.23;0.28
2015;4;28;118;9.4;6.1;3.2;5.8;1.4;-3.1;1.4;-2.5;0.15;2.1;2.5;0;270;70;87;34;95523;2.01;7.45;0.23;0.28
2015;4;29;119;13;7.8;1.4;2.7;-0.4;-2.5;-0.8;0.5;0.15;2.1;2.5;0;683;232;132;93;96202;2.56;0;0.23;0.27
2015;4;30;120;14.2;8.9;2.7;6.3;2.9;0.3;1.3;1.4;0.15;2.1;2.5;0;660;197;121;65;95772;2.4;4.12;0.23;0.27
2015;5;1;121;10;8;6.3;6.7;5.7;4.6;0.8;0;0.15;2.2;2.5;0;285;85;43;24;95171;1.81;7.06;0.23;0.27
2015;5;2;122;12.1;9.1;6.4;6.7;4.3;2;-0.2;-0.2;0.15;2.2;2.5;0;363;112;60;39;95462;1.72;0.39;0.23;0.27
2015;5;3;123;12.8;10.7;7.1;12.1;9.2;5.7;-0.7;2.2;0.15;2.2;2.5;0;169;46;34;16;95292;0.7;6.02;0.23;0.27
2015;5;4;124;20.9;15.9;12.5;12.3;10.9;8.3;1.6;1.3;0.15;2.2;2.5;0;657;203;118;58;95433;3.04;0.59;0.24;0.27
2015;5;5;125;23.3;17.8;13.3;14.7;12.9;11.2;0.6;1.4;0.15;2.2;2.5;0;640;177;90;53;95184;3.04;6.42;0.24;0.27
2015;5;6;126;15.4;12.8;9.4;12;7.9;4.5;2.2;1;0.15;2.2;2.5;0;379;122;107;57;95854;2.29;3.63;0.24;0.27
2015;5;7;127;15.2;11.2;7.3;6.1;3.4;0.7;2.5;0.3;0.15;2.3;2.5;0;648;225;116;85;96233;3.03;0.22;0.24;0.27
2015;5;8;128;19;13.7;6;11.2;6.2;2.9;-0.9;0.5;0.15;2.3;2.5;0;662;208;113;67;95975;2.89;0.01;0.23;0.27
2015;5;9;129;17.6;13.9;10.6;10.9;9.1;7.3;2.6;0.4;0.15;2.3;2.5;0;611;163;93;52;96219;2.42;2.16;0.23;0.27
2015;5;10;130;16.1;12.5;8.1;7.4;5.6;3.1;2.8;-1;0.15;2.3;2.5;0;499;182;100;69;96860;2.75;0.28;0.23;0.27
2015;5;11;131;20.2;13.9;5.8;9.9;6.8;3.3;-1.3;1.3;0.15;2.3;2.5;0;701;226;121;82;96882;3.03;0;0.23;0.27
2015;5;12;132;25.3;17.9;9.9;12.9;10.2;6.6;0.7;1.5;0.15;2.4;2.5;0;644;222;107;75;96294;3.54;2.13;0.22;0.27
2015;5;13;133;18.8;14.3;10.3;12;6.9;3.5;1.3;-0.7;0.15;2.4;2.5;0;727;251;143;86;96084;3.63;0.78;0.22;0.27
2015;5;14;134;16.7;12.7;8;7.2;5.2;2.6;0.5;-1.4;0.15;2.4;2.5;0;717;240;122;80;95482;3.23;0.05;0.22;0.27
2015;5;15;135;17.8;12.8;7.8;5.3;3.9;2;-2.1;-1.3;0.15;2.4;2.5;0;671;226;113;89;95709;3.07;0;0.22;0.27
2015;5;16;136;18.8;13.1;5.3;7.2;4.9;3.5;2;-0.6;0.15;2.4;2.5;0;707;245;126;77;96436;3.14;0.17;0.21;0.27
2015;5;17;137;15.3;12.1;9.7;8.3;3.5;0.5;2.7;-0.8;0.16;2.4;2.5;0;675;220;111;69;96626;2.92;0.19;0.21;0.27
2015;5;18;138;20.4;14;5.2;8.6;5.7;2.7;0.8;1.5;0.16;2.5;2.5;0;652;230;123;86;95640;2.93;0;0.21;0.27
2015;5;19;139;16.6;12.6;7.9;9;5.8;4.2;2.3;0.9;0.16;2.5;2.5;0;604;170;89;59;95264;2.3;1.01;0.21;0.27
2015;5;20;140;11.1;9.6;7.4;7.2;5.7;3.8;1.5;-0.1;0.16;2.5;2.5;0;288;102;57;40;95717;1.88;4.15;0.2;0.27
2015;5;21;141;14.2;10.2;5.9;5.8;4.2;2.5;0;-1.9;0.16;2.5;2.5;0;565;193;97;68;96513;2.61;0.54;0.2;0.27
2015;5;22;142;16.8;11.5;3.9;4.5;2.2;0.1;-1.2;-1.8;0.16;2.5;2.5;0;676;247;119;84;96695;3.01;0;0.2;0.27
2015;5;23;143;16.7;12.9;6.8;7.5;5.2;3.1;-0.9;-2.3;0.16;2.5;2.5;0;517;157;101;54;96190;2.21;0.23;0.2;0.27
2015;5;24;144;17.2;13.3;10;10.8;9.7;7.9;-0.8;-0.9;0.16;2.5;2.5;0;590;158;99;54;96151;1.92;1.1;0.2;0.27
2015;5;25;145;18.4;13.3;8.2;11.1;9.8;8.1;1;0.1;0.16;2.6;2.5;0;616;189;93;56;95730;2.68;5.57;0.2;0.27
2015;5;26;146;13.9;11;7.7;9;4.9;2.5;0.9;-2.6;0.16;2.6;2.5;0;522;165;79;54;95931;2.67;0.98;0.2;0.27
2015;5;27;147;11.9;9.2;5.9;4.1;2.8;1.7;1.8;-1.6;0.16;2.6;2.5;0;412;148;67;53;96445;1.97;0.61;0.2;0.27
2015;5;28;148;17.9;11.9;4.5;6.9;4.4;2.7;1.7;1.1;0.16;2.6;2.5;0;690;233;124;74;96047;2.82;0.33;0.2;0.27
2015;5;29;149;18.4;14;8.8;11.6;9.4;7.5;1.5;1.6;0.16;2.6;2.5;0;581;197;84;61;95606;2.54;1.85;0.19;0.27
2015;5;30;150;15.4;11.9;8.1;9.4;6.1;2.1;3;0.7;0.16;2.6;2.5;0;635;163;94;61;95785;2.58;1.22;0.19;0.26
2015;5;31;151;19.2;13.6;6.3;9.3;6;3.5;0.9;1.8;0.16;2.6;2.5;0;557;214;92;75;95995;2.74;0;0.19;0.26
2015;6;1;152;18.9;14.6;11.4;13.2;11.3;8.9;1.5;0.9;0.16;2.6;2.5;0;436;142;86;49;96013;2.03;3.13;0.19;0.26
2015;6;2;153;23.1;17;9.8;12.6;9.5;7.4;2.1;2;0.16;2.7;2.5;0;619;230;115;71;96128;3.53;0.38;0.19;0.26
2015;6;3;154;23.4;18.6;13.1;11.7;10.2;8.5;2.2;0.2;0.16;2.7;2.5;0;616;230;107;76;96509;3.27;0.03;0.19;0.26
2015;6;4;155;23.4;17.9;11.4;10.9;9.1;6.7;-2;-0.6;0.16;2.7;2.5;0;710;271;132;97;96931;3.6;0;0.18;0.26
2015;6;5;156;27.4;21;13.4;14.3;11.2;6.4;-1.8;0.7;0.16;2.7;2.5;0;737;277;134;98;96593;3.86;0;0.18;0.26
2015;6;6;157;29.6;22.3;14.4;18.7;14.5;11.8;0.2;-0.2;0.16;2.7;2.5;0;704;244;113;74;96551;3.64;7.49;0.18;0.26
2015;6;7;158;23.8;19.8;15.6;16.9;15.5;12;-1.1;-2.2;0.16;2.7;2.5;0;578;188;75;57;96823;3.05;0.91;0.18;0.26
2015;6;8;159;16.4;14.2;10.9;12.4;11.1;9.8;-2.1;-3.2;0.16;2.7;2.5;0;340;106;57;29;96593;3.28;26.11;0.19;0.26
2015;6;9;160;11.9;10.8;10;9.3;8.2;7.5;-2.3;-2.9;0.16;2.8;2.5;0;185;44;19;12;96684;1.41;1.91;0.2;0.26
2015;6;10;161;17.7;14;9.8;11;9.3;7.2;-2.8;-0.9;0.16;2.8;2.6;0;383;131;43;28;96698;2.06;0.11;0.2;0.26
2015;6;11;162;18.7;15.9;13.5;12.7;11.4;9.7;-2.6;-0.7;0.16;2.8;2.6;0;333;107;59;27;96321;1.93;0.75;0.2;0.26
2015;6;12;163;26.4;20.5;12.8;16.8;13.9;11.4;-0.3;0.3;0.16;2.8;2.6;0;705;263;112;77;95677;4.18;0.04;0.2;0.26
2015;6;13;164;23.5;19.1;15.2;17.6;15.6;13.8;0.8;0.5;0.16;2.8;2.6;0;445;155;70;52;95509;2.95;9.28;0.2;0.26
2015;6;14;165;23.8;19.3;14.4;14.5;13;11.9;0;-0.9;0.16;2.8;2.6;0;662;237;108;76;95422;3.81;0.11;0.2;0.26
2015;6;15;166;18.1;15.7;12.4;12.2;10.6;7.7;-1.2;-2.7;0.16;2.8;2.6;0;345;126;73;46;95865;2.42;0.69;0.2;0.26
2015;6;16;167;17.2;13.8;10.1;7.6;6.2;5;-1;-2;0.16;2.8;2.6;0;566;161;80;64;96354;2.71;0.14;0.2;0.26
2015;6;17;168;18.1;13.7;8.4;7.4;5.2;4.1;0;-1.2;0.16;2.8;2.6;0;688;262;126;86;96506;3.67;0.01;0.19;0.26
2015;6;18;169;16.2;13.5;10.9;13.4;10.7;6.1;2.5;0.4;0.16;2.8;2.6;0;449;78;40;21;95889;1.97;7.88;0.2;0.26
2015;6;19;170;14.7;11.9;9.9;10.5;7.6;5.6;2.2;-1.3;0.16;2.8;2.6;0;557;166;96;50;95916;2.73;2.65;0.2;0.26
2015;6;20;171;14.6;11;8.1;9;7.8;6.6;2.1;-1.1;0.16;2.8;2.6;0;637;179;79;50;96087;3.25;6.44;0.2;0.26
2015;6;21;172;14.8;12.3;8.8;10.4;8.8;6.7;1.9;0.6;0.16;2.8;2.6;0;484;172;74;47;96087;2.52;1.98;0.2;0.26
2015;6;22;173;15.8;12.7;10.8;13;10.6;8.1;2.5;1.7;0.16;2.8;2.6;0;281;92;43;25;95525;2.57;13.02;0.2;0.26
2015;6;23;174;13.7;11.2;9.1;9.4;7.6;6.1;3.3;0.3;0.16;2.8;2.5;0;588;194;81;53;95477;3.58;10.15;0.22;0.26
2015;6;24;175;15.7;12.3;8.6;8.9;7.6;6.3;2.2;-0.7;0.16;2.8;2.5;0;322;125;85;41;96458;2.17;0.74;0.22;0.26
2015;6;25;176;19.1;15;8.4;11;8.4;7;0.7;0.1;0.16;2.8;2.5;0;562;185;101;62;96668;2.83;0;0.21;0.26
2015;6;26;177;22.1;17.7;10.8;13.9;10.7;8.5;1.6;0.2;0.15;2.7;2.5;0;546;201;94;60;96429;3.29;0.05;0.21;0.26
2015;6;27;178;20.5;16.7;14;15.1;13.4;12.1;1.8;0.3;0.15;2.7;2.5;0;447;135;73;41;96131;2.53;6.14;0.21;0.26
2015;6;28;179;19.9;16.1;11.3;12.4;9.4;6.3;0.8;-1.4;0.15;2.7;2.5;0;688;221;117;71;96487;3.64;0.37;0.21;0.25
2015;6;29;180;22.7;18.1;11.9;13.7;11.5;9.9;0.3;-0.4;0.15;2.7;2.5;0;663;218;109;65;96504;3.54;0.23;0.21;0.25
2015;6;30;181;25.4;20.1;12.5;14;12.4;11.2;-0.6;-1.3;0.15;2.7;2.5;0;672;258;111;80;96489;4.19;0;0.21;0.25
2015;7;1;182;27.6;22.2;15.6;14.8;13.3;11.5;-2.2;-0.2;0.15;2.7;2.5;0;731;276;118;88;96516;4.64;0;0.2;0.25
2015;7;2;183;29.1;23.6;17.2;15.1;13.5;11.9;-2.3;0.3;0.15;2.7;2.5;0;735;277;125;91;96658;4.66;0;0.2;0.25
2015;7;3;184;31.3;25;16.8;18;14.8;13.2;-1.2;0.8;0.15;2.7;2.5;0;710;266;116;86;96825;4.4;0.02;0.19;0.25
2015;7;4;185;33.4;26.4;18;18.6;15.7;13.5;-0.7;0.9;0.15;2.7;2.5;0;728;270;127;82;96588;4.33;0.73;0.19;0.25
2015;7;5;186;34;27.3;19.2;19.1;15.9;12.2;-0.1;1.8;0.15;2.7;2.5;0;712;256;117;76;96144;4.25;0.15;0.19;0.25
2015;7;6;187;26.7;23.1;18.5;18.6;13;7.9;2.2;-1;0.15;2.7;2.5;0;712;254;135;82;96338;3.86;0;0.18;0.25
2015;7;7;188;31.5;24.6;15.2;17.8;14.8;11.3;0.6;1.3;0.15;2.7;2.5;0;677;240;104;73;95721;3.72;3.59;0.18;0.25
2015;7;8;189;21.1;18.8;16;17.4;10.5;5.6;4.2;0;0.15;2.6;2.5;0;672;224;118;71;95547;3.64;0.65;0.18;0.25
2015;7;9;190;17.8;14.9;12.6;10.6;7.1;3.9;3.8;-0.9;0.15;2.6;2.5;0;588;184;102;62;96117;3.59;5.25;0.18;0.25
2015;7;10;191;19.7;14.7;9.2;6.2;4.6;2.4;1.5;-1.2;0.15;2.6;2.5;0;758;282;139;105;96544;3.49;0;0.18;0.25
2015;7;11;192;26.4;19;9.7;11.2;7.9;6.1;0;0;0.15;2.6;2.5;0;705;267;135;95;96137;3.68;0;0.17;0.25
2015;7;12;193;26.1;20.9;14.1;13.1;10.1;8.1;2.1;-0.8;0.15;2.6;2.5;0;658;244;111;75;96055;3.49;0.99;0.17;0.25
2015;7;13;194;19.6;16.2;13.9;13.7;11.8;9.7;2.8;0.2;0.15;2.6;2.5;0;359;95;49;30;96147;2.04;2.68;0.17;0.25
2015;7;14;195;20.6;17.3;15;15.3;14.7;14;3.2;0.1;0.15;2.6;2.5;0;278;86;50;24;96086;2.11;3.67;0.17;0.25
2015;7;15;196;23.4;19.2;15.7;15.6;13.7;12.2;1.5;-0.5;0.15;2.6;2.5;0;488;166;81;51;96336;2.64;0.91;0.17;0.25
2015;7;16;197;28.2;22.2;15;15.3;13.8;12.7;0.4;-0.2;0.15;2.6;2.5;0;619;231;100;72;96230;3.37;0.13;0.17;0.25
2015;7;17;198;32.4;25.2;15.9;16.5;14.2;12.7;-0.3;1.1;0.15;2.6;2.5;0;706;260;127;82;96072;3.89;0.84;0.17;0.25
2015;7;18;199;29.3;23.7;18;16.2;13.8;10.9;2.2;0.4;0.15;2.6;2.5;0;695;211;107;67;96079;3.09;0.08;0.16;0.25
2015;7;19;200;29.5;22.9;17.7;16.6;15.4;14.2;2.1;1;0.15;2.5;2.5;0;661;207;96;59;95647;3.3;2.69;0.16;0.25
2015;7;20;201;23.3;20.2;16.9;17.3;14.9;13.7;2.1;0.3;0.15;2.5;2.5;0;324;114;63;43;95939;1.76;0.21;0.16;0.25
2015;7;21;202;28.8;23.7;17.6;17.3;15.3;13.8;2;0.1;0.15;2.5;2.5;0;657;233;102;71;95980;3.1;0.09;0.16;0.25
2015;7;22;203;33.4;25.3;17.4;19.2;15.1;12.8;0.1;0.1;0.15;2.5;2.5;0;701;255;130;78;95811;3.57;3.32;0.16;0.25
2015;7;23;204;25;21;18.1;18.3;14.5;11;0.8;-1.5;0.15;2.5;2.5;0;586;160;88;50;95927;2.67;0.41;0.16;0.25
2015;7;24;205;26.3;21.7;15.1;17;14.9;12.6;-2.1;0.2;0.15;2.5;2.5;0;591;183;89;63;95578;2.44;0.14;0.16;0.25
2015;7;25;206;24.5;19.7;13.2;17.6;11.6;6.5;3.8;1.3;0.15;2.5;2.5;0;610;209;111;74;95265;2.99;1.79;0.16;0.24
2015;7;26;207;20.7;16.1;11.4;7.9;4.9;2.5;1.9;0.6;0.15;2.5;2.5;0;744;254;148;90;95738;2.81;0.92;0.15;0.24
2015;7;27;208;18.9;16.4;13.4;12.8;10.9;8.5;2.8;1.7;0.15;2.5;2.5;0;470;156;80;47;95057;3.4;10.44;0.16;0.24
2015;7;28;209;19.9;16.8;14.5;11;7.6;4.8;4.1;1.1;0.15;2.5;2.5;0;559;179;86;62;95275;2.75;0.84;0.16;0.24
2015;7;29;210;16.7;13.7;11.7;9.9;8.5;6.5;2.8;1.4;0.15;2.5;2.5;0;385;87;80;43;95474;1.72;1.58;0.16;0.24
2015;7;30;211;18.4;14.4;9.9;8.4;5;2.7;2.6;-0.1;0.15;2.4;2.5;0;509;179;94;75;95853;2.34;0.24;0.16;0.24
2015;7;31;212;20.4;15;7.9;8.9;5.8;4.3;-0.6;-1.3;0.15;2.4;2.5;0;528;199;116;84;96111;2.41;0;0.16;0.24
2015;8;1;213;23.3;18.1;13.3;12.5;9;5.2;-0.9;0.2;0.15;2.4;2.5;0;479;156;84;57;95915;2.17;0.51;0.15;0.24
2015;8;2;214;26;20.2;14.3;12.8;11.2;9.3;-0.8;-0.6;0.15;2.4;2.5;0;543;150;101;57;96238;2.11;0;0.15;0.24
2015;8;3;215;27.1;21.1;13.3;14.9;13.4;12.4;-1.4;0.7;0.15;2.4;2.5;0;633;196;105;73;96240;2.43;0;0.15;0.24
2015;8;4;216;30.4;22.9;14.7;15.3;13.2;10.3;0.8;0.4;0.15;2.4;2.5;0;694;237;128;81;95929;2.86;0;0.15;0.24
2015;8;5;217;27.8;22;16.1;15.5;13.1;10.9;0.4;-0.4;0.15;2.4;2.5;0;703;240;135;88;96210;2.78;0;0.15;0.24
2015;8;6;218;32.8;25.7;15.8;15.4;12.9;11.3;-0.5;0.2;0.15;2.4;2.5;0;679;237;134;88;96091;2.71;0;0.14;0.24
2015;8;7;219;34.7;27.9;19.1;14.8;12.1;10.6;-1.9;0.6;0.15;2.4;2.5;0;632;226;141;90;96071;2.54;0.02;0.14;0.24
2015;8;8;220;34.8;27.3;19.9;16.8;14.1;11.8;-0.5;-1.3;0.15;2.4;2.5;0;655;217;140;86;96114;2.7;1.25;0.14;0.24
2015;8;9;221;31.1;24.8;19.2;16.6;16.1;15.6;-2.5;-1.9;0.15;2.3;2.5;0;670;214;111;74;96144;2.46;0.53;0.14;0.24
2015;8;10;222;32.4;26.7;20.9;17.6;14.5;9.4;-1.3;0.5;0.15;2.3;2.5;0;648;231;135;90;95814;2.47;0;0.14;0.24
2015;8;11;223;31.9;25.6;18.3;18.2;14.6;9.9;0.4;-1;0.15;2.3;2.5;0;624;222;138;90;95950;2.29;0.01;0.14;0.24
2015;8;12;224;31.1;25.5;19.9;17.8;16;13.3;-1;-1.8;0.15;2.3;2.5;0;609;208;124;85;96279;2.23;0.41;0.13;0.24
2015;8;13;225;32.4;26.9;20.6;17.8;14.4;12.1;-2.9;-0.2;0.15;2.3;2.5;0;651;210;112;83;95959;2.08;0.06;0.13;0.24
2015;8;14;226;30.8;26;21.8;15.9;14.4;12.2;0.1;-0.1;0.15;2.3;2.5;0;634;215;121;85;95346;2.38;1.63;0.13;0.24
2015;8;15;227;25.4;21.4;17.6;17.6;15.5;13;1.4;-0.5;0.14;2.3;2.5;0;487;150;106;54;95376;1.87;0.97;0.13;0.24
2015;8;16;228;19.1;17.4;15.5;17.6;16;14.2;1.4;-0.5;0.14;2.3;2.5;0;170;53;52;21;95367;1.62;35.35;0.15;0.24
2015;8;17;229;15.3;14.2;13.1;15.2;13.5;12.1;2.5;-0.2;0.14;2.3;2.5;0;100;26;17;9;95517;1.28;9.45;0.17;0.24
2015;8;18;230;17.2;14.7;12.7;12;11.2;10.8;1.8;-0.5;0.14;2.3;2.5;0;258;86;65;32;95868;1.77;1.04;0.17;0.24
2015;8;19;231;17.8;14.6;11.1;11.9;11.3;10.5;-0.2;-2.2;0.14;2.3;2.5;0;308;94;61;37;96275;1.45;0.58;0.17;0.24
2015;8;20;232;18.5;15.5;12.8;12.7;12.1;11.3;-0.2;-1;0.14;2.3;2.5;0;258;86;62;34;96667;1.37;3.31;0.17;0.24
2015;8;21;233;22.1;16.9;10.7;12.5;9.8;6.6;-1.2;-0.9;0.14;2.3;2.5;0;577;179;99;68;96742;2.8;0.21;0.17;0.24
2015;8;22;234;22.4;17.4;10.9;11.4;8.2;6.7;-2;-0.4;0.14;2.2;2.5;0;607;165;117;76;96365;2.54;0;0.17;0.24
2015;8;23;235;22.8;18;12.7;13.8;9.6;6.8;-2.4;0.2;0.14;2.2;2.5;0;647;210;118;83;95547;2.92;2.4;0.17;0.24
2015;8;24;236;25.5;18.9;14;16;14.3;13.3;-0.2;1.3;0.14;2.2;2.5;0;592;174;94;52;95258;3.09;10.28;0.17;0.23
2015;8;25;237;18.2;15.6;12.9;13;9.7;7.6;2.4;1.5;0.14;2.2;2.5;0;394;119;95;52;96067;2.61;2.83;0.18;0.23
2015;8;26;238;23.6;17.3;10.7;11.3;9.2;7.3;-0.6;2;0.14;2.2;2.5;0;647;216;122;87;96202;3.03;0;0.18;0.23
2015;8;27;239;27.5;20.8;12.7;13.9;11.3;6.5;-0.1;2.5;0.14;2.2;2.5;0;604;198;109;77;95785;3.03;0;0.17;0.23
2015;8;28;240;22;19.8;17.3;18;16.1;11.9;1.8;0.5;0.14;2.2;2.5;0;235;64;60;33;96188;1.35;2.12;0.17;0.23
2015;8;29;241;27.7;21.6;14.8;18.1;16.6;14.7;-0.5;-0.4;0.14;2.2;2.5;0;618;193;104;65;96636;2.79;0.02;0.17;0.23
2015;8;30;242;30.9;24.3;17.1;21.2;17;15;-0.5;-0.3;0.14;2.2;2.5;0;620;202;119;78;96300;2.9;0;0.17;0.23
2015;8;31;243;30.6;24.5;17.6;19.1;16.6;14.8;0.2;0.5;0.14;2.2;2.5;0;602;173;107;67;95810;2.58;0.25;0.17;0.23
2015;9;1;244;28.6;20.8;14.1;18.1;15.3;13.1;1.6;0.4;0.14;2.2;2.5;0;584;163;103;58;95504;2.66;8.62;0.17;0.23
2015;9;2;245;18.9;15.6;12.8;12.9;9.8;7.4;0.7;-0.1;0.14;2.2;2.5;0;537;139;98;59;96009;2.17;0.11;0.17;0.23
2015;9;3;246;17.6;14.1;11.1;13;11.2;9.4;0.4;0.4;0.14;2.2;2.5;0;365;93;64;49;95803;1.56;5.54;0.17;0.23
2015;9;4;247;17;13.1;8.5;9.8;7.3;5.4;1.9;0.4;0.14;2.2;2.5;0;482;148;98;70;95866;1.95;0.11;0.17;0.23
2015;9;5;248;14.2;11.3;8;8.7;7;4.8;3.3;0.2;0.14;2.2;2.5;0;369;112;70;52;95837;1.63;3.01;0.17;0.23
2015;9;6;249;12.6;10.3;7.5;8.2;5.6;3.7;4.5;-0.9;0.14;2.2;2.5;0;335;92;63;41;96285;1.79;1.3;0.17;0.23
2015;9;7;250;11.2;9.6;8.5;10;8.3;6.3;3;-0.2;0.14;2.2;2.5;0;121;32;53;22;96631;1.08;4.26;0.18;0.23
2015;9;8;251;15.5;11.5;7;9.4;7.5;5.7;0.6;-0.9;0.14;2.2;2.5;0;528;112;93;44;96685;1.55;0.15;0.18;0.23
2015;9;9;252;16;12.5;9.8;9.3;6.6;4;-1.7;-1.3;0.14;2.2;2.5;0;534;146;104;63;96549;1.86;0.43;0.18;0.23
2015;9;10;253;15.8;11.6;7.7;7.9;6.7;5.7;-2.9;-0.8;0.14;2.2;2.5;0;470;151;94;75;96445;1.92;1.3;0.17;0.23
2015;9;11;254;18.1;12.7;8.2;9;7.7;6.8;-1.8;0.6;0.14;2.2;2.5;0;403;141;109;75;96184;1.7;0.28;0.17;0.23
2015;9;12;255;21.2;14.9;8.1;12.2;9.6;7.1;-1.2;1.3;0.14;2.1;2.5;0;455;139;97;67;96103;1.62;0;0.17;0.23
2015;9;13;256;23.9;17.7;10.5;13.1;11.4;9.2;-1.6;1.1;0.14;2.1;2.5;0;565;168;112;68;95538;2.1;0;0.17;0.23
2015;9;14;257;17.5;15;12.4;13.7;11.7;10.6;0.4;1.9;0.14;2.1;2.5;0;358;71;75;48;95107;1.38;5.7;0.17;0.23
2015;9;15;258;16.4;13.7;11.2;10.7;9.6;8.1;-0.2;2.2;0.14;2.1;2.5;0;188;58;75;42;95436;1.07;0.98;0.18;0.23
2015;9;16;259;21;16.5;11.4;13.1;10.7;6.8;-1.5;1.7;0.14;2.1;2.5;0;376;94;71;50;94748;1.44;0.48;0.17;0.23
2015;9;17;260;21.3;15.6;11;15.1;11.3;8.6;1.9;0.7;0.14;2.1;2.5;0;402;112;70;53;94971;1.76;2.89;0.17;0.23
2015;9;18;261;16.6;13;9.3;10.9;9.7;8.6;1.1;1.1;0.14;2.1;2.5;0;312;91;70;48;96112;1.4;2.43;0.18;0.23
2015;9;19;262;17.6;11.8;6.7;10.6;8.9;6.7;0.8;0.6;0.14;2.1;2.5;0;521;135;103;58;96472;1.77;1.59;0.18;0.23
2015;9;20;263;14.7;11.2;7.9;8.8;6.9;5.1;2;-1.1;0.14;2.1;2.5;0;419;109;84;54;96526;1.48;0.32;0.18;0.23
2015;9;21;264;15.8;12.1;8.6;8.6;7.1;6.2;0.4;0.4;0.13;2;2.5;0;364;95;73;48;96037;1.13;0.13;0.18;0.23
2015;9;22;265;16.7;12.5;8.7;9.9;8.1;5.7;-0.2;2.2;0.13;2;2.5;0;406;98;83;52;95110;1.15;0.7;0.17;0.23
2015;9;23;266;12.1;10.4;8.1;9.5;8.2;7.3;1.8;1;0.13;2;2.5;0;233;69;59;36;95428;1.45;5.78;0.18;0.23
2015;9;24;267;14.4;11.1;7.3;8.6;7.8;6.8;0.9;0.8;0.13;2;2.5;0;245;63;60;29;96305;0.84;0.32;0.18;0.23
2015;9;25;268;16;12.4;8.9;9.8;8.8;7.7;1;-0.5;0.13;2;2.5;0;434;91;84;42;96466;1.02;0.15;0.18;0.23
2015;9;26;269;14.2;11.4;8.3;9.2;8;6.9;-1.3;-1.8;0.13;2;2.5;0;299;78;62;48;96735;0.95;0.52;0.18;0.23
2015;9;27;270;13.8;10.7;7.6;7.3;5.3;3.4;-1.6;-1.9;0.13;1.9;2.5;0;407;109;82;63;97259;1.23;0.01;0.18;0.23
2015;9;28;271;14.6;10.6;7.3;6.8;4.2;1.9;-1.9;-1.9;0.13;1.9;2.5;0;449;133;119;79;97627;1.4;0;0.18;0.23
2015;9;29;272;14.3;10.5;7;6.5;4.5;2.5;-3.2;-1.2;0.13;1.9;2.5;0;464;113;105;78;97589;1.25;0;0.17;0.23
2015;9;30;273;13.1;9.6;6.5;4.3;2.5;0.7;-3.5;-0.8;0.13;1.9;2.5;0;504;142;119;88;97472;1.35;0;0.17;0.23
2015;10;1;274;14;9.2;5;2.7;2;1.2;-3.3;-0.6;0.13;1.9;2.5;0;511;148;120;97;97176;1.38;0;0.17;0.23
2015;10;2;275;16.7;11.4;6.5;7;4.8;2.3;-3.1;-0.5;0.13;1.9;2.5;0;507;145;122;91;96623;1.35;0;0.17;0.23
2015;10;3;276;18.5;13.1;7.7;10;8.1;5.9;-0.1;0.4;0.13;1.8;2.5;0;471;129;99;71;95988;1.19;0.01;0.17;0.23
2015;10;4;277;14.1;11.4;9.3;11.7;9.6;6.9;0.5;0.1;0.13;1.8;2.5;0;205;51;55;37;96045;0.55;4.79;0.17;0.23
2015;10;5;278;16.1;11.9;9.2;9.6;8.7;7.7;-1;1;0.13;1.8;2.5;0;353;88;99;37;95944;1.1;0.03;0.17;0.23
2015;10;6;279;18.2;13.5;10.6;12.6;10.8;8.1;-1.2;1.4;0.13;1.8;2.5;0;376;82;82;30;95290;1.22;10.55;0.18;0.23
2015;10;7;280;15;13.1;11.5;13.9;12.3;10.8;1.6;0.2;0.13;1.8;2.5;0;155;41;33;20;95621;0.85;9.66;0.19;0.23
2015;10;8;281;13.4;11.8;10.5;10.8;9.8;9;2;-0.6;0.13;1.8;2.5;0;181;37;42;16;96202;0.82;1.01;0.19;0.23
2015;10;9;282;13.8;10.8;8.1;10.9;9.6;8;0.1;-1.1;0.13;1.7;2.5;0;249;58;68;35;96292;0.95;3.5;0.19;0.23
2015;10;10;283;10.8;9.6;7.6;9.3;6.6;0.4;-2.6;-1.3;0.13;1.7;2.5;0;168;42;41;20;96079;0.86;0.42;0.19;0.23
2015;10;11;284;9.8;6.4;2.5;-0.3;-2;-4.8;-3.2;-1.2;0.13;1.7;2.5;0;437;114;114;81;95943;1.24;0;0.19;0.23
2015;10;12;285;8.6;4;0.2;1.2;-1.6;-5.4;-2.6;-0.4;0.13;1.7;2.5;0;462;126;120;90;96060;1;0;0.19;0.23
2015;10;13;286;7.9;4;0.8;2;0.4;-1.3;-2.3;-0.7;0.13;1.7;2.5;0;418;105;100;55;95833;0.82;2.61;0.19;0.23
2015;10;14;287;6.6;3.8;1;2.4;1.5;0.8;-0.6;-1;0.22;1.7;2.5;5.77;219;49;33;15;95819;0.58;10.92;0.2;0.23
2015;10;15;288;6;4.3;2.8;5.5;3.9;1.7;0.2;-0.9;0.19;1.7;2.5;3.92;56;12;10;4;95564;0.3;10.08;0.21;0.23
2015;10;16;289;5.6;4.5;3.9;4.5;3.9;3.5;1.4;-0.1;0.16;1.6;2.5;2.21;76;16;10;5;95929;0.41;5.01;0.21;0.23
2015;10;17;290;7;4.7;1.4;4.3;3.2;0.9;0.6;0.2;0.15;1.6;2.5;1.27;148;31;68;20;96112;0.57;3.08;0.22;0.23
2015;10;18;291;7.9;4.6;0.8;3.9;2.6;0.5;0;-0.5;0.14;1.6;2.5;0.84;225;50;63;31;96098;0.6;1.02;0.22;0.23
2015;10;19;292;8.2;5.5;3.2;3.9;3.2;2.6;0.3;-1.2;0.13;1.6;2.5;0.52;207;52;67;33;96239;0.61;0.49;0.22;0.23
2015;10;20;293;7.4;5.2;2.4;6.3;4.7;2.2;1.3;-0.4;0.13;1.6;2.5;0.32;112;24;43;16;96323;0.26;1.53;0.22;0.23
2015;10;21;294;8.6;6.7;5.5;6.1;4.8;3.7;1.3;-0.1;0.13;1.6;2.5;0.16;182;38;40;17;96290;0.65;0.42;0.22;0.23
2015;10;22;295;10;7.1;2.9;6.7;4.4;2.4;2.1;0.9;0.12;1.6;2.5;0.07;272;56;62;30;96061;0.53;0.27;0.22;0.23
2015;10;23;296;11.5;8.3;3.7;7.8;5.6;2.8;0.9;-0.4;0.12;1.6;2.5;0;345;83;108;49;96605;0.8;0.19;0.22;0.23
2015;10;24;297;11.9;6.1;0.7;6.1;4;0.1;-0.8;1.4;0.12;1.6;2.5;0;337;80;106;62;96353;0.5;0.01;0.22;0.23
2015;10;25;298;11.5;8.5;6.1;9.3;7.4;5.2;0.9;0;0.12;1.6;2.5;0;108;28;41;18;96629;0.33;0.62;0.22;0.23
2015;10;26;299;12.8;9.6;7;8.1;7.1;5.9;-2.7;0;0.12;1.6;2.5;0;289;71;81;46;96520;0.63;0;0.22;0.23
2015;10;27;300;12.8;8.1;5.3;7.4;6.1;4.7;-2.2;0.2;0.12;1.6;2.5;0;355;79;110;66;96150;0.52;0.01;0.22;0.23
2015;10;28;301;12.7;7;3.4;7;5;3.3;-1.7;0.3;0.12;1.6;2.5;0;345;76;96;55;95689;0.59;0.49;0.22;0.23
2015;10;29;302;9.1;6.1;2.5;6.4;5;2.4;0.4;-0.2;0.12;1.6;2.5;0;173;45;46;23;96172;0.39;0.06;0.22;0.23
2015;10;30;303;11.9;8;5.6;6;5.5;4.4;-1.7;-0.2;0.12;1.6;2.5;0;328;77;105;54;96998;0.6;0.09;0.22;0.23
2015;10;31;304;14.7;9;5.5;5.5;4.3;1.7;-2.9;0.1;0.12;1.6;2.5;0;359;86;113;79;97182;0.8;0;0.22;0.23
2015;11;1;305;14.3;7.3;2.4;4.9;2.5;0.3;-1.8;0.2;0.12;1.6;2.5;0;368;91;126;90;97394;0.72;0;0.22;0.23
2015;11;2;306;12.7;4.4;-1.1;3.6;0;-3.4;-1.6;0;0.12;1.6;2.5;0;374;92;135;94;97114;0.63;0;0.22;0.23
2015;11;3;307;11.3;3.7;-1.9;3.6;-0.2;-3.7;-1.1;0.3;0.12;1.6;2.5;0;364;88;119;80;96551;0.52;0;0.21;0.23
2015;11;4;308;10.5;5.9;0.3;6.6;3.6;-1;0.7;0.5;0.12;1.6;2.5;0;157;40;51;27;96513;0.26;0.5;0.21;0.23
2015;11;5;309;14.9;9.8;5.1;9.7;6.5;4.2;0.1;0.5;0.12;1.6;2.5;0;308;68;98;48;96562;0.5;0.15;0.21;0.23
2015;11;6;310;14.2;9.5;4.6;10.1;7.5;4;0.2;1.7;0.12;1.6;2.5;0;265;56;84;30;96708;0.38;0.19;0.21;0.23
2015;11;7;311;14.8;13.2;11.7;13.8;12.6;10.5;2.1;1.3;0.12;1.6;2.5;0;70;16;28;8;96881;0.14;2.15;0.22;0.23
2015;11;8;312;14.6;12.2;9.2;12.4;10.1;8;1.1;0.9;0.11;1.5;2.5;0;299;68;114;63;97083;0.5;0.04;0.22;0.23
2015;11;9;313;14.5;12.2;9.9;11.9;9.7;7.4;3.8;1;0.11;1.5;2.5;0;149;31;69;36;96685;0.83;1.64;0.22;0.23
2015;11;10;314;13;11.3;9.2;9.3;7.9;4.8;4;0.6;0.11;1.5;2.5;0;181;37;69;29;96738;0.49;0;0.22;0.23
2015;11;11;315;12;10;7.5;9.4;8.6;6.6;2.4;0.8;0.11;1.5;2.5;0;105;23;59;25;96811;0.19;0.15;0.22;0.23
2015;11;12;316;10.2;8.4;6.3;7.8;6.9;5.7;1.3;1.1;0.11;1.5;2.5;0;132;20;55;20;96956;0.19;0.04;0.22;0.23
2015;11;13;317;11.9;8.5;4.2;7.2;6;3.9;1.9;1.6;0.11;1.5;2.5;0;277;58;82;54;96693;0.52;0.97;0.22;0.23
2015;11;14;318;7.5;6;4.5;5.6;3.1;1.7;4.2;0.8;0.11;1.5;2.5;0;222;46;86;48;96799;1.15;3.49;0.22;0.23
2015;11;15;319;10.1;7.8;5;8.2;6.2;3.3;5.1;1.3;0.11;1.5;2.5;0;62;12;33;9;95832;1.15;9.48;0.22;0.23
2015;11;16;320;11.9;8.6;6.6;7.4;4.6;2;3.1;0.9;0.11;1.5;2.5;0;292;65;110;61;95970;0.73;0.11;0.23;0.23
2015;11;17;321;11.9;9.9;7.9;9.6;8;5.6;3.5;2.4;0.11;1.5;2.5;0;107;17;33;7;95706;1.17;5.4;0.23;0.23
2015;11;18;322;12.1;10.4;8.2;10.7;6.9;4.4;5.8;1.5;0.11;1.5;2.5;0;139;28;80;36;95830;1.28;1.9;0.23;0.23
2015;11;19;323;11.1;9.7;8.2;9.5;7.6;4.5;5.6;2.2;0.11;1.5;2.5;0;143;20;55;17;95750;1.77;17.3;0.23;0.23
2015;11;20;324;10.8;5.3;2;9.5;4.4;1.7;2.8;-0.2;0.11;1.6;2.5;0.17;26;6;18;8;94853;1.15;35.03;0.27;0.23
2015;11;21;325;3.8;1.9;-0.2;2.1;-0.2;-1.8;2;0.3;0.12;1.6;2.5;0.63;221;45;77;44;94051;0.81;2.92;0.28;0.23
2015;11;22;326;1.4;-0.1;-1.3;0.3;-2;-3.9;2.6;-0.1;0.18;1.6;2.5;4.26;218;42;89;50;94682;0.45;3.73;0.28;0.23
2015;11;23;327;1;-0.8;-1.7;-2.1;-3.2;-4.8;2.6;0.2;0.22;1.6;2.5;6.32;178;35;68;43;96146;0.43;1.46;0.28;0.23
2015;11;24;328;0.6;-1.3;-2.3;-2.2;-3.4;-4.3;0.7;2.2;0.22;1.6;2.5;6.71;141;29;82;35;96326;0.31;0.28;0.27;0.23
2015;11;25;329;1.6;0.3;-1;1.1;-1.1;-4.9;1.2;1.8;0.24;1.6;2.5;7.48;56;13;19;10;95092;0.12;2.1;0.27;0.23
2015;11;26;330;3.3;1.4;0.4;0.9;0.3;-0.6;0.8;-1.2;0.23;1.6;2.5;7.14;151;30;63;27;95635;0.33;0.87;0.27;0.23
2015;11;27;331;1.7;0.2;-2.3;0;-2.2;-3.9;0.1;0.1;0.21;1.6;2.5;6.54;133;29;45;27;96050;0.29;0;0.27;0.23
2015;11;28;332;1.6;-0.4;-2.8;0.6;-1.8;-4.2;2.7;1.2;0.23;1.6;2.5;7.72;52;13;57;27;95631;0.18;2.88;0.27;0.23
2015;11;29;333;6.2;2.9;-0.1;5.3;1.5;-3.1;4.5;2.8;0.25;1.6;2.5;8.75;42;8;60;14;95803;0.13;12.46;0.27;0.23
2015;11;30;334;6.9;6.6;6;6.2;5.7;4.9;6.4;1.7;0.15;1.6;2.5;2.77;57;9;17;4;95933;0.76;21.47;0.29;0.23
2015;12;1;335;8.2;7.4;6.9;8.1;7.1;6.1;4.7;0.4;0.12;1.6;2.5;0.55;21;4;4;2;96420;0.2;13.68;0.31;0.23
2015;12;2;336;8.7;7.2;5.5;8;5.7;3.8;2.4;0.4;0.11;1.6;2.5;0.18;190;30;55;22;97088;0.5;0.21;0.31;0.24
2015;12;3;337;5.7;3.9;2;4.3;3;1.8;0.2;1.5;0.11;1.7;2.5;0.1;144;30;71;38;97215;0.12;0.01;0.31;0.24
2015;12;4;338;5.9;3.8;0.9;5.2;2.3;-1.1;1.4;1.5;0.11;1.7;2.5;0.06;127;17;76;30;97187;0.2;0.36;0.3;0.24
2015;12;5;339;7.3;5.1;3.2;5;4;2.7;1.7;1.8;0.11;1.7;2.5;0.01;148;28;76;38;97359;0.17;0.18;0.3;0.24
2015;12;6;340;8.4;5.2;1.9;5.4;3.7;1.2;1.8;2;0.11;1.7;2.5;0;233;46;91;57;97077;0.33;0.15;0.29;0.25
2015;12;7;341;9.7;5.8;1.3;6.7;4.5;0.8;0;1.3;0.11;1.7;2.5;0;202;39;78;56;97562;0.15;0.01;0.29;0.25
2015;12;8;342;6.2;2.4;-0.9;4.9;1.8;-1.2;-1.1;0.5;0.11;1.7;2.5;0;179;37;66;39;97431;0.15;0;0.29;0.25
2015;12;9;343;5.6;3.4;1.1;4.5;2.8;0.9;1.4;-0.1;0.11;1.7;2.5;0;85;11;60;22;97615;0.17;2.69;0.29;0.25
2015;12;10;344;2;0.3;-0.9;0.8;-0.4;-2.1;0.3;1.9;0.11;1.7;2.5;0;103;21;73;33;97729;0.26;0.01;0.28;0.25
2015;12;11;345;4.4;1.7;-1.4;3.3;-0.6;-4;2.1;2;0.11;1.7;2.5;0;215;40;84;49;96901;0.46;2.16;0.28;0.25
2015;12;12;346;5.7;5.2;4.5;5.5;4.8;3.4;2.9;1.3;0.11;1.7;2.5;0;43;7;20;3;96520;0.31;5.85;0.29;0.25
2015;12;13;347;6.1;5.2;3.6;5.4;4.4;3.1;2.3;0.7;0.11;1.7;2.5;0;50;9;38;13;96280;0.22;0.57;0.28;0.25
2015;12;14;348;6.3;4.6;3.3;5;4;2.9;-0.6;1.2;0.11;1.7;2.5;0;61;12;41;13;96573;0.18;0.23;0.28;0.25
2015;12;15;349;6.5;4.2;2.1;4.4;3.1;1.3;0.6;1.2;0.11;1.7;2.5;0;126;23;41;22;96741;0.25;0.05;0.28;0.26
2015;12;16;350;6.8;4.8;2.6;6.6;3.9;2.5;-0.2;1.7;0.11;1.7;2.5;0;157;28;57;21;97000;0.25;1.05;0.28;0.26
2015;12;17;351;9.4;8.6;7;9.2;8.4;6.9;1.8;1.3;0.11;1.7;2.5;0;39;7;26;5;96852;-0.1;1.73;0.28;0.26
2015;12;18;352;8.9;7.5;5.7;8.5;7.1;4.8;1.3;1.4;0.11;1.7;2.5;0;75;12;45;16;96702;0.17;3.09;0.28;0.26
2015;12;19;353;9.5;6.9;4.2;7.6;6.2;3.6;0;1.5;0.11;1.7;2.5;0;126;24;61;33;96751;0.12;0.07;0.28;0.26
2015;12;20;354;8.5;4.8;3.2;5.4;3.4;1.7;-0.5;2;0.11;1.6;2.5;0;210;40;82;58;96592;0.23;0.01;0.28;0.26
2015;12;21;355;7.6;5.4;3.3;7;3.8;2.2;2.4;2;0.11;1.6;2.5;0;79;12;80;34;96731;0.46;2.12;0.28;0.26
2015;12;22;356;9.9;7.8;6.4;5.3;3.9;1.8;2.9;2;0.11;1.6;2.5;0;114;16;62;29;96976;0.59;0.67;0.28;0.26
2015;12;23;357;8.8;6.7;4.4;6.4;3.9;0.7;2;1.3;0.11;1.6;2.5;0;110;18;75;35;97003;0.15;0.01;0.27;0.26
2015;12;24;358;9.7;6.6;5;6.3;4.9;2.3;-0.1;1.9;0.11;1.6;2.5;0;187;34;87;48;96945;0.21;0;0.27;0.26
2015;12;25;359;9.4;7.3;5.1;7.6;5.5;2.4;1.8;1.9;0.11;1.6;2.5;0;109;16;65;35;97192;0.29;0.79;0.27;0.26
2015;12;26;360;11.1;7.2;3.8;6.2;4.5;2.8;1.8;1.8;0.11;1.5;2.5;0;208;40;91;65;97196;0.29;0;0.27;0.26
2015;12;27;361;9.1;4.2;1.1;4.6;2.3;0.1;1;1.8;0.11;1.5;2.5;0;206;41;93;69;97250;0.17;0;0.27;0.26
2015;12;28;362;7.5;2.3;-1.7;5;1.2;-2.1;-1.2;0.4;0.11;1.5;2.5;0;225;45;97;67;97280;-0.02;0;0.27;0.26
2015;12;29;363;6.8;4.5;3.2;5.1;3.7;2.3;-1.6;0.4;0.11;1.5;2.5;0;147;31;61;38;97111;0.09;0.04;0.27;0.26
2015;12;30;364;3.7;2;-1;2.5;-0.5;-6.9;-2.5;0.9;0.11;1.5;2.5;0;123;21;93;41;97136;0.31;0.03;0.27;0.26
2015;12;31;365;1.8;-0.3;-2.2;0.4;-4.1;-9.5;-1;1.5;0.11;1.4;2.5;0.16;189;30;91;43;96671;0.36;5.07;0.27;0.26
2016;1;1;1;1.3;-0.1;-2;0.1;-0.8;-3.6;-0.1;0.3;0.11;1.4;2.5;0.53;110;22;55;22;96761;0.25;0.2;0.27;0.26
2016;1;2;2;1.1;-0.7;-2.1;-2.1;-2.9;-4;-2.7;0.4;0.11;1.4;2.5;0.69;138;27;68;34;95900;0.25;1.22;0.27;0.26
2016;1;3;3;-1.5;-2.4;-3.4;-4.4;-6.4;-7.8;-2.5;1;0.16;1.4;2.5;2.95;117;21;34;19;95219;0.32;1.53;0.27;0.26
2016;1;4;4;0.6;-1.9;-4.3;0.5;-3.9;-7.9;-0.9;1.2;0.21;1.4;2.5;6.24;73;12;32;11;93782;0.13;8.69;0.26;0.26
2016;1;5;5;1.7;0.4;-1;0.5;-0.2;-1.4;0.3;1.6;0.29;1.4;2.5;10.29;115;22;42;23;94007;0.04;2.87;0.27;0.26
2016;1;6;6;2.2;0.1;-0.8;0.9;-0.5;-1.3;-0.2;1.2;0.32;1.3;2.5;12.68;120;21;57;27;94377;0;2.72;0.27;0.26
2016;1;7;7;2.8;1.1;-0.3;1.7;0.3;-0.5;-0.5;2;0.31;1.3;2.5;12.51;105;20;49;15;94326;0.15;4.02;0.27;0.26
2016;1;8;8;3.7;1.2;-2.5;1.9;-0.6;-3.2;2.4;1.1;0.29;1.3;2.5;11.43;168;34;91;56;94835;0.29;0.43;0.27;0.26
2016;1;9;9;4.2;1;-2.6;2.6;-0.1;-3.6;-1.1;1;0.27;1.3;2.5;10.02;124;22;45;17;94769;-0.03;0.03;0.27;0.26
2016;1;10;10;4.8;2.9;1.3;3.6;2.4;0.8;0;2.3;0.22;1.3;2.5;7.54;73;15;61;25;94248;-0.09;4.72;0.27;0.26
2016;1;11;11;3.4;2.4;1.3;2.1;1.8;1.1;1.1;1.8;0.21;1.2;2.5;6.68;46;9;41;13;93678;0.1;7.57;0.28;0.26
2016;1;12;12;3.3;2.1;0.8;2.7;1.3;0.3;3.7;1.4;0.2;1.2;2.5;6.14;110;20;50;26;94062;0.32;6.79;0.29;0.26
2016;1;13;13;2.4;1;0.2;1.9;0.1;-0.8;4.4;0.9;0.24;1.2;2.5;9.08;93;18;60;25;95164;0.44;9.28;0.29;0.26
2016;1;14;14;1.7;-0.3;-1.6;-0.5;-2.3;-3.8;0.9;1.8;0.3;1.2;2.5;12.66;163;34;89;41;95378;0.39;1.05;0.29;0.26
2016;1;15;15;-0.2;-1;-2.2;-1.6;-2.6;-3.5;2.6;1;0.34;1.2;2.5;16.35;96;15;50;29;95002;0.21;5.65;0.29;0.27
2016;1;16;16;-1;-2.2;-3.8;-3.4;-4.8;-6.3;1.7;-0.4;0.37;1.2;2.5;19.09;127;26;61;35;95934;0.36;2.91;0.29;0.27
2016;1;17;17;-2.2;-4.5;-8.9;-4.1;-6.9;-10.4;1.5;-1.7;0.37;1.2;2.5;22.16;138;31;86;51;96176;0.24;1.24;0.28;0.27
2016;1;18;18;-4.4;-7.1;-10.7;-8.5;-10.1;-13;-0.9;0;0.37;1.2;2.5;22.33;142;31;67;33;96238;0.23;0.05;0.28;0.27
2016;1;19;19;-5.4;-10.1;-14.4;-9.4;-12.8;-15.8;-0.4;0.4;0.37;1.2;2.5;22.19;174;36;102;46;95777;0.17;0;0.28;0.27
2016;1;20;20;-2.6;-7.3;-13.2;-4.9;-9.5;-14.3;2.1;0.4;0.37;1.1;2.5;22.19;144;31;60;27;95891;0.2;0.62;0.28;0.27
2016;1;21;21;-3.5;-6;-12.9;-4.7;-8.3;-13.9;-0.2;-0.5;0.37;1.1;2.5;22.6;157;32;88;44;96752;0.13;0.14;0.28;0.27
2016;1;22;22;-3.6;-11.1;-17.8;-10.3;-14.1;-19;-1.5;0.9;0.37;1.1;2.5;22.47;207;43;107;56;97148;0.19;0;0.28;0.27
2016;1;23;23;2.1;-1.2;-10;2;-2.3;-12.8;2.2;0.6;0.37;1.1;2.5;24;49;11;25;1;97227;-0.11;3.61;0.27;0.27
2016;1;24;24;2.2;1.2;0.5;1.1;0.4;-0.2;1.4;1.1;0.36;1.1;2.5;21.57;124;21;44;8;97490;0;2.36;0.28;0.27
2016;1;25;25;4.4;2.9;1.8;4.4;2.8;0.6;1.5;0.7;0.33;1.1;2.5;16.55;62;12;23;2;97100;-0.32;0.68;0.28;0.27
2016;1;26;26;9;4;0.6;5.5;2.4;-0.7;1.3;1.7;0.27;1.1;2.4;11.41;207;47;81;50;96863;-0.14;0;0.29;0.27
2016;1;27;27;9.5;6.9;4.3;4.8;3.6;2.3;2.7;2;0.19;1.1;2.4;5.58;156;33;64;37;96404;0.22;0;0.29;0.27
2016;1;28;28;8.7;5.7;1.1;6.7;3.5;0.7;2.6;0.7;0.13;1.1;2.4;1.87;88;16;59;28;96530;0.29;0.88;0.29;0.27
2016;1;29;29;5.8;3;1.1;2.4;-0.4;-3.3;2.5;1.6;0.12;1.1;2.4;1.19;278;59;101;52;96940;0.56;0.12;0.29;0.27
2016;1;30;30;7.6;4.5;1.9;4.2;0.8;-0.6;3.4;3;0.12;1.1;2.4;0.85;253;51;79;40;95915;0.7;8.75;0.29;0.27
2016;1;31;31;5.1;2;0.4;4.8;0.8;-1.2;3.3;1.3;0.12;1.1;2.4;0.94;157;37;69;28;95488;0.67;7.47;0.3;0.27
2016;2;1;32;9.1;8;6.9;8.8;7.2;4.5;5.5;0.8;0.11;1.1;2.4;0.49;40;8;10;2;96011;0.51;5.64;0.31;0.27
2016;2;2;33;9.4;8;6.4;5.7;5;4.1;4.9;2.1;0.11;1.1;2.4;0.09;98;22;30;14;95998;0.53;1.89;0.3;0.27
2016;2;3;34;5.1;2.2;-0.8;3.6;0.8;-2.1;3.3;0.5;0.11;1.1;2.4;0.07;130;33;80;43;95950;0.75;2.1;0.3;0.28
2016;2;4;35;2;0.5;-0.7;0.2;-0.7;-1.9;3.3;0.4;0.14;1.1;2.4;2.29;168;36;53;23;96371;0.47;6.09;0.3;0.28
2016;2;5;36;4.3;1.9;-0.7;3.4;0.3;-1.8;1.9;0.8;0.18;1.1;2.4;5.08;162;30;30;17;96786;0.28;0.74;0.3;0.28
2016;2;6;37;9.7;4.1;0.2;2.5;1.2;-0.6;-0.6;2.4;0.16;1.1;2.4;3.63;263;63;94;68;96057;0.38;0;0.3;0.28
2016;2;7;38;11;5.2;0.7;3.6;0.8;-1.4;0.2;1.9;0.14;1.1;2.4;2.35;329;72;97;63;95006;0.49;0.05;0.29;0.28
2016;2;8;39;8.4;5;1.8;4.5;1.5;-1.3;2.8;3.8;0.12;1.1;2.4;1.18;220;42;81;47;94779;1.2;6.36;0.29;0.28
2016;2;9;40;6.6;5.3;3.5;4.3;2.8;1.6;2.5;3.5;0.11;1.1;2.4;0.48;125;30;56;36;94086;1.52;7.86;0.3;0.28
2016;2;10;41;3.1;1.3;0.5;1.2;-0.7;-3.1;3.8;1;0.12;1.1;2.4;1.14;232;48;51;32;93912;0.7;4.69;0.3;0.28
2016;2;11;42;3.5;1;-0.5;0.4;-0.5;-1;3.1;0.8;0.18;1.1;2.4;5.08;237;58;81;40;94770;0.51;2.73;0.3;0.28
2016;2;12;43;4.4;0.7;-1.9;-0.8;-2.1;-3.5;-0.8;1;0.18;1.1;2.4;4.93;320;76;98;62;94475;0.58;0.7;0.3;0.28
2016;2;13;44;4.3;0.8;-2.8;1.2;-1.4;-4;-1.6;1.5;0.17;1.1;2.4;4.38;251;48;81;36;93637;0.35;2.44;0.29;0.28
2016;2;14;45;8.2;4.6;1.8;3.2;2.1;0.9;1.8;1.7;0.15;1.1;2.4;3.01;248;52;66;26;93394;0.67;5;0.3;0.28
2016;2;15;46;5.6;2.6;0;2.3;1;-1.2;0.8;-1;0.13;1.1;2.4;1.89;240;60;71;38;95262;0.71;1.38;0.3;0.28
2016;2;16;47;1.7;0.2;-1;-1.5;-3.4;-4.1;-2;-1.7;0.13;1.1;2.4;1.62;208;46;45;27;97251;0.49;0.05;0.3;0.29
2016;2;17;48;1.7;-0.1;-1.8;-0.4;-2.5;-4.6;-2.4;-0.2;0.14;1.1;2.4;2.5;164;34;47;28;96204;0.28;2.27;0.29;0.29
2016;2;18;49;6.4;1.9;-2.5;-0.7;-2.1;-3.7;0.1;0.8;0.15;1.1;2.4;3.07;365;95;110;64;95863;0.53;0;0.29;0.29
2016;2;19;50;2.4;0.7;-1.3;-0.5;-1.9;-2.9;1.8;-0.1;0.15;1.1;2.4;2.76;202;51;50;32;96117;0.25;0.56;0.29;0.29
2016;2;20;51;4.9;1.3;-1.6;4.3;-0.3;-3.9;2.8;2.8;0.17;1.1;2.4;4.76;147;27;75;24;96003;0.14;12.87;0.29;0.29
2016;2;21;52;8.7;7.6;5.4;7.8;6.9;4.7;5.7;1.7;0.15;1.1;2.4;2.99;33;8;22;3;95602;0.18;7.48;0.3;0.29
2016;2;22;53;9.8;7.5;5.7;5.9;4;2.6;5;1.8;0.12;1.1;2.4;0.54;223;49;55;23;95254;0.72;0.51;0.3;0.29
2016;2;23;54;7;2.3;-0.3;4.9;0.6;-1.1;1.9;-0.8;0.15;1.1;2.4;2.85;123;29;73;24;95312;0.71;8.81;0.3;0.29
2016;2;24;55;3.4;0.5;-2.2;-0.8;-3.1;-5.3;2;0;0.19;1.1;2.5;4.88;308;80;100;53;95848;0.78;1.06;0.3;0.29
2016;2;25;56;3.3;-0.4;-3.3;-2.4;-5.1;-6.8;0.8;-0.7;0.18;1.2;2.5;4.68;384;88;111;63;95407;0.47;0.16;0.3;0.29
2016;2;26;57;2.4;-1.1;-3.8;-3.7;-6.3;-7.6;0;0.1;0.17;1.2;2.5;4.25;345;81;96;63;95495;0.25;0.05;0.3;0.29
2016;2;27;58;5.1;0.5;-2;-2.8;-4.8;-7.5;-2.8;-0.5;0.17;1.2;2.5;3.81;417;109;115;84;95070;0.44;0;0.29;0.29
2016;2;28;59;3.3;0.6;-1.9;-0.6;-2.3;-3.9;-3.2;-2.4;0.16;1.2;2.5;3.46;200;54;75;51;95416;0.29;0.21;0.29;0.29
2016;2;29;60;2.5;0.9;-1.3;0.4;-1;-3.5;-2.6;-3.3;0.18;1.2;2.5;5.08;98;24;15;7;95577;0.6;8.04;0.29;0.29
2016;3;1;61;0.7;-1;-2.4;-2;-3.6;-4.5;1.9;-0.5;0.28;1.2;2.5;10.96;142;41;74;26;95908;0.49;2.73;0.29;0.29
2016;3;2;62;4.8;2;-0.2;3.5;1.3;-1.4;1.8;2;0.3;1.2;2.5;11.78;92;20;11;6;94732;-0.03;9.38;0.29;0.29
2016;3;3;63;3.8;0.8;-1.6;0;-3.2;-5.7;1.2;0.8;0.26;1.2;2.5;9.63;264;67;71;41;94552;0.74;0.29;0.29;0.29
2016;3;4;64;4.1;0.5;-3;-1.3;-3;-4.8;-0.9;2.1;0.24;1.2;2.5;8.74;324;71;88;36;94605;0.56;0.18;0.29;0.29
2016;3;5;65;7.9;2.7;-2.1;2;-1.1;-4.8;-0.1;0;0.22;1.3;2.5;6.97;382;81;93;40;93924;0.48;2.84;0.29;0.29
2016;3;6;66;5.1;1.9;-0.4;1.3;0.2;-1.9;2.3;0.9;0.2;1.3;2.5;5.63;363;90;80;42;94274;0.96;3.38;0.29;0.29
2016;3;7;67;4.3;0.7;-3.6;-1.7;-3.1;-4.8;0.9;0.6;0.19;1.3;2.5;5.25;311;88;91;48;94720;0.83;1.28;0.29;0.29
2016;3;8;68;4.7;-0.4;-4.6;-1;-3.3;-5.2;0.1;-1.1;0.19;1.3;2.5;4.68;359;89;99;58;95537;0.56;0.32;0.29;0.29
2016;3;9;69;6;0.5;-5.5;-1.1;-3.5;-6.1;-2.5;0.3;0.17;1.3;2.5;3.87;481;112;110;57;95421;0.45;0;0.29;0.29
2016;3;10;70;7.1;2.6;-0.7;1;-0.7;-1.8;-1.7;-1.5;0.16;1.3;2.5;3.02;376;103;87;52;95844;0.62;0.03;0.29;0.29
2016;3;11;71;6;3.2;1.1;1.1;-0.2;-1.8;-1.9;-1.9;0.15;1.3;2.5;2.06;359;93;63;37;96641;0.69;0.03;0.29;0.29
2016;3;12;72;5.8;2.4;0.1;-0.3;-0.9;-1.7;-2.3;-1.7;0.14;1.3;2.5;1.53;327;82;52;35;96951;0.61;0.1;0.29;0.29
2016;3;13;73;7.3;2.8;0.2;0.7;-0.6;-1.6;-3.1;-2.2;0.13;1.3;2.5;1.09;412;106;67;37;97196;0.74;0.02;0.28;0.29
2016;3;14;74;6.8;1.9;-1.7;-2;-3.3;-4.1;-2.6;-1.2;0.13;1.3;2.5;0.77;546;156;125;82;97169;1;0;0.28;0.29
2016;3;15;75;5.4;1.4;-1.2;-0.6;-1.9;-3.3;-1.4;-2.1;0.16;1.4;2.5;2.96;315;57;66;32;96540;0.51;4.09;0.28;0.29
2016;3;16;76;5.8;2.1;-0.4;-2;-2.7;-3.5;-4.2;-0.6;0.18;1.4;2.5;3.66;323;91;100;51;96841;0.87;0.36;0.28;0.29
2016;3;17;77;10;3.7;-1.1;0.9;-0.8;-2.8;-2.4;-0.4;0.16;1.4;2.5;2.6;538;158;123;92;96769;1.05;0;0.28;0.29
2016;3;18;78;10.8;4.4;-1.8;1.3;-0.2;-2.7;0.9;-1;0.14;1.4;2.5;1.45;550;162;122;84;96154;1.13;0;0.27;0.29
2016;3;19;79;5.5;3.3;0.9;1.6;0.4;-0.5;0.3;-1.1;0.13;1.4;2.5;0.87;181;55;38;23;96123;0.45;0.06;0.27;0.29
2016;3;20;80;5.6;2.6;-0.5;-0.5;-1.2;-1.9;2.1;-0.7;0.13;1.4;2.5;0.61;377;110;64;40;95951;0.79;0.08;0.27;0.29
2016;3;21;81;6.6;3.7;2;2.2;0.8;-0.5;2.7;-0.2;0.13;1.5;2.5;0.39;310;81;73;32;95831;1.11;1.97;0.27;0.29
2016;3;22;82;6.7;3.3;-0.6;0.9;-0.3;-1.9;2;-1.1;0.13;1.5;2.5;0.23;451;110;85;48;95450;1.32;1.32;0.27;0.29
2016;3;23;83;7;2.8;-1.1;1.2;-0.1;-2;0.6;-1.8;0.13;1.5;2.5;0.16;330;103;78;48;95144;0.87;0.53;0.27;0.29
2016;3;24;84;6.2;3.2;0.5;0.3;-1.3;-3.1;1.5;-0.6;0.13;1.5;2.5;0.17;364;87;65;38;95597;0.83;0.25;0.26;0.29
2016;3;25;85;5.3;3.3;1.9;3.4;1.7;-0.9;2.4;0.9;0.13;1.5;2.5;0.12;229;54;31;15;95673;1.16;8.51;0.26;0.29
2016;3;26;86;8.8;5.2;2.6;4.2;2.8;1.5;0.6;0.5;0.13;1.5;2.5;0.06;247;68;87;32;96128;0.74;0.43;0.27;0.29
2016;3;27;87;12.7;5.9;0.4;5.5;2.4;-1.3;0.7;1.2;0.13;1.5;2.5;0.01;511;143;94;70;95616;1.14;0;0.26;0.29
2016;3;28;88;13.1;7.1;0.1;5.2;3;-0.4;0.8;2.8;0.13;1.6;2.5;0;558;135;103;60;95144;1.44;2.23;0.26;0.29
2016;3;29;89;10.2;6.9;3.9;4.7;1.9;-0.8;3.9;1.6;0.13;1.6;2.5;0;526;158;104;68;95357;2.08;3.12;0.26;0.29
2016;3;30;90;9.7;6.4;2.9;7;4.4;0.7;1.2;1.7;0.13;1.6;2.5;0;222;59;69;34;95571;1.13;4.89;0.26;0.29
2016;3;31;91;17.1;9.9;2.9;10.2;7.5;2.8;-0.9;-0.1;0.13;1.6;2.5;0;514;147;99;43;95303;1.67;7.98;0.27;0.29
2016;4;1;92;7.1;4.8;2.9;6.2;1.1;-0.8;-2.9;-1.6;0.13;1.6;2.5;0;272;73;94;36;95987;1.26;2.08;0.27;0.29
2016;4;2;93;15.5;8.8;2.8;5.9;2.2;-1.8;-2.6;0.5;0.13;1.6;2.5;0;607;188;119;75;96177;1.93;0;0.27;0.29
2016;4;3;94;20.2;12.4;4.5;11;6.5;2.2;-1.2;0.1;0.13;1.7;2.5;0;601;188;120;83;95613;2.05;0;0.26;0.29
2016;4;4;95;19;12.8;6.5;10.3;8.4;5.3;0;-0.9;0.13;1.7;2.5;0;612;168;110;65;95193;1.88;0.45;0.26;0.29
2016;4;5;96;19.4;13.7;9.1;10.2;8.9;7.4;0.8;0;0.13;1.7;2.5;0;617;187;116;72;95073;2.2;1.21;0.26;0.29
2016;4;6;97;13.4;10.4;7.7;8.7;5.5;2.8;2.6;0.8;0.13;1.7;2.5;0;509;147;96;51;95519;1.97;1.16;0.26;0.29
2016;4;7;98;10.9;8.6;6.2;5.4;3.2;0.9;2.3;1;0.13;1.7;2.5;0;443;138;83;55;95425;1.74;1.15;0.25;0.29
2016;4;8;99;12;8.2;4.9;2.4;0.4;-2.1;0.3;-0.8;0.13;1.7;2.5;0;574;147;104;52;95371;1.67;0.01;0.25;0.29
2016;4;9;100;12.9;8.7;4.3;2.4;0.6;-1;-1.7;-0.9;0.14;1.7;2.5;0;544;153;95;62;95156;1.77;0;0.25;0.29
2016;4;10;101;13.3;8.6;4.9;3.7;2.3;1.1;-1.2;-0.5;0.14;1.8;2.5;0;461;148;100;64;95543;1.61;0.05;0.25;0.29
2016;4;11;102;12.8;7.7;2.8;5.4;3.7;1.6;-2.5;-0.2;0.14;1.8;2.5;0;507;148;82;60;95643;1.44;0.01;0.24;0.29
2016;4;12;103;13.3;9;3.5;7.4;5.9;3.4;0;-0.2;0.14;1.8;2.5;0;479;142;91;64;95476;1.39;0.5;0.24;0.29
2016;4;13;104;16.1;9.9;5;8.2;6.2;4.2;1;0;0.14;1.8;2.5;0;632;177;122;56;95137;2.17;4.19;0.24;0.29
2016;4;14;105;12.9;9.2;4.8;6.9;3.9;1.9;2.1;-0.9;0.14;1.8;2.5;0;563;186;112;68;95432;2.43;1.57;0.24;0.29
2016;4;15;106;12.2;7.9;3.5;7.7;4.8;1.7;0.8;2.1;0.14;1.8;2.5;0;389;86;76;42;95183;1.62;5.58;0.24;0.29
2016;4;16;107;13.3;9.3;5.9;8.8;6.8;5;1.6;2.2;0.14;1.9;2.5;0;364;102;95;46;94937;1.84;12.3;0.25;0.29
2016;4;17;108;10.3;7.9;5.1;7.2;5.3;2.6;1.7;-0.8;0.14;1.9;2.5;0;349;75;45;25;95271;1.43;9;0.26;0.28
2016;4;18;109;11.1;7.4;3.4;3.6;1.5;0;0.5;-1.1;0.14;1.9;2.5;0;428;129;83;52;96202;1.67;0.62;0.26;0.28
2016;4;19;110;10;6.8;1.6;1.8;0.5;-1.2;2.7;-0.7;0.14;1.9;2.5;0;437;127;86;58;96651;1.46;0.1;0.25;0.28
2016;4;20;111;12;7.1;1.6;1.8;0;-1.1;0.1;-1.4;0.14;1.9;2.5;0;703;239;143;100;97048;2.39;0;0.25;0.28
2016;4;21;112;16.5;9.7;1.6;6.1;1.5;-1;-1.1;-0.3;0.14;2;2.5;0;707;242;146;103;96594;2.7;0;0.25;0.28
2016;4;22;113;14.4;9.3;3.6;4;2.7;1.1;-0.7;-1.7;0.14;2;2.5;0;533;186;101;71;95898;2.11;0;0.25;0.28
2016;4;23;114;8.9;5.7;0.8;4;1.6;-0.7;-0.1;-1.9;0.14;2;2.5;0;268;81;80;41;95216;1.37;2.62;0.24;0.28
2016;4;24;115;6.5;2.5;-1.8;-0.5;-2.2;-4.4;2.6;-1;0.15;2;2.5;0.13;614;203;94;79;95341;2.16;1.54;0.24;0.28
2016;4;25;116;6.2;2.7;-0.7;0.6;-1.7;-5.7;2.9;0.8;0.15;2;2.5;0.38;671;212;105;68;95199;2.01;3.02;0.24;0.28
2016;4;26;117;5.9;3.1;1.2;2.2;-0.9;-4;2.8;1.9;0.18;2.1;2.5;2.56;502;139;82;42;94560;1.99;7.5;0.24;0.28
2016;4;27;118;6.8;2.9;0.3;0.6;-1.7;-5.1;3.9;1.6;0.18;2.1;2.5;2.46;633;191;101;60;95079;2.11;3.96;0.24;0.28
2016;4;28;119;7.8;3.8;-0.3;4.1;0.1;-2.3;1.7;0.9;0.17;2.1;2.5;1.84;589;196;116;73;95774;2.2;1.83;0.25;0.28
2016;4;29;120;11.7;5.9;-1.9;2.7;-0.7;-2.8;-0.6;1.4;0.16;2.1;2.5;0.94;626;202;112;80;96128;2.08;0.04;0.25;0.28
2016;4;30;121;16.1;9.8;1.1;3.1;1.1;-2.2;-1.9;0.1;0.15;2.1;2.5;0.41;698;231;129;91;95919;2.81;0.25;0.24;0.28
2016;5;1;122;14.6;11;7.3;4.3;3.1;1.7;-3.5;-2;0.15;2.2;2.5;0.09;534;161;80;68;96104;2.35;0.31;0.24;0.28
2016;5;2;123;16.6;11.3;5.5;4.4;3.4;2.1;-1.8;-1.7;0.15;2.2;2.5;0.01;708;242;125;94;96394;2.93;0;0.24;0.28
2016;5;3;124;15.7;9.8;5;7.3;5.2;3.7;1;-2;0.15;2.2;2.5;0;561;191;102;65;96162;2.74;3.72;0.23;0.28
2016;5;4;125;11.5;7.8;4.8;3.4;1.2;-2.1;0;-2.6;0.15;2.2;2.5;0;630;196;105;62;96880;2.52;0.11;0.23;0.28
2016;5;5;126;15.3;10.4;3.5;6.5;4.5;2.1;-2.6;0;0.15;2.2;2.5;0;565;190;98;71;96761;2.24;0;0.23;0.28
2016;5;6;127;20.2;14.6;8.4;7.8;6.5;5.4;-3.2;0.7;0.15;2.2;2.5;0;719;256;130;101;96116;3.35;0;0.23;0.28
2016;5;7;128;20.3;15.4;9.6;6;4.4;3.4;-3.7;0.2;0.15;2.3;2.5;0;730;261;138;106;95785;3.69;0;0.22;0.28
2016;5;8;129;19.7;14.8;9.3;6.9;5.4;3.4;-4.2;-0.1;0.15;2.3;2.5;0;724;256;127;104;95851;3.34;0;0.22;0.28
2016;5;9;130;21;15.7;9.7;8;6.8;6.1;-3.9;0.1;0.15;2.3;2.5;0;726;259;129;102;95890;3.38;0;0.22;0.28
2016;5;10;131;21.4;16.1;10.7;10.7;8.3;7;-3.1;0.5;0.15;2.3;2.5;0;678;232;118;87;95557;3.04;0.18;0.21;0.28
2016;5;11;132;20.2;15.2;9.8;9.2;7.7;6.5;-4.2;0.1;0.15;2.3;2.5;0;708;255;125;94;95058;3.04;0;0.21;0.28
2016;5;12;133;16.9;13.8;10.8;11.8;10;7.7;-4.4;-0.7;0.15;2.4;2.5;0;411;148;82;49;94321;2.6;6.77;0.21;0.28
2016;5;13;134;19.2;14.7;11.4;11.5;10;7.9;-0.7;-3;0.15;2.4;2.5;0;648;197;96;56;94280;3.16;2.54;0.21;0.28
2016;5;14;135;14.6;11.2;6.7;7.3;3.9;-0.7;1.9;-2.4;0.15;2.4;2.5;0;644;231;105;82;95024;2.96;1.59;0.21;0.28
2016;5;15;136;9.6;6.6;3.8;1.3;-0.1;-1.5;3.9;-1.1;0.15;2.4;2.5;0;631;224;100;79;95908;2.78;2.11;0.21;0.28
2016;5;16;137;10.1;6.6;3.4;4.3;2.2;0.5;2.5;-0.1;0.16;2.4;2.5;0;586;195;95;69;96076;2.59;3.16;0.21;0.28
2016;5;17;138;12.1;7.7;2.6;2.8;1.6;0.3;2.7;0;0.16;2.4;2.5;0;454;173;96;66;96055;2.18;0.9;0.21;0.27
2016;5;18;139;15.6;10.5;3.7;5.4;2.7;1.5;0.2;1.1;0.16;2.5;2.5;0;543;163;96;62;95659;2.13;0.02;0.21;0.27
2016;5;19;140;14.6;11.1;6.9;10.4;7.7;2.2;0.1;-0.1;0.16;2.5;2.5;0;389;121;64;41;95481;2.19;7.63;0.21;0.27
2016;5;20;141;16.6;12.6;7.8;8.6;7;5.1;2.2;0.1;0.16;2.5;2.5;0;607;191;94;66;96265;2.71;0.09;0.21;0.27
2016;5;21;142;19.8;15;8.4;11.1;8.7;6.9;-0.1;1.2;0.16;2.5;2.5;0;607;169;94;59;96226;2.36;0.1;0.2;0.27
2016;5;22;143;26.6;18.9;10;14.3;10;7.4;-1;1;0.16;2.5;2.5;0;729;269;133;90;95501;4.04;1.19;0.2;0.27
2016;5;23;144;15.6;13.5;10.9;10.5;9.8;9.3;2.9;-1.1;0.16;2.5;2.5;0;370;111;60;33;95333;1.86;2.71;0.2;0.27
2016;5;24;145;11.4;10.5;9.6;10.3;9.8;9.3;2.3;-1.8;0.16;2.5;2.5;0;111;37;34;7;95464;1.12;5.83;0.2;0.27
2016;5;25;146;16;12.7;9.4;10.3;9.5;8.5;1.1;-0.8;0.16;2.6;2.5;0;331;110;35;20;95822;1.76;0.48;0.2;0.27
2016;5;26;147;20.2;15.4;9.8;11.3;9.5;8.7;0.8;-0.6;0.16;2.6;2.5;0;699;248;123;78;95979;3.28;0.13;0.2;0.27
2016;5;27;148;21.8;16.2;9.6;14.3;11.8;8.7;-1.1;-0.7;0.16;2.6;2.5;0;545;173;87;64;95897;2.44;2.36;0.2;0.27
2016;5;28;149;23.4;17.3;10.3;14.9;13.1;10.1;-0.9;-0.5;0.16;2.6;2.5;0;673;210;101;63;95659;3.02;1.79;0.2;0.27
2016;5;29;150;23.4;18.6;13.7;15.5;14.7;13.6;-1.7;-0.3;0.16;2.6;2.5;0;599;191;90;50;94968;3.18;14.41;0.2;0.27
2016;5;30;151;19;15.8;12.5;15.5;13;11.5;0.5;2.1;0.16;2.6;2.5;0;556;140;81;41;94958;2.68;3.41;0.21;0.27
2016;5;31;152;19.8;15.7;9.8;12.5;10.8;9.4;1.5;-0.2;0.16;2.6;2.5;0;613;193;91;61;95493;2.99;0.47;0.21;0.27
2016;6;1;153;18.5;15.4;12.7;12.8;12.1;11.1;2;-0.6;0.16;2.6;2.5;0;435;152;68;46;95523;2.58;2.22;0.21;0.27
2016;6;2;154;18.4;14.8;11.9;13.5;12.7;11.5;0.4;-0.1;0.16;2.7;2.5;0;447;132;69;38;95453;2.6;10.58;0.21;0.27
2016;6;3;155;18.2;14.4;10.1;14.4;12.4;10.1;-0.2;-0.5;0.16;2.7;2.5;0;356;116;77;38;95429;1.95;7.38;0.22;0.27
2016;6;4;156;21;16.3;10.1;15;13.1;9.9;-0.6;-0.3;0.16;2.7;2.5;0;581;204;84;60;95622;3.14;4.97;0.22;0.27
2016;6;5;157;22.5;17.1;11.6;15.2;13.4;11.4;-0.9;-1;0.16;2.7;2.5;0;666;205;99;62;95986;3.36;4.46;0.22;0.27
2016;6;6;158;24.1;18.2;11.9;15.2;13.6;11.4;-1.2;-1;0.16;2.7;2.5;0;687;241;108;77;96359;3.93;2.05;0.22;0.27
2016;6;7;159;23.2;18.4;12.7;12.2;10.6;9;-1.9;-0.1;0.16;2.7;2.5;0;724;267;123;93;96529;4.42;0.01;0.22;0.27
2016;6;8;160;22.6;17.2;11.4;14.7;12.3;9.1;0.2;-0.5;0.16;2.7;2.5;0;599;206;102;67;96154;3.34;4.48;0.22;0.27
2016;6;9;161;18.6;15.2;12;13;10.2;8.5;-0.1;-2.2;0.16;2.8;2.5;0;420;158;76;52;95922;3.02;1.44;0.22;0.27
2016;6;10;162;19.4;15.1;10.1;10.5;9.1;7.2;1.1;-1;0.16;2.8;2.6;0;521;196;94;68;95650;3.1;0.02;0.22;0.27
2016;6;11;163;18.8;15.1;10.3;12.2;9.9;8.2;-1;-0.2;0.16;2.8;2.6;0;480;146;71;46;95477;2.4;3.04;0.21;0.27
2016;6;12;164;17.8;14.5;12.2;13.5;12.6;11.6;1.1;0.8;0.16;2.8;2.6;0;369;115;52;32;95269;2.46;11.89;0.22;0.26
2016;6;13;165;17.1;14.4;12.4;14.3;12.6;11.2;2.2;0.7;0.16;2.8;2.6;0;384;128;75;34;94788;2.67;9.45;0.23;0.26
2016;6;14;166;18.9;14.9;11.9;13.7;12;10.7;1.6;0.9;0.16;2.8;2.6;0;636;193;89;46;94586;3.2;6.09;0.23;0.26
2016;6;15;167;17.8;14.3;11.2;11.5;10.2;8.2;2;1.2;0.16;2.8;2.6;0;492;183;89;57;94666;3.2;2.67;0.23;0.26
2016;6;16;168;17.9;14.3;10;13.9;11.7;9;0;-0.8;0.16;2.8;2.6;0;372;128;66;41;94761;2.45;9.84;0.23;0.26
2016;6;17;169;16.6;13.3;11.5;13;11.2;9.5;2.7;1.1;0.16;2.8;2.6;0;438;125;79;39;95191;2.65;13.78;0.25;0.26
2016;6;18;170;19.2;14.7;9.2;12.5;10.9;8.2;1.6;1;0.16;2.8;2.6;0;619;234;100;77;96057;3.45;1.74;0.25;0.26
2016;6;19;171;17.9;14;9.6;11.6;9.8;8.5;1.1;-1.2;0.16;2.8;2.6;0;559;180;89;58;96477;2.88;0.74;0.25;0.26
2016;6;20;172;19.7;15.5;9.9;11.4;9.4;7.6;0.9;-0.1;0.16;2.8;2.6;0;652;220;105;71;96476;3.54;0.57;0.24;0.26
2016;6;21;173;19.3;15.5;12.7;13.9;12.5;10.4;1.2;1.5;0.16;2.8;2.6;0;427;104;69;30;96558;2.08;2.22;0.24;0.26
2016;6;22;174;24.1;19.3;14.2;16.4;14.5;13;-0.2;0.4;0.16;2.8;2.6;0;560;189;86;51;96809;3.2;0.39;0.24;0.26
2016;6;23;175;28.4;22.5;14.4;18.4;15.6;13.1;-2.2;0.8;0.16;2.8;2.5;0;740;279;119;86;96614;4.78;0;0.24;0.26
2016;6;24;176;29.9;23.9;15.6;19.1;15.9;13.9;-1.3;-0.1;0.16;2.8;2.5;0;747;283;131;96;96120;4.79;0;0.23;0.26
2016;6;25;177;26.3;21.5;16.9;19.3;17.3;15.1;1.2;-0.3;0.16;2.8;2.5;0;667;229;87;60;95642;4.17;3.78;0.23;0.26
2016;6;26;178;18.5;16.1;13.6;14.4;10.4;8.5;2.1;-0.5;0.15;2.7;2.5;0;450;143;66;49;96188;2.68;0.41;0.23;0.26
2016;6;27;179;19.4;15.9;12.3;10.9;9.4;6.8;2.5;-0.2;0.15;2.7;2.5;0;627;217;107;62;96337;3.5;0.31;0.22;0.26
2016;6;28;180;20.7;16.7;13.2;14.3;12.8;11;1.2;0.6;0.15;2.7;2.5;0;579;169;84;49;96185;2.66;1.47;0.22;0.26
2016;6;29;181;22.1;18.7;14.6;14.3;12.8;11.7;1.9;0.9;0.15;2.7;2.5;0;556;209;86;59;95862;3.62;0.99;0.22;0.26
2016;6;30;182;22;17.5;13.7;15.5;14.4;11.9;0.7;0.8;0.15;2.7;2.5;0;631;160;84;50;95926;2.84;8.35;0.22;0.26
2016;7;1;183;23.2;19;12.8;15.3;13.6;12.2;1.2;1.4;0.15;2.7;2.5;0;541;213;88;69;96094;3.57;0.46;0.22;0.26
2016;7;2;184;20;16.4;12.1;16.3;13.4;9.4;1.8;0.3;0.15;2.7;2.5;0;358;110;77;40;95985;2.55;6.12;0.22;0.26
2016;7;3;185;17.8;13.9;9;11;9.3;8;2.1;0.4;0.15;2.7;2.5;0;592;209;99;71;96466;3.11;0.95;0.22;0.26
2016;7;4;186;20.1;15.6;9;12.9;9.8;8.3;0.6;0.4;0.15;2.7;2.5;0;670;202;102;66;96508;3.08;0.16;0.22;0.26
2016;7;5;187;22.6;18.2;13.6;13.3;11.4;10.3;2.6;0.7;0.15;2.7;2.5;0;676;223;99;64;96005;3.68;0.39;0.22;0.26
2016;7;6;188;17.3;14.8;12;11.2;7.5;5.6;3.6;-1.2;0.15;2.7;2.5;0;537;182;88;65;96262;2.98;0.24;0.21;0.26
2016;7;7;189;20.7;15.8;9.9;11;8.2;6.7;1;-0.7;0.15;2.7;2.5;0;677;253;124;87;96487;3.56;0;0.21;0.26
2016;7;8;190;25.3;19;10.3;11.8;10.2;7.8;1.1;0.8;0.15;2.6;2.5;0;740;243;126;79;96163;3.79;0.05;0.21;0.26
2016;7;9;191;21.7;18.7;15.3;13.3;12.3;11.6;2.7;-0.8;0.15;2.6;2.5;0;548;196;83;62;96298;3.12;0.54;0.2;0.26
2016;7;10;192;27.6;21.5;13.3;16.3;13.8;11.5;0;1.6;0.15;2.6;2.5;0;699;264;111;81;95968;3.97;0;0.2;0.26
2016;7;11;193;29.1;22.7;17.9;18.8;16.3;14.8;1.9;1.3;0.15;2.6;2.5;0;698;232;97;66;95647;3.74;5.38;0.2;0.26
2016;7;12;194;20.4;17.9;15.2;16;14;12.6;1.7;0.3;0.15;2.6;2.5;0;449;123;58;43;95756;2.41;6.19;0.2;0.26
2016;7;13;195;20.5;15.7;12.6;14.4;12.9;11.5;1.6;0.2;0.15;2.6;2.5;0;708;159;98;42;95686;3.09;15.22;0.21;0.26
2016;7;14;196;15.7;12.8;11.3;11.2;8.5;4.5;2.5;-1.7;0.15;2.6;2.5;0;352;102;102;41;95931;2.75;12.12;0.23;0.26
2016;7;15;197;15.7;12.9;10.3;8.4;7.2;5.2;2.7;-1.2;0.15;2.6;2.5;0;387;136;82;49;96667;2.59;1.36;0.23;0.26
2016;7;16;198;19.2;15.4;9.5;11.8;9;6.7;1.6;-1;0.15;2.6;2.5;0;534;169;96;50;96799;2.73;0.09;0.22;0.26
2016;7;17;199;21.8;17.9;15.1;15;14;12;1.8;-0.9;0.15;2.6;2.5;0;430;127;65;34;96522;2.46;2.61;0.22;0.26
2016;7;18;200;24;19;13;15;12.5;10.9;1.2;-1.2;0.15;2.6;2.5;0;737;249;117;76;96535;4;0;0.22;0.26
2016;7;19;201;25.9;20.9;15.7;14.7;13.1;12.1;-0.3;-0.9;0.15;2.5;2.5;0;709;262;118;84;96553;4.2;0;0.22;0.26
2016;7;20;202;26.5;21.5;14.6;15.8;14.3;12.9;-1.1;0.6;0.15;2.5;2.5;0;648;228;102;78;96230;3.79;0.17;0.21;0.25
2016;7;21;203;21.3;18.7;15.6;18.2;16.1;13.7;0.5;0.1;0.15;2.5;2.5;0;432;95;62;41;96014;2;12.11;0.22;0.25
2016;7;22;204;24.4;20.1;14.8;17.6;16.2;14.7;-1;-0.5;0.15;2.5;2.5;0;537;193;85;50;96053;3.36;1.21;0.22;0.25
2016;7;23;205;24.3;20.2;17;19.3;17.6;15.3;-0.8;-0.3;0.15;2.5;2.5;0;507;162;60;42;96103;3.26;18.55;0.22;0.25
2016;7;24;206;25.2;20.5;15.8;18.1;17.1;15.7;0.4;-0.4;0.15;2.5;2.5;0;634;212;90;54;96246;3.66;2.98;0.23;0.25
2016;7;25;207;26.1;21;15.9;18.8;16.9;15.8;0.7;-0.7;0.15;2.5;2.5;0;666;201;99;53;96242;3.59;1.6;0.23;0.25
2016;7;26;208;24.5;20.2;16.2;18.5;17.3;15.3;-0.5;-1.1;0.15;2.5;2.5;0;556;192;84;57;96314;3.53;6.97;0.23;0.25
2016;7;27;209;23.7;19.3;15.3;18.2;16.5;14;0.6;0.2;0.15;2.5;2.5;0;571;178;73;56;96113;3.22;7.55;0.23;0.25
2016;7;28;210;23.2;19.3;14.4;14.7;13.4;12.3;1.4;0.5;0.15;2.5;2.5;0;613;208;96;67;96083;3.56;1.51;0.24;0.25
2016;7;29;211;22.3;18.8;15.7;15.3;14.8;14.1;2.2;0.9;0.15;2.5;2.5;0;544;178;83;50;95920;3.33;2.82;0.24;0.25
2016;7;30;212;23.6;20.3;15;16.6;14.5;13.3;1.8;0.9;0.15;2.4;2.5;0;512;191;83;59;95841;3.36;0.8;0.23;0.25
2016;7;31;213;21.2;18.3;15.2;17.5;15.6;12.6;1.5;0.2;0.15;2.4;2.5;0;298;107;54;37;95727;2.45;11.19;0.24;0.25
2016;8;1;214;19.9;16.3;12.4;12.3;9.7;6.9;1.8;-0.5;0.15;2.4;2.5;0;647;209;102;76;96259;3.51;0.36;0.24;0.25
2016;8;2;215;17.8;14.7;11.3;14.4;12.1;7.9;1.3;1.5;0.15;2.4;2.5;0;382;72;60;28;96185;1.74;5.9;0.24;0.25
2016;8;3;216;21.9;17.9;14.7;16;14.6;13.8;1.8;1.2;0.15;2.4;2.5;0;267;82;51;23;95965;1.81;0.39;0.24;0.25
2016;8;4;217;25.9;20.4;13.9;16.4;13.9;11.9;1;0.4;0.15;2.4;2.5;0;621;208;98;68;95736;3.61;4.21;0.24;0.25
2016;8;5;218;19.1;16.3;13.9;14.4;12.2;10.6;1.6;-1.6;0.15;2.4;2.5;0;384;120;63;37;96069;2.84;9.19;0.25;0.25
2016;8;6;219;19.4;16.3;12.4;14;11.9;10.4;2;-0.5;0.15;2.4;2.5;0;549;174;87;65;96852;2.51;0.44;0.25;0.25
2016;8;7;220;22.9;17.6;11;13.7;11.3;9.4;1.7;0.4;0.15;2.4;2.5;0;613;233;116;81;97040;3.59;0;0.24;0.25
2016;8;8;221;24.8;19.2;12.9;14.5;13.2;11;1.8;1.1;0.15;2.4;2.5;0;673;212;99;70;96432;3.41;0.13;0.24;0.25
2016;8;9;222;17.1;14.8;12.5;13.1;10.5;8.1;0.9;-1.2;0.15;2.3;2.5;0;401;108;76;46;96296;2.11;4.5;0.24;0.25
2016;8;10;223;16.1;12.5;8.6;10.1;8.3;6.6;1.2;-1.3;0.15;2.3;2.5;0;587;196;93;70;96267;2.92;4.15;0.24;0.25
2016;8;11;224;15.5;11.8;7.1;7.3;5;2.7;1.9;0.2;0.15;2.3;2.5;0;534;177;104;70;96638;2.62;0.39;0.24;0.25
2016;8;12;225;14.2;12.2;10.2;14;11.1;6.2;2.2;1.1;0.15;2.3;2.5;0;103;21;20;7;96783;0.85;3.13;0.24;0.25
2016;8;13;226;23.2;18;12.6;14.8;13.4;12.4;2;0.9;0.15;2.3;2.5;0;489;173;103;57;96747;2.79;0.26;0.24;0.25
2016;8;14;227;23.8;19;14.3;15.5;13.2;12.1;0.9;-0.6;0.15;2.3;2.5;0;656;212;109;72;96604;3.25;0.11;0.24;0.25
2016;8;15;228;23;18.1;12.9;13;11.9;10.7;-1;-1.1;0.14;2.3;2.5;0;584;200;107;78;96545;3.09;0.02;0.23;0.25
2016;8;16;229;21.9;17;12.9;11.3;10;8.6;-1.5;-1.2;0.14;2.3;2.5;0;643;201;104;81;96136;3.1;0;0.23;0.25
2016;8;17;230;20.4;15.7;10.2;9.7;8.1;7.1;-0.9;-1.1;0.14;2.3;2.5;0;667;231;132;97;95810;3.18;0;0.23;0.25
2016;8;18;231;22.5;16.7;9.2;11;8.6;6.1;0;-0.4;0.14;2.3;2.5;0;673;230;135;89;95476;3.22;0;0.22;0.25
2016;8;19;232;22.7;18.7;13.8;14.2;11.8;8.9;0.1;1.1;0.14;2.3;2.5;0;596;182;109;65;95639;2.64;0.33;0.22;0.25
2016;8;20;233;25.2;19.5;15.8;15.5;13.9;11.6;1;0.6;0.14;2.3;2.5;0;582;163;98;50;95886;2.75;4.04;0.22;0.25
2016;8;21;234;19.4;15.6;12.8;14.7;11.7;8.9;2.4;0.4;0.14;2.3;2.5;0;493;134;97;49;96358;2.47;1.9;0.22;0.25
2016;8;22;235;19.6;15.6;12;11.8;10.4;9;2.4;-0.1;0.14;2.2;2.5;0;441;137;69;52;97031;2.17;0.53;0.22;0.25
2016;8;23;236;24.1;18.6;13;15.3;13.2;11.7;0.2;-0.2;0.14;2.2;2.5;0;630;210;115;68;97120;2.86;0;0.22;0.25
2016;8;24;237;26.3;20.3;13.4;15.9;14;12.6;-2;0.3;0.14;2.2;2.5;0;644;216;116;81;96886;3.1;0;0.21;0.25
2016;8;25;238;27.6;21.2;15;13.7;11.8;10.8;-2.6;0.5;0.14;2.2;2.5;0;659;226;133;98;96506;3.3;0;0.21;0.25
2016;8;26;239;28.7;21.4;13.4;15.1;13.1;11;-1.4;0.9;0.14;2.2;2.5;0;658;220;136;98;96333;3.06;0;0.21;0.25
2016;8;27;240;29.9;22.4;14.2;16.2;14;12.4;-1.5;0.4;0.14;2.2;2.5;0;647;214;134;91;96345;3.03;0;0.21;0.25
2016;8;28;241;30.1;22.8;15.1;16.7;14.7;12.8;0.6;1.2;0.14;2.2;2.5;0;608;203;104;72;96058;3.06;1.2;0.2;0.25
2016;8;29;242;23.3;19.6;16.4;17;13.7;11.5;1.8;-0.9;0.14;2.2;2.5;0;473;141;95;57;96241;2.45;1.92;0.2;0.25
2016;8;30;243;21.9;17.5;13.9;12;9.9;6.5;-1.6;-1.3;0.14;2.2;2.5;0;549;192;128;84;96779;2.54;0;0.2;0.25
2016;8;31;244;24.3;18;12.2;11.2;8.7;6;-1.9;0.4;0.14;2.2;2.5;0;636;208;133;96;96580;2.69;0;0.2;0.25
2016;9;1;245;23.5;18.8;13.7;14.7;12.2;10;0.5;-0.1;0.14;2.2;2.5;0;481;145;88;61;96533;2;0.4;0.2;0.25
2016;9;2;246;24.8;20.1;15.8;13.6;11.6;9.9;0.8;-0.2;0.14;2.2;2.5;0;579;172;111;73;96448;2.23;0;0.19;0.25
2016;9;3;247;24.3;19.7;15.1;14.4;12;10.4;1.3;0.5;0.14;2.2;2.5;0;542;158;97;63;96265;2.04;0.21;0.19;0.25
2016;9;4;248;22.4;17.5;14.1;15.9;13.5;11.2;2.6;1.5;0.14;2.2;2.5;0;374;106;74;49;95850;2.04;9.61;0.19;0.25
2016;9;5;249;17.8;15.1;12.6;12.4;11.6;10.6;3.2;-1.2;0.14;2.2;2.5;0;352;103;65;33;96173;2.28;4.06;0.2;0.25
2016;9;6;250;20.4;16.6;13.7;13.3;10.9;9;-1;-1.7;0.14;2.2;2.5;0;506;163;118;65;96922;2.27;0.06;0.2;0.25
2016;9;7;251;24.7;18.4;12.6;14.3;12.6;9.3;-2.9;0.4;0.14;2.2;2.5;0;593;192;109;80;96548;2.36;0;0.2;0.25
2016;9;8;252;25.5;20.2;14;16.3;14.4;12.5;-0.6;1;0.14;2.2;2.5;0;591;187;112;83;95916;2.33;0;0.2;0.25
2016;9;9;253;24.7;20.6;17.5;15.7;14.3;13.2;-0.5;-0.8;0.14;2.2;2.5;0;493;148;87;60;96119;2.02;0.01;0.19;0.25
2016;9;10;254;25.4;20.4;14.3;16.7;15;13.5;-1.2;-0.2;0.14;2.2;2.5;0;508;151;92;67;96122;1.95;0.19;0.19;0.25
2016;9;11;255;25.7;20.8;15.8;16.3;14.6;13.6;-0.5;-0.5;0.14;2.2;2.5;0;489;147;95;67;96235;1.96;0.04;0.19;0.24
2016;9;12;256;28.3;21.6;14.6;15.9;13.7;12.2;-1.8;0.2;0.14;2.1;2.5;0;572;176;119;77;96300;2.36;0;0.19;0.24
2016;9;13;257;27.9;21.8;15.5;15.6;13.2;11.9;-2;0.1;0.14;2.1;2.5;0;565;172;119;80;96114;2.33;0;0.19;0.24
2016;9;14;258;26.9;21.5;16.1;14.3;12.7;11.6;-2.8;-0.1;0.14;2.1;2.5;0;563;167;114;82;95916;2.2;0;0.18;0.24
2016;9;15;259;26.3;20.9;16.2;13.8;12.2;11.4;-2.9;0.3;0.14;2.1;2.5;0;569;174;122;90;95682;2.2;0;0.18;0.24
2016;9;16;260;21.4;17.3;14.3;15.8;14.5;13.4;1.4;-0.8;0.14;2.1;2.5;0;389;97;68;41;95716;1.7;9.08;0.18;0.24
2016;9;17;261;14.7;14.2;13.5;14.1;13.9;13.5;1.8;-1.7;0.14;2.1;2.5;0;36;12;15;7;95499;0.73;41.24;0.21;0.24
2016;9;18;262;14.9;13.9;11.5;14.3;13;10.7;-1;-2;0.14;2.1;2.5;0;190;43;25;11;95550;1.12;5.3;0.23;0.24
2016;9;19;263;13.3;11.8;10.3;10.6;10;8.8;-0.4;-2.3;0.14;2.1;2.5;0;98;26;54;16;95940;0.94;1.83;0.23;0.24
2016;9;20;264;15.2;11.7;7.7;9;7.2;5.8;-0.6;-1.5;0.14;2.1;2.5;0;395;106;82;53;96175;1.45;0.09;0.23;0.24
2016;9;21;265;15;11.2;7;8.3;6.6;5;-1.2;-0.6;0.13;2;2.5;0;384;108;90;62;96321;1.34;0;0.23;0.24
2016;9;22;266;17;11.8;6.5;9.7;7.9;6.2;-0.7;0;0.13;2;2.5;0;465;116;87;56;96570;1.41;0.1;0.23;0.24
2016;9;23;267;18.3;13.8;9.7;10.1;8.7;7.6;0.8;0.5;0.13;2;2.5;0;472;121;104;57;96801;1.54;0.05;0.23;0.24
2016;9;24;268;19;13.9;9.6;10.8;8.6;7.4;-0.5;0.5;0.13;2;2.5;0;527;142;121;74;96902;1.71;0;0.23;0.24
2016;9;25;269;19.8;14;7.8;12.2;8.9;6.4;-1;0.5;0.13;2;2.5;0;523;154;120;80;96496;1.76;0;0.22;0.24
2016;9;26;270;19.7;14.2;8.7;12.5;10.6;7.5;-0.7;-0.8;0.13;2;2.5;0;471;127;98;66;96524;1.44;0.4;0.22;0.24
2016;9;27;271;19.7;14.8;9.7;12.7;10.8;9.5;-0.5;-0.6;0.13;1.9;2.5;0;483;128;109;64;96903;1.52;0.11;0.22;0.24
2016;9;28;272;19.4;14.4;8.5;12.7;10.3;8.1;2.3;1.1;0.13;1.9;2.5;0;425;112;98;55;97021;1.42;0.12;0.22;0.24
2016;9;29;273;21.4;16.5;12.2;11.5;10.7;9.5;2.2;2;0.13;1.9;2.5;0;495;141;105;76;96444;1.82;0;0.22;0.24
2016;9;30;274;21.3;16.4;13.2;11.8;10.5;9.4;1.7;1;0.13;1.9;2.5;0;449;125;95;63;95951;1.76;0.13;0.22;0.24
2016;10;1;275;19.5;14.8;10.7;12.7;11.4;9.9;0.6;1.5;0.13;1.9;2.5;0;318;92;78;47;95618;1.41;1.32;0.22;0.24
2016;10;2;276;14.9;11.7;8.8;10.8;9.2;5.7;1.2;1.7;0.13;1.9;2.5;0;309;65;72;52;95862;1.23;2.43;0.22;0.24
2016;10;3;277;11.7;9.7;8.2;9.9;7.8;5.9;2.5;-0.1;0.13;1.8;2.5;0;269;65;66;30;96549;1.5;5.95;0.22;0.24
2016;10;4;278;10.7;9.2;7.3;8.9;6.1;2.6;-0.4;-2.7;0.13;1.8;2.5;0;117;29;81;28;97157;1;3.07;0.22;0.24
2016;10;5;279;9.4;6.9;4.9;5;2.4;0.8;-0.5;-3;0.13;1.8;2.5;0;346;86;82;47;97031;1.22;1.92;0.22;0.24
2016;10;6;280;8.4;7;5.7;7;6.1;5.2;0.7;-2.4;0.13;1.8;2.5;0;73;18;12;7;96124;0.94;4.47;0.22;0.24
2016;10;7;281;9.5;7.8;6.3;6.8;5.4;4.4;-0.7;-1.5;0.13;1.8;2.5;0;181;42;50;25;96126;0.86;0.6;0.23;0.24
2016;10;8;282;9.4;6.7;4.9;5.5;4.2;2.4;0.1;-1.7;0.13;1.8;2.5;0;259;65;72;40;96330;0.87;1.67;0.23;0.24
2016;10;9;283;9.5;6.4;2.6;5;3.5;1.8;-0.1;-1.4;0.13;1.7;2.5;0;301;77;89;45;96594;1.09;0.62;0.23;0.24
2016;10;10;284;9.2;4.8;0.8;3.1;1.6;0.2;-1;-0.9;0.13;1.7;2.5;0;345;80;96;58;96542;0.75;0.03;0.23;0.24
2016;10;11;285;8.3;4.6;1.5;4.7;2.7;1.2;-0.7;-1.5;0.13;1.7;2.5;0;311;76;64;46;96138;0.91;1.43;0.23;0.24
2016;10;12;286;8.3;5.4;2.2;3.9;2.9;1.9;-1.1;-1.2;0.13;1.7;2.5;0;220;52;68;36;96119;0.74;0.67;0.23;0.24
2016;10;13;287;9.2;6.5;3.9;4.2;3.1;2.6;-3.5;-0.1;0.13;1.7;2.5;0;223;58;61;37;95992;0.77;0.42;0.23;0.24
2016;10;14;288;13.4;8.8;5.3;6.9;5.4;3.2;-3.8;0.3;0.13;1.7;2.5;0;425;100;92;62;95409;0.89;0.06;0.22;0.24
2016;10;15;289;15.8;11.1;6.7;9.5;8.3;6.2;0.7;0.3;0.13;1.7;2.5;0;372;85;82;52;95783;0.77;0.06;0.22;0.24
2016;10;16;290;16.5;10.9;5.6;10;7.9;5.6;-1.2;0.2;0.13;1.6;2.5;0;418;101;112;68;96598;0.86;0;0.22;0.24
2016;10;17;291;13.3;9.8;5.6;9.7;8.3;5.3;-0.9;1;0.13;1.6;2.5;0;250;56;58;29;96672;0.43;0.12;0.22;0.24
2016;10;18;292;12.5;10.2;8.3;10.7;9.5;7.8;1.1;0.8;0.13;1.6;2.5;0;227;44;49;27;96462;0.56;3.31;0.22;0.24
2016;10;19;293;9.6;8.1;6.7;7.3;5.5;3.4;2.5;1.8;0.12;1.6;2.5;0;265;66;66;39;95978;1.3;5.74;0.23;0.24
2016;10;20;294;7.7;6.2;5.1;6.3;5.2;4;1.1;1.8;0.12;1.6;2.5;0;201;38;43;14;95653;1.13;14.39;0.23;0.24
2016;10;21;295;7.1;4.8;1.6;4.8;2.7;1.2;1.4;0;0.12;1.6;2.5;0;231;60;79;41;95667;0.97;2.08;0.24;0.24
2016;10;22;296;6.6;3.9;1.8;4;3;1.4;0.8;1.5;0.12;1.6;2.5;0;137;35;61;30;95738;0.73;4.72;0.25;0.24
2016;10;23;297;10.1;5.6;1.2;4.7;3.4;1.2;-1.8;0.6;0.12;1.6;2.5;0;318;69;75;42;95773;0.71;0.02;0.25;0.24
2016;10;24;298;14.4;10.2;6.1;9.4;7.7;4.2;-0.8;1.8;0.12;1.6;2.5;0;248;59;49;27;95857;0.99;3.62;0.25;0.24
2016;10;25;299;12.5;10.8;9.1;12.2;10.1;8.4;1.1;0;0.12;1.6;2.5;0;132;29;38;13;96414;0.38;6.37;0.25;0.24
2016;10;26;300;11.4;9.5;7;9.5;7.2;5.5;0.4;-0.7;0.12;1.6;2.5;0;209;43;51;25;97020;0.65;0.47;0.25;0.24
2016;10;27;301;9.8;7.9;5.6;6.1;5.5;4.8;1.5;-0.2;0.12;1.6;2.5;0;215;50;69;30;97499;0.44;0.04;0.25;0.24
2016;10;28;302;10.5;8.6;6.4;7.7;6.2;4.5;2.3;0.5;0.12;1.6;2.5;0;218;44;49;23;97547;0.46;0.18;0.25;0.24
2016;10;29;303;10.1;8.4;5;8.6;5.4;3;2.1;-1;0.12;1.6;2.5;0;198;46;61;31;97403;0.63;0.22;0.25;0.24
2016;10;30;304;8.8;6.2;3.4;5.5;4.3;2.6;1.1;-1;0.12;1.6;2.5;0;163;38;62;33;97250;0.3;0.05;0.25;0.24
2016;10;31;305;9.1;6.6;4.9;5;3.6;3;-0.3;-0.3;0.12;1.6;2.5;0;296;63;92;45;97135;0.52;0.01;0.25;0.24
2016;11;1;306;10.7;5.9;0.9;5.6;3.9;0.7;0.8;0.9;0.12;1.6;2.5;0;338;75;100;56;96386;0.48;0.01;0.25;0.24
2016;11;2;307;7.1;5.3;3.5;5.6;3.5;1.9;3.2;-0.5;0.12;1.6;2.5;0;301;66;91;48;95904;0.93;2.39;0.25;0.24
2016;11;3;308;6.1;3.8;0.9;2.2;1.1;-0.4;1.8;-0.1;0.12;1.6;2.5;0;291;57;75;46;96364;0.62;0.51;0.25;0.24
2016;11;4;309;5.8;2.4;-1.6;1.3;0.4;-2.2;-0.5;1.8;0.12;1.6;2.5;0;242;54;76;50;95914;0.36;0.51;0.25;0.24
2016;11;5;310;9.6;5.7;1.9;6.6;3.9;0.1;0.1;1.9;0.12;1.6;2.5;0;200;30;67;22;94679;0.77;3.96;0.25;0.24
2016;11;6;311;4.4;3.2;0.2;3.8;2.3;-0.3;1.8;0.5;0.12;1.6;2.5;0;109;25;62;28;94483;0.64;2.24;0.25;0.24
2016;11;7;312;3.8;1;-2;0.4;-0.5;-2.2;2;0.6;0.12;1.6;2.5;0.08;219;46;80;42;94992;0.69;1.02;0.25;0.24
2016;11;8;313;3.7;-0.1;-2.5;-1;-1.8;-2.8;1.1;1.5;0.12;1.5;2.5;0.52;255;55;75;40;95225;0.58;2.16;0.25;0.24
2016;11;9;314;3.6;0.6;-1.8;-0.6;-2.6;-5;-0.2;2.1;0.14;1.5;2.5;1.61;300;59;95;42;95002;0.58;2.01;0.25;0.24
2016;11;10;315;2.8;1.9;0.9;2.2;1;-0.3;2.2;1.3;0.2;1.5;2.5;5.37;100;19;24;11;94918;0.4;7.79;0.25;0.24
2016;11;11;316;2.1;1.4;-0.2;1.9;0.9;-1.9;-1.4;-0.7;0.21;1.5;2.5;6.04;45;11;26;9;95628;0.27;8.49;0.26;0.24
2016;11;12;317;1;-0.6;-2;-2.2;-3.7;-5.1;-1.2;-0.8;0.21;1.5;2.5;6.5;108;25;39;26;96603;0.39;0.18;0.26;0.24
2016;11;13;318;0.7;-1.9;-3.8;-5.3;-6;-7.2;-2.4;0.4;0.21;1.5;2.5;6.49;276;61;109;71;96958;0.4;0;0.26;0.24
2016;11;14;319;1.1;-2.5;-5.6;-3.9;-5.5;-8.2;-1.9;0.6;0.21;1.5;2.5;6.34;273;62;108;72;97430;0.2;0;0.26;0.24
2016;11;15;320;1.8;-1;-4.2;1.7;-2.9;-5.8;1.4;1.8;0.21;1.5;2.5;6.36;88;15;61;15;97032;0.19;2.46;0.26;0.24
2016;11;16;321;7.1;4.7;2.1;6.9;4.7;2;2;1.4;0.19;1.5;2.5;5.08;27;5;0;-2;96230;-0.34;6.01;0.27;0.24
2016;11;17;322;8.8;7.7;6.9;7.5;6.8;5.7;2.4;2.7;0.14;1.5;2.5;1.95;66;15;45;13;95486;0.25;2.17;0.27;0.24
2016;11;18;323;10.5;7.8;5.3;6.3;4.5;2.8;1.6;3.4;0.12;1.5;2.5;0.44;106;24;55;30;95023;1.27;5.21;0.27;0.24
2016;11;19;324;5.5;3.8;0.8;4.5;2.7;0.2;0.8;2.3;0.11;1.5;2.5;0.16;83;14;79;32;95401;0.53;6.11;0.28;0.24
2016;11;20;325;9.3;4.3;0.5;3.3;1.6;-1;-1.3;2.5;0.11;1.6;2.5;0.1;267;59;100;73;95233;0.53;0;0.28;0.24
2016;11;21;326;10.6;7;3.9;5.4;3.5;0.9;-2.2;1.4;0.11;1.6;2.5;0.03;236;48;83;57;95151;0.38;0;0.28;0.24
2016;11;22;327;12.4;7.4;4.2;8;5.4;3.7;-1.7;0.8;0.11;1.6;2.5;0;250;52;90;59;95590;0.28;0.01;0.28;0.25
2016;11;23;328;10.6;5.8;3.6;7.4;4.9;3.5;-1.7;-0.3;0.11;1.6;2.5;0;243;47;87;39;96140;0.28;0.01;0.28;0.25
2016;11;24;329;8.7;5.8;4.1;5.4;4.5;3.5;-2.8;-1.1;0.11;1.6;2.5;0;232;46;83;29;96214;0.28;0.07;0.27;0.25
2016;11;25;330;6.2;5.4;4.5;4.5;3.9;2.3;-2.9;-1.3;0.11;1.6;2.5;0;85;20;35;12;96219;0.18;0.08;0.27;0.25
2016;11;26;331;6.3;5.1;4;4.3;3.4;2.1;-0.3;-0.2;0.11;1.6;2.5;0;78;15;24;12;96066;0.21;0.43;0.27;0.25
2016;11;27;332;4.5;2.9;0.5;3.1;1;-1.3;1.6;-1.5;0.11;1.6;2.5;0;106;18;69;31;95996;0.39;0.4;0.27;0.25
2016;11;28;333;0.3;-1.3;-3.3;-2.3;-5.8;-8.2;-1;-2.1;0.11;1.6;2.5;0.01;182;38;97;62;96847;0.35;0.06;0.27;0.25
2016;11;29;334;-0.4;-2.7;-4.4;-6.5;-7.3;-7.8;-0.6;0.1;0.11;1.6;2.5;0.02;257;54;112;78;97474;0.06;0;0.27;0.25
2016;11;30;335;0.4;-2.6;-5.7;-6.5;-7.5;-9;2.2;0.4;0.11;1.6;2.5;0.04;227;48;99;58;97242;0.09;0.08;0.27;0.25
2016;12;1;336;1.5;0;-1.4;0.4;-3.5;-8.5;4;0.1;0.11;1.6;2.5;0.35;98;21;41;18;96561;0.05;1.12;0.27;0.25
2016;12;2;337;3.1;0.7;-3.4;3;-0.4;-4.7;2.3;-1.2;0.12;1.6;2.5;0.78;111;18;93;36;96198;0.25;3.66;0.27;0.25
2016;12;3;338;1.8;-2.5;-5.2;-4;-5.3;-7.2;-1.2;-0.9;0.12;1.7;2.5;0.71;246;51;110;81;96683;0.21;0;0.27;0.25
2016;12;4;339;1.8;-2.8;-5.4;-7.2;-8.3;-10;-1.8;-0.3;0.12;1.7;2.5;0.68;242;49;110;81;96991;0.07;0;0.27;0.25
2016;12;5;340;0.2;-3.3;-5.6;-4.1;-5.8;-7.9;-0.3;0.8;0.12;1.7;2.5;0.67;235;49;98;71;96998;0.02;0;0.26;0.25
2016;12;6;341;-0.2;-2.9;-5.1;-4.6;-5.5;-6.9;0.4;0.1;0.12;1.7;2.5;0.67;198;41;94;59;97302;0.03;0;0.26;0.25
2016;12;7;342;0.2;-3.3;-5.6;-4.2;-5.9;-7.4;-0.2;1.3;0.12;1.7;2.5;0.66;179;36;81;53;97634;0;0;0.26;0.25
2016;12;8;343;3.6;-0.6;-3.4;-3.1;-4.1;-4.9;0.8;1.6;0.12;1.7;2.5;0.65;226;46;91;51;97453;0.06;0;0.26;0.25
2016;12;9;344;2.8;1;-1.4;1.6;-1;-5.1;1.9;0.8;0.12;1.7;2.5;0.59;69;14;75;17;97241;0.03;0.29;0.26;0.25
2016;12;10;345;6.7;2.3;-1.5;3.4;0.7;-3.2;1.6;1.1;0.11;1.7;2.5;0.45;224;46;89;53;96795;0.09;0;0.26;0.25
2016;12;11;346;5.3;2.9;-1.6;4.8;2;-3.2;3.8;0.4;0.11;1.7;2.5;0.33;74;11;52;10;96177;0.18;4.05;0.26;0.25
2016;12;12;347;4;3.1;2;3.6;2.9;1.9;2.8;-0.5;0.11;1.7;2.5;0.18;47;9;12;4;96613;0.1;2.08;0.26;0.25
2016;12;13;348;2.7;1.3;0.2;1.6;0.9;0.2;0.6;1.4;0.11;1.7;2.5;0.18;97;17;39;11;96884;0.2;1.54;0.26;0.25
2016;12;14;349;3.7;2.5;1.5;3.4;2.2;0.8;0.6;0;0.11;1.7;2.5;0.27;40;9;9;2;96775;0.07;0.18;0.26;0.25
2016;12;15;350;3.1;1.5;-1.6;2.1;0.3;-3.6;-2;0.2;0.11;1.7;2.5;0.21;98;20;64;23;97076;0.33;0;0.26;0.25
2016;12;16;351;2.4;-1;-2.7;-2.5;-3.9;-4.9;-1.6;0.5;0.11;1.7;2.5;0.2;223;44;99;74;97329;0.22;0;0.26;0.25
2016;12;17;352;0.7;-1.6;-3.1;-2.1;-3.3;-4.3;0.6;0.6;0.11;1.7;2.5;0.21;183;34;78;42;97857;0.04;0.07;0.26;0.25
2016;12;18;353;1;-0.7;-2.5;-0.3;-1.5;-3;0.9;0.1;0.11;1.7;2.5;0.58;76;17;35;16;97545;0.05;1.62;0.26;0.25
2016;12;19;354;2.2;0;-1.3;-0.5;-1.5;-2.8;-2.6;-0.3;0.13;1.7;2.5;1.68;174;36;70;46;97085;0.12;0.01;0.26;0.25
2016;12;20;355;1.3;-1.4;-3.3;-3;-4.5;-6;-2.7;0;0.13;1.6;2.5;1.63;209;40;96;63;96727;0.07;0;0.26;0.25
2016;12;21;356;0.5;-2.5;-4;-2.6;-4.3;-5.8;-0.3;1.1;0.13;1.6;2.5;1.61;201;38;84;54;97113;0.03;0;0.26;0.25
2016;12;22;357;0.6;-2;-3.8;-1.6;-3.2;-4.7;-0.1;1.7;0.13;1.6;2.5;1.61;145;29;80;32;97338;0.07;0.73;0.26;0.25
2016;12;23;358;1.2;0.1;-1;0.8;-0.2;-1.3;0.7;1;0.13;1.6;2.5;1.61;91;18;20;5;97562;0.11;0.27;0.26;0.25
2016;12;24;359;3.9;2.6;0.5;3.8;2.2;0.3;3.3;1.5;0.13;1.6;2.5;1.33;30;6;14;4;96941;0.05;3.15;0.26;0.25
2016;12;25;360;4.7;4;3.2;4.4;3.6;2.6;4.5;0.9;0.12;1.6;2.5;0.64;22;5;4;2;96787;0.18;4.96;0.27;0.25
2016;12;26;361;6.3;4.2;0.9;6.1;3.6;-0.9;3.8;0.6;0.11;1.5;2.5;0.28;43;8;66;14;96964;0.28;1.14;0.27;0.25
2016;12;27;362;2.7;1.6;0.4;1.9;-0.1;-1.5;4.8;-0.6;0.11;1.5;2.5;0.36;73;12;65;19;97719;0.45;1.75;0.27;0.25
2016;12;28;363;3.1;2.4;1.8;2.1;1.2;0.5;2.8;-1.6;0.11;1.5;2.5;0.31;95;16;30;12;98199;0.48;1.09;0.27;0.25
2016;12;29;364;3.8;1.1;-2.8;1.4;-0.3;-3.6;-0.8;0;0.11;1.5;2.5;0.25;173;31;78;41;98202;0.24;0.02;0.27;0.25
2016;12;30;365;1.2;-2.4;-4.3;-2.9;-4;-5.5;-0.3;0.6;0.11;1.5;2.5;0.24;222;41;107;67;97951;0.07;0;0.27;0.25
2016;12;31;366;0.2;-3.5;-5.7;-5.1;-6.2;-7.1;0.4;1.2;0.11;1.4;2.5;0.24;231;45;107;76;97452;0.05;0;0.26;0.25
2017;1;1;1;0.8;-3.7;-6.5;-5.3;-6.5;-8;0.7;1.6;0.11;1.4;2.5;0.24;234;44;101;72;96403;0.03;0;0.26;0.26
2017;1;2;2;-1.7;-3;-4.5;-2.7;-4.2;-5.9;2.5;0.1;0.13;1.4;2.5;1.53;50;11;57;21;96140;0;2.57;0.26;0.26
2017;1;3;3;-0.6;-1.9;-3;-2.9;-3.4;-4;3.8;1;0.16;1.4;2.5;3.42;81;15;39;16;96407;0.08;2.8;0.26;0.26
2017;1;4;4;0;-1.1;-2.2;-1.5;-2.7;-3.9;4.9;0.2;0.26;1.4;2.5;9.41;133;22;62;27;95277;0.19;7.23;0.26;0.26
2017;1;5;5;-2.5;-5.6;-10;-4.2;-8.7;-12.6;0.6;-3.2;0.33;1.4;2.5;13.25;141;29;76;61;96569;0.21;1.36;0.26;0.26
2017;1;6;6;-8.1;-11.8;-16.1;-12.9;-14.6;-17.9;-0.1;-1.5;0.34;1.3;2.5;13.69;166;32;80;59;97894;0.09;0;0.26;0.26
2017;1;7;7;-7.4;-11.9;-18.7;-9.3;-15.2;-20.8;0.6;1.1;0.34;1.3;2.5;13.98;172;29;71;19;97375;0.24;2.78;0.26;0.26
2017;1;8;8;-0.8;-3.6;-7.1;-2.5;-4.9;-8.7;1.5;-0.7;0.37;1.3;2.5;17.07;98;17;35;11;96918;0.11;1.25;0.26;0.26
2017;1;9;9;-1.2;-3.2;-5.8;-3.2;-4.4;-6.7;0.9;0.7;0.37;1.3;2.5;17.5;73;15;42;18;96705;0.1;0.45;0.26;0.26
2017;1;10;10;-2;-6.4;-13.2;-5.4;-8.1;-14.7;-1.4;1.3;0.37;1.3;2.5;17.59;177;36;93;54;95612;0.07;0.03;0.26;0.26
2017;1;11;11;1.1;-6.1;-14.8;0.3;-7.8;-16.4;0.9;1.9;0.37;1.2;2.5;18.86;105;20;36;15;95343;0.13;5.43;0.26;0.26
2017;1;12;12;1.9;0.9;0.3;0.1;-0.5;-1.1;3.4;1.2;0.37;1.2;2.5;22.4;114;24;56;28;95084;0.16;5.02;0.26;0.26
2017;1;13;13;2.3;-0.3;-3.3;0.4;-2.6;-5.5;4.9;1.9;0.37;1.2;2.5;28.01;87;19;78;32;94020;0.46;4.43;0.26;0.26
2017;1;14;14;0.4;-1.8;-3.7;-1.8;-3.8;-5.9;3.9;0.2;0.37;1.2;2.5;31.77;121;24;85;41;94938;0.3;5.46;0.26;0.26
2017;1;15;15;-1.2;-3.5;-6.9;-4;-5.5;-8.1;2.9;-0.2;0.38;1.2;2.5;35.6;167;33;82;46;95878;0.14;3.48;0.26;0.26
2017;1;16;16;-2.7;-5.7;-8.4;-6.2;-7.7;-10.2;-0.2;-2.3;0.38;1.2;2.5;38.13;135;26;66;34;96464;0.11;1.05;0.26;0.26
2017;1;17;17;-3.1;-7.1;-11.5;-7.6;-9.8;-13.1;-1.9;-1.9;0.38;1.2;2.5;38.4;153;32;74;48;97351;0.1;0.09;0.26;0.26
2017;1;18;18;-4.6;-7.7;-10.2;-8.6;-10.5;-12.4;-2.4;-1;0.38;1.2;2.5;38.31;200;41;96;71;97725;0.04;0;0.26;0.26
2017;1;19;19;-3.6;-8.8;-12.8;-10.4;-13.2;-15.4;-2.4;-1;0.38;1.2;2.5;38.19;200;43;99;74;97648;0.2;0;0.25;0.26
2017;1;20;20;0.1;-6.7;-11.4;-8.8;-13.1;-17.3;-2.4;-0.8;0.37;1.1;2.5;37.9;202;44;98;64;97462;0.31;0;0.25;0.26
2017;1;21;21;-0.4;-7.2;-12.4;-6.7;-11.4;-15.4;-1.9;-0.3;0.37;1.1;2.5;37.63;204;44;98;59;97193;0.2;0;0.25;0.26
2017;1;22;22;-1.3;-9.5;-15.2;-6.8;-12.4;-16.9;-1.8;-0.3;0.37;1.1;2.5;37.46;213;47;105;63;96790;0.12;0;0.25;0.26
2017;1;23;23;-6.5;-11.8;-16.6;-9.1;-13.3;-17.9;-0.6;-0.4;0.37;1.1;2.5;37.35;163;32;90;29;96580;0.09;0.06;0.25;0.26
2017;1;24;24;-4.8;-8.3;-10.5;-7.8;-10.2;-11.8;-0.8;-0.8;0.37;1.1;2.5;37.41;146;31;52;24;96815;0.13;0.14;0.25;0.26
2017;1;25;25;-2.1;-6.7;-11.3;-5.9;-8.9;-12.7;-2.3;-0.5;0.37;1.1;2.5;37.34;151;37;73;41;97082;0.13;0;0.25;0.26
2017;1;26;26;-0.4;-4.1;-6.5;-5.2;-6.9;-8.3;-3.2;0.1;0.36;1.1;2.4;37.18;206;47;95;73;96841;0.16;0;0.25;0.26
2017;1;27;27;0.6;-6.2;-11.9;-5.4;-9.4;-13.5;-1.9;0.1;0.36;1.1;2.4;36.96;229;52;105;75;96509;0.12;0;0.25;0.26
2017;1;28;28;0;-8.7;-16.3;-5.2;-11.3;-17.5;-1.1;1.1;0.36;1.1;2.4;36.75;231;51;94;56;96310;0.17;0;0.25;0.26
2017;1;29;29;1.8;-5.5;-11.7;-4.1;-8.7;-13.2;-0.9;1.5;0.36;1.1;2.4;36.49;230;52;97;56;96531;0.23;0;0.25;0.26
2017;1;30;30;1.5;-2.8;-8.4;0.8;-4.9;-9.8;-0.4;2.5;0.35;1.1;2.4;36.69;110;25;46;22;95969;0.13;4.63;0.25;0.26
2017;1;31;31;2;0.9;-1.1;1.9;0.5;-1.6;1;0.1;0.35;1.1;2.4;35.74;84;16;31;10;95724;-0.11;3.47;0.26;0.26
2017;2;1;32;1.7;-1.4;-3.4;-2;-2.9;-4.6;-0.9;0.4;0.35;1.1;2.4;34.21;219;46;77;44;96114;0.07;0;0.26;0.26
2017;2;2;33;4.9;1.2;-3.6;2.2;-0.2;-4.7;-1.1;1.6;0.34;1.1;2.4;32.12;209;46;84;30;95662;-0.15;1.25;0.26;0.26
2017;2;3;34;3.4;1.3;-1.6;1.8;0.3;-2;-0.7;1.1;0.34;1.1;2.4;28.25;164;32;58;30;95171;-0.14;1.81;0.26;0.26
2017;2;4;35;4.8;1;-3;1.4;-0.3;-3.3;-0.8;1.4;0.34;1.1;2.4;24.77;260;53;105;45;94796;-0.13;0.98;0.27;0.26
2017;2;5;36;5;1.9;-0.7;1.7;-0.2;-2;0.4;0.4;0.3;1.1;2.4;19.79;230;50;104;40;94769;0.02;1.1;0.28;0.26
2017;2;6;37;4;0.9;-0.9;-0.1;-0.9;-2;-1.1;-1.7;0.28;1.1;2.4;17.22;186;40;48;32;95689;0.12;0.1;0.28;0.26
2017;2;7;38;1.4;-0.5;-1.9;-1.2;-2.2;-3.3;-1.6;-0.4;0.27;1.1;2.4;16.25;181;39;46;24;96120;0.25;0.24;0.28;0.26
2017;2;8;39;-0.1;-2.4;-4.5;-3.5;-5;-6.5;-2.3;-0.5;0.26;1.1;2.4;15.86;273;58;79;44;96530;0.29;0;0.28;0.26
2017;2;9;40;-1.5;-3.7;-6;-4.7;-6.4;-8;-3.1;-0.8;0.26;1.1;2.4;15.6;287;65;83;48;96745;0.32;0;0.28;0.26
2017;2;10;41;1.5;-1.2;-2.8;-2.2;-3.3;-4.5;-2.7;0.1;0.26;1.1;2.4;15.37;207;50;67;40;96342;0.17;1.12;0.27;0.26
2017;2;11;42;2.7;-1.3;-4.4;-1.4;-3.2;-5.6;-2.2;0;0.27;1.1;2.4;15.78;312;74;106;58;96426;0.13;0.36;0.27;0.26
2017;2;12;43;2.4;-1;-2.8;-1.5;-2.9;-3.9;-2.8;-0.3;0.26;1.1;2.4;14.58;318;73;98;57;96938;0.17;0.01;0.27;0.26
2017;2;13;44;3.5;-0.4;-3;-2.7;-3.6;-4.7;-4;-0.3;0.25;1.1;2.4;13.56;339;84;110;84;97227;0.35;0;0.27;0.26
2017;2;14;45;5.1;-0.4;-4.7;-2.1;-4.6;-6.7;-2.7;0;0.23;1.1;2.4;12.24;354;88;116;89;97364;0.32;0;0.27;0.26
2017;2;15;46;6.6;-1.2;-8;-0.2;-4.7;-10;-0.6;0.9;0.22;1.1;2.4;10.38;360;90;114;72;97663;0.19;0;0.27;0.26
2017;2;16;47;8.9;1.6;-4.1;3.2;-0.9;-4.6;0.4;1.4;0.19;1.1;2.4;8.14;365;92;105;63;97312;0.08;1.3;0.28;0.26
2017;2;17;48;6.5;3;0.6;2.2;1.4;0.2;2.2;-0.1;0.17;1.1;2.4;6.32;307;76;78;27;96658;0.45;3.57;0.28;0.26
2017;2;18;49;4.7;2.6;0.7;2.4;1.1;-0.2;1.2;-0.5;0.15;1.1;2.4;4.63;237;46;62;21;96799;0.39;0.98;0.28;0.26
2017;2;19;50;5.9;1.3;-2.6;0.6;-0.9;-2.9;1.4;0.8;0.15;1.1;2.4;3.91;383;81;94;46;96528;0.33;1.45;0.28;0.26
2017;2;20;51;5.9;3.6;0.6;4.7;2.6;-0.1;2.9;1.4;0.15;1.1;2.4;3.69;142;29;22;5;96157;0.29;3.6;0.28;0.26
2017;2;21;52;7.7;5.9;4.9;6.7;5.4;4.3;3.7;0.3;0.13;1.1;2.4;1.75;177;30;57;15;95698;0.13;7.69;0.29;0.26
2017;2;22;53;7.7;6.6;5.2;7.3;5.9;4.8;5.1;1.9;0.12;1.1;2.4;0.72;68;13;7;2;95310;0.69;6.47;0.29;0.26
2017;2;23;54;12.7;7.9;5.4;5;3.7;1.5;5.4;2.2;0.11;1.1;2.5;0.21;273;64;78;33;94583;1.28;1.74;0.3;0.26
2017;2;24;55;5.1;2.7;-1.4;0.3;-3.2;-5.9;4.8;-0.8;0.11;1.2;2.5;0.13;410;104;110;77;95181;1.04;0.84;0.29;0.26
2017;2;25;56;5.7;1.2;-3.4;-2.1;-3.8;-4.8;1.4;1.2;0.11;1.2;2.5;0.14;414;110;111;73;96343;0.56;0;0.29;0.26
2017;2;26;57;7.8;3.3;0.6;0.9;-2;-4.9;1.3;2.1;0.11;1.2;2.5;0.12;273;66;106;51;95864;0.52;0.13;0.29;0.27
2017;2;27;58;11.4;5.5;1.1;1.3;-0.4;-2;-0.1;2.6;0.11;1.2;2.5;0.09;431;111;116;63;95062;0.85;0.01;0.29;0.27
2017;2;28;59;5.8;3.3;1;2.8;0.8;-0.7;1.2;3.1;0.11;1.2;2.5;0.32;288;58;62;30;94148;0.94;7.81;0.29;0.27
2017;3;1;60;6.2;3.1;0.6;2.3;0.9;-0.8;3.4;2.5;0.13;1.2;2.5;1.56;300;71;71;32;94756;1.39;6.59;0.29;0.27
2017;3;2;61;6.9;4.9;2.7;4.7;0.3;-3;5.2;1.6;0.12;1.2;2.5;0.83;411;108;103;59;95323;1.51;4.71;0.29;0.27
2017;3;3;62;9.9;4.5;-0.8;-0.8;-2;-3.1;-0.7;2.1;0.12;1.2;2.5;0.53;463;111;113;72;95524;0.88;0;0.29;0.27
2017;3;4;63;15.2;8.5;2.4;3.4;1.4;-1.3;-1.2;2.1;0.12;1.2;2.5;0.3;484;128;121;77;94210;1.18;0.13;0.29;0.27
2017;3;5;64;8.9;5.8;3.1;2.4;0.8;-1.7;2.2;2.4;0.12;1.2;2.5;0.1;322;92;94;52;94689;1.24;2.8;0.29;0.27
2017;3;6;65;5.6;2.9;1.5;3.3;1.9;0.9;2.3;1.6;0.12;1.3;2.5;0.35;290;64;57;29;94553;1.14;8.1;0.29;0.27
2017;3;7;66;5.6;2;-1;2.2;0.7;-1.2;2.1;-0.6;0.13;1.3;2.5;1.24;357;80;78;38;95479;1;4.24;0.29;0.27
2017;3;8;67;6.7;2.9;-0.8;3.5;0.3;-1.5;1.1;2.5;0.13;1.3;2.5;1.19;210;52;42;18;96314;0.62;6.83;0.29;0.27
2017;3;9;68;8.8;6.3;4.4;6.6;4.9;2.8;2.6;0;0.13;1.3;2.5;1.04;308;77;71;27;96046;0.85;6.28;0.29;0.27
2017;3;10;69;6.9;3.9;1.1;2.4;-0.7;-3.1;2.5;-2.5;0.12;1.3;2.5;0.46;328;96;94;55;96641;1.26;0.8;0.3;0.27
2017;3;11;70;8.6;3.7;-1.7;0.3;-2.1;-2.9;-1;0;0.12;1.3;2.5;0.31;463;130;105;76;96626;0.88;0;0.3;0.27
2017;3;12;71;7.1;2.3;-1.3;-0.3;-2.4;-3.8;-2.7;0.1;0.12;1.3;2.5;0.21;537;149;127;90;96195;0.93;0;0.29;0.27
2017;3;13;72;8.7;3.3;-2.3;-0.6;-2.4;-4.2;-0.3;0;0.12;1.3;2.5;0.14;545;152;133;85;96707;1.01;0;0.29;0.28
2017;3;14;73;10.3;4.7;-0.9;2.7;0.3;-3.6;1.8;-0.3;0.12;1.3;2.5;0.09;391;109;111;59;97240;0.75;0;0.29;0.28
2017;3;15;74;10.3;5.4;0.7;4.6;2.2;-0.3;1.9;-0.9;0.12;1.4;2.5;0.03;246;72;81;44;97214;0.57;0.01;0.28;0.28
2017;3;16;75;12.9;6.8;0.9;2.7;0.3;-1.3;1;-0.1;0.12;1.4;2.5;0;547;156;127;81;96733;1.28;0;0.28;0.28
2017;3;17;76;13.4;6.7;0.8;6.8;2.5;-1.6;2.5;0.4;0.12;1.4;2.5;0;484;123;97;56;95748;1.18;1.1;0.28;0.28
2017;3;18;77;6.8;5.3;3.9;6.7;4.7;2.9;5;0.9;0.12;1.4;2.5;0;65;18;32;5;95038;0.79;22.78;0.29;0.28
2017;3;19;78;9.7;7.8;5.6;8.7;7.1;5.2;3.5;0.5;0.12;1.4;2.5;0;98;23;10;4;95316;0.71;5.88;0.3;0.28
2017;3;20;79;11.3;8.6;6.9;6.7;5;3.8;3.4;1;0.12;1.4;2.5;0;242;55;65;22;95407;1.03;0.74;0.3;0.28
2017;3;21;80;9.7;7.7;4.6;6;4.9;3.4;2.4;0.4;0.12;1.5;2.5;0;171;42;31;19;95391;0.84;2.52;0.3;0.28
2017;3;22;81;6.6;4.6;2.5;3.4;2.1;0.3;-2.9;-0.6;0.12;1.5;2.5;0;226;61;31;17;95737;1.26;2.87;0.3;0.28
2017;3;23;82;10.1;6.4;3.2;4.4;3.6;2.3;-1.6;-0.5;0.12;1.5;2.5;0;230;64;45;25;95940;0.7;0.47;0.29;0.28
2017;3;24;83;11;6.8;4.1;3.8;2.6;1.3;-2.9;-1.1;0.13;1.5;2.5;0;548;146;125;63;96876;1.21;0;0.29;0.28
2017;3;25;84;12.3;6.7;1.9;1.1;0.2;-1.6;-2.5;-1.4;0.13;1.5;2.5;0;592;180;124;95;96874;1.65;0;0.29;0.28
2017;3;26;85;10.6;5.7;1.9;0;-2.1;-3.5;-2.7;-0.5;0.13;1.5;2.5;0;589;180;130;95;96646;1.66;0;0.28;0.28
2017;3;27;86;14.5;6.8;-1.1;1.2;-1.8;-4.5;-2;0.2;0.13;1.5;2.5;0;612;188;134;94;96776;1.77;0;0.28;0.28
2017;3;28;87;16.5;9.2;1.8;4.2;1.3;-1.8;0.7;0.5;0.13;1.6;2.5;0;611;189;138;91;96613;1.86;0;0.28;0.28
2017;3;29;88;15;10.3;3.6;6.7;4.7;2.8;2.9;-0.1;0.13;1.6;2.5;0;529;150;105;59;96793;1.5;0;0.27;0.28
2017;3;30;89;15.5;11.1;5.7;7.7;6.3;4.8;0.1;-0.1;0.13;1.6;2.5;0;460;117;93;57;96936;1.21;0.14;0.27;0.28
2017;3;31;90;20.4;12.5;3.9;8.4;6;2.9;-0.8;1.3;0.13;1.6;2.5;0;617;193;135;88;96225;2.08;0;0.27;0.28
2017;4;1;91;20.2;12.8;5;9.7;6.8;3.7;-0.6;0;0.13;1.6;2.5;0;592;180;127;77;95511;2.06;1.37;0.26;0.28
2017;4;2;92;17.2;10.7;4.5;9.4;7.7;4.2;-0.2;-1.8;0.13;1.6;2.5;0;591;156;111;63;96039;1.84;5.03;0.26;0.28
2017;4;3;93;14.3;10.2;7.1;8.3;7.1;5.8;-1.3;-2;0.13;1.7;2.5;0;435;130;77;56;96628;1.7;3.44;0.27;0.28
2017;4;4;94;10.8;7.4;2.4;5.8;4.6;1.6;-1.2;-1.3;0.13;1.7;2.5;0;424;137;84;58;96558;1.7;3.67;0.27;0.28
2017;4;5;95;12.2;6.8;1.1;4.1;2.6;1;1.3;-1.6;0.13;1.7;2.5;0;495;143;81;47;96443;1.68;0.5;0.27;0.28
2017;4;6;96;7.7;5.3;2.6;2.2;-1.1;-2.3;2.1;-2.1;0.13;1.7;2.5;0;340;105;84;51;96548;1.31;0.12;0.26;0.28
2017;4;7;97;10.3;7;2.9;4.2;2.2;-0.7;3.1;-1.4;0.13;1.7;2.5;0;350;117;62;34;96480;1.17;0;0.26;0.28
2017;4;8;98;13.7;10;6.7;7.6;6.1;4.4;0.7;-0.5;0.13;1.7;2.5;0;391;96;57;32;96661;1.08;0.04;0.26;0.28
2017;4;9;99;17.7;12.3;6.1;8.7;6.8;5.3;0;0.8;0.14;1.7;2.5;0;612;193;122;76;96666;2.07;0;0.26;0.28
2017;4;10;100;19.9;12.2;3.8;7.9;5.8;3;1.7;-0.1;0.14;1.8;2.5;0;653;204;130;78;96164;2.53;0.33;0.25;0.28
2017;4;11;101;10.4;7.1;4;2.4;-0.3;-1.6;2.1;-1.6;0.14;1.8;2.5;0;574;139;90;58;96576;1.61;0;0.25;0.28
2017;4;12;102;14.3;9.2;3.2;5;2.1;-0.5;3.1;1;0.14;1.8;2.5;0;511;158;92;55;95981;1.78;0.24;0.25;0.28
2017;4;13;103;11.6;8.7;6.4;5.9;4;2.1;3.5;-0.8;0.14;1.8;2.5;0;489;126;79;41;95625;2.13;2.45;0.25;0.28
2017;4;14;104;11.1;8;4;3.2;2.1;0.5;2.1;-0.1;0.14;1.8;2.5;0;424;117;74;49;95870;1.33;0.08;0.25;0.28
2017;4;15;105;11.5;8.1;5.4;5.3;3.6;2.1;3.4;0.3;0.14;1.8;2.5;0;441;122;70;42;95716;1.54;1.41;0.24;0.28
2017;4;16;106;9.5;5.6;2.7;3;1.6;0.3;3.4;-0.5;0.14;1.9;2.5;0;550;171;88;65;95981;1.94;2.05;0.24;0.28
2017;4;17;107;4.7;2.6;-0.1;3.1;1.3;-1;1.5;-0.5;0.16;1.9;2.5;1.29;166;60;79;39;95814;1.03;10.17;0.25;0.28
2017;4;18;108;5.6;2.1;-0.8;2.4;-0.2;-1.8;0.6;-2.5;0.19;1.9;2.5;3.13;484;148;86;54;96213;1.75;4;0.25;0.28
2017;4;19;109;4.3;1.2;-2;-1.7;-5;-7.7;-1.2;-3.6;0.18;1.9;2.5;2.7;583;177;95;65;97096;1.64;0.29;0.25;0.28
2017;4;20;110;6.3;1.5;-3.1;-4.3;-5.6;-7.2;-0.4;-2.1;0.18;1.9;2.5;2.34;521;184;105;82;97466;1.66;0.04;0.25;0.28
2017;4;21;111;10.2;5.1;-1.9;2.1;-1.6;-5.4;2.2;0.1;0.17;2;2.5;1.52;680;191;116;64;97065;1.77;0;0.24;0.28
2017;4;22;112;7.8;6;2.4;7;2.8;-1.9;3;-1;0.15;2;2.5;0.52;283;87;86;41;96355;1.52;4.05;0.25;0.28
2017;4;23;113;7.3;3.8;0.5;-1.2;-2.5;-3.6;2.9;-1;0.15;2;2.5;0.26;491;163;99;68;96453;1.93;1.1;0.25;0.28
2017;4;24;114;11.8;6.2;-0.6;2.1;-0.2;-2.7;0.9;1.4;0.15;2;2.5;0.15;704;240;132;92;95915;2.18;0;0.24;0.28
2017;4;25;115;12.3;7.3;3.3;4.2;2.3;0.9;2.2;0.6;0.14;2;2.5;0.04;570;166;94;55;95065;1.85;2.05;0.24;0.28
2017;4;26;116;5.8;3.4;1.4;1.6;1.2;0.4;-1;-1.2;0.16;2.1;2.5;1.39;259;77;53;24;95366;1.55;9.03;0.25;0.28
2017;4;27;117;8;4.3;-0.2;2.1;0.8;-0.5;-0.5;-0.6;0.16;2.1;2.5;1.12;364;120;57;38;95642;1.61;2.99;0.25;0.28
2017;4;28;118;8.8;4.8;0.9;3.1;1.5;-0.1;-0.4;-1.4;0.15;2.1;2.5;0.64;498;148;71;47;95554;2.15;5.16;0.25;0.28
2017;4;29;119;10.4;5.3;-1.5;5.6;2.3;-2.5;1;0.3;0.15;2.1;2.5;0.29;513;170;84;62;96013;1.91;1.55;0.25;0.28
2017;4;30;120;14.1;8.5;2.3;2.7;1.4;0.6;-3.8;0.6;0.15;2.1;2.5;0.1;589;222;112;88;95782;2.63;0;0.25;0.28
2017;5;1;121;15.2;9.1;4.6;7;4.2;0.6;-0.1;-0.1;0.15;2.2;2.5;0;638;178;114;65;95387;2.3;5.9;0.25;0.28
2017;5;2;122;8.5;6.1;4.2;6;4.9;2.8;1;2.2;0.15;2.2;2.5;0;175;60;67;24;95731;1.55;18.11;0.26;0.28
2017;5;3;123;16.2;10.3;2.8;6.8;4.4;1.6;-2.6;-0.6;0.15;2.2;2.5;0;588;198;96;66;96045;2.62;1.1;0.26;0.28
2017;5;4;124;14.6;10;7.3;9;7.7;6.9;-1.2;-1.3;0.15;2.2;2.5;0;443;135;85;39;95816;2.09;6.93;0.26;0.28
2017;5;5;125;12.6;9;6.2;6.8;5.9;5.2;-0.2;-1.1;0.15;2.2;2.5;0;324;101;92;36;96115;1.65;1.94;0.27;0.28
2017;5;6;126;17.5;11.5;4.8;8.4;6.5;4.3;-2.5;-0.4;0.15;2.2;2.5;0;676;235;124;79;95596;2.87;0;0.26;0.28
2017;5;7;127;15.9;11.3;6.2;11.2;9.2;5.9;1.7;-0.7;0.15;2.3;2.5;0;476;166;72;47;95563;2.26;7.43;0.26;0.28
2017;5;8;128;14;10.2;6.4;8.7;6.7;3.8;1.1;-2.5;0.15;2.3;2.5;0;480;155;88;41;95764;2.33;1.19;0.27;0.28
2017;5;9;129;9;6.3;3.4;3.4;-0.8;-2.9;-0.4;-1.9;0.15;2.3;2.5;0;544;169;82;58;95988;2.25;0.21;0.26;0.28
2017;5;10;130;13.8;8;0.3;5.4;1.2;-2.8;0;1.1;0.15;2.3;2.5;0;732;256;138;97;95362;2.86;0;0.26;0.27
2017;5;11;131;20.1;12.9;3.1;7.4;5.1;1.4;-1.8;1.2;0.15;2.3;2.5;0;709;252;130;85;94750;3.48;0.7;0.26;0.27
2017;5;12;132;17.4;13.4;9.1;12.8;10.6;8;0.8;0.5;0.15;2.4;2.5;0;485;161;87;50;94819;2.62;9.5;0.26;0.27
2017;5;13;133;18.5;14.3;8;12.9;11.1;7.6;1.7;0.1;0.15;2.4;2.5;0;571;197;88;64;95599;2.84;1.93;0.26;0.27
2017;5;14;134;18.3;14;9.1;14;11.2;8.8;1.5;-0.1;0.15;2.4;2.5;0;512;181;86;58;96459;2.8;4.33;0.26;0.27
2017;5;15;135;17.9;13.2;7.4;11.2;9.4;7.1;1.1;-0.8;0.15;2.4;2.5;0;601;195;104;66;97146;2.63;0.33;0.26;0.27
2017;5;16;136;21.1;15.1;6.8;11.9;8.6;6.4;-0.9;-0.4;0.15;2.4;2.5;0;667;243;115;80;97227;3.46;0;0.26;0.27
2017;5;17;137;23.1;17.3;10.3;12.3;10.3;8.1;-1.9;0.7;0.16;2.4;2.5;0;703;233;111;74;96618;3.66;0;0.25;0.27
2017;5;18;138;24.4;18.6;11.3;15.6;12.1;8.6;-0.2;0.1;0.16;2.5;2.5;0;714;252;120;81;95747;3.79;0.19;0.25;0.27
2017;5;19;139;24.5;16.5;9.3;14.5;12.1;8.4;0.6;0.2;0.16;2.5;2.5;0;695;208;103;56;95404;3.59;8.79;0.25;0.27
2017;5;20;140;14.9;11.6;7.8;7.7;6.1;4.8;2.6;-0.8;0.16;2.5;2.5;0;413;133;65;42;96492;2.46;0.05;0.25;0.27
2017;5;21;141;16.8;13.5;8.2;8.8;7.2;6;-0.7;-1.3;0.16;2.5;2.5;0;553;160;93;59;96865;2.47;0.2;0.25;0.27
2017;5;22;142;18.3;14.7;9.7;11.3;8.5;6.5;-1.8;-0.3;0.16;2.5;2.5;0;573;162;94;52;96363;2.54;0.15;0.24;0.27
2017;5;23;143;21.3;16.8;11.1;11.5;10.1;8.3;1.3;-0.5;0.16;2.5;2.5;0;635;199;105;58;96145;3.17;0.01;0.24;0.27
2017;5;24;144;16;13.5;10.2;11;7;4.5;2.3;-2.4;0.16;2.5;2.5;0;605;172;86;55;96454;2.76;0.41;0.24;0.27
2017;5;25;145;16.8;13.1;8.5;8.6;7.6;6.8;0.6;-1.4;0.16;2.6;2.5;0;410;146;69;51;96545;2.32;0.54;0.23;0.27
2017;5;26;146;21.8;15.6;7.6;11.1;9.5;6.8;-0.9;-1.5;0.16;2.6;2.5;0;734;252;124;83;96493;3.55;0;0.23;0.27
2017;5;27;147;23.6;18.1;11;12.5;10.7;9.4;-2;0.3;0.16;2.6;2.5;0;733;272;129;94;96546;3.94;0;0.23;0.27
2017;5;28;148;26.1;20.3;12.4;13.2;10.4;9;-0.8;1.2;0.16;2.6;2.5;0;741;273;138;97;96420;4.11;0;0.22;0.27
2017;5;29;149;28.1;21.5;13.3;17.4;13.5;10.5;-0.2;0.6;0.16;2.6;2.5;0;696;240;113;74;95971;3.78;0.58;0.22;0.27
2017;5;30;150;26.4;21.6;16.1;16.5;15.2;13.7;1.5;0.3;0.16;2.6;2.5;0;693;236;107;69;95885;3.65;0.33;0.22;0.27
2017;5;31;151;22.1;18.7;14.7;16.3;12.9;10.2;1.3;-1.4;0.16;2.6;2.5;0;626;229;111;74;96355;3.27;0.31;0.21;0.27
2017;6;1;152;22.3;17.8;11.5;11.3;9.7;8.1;-0.2;-1.5;0.16;2.6;2.5;0;617;224;109;79;96465;3.3;0;0.21;0.27
2017;6;2;153;24.4;19.1;11.4;12.1;9.8;8.5;-0.9;-0.8;0.16;2.7;2.5;0;736;244;128;87;96196;3.57;0;0.21;0.27
2017;6;3;154;25.8;20.1;13.9;17.2;13.7;9.9;-0.3;1;0.16;2.7;2.5;0;696;231;102;67;95795;3.3;4.59;0.2;0.27
2017;6;4;155;18;15.8;13.1;16.1;12.4;8.9;1.8;-0.8;0.16;2.7;2.5;0;439;114;94;41;95659;2.5;19.31;0.22;0.27
2017;6;5;156;19.4;15.3;10.7;13.7;11;9.2;-0.2;-0.1;0.16;2.7;2.5;0;478;148;77;53;95805;2.27;3.43;0.22;0.27
2017;6;6;157;19.4;14.1;9.5;13.7;10.6;4.8;1.5;1.5;0.16;2.7;2.5;0;501;173;90;56;95122;3.21;2.59;0.22;0.27
2017;6;7;158;14.9;11.8;9;7.2;5.7;4.2;4;1.6;0.16;2.7;2.5;0;619;235;109;80;95978;3.51;1.82;0.22;0.27
2017;6;8;159;19.5;14.6;8.5;9.5;6.8;5.5;0.8;1.7;0.16;2.7;2.5;0;727;252;122;88;96349;3.7;0;0.22;0.27
2017;6;9;160;24.7;17.4;10.7;14.2;10;6.5;0.4;1.2;0.16;2.8;2.5;0;703;224;114;75;95944;3.51;0.36;0.21;0.27
2017;6;10;161;19.4;15.9;10.8;12.2;9.4;6.7;1.6;-0.6;0.16;2.8;2.6;0;513;205;91;66;96467;3.21;0.2;0.21;0.27
2017;6;11;162;25;19.6;12;13.2;10.2;8;-0.4;1.4;0.16;2.8;2.6;0;725;274;119;84;96331;4.22;0;0.21;0.27
2017;6;12;163;21.9;19;13.9;15.4;10.9;7.4;2.9;0;0.16;2.8;2.6;0;577;218;114;75;95893;3.6;0.48;0.2;0.27
2017;6;13;164;20.7;15.8;11;9.5;8.3;7.4;1.9;-1.1;0.16;2.8;2.6;0;655;244;107;83;96196;3.41;0;0.2;0.26
2017;6;14;165;22.5;16.9;9.6;11;9.4;8.4;-0.9;-1;0.16;2.8;2.6;0;732;278;133;96;96257;3.78;0;0.2;0.26
2017;6;15;166;26.2;20.5;12.7;16.4;11.6;8.2;0.1;0.6;0.16;2.8;2.6;0;720;270;119;84;96028;4.01;0.34;0.19;0.26
2017;6;16;167;19.7;17.4;13.4;16.1;12.5;8.3;3.5;-1.4;0.16;2.8;2.6;0;547;189;86;56;96145;3.27;2.78;0.19;0.26
2017;6;17;168;17.3;14.6;12.3;10.3;7.8;6.2;2.5;-2.1;0.16;2.8;2.6;0;457;145;64;42;96704;2.24;0.1;0.19;0.26
2017;6;18;169;22.9;17.3;10.4;12.1;10.3;8.5;-0.8;-0.6;0.16;2.8;2.6;0;663;258;128;89;96847;3.39;0;0.19;0.26
2017;6;19;170;26.8;20.3;11.2;14;11.5;9.7;-1.7;0.4;0.16;2.8;2.6;0;739;280;131;94;96555;3.84;0;0.18;0.26
2017;6;20;171;29;22.6;14;14.1;12.2;10.6;0.3;-0.6;0.16;2.8;2.6;0;744;278;141;93;96099;3.93;0;0.18;0.26
2017;6;21;172;27.7;22.5;17.2;15.8;14.3;12.5;-0.7;-1.4;0.16;2.8;2.6;0;659;250;117;83;96095;3.58;0.16;0.18;0.26
2017;6;22;173;31;23.4;15.3;16.9;13.5;9.1;1.2;0.6;0.16;2.8;2.6;0;721;246;127;80;95893;3.53;2.91;0.17;0.26
2017;6;23;174;23.8;20.6;16.6;16.6;13.9;11.7;3.3;-0.4;0.16;2.8;2.5;0;657;240;116;74;95873;3.42;0.1;0.17;0.26
2017;6;24;175;24.5;19.6;14.4;12.6;10.8;9.4;2.9;0.5;0.16;2.8;2.5;0;737;279;131;94;95994;3.34;0;0.17;0.26
2017;6;25;176;23;18.9;13.3;12.7;10.9;9.6;2.7;0.7;0.16;2.8;2.5;0;589;173;83;56;95781;2.31;0.11;0.17;0.26
2017;6;26;177;24.1;20;16;13.1;12.3;11.5;2.2;-0.1;0.15;2.7;2.5;0;505;170;93;57;95698;2.41;0.22;0.17;0.26
2017;6;27;178;20.8;17.4;15.4;15;13.7;12.1;-2.1;-0.1;0.15;2.7;2.5;0;393;126;71;45;95414;2.44;7.88;0.17;0.26
2017;6;28;179;23.7;19.2;14.8;16.9;14.7;13.2;0;0.2;0.15;2.7;2.5;0;642;190;98;60;94522;3.15;4.39;0.17;0.26
2017;6;29;180;18.2;15.6;14.2;14.9;13.3;11.3;2.5;0.2;0.15;2.7;2.5;0;357;75;75;33;94334;1.96;20.59;0.18;0.26
2017;6;30;181;20.2;16.2;13;11.4;10.1;7.7;3;1.6;0.15;2.7;2.5;0;633;236;108;74;95062;3.6;0.64;0.19;0.26
2017;7;1;182;19.1;15.6;13;12;10.3;8.2;3.7;1.2;0.15;2.7;2.5;0;553;192;81;52;95475;3.13;3.06;0.19;0.26
2017;7;2;183;19.2;15.8;12.9;12.9;11.4;9.6;3;-1;0.15;2.7;2.5;0;519;154;76;34;96122;2.76;1.25;0.19;0.26
2017;7;3;184;20.6;16.5;12.9;11.5;10;7;2.5;-0.3;0.15;2.7;2.5;0;646;218;106;64;96508;3.5;0.81;0.19;0.26
2017;7;4;185;21.5;18.1;13.4;13.8;11;10.1;1.8;-0.2;0.15;2.7;2.5;0;496;183;87;62;96420;2.86;0.11;0.18;0.26
2017;7;5;186;25.4;19.5;12.3;14.1;12.6;10.6;0.5;0;0.15;2.7;2.5;0;649;243;106;78;96237;3.52;0.09;0.18;0.26
2017;7;6;187;27.8;21.5;13.6;16.9;14.4;12.4;0.1;-0.2;0.15;2.7;2.5;0;725;267;120;82;96263;3.88;0.35;0.18;0.26
2017;7;7;188;26;21.5;16.4;17.9;16.3;14.3;1.9;0.8;0.15;2.7;2.5;0;647;227;88;62;96033;3.56;4.56;0.18;0.25
2017;7;8;189;25.8;21.8;16;16.6;14.4;12.6;2;-0.4;0.15;2.6;2.5;0;617;221;95;74;96033;3.52;0.05;0.18;0.25
2017;7;9;190;27.2;22.2;16.3;18.4;16.1;13.9;0.3;1;0.15;2.6;2.5;0;650;215;93;60;95764;3.37;2.63;0.17;0.25
2017;7;10;191;24.6;20.2;16.9;18.8;16.7;15.6;1.7;1.3;0.15;2.6;2.5;0;501;165;68;44;95402;3.34;10;0.18;0.25
2017;7;11;192;21;17.7;14.9;17.4;14.1;11.9;2.6;0.8;0.15;2.6;2.5;0;526;136;85;41;95740;2.85;9.3;0.19;0.25
2017;7;12;193;19.9;16.8;13.3;15.9;13.5;11.6;2.8;1.3;0.15;2.6;2.5;0;334;118;54;42;95687;2.62;11.21;0.19;0.25
2017;7;13;194;18.3;14.3;10.9;11.1;7.3;5.6;1;-1.3;0.15;2.6;2.5;0;694;239;136;74;96398;3.63;0.01;0.19;0.25
2017;7;14;195;19.3;14.9;10.8;10.8;8.5;6.6;1;-0.3;0.15;2.6;2.5;0;597;179;97;63;96032;2.89;3.72;0.19;0.25
2017;7;15;196;17.5;14.1;10.9;10.9;9.1;7.8;2.1;-1.4;0.15;2.6;2.5;0;503;180;77;54;96428;3.52;5.32;0.2;0.25
2017;7;16;197;20.4;16.4;11;12.9;9.8;7.8;1;0.1;0.15;2.6;2.5;0;530;180;94;56;96755;2.77;0.16;0.19;0.25
2017;7;17;198;22.7;18.9;15.3;15.9;14.2;11.8;0.5;-0.4;0.15;2.6;2.5;0;526;173;72;46;96545;2.84;2.56;0.19;0.25
2017;7;18;199;23.6;19.9;15.3;16.7;15.4;14.6;-2;-0.4;0.15;2.6;2.5;0;505;191;81;58;96340;3.23;1.15;0.19;0.25
2017;7;19;200;28.6;22.9;15.8;17.5;15.6;14;-0.9;0.7;0.15;2.5;2.5;0;703;247;111;79;95857;3.99;0.02;0.19;0.25
2017;7;20;201;25.6;20.8;16.7;16.1;15.4;14.4;1.5;0.9;0.15;2.5;2.5;0;623;211;88;61;95664;3.39;1.64;0.19;0.25
2017;7;21;202;25.7;20.9;14.1;15.8;14.1;12.1;-0.4;0.3;0.15;2.5;2.5;0;597;239;104;78;95837;3.64;0.17;0.18;0.25
2017;7;22;203;24.8;21.3;18;16.6;14.4;12;0.3;0.3;0.15;2.5;2.5;0;623;202;98;67;95796;3.33;1.14;0.18;0.25
2017;7;23;204;22;18.6;15;16.4;11.8;8.2;2.3;0.8;0.15;2.5;2.5;0;631;196;105;62;95942;3.56;6.24;0.18;0.25
2017;7;24;205;20.7;15.6;12.6;15;11.5;9.8;0.9;1.1;0.15;2.5;2.5;0;487;119;78;52;95340;2.36;9.33;0.18;0.25
2017;7;25;206;13.4;12.5;11.6;11.7;10.6;9.6;3.8;0.7;0.15;2.5;2.5;0;321;107;52;26;95020;2.73;10.41;0.19;0.25
2017;7;26;207;13.3;12.5;11.6;13.1;12;11.2;2.9;-0.8;0.15;2.5;2.5;0;126;36;28;9;95027;1.16;8.99;0.2;0.25
2017;7;27;208;16.4;14.5;11.2;14.8;13;10.5;1.6;1.2;0.15;2.5;2.5;0;228;54;59;27;95461;1.13;7.83;0.21;0.25
2017;7;28;209;19.5;16.5;14;14.4;11.9;8.7;2.8;0.4;0.15;2.5;2.5;0;588;172;86;43;95779;3.05;8.28;0.22;0.25
2017;7;29;210;24.4;19.1;13.4;16;13.1;10.9;0.9;1.4;0.15;2.5;2.5;0;512;185;89;53;96043;3.06;0.03;0.22;0.25
2017;7;30;211;27.3;21.1;15.9;18.9;16.3;13.1;0.5;1.6;0.15;2.4;2.5;0;622;209;92;60;95797;3.36;4.38;0.22;0.25
2017;7;31;212;27.4;21.6;16.2;18.6;16.7;15.2;0.3;1;0.15;2.4;2.5;0;652;228;100;66;96047;3.75;0.09;0.21;0.25
2017;8;1;213;31.7;24.7;18;18.8;16.6;15.3;-0.3;-0.2;0.15;2.4;2.5;0;701;241;118;72;96017;4.41;2.57;0.21;0.25
2017;8;2;214;25.1;21.5;17.2;18.9;17;15.4;1.2;0.7;0.15;2.4;2.5;0;590;176;84;52;96330;3.09;0.69;0.21;0.25
2017;8;3;215;25.7;21.9;17.4;20.3;18.2;16;0.9;2;0.15;2.4;2.5;0;420;131;72;50;95964;2.59;4.49;0.21;0.25
2017;8;4;216;23.9;20.5;16.8;18.5;14.6;11.2;2.6;1.1;0.15;2.4;2.5;0;528;186;81;61;95905;3.58;1.78;0.21;0.25
2017;8;5;217;25.8;20.4;15.3;15.9;14;13;1.9;0.8;0.15;2.4;2.5;0;662;216;99;67;95998;3.53;0.21;0.21;0.25
2017;8;6;218;20.6;17.5;14.5;13.6;10.9;8.3;0.8;-1.2;0.15;2.4;2.5;0;535;183;93;69;96515;2.83;0.01;0.2;0.25
2017;8;7;219;22.3;17.8;12.6;11.6;9.3;8.4;-2.3;0.5;0.15;2.4;2.5;0;531;201;117;80;96392;3.13;0;0.2;0.25
2017;8;8;220;27.4;19.6;14.1;17;13;8.8;-0.7;0.7;0.15;2.4;2.5;0;672;214;111;72;95700;3.28;3;0.2;0.25
2017;8;9;221;22.6;18.4;15.6;15;13.9;12;0.1;-0.2;0.15;2.3;2.5;0;679;153;113;41;96041;2.89;8.82;0.2;0.24
2017;8;10;222;21.7;17.8;15;16.9;15.3;13.7;-0.3;-0.8;0.15;2.3;2.5;0;280;84;31;22;95936;1.78;15.86;0.21;0.24
2017;8;11;223;15.1;14;12.5;14.6;12.8;11.6;2.1;0.2;0.15;2.3;2.5;0;142;43;23;11;95813;1.59;6.23;0.22;0.24
2017;8;12;224;16.8;13.9;11.1;11.3;10.5;8.7;3.4;0.6;0.15;2.3;2.5;0;364;110;57;29;96160;2.28;1.88;0.22;0.24
2017;8;13;225;19.3;16.2;13.7;13.7;12.8;11.6;1.7;0.2;0.15;2.3;2.5;0;342;109;80;34;96422;1.86;1.15;0.22;0.24
2017;8;14;226;23;17.9;12.3;13.6;12.2;10.6;-2.2;0.3;0.15;2.3;2.5;0;604;184;101;62;96533;2.9;0.07;0.22;0.24
2017;8;15;227;26.5;20.4;15;17.2;14.4;10.7;-0.2;1.1;0.14;2.3;2.5;0;650;205;98;71;96319;3.27;0.16;0.22;0.24
2017;8;16;228;22.5;18.7;15.4;17.4;15.5;13.8;0.6;-0.2;0.14;2.3;2.5;0;499;146;88;49;96497;2.37;2.11;0.22;0.24
2017;8;17;229;24.9;20;15.2;17.2;15.1;13.4;0.2;1.2;0.14;2.3;2.5;0;542;172;85;56;96327;2.78;0.54;0.22;0.24
2017;8;18;230;27.6;21.1;15;18.3;16.7;14.7;1.2;1.5;0.14;2.3;2.5;0;567;200;92;57;95957;3.45;23.13;0.22;0.24
2017;8;19;231;20;16.2;12.7;14.8;10.4;7.3;2.6;0.1;0.14;2.3;2.5;0;657;176;112;67;96246;3.16;0.41;0.23;0.24
2017;8;20;232;17.9;14.2;10.4;10;7.5;5.8;2.5;-0.5;0.14;2.3;2.5;0;567;179;98;73;96598;2.67;0.08;0.23;0.24
2017;8;21;233;17.2;13.9;9.5;9.7;7.9;6.9;1.8;-0.6;0.14;2.3;2.5;0;427;144;94;65;96697;2.15;0.26;0.23;0.24
2017;8;22;234;19.5;15.1;11.2;9.9;8;6.7;0.5;-0.9;0.14;2.2;2.5;0;500;173;94;72;96496;2.56;0;0.23;0.24
2017;8;23;235;21.7;15.7;8.5;12.6;9.6;7.6;-0.8;0.4;0.14;2.2;2.5;0;664;224;131;91;96245;2.97;0;0.22;0.24
2017;8;24;236;23.6;18.3;12.9;16.7;13.4;9;1.3;0.7;0.14;2.2;2.5;0;439;159;86;59;96117;2.29;0.35;0.22;0.24
2017;8;25;237;24.7;19.7;14.5;17.5;14.8;12.3;0.4;0.4;0.14;2.2;2.5;0;633;187;99;62;96276;2.69;0.35;0.22;0.24
2017;8;26;238;26.7;21.2;15.8;18;16.7;14.6;0.6;1.1;0.14;2.2;2.5;0;581;184;94;60;96081;2.97;3.65;0.22;0.24
2017;8;27;239;24;19.9;15.9;17.7;14.7;12.7;0.8;-1;0.14;2.2;2.5;0;553;168;89;62;96153;2.62;0.32;0.22;0.24
2017;8;28;240;23.5;18.6;13.6;13;12;10.2;-1.1;-0.8;0.14;2.2;2.5;0;573;199;120;81;96321;2.98;0.02;0.21;0.24
2017;8;29;241;25.1;19.3;13.1;14.6;12.6;10;-1;1.4;0.14;2.2;2.5;0;617;201;113;81;96133;2.84;0;0.21;0.24
2017;8;30;242;28.1;21.3;13.7;15.8;13.5;11.2;-0.8;2;0.14;2.2;2.5;0;622;202;113;75;95733;3.03;0.03;0.21;0.24
2017;8;31;243;22.3;17.9;13.8;17.2;15.9;13;1.8;-0.5;0.14;2.2;2.5;0;354;82;52;31;95904;1.76;13.93;0.21;0.24
2017;9;1;244;14.2;12.6;9.7;12.7;10.8;8.7;-0.7;-1.9;0.14;2.2;2.5;0;201;51;69;36;96244;1.5;11.08;0.23;0.24
2017;9;2;245;15.5;11.9;9;9.1;8.5;7.5;-0.5;-1.7;0.14;2.2;2.5;0;480;119;92;55;96132;1.68;0.41;0.23;0.24
2017;9;3;246;15.9;11.9;8.3;9.9;8.5;7.5;0.4;-1.5;0.14;2.2;2.5;0;502;157;99;66;96014;2.1;1.36;0.23;0.24
2017;9;4;247;17.1;12.7;8.3;10.1;7.7;6.4;0.8;0.1;0.14;2.2;2.5;0;617;162;116;72;96132;2.14;0.3;0.23;0.24
2017;9;5;248;18.5;14.3;8.1;13.7;10.6;6.4;1.1;0.7;0.14;2.2;2.5;0;501;122;94;51;96340;1.51;0.22;0.22;0.24
2017;9;6;249;19.5;15.6;12.4;15.4;12.1;7.1;3.2;0.2;0.14;2.2;2.5;0;431;127;80;46;95954;2.19;2.1;0.22;0.24
2017;9;7;250;15.7;12.9;10.3;8.1;7.6;7.1;2.8;0.3;0.14;2.2;2.5;0;371;124;71;60;95981;1.9;0.59;0.22;0.24
2017;9;8;251;18;13.9;10.3;9.8;8.3;7.3;1.6;2.3;0.14;2.2;2.5;0;370;106;64;50;95447;1.65;0.07;0.22;0.24
2017;9;9;252;16.5;13.2;10.8;12.1;10.4;8.7;0.9;2.1;0.14;2.2;2.5;0;260;66;61;39;94745;1.46;4.8;0.22;0.24
2017;9;10;253;15.9;12.9;10.5;12.2;10.4;8.8;1;1.2;0.14;2.2;2.5;0;343;108;70;42;95036;1.59;2.67;0.22;0.24
2017;9;11;254;17.2;12.6;9;10.4;8.4;6.4;1.5;2.1;0.14;2.2;2.5;0;514;107;100;66;94839;1.44;0.28;0.22;0.24
2017;9;12;255;15.1;11.5;8.9;9.4;7.6;6.1;2.6;1.6;0.14;2.1;2.5;0;372;110;77;57;95317;1.77;2.18;0.22;0.24
2017;9;13;256;16;12.7;9.3;13.3;9.8;6.3;3.4;3.3;0.14;2.1;2.5;0;137;35;65;23;95266;1.92;14.49;0.23;0.24
2017;9;14;257;14.6;10.9;8.6;13.3;8.6;4.8;3.9;1.7;0.14;2.1;2.5;0;154;33;70;27;95106;2.1;16.68;0.25;0.24
2017;9;15;258;13.8;10.5;7.1;7.6;6.3;5.4;2;1.4;0.14;2.1;2.5;0;337;96;92;45;95725;1.74;0.88;0.25;0.24
2017;9;16;259;12.9;9.1;4.9;9;6.8;4.2;-0.2;0.7;0.14;2.1;2.5;0;286;87;87;56;95620;1.11;1.6;0.25;0.24
2017;9;17;260;14.4;8.9;3.7;8.7;6.6;3.6;0.4;0.1;0.14;2.1;2.5;0;446;127;97;61;95718;1.56;2.45;0.25;0.24
2017;9;18;261;13;8.3;4.5;10;7.1;4.2;0.9;0.8;0.14;2.1;2.5;0;432;103;86;53;95949;1.4;3.99;0.25;0.24
2017;9;19;262;13.5;9.1;5;7;6;4.7;0.9;-0.4;0.14;2.1;2.5;0;384;109;85;53;96067;1.41;0.37;0.25;0.24
2017;9;20;263;13.5;9.4;4.7;8.8;6.9;4.3;1.6;-1;0.14;2.1;2.5;0;449;125;99;58;96361;1.36;0.87;0.25;0.24
2017;9;21;264;14;10;5.3;8;6.8;5.2;0.7;-0.9;0.13;2;2.5;0;289;79;75;40;96479;1.06;0.19;0.25;0.24
2017;9;22;265;16.4;11.5;7.3;10.3;7.7;6.4;0;-0.1;0.13;2;2.5;0;426;116;73;53;96468;1.65;1.82;0.25;0.24
2017;9;23;266;17.1;12.3;8.4;9.9;8.2;6.6;-0.4;-0.7;0.13;2;2.5;0;482;106;83;47;96540;1.3;0.1;0.25;0.24
2017;9;24;267;16.1;11.7;7.6;8.4;7.4;6;-0.6;-1.3;0.13;2;2.5;0;498;118;99;61;96499;1.44;0;0.25;0.24
2017;9;25;268;15.6;11.6;8.2;9.8;8.8;7.7;-1.2;-0.2;0.13;2;2.5;0;352;103;80;49;96431;1.19;0.63;0.24;0.24
2017;9;26;269;16.6;12.2;8.5;10.8;9.5;8.1;-1.8;-0.1;0.13;2;2.5;0;323;107;91;55;96583;1.3;1.22;0.24;0.24
2017;9;27;270;18.6;13.3;8.3;11.6;10.1;7.9;-1.6;0.6;0.13;1.9;2.5;0;430;121;83;62;96741;1.45;0.02;0.24;0.24
2017;9;28;271;18.7;13.1;7.2;12.9;10.8;7.1;-1.4;0.7;0.13;1.9;2.5;0;370;96;75;48;96905;0.97;0;0.24;0.24
2017;9;29;272;19.1;13.5;8.7;12.8;11.1;8.5;-1.2;0.7;0.13;1.9;2.5;0;435;110;94;54;96712;1.16;0.06;0.24;0.24
2017;9;30;273;19.2;13.7;8.3;11.5;10.2;7.8;-1.2;1;0.13;1.9;2.5;0;466;120;94;56;96201;1.41;1.73;0.24;0.24
2017;10;1;274;12.6;11.3;8.8;11.9;9.8;8.2;0.8;-0.4;0.13;1.9;2.5;0;131;31;52;18;96462;0.68;1.96;0.24;0.24
2017;10;2;275;13.9;11.2;7;12.9;9.9;6.5;1;2.5;0.13;1.9;2.5;0;315;59;71;29;96179;0.91;4.44;0.24;0.24
2017;10;3;276;12.9;11;8.9;12.3;8.8;6.5;2.5;-0.4;0.13;1.8;2.5;0;292;45;75;33;96113;1.25;15.78;0.25;0.24
2017;10;4;277;12.9;9.9;6.6;7.1;5.8;4.6;3.3;1;0.13;1.8;2.5;0;283;75;73;45;96534;0.97;0.02;0.26;0.24
2017;10;5;278;15.1;10.7;7.6;10.3;6.8;5.6;4.8;0.6;0.13;1.8;2.5;0;322;56;64;31;95543;1.8;3.94;0.26;0.24
2017;10;6;279;10;7.9;6.3;6.1;5.4;5;4.1;-0.4;0.13;1.8;2.5;0;319;79;87;39;95896;1.49;3.04;0.26;0.24
2017;10;7;280;10.5;8.6;7.2;6.8;5.1;2.7;4;0.7;0.13;1.8;2.5;0;297;70;56;28;96204;1.6;3.17;0.26;0.24
2017;10;8;281;11.6;8.8;7.3;9.6;7.5;6;3.4;0;0.13;1.8;2.5;0;222;52;52;20;95852;1.52;6.53;0.26;0.24
2017;10;9;282;10.8;8;4.8;6.4;4.8;2.8;2;-0.3;0.13;1.7;2.5;0;256;69;59;42;96223;1;1.31;0.26;0.24
2017;10;10;283;12.5;10.2;7.9;10.3;8.7;6.9;3;1.1;0.13;1.7;2.5;0;219;44;30;12;96147;0.93;2.69;0.27;0.24
2017;10;11;284;15.4;12.4;10.3;10.4;9.5;8.4;2.5;1.4;0.13;1.7;2.5;0;250;63;66;28;96291;0.93;0.59;0.26;0.24
2017;10;12;285;15.5;12.3;9.6;10.6;9.1;7.8;3.1;1;0.13;1.7;2.5;0;266;71;68;48;96484;0.93;0.32;0.26;0.24
2017;10;13;286;15.2;12.3;10.4;11.4;10.3;9.3;2.1;0.4;0.13;1.7;2.5;0;296;53;72;32;97001;0.68;0.45;0.26;0.24
2017;10;14;287;17.8;13.3;8.7;11.8;10.3;8.7;0.7;0.6;0.13;1.7;2.5;0;387;97;88;53;97156;1.01;0;0.26;0.24
2017;10;15;288;18.9;12.4;7.1;12;9.8;6.7;-0.4;1.6;0.13;1.7;2.5;0;426;107;114;70;97076;0.95;0;0.26;0.24
2017;10;16;289;20.1;12.8;6.2;12.9;9.9;5.9;0.1;1.6;0.13;1.6;2.5;0;422;112;111;75;96976;1.02;0;0.26;0.24
2017;10;17;290;20.1;13.2;7.3;12.8;10;6.5;-0.7;1.3;0.13;1.6;2.5;0;423;112;120;80;96650;1.04;0;0.26;0.24
2017;10;18;291;18;12.4;8.2;12;9.8;7.1;0.2;0.2;0.13;1.6;2.5;0;375;92;102;69;96018;0.79;0;0.25;0.24
2017;10;19;292;16.1;10.2;4.7;10.6;8.2;4.7;-1;1.1;0.12;1.6;2.5;0;378;84;103;56;95943;0.66;0.01;0.25;0.24
2017;10;20;293;18;11.6;5.6;10.8;8.6;5;0;1.2;0.12;1.6;2.5;0;389;99;104;63;95916;0.99;1.07;0.25;0.24
2017;10;21;294;15.7;12.1;8.2;12.2;10.1;7.6;1.5;1.3;0.12;1.6;2.5;0;209;52;69;32;95975;0.9;5.38;0.25;0.24
2017;10;22;295;10.3;8.6;6.5;8.3;6;4.2;3;1.2;0.12;1.6;2.5;0;305;71;89;40;95898;1.67;6.3;0.26;0.24
2017;10;23;296;8.1;7;5.7;6.2;5.4;4.7;3.1;-0.2;0.12;1.6;2.5;0;132;27;55;18;96213;0.83;1.26;0.26;0.24
2017;10;24;297;10.6;9.2;7.5;8.6;7.6;6.4;2.1;0.9;0.12;1.6;2.5;0;129;30;31;10;96771;0.5;0.27;0.26;0.24
2017;10;25;298;15;12;10.1;11.7;10.3;8.3;2.3;1;0.12;1.6;2.5;0;140;32;60;21;96688;0.43;0.39;0.26;0.24
2017;10;26;299;13.7;11.4;10;10.5;9.7;9.1;2;0.4;0.12;1.6;2.5;0;212;42;45;27;96764;0.49;0.17;0.26;0.24
2017;10;27;300;10.7;9.1;7.3;9.1;6.2;3.8;3.2;-1.5;0.12;1.6;2.5;0;295;63;92;46;96466;1.29;6.04;0.26;0.24
2017;10;28;301;7.5;6.7;6;5.3;4;2.7;5.1;0.2;0.12;1.6;2.5;0;185;37;43;22;96160;1.08;3.98;0.26;0.24
2017;10;29;302;9.2;6.9;3.9;8.6;3.6;0.5;6.1;-1.5;0.12;1.6;2.5;0;346;67;92;45;95043;1.92;11.86;0.27;0.24
2017;10;30;303;7;4.6;3.2;1.6;0.3;-2.5;3.3;-1.5;0.12;1.6;2.5;0;280;69;86;56;96407;1.1;0.97;0.27;0.24
2017;10;31;304;6.6;4.8;3.4;1.9;1.2;0.5;2;-0.2;0.12;1.6;2.5;0;176;42;57;34;96835;0.5;0.07;0.27;0.25
2017;11;1;305;8;4.8;2.3;4.1;2.3;0.3;1.5;1.2;0.12;1.6;2.5;0;148;26;63;31;96546;0.31;0.18;0.27;0.25
2017;11;2;306;12.3;8;3.5;7.5;5.2;2.1;2.3;0.7;0.12;1.6;2.5;0;324;70;92;40;95834;0.65;0.54;0.27;0.25
2017;11;3;307;10.3;7.1;4.3;6.3;4.9;3.7;0;0.8;0.12;1.6;2.5;0;304;69;89;57;96036;0.54;0;0.27;0.25
2017;11;4;308;10;5.9;2.1;6.9;4.4;1.3;-0.8;1.8;0.12;1.6;2.5;0;242;58;79;57;95642;0.3;0;0.27;0.25
2017;11;5;309;10.5;6.7;4.7;8.1;5.2;2.9;0.7;0.5;0.12;1.6;2.5;0;280;46;73;34;95237;0.68;7.51;0.27;0.25
2017;11;6;310;6.4;5;3.9;3.9;2.7;1.5;-0.3;-2.4;0.12;1.6;2.5;0;143;31;36;19;96251;0.77;0.9;0.27;0.25
2017;11;7;311;7.9;6;4.7;4.7;3.8;2.7;-3.2;-1.1;0.12;1.6;2.5;0;119;25;58;25;96202;0.27;0;0.27;0.25
2017;11;8;312;8.4;6.1;4.7;5.1;4.1;3.5;-1.2;0.2;0.11;1.5;2.5;0;188;35;57;28;95997;0.35;4.42;0.27;0.25
2017;11;9;313;6.9;5.6;4.1;4.5;3.9;3.4;1.5;0.4;0.11;1.5;2.5;0;120;23;34;16;96442;0.47;0.37;0.27;0.25
2017;11;10;314;5.2;4.5;4.1;4.4;3.5;1.6;3.5;1.6;0.11;1.5;2.5;0;77;18;21;11;96011;0.89;7.33;0.27;0.25
2017;11;11;315;5;3.7;2.1;4.9;2.7;1;3.2;0.9;0.11;1.5;2.5;0;166;33;61;26;95364;0.85;7.4;0.28;0.25
2017;11;12;316;3.7;2.1;0.1;3.3;1.5;-0.4;0.7;-0.2;0.16;1.5;2.5;3.43;73;13;22;10;94596;0.47;14.57;0.28;0.25
2017;11;13;317;4.1;1.2;-1.4;0.1;-0.4;-1.9;1.6;-1.5;0.27;1.5;2.5;9.47;158;32;75;35;95549;0.4;0.59;0.28;0.25
2017;11;14;318;2.1;0.2;-3.2;0.4;-0.9;-3.5;1.4;0.4;0.25;1.5;2.5;8.38;110;25;67;24;96702;0.16;0.05;0.28;0.25
2017;11;15;319;3.8;1.7;0.4;0.9;0.2;-0.5;0.1;0.3;0.23;1.5;2.5;7.24;105;23;45;16;96916;0.16;0.09;0.28;0.25
2017;11;16;320;4.5;1.8;-1.3;1.5;0.5;-1.8;-0.7;-0.3;0.21;1.5;2.5;6.07;162;33;54;25;96636;0.15;0.06;0.28;0.25
2017;11;17;321;3;1.9;0.8;2.3;1;-0.2;1.1;-0.1;0.19;1.5;2.5;4.92;50;9;17;5;96720;0.15;1.28;0.28;0.25
2017;11;18;322;4;2.4;1.3;2.1;0.4;-1.7;3;0.7;0.17;1.5;2.5;3.87;176;33;58;22;96199;0.68;2.87;0.28;0.25
2017;11;19;323;2.9;1.4;0.4;0.3;-0.2;-1.1;4;-0.1;0.22;1.5;2.5;7.39;138;30;61;32;95695;0.58;5.84;0.28;0.25
2017;11;20;324;2;1.1;0.6;0.8;0.4;-0.1;3.6;1;0.23;1.6;2.5;8.12;106;21;39;19;96069;0.43;9.11;0.28;0.25
2017;11;21;325;5.8;4.7;1.7;5.5;4.5;1.5;3.6;1.2;0.26;1.6;2.5;9.36;26;4;7;0;95684;-0.24;5.74;0.29;0.25
2017;11;22;326;8.9;5.4;2.4;4.9;3.8;0.8;1.7;1.7;0.18;1.6;2.5;4.25;198;42;89;54;95614;0.2;0.03;0.3;0.26
2017;11;23;327;10.1;5.4;0.9;2.8;1.3;-0.9;0.2;2.5;0.15;1.6;2.5;2.74;225;49;82;63;95568;0.37;0.21;0.3;0.26
2017;11;24;328;12.1;7.9;4.5;7;4;1;0.9;2.5;0.13;1.6;2.5;1.46;215;41;68;38;95706;0.62;3.26;0.29;0.26
2017;11;25;329;7.8;4.7;0.6;6.4;4;0.3;1.7;0.5;0.12;1.6;2.5;0.54;20;4;51;20;95380;0.3;13.5;0.3;0.26
2017;11;26;330;1.9;0.5;-0.3;0.2;-0.9;-1.8;3;0.6;0.12;1.6;2.5;1.08;187;38;70;35;96373;0.54;1.74;0.3;0.26
2017;11;27;331;2.3;0.9;-0.4;1;-0.9;-2.2;2.9;2.5;0.15;1.6;2.5;3.07;148;26;53;23;96288;0.37;6.6;0.3;0.26
2017;11;28;332;3.3;2;1.1;2.5;1.7;1;1.8;2;0.23;1.6;2.5;7.93;55;10;10;4;95139;0.1;11.3;0.31;0.26
2017;11;29;333;2.9;1;-1.7;1.2;-0.3;-1.9;0.7;0.7;0.22;1.6;2.5;7.15;148;27;48;24;94882;0.37;1.38;0.31;0.26
2017;11;30;334;0.7;-1.5;-3.3;-1.3;-2.8;-4.5;1.2;0.2;0.22;1.6;2.5;7.49;120;26;72;33;94768;0.27;1.25;0.3;0.27
2017;12;1;335;0.9;-1;-2.6;-2.1;-3.2;-4.7;-0.1;0;0.23;1.6;2.5;8.21;127;26;52;24;95575;0.19;0.33;0.3;0.27
2017;12;2;336;-0.1;-2.3;-4;-4.5;-5.1;-6.1;-0.9;-0.9;0.23;1.6;2.5;8.12;179;37;73;42;96554;0.2;0.03;0.3;0.27
2017;12;3;337;-2.2;-3.1;-4.4;-4;-5.7;-7.7;1.9;0.5;0.24;1.7;2.5;8.67;144;30;53;29;96604;0.23;3;0.29;0.27
2017;12;4;338;0.7;-0.5;-2.8;0.6;-1.2;-3.8;3.7;-0.1;0.32;1.7;2.5;13.96;97;15;28;14;96754;0.04;7.3;0.29;0.27
2017;12;5;339;1.4;1.1;0.7;1.2;0.8;0.3;3.5;0.4;0.35;1.7;2.5;16.19;58;10;10;4;97416;-0.02;3.11;0.29;0.27
2017;12;6;340;2.3;1.4;0.5;1.1;0.6;-0.1;3.2;0.8;0.31;1.7;2.5;13.36;63;12;31;13;97276;0.06;0.65;0.29;0.27
2017;12;7;341;4.1;0.9;-2;-0.5;-1.9;-3.3;1.4;2.4;0.28;1.7;2.5;11.65;194;40;98;65;96329;0.38;0.64;0.29;0.27
2017;12;8;342;4;1.5;-1.5;3.7;0;-3.1;3.3;1.4;0.25;1.7;2.5;10.03;133;26;74;30;95223;0.31;7.77;0.3;0.27
2017;12;9;343;-1.4;-2.3;-2.8;-3.4;-5.3;-6.7;4.1;1;0.28;1.7;2.5;11.51;149;27;72;41;95410;0.6;2.72;0.3;0.28
2017;12;10;344;3.1;-1.9;-4.7;0.1;-5.8;-9.3;0.5;3.5;0.32;1.7;2.5;14.06;124;20;85;40;94049;0.39;5.76;0.29;0.28
2017;12;11;345;4;2.7;1.1;1.5;0.8;-0.7;-0.1;2.5;0.33;1.7;2.5;14.63;40;9;32;12;93164;0.09;3.63;0.3;0.28
2017;12;12;346;3.8;1.4;-0.6;2.3;-0.8;-3;3.2;2;0.28;1.7;2.5;11.49;142;23;60;34;94880;0.57;3.08;0.3;0.28
2017;12;13;347;1.7;0;-1.5;-0.8;-3;-4.8;1;3.2;0.28;1.7;2.5;11.99;168;32;94;44;95354;0.56;2.69;0.3;0.28
2017;12;14;348;2.8;1.5;0.3;1.2;-0.8;-1.8;3.3;3.1;0.34;1.7;2.5;16.44;133;27;77;42;94033;0.55;8.55;0.3;0.28
2017;12;15;349;2.2;0.6;-0.2;0;-0.4;-1;2;1.8;0.36;1.7;2.5;20.22;134;22;61;27;94093;0.12;5.85;0.3;0.28
2017;12;16;350;0.9;-0.4;-1.6;-0.6;-1.5;-2.6;2;-0.1;0.36;1.7;2.5;21.57;98;18;62;27;95075;0.15;1.53;0.3;0.28
2017;12;17;351;0.2;-0.9;-1.7;-1.5;-2.1;-2.9;3;-0.6;0.36;1.7;2.5;24.01;118;21;62;32;96224;0.2;3.53;0.29;0.28
2017;12;18;352;0;-2.5;-6.1;-2.3;-3.8;-7.2;-0.4;0.9;0.36;1.7;2.5;25.89;97;19;69;32;96655;0.12;0.24;0.29;0.28
2017;12;19;353;-0.2;-2.7;-6.2;-1.1;-3.9;-7.3;1;0.2;0.36;1.7;2.5;26.01;104;20;46;18;97301;0.16;0.86;0.29;0.28
2017;12;20;354;1.2;0.1;-1.1;0.3;-0.4;-1.3;1;0.2;0.36;1.6;2.5;26.81;78;14;22;10;97460;0.04;1.06;0.29;0.28
2017;12;21;355;2.9;1.9;0.4;2.8;1.9;0.3;2.2;0.1;0.35;1.6;2.5;24.48;27;5;6;0;97452;-0.16;3.69;0.29;0.28
2017;12;22;356;4.1;3.1;1.9;3.7;3;1.9;1.7;-0.6;0.31;1.6;2.5;17.89;52;11;13;4;97470;-0.24;0.39;0.3;0.28
2017;12;23;357;4.9;3.6;1.5;4.7;3.4;1.5;3.4;0.2;0.25;1.6;2.5;12.12;42;8;8;2;97335;-0.2;0.52;0.3;0.28
2017;12;24;358;4.7;4.2;3.5;4.3;4;3.3;3.8;0.9;0.18;1.6;2.5;6.39;49;9;6;2;96879;-0.02;1.08;0.3;0.28
2017;12;25;359;4;2.4;-0.5;3.5;1.4;-2.4;1.5;1.9;0.15;1.6;2.5;3.72;104;19;80;32;96260;0.22;0.47;0.3;0.29
2017;12;26;360;5.1;1.2;-1.1;0.6;-1.5;-3.4;0.9;2.3;0.14;1.5;2.5;3.15;197;35;70;61;95095;0.29;0;0.3;0.29
2017;12;27;361;3.3;0.4;-0.9;-0.5;-1.5;-3.2;-1;0.9;0.14;1.5;2.5;2.98;141;28;75;44;93520;0.12;3.26;0.3;0.29
2017;12;28;362;1.1;0;-2.1;0.5;-0.8;-3.4;2.8;-0.4;0.26;1.5;2.5;10.05;82;13;51;22;93933;0.15;7.59;0.3;0.29
2017;12;29;363;0.1;-1.8;-3;-3.4;-4.6;-6.1;1.8;1.9;0.29;1.5;2.5;11.91;158;31;96;49;95105;0.4;2.84;0.29;0.29
2017;12;30;364;7.6;2.7;-2;7.1;1.9;-4;2.2;2.2;0.35;1.5;2.5;14.99;62;10;29;9;94901;-0.27;8.73;0.29;0.29
2017;12;31;365;8.9;7.6;4.4;8;6.2;1.8;2.9;2.1;0.2;1.4;2.5;6;48;9;77;20;95203;-0.14;8.83;0.31;0.29
2018;1;1;1;6.9;4.6;2.1;3.2;1.3;-0.4;2.6;2.6;0.14;1.4;2.5;2.13;192;32;78;44;94946;0.86;3.52;0.31;0.29
2018;1;2;2;3.3;2.2;1.4;2.9;1.6;0.5;3.2;1.4;0.13;1.4;2.5;1.71;123;23;56;21;95272;0.54;5.98;0.32;0.29
2018;1;3;3;7.2;3.7;1.2;5.8;1.7;0.1;4.3;2.4;0.13;1.4;2.5;1.65;144;19;60;20;94241;1.55;16.45;0.32;0.29
2018;1;4;4;8.2;4.2;2.4;7.8;3.4;1;3;2;0.12;1.4;2.5;0.93;54;10;29;10;94294;0.58;12.96;0.32;0.3
2018;1;5;5;7.7;6.1;4.2;6.7;4.5;2.4;2.6;1.8;0.11;1.4;2.5;0.38;64;13;44;18;94511;0.64;6.26;0.33;0.3
2018;1;6;6;7.8;5.2;2.8;5.2;4.1;2.3;-0.4;0.3;0.11;1.3;2.5;0.18;178;35;61;35;95195;0.28;0.54;0.32;0.3
2018;1;7;7;4.2;3.5;2.6;3.6;2.4;1;-3;-1.3;0.11;1.3;2.5;0.12;83;16;27;12;96248;0.28;0.13;0.32;0.3
2018;1;8;8;3.6;2.6;1.8;1.8;0.9;0.2;-4.3;-0.6;0.11;1.3;2.5;0.06;124;23;36;17;96601;0.19;0.03;0.31;0.31
2018;1;9;9;8.2;4.9;1.1;5;3.1;0.8;-2.4;1.5;0.11;1.3;2.5;0.02;88;21;72;42;95757;0.16;0.37;0.3;0.31
2018;1;10;10;4.9;1.2;-1.9;3.9;0.9;-2.1;-0.8;0.2;0.11;1.3;2.5;0;154;31;63;35;95640;0.08;0;0.3;0.31
2018;1;11;11;3.4;1.1;-0.8;1.6;0.4;-1;-0.1;-0.1;0.11;1.2;2.5;0;134;24;37;17;95910;0.15;0.07;0.3;0.31
2018;1;12;12;3.9;1.8;0;1.8;0.9;-0.1;-0.5;-0.5;0.11;1.2;2.5;0.15;109;21;26;15;96692;0.24;1.22;0.29;0.31
2018;1;13;13;1.9;0.4;-2.2;0.9;-2.1;-6.4;-2.7;-0.3;0.11;1.2;2.5;0.21;113;26;57;29;96779;0.37;0;0.29;0.31
2018;1;14;14;1;-0.6;-2.1;-3.8;-4.5;-5.8;-3.1;0.1;0.11;1.2;2.5;0.22;158;32;66;44;96518;0.25;0;0.29;0.31
2018;1;15;15;1;-0.7;-2.7;-1.8;-3.3;-4.5;-1;2.8;0.11;1.2;2.5;0.5;81;20;72;37;95814;0.12;3.18;0.28;0.31
2018;1;16;16;3.9;1.7;0.1;3.1;0.6;-1.7;2.9;2.4;0.21;1.2;2.5;7.61;78;14;63;22;94061;0.24;17.62;0.29;0.31
2018;1;17;17;0.2;-0.3;-0.8;-0.7;-2;-3.6;4.5;0.3;0.33;1.2;2.5;14.58;141;28;78;40;94295;0.44;7.5;0.29;0.31
2018;1;18;18;5.3;1.5;-1.1;2.7;-0.5;-2.5;4.9;1.8;0.37;1.2;2.5;18.88;41;9;76;29;94572;0.13;7.25;0.28;0.31
2018;1;19;19;1.5;-0.3;-3.8;0.7;-1.1;-4.3;2.4;0.8;0.37;1.2;2.5;21.44;106;23;74;37;95053;-0.01;6.27;0.29;0.31
2018;1;20;20;1;-0.7;-4;-0.5;-2;-4.5;1.1;1.5;0.37;1.1;2.5;24.48;127;24;51;21;94952;0.18;7.2;0.28;0.31
2018;1;21;21;0.9;-1.2;-4.2;-0.7;-2.3;-4.7;0.9;-0.8;0.37;1.1;2.5;32.52;135;28;83;32;95317;0.21;4.52;0.28;0.31
2018;1;22;22;1.6;-0.8;-3.6;1.5;-1.5;-4.1;0;1.6;0.37;1.1;2.5;36.36;54;9;15;5;95444;0.02;4.83;0.28;0.31
2018;1;23;23;3.8;2.1;1.3;2.1;1.4;0.5;2.3;0.7;0.37;1.1;2.5;34.59;91;17;69;20;96539;-0.2;2.64;0.28;0.31
2018;1;24;24;5.8;3.7;1.8;4.6;2.3;-0.1;0.8;2.5;0.36;1.1;2.5;27.14;63;12;69;19;96524;-0.41;0.2;0.29;0.31
2018;1;25;25;5.9;3.9;2.4;2.4;1.2;-0.4;0.1;2.3;0.34;1.1;2.5;19.13;134;29;65;40;95999;-0.06;0.01;0.29;0.31
2018;1;26;26;8.2;4.3;2.3;4;2.1;0.3;-0.4;0.4;0.28;1.1;2.4;13.23;151;31;50;21;96058;0.1;0.45;0.3;0.31
2018;1;27;27;5.7;3.7;2.6;3;2.6;2.1;-0.2;0.1;0.23;1.1;2.4;9.52;94;20;36;11;97184;0.05;0.66;0.3;0.3
2018;1;28;28;4.7;3.9;2.6;4.2;3;1.4;3.7;1.4;0.18;1.1;2.4;6.24;31;8;40;12;97376;0.14;0.64;0.3;0.3
2018;1;29;29;6.5;5.2;4.1;5;4.4;3.9;4.5;1.5;0.14;1.1;2.4;2.92;98;20;17;6;96982;0.35;2.34;0.3;0.3
2018;1;30;30;5.6;2.4;-1.1;5.1;0;-2.2;2.5;-0.1;0.12;1.1;2.4;1.27;282;64;107;62;96962;0.61;1.1;0.3;0.3
2018;1;31;31;6.8;4.1;-0.4;3.9;2.5;-1.6;1.6;2.8;0.12;1.1;2.4;0.94;137;26;43;16;95599;0.64;7.56;0.3;0.3
2018;2;1;32;3.9;1.4;-1.3;3.5;0.2;-3.2;2.1;1.3;0.12;1.1;2.4;1.26;154;33;72;30;94601;0.64;7.29;0.31;0.3
2018;2;2;33;3.5;0.5;-1.4;-1.3;-2.8;-5.4;2.5;1.9;0.13;1.1;2.4;1.8;282;58;81;45;94867;0.49;0.75;0.3;0.3
2018;2;3;34;2.5;0;-2.6;-0.6;-2.3;-4.4;2;-0.2;0.15;1.1;2.4;3.19;250;53;78;43;94852;0.33;2.01;0.3;0.3
2018;2;4;35;2.3;-0.8;-2.7;-3;-4.3;-5.3;-0.5;-0.3;0.16;1.1;2.4;3.75;247;60;81;63;95740;0.18;0.49;0.3;0.3
2018;2;5;36;1.2;-1.8;-3.6;-4.2;-6.7;-8.1;-3;-0.8;0.16;1.1;2.4;3.75;268;65;92;71;96507;0.23;0;0.29;0.3
2018;2;6;37;1.3;-2.1;-4.2;-6;-7;-8.4;-2.6;0.2;0.16;1.1;2.4;3.63;302;70;99;69;95703;0.14;0;0.29;0.3
2018;2;7;38;1.6;-1.7;-3.5;-4.1;-5;-6.5;-1.9;-1.2;0.16;1.1;2.4;3.59;279;61;80;50;95468;0.14;0.08;0.29;0.3
2018;2;8;39;0.8;-1.8;-3.2;-4.4;-5.3;-6.2;0.1;-0.8;0.16;1.1;2.4;3.61;282;63;93;48;95975;0.13;0;0.28;0.3
2018;2;9;40;1.7;-0.9;-2.4;-3.5;-4.1;-4.5;0.3;1;0.16;1.1;2.4;3.56;210;43;44;25;95858;0.11;0.08;0.28;0.3
2018;2;10;41;1.5;-0.7;-2;-2;-3.2;-4;1;0.6;0.16;1.1;2.4;3.69;154;34;54;23;95823;0.1;0.48;0.28;0.3
2018;2;11;42;1.1;-0.1;-1.6;-0.3;-2.1;-3.8;2;2.2;0.18;1.1;2.4;4.75;121;28;31;20;95081;0.11;2.59;0.28;0.3
2018;2;12;43;1.2;-0.7;-3.8;-0.4;-2.6;-5.1;2.5;0.2;0.22;1.1;2.4;7.26;225;57;83;48;95471;0.3;2.06;0.27;0.3
2018;2;13;44;1;-2.3;-4.4;-4.7;-6.9;-9.3;0;0.7;0.22;1.1;2.4;7.67;275;66;93;61;95826;0.28;0.03;0.27;0.3
2018;2;14;45;2;-2.9;-6.2;-5.7;-7.9;-9.3;-1.6;0.2;0.22;1.1;2.4;7.23;330;81;110;75;96024;0.25;0;0.27;0.3
2018;2;15;46;1.4;-2;-6;-1.3;-6.6;-9.2;-1;2.4;0.21;1.1;2.4;7.23;215;42;61;28;96131;0.28;1.94;0.27;0.3
2018;2;16;47;4.1;0.9;-0.9;0.2;-1;-2.4;1.1;0.1;0.23;1.1;2.4;8.1;303;68;108;39;96636;0.32;3.04;0.27;0.3
2018;2;17;48;1.2;-1.2;-3.6;-2;-3.2;-4.6;-2;-1;0.23;1.1;2.4;7.93;150;31;46;31;96444;0.21;1.57;0.26;0.3
2018;2;18;49;2.2;-1.7;-4.8;-3.8;-4.9;-7.1;-1.7;-0.2;0.25;1.1;2.4;8.74;258;59;65;47;96789;0.25;0.03;0.26;0.3
2018;2;19;50;1.6;-2.9;-6.2;-5.4;-6.7;-8;-1.6;-0.3;0.23;1.1;2.4;8.25;281;72;87;59;96178;0.26;0;0.26;0.3
2018;2;20;51;1;-2.7;-5.9;-3.6;-5.9;-7.5;-1.6;-0.8;0.23;1.1;2.4;8.09;243;55;76;38;95806;0.21;0.46;0.26;0.3
2018;2;21;52;1.3;-3.3;-8.2;-7.4;-7.9;-9.4;-2.2;-2.1;0.23;1.1;2.4;8.19;380;96;121;80;96161;0.42;0;0.26;0.3
2018;2;22;53;-1.2;-3.3;-5;-7.3;-9.4;-10.5;-3.9;-1.8;0.23;1.1;2.4;7.82;353;91;104;74;96119;0.47;0;0.25;0.3
2018;2;23;54;-1.4;-4.4;-6.5;-9.8;-10.4;-11.1;-3.9;-1.6;0.22;1.1;2.5;7.43;382;95;109;82;96075;0.41;0;0.25;0.3
2018;2;24;55;-1.3;-5;-7.8;-9.9;-12.9;-15.6;-4;-1.6;0.21;1.2;2.5;7.07;371;99;108;91;96433;0.41;0;0.25;0.3
2018;2;25;56;-4.6;-7.9;-10.6;-15.1;-17.4;-19.5;-3.2;-1.5;0.21;1.2;2.5;6.72;424;111;126;101;96665;0.34;0;0.25;0.3
2018;2;26;57;-6.2;-9.2;-11.6;-16.2;-18.1;-19.9;-2.7;-2;0.21;1.2;2.5;6.49;385;98;102;85;96364;0.28;0.12;0.25;0.3
2018;2;27;58;-6.2;-9.9;-12.8;-17.8;-19.2;-20.6;-2.5;-1.4;0.2;1.2;2.5;6.31;384;98;96;76;95912;0.22;0;0.24;0.3
2018;2;28;59;-6.7;-10.5;-14.3;-17.2;-18.3;-19.3;-3.3;-0.4;0.2;1.2;2.5;6.13;381;107;102;83;96094;0.25;0;0.24;0.3
2018;3;1;60;-3;-8.4;-12.1;-14.3;-16.1;-18.2;-4.7;-0.4;0.2;1.2;2.5;5.86;411;109;107;79;95198;0.31;0;0.24;0.3
2018;3;2;61;-1.3;-6.4;-10.6;-10.8;-12.6;-14.2;-3.2;-0.6;0.19;1.2;2.5;5.62;395;101;93;63;94218;0.17;0.01;0.24;0.3
2018;3;3;62;1.2;-3.2;-6.4;-6.5;-8.8;-11;-2.3;0.1;0.2;1.2;2.5;5.9;336;83;64;40;94293;0.19;0.56;0.24;0.3
2018;3;4;63;6.3;0;-3.9;-0.7;-4.5;-10.6;-1.9;1.1;0.19;1.2;2.5;5.41;412;94;113;51;94462;0.09;0.17;0.24;0.3
2018;3;5;64;7.7;1.7;-1.4;0.8;-1.7;-3.8;-1.5;0.4;0.17;1.2;2.5;4.06;417;103;118;54;94140;0.1;0;0.24;0.3
2018;3;6;65;0.8;-0.7;-2.4;-0.9;-2.6;-4.2;-0.6;0;0.18;1.3;2.5;4.74;159;38;55;24;93581;0.08;4.23;0.24;0.3
2018;3;7;66;7.6;3.1;-0.4;3.3;0.8;-1.3;2.8;1.1;0.21;1.3;2.5;6.17;290;74;93;43;93981;0.53;2.15;0.24;0.3
2018;3;8;67;8;3.7;1.4;1.3;-0.2;-3.9;2.5;2.1;0.17;1.3;2.5;3.81;402;95;100;44;94847;0.94;2.74;0.24;0.29
2018;3;9;68;5.9;3.1;1.2;3.7;2.1;0.6;1.3;1.6;0.15;1.3;2.5;2.47;204;45;22;8;95243;0.53;4.47;0.24;0.29
2018;3;10;69;11.9;6.7;3.3;6.5;4.6;2.1;0.4;2.2;0.13;1.3;2.5;1.17;382;80;63;18;95029;0.63;2.96;0.25;0.29
2018;3;11;70;16.6;8.8;2.4;7.5;4.9;1.2;-1.5;1.3;0.12;1.3;2.5;0.35;503;138;113;62;94354;1.14;0.08;0.25;0.29
2018;3;12;71;9.4;6.4;3.9;7.5;5.3;3.5;2.3;0.8;0.12;1.3;2.5;0.13;146;37;61;22;93963;0.64;13.73;0.25;0.29
2018;3;13;72;8.5;6;3;4.4;3.6;2.8;3.7;1.7;0.12;1.3;2.5;0.01;292;83;65;26;94744;1.37;4.67;0.26;0.29
2018;3;14;73;5.8;2.4;-1.3;2.4;0.2;-2.1;1.4;-0.3;0.12;1.3;2.5;0.15;287;64;77;34;95416;0.94;2.24;0.26;0.29
2018;3;15;74;9.2;3.6;-1.6;1.4;-0.3;-2.6;-3.8;0.5;0.12;1.4;2.5;0.14;537;153;117;80;94606;0.96;0.41;0.26;0.29
2018;3;16;75;7.7;4.3;1.3;5;3.1;0.7;0.4;-0.4;0.12;1.4;2.5;0.07;270;58;39;15;94487;0.94;5.92;0.26;0.29
2018;3;17;76;0.6;-2.4;-5.5;-0.2;-6.4;-10.7;-4.3;-2;0.13;1.4;2.5;0.45;243;68;50;19;94566;0.74;1.3;0.26;0.29
2018;3;18;77;-3.7;-5.5;-7.3;-10.9;-11.8;-12.9;-5.3;-1.7;0.15;1.4;2.5;2.23;367;93;54;26;94860;0.3;1.35;0.26;0.29
2018;3;19;78;-0.2;-4.4;-8.8;-10;-11.9;-14.3;-2.5;-1.2;0.16;1.4;2.5;2.58;545;154;122;72;95213;0.23;0;0.25;0.29
2018;3;20;79;1.6;-1.8;-5.6;-3.6;-8.6;-13.2;0.8;-1.9;0.16;1.4;2.5;2.57;472;131;112;65;95668;0.18;0.43;0.25;0.29
2018;3;21;80;3.3;-1.1;-3.8;-5.1;-8.6;-12.3;-0.2;-1.6;0.16;1.5;2.5;2.68;534;150;137;75;96698;0.55;0;0.25;0.29
2018;3;22;81;2.9;-0.7;-3.6;-1.5;-5.5;-9.6;2.5;1.1;0.17;1.5;2.5;3.19;359;81;68;35;95932;0.17;2.33;0.25;0.29
2018;3;23;82;5;1.6;-0.9;0.8;-0.2;-1.4;1.4;-0.3;0.19;1.5;2.5;4.5;301;80;58;25;95050;0.58;1.39;0.25;0.29
2018;3;24;83;7.3;2.8;-1;0.3;-1.5;-3.6;-2;0.1;0.17;1.5;2.5;3.26;412;129;96;56;94709;0.96;0;0.25;0.29
2018;3;25;84;9.4;3.2;-3.1;0.2;-1.8;-4.6;-0.5;-0.2;0.15;1.5;2.5;2.06;577;172;126;78;94998;0.98;0;0.25;0.29
2018;3;26;85;8;3.1;-1.1;0.7;-0.6;-1.7;0.2;-1.6;0.14;1.5;2.5;1.22;420;118;84;53;95527;1;0.79;0.25;0.29
2018;3;27;86;8.1;3;-2.2;1.8;0.3;-2.6;0.8;0.3;0.14;1.5;2.5;0.75;532;156;107;59;95632;1.31;2.55;0.25;0.29
2018;3;28;87;8.6;5.2;1.3;6.5;3.5;0.6;1.6;2;0.14;1.6;2.5;0.82;202;49;40;12;94785;0.86;11.5;0.25;0.29
2018;3;29;88;7.3;4.3;-0.5;6.1;-0.3;-2.8;3.1;0.5;0.13;1.6;2.5;0.36;399;113;91;49;94978;1.54;1.14;0.26;0.29
2018;3;30;89;12.3;5.7;-1.2;3.7;0.5;-3.1;-2.4;0.9;0.13;1.6;2.5;0.21;582;173;114;72;94772;1.45;0.65;0.25;0.29
2018;3;31;90;7.7;4.9;2;3.4;2.8;1.2;1.7;-0.8;0.13;1.6;2.5;0.08;249;71;69;34;94178;1.03;2.17;0.25;0.29
2018;4;1;91;6.8;3.5;1.3;4.8;2.3;0.5;3.4;-0.2;0.13;1.6;2.5;0.02;356;106;76;43;94903;1.26;4.56;0.25;0.29
2018;4;2;92;10.3;5.6;1.7;1.8;0.7;-0.4;1;1.4;0.13;1.6;2.5;0.01;523;135;113;44;95428;1.59;0.72;0.26;0.29
2018;4;3;93;18.4;12;6.4;6.6;3.5;-0.8;0.3;2.4;0.13;1.7;2.5;0;622;194;126;75;95050;2.28;0.1;0.25;0.29
2018;4;4;94;18.9;11.4;4.7;7.9;5.7;2.9;0.5;1.8;0.13;1.7;2.5;0;568;181;125;78;94966;2.14;1.24;0.25;0.29
2018;4;5;95;12.2;7.8;4;6.6;4;-0.5;3.3;0.8;0.13;1.7;2.5;0;460;130;81;53;95583;2.04;6.08;0.25;0.29
2018;4;6;96;11.2;5.6;-0.4;-1.1;-3.2;-4.6;-2;0.1;0.13;1.7;2.5;0;660;211;140;103;96504;2.05;0;0.25;0.29
2018;4;7;97;17.9;10;2.2;5.3;0.7;-4.4;-2.9;0.8;0.13;1.7;2.5;0;664;215;139;106;95931;2.45;0;0.25;0.29
2018;4;8;98;16.7;10.2;4.5;6.5;4.7;3.2;-2;0.2;0.13;1.7;2.5;0;654;211;134;98;95411;2.14;0;0.24;0.29
2018;4;9;99;20.8;12.4;2.8;10.2;6.6;1.8;-2;-0.1;0.14;1.7;2.5;0;651;206;129;89;94948;2.3;0;0.24;0.28
2018;4;10;100;19.4;12.1;4.4;9.4;7.1;3.8;-1.8;0.2;0.14;1.8;2.5;0;645;183;127;73;94730;2.16;4.9;0.24;0.28
2018;4;11;101;16.2;11.5;6.8;10.3;8.4;6.5;-1;-0.2;0.14;1.8;2.5;0;542;164;108;58;95010;1.98;6.13;0.24;0.28
2018;4;12;102;21.4;14.6;9.2;9.4;7.3;5.5;-2.2;1.2;0.14;1.8;2.5;0;649;193;124;77;94577;2.64;0.23;0.24;0.28
2018;4;13;103;16.7;11.1;7.8;9.3;7.5;5.6;1;1.6;0.14;1.8;2.5;0;602;148;103;53;95111;2.41;5.77;0.24;0.28
2018;4;14;104;17.4;11.4;5.2;7.5;5.5;4;0.5;1.1;0.14;1.8;2.5;0;625;195;109;80;96257;2.39;0.06;0.24;0.28
2018;4;15;105;19.5;13.1;5.9;9.8;6.9;3.5;-1.1;-0.3;0.14;1.8;2.5;0;620;195;112;75;95664;2.31;0.58;0.24;0.28
2018;4;16;106;15.1;11.9;7.7;10.8;9.4;7.6;0.4;-0.7;0.14;1.9;2.5;0;349;98;78;42;95777;1.36;3.56;0.24;0.28
2018;4;17;107;18.1;12.5;7.2;10.4;7.9;6.2;-0.4;-0.9;0.14;1.9;2.5;0;558;166;106;55;96871;2.18;0.06;0.24;0.28
2018;4;18;108;21.2;14.1;5.8;9.4;7.5;5.2;-1.5;0;0.14;1.9;2.5;0;672;226;133;92;97464;2.78;0;0.24;0.28
2018;4;19;109;22.7;15.6;7.5;9.3;6.7;3.9;-2.3;-0.1;0.14;1.9;2.5;0;690;234;142;100;97296;3.03;0;0.23;0.28
2018;4;20;110;25.3;17.7;9.7;11.4;9.1;7;-1.5;1;0.14;1.9;2.5;0;682;232;137;98;96793;3.06;0;0.23;0.28
2018;4;21;111;23.8;17.5;10.7;11.9;9.7;6.5;-0.2;-0.6;0.14;2;2.5;0;672;217;125;84;96325;2.83;0;0.22;0.28
2018;4;22;112;23.2;17.6;10.3;13.7;10.9;9.4;0.2;0.5;0.14;2;2.5;0;599;199;112;80;95977;2.58;0.02;0.22;0.28
2018;4;23;113;20.4;15.3;11.7;12.9;11.3;8.8;2.7;0.6;0.14;2;2.5;0;606;153;102;56;95897;2.2;6.11;0.22;0.28
2018;4;24;114;17.8;13.9;10.8;11.4;8.2;5.4;3;0.9;0.14;2;2.5;0;570;189;103;65;96044;2.61;0.16;0.22;0.28
2018;4;25;115;18.8;13.7;9.4;9.6;7.9;6.7;3.5;1;0.14;2;2.5;0;615;190;94;67;95604;2.38;0.64;0.22;0.28
2018;4;26;116;11.9;9.7;5.3;7.6;3.4;1.1;3.5;0.2;0.14;2.1;2.5;0;595;206;115;78;95978;2.62;1.66;0.22;0.28
2018;4;27;117;17.7;11.1;3.1;6.4;3.2;0.8;-0.9;1.6;0.15;2.1;2.5;0;699;231;135;90;95727;2.59;0;0.22;0.28
2018;4;28;118;19.3;14.2;8.8;9.3;7.5;5.8;0.9;0;0.15;2.1;2.5;0;643;211;113;79;95615;2.61;0.64;0.21;0.28
2018;4;29;119;23.7;17.2;10.3;12;9.5;6.7;-2.1;-0.4;0.15;2.1;2.5;0;677;232;119;83;95125;2.96;0.11;0.21;0.28
2018;4;30;120;16.8;13.8;10.1;9.1;5.6;3.6;2.2;1.6;0.15;2.1;2.5;0;550;179;111;76;94865;2.45;0.81;0.21;0.28
2018;5;1;121;14.2;10.5;6.3;4.5;2.5;0.9;2.2;0.5;0.15;2.2;2.5;0;527;176;104;69;95575;2.03;0.06;0.2;0.28
2018;5;2;122;17.3;11.4;5.5;9.2;5.2;0.9;-1.3;-1.3;0.15;2.2;2.5;0;455;136;82;49;95533;1.8;1.73;0.2;0.28
2018;5;3;123;17.1;13;7.9;7.6;7.1;6.4;-0.8;-2.9;0.15;2.2;2.5;0;442;153;66;51;95701;2.09;0.01;0.2;0.28
2018;5;4;124;18.9;13.8;9.9;8.3;6.3;2.9;-2.9;-2.2;0.15;2.2;2.5;0;670;222;106;78;96256;2.59;0;0.2;0.28
2018;5;5;125;20.4;14.7;8.9;8.7;5.5;1.6;-3.2;-1.7;0.15;2.2;2.5;0;702;250;121;93;96575;2.91;0;0.2;0.27
2018;5;6;126;19.8;14.6;9;4.9;2.9;0.7;-3.1;-1.1;0.15;2.2;2.5;0;722;257;138;106;96628;3.06;0;0.19;0.27
2018;5;7;127;21.5;15.9;9.8;6.5;5;3.9;-3.4;-0.6;0.15;2.3;2.5;0;726;260;141;108;96286;3.04;0;0.19;0.27
2018;5;8;128;22.4;16.9;11;7.4;6.1;4.8;-3.3;-0.1;0.15;2.3;2.5;0;713;246;130;99;95650;2.92;0;0.19;0.27
2018;5;9;129;21.4;16.9;11.8;11;8.7;7.2;-2.2;-0.2;0.15;2.3;2.5;0;583;214;103;78;95210;2.6;0.51;0.18;0.27
2018;5;10;130;21.9;15.6;9.7;11.6;10.4;8.6;0.5;0.6;0.15;2.3;2.5;0;686;218;120;71;95414;2.81;5.64;0.18;0.27
2018;5;11;131;18.2;14.9;11.5;10.6;9.7;9.2;-0.5;-0.6;0.15;2.3;2.5;0;322;110;49;29;96194;1.98;0.74;0.19;0.27
2018;5;12;132;22.5;17.4;12.2;13.3;12.2;10.1;-2.2;-0.1;0.15;2.4;2.5;0;650;226;113;77;95895;2.93;1.39;0.18;0.27
2018;5;13;133;23.8;18.4;13.6;14;12.1;8.8;-3.4;-0.3;0.15;2.4;2.5;0;676;219;104;73;95327;3.08;2.38;0.18;0.27
2018;5;14;134;22.9;18.3;14.5;9.8;7.9;5.2;-4.2;-0.8;0.15;2.4;2.5;0;661;222;117;83;95287;3.17;0.14;0.18;0.27
2018;5;15;135;17.9;13.8;9.6;9.4;6.9;4.1;-1.8;-2.2;0.15;2.4;2.5;0;647;210;113;82;95531;2.74;5.4;0.18;0.27
2018;5;16;136;15.2;11.9;8.8;10.9;9.7;8.5;0.2;-2.1;0.15;2.4;2.5;0;458;139;67;45;95575;2.45;9.18;0.18;0.27
2018;5;17;137;16.4;13.2;10.5;11.2;9.7;7.9;1;-2.3;0.16;2.4;2.5;0;288;103;72;31;95872;1.84;0.86;0.19;0.27
2018;5;18;138;18.4;13;6.9;7.6;6.9;5.9;0.7;-1.5;0.16;2.5;2.5;0;736;263;131;96;96211;3;0.01;0.19;0.27
2018;5;19;139;18.5;13.5;7.9;10.5;8.7;6.1;-1.7;-1;0.16;2.5;2.5;0;608;195;95;69;96337;2.52;2.14;0.18;0.27
2018;5;20;140;19.5;15.3;10.8;9.6;6.1;3.3;-3.6;-0.7;0.16;2.5;2.5;0;574;220;118;86;96431;3.27;0.09;0.18;0.27
2018;5;21;141;21.5;16.6;11.6;9;7.8;6.8;-4;-0.2;0.16;2.5;2.5;0;714;255;120;96;95998;3.35;0.3;0.18;0.27
2018;5;22;142;23;17.8;11.7;9.6;8.3;7.2;-2.3;-0.4;0.16;2.5;2.5;0;689;248;129;91;95735;3.4;0.17;0.18;0.27
2018;5;23;143;23.1;17.6;13.3;14.2;12.8;10;-2.4;-1.2;0.16;2.5;2.5;0;666;204;96;66;96084;2.92;5.08;0.18;0.27
2018;5;24;144;19.7;16.3;14.2;15.9;14.6;13.4;-2.9;0;0.16;2.5;2.5;0;407;116;53;37;96231;2.76;19.89;0.18;0.27
2018;5;25;145;20.2;16.3;13.1;14.6;13;11.6;-1.8;-0.2;0.16;2.6;2.5;0;452;157;72;50;96300;2.66;4.88;0.2;0.27
2018;5;26;146;23.1;18.3;11.1;13.9;12.5;10.2;-1.6;0;0.16;2.6;2.5;0;647;219;103;70;96472;3.31;0.2;0.2;0.26
2018;5;27;147;24.8;20.2;14.2;14.3;12.6;11.2;-1.8;-0.1;0.16;2.6;2.5;0;612;215;100;71;96325;3.51;0.1;0.19;0.26
2018;5;28;148;26.4;21.3;15.8;16.3;13.5;11.4;-2.8;-0.2;0.16;2.6;2.5;0;722;256;123;85;96168;4.04;0.17;0.19;0.26
2018;5;29;149;26.9;20.9;16.4;17.6;15.9;13.9;-1.8;0.3;0.16;2.6;2.5;0;694;242;106;73;95814;3.77;10.07;0.19;0.26
2018;5;30;150;25.1;19.8;15;16.8;16;14.9;0.2;-0.5;0.16;2.6;2.5;0;664;217;104;63;95911;3.55;0.61;0.19;0.26
2018;5;31;151;26.6;20.8;14.6;18.1;16;14.1;-1.2;-0.5;0.16;2.6;2.5;0;663;239;103;70;95869;3.78;2.38;0.19;0.26
2018;6;1;152;22.5;19.1;15.3;17.3;14.7;13.3;2;0.1;0.16;2.6;2.5;0;575;194;91;57;96076;3.27;0.71;0.19;0.26
2018;6;2;153;21.6;18;14.5;14;12.8;11.3;2.1;-0.7;0.16;2.7;2.5;0;489;180;79;58;96216;2.83;0.02;0.19;0.26
2018;6;3;154;23.1;18.7;12.3;14.4;12.8;11.8;-0.7;-1.1;0.16;2.7;2.5;0;581;212;96;75;96137;3.24;0.39;0.18;0.26
2018;6;4;155;25.5;20.4;13.8;14.1;11.8;9.4;-1.6;-1.2;0.16;2.7;2.5;0;640;240;113;84;95617;3.78;0;0.18;0.26
2018;6;5;156;24.4;20;15.3;14.5;12.9;11.3;-1.4;-1.8;0.16;2.7;2.5;0;628;232;110;80;95560;3.54;0.1;0.18;0.26
2018;6;6;157;24.9;20.3;15;14.8;13.3;11.6;-2.7;-0.2;0.16;2.7;2.5;0;637;223;94;74;95761;3.44;0.58;0.17;0.26
2018;6;7;158;26.1;21.2;16.1;14.8;12.8;10.2;-2.1;0.6;0.16;2.7;2.5;0;645;238;105;77;95914;3.56;0;0.17;0.26
2018;6;8;159;26.1;21.3;15.3;16.2;14.1;11.8;-2.1;-0.6;0.16;2.7;2.5;0;612;230;112;75;95688;3.32;0.25;0.17;0.26
2018;6;9;160;25.2;20.8;16.6;18.2;17;15.2;-1;-0.7;0.16;2.8;2.5;0;628;188;90;61;95596;2.97;6.86;0.17;0.26
2018;6;10;161;23.9;20;16.7;18.5;16.9;15.8;1;-0.2;0.16;2.8;2.6;0;533;178;79;46;95580;3.24;6.13;0.17;0.26
2018;6;11;162;25.1;20;14.5;17.8;16.6;14.2;-1;-0.8;0.16;2.8;2.6;0;621;202;87;53;95437;3.42;17.75;0.18;0.26
2018;6;12;163;20.6;17.4;15;15.9;13.8;10.2;-1;-2.1;0.16;2.8;2.6;0;532;138;69;27;95282;3.21;7.33;0.19;0.26
2018;6;13;164;16;13.9;11.8;9.6;8.2;7.1;0;-3.1;0.16;2.8;2.6;0;307;99;47;29;95600;2.09;0.28;0.19;0.26
2018;6;14;165;18.7;14.6;10.6;8.9;7.8;6.5;0.9;-0.5;0.16;2.8;2.6;0;470;182;97;61;95994;2.93;0.02;0.19;0.26
2018;6;15;166;20;16.2;10.8;11.3;9.5;7.7;0.2;-0.9;0.16;2.8;2.6;0;523;165;95;60;96080;2.53;0.02;0.19;0.26
2018;6;16;167;23.9;19;12.4;13.8;10.8;7.6;-0.4;0.1;0.16;2.8;2.6;0;659;235;111;71;96013;3.76;0;0.19;0.26
2018;6;17;168;22.4;19;15.5;13.8;12.2;10.6;1.7;-0.3;0.16;2.8;2.6;0;602;218;103;68;96107;3.38;0.44;0.18;0.26
2018;6;18;169;19.9;17;13.3;11.9;10.7;9.8;2;-0.6;0.16;2.8;2.6;0;485;155;78;52;96527;2.45;0.02;0.18;0.25
2018;6;19;170;21.7;18;12.8;14.4;12.8;10.9;1.7;-0.4;0.16;2.8;2.6;0;367;136;58;39;96727;2.25;0.52;0.18;0.25
2018;6;20;171;26.7;21.3;14.7;16.6;14.2;13;-0.2;0.4;0.16;2.8;2.6;0;529;212;103;61;96517;3.34;0.01;0.18;0.25
2018;6;21;172;25.1;19.3;12;16;11.2;3.1;2.4;-0.7;0.16;2.8;2.6;0;655;217;109;75;95972;3.21;0.18;0.17;0.25
2018;6;22;173;13.7;11;9.1;7.4;5.3;3.2;3.8;-1.3;0.16;2.8;2.6;0;440;171;96;70;96488;2.54;2.22;0.17;0.25
2018;6;23;174;14;11.6;9.1;7.5;6.3;3.7;2.9;-1.5;0.16;2.8;2.5;0;494;148;70;44;96654;1.92;0.3;0.17;0.25
2018;6;24;175;16.7;13.4;10.4;9.8;6.9;4.8;1.4;-1.2;0.16;2.8;2.5;0;408;131;65;36;96394;2.02;1.78;0.17;0.25
2018;6;25;176;18.3;14.6;11.2;9.8;8.4;6.3;0.8;-1.5;0.16;2.8;2.5;0;516;151;74;42;96488;2.71;1.32;0.17;0.25
2018;6;26;177;19.5;15.6;11.1;11.2;10;8.7;-0.4;-1.8;0.15;2.7;2.5;0;312;123;85;48;96614;1.86;0.45;0.17;0.25
2018;6;27;178;20.2;16.3;12.1;10.8;9.5;8.1;-1.6;-2.2;0.15;2.7;2.5;0;555;226;104;78;96571;3.02;1.24;0.17;0.25
2018;6;28;179;19.7;16.4;13.1;13.3;11.7;9.3;-1;-3.1;0.15;2.7;2.5;0;460;114;60;40;96247;2.41;2.93;0.17;0.25
2018;6;29;180;25.5;20.3;14.8;13.8;12.6;9.9;-0.8;-2.6;0.15;2.7;2.5;0;703;238;99;69;95938;3.48;0;0.17;0.25
2018;6;30;181;21.8;17.9;13.5;12.9;7;3.3;-2.4;-2;0.15;2.7;2.5;0;770;284;151;103;95997;3.68;0;0.16;0.25
2018;7;1;182;20.6;16;10.6;5.1;3.9;2.7;-2.5;-1;0.15;2.7;2.5;0;735;286;142;111;96179;3.48;0;0.16;0.25
2018;7;2;183;21.9;16.7;10;6.3;4.5;2.7;-1.9;-1;0.15;2.7;2.5;0;762;289;148;112;96061;3.41;0;0.16;0.25
2018;7;3;184;24.9;18.8;10.6;9.4;6.2;5.1;-1.1;-0.8;0.15;2.7;2.5;0;760;288;156;111;96086;3.47;0;0.15;0.25
2018;7;4;185;27.7;21.1;12;13.6;8.2;5.1;0.6;0.1;0.15;2.7;2.5;0;679;252;136;94;95946;3.09;0;0.15;0.25
2018;7;5;186;27;20.9;15.6;16.9;14.1;12.1;1.6;0.1;0.15;2.7;2.5;0;645;199;106;66;95746;2.56;2.1;0.15;0.25
2018;7;6;187;22.6;18.7;16.1;16.1;13.6;10.5;1;-1.7;0.15;2.7;2.5;0;515;130;76;44;96084;2.61;8.17;0.16;0.25
2018;7;7;188;23.4;18.4;12.3;11.1;6.5;2.1;1.2;-1.8;0.15;2.7;2.5;0;760;284;149;105;96455;3.68;0;0.15;0.25
2018;7;8;189;23.4;18.1;12.3;12.3;9.5;7.6;-0.1;-2.2;0.15;2.6;2.5;0;734;232;126;78;96470;2.9;0;0.15;0.25
2018;7;9;190;24;19.3;13.1;12.7;10.9;8.4;0.7;-1.6;0.15;2.6;2.5;0;471;194;101;68;96298;2.62;0.21;0.15;0.25
2018;7;10;191;17.3;16.2;13.6;13.2;11.1;9.1;0.7;-0.9;0.15;2.6;2.5;0;355;139;72;52;95912;2.46;5.19;0.15;0.25
2018;7;11;192;18.5;14.6;10.9;11.4;10.4;9;1.3;-0.1;0.15;2.6;2.5;0;552;190;95;60;95872;2.99;5.23;0.15;0.25
2018;7;12;193;20.6;16.2;11.3;12.7;11.2;9.5;1.8;-0.7;0.15;2.6;2.5;0;550;157;81;49;96054;2.44;1.97;0.15;0.25
2018;7;13;194;24.2;19.2;12.6;15.2;12.7;11.5;0.9;-0.6;0.15;2.6;2.5;0;662;232;109;75;96302;3.06;0.68;0.15;0.24
2018;7;14;195;25.3;20;13.5;13;11.8;10.3;-0.3;-1.3;0.15;2.6;2.5;0;692;250;119;80;96251;3.28;0.39;0.15;0.24
2018;7;15;196;26.3;20.2;14.1;15.7;11.8;9.8;-0.5;-0.2;0.15;2.6;2.5;0;690;225;122;77;96018;3.17;1.81;0.15;0.24
2018;7;16;197;23.6;18.8;14.4;14.9;13.8;12.4;-0.7;-0.8;0.15;2.6;2.5;0;645;186;97;61;95813;2.87;4.56;0.15;0.24
2018;7;17;198;25.3;20.4;13.1;14.8;11.3;9.5;2;-1.5;0.15;2.6;2.5;0;611;228;109;84;95811;3.27;0.14;0.15;0.24
2018;7;18;199;24.7;20.6;16.1;13.4;10.9;8.9;1.5;-2.1;0.15;2.6;2.5;0;547;222;109;85;96032;3.03;0.31;0.15;0.24
2018;7;19;200;25.5;20.3;14.1;11.3;9.6;8.6;-0.3;-1.8;0.15;2.5;2.5;0;740;274;141;104;96110;3.36;0;0.14;0.24
2018;7;20;201;27.7;21.9;14.7;14;11.3;7.8;-1.3;0.5;0.15;2.5;2.5;0;641;233;116;84;95827;2.92;0;0.14;0.24
2018;7;21;202;22.2;19.6;16.8;16.4;14;11.7;0.1;-0.4;0.15;2.5;2.5;0;302;105;57;41;95593;1.8;7.58;0.14;0.24
2018;7;22;203;22.8;19;16;16.1;14.6;13.5;0.3;-1.9;0.15;2.5;2.5;0;545;134;67;42;95784;2.57;3.08;0.15;0.24
2018;7;23;204;25.2;21;16;16.4;14.1;13.2;0.2;-1.5;0.15;2.5;2.5;0;684;218;108;66;96083;2.97;0.42;0.15;0.24
2018;7;24;205;28.1;22.6;14.9;14.7;13.1;11.7;-1;-1.1;0.15;2.5;2.5;0;677;239;124;83;95984;3.18;0;0.14;0.24
2018;7;25;206;28.4;23.5;16.7;15.1;13.6;12.6;-1.3;-1.5;0.15;2.5;2.5;0;647;228;110;78;95964;3.13;0.48;0.14;0.24
2018;7;26;207;28;23.3;16.5;14.7;12.6;11;-1.7;-1.1;0.15;2.5;2.5;0;594;217;105;79;96030;2.87;0.01;0.14;0.24
2018;7;27;208;27.9;23.1;17.1;16.3;13.6;12.1;-1.7;-0.4;0.15;2.5;2.5;0;621;206;106;76;95841;2.66;0.28;0.14;0.24
2018;7;28;209;29.1;22.7;16.8;17;15.7;14;0.7;0.5;0.15;2.5;2.5;0;665;208;115;69;95577;2.78;3.56;0.14;0.24
2018;7;29;210;27.2;23.2;17.1;17.4;15.7;13.7;0.2;0.5;0.15;2.5;2.5;0;586;214;100;71;95998;2.78;0.19;0.14;0.24
2018;7;30;211;31;25.4;17.6;16.2;14.4;12.6;-1;0.1;0.15;2.4;2.5;0;651;235;124;82;96085;2.91;0;0.13;0.24
2018;7;31;212;31.8;26.6;19;17.5;15.3;13;-0.7;0.4;0.15;2.4;2.5;0;638;210;117;76;96134;2.62;0.08;0.13;0.24
2018;8;1;213;32.4;26.6;20.4;16.5;15.7;14.4;-0.9;-1.7;0.15;2.4;2.5;0;673;221;114;74;96285;2.83;1.77;0.13;0.24
2018;8;2;214;29.8;25.4;21.3;17.8;17;16.3;-1.1;-2;0.15;2.4;2.5;0;520;184;81;65;96491;2.72;1.26;0.13;0.24
2018;8;3;215;30.3;25.7;20.4;17.8;16.9;15.6;-1.5;-1;0.15;2.4;2.5;0;629;195;95;68;96463;2.46;0.14;0.13;0.24
2018;8;4;216;30.3;25;20.5;18.8;17.3;16.3;-0.6;-0.7;0.15;2.4;2.5;0;614;201;103;65;96215;2.65;2.59;0.13;0.24
2018;8;5;217;27.2;23;19;17.6;14.5;11.5;-0.7;-2.4;0.15;2.4;2.5;0;621;214;113;76;96308;2.53;0.22;0.13;0.24
2018;8;6;218;29.3;23.1;16;11.7;9.8;8.2;-2;0.1;0.15;2.4;2.5;0;712;252;150;105;96216;2.7;0;0.13;0.24
2018;8;7;219;31.6;25.4;18.1;17.8;12.8;8.9;-0.7;1.5;0.15;2.4;2.5;0;647;214;123;81;95832;2.35;0.22;0.12;0.23
2018;8;8;220;30.7;25;19.5;16.5;15.3;13.5;1;0.7;0.15;2.4;2.5;0;661;214;119;72;95811;2.45;1.71;0.12;0.23
2018;8;9;221;32;25.6;18.6;15.8;14.2;12.6;0.3;0.6;0.15;2.3;2.5;0;662;225;115;79;95843;2.46;0.29;0.12;0.23
2018;8;10;222;21.1;19;16.3;14.4;9.9;7;2.3;0.7;0.15;2.3;2.5;0;424;139;91;66;96617;1.69;0.9;0.12;0.23
2018;8;11;223;21.8;18.1;13.6;11.7;7.6;4;2.1;0.5;0.15;2.3;2.5;0;567;180;108;80;96601;1.58;0.13;0.12;0.23
2018;8;12;224;26.7;20.1;11.2;11;7.4;4.2;-0.3;1.1;0.15;2.3;2.5;0;698;242;151;102;96121;1.93;0;0.12;0.23
2018;8;13;225;28.4;21.3;14.9;14.9;11.7;9.3;1.2;1.3;0.15;2.3;2.5;0;613;178;125;70;95476;1.54;0.52;0.12;0.23
2018;8;14;226;22.7;19;15.9;15.2;12.4;10.1;3;-0.2;0.15;2.3;2.5;0;476;164;85;60;95816;1.7;0.88;0.12;0.23
2018;8;15;227;22.9;18.8;14.2;13.4;12.2;11.2;1.2;-0.6;0.14;2.3;2.5;0;429;134;83;58;96355;1.31;0.68;0.12;0.23
2018;8;16;228;27.7;21.5;13.8;13;11.1;8.7;-1;0.7;0.14;2.3;2.5;0;646;207;120;82;96164;1.76;0;0.12;0.23
2018;8;17;229;29.1;23.4;15.3;13.8;11.1;8.6;-0.5;-0.3;0.14;2.3;2.5;0;639;207;132;87;95980;1.73;0;0.12;0.23
2018;8;18;230;28;22.4;18.3;16;13.9;12.1;-0.8;-1.5;0.14;2.3;2.5;0;651;196;124;76;96394;2;3.08;0.12;0.23
2018;8;19;231;27.9;22.7;16.4;15.8;13.6;11.8;0.3;-0.3;0.14;2.3;2.5;0;553;185;110;78;96446;1.89;0.05;0.12;0.23
2018;8;20;232;27.9;22.4;16.9;14.2;12.5;11.2;1.7;-1;0.14;2.3;2.5;0;663;202;121;80;96278;1.65;0;0.12;0.23
2018;8;21;233;27.1;21.7;15.8;14.6;12.8;10.7;-0.9;-1.2;0.14;2.3;2.5;0;523;158;100;71;96402;1.44;0.02;0.11;0.23
2018;8;22;234;29.4;23.6;16.9;14;12.2;9.9;-0.6;-0.1;0.14;2.2;2.5;0;613;190;118;82;96199;1.6;0;0.11;0.23
2018;8;23;235;28.8;23;16.9;16.2;14.4;12.9;0.3;0.9;0.14;2.2;2.5;0;537;173;110;68;95799;1.63;1.97;0.11;0.23
2018;8;24;236;23;19;15.2;16.5;13.5;9.7;2.3;0.5;0.14;2.2;2.5;0;415;130;72;51;95570;2.12;6.22;0.12;0.23
2018;8;25;237;16.2;13.7;10.8;10.1;8.5;6.5;2.6;1;0.14;2.2;2.5;0;376;109;75;56;95657;1.61;2.26;0.12;0.23
2018;8;26;238;17.3;13;7.7;7.4;4.4;0.8;1.4;-0.5;0.14;2.2;2.5;0;573;172;108;79;96037;1.47;0.05;0.12;0.23
2018;8;27;239;20.2;15.2;8.6;11.9;7;3.1;1.5;1.7;0.14;2.2;2.5;0;521;136;89;53;96014;1.24;0;0.12;0.23
2018;8;28;240;22.5;17.7;13.7;13.3;10.9;8.7;0.2;-0.3;0.14;2.2;2.5;0;516;163;130;66;96314;1.51;0.3;0.12;0.23
2018;8;29;241;26.6;19.9;12.2;12.6;10.4;9.1;-0.9;1;0.14;2.2;2.5;0;629;208;140;89;95917;1.82;0.95;0.12;0.23
2018;8;30;242;18.7;16.7;13.6;15.6;13;9.8;2.5;-0.1;0.14;2.2;2.5;0;389;105;82;41;96164;1.65;3.39;0.12;0.23
2018;8;31;243;19.2;15.1;11.6;11;9.6;8.3;-1.2;-1.4;0.14;2.2;2.5;0;446;113;87;47;96393;1.27;1.12;0.12;0.23
2018;9;1;244;17.6;14.4;12.3;10.3;8.1;6.7;-1.5;-2.7;0.14;2.2;2.5;0;422;85;70;33;96607;1.3;1.45;0.12;0.23
2018;9;2;245;15.5;13.8;12.2;13.5;12;10.6;-1.7;-2;0.14;2.2;2.5;0;143;31;25;10;96485;1.2;4.07;0.12;0.23
2018;9;3;246;18.5;15.5;13.7;16.7;14.7;13.3;-1;-1;0.14;2.2;2.5;0;202;43;56;21;96026;0.76;9.5;0.13;0.23
2018;9;4;247;22.6;17;12.7;16.6;14.3;12.3;-0.1;-1.2;0.14;2.2;2.5;0;450;122;77;44;95978;1.83;6.63;0.13;0.23
2018;9;5;248;23.7;17.8;10.9;14.6;12.2;10.3;-1.1;-0.1;0.14;2.2;2.5;0;495;163;107;73;96111;2.09;0.2;0.13;0.23
2018;9;6;249;23.7;18.5;12.1;13.6;11.6;10.3;-1;0.8;0.14;2.2;2.5;0;539;164;104;71;95693;1.83;0.08;0.13;0.23
2018;9;7;250;20.1;16.9;14.3;16.5;13.7;11.3;1.9;0;0.14;2.2;2.5;0;375;116;80;43;95792;1.8;2.97;0.13;0.23
2018;9;8;251;20;15.6;11.2;11.1;8.8;6.5;1.3;0.1;0.14;2.2;2.5;0;479;170;126;80;96445;1.73;0.03;0.13;0.23
2018;9;9;252;21.6;16.6;10.6;12.4;9.9;7.4;0.4;0.1;0.14;2.2;2.5;0;469;142;108;69;96589;1.46;0;0.13;0.23
2018;9;10;253;24;18.6;13.5;12.3;9.8;8;0.7;0.6;0.14;2.2;2.5;0;530;172;120;76;96661;1.86;0;0.13;0.22
2018;9;11;254;23.3;18.3;13.4;11.9;9.9;8;2.2;0.7;0.14;2.2;2.5;0;556;168;121;79;96753;1.73;0;0.13;0.22
2018;9;12;255;26.5;19.9;11.9;13.9;10.9;8.9;0.8;0.8;0.14;2.1;2.5;0;579;180;127;81;96509;1.83;0;0.13;0.22
2018;9;13;256;23.1;18.1;13.7;13.9;12.8;11.3;-0.3;-0.9;0.14;2.1;2.5;0;376;112;87;52;96202;1.36;2.06;0.13;0.22
2018;9;14;257;18.6;15.9;13.7;13.7;12.3;11.4;0.1;-1;0.14;2.1;2.5;0;246;67;51;28;96331;1.2;1.69;0.13;0.22
2018;9;15;258;19.2;15.1;11.9;11.7;7.9;3.9;1.7;-0.7;0.14;2.1;2.5;0;542;156;120;74;96665;1.59;0.02;0.13;0.22
2018;9;16;259;21.1;15.1;8.3;10.5;7.3;5.6;-0.9;0.2;0.14;2.1;2.5;0;566;174;134;89;96706;1.57;0;0.13;0.22
2018;9;17;260;23.6;17.1;9.8;12.8;10.5;7.6;-0.6;0.8;0.14;2.1;2.5;0;556;164;119;77;96455;1.48;0;0.13;0.22
2018;9;18;261;26;18.9;11.3;14;12.4;10.3;-0.1;1.2;0.14;2.1;2.5;0;546;164;119;77;96176;1.55;0;0.12;0.22
2018;9;19;262;24.8;19.1;14.5;15.5;13.3;12;0.7;1.2;0.14;2.1;2.5;0;469;140;111;66;96417;1.72;2.61;0.13;0.22
2018;9;20;263;25.9;20;14;15.1;13.3;12.5;0.1;2;0.14;2.1;2.5;0;495;145;103;73;96325;1.5;0.03;0.12;0.22
2018;9;21;264;25.9;18.4;11.9;14.1;12.2;7.2;2.1;1.7;0.13;2;2.5;0;476;123;97;65;95745;1.95;3.49;0.12;0.22
2018;9;22;265;14.6;12.1;9.8;6.3;4.4;2.9;3.1;0.9;0.13;2;2.5;0;269;85;90;55;96437;1.18;0.76;0.13;0.22
2018;9;23;266;19.4;12.4;7.7;15.4;10.2;5.9;2.2;1.5;0.13;2;2.5;0;109;25;37;15;95628;1.69;11.18;0.13;0.22
2018;9;24;267;11.5;8.6;6.4;5.6;2.7;0;3.9;-2.1;0.13;2;2.5;0;436;126;103;66;97095;1.86;1.38;0.14;0.22
2018;9;25;268;11.7;7.5;4;3.4;0.5;-2.6;0.3;-1.6;0.13;2;2.5;0;433;133;122;87;97938;1.16;0.01;0.13;0.22
2018;9;26;269;15.2;8.5;2.5;3.1;0.2;-1.9;0.2;1;0.13;2;2.5;0;523;145;125;84;97741;1.21;0;0.13;0.22
2018;9;27;270;19.7;12.7;6;6.3;3.6;1.4;0.4;1.2;0.13;1.9;2.5;0;500;146;123;78;97166;1.38;0;0.13;0.22
2018;9;28;271;18.5;12.2;7.3;8.5;6.1;1.8;0.2;-1.4;0.13;1.9;2.5;0;528;142;126;72;96552;1.34;0.29;0.13;0.22
2018;9;29;272;13.4;8.8;4.6;2.4;0.9;0.2;-1.8;-0.5;0.13;1.9;2.5;0;521;150;132;99;96957;1.15;0;0.13;0.22
2018;9;30;273;16;9.4;3;5.7;2;0;-0.6;1;0.13;1.9;2.5;0;519;150;137;93;96109;1.12;0;0.13;0.22
2018;10;1;274;12.5;8.5;5.6;4.2;3.3;2.7;1.9;-1.6;0.13;1.9;2.5;0;317;74;73;48;95755;0.72;0.39;0.13;0.22
2018;10;2;275;8;6.1;3.4;6.1;2.9;0.8;3.4;0.8;0.13;1.9;2.5;0;256;56;66;34;96301;0.83;1.15;0.13;0.22
2018;10;3;276;13.4;9.9;6.4;8.6;5.4;2.6;3.7;-0.4;0.13;1.8;2.5;0;374;86;92;44;96586;1.1;1.06;0.13;0.22
2018;10;4;277;14.9;9.1;4.1;6.5;4.2;2.2;0.2;0.3;0.13;1.8;2.5;0;481;136;123;82;97019;0.88;0;0.13;0.22
2018;10;5;278;18.9;11;3.7;7.4;5.5;2.6;-1.5;0.8;0.13;1.8;2.5;0;485;137;127;85;96510;0.98;0;0.13;0.22
2018;10;6;279;20.8;13.1;5.9;11.3;8.9;5;-0.5;1.7;0.13;1.8;2.5;0;466;127;113;71;95752;0.9;0.07;0.13;0.22
2018;10;7;280;19.9;13.9;10;11.8;10.4;8.5;-0.9;-1.1;0.13;1.8;2.5;0;444;119;103;63;95914;0.95;0.34;0.13;0.22
2018;10;8;281;18.7;12.7;7.9;10.7;9.2;6.8;-1.3;0.3;0.13;1.8;2.5;0;412;109;96;66;96503;0.75;0;0.13;0.22
2018;10;9;282;18.8;12;6.4;10.9;9.4;6.2;-1.5;-0.1;0.13;1.7;2.5;0;444;103;116;65;96643;0.61;0.01;0.13;0.22
2018;10;10;283;20.1;14.4;9.7;11.5;10.1;8.6;-2.9;0.2;0.13;1.7;2.5;0;455;125;119;88;96363;0.86;0;0.13;0.22
2018;10;11;284;21.3;14.8;10;8.1;6.4;4.7;-2.2;1.2;0.13;1.7;2.5;0;462;127;130;95;96093;1.02;0;0.13;0.22
2018;10;12;285;21.9;15.1;10;10.8;9;7;-1;1;0.13;1.7;2.5;0;420;111;115;69;96729;0.82;0;0.13;0.22
2018;10;13;286;21.6;14.7;8.6;9.9;8.6;7.4;-2.2;0.2;0.13;1.7;2.5;0;432;118;119;81;96646;0.87;0;0.12;0.22
2018;10;14;287;21.1;14.8;9.8;7.6;6.7;5.7;-2.1;1.2;0.13;1.7;2.5;0;437;118;127;90;95964;0.91;0;0.12;0.22
2018;10;15;288;21.2;14.5;9.6;7.6;6.6;5.5;-1.9;0.9;0.13;1.7;2.5;0;430;115;123;87;95940;0.8;0;0.12;0.22
2018;10;16;289;19.3;12.7;6.1;11.3;7.1;4.8;-0.5;-0.3;0.13;1.6;2.5;0;408;105;111;73;96241;0.66;0;0.12;0.22
2018;10;17;290;19.3;12.5;6.3;9.9;8.3;5.7;-0.9;-0.2;0.13;1.6;2.5;0;415;110;119;74;96300;0.64;0;0.12;0.22
2018;10;18;291;18.9;12.2;5.9;10.1;8.3;5.3;-0.9;-1.6;0.13;1.6;2.5;0;408;103;112;66;96381;0.62;0.01;0.12;0.22
2018;10;19;292;15.2;12.2;10.4;10;8.9;7.7;-1.6;-0.7;0.12;1.6;2.5;0;250;54;59;29;96665;0.36;0.13;0.12;0.22
2018;10;20;293;13.2;10.2;6.7;9.2;6.7;4.2;0;-1.3;0.12;1.6;2.5;0;228;55;88;46;97042;0.39;0.11;0.12;0.22
2018;10;21;294;11.5;7.9;4.1;5.7;3.5;2.2;-0.9;-0.7;0.12;1.6;2.5;0;279;60;86;53;97098;0.32;0.02;0.12;0.22
2018;10;22;295;10.8;6.3;1.6;6.6;3.4;0.8;0.1;-1;0.12;1.6;2.5;0;346;82;98;55;97085;0.43;0.48;0.12;0.22
2018;10;23;296;9.3;6.8;3.4;5.7;3.6;2.1;4.2;0.2;0.12;1.6;2.5;0;184;44;77;25;96582;0.42;0.08;0.12;0.22
2018;10;24;297;10.1;9.4;8.8;9.2;8.2;6;4.6;-1.7;0.12;1.6;2.5;0;46;11;16;7;96120;0.94;4.27;0.12;0.22
2018;10;25;298;12;10;8.6;9.4;7.6;5.6;3.7;-0.5;0.12;1.6;2.5;0;166;38;47;18;96039;0.87;1.6;0.13;0.22
2018;10;26;299;12.4;9;6.9;5.8;4.6;3.7;2;1.3;0.12;1.6;2.5;0;306;66;104;52;95329;0.51;0.3;0.13;0.22
2018;10;27;300;7;6.1;4.6;5.6;3;0.5;1;-0.2;0.12;1.6;2.5;0;162;38;47;29;95086;0.7;2.21;0.13;0.22
2018;10;28;301;4.5;2.5;1.6;2.1;1.5;0.6;-2.7;-2.6;0.13;1.6;2.5;0.48;110;22;28;13;95081;1.19;13.07;0.13;0.22
2018;10;29;302;14.3;5.9;1.9;10.8;4.4;0.7;-3.5;-0.8;0.13;1.6;2.5;0.96;182;38;35;13;94292;0.5;0.53;0.14;0.22
2018;10;30;303;16.1;9.3;4.2;10.4;2.5;-0.5;0.8;3.6;0.12;1.6;2.5;0.19;261;63;101;72;94272;0.99;0.82;0.14;0.22
2018;10;31;304;12.5;6.7;1.8;4;2;0.4;-1.8;0.8;0.12;1.6;2.5;0.08;344;83;108;83;95990;0.64;0;0.14;0.22
2018;11;1;305;13.9;8;4.7;5.5;4.2;2.5;-0.4;1;0.12;1.6;2.5;0.03;262;66;97;69;95725;0.44;0;0.14;0.22
2018;11;2;306;11.2;7;2;5.5;4.3;1.4;0.2;-0.2;0.12;1.6;2.5;0;253;60;79;51;96549;0.33;0.01;0.14;0.22
2018;11;3;307;9.8;8.2;7.1;7;5.4;4.5;-1.9;-1;0.12;1.6;2.5;0;111;27;38;18;96881;0.19;0.01;0.14;0.22
2018;11;4;308;12.8;9.6;7.8;9.1;8.1;7.1;-2.1;0;0.12;1.6;2.5;0;224;50;77;35;96105;0.2;0;0.14;0.22
2018;11;5;309;16.4;11.4;8.2;8.7;7.9;6.7;-2.2;1.2;0.12;1.6;2.5;0;310;69;95;68;95483;0.53;0.01;0.14;0.22
2018;11;6;310;15.7;10.8;7.1;9.1;7.6;6.1;-2.1;0.8;0.12;1.6;2.5;0;326;77;106;76;95409;0.42;0;0.14;0.22
2018;11;7;311;11.9;7.8;3.8;8.4;6.8;3.8;-0.7;0.4;0.12;1.6;2.5;0;212;45;89;47;95665;0.24;0.01;0.14;0.22
2018;11;8;312;11;7.9;3.8;8.4;6.8;3.7;0;-0.5;0.11;1.5;2.5;0;149;31;55;30;96361;0.32;1.29;0.14;0.22
2018;11;9;313;11.2;8.3;5.8;7.3;6.6;5.1;-1.3;0.8;0.11;1.5;2.5;0;158;40;57;37;96003;0.38;0;0.14;0.22
2018;11;10;314;12.3;6.9;3.4;7.2;5.2;3.2;-1.5;1.1;0.11;1.5;2.5;0;295;59;95;57;95537;0.27;0;0.14;0.21
2018;11;11;315;12.8;7.7;3.2;8;6.1;3;-0.6;2;0.11;1.5;2.5;0;285;56;97;48;95828;0.55;1.14;0.14;0.21
2018;11;12;316;14.6;9.2;5.4;8.3;6.5;4.3;-1.2;1.7;0.11;1.5;2.5;0;303;67;98;65;96305;0.41;0.41;0.14;0.21
2018;11;13;317;10.9;7.9;5.8;8.8;6.4;5.1;1.6;1.1;0.11;1.5;2.5;0;135;29;82;44;96871;0.41;0.79;0.14;0.21
2018;11;14;318;6.7;4.8;2;4.9;3.7;1.8;-0.2;0.6;0.11;1.5;2.5;0;131;30;75;38;97302;0.18;0;0.14;0.21
2018;11;15;319;8.1;3.4;-0.5;2.2;1.3;-0.8;-1.9;0.2;0.11;1.5;2.5;0;282;56;101;63;97088;0.27;0;0.14;0.21
2018;11;16;320;5.9;2.6;0.3;1.2;0.5;-0.7;-3.1;-0.2;0.11;1.5;2.5;0;297;67;109;85;97252;0.25;0;0.14;0.21
2018;11;17;321;5.2;2;0.3;-0.1;-2.5;-5.5;-4;-0.7;0.11;1.5;2.5;0;295;66;110;88;97265;0.37;0;0.14;0.21
2018;11;18;322;4.5;0.7;-1.3;-5.7;-7.4;-9.9;-2.9;-1.6;0.11;1.5;2.5;0;285;64;106;77;96742;0.48;0;0.14;0.21
2018;11;19;323;1.9;0.1;-1.3;-2;-3.5;-5.7;-4;-1.3;0.12;1.5;2.5;0.3;186;35;67;44;95775;0.24;0.39;0.14;0.21
2018;11;20;324;2.2;0.3;-1;-1.4;-2.3;-4.2;-4.5;-0.3;0.13;1.6;2.5;0.94;163;28;55;34;95284;0.17;0.95;0.14;0.21
2018;11;21;325;4;1.7;0;0.7;-0.3;-1.3;-2.5;-0.5;0.13;1.6;2.5;1.21;205;42;60;33;95829;0.16;0.21;0.14;0.21
2018;11;22;326;3.6;2.2;1;1.2;0.8;0.4;-1.3;0.6;0.12;1.6;2.5;0.96;86;20;34;17;96290;0.15;0.16;0.14;0.21
2018;11;23;327;4.4;1.3;-1.2;1;0.1;-1.4;-1.7;0.5;0.12;1.6;2.5;0.8;160;37;86;44;96234;0.16;0;0.14;0.21
2018;11;24;328;5.3;3.2;1.1;4;2.5;0.4;-0.4;1;0.12;1.6;2.5;0.62;111;17;46;17;95649;0.19;2.96;0.14;0.21
2018;11;25;329;5.6;2.9;1.5;2.9;1.9;0.6;-1.8;0;0.12;1.6;2.5;0.43;155;31;73;27;95364;0.26;0.02;0.14;0.21
2018;11;26;330;3.8;2.6;1.1;1.4;0.2;-0.9;-2.5;-1.9;0.11;1.6;2.5;0.29;83;17;27;17;95150;0.37;0.84;0.14;0.21
2018;11;27;331;1.4;0.2;-1.4;-1.1;-3;-4.7;-0.8;-1.1;0.12;1.6;2.5;0.45;117;24;59;32;96068;0.24;0.15;0.14;0.21
2018;11;28;332;0.9;-1.4;-2.7;-4.9;-5.9;-6.5;-1.8;1.2;0.12;1.6;2.5;0.46;217;46;93;62;96804;0.18;0;0.14;0.21
2018;11;29;333;3.3;-0.6;-2.9;-6.1;-7.7;-8.6;-2.1;1.5;0.12;1.6;2.5;0.44;236;49;85;54;96455;0.26;0;0.14;0.21
2018;11;30;334;0.3;-0.9;-2.2;-1.1;-3.8;-7.9;-1.1;1.3;0.11;1.6;2.5;0.51;82;16;32;11;95904;0.5;4.49;0.14;0.21
2018;12;1;335;4.4;2;-0.4;3.8;1.8;-0.9;0.6;1.5;0.12;1.6;2.5;0.68;83;16;43;10;95957;0.07;0.23;0.15;0.21
2018;12;2;336;8.4;4.7;1.3;8.1;3.9;0.9;1.2;3.2;0.11;1.6;2.5;0.43;23;4;25;2;95154;0.37;16.36;0.15;0.21
2018;12;3;337;10.3;9;8;8.9;8.3;7;2.8;1.8;0.11;1.7;2.5;0.11;89;10;19;3;94885;0.36;24.15;0.17;0.21
2018;12;4;338;8.3;4.9;-0.3;7.3;3.5;-1.1;2.9;-0.7;0.11;1.7;2.5;0;159;29;82;47;96009;0.78;3.47;0.19;0.21
2018;12;5;339;3.9;0.4;-3.1;-0.7;-2.1;-4;-1.4;1;0.11;1.7;2.5;0;239;48;100;64;96842;0.26;0;0.19;0.21
2018;12;6;340;7.6;3.8;0.5;7.4;2.5;-4.1;0.7;1.6;0.11;1.7;2.5;0;52;8;34;4;96244;0.14;1.35;0.19;0.21
2018;12;7;341;8.9;8.2;7.1;8.6;7.4;5.4;3.1;2.3;0.11;1.7;2.5;0;29;6;41;8;95497;0.48;3.69;0.19;0.21
2018;12;8;342;6.3;3.8;2.9;4.5;2.5;1.3;4.7;2.1;0.11;1.7;2.5;0.09;102;21;68;24;95114;1.41;10.82;0.2;0.21
2018;12;9;343;6;4.8;3.1;4.7;3.6;2.1;5.6;0.9;0.11;1.7;2.5;0.09;111;19;52;18;94490;1.42;11.93;0.21;0.21
2018;12;10;344;2.8;1.3;0;1.9;0.2;-1.4;4.6;-1;0.11;1.7;2.5;0.51;152;32;75;43;95812;0.86;3.79;0.21;0.21
2018;12;11;345;1.8;0.6;0;-0.1;-0.7;-1.1;4.1;-1.1;0.15;1.7;2.5;3.34;160;30;65;33;96083;0.37;3.76;0.21;0.21
2018;12;12;346;1.6;0;-1.5;-0.4;-1.6;-3.4;-0.1;-1.9;0.19;1.7;2.5;5.74;133;29;80;43;96384;0.29;1.48;0.22;0.21
2018;12;13;347;-0.5;-2.1;-3.1;-3.7;-5.6;-6.4;-3.6;-0.7;0.19;1.7;2.5;5.91;172;35;77;49;96160;0.47;0.1;0.22;0.21
2018;12;14;348;-1.8;-2.7;-3.3;-6.4;-6.9;-7.4;-3.1;-0.3;0.19;1.7;2.5;5.82;88;18;61;34;96312;0.24;0.02;0.21;0.21
2018;12;15;349;-1.4;-2.9;-4.4;-6.4;-6.8;-7.2;-1.7;0.1;0.19;1.7;2.5;5.75;160;30;70;47;96632;0.15;0.01;0.21;0.21
2018;12;16;350;-1.7;-3;-4.5;-2.2;-5.7;-7.7;-0.8;1.5;0.2;1.7;2.5;6.13;75;15;77;31;95783;0.07;1.08;0.21;0.21
2018;12;17;351;2.6;0.5;-1.6;1.5;0;-2;0.8;1.2;0.21;1.7;2.5;6.64;94;18;38;9;96395;-0.03;0.99;0.21;0.21
2018;12;18;352;3.1;1.3;-1.4;1.5;0.5;-2.9;-0.2;1.3;0.19;1.7;2.5;5.57;119;20;77;28;96794;0.03;0.27;0.22;0.21
2018;12;19;353;1.1;-0.6;-3;0;-2;-4.8;-1.2;1.4;0.18;1.7;2.5;5.22;68;12;80;23;96061;0.25;8.41;0.22;0.21
2018;12;20;354;4.2;2.1;0;3.1;1.3;-0.5;1.3;1.8;0.23;1.6;2.5;7.53;96;17;44;16;95985;0.07;5.47;0.23;0.21
2018;12;21;355;8.5;5;2.1;7.1;3.8;1.2;3.4;3.3;0.18;1.6;2.5;4.66;26;5;32;9;95563;0.48;12.59;0.24;0.21
2018;12;22;356;8.2;6.9;4.7;7.4;5.6;3.8;5.4;0.5;0.12;1.6;2.5;0.87;143;27;62;30;95661;1.13;10.82;0.25;0.21
2018;12;23;357;5.7;4.8;3.9;5.1;4.1;3.2;2.7;0.7;0.11;1.6;2.5;0.27;111;18;44;18;96176;0.41;12.89;0.26;0.21
2018;12;24;358;5.7;2.1;-0.4;5.7;1.1;-1.8;1.6;-2.3;0.11;1.6;2.5;0.21;119;23;62;22;96541;0.59;7.94;0.28;0.21
2018;12;25;359;1.1;0.2;-0.5;-0.9;-1.3;-1.9;2.9;-0.3;0.11;1.6;2.5;0.45;78;14;30;18;97473;0.2;0.29;0.27;0.21
2018;12;26;360;0.2;-0.5;-1.6;-1.7;-2.5;-3;2;0.1;0.11;1.5;2.5;0.6;104;17;63;18;97326;0.15;0.11;0.27;0.21
2018;12;27;361;2.8;0.4;-0.6;0.7;-0.9;-2.1;0.6;0.7;0.11;1.5;2.5;0.58;111;23;45;17;96984;0.11;0.01;0.27;0.21
2018;12;28;362;2.6;-0.3;-2.2;-1.2;-1.9;-3;1.3;-0.1;0.11;1.5;2.5;0.53;213;43;90;51;96949;0.15;0.03;0.27;0.22
2018;12;29;363;0.2;-0.7;-1.9;-0.5;-1.9;-3.6;2.4;0.7;0.12;1.5;2.5;1.21;59;10;23;11;97157;0.07;3.5;0.27;0.22
2018;12;30;364;3.6;2.7;0.3;2.8;2;-0.4;3.7;-1.1;0.17;1.5;2.5;4.34;93;16;32;10;96956;0.23;6.05;0.27;0.22
2018;12;31;365;4.4;3.6;2.7;4.3;3.4;2.6;1.7;-0.3;0.15;1.4;2.5;2.73;36;7;5;2;97332;0.04;0.95;0.27;0.22
2019;1;1;1;4.5;3.5;0.5;4.4;2.9;-1.2;4.2;-0.2;0.13;1.4;2.5;1.61;63;11;65;13;96711;0.57;4.6;0.27;0.22
2019;1;2;2;1;-0.6;-2.3;-1.7;-4.4;-8;3.1;-3.4;0.15;1.4;2.5;3.36;159;35;96;60;96821;0.64;3.16;0.28;0.22
2019;1;3;3;-0.3;-1.9;-3.2;-4.7;-6.5;-7.6;2.3;-1.9;0.17;1.4;2.5;4.58;219;41;101;61;97473;0.26;0.45;0.28;0.22
2019;1;4;4;-0.2;-1.1;-2.2;-0.9;-3;-4.4;3;-0.9;0.2;1.4;2.5;6.01;84;16;35;19;97285;0.07;3.24;0.27;0.22
2019;1;5;5;3;1.5;-0.1;2.9;1.1;-0.8;3.4;-1;0.31;1.4;2.5;12.87;22;4;6;2;96537;-0.11;12.2;0.27;0.22
2019;1;6;6;3;2.1;1.2;2.9;1.1;-0.4;1.2;-1.8;0.29;1.3;2.5;11.5;91;16;32;10;96900;0.13;1.51;0.28;0.22
2019;1;7;7;2.8;1.9;0.5;2.4;1.5;-0.1;2.6;-0.5;0.24;1.3;2.5;8.73;53;10;35;10;97023;0.05;3.07;0.28;0.22
2019;1;8;8;2.9;1.4;0.5;2.5;0.9;-0.4;4.9;0.7;0.28;1.3;2.5;11.6;81;17;32;12;95354;0.17;13.96;0.29;0.22
2019;1;9;9;0.5;-0.7;-1.4;-0.4;-2.5;-3.5;3.5;-3;0.36;1.3;2.5;18.55;77;16;36;22;95097;0.45;7.19;0.29;0.22
2019;1;10;10;-0.2;-1.5;-4.5;-2.5;-4;-7.3;0.2;-3.1;0.37;1.3;2.5;21.28;125;26;78;38;96181;0.4;0.65;0.29;0.22
2019;1;11;11;-0.6;-3.5;-7.2;-1.2;-5.7;-9.8;2.8;0.3;0.37;1.2;2.5;23.4;61;11;56;15;96345;0.22;5.41;0.28;0.23
2019;1;12;12;1.7;0.9;0;1.4;0.6;-0.6;4;0.6;0.37;1.2;2.5;26.73;51;9;16;6;95885;-0.09;8.35;0.29;0.23
2019;1;13;13;5;2.5;0.5;4.8;2.1;0.1;4.7;0.5;0.37;1.2;2.5;28.01;18;4;22;4;94715;-0.35;13.16;0.29;0.23
2019;1;14;14;3.1;0.7;-1.9;2.1;-1.5;-4.5;4.1;-2.2;0.35;1.2;2.5;21.61;119;27;84;55;94973;0.3;2.85;0.31;0.23
2019;1;15;15;1.7;0.3;-1.8;0.7;-1.5;-4;4.7;0.1;0.36;1.2;2.5;22.22;114;20;63;26;95946;0.3;2.17;0.3;0.23
2019;1;16;16;2.9;1.3;0.4;0.7;-0.9;-4.1;2.4;1.8;0.34;1.2;2.5;20.01;111;23;68;33;95534;0.32;0.3;0.3;0.23
2019;1;17;17;4.2;2.1;-0.5;3.4;0.1;-4.4;3.7;1.9;0.3;1.2;2.5;17.22;54;12;65;32;94879;0.14;6.18;0.3;0.24
2019;1;18;18;-0.7;-2;-3.9;-2.3;-5.3;-7.9;1.7;-0.8;0.3;1.2;2.5;16.72;204;41;107;64;95921;0.47;1.01;0.3;0.24
2019;1;19;19;-1;-4.8;-8;-7.9;-9.1;-10.7;-2.1;-0.1;0.3;1.2;2.5;16.72;220;47;111;71;95956;0.32;0;0.3;0.24
2019;1;20;20;-2.4;-6.2;-9.7;-7;-9;-11.5;-1.8;-0.2;0.3;1.1;2.5;16.53;197;42;94;51;95857;0.19;0;0.3;0.24
2019;1;21;21;-1.6;-4.7;-7.9;-6.9;-8.3;-9.2;-0.9;-0.1;0.3;1.1;2.5;16.39;174;38;82;46;96196;0.2;0;0.29;0.24
2019;1;22;22;-2.7;-6.2;-8.3;-8.3;-9.1;-10.4;-0.5;1;0.29;1.1;2.5;16.22;227;48;110;56;95332;0.21;0;0.29;0.24
2019;1;23;23;-3.4;-6.6;-10.9;-8.4;-10;-12.3;-2.4;-0.1;0.29;1.1;2.5;16.09;189;37;67;39;94299;0.3;0.26;0.29;0.25
2019;1;24;24;-2.1;-4.7;-7.4;-6.8;-8.4;-9.9;-0.6;-0.2;0.29;1.1;2.5;16.14;152;31;59;32;95005;0.19;0.26;0.28;0.25
2019;1;25;25;-3.5;-5.6;-8.7;-5.1;-8.5;-9.8;2.1;0.5;0.3;1.1;2.5;16.32;101;23;55;24;95624;0.27;0.74;0.28;0.25
2019;1;26;26;1.6;-0.3;-3.2;1.5;-1;-5.3;3.5;1.5;0.35;1.1;2.4;21.51;51;11;13;4;95066;-0.08;9.39;0.28;0.25
2019;1;27;27;3.8;1.7;0.6;2.3;0.6;-0.3;1.3;3.1;0.35;1.1;2.4;21.26;88;20;70;24;93750;-0.1;4.71;0.28;0.25
2019;1;28;28;1.2;0.1;-1;0.5;-1.3;-2.2;3.9;1.8;0.35;1.1;2.4;22.67;142;26;50;19;93840;0.32;6.15;0.29;0.25
2019;1;29;29;0;-2.4;-8.4;-2.1;-4.5;-9;1.8;0.4;0.37;1.1;2.4;26.72;135;30;80;41;94755;0.25;0.95;0.28;0.25
2019;1;30;30;1;-4.2;-9.9;-3.2;-7.4;-12.1;-1.1;1.8;0.36;1.1;2.4;26.76;174;36;78;40;94075;0.3;0.33;0.28;0.25
2019;1;31;31;1.1;-3;-6.9;-3.9;-6.4;-8.9;-1;1.4;0.36;1.1;2.4;26.46;231;53;111;67;94199;0.25;0.02;0.28;0.25
2019;2;1;32;1.9;-1;-7.2;-1.2;-4.8;-9.3;-2;0.5;0.36;1.1;2.4;26.49;108;21;37;13;93678;0.39;2.13;0.28;0.25
2019;2;2;33;2.8;-0.1;-3.7;1.4;-0.8;-4.3;0.3;0.4;0.35;1.1;2.4;26.68;94;22;42;17;93991;-0.03;0.75;0.28;0.25
2019;2;3;34;0.9;-0.7;-1.8;0.7;-2.4;-3.6;1.1;-3.1;0.36;1.1;2.4;29.13;48;12;27;15;95449;0.31;7.65;0.28;0.25
2019;2;4;35;0.5;-3.2;-7.9;-2.8;-5.4;-10.1;0.4;0.9;0.37;1.1;2.4;32.8;239;55;106;66;97009;0.14;0.04;0.28;0.26
2019;2;5;36;0.2;-5;-12;-3.2;-7.2;-13;0.2;1.4;0.37;1.1;2.4;32.3;198;42;59;34;97045;0.23;0;0.28;0.26
2019;2;6;37;1.2;-4.6;-9.1;-3.4;-6.8;-10.4;-0.7;1.7;0.36;1.1;2.4;32.08;235;52;102;55;96878;0.19;0.01;0.27;0.26
2019;2;7;38;1.5;-3.2;-9.5;1.4;-5.1;-11.4;0.2;1.7;0.36;1.1;2.4;32.3;134;27;52;14;95938;0.18;1.73;0.27;0.26
2019;2;8;39;4.7;1.5;-0.1;0.9;-0.5;-2.8;0.9;2.4;0.35;1.1;2.4;30.97;231;50;90;46;96012;0.12;0;0.27;0.26
2019;2;9;40;6.5;3.5;0.2;2.1;0.1;-3.9;2.9;2.6;0.34;1.1;2.4;26.19;174;40;72;47;95498;0.09;1.44;0.28;0.26
2019;2;10;41;8.2;4.1;1.2;4;1.4;-0.2;1.7;3.4;0.29;1.1;2.4;18.81;173;34;54;29;94716;0.26;8.91;0.29;0.26
2019;2;11;42;3.5;1.4;0;1;-0.6;-1.8;4.7;-1.2;0.26;1.1;2.4;14.6;212;44;73;34;95547;0.72;3.53;0.3;0.26
2019;2;12;43;2.2;0.4;-0.7;-0.9;-2.1;-2.7;3.6;-1.4;0.27;1.1;2.4;15.54;206;45;63;39;97201;0.55;2.42;0.3;0.26
2019;2;13;44;4.4;1.1;-1.7;-1;-2.4;-3.4;2;0.3;0.27;1.1;2.4;15.28;248;65;86;55;97761;0.42;0;0.29;0.26
2019;2;14;45;6.8;2.3;-1.3;-0.5;-2.2;-3.9;0.4;0.3;0.25;1.1;2.4;13.09;316;71;103;54;97829;0.21;0;0.29;0.26
2019;2;15;46;9.9;2.6;-2.1;2.5;-1.5;-4;-0.9;0.4;0.22;1.1;2.4;10.34;354;88;122;70;97636;0.14;0;0.29;0.26
2019;2;16;47;9.5;2.1;-2.6;1;-2.2;-5.1;-0.5;1.6;0.19;1.1;2.4;7.91;375;94;124;77;97177;0.25;0;0.29;0.26
2019;2;17;48;10.1;2.4;-2.7;2.5;-1.3;-4.2;-0.7;1.6;0.17;1.1;2.4;6.02;385;97;120;78;96857;0.32;0;0.29;0.26
2019;2;18;49;10;2.4;-2.7;1.9;-2.1;-5.3;-0.6;1.6;0.16;1.1;2.4;4.5;402;102;126;82;96431;0.34;0;0.29;0.27
2019;2;19;50;7.7;2.2;-2.5;3.1;-0.3;-4.6;1.9;0.8;0.15;1.1;2.4;3.39;339;74;75;52;96238;0.07;0.23;0.29;0.27
2019;2;20;51;7;2.3;-1.8;2.1;-0.3;-2.1;1.7;0.4;0.13;1.1;2.4;2.55;331;76;63;46;96657;0.5;0;0.29;0.27
2019;2;21;52;8.2;3.9;-0.5;3.9;1.6;-1.2;2.2;0.1;0.13;1.1;2.4;1.89;255;56;54;32;96932;0.3;0.14;0.29;0.27
2019;2;22;53;6.7;4.2;-1.6;5.4;2.3;-5.3;-0.1;-1.8;0.12;1.1;2.4;1.03;146;29;58;16;97533;0.47;1.14;0.29;0.27
2019;2;23;54;3.5;-1.2;-4.8;-6.4;-9.4;-11.6;-2.2;0.4;0.12;1.1;2.5;0.81;441;115;117;91;98197;0.6;0;0.28;0.27
2019;2;24;55;7.8;1.1;-4.3;-0.9;-7.9;-9.9;-0.7;-0.2;0.12;1.2;2.5;0.74;435;113;115;76;98030;0.42;0;0.28;0.27
2019;2;25;56;11.5;3.6;-2.4;2.7;-2.9;-7.4;0.2;-1.1;0.12;1.2;2.5;0.57;437;115;111;73;97950;0.5;0;0.28;0.27
2019;2;26;57;12.9;5.1;-0.9;0.5;-2;-3.7;0.7;-1.5;0.12;1.2;2.5;0.39;459;120;125;76;97572;0.77;0;0.28;0.27
2019;2;27;58;13.4;5.6;-0.4;4;0.1;-3.5;0.6;0.1;0.11;1.2;2.5;0.26;452;120;118;74;96978;0.75;0;0.28;0.27
2019;2;28;59;11.9;6.3;0.1;5.8;1.7;-3.3;3.5;0.2;0.11;1.2;2.5;0.15;464;123;113;69;95899;0.88;0.66;0.27;0.27
2019;3;1;60;8.2;6.1;4.5;5.1;4.5;4;2.8;-0.1;0.11;1.2;2.5;0.04;272;60;61;26;95634;1.04;5.15;0.27;0.27
2019;3;2;61;5.6;4.2;2.8;4;2.7;1.1;2.3;0.3;0.11;1.2;2.5;0.02;149;36;33;15;95913;0.74;2.43;0.28;0.27
2019;3;3;62;9.5;6.9;4.7;4.4;3.5;2.4;3.4;1.9;0.11;1.2;2.5;0;152;41;74;24;95565;0.76;0.43;0.28;0.27
2019;3;4;63;12;7;2.8;2.9;1.1;-0.4;3.7;2.6;0.11;1.2;2.5;0;329;76;77;58;94499;1.2;1.65;0.27;0.27
2019;3;5;64;5.6;3.3;2.3;2.6;1.4;0.1;4.1;1.4;0.11;1.2;2.5;0.19;341;73;65;30;95173;1.49;7.88;0.27;0.27
2019;3;6;65;11.7;6.3;2.4;3;2.4;1.5;-1;2.6;0.12;1.3;2.5;0.35;381;98;98;50;95242;0.94;0.05;0.28;0.27
2019;3;7;66;10.3;7.1;4.8;3.5;1.5;-0.1;1.8;2.7;0.12;1.3;2.5;0.15;296;71;86;59;94637;0.95;0.63;0.28;0.27
2019;3;8;67;7.5;5;3.1;2.7;1.5;0.1;3.9;1.8;0.12;1.3;2.5;0.05;354;90;74;57;95621;1.21;3.28;0.27;0.27
2019;3;9;68;7.2;5.1;2.8;5.2;3.4;0.7;5.1;2;0.12;1.3;2.5;0.01;239;41;63;30;95698;1.76;12.26;0.28;0.27
2019;3;10;69;9.5;6.2;2.5;7.7;3.8;-0.8;5.7;1.3;0.12;1.3;2.5;0;231;31;73;32;95209;1.57;12.68;0.29;0.27
2019;3;11;70;3.2;1.5;0.2;0.6;-0.8;-2.1;4.8;0.3;0.14;1.3;2.5;1.83;412;94;73;51;95822;1.35;8.52;0.29;0.27
2019;3;12;71;6.9;3.2;0.2;-0.3;-3.8;-7.4;2.3;1.7;0.19;1.3;2.5;5.2;404;110;108;54;96111;1.36;1.02;0.29;0.27
2019;3;13;72;6.7;3.8;1.1;1.8;-0.9;-6.9;4.3;2.2;0.17;1.3;2.5;3.91;434;114;95;51;95159;1.7;5.16;0.29;0.27
2019;3;14;73;4.6;2.6;1.2;3.6;1.8;0.7;4.1;1.9;0.17;1.3;2.5;3.79;212;45;36;15;94871;0.99;11.45;0.3;0.27
2019;3;15;74;8.2;5.3;2.4;7.5;4.4;1.4;5.3;1.2;0.17;1.4;2.5;3.64;153;29;31;12;94938;0.74;12.65;0.3;0.28
2019;3;16;75;8.2;6.7;4.1;7.5;4.9;3.1;3.6;0.7;0.13;1.4;2.5;0.99;112;26;83;23;95319;0.73;16.97;0.32;0.28
2019;3;17;76;13.4;6.8;2.3;5.1;1.8;-0.6;3.4;1.6;0.13;1.4;2.5;0.38;507;132;106;66;94996;1.57;3.24;0.32;0.28
2019;3;18;77;6.5;2.8;0.3;1;-0.8;-2.6;3.5;0.5;0.13;1.4;2.5;0.75;472;129;100;65;95960;1.6;2.17;0.32;0.28
2019;3;19;78;6.4;1.9;-2.5;-0.3;-3.6;-6;1.1;-1.2;0.13;1.4;2.5;0.64;440;121;94;71;96888;1.02;0.12;0.31;0.29
2019;3;20;79;8.4;3.4;-1.1;-0.8;-3.7;-5.2;0.2;-0.4;0.13;1.4;2.5;0.45;558;167;131;89;97562;1.09;0;0.3;0.29
2019;3;21;80;12.6;5.3;-2.1;1.5;-1.4;-4.5;-1.4;-0.5;0.13;1.5;2.5;0.27;564;168;125;83;97609;1.35;0;0.3;0.29
2019;3;22;81;16.4;8.7;1.2;6.8;3.2;-1.5;-2.1;0.1;0.13;1.5;2.5;0.14;559;165;121;79;97316;1.43;0;0.29;0.29
2019;3;23;82;15.9;9.2;1.6;6.5;4;0.8;0.1;-0.1;0.12;1.5;2.5;0.03;581;175;132;85;96986;1.58;0;0.29;0.29
2019;3;24;83;13.1;8.7;6.2;6.1;5.1;4.4;-0.4;-1.2;0.13;1.5;2.5;0;395;113;80;46;96602;1.1;0.52;0.28;0.29
2019;3;25;84;6.7;3.5;1.1;4.6;1.2;-0.9;3.2;-1;0.13;1.5;2.5;0.24;481;129;81;59;96116;1.72;4.87;0.28;0.29
2019;3;26;85;6.5;3.5;1.3;0.6;-1.1;-3.5;2.7;-1.5;0.13;1.5;2.5;0.48;354;108;67;35;96888;1.34;1.09;0.28;0.29
2019;3;27;86;8.2;4.7;2.1;1.8;0.9;-0.2;0.8;-1.6;0.13;1.5;2.5;0.3;297;89;65;34;97275;1.14;0.78;0.28;0.29
2019;3;28;87;9;5.8;1.6;5.9;3.3;0.2;-0.1;-1.4;0.13;1.6;2.5;0.18;230;55;41;20;97534;0.49;0.36;0.28;0.29
2019;3;29;88;12.5;7.9;3.3;5.4;4;1.9;-1.7;0.1;0.13;1.6;2.5;0.07;505;149;129;61;97353;1.36;0;0.28;0.29
2019;3;30;89;15.6;8.4;-0.6;5.2;2.7;-1.2;0.4;0.1;0.13;1.6;2.5;0;616;192;134;92;96702;1.79;0;0.27;0.29
2019;3;31;90;15.3;10.1;5.4;5.3;3.4;1.8;-0.7;-1.1;0.13;1.6;2.5;0;513;140;99;69;96417;1.42;0.01;0.27;0.29
2019;4;1;91;12.7;7.6;3.2;3.7;1.6;-1.7;-3.4;-0.5;0.13;1.6;2.5;0;579;163;112;76;96359;1.51;0;0.27;0.29
2019;4;2;92;16.9;9.7;2.5;5.8;1.9;-3.2;-1.4;1.2;0.13;1.6;2.5;0;613;189;123;87;95495;1.95;0.03;0.26;0.29
2019;4;3;93;16.7;10.8;4.5;5.7;4.6;3.4;-0.6;0.7;0.13;1.7;2.5;0;606;162;130;72;94636;1.69;0.09;0.26;0.29
2019;4;4;94;18.2;9.8;5.2;6;4.4;3.6;0.5;0.4;0.13;1.7;2.5;0;605;173;117;59;94170;1.99;0.45;0.26;0.29
2019;4;5;95;12.8;8.2;4.9;6.6;5.2;4.2;-0.3;-0.2;0.13;1.7;2.5;0;215;63;67;26;94765;0.88;0.61;0.25;0.29
2019;4;6;96;15.5;10.8;6.4;6.5;5.2;3.1;-2.9;0.3;0.13;1.7;2.5;0;483;135;88;63;94881;1.53;0.07;0.25;0.29
2019;4;7;97;14.6;9.8;5.1;5.2;3.6;1.9;-2.9;-0.5;0.13;1.7;2.5;0;570;164;108;73;94917;1.67;0.03;0.25;0.29
2019;4;8;98;13.5;10;5.6;7.6;6.3;4.4;-0.8;-0.9;0.13;1.7;2.5;0;409;111;72;44;95254;1.29;2.11;0.25;0.29
2019;4;9;99;15.8;10.5;6.3;7.3;5.5;3.3;-1.6;-1.5;0.14;1.7;2.5;0;596;162;117;64;95328;2.02;1.03;0.25;0.29
2019;4;10;100;12.1;7.3;3.2;3;1.2;-2.8;-2.7;-2;0.14;1.8;2.5;0;493;148;96;72;95523;1.5;0.01;0.24;0.29
2019;4;11;101;7.4;4;0.6;-2.2;-3.7;-5.1;-2.7;-2;0.14;1.8;2.5;0;551;181;105;80;96141;1.58;0;0.24;0.29
2019;4;12;102;5.8;2.6;-0.8;-4.4;-5.1;-5.9;-2.3;-1.2;0.14;1.8;2.5;0;524;158;84;64;96359;1.37;0;0.24;0.29
2019;4;13;103;6.8;3.2;-0.6;-2.7;-3.7;-4.6;-1.9;-0.8;0.14;1.8;2.5;0.02;513;156;104;74;96241;1.43;0.39;0.24;0.29
2019;4;14;104;6.4;3.4;-0.2;2.6;-0.5;-2.9;-1.9;-2;0.14;1.8;2.5;0.02;367;117;75;44;96329;0.96;0.91;0.23;0.29
2019;4;15;105;13.3;8;2.7;2.7;-0.8;-3;-2.4;-0.7;0.14;1.8;2.5;0;680;225;138;90;96555;2.39;0.01;0.23;0.29
2019;4;16;106;15;9.1;2.8;0.4;-1.3;-2.8;-2.7;0.1;0.14;1.9;2.5;0;685;229;138;103;96280;2.38;0;0.23;0.29
2019;4;17;107;15.8;10.5;4.1;3;0.2;-1.6;-2.7;0;0.14;1.9;2.5;0;694;232;147;104;96666;2.47;0;0.22;0.29
2019;4;18;108;17.1;12;6.4;3.8;2.5;1.2;-3.6;-0.1;0.14;1.9;2.5;0;680;225;130;99;96930;2.39;0;0.22;0.29
2019;4;19;109;19.4;13.8;8.1;4.3;2.9;1.4;-3.2;0;0.14;1.9;2.5;0;687;233;133;106;97200;2.67;0;0.22;0.29
2019;4;20;110;20.2;14;7.2;3.6;1.5;-0.6;-2.1;-0.7;0.14;1.9;2.5;0;703;239;152;110;97089;2.78;0;0.22;0.29
2019;4;21;111;19.8;13.6;5.9;4.1;1.9;0.7;-2.3;-0.2;0.14;2;2.5;0;700;239;148;106;96425;2.63;0;0.21;0.28
2019;4;22;112;19.3;13.3;6.8;3.4;1.6;0;-4;-0.4;0.14;2;2.5;0;698;239;138;104;95523;2.61;0;0.21;0.28
2019;4;23;113;20.1;13.7;9;6.8;5.4;2.4;-4.5;1.2;0.14;2;2.5;0;658;202;110;83;94686;2.15;0;0.21;0.28
2019;4;24;114;23.1;15.7;8.3;9.7;6.9;4.3;-1.3;1.5;0.14;2;2.5;0;684;229;128;88;94940;2.72;0.57;0.2;0.28
2019;4;25;115;22.8;15.8;6.5;6.9;4.5;1.1;-1.8;1.4;0.14;2;2.5;0;697;237;136;99;95434;2.67;0;0.2;0.28
2019;4;26;116;15;10.4;7.2;7.3;6.6;5.2;2.8;-0.1;0.14;2.1;2.5;0;519;126;92;50;95597;1.25;2.51;0.2;0.28
2019;4;27;117;14.7;9;5.5;7.2;6.1;4.2;2.5;1.1;0.15;2.1;2.5;0;600;166;99;47;95869;2.18;8.27;0.2;0.28
2019;4;28;118;10.6;6.9;4.1;4.1;2.7;1.3;2;-0.6;0.15;2.1;2.5;0;569;179;108;58;96162;2.51;3.16;0.2;0.28
2019;4;29;119;8.7;6.6;4.3;6.8;4.6;2.3;2;-2.1;0.15;2.1;2.5;0;204;65;46;24;96184;1.41;9.94;0.2;0.28
2019;4;30;120;14.1;9;4.1;7.1;3;0.7;0.4;-2.8;0.15;2.1;2.5;0;632;222;130;80;96012;2.55;0.13;0.21;0.28
2019;5;1;121;17.2;10.8;2.6;7.8;4.6;0.4;1.6;-1.2;0.15;2.2;2.5;0;543;198;103;78;95807;2.33;0.45;0.21;0.28
2019;5;2;122;16.3;11.9;6.2;6.9;5.4;4.3;2.7;0.3;0.15;2.2;2.5;0;572;183;100;65;95246;2.17;0.17;0.21;0.28
2019;5;3;123;12;9.3;5.2;6.9;4.6;2.4;2.1;-0.9;0.15;2.2;2.5;0;553;171;102;58;95235;2.16;1.48;0.21;0.28
2019;5;4;124;7;4.5;2;5.3;1.2;-2.6;0.8;-0.6;0.15;2.2;2.5;0.02;246;80;74;44;95043;1.54;7.23;0.21;0.28
2019;5;5;125;8.3;4.6;1;-0.2;-2.6;-4.2;0;-2.4;0.15;2.2;2.5;0.04;457;155;91;62;95812;1.72;0.2;0.21;0.28
2019;5;6;126;9.4;5.1;-0.3;1.2;-1.6;-3.3;1.7;-1.3;0.15;2.2;2.5;0.01;570;197;95;75;96122;2.2;1.19;0.21;0.28
2019;5;7;127;10.6;6.2;0.3;2.8;0.2;-2;1;0.3;0.15;2.3;2.5;0;522;175;94;67;96074;1.96;0.92;0.21;0.28
2019;5;8;128;15.1;8.8;2.4;7.6;3.5;-1.3;-0.6;2.2;0.15;2.3;2.5;0;650;147;102;46;95122;1.92;5.1;0.2;0.28
2019;5;9;129;14;9.9;7.1;8.1;6.6;4.4;2.7;1.8;0.15;2.3;2.5;0;586;171;93;40;94656;2.97;6.48;0.21;0.28
2019;5;10;130;14.6;10.6;6.6;8.8;5.3;1.7;3.2;0.7;0.15;2.3;2.5;0;586;178;100;55;95391;2.72;0.92;0.21;0.28
2019;5;11;131;16.5;10.3;5.3;11.6;7.8;4.1;0.7;0.6;0.15;2.3;2.5;0;504;135;79;34;95484;2.49;9.45;0.21;0.28
2019;5;12;132;11.5;8.1;5.4;5.3;1.6;-1.5;0.1;-4;0.15;2.4;2.5;0;524;150;102;42;96911;2.74;1.81;0.22;0.28
2019;5;13;133;12.2;8.3;4.3;1.6;-0.8;-2.3;-0.9;-3;0.15;2.4;2.5;0;695;245;117;96;97563;2.91;0;0.21;0.27
2019;5;14;134;10.4;6.8;2.7;2.6;-0.2;-1.6;-1.4;-3.2;0.15;2.4;2.5;0;615;228;108;82;97093;2.7;1.67;0.21;0.27
2019;5;15;135;8.7;5.5;1.8;1.8;0.4;-2;-1;-2.9;0.15;2.4;2.5;0;552;138;82;50;96532;1.56;0.68;0.21;0.27
2019;5;16;136;6.8;5.9;4.6;5.5;4.1;1.9;-0.4;-1;0.15;2.4;2.5;0;128;46;23;12;95830;1.01;4.53;0.21;0.27
2019;5;17;137;15.5;10.7;5.6;6.6;6;5.1;-2.4;0.4;0.16;2.4;2.5;0;427;140;81;45;95264;2.06;0.11;0.21;0.27
2019;5;18;138;19.4;13.4;6.4;9.8;8;5.5;-2.1;-0.3;0.16;2.5;2.5;0;721;256;123;85;94998;3.12;0.4;0.21;0.27
2019;5;19;139;21;15.2;8.8;12.2;10;7.6;-1.8;-0.6;0.16;2.5;2.5;0;713;240;117;82;94771;3.22;1.52;0.21;0.27
2019;5;20;140;15.5;13.4;10.2;13.6;11.7;9.8;-0.5;-1.2;0.16;2.5;2.5;0;226;80;51;36;94601;1.49;13.61;0.21;0.27
2019;5;21;141;16.9;12.7;8.9;12.5;11.2;8.8;0.6;-0.4;0.16;2.5;2.5;0;398;108;62;26;94953;1.94;10.01;0.22;0.27
2019;5;22;142;14.9;12.3;10.3;11;9;6.8;2.9;-2;0.16;2.5;2.5;0;350;97;44;19;95931;1.99;0.84;0.22;0.27
2019;5;23;143;17.6;12.8;6.3;9;6.5;4.8;1.2;-1.2;0.16;2.5;2.5;0;613;209;101;74;96217;2.88;0;0.22;0.27
2019;5;24;144;18.7;14.5;8.7;11;8.4;6.8;0.3;-0.5;0.16;2.5;2.5;0;619;173;104;56;95906;2.54;0.05;0.22;0.27
2019;5;25;145;19.8;15;10;11.5;9.9;8.4;0.6;-1;0.16;2.6;2.5;0;658;212;105;69;95853;3.04;1.44;0.22;0.27
2019;5;26;146;19.3;14.5;8.3;10.7;9.2;8;1.4;0.1;0.16;2.6;2.5;0;596;213;102;74;95862;3.07;0.16;0.21;0.27
2019;5;27;147;19.2;15.2;9.8;11.6;9.9;8.2;1.9;0.3;0.16;2.6;2.5;0;546;184;92;56;95378;2.66;0.72;0.21;0.27
2019;5;28;148;14.9;12.3;9.3;11.7;10.7;8.8;0.9;-1.2;0.16;2.6;2.5;0;341;96;49;29;95131;2.06;7.97;0.21;0.27
2019;5;29;149;13.7;10.6;6.9;8.6;5.9;3.6;-0.7;-2.2;0.16;2.6;2.5;0;387;117;89;43;96248;2.26;1.35;0.22;0.27
2019;5;30;150;18;12.7;5.5;8.8;4.7;2.4;1;-0.5;0.16;2.6;2.5;0;758;275;141;93;96847;3.68;0;0.21;0.27
2019;5;31;151;19.8;15.8;10.4;13.1;11.3;8.2;1.2;-0.2;0.16;2.6;2.5;0;610;174;83;51;96853;2.56;0.85;0.21;0.27
2019;6;1;152;23.5;18.7;13.3;14.1;12.3;10.6;0.6;-0.4;0.16;2.6;2.5;0;570;223;100;72;96642;3.36;0.11;0.21;0.27
2019;6;2;153;26.1;20.3;12.2;14.1;12.1;10.7;-0.9;1.1;0.16;2.7;2.5;0;730;260;127;89;96271;4.05;0;0.2;0.27
2019;6;3;154;27.7;21.4;13.8;15.6;12;8.6;-0.1;1.3;0.16;2.7;2.5;0;734;276;137;95;95983;4.3;0;0.2;0.27
2019;6;4;155;27.4;21.6;14.6;16.5;13.4;11.6;-0.7;0.2;0.16;2.7;2.5;0;725;262;126;88;95705;4.08;0.1;0.2;0.27
2019;6;5;156;28.6;22.7;15;14.5;12.9;10.8;-2.3;0.4;0.16;2.7;2.5;0;726;261;130;89;95267;4.14;0.14;0.19;0.27
2019;6;6;157;19.7;17.1;12.1;13.9;12.3;10.2;2.2;-0.6;0.16;2.7;2.5;0;506;187;77;60;95497;2.52;2.51;0.19;0.27
2019;6;7;158;23.6;17.2;8.8;14;11.7;8.6;-1.4;0.6;0.16;2.7;2.5;0;640;227;107;68;95780;3.53;2.13;0.19;0.26
2019;6;8;159;19;15.2;12.6;10.5;6.9;3.7;2.2;1.3;0.16;2.7;2.5;0;602;188;128;68;96612;3.08;0.02;0.19;0.26
2019;6;9;160;23.9;17.4;8.6;14.6;9.6;5.7;-1.7;0;0.16;2.8;2.5;0;733;235;118;73;96555;3.29;1.3;0.18;0.26
2019;6;10;161;24.5;18.7;13.8;15.6;14.1;12.6;0.4;-0.7;0.16;2.8;2.6;0;494;178;76;52;95720;2.74;2.59;0.18;0.26
2019;6;11;162;25.2;19.4;14.9;17.5;14.5;13.2;-0.4;-0.6;0.16;2.8;2.6;0;612;185;81;49;95357;3.14;0.32;0.18;0.26
2019;6;12;163;27.2;18.4;13.7;16.7;14;10.6;0.8;0.4;0.16;2.8;2.6;0;675;220;101;63;95356;3.06;2.37;0.18;0.26
2019;6;13;164;23;17.9;12.5;12.5;10.5;7.9;0.2;-0.6;0.16;2.8;2.6;0;683;234;128;75;95926;3.61;0.76;0.18;0.26
2019;6;14;165;28.2;21.5;12.1;15.3;12.8;10.4;-2.4;0.2;0.16;2.8;2.6;0;723;243;116;79;96011;3.59;0;0.18;0.26
2019;6;15;166;24.9;21.7;17.7;16.3;13.8;12.4;1.7;-0.1;0.16;2.8;2.6;0;727;251;113;76;95724;3.59;0.08;0.17;0.26
2019;6;16;167;19.2;17.1;14;13.9;12.8;12.1;0.3;-1.2;0.16;2.8;2.6;0;337;110;59;45;96386;2.04;3.17;0.17;0.26
2019;6;17;168;23.4;18.8;11.7;12.8;11.3;9.9;-2.1;-0.2;0.16;2.8;2.6;0;570;202;89;68;96444;3.12;0.14;0.17;0.26
2019;6;18;169;26.1;21.3;15.2;14;12.1;10.9;-2.2;0.4;0.16;2.8;2.6;0;696;233;109;79;96019;3.43;0;0.17;0.26
2019;6;19;170;28.4;22.2;15.7;15.1;13.6;11.7;-0.3;1.1;0.16;2.8;2.6;0;697;233;114;75;95584;3.57;1.41;0.17;0.26
2019;6;20;171;24.6;19.7;15.4;14.8;13.7;12.7;1.8;0.7;0.16;2.8;2.6;0;608;201;101;66;95701;2.79;1.26;0.17;0.26
2019;6;21;172;23.1;18.8;13.7;14.4;12.9;11.1;0.9;-0.7;0.16;2.8;2.6;0;543;197;97;68;96145;2.75;0.33;0.16;0.26
2019;6;22;173;21.6;18.3;15;15.7;13.8;11.4;-3;-1.4;0.16;2.8;2.6;0;536;170;78;53;96207;3.32;8.34;0.16;0.26
2019;6;23;174;23.8;19.9;15.4;14.5;13.3;12.3;-3.2;-0.7;0.16;2.8;2.5;0;579;203;81;51;96317;3.66;2.18;0.17;0.26
2019;6;24;175;26.9;21.9;16.2;13.3;12.3;10.9;-2.8;0.3;0.16;2.8;2.5;0;736;279;125;92;96603;4.05;0;0.17;0.26
2019;6;25;176;30.7;24.6;17.6;18.2;15.3;13.3;-2;0.8;0.16;2.8;2.5;0;731;278;124;93;96574;3.98;0;0.16;0.26
2019;6;26;177;33.9;27.3;18.2;18.8;16.8;15.2;0.8;-0.5;0.15;2.7;2.5;0;725;274;125;86;96674;3.9;0;0.16;0.26
2019;6;27;178;28.7;24.2;18.2;17.8;11.2;4.3;0.1;-2.7;0.15;2.7;2.5;0;738;274;145;98;96681;3.86;0;0.15;0.26
2019;6;28;179;26;20.2;14.6;10.4;8.6;6.6;-0.8;-1.9;0.15;2.7;2.5;0;756;287;150;111;96664;3.43;0;0.15;0.25
2019;6;29;180;29.7;22.6;14.5;10.3;8.3;6.5;-1.9;0.4;0.15;2.7;2.5;0;753;286;156;113;96467;3.43;0;0.15;0.25
2019;6;30;181;34.3;26.1;14.7;15.4;9.8;3.7;1;0.8;0.15;2.7;2.5;0;758;287;169;114;96068;3.16;0;0.15;0.25
2019;7;1;182;30;25.1;20.6;17.5;14.5;10;2.5;0.2;0.15;2.7;2.5;0;683;227;109;71;95984;3.02;1.95;0.15;0.25
2019;7;2;183;24.8;20.6;16.2;10;7;4.4;0.7;-2.2;0.15;2.7;2.5;0;746;281;153;107;96309;3.07;0;0.14;0.25
2019;7;3;184;23.3;18.4;13.1;5.3;4.4;3.8;-0.7;-1.9;0.15;2.7;2.5;0;741;284;154;114;96505;2.81;0;0.14;0.25
2019;7;4;185;24.9;19;12.4;5.6;4.8;4.1;-0.3;-1.4;0.15;2.7;2.5;0;749;288;157;114;96486;2.75;0;0.14;0.25
2019;7;5;186;25.8;20.2;13.5;9.9;6.6;5.3;2.2;-0.7;0.15;2.7;2.5;0;706;246;134;88;96071;2.27;0;0.14;0.25
2019;7;6;187;29;22.7;14;9.9;6.3;3.3;2.7;0.3;0.15;2.7;2.5;0;751;275;153;103;95528;2.42;0.01;0.14;0.25
2019;7;7;188;20.3;17.7;13.8;12.6;8.5;3.9;2;-1.7;0.15;2.7;2.5;0;511;169;110;71;95574;1.6;0.45;0.13;0.25
2019;7;8;189;20.4;15.7;10.4;7;3.6;0.1;1.7;-1.7;0.15;2.6;2.5;0;716;248;126;91;95995;1.87;0;0.13;0.25
2019;7;9;190;18;14.1;9.4;7.2;5;2.1;1.2;-1.8;0.15;2.6;2.5;0;499;174;80;70;96159;1.58;0.66;0.13;0.25
2019;7;10;191;21.5;15.9;8.6;7.5;4.8;2.5;1.1;-1.3;0.15;2.6;2.5;0;738;261;151;101;96175;1.92;0;0.13;0.25
2019;7;11;192;18.9;15.7;12.5;12.8;9;5.7;1.6;0.3;0.15;2.6;2.5;0;277;85;52;34;95874;1;4.9;0.13;0.25
2019;7;12;193;21.7;16.4;12.3;14;13;12;1.8;0.4;0.15;2.6;2.5;0;547;174;89;44;95627;2.42;6.68;0.14;0.25
2019;7;13;194;18.7;15.2;12.8;13.7;12.7;12;2.2;-1.4;0.15;2.6;2.5;0;569;142;71;35;95813;2.74;9.08;0.14;0.25
2019;7;14;195;19.4;15.8;13.5;14.2;12.3;10.8;-0.3;-1.8;0.15;2.6;2.5;0;597;166;96;47;96009;2.45;2.04;0.15;0.25
2019;7;15;196;21.3;17;12.3;11;10.3;8.8;-0.5;-1.6;0.15;2.6;2.5;0;507;192;96;67;96003;2.5;0.4;0.15;0.25
2019;7;16;197;22;16.5;10.9;10.1;9.3;8.4;1.4;-1.7;0.15;2.6;2.5;0;685;240;118;84;96026;2.68;0;0.14;0.25
2019;7;17;198;22.2;17.5;10.9;11.2;10.4;9.6;-0.1;-1.2;0.15;2.6;2.5;0;577;197;95;71;95838;2.37;0.06;0.14;0.25
2019;7;18;199;24.6;19.5;12.2;11.7;9.6;7.5;1;-0.1;0.15;2.6;2.5;0;667;240;121;85;95714;2.8;0;0.14;0.25
2019;7;19;200;23.2;19.4;15.7;15.4;13.4;10.5;1.4;0.4;0.15;2.5;2.5;0;453;153;77;52;95970;2.33;2.17;0.14;0.24
2019;7;20;201;28.9;22.2;14.5;15.1;13.8;12.4;0.7;1.3;0.15;2.5;2.5;0;702;237;119;73;95967;3.02;1.78;0.14;0.24
2019;7;21;202;23.9;20.5;16.9;16.1;14.2;12.6;2.2;-0.2;0.15;2.5;2.5;0;573;189;93;60;96434;2.87;5.8;0.14;0.24
2019;7;22;203;26.5;21.7;16.2;14.3;12.3;10.5;1.1;-0.6;0.15;2.5;2.5;0;621;225;117;79;96759;2.9;0;0.14;0.24
2019;7;23;204;29.9;23.7;15.5;13.9;12.8;12.2;-1.1;-1;0.15;2.5;2.5;0;713;261;131;89;96585;3.35;0;0.14;0.24
2019;7;24;205;32.6;26.2;18.3;15;13.6;12.4;-1.6;0.1;0.15;2.5;2.5;0;714;262;137;94;96228;3.33;0;0.13;0.24
2019;7;25;206;34.2;27.6;18.7;14.6;12.5;10.5;-1.8;-0.7;0.15;2.5;2.5;0;704;257;142;96;96110;3.14;0;0.13;0.24
2019;7;26;207;33.5;27.5;20;13;10.4;8.7;-2;-1.1;0.15;2.5;2.5;0;703;246;145;101;95544;2.92;0.05;0.13;0.24
2019;7;27;208;24;22;18.3;17.9;14;9.7;-1.8;0.2;0.15;2.5;2.5;0;445;158;82;64;94863;2.33;3.05;0.13;0.24
2019;7;28;209;25.4;21.5;17.5;17.7;16.1;14.5;-0.8;-0.5;0.15;2.5;2.5;0;456;145;79;49;94651;2;0.5;0.13;0.24
2019;7;29;210;26.1;21.8;18.1;17.7;16.7;16.2;1.9;-1.2;0.15;2.5;2.5;0;485;165;77;41;95371;2.45;5.12;0.13;0.24
2019;7;30;211;25.5;22.1;19.4;16.8;15.9;14.6;1.6;-0.5;0.15;2.4;2.5;0;502;164;81;47;95721;2.31;0.72;0.13;0.24
2019;7;31;212;22.2;18.9;16;15.9;13.3;10.5;2.1;-0.1;0.15;2.4;2.5;0;396;126;89;56;96043;2.21;4.62;0.13;0.24
2019;8;1;213;23.5;19.1;13.9;12;9.5;7.2;1.4;-0.4;0.15;2.4;2.5;0;593;190;102;74;96119;2.36;0;0.13;0.24
2019;8;2;214;23.5;19.2;14.4;13.5;10.9;9.4;0.2;-1.1;0.15;2.4;2.5;0;486;182;100;68;95884;2.18;0.37;0.13;0.24
2019;8;3;215;20.8;17.2;13.6;14.3;13.3;12.2;1.1;-1;0.15;2.4;2.5;0;451;149;70;55;95910;2.71;6.37;0.13;0.24
2019;8;4;216;23.1;19;13.5;14.1;12.3;10.4;0.7;-0.6;0.15;2.4;2.5;0;550;196;101;73;96061;2.37;0.39;0.13;0.24
2019;8;5;217;25.9;20.9;14.1;15.2;12.7;10.6;1.4;1.1;0.15;2.4;2.5;0;609;197;107;66;95780;2.57;1.5;0.13;0.24
2019;8;6;218;25.3;20.1;15.4;16.4;15;13.3;1.3;0.8;0.15;2.4;2.5;0;539;174;88;58;95657;2.27;4.93;0.13;0.24
2019;8;7;219;22.2;17.7;15.2;16.6;15.9;14.8;1.7;0.9;0.15;2.4;2.5;0;475;106;59;37;95450;2.02;15.49;0.14;0.24
2019;8;8;220;22.3;18.3;14.9;14.8;13.4;11.5;1.8;0.6;0.15;2.4;2.5;0;507;155;97;48;95803;2.57;0.78;0.15;0.24
2019;8;9;221;28.2;22;13.7;15.7;13.6;11.6;-0.3;1.8;0.15;2.3;2.5;0;642;212;104;69;95725;3.01;2.74;0.15;0.24
2019;8;10;222;22.2;20;17;19;16.6;13.6;2.1;1.9;0.15;2.3;2.5;0;405;103;88;46;95967;2.28;3.87;0.15;0.24
2019;8;11;223;26.9;20.9;14.1;14.9;13.4;11.9;-0.1;1.1;0.15;2.3;2.5;0;597;215;109;72;96034;3.16;2.07;0.15;0.24
2019;8;12;224;17.5;16.1;15.2;14.8;13;11.5;1.3;-0.3;0.15;2.3;2.5;0;316;76;49;32;96052;2.09;8.13;0.15;0.24
2019;8;13;225;18.9;15.9;13;11.6;9.5;7.3;2.5;0.2;0.15;2.3;2.5;0;569;182;93;66;96176;2.64;0.39;0.15;0.24
2019;8;14;226;18.6;15.2;11;9.5;8.3;7.4;1.8;0.1;0.15;2.3;2.5;0;660;211;109;82;96235;2.5;0.29;0.15;0.24
2019;8;15;227;18.3;14.9;10.3;13.3;11;7.5;1.1;1.7;0.14;2.3;2.5;0;343;123;70;51;95933;2.23;6.19;0.15;0.24
2019;8;16;228;19.8;15.9;12.9;13.5;11.6;9.8;1.7;0.3;0.14;2.3;2.5;0;495;157;94;54;96155;2.39;1.11;0.16;0.23
2019;8;17;229;22.3;17.4;13;15;12.2;9.6;0.5;2.1;0.14;2.3;2.5;0;295;90;56;37;95846;1.45;1.13;0.15;0.23
2019;8;18;230;28.4;21.8;16;16.6;15.2;14.1;1.6;1.7;0.14;2.3;2.5;0;623;199;103;56;95537;3.22;0.33;0.15;0.23
2019;8;19;231;20.7;18.4;16.7;16.3;14.7;12.6;1.2;0;0.14;2.3;2.5;0;329;93;63;40;96135;1.64;4.26;0.15;0.23
2019;8;20;232;21.2;16.6;13.1;15.1;13.4;12;0.6;-1.2;0.14;2.3;2.5;0;303;84;59;34;96574;1.8;15.22;0.16;0.23
2019;8;21;233;20.7;15.9;10.6;11.7;9.3;6.4;-0.3;-0.7;0.14;2.3;2.5;0;596;192;112;73;97112;2.93;0.29;0.17;0.23
2019;8;22;234;22.5;17.3;12.3;11.4;10.1;8.6;-2.1;-0.3;0.14;2.2;2.5;0;676;226;127;91;96996;2.94;0;0.17;0.23
2019;8;23;235;23.7;18;11.1;13;11.4;9.8;-1.9;-0.5;0.14;2.2;2.5;0;614;212;122;86;96913;2.79;0;0.16;0.23
2019;8;24;236;25.7;20.5;14.6;17.2;15.1;11.1;-2.4;-0.7;0.14;2.2;2.5;0;589;187;84;61;96531;2.58;0.38;0.16;0.23
2019;8;25;237;26.9;21.8;16.9;17.4;16.6;15.7;-1.8;-0.1;0.14;2.2;2.5;0;554;181;91;65;96374;2.62;0.82;0.16;0.23
2019;8;26;238;27.2;21.5;15.8;18;16.3;15.1;-1.6;0.1;0.14;2.2;2.5;0;609;188;102;64;96341;2.75;1.03;0.16;0.23
2019;8;27;239;27;21.4;15.9;17.7;16.7;15.5;-1.2;0.6;0.14;2.2;2.5;0;607;193;103;67;96227;2.64;1.02;0.16;0.23
2019;8;28;240;28.6;22.4;16.4;17.9;16.3;14.3;0;1.1;0.14;2.2;2.5;0;519;178;103;67;96124;2.6;0.31;0.15;0.23
2019;8;29;241;26.8;21.9;17.6;18.8;16.5;15.5;0.5;0.7;0.14;2.2;2.5;0;487;157;89;59;96326;2.18;0.64;0.15;0.23
2019;8;30;242;27.4;21.9;16.4;17.9;16.3;14.9;-0.3;0.5;0.14;2.2;2.5;0;594;189;103;69;96594;2.52;0.36;0.15;0.23
2019;8;31;243;28.5;22.5;15.5;17.3;15.4;13.4;-1.2;0.9;0.14;2.2;2.5;0;595;190;107;72;96050;2.59;0.24;0.15;0.23
2019;9;1;244;24.8;20.6;16.7;17.1;14.8;12.4;1.7;0.1;0.14;2.2;2.5;0;519;167;94;63;95747;2.47;1.97;0.15;0.23
2019;9;2;245;19.1;16.4;12.2;12.3;7.5;4.2;0.7;-2.1;0.14;2.2;2.5;0;475;141;98;68;96470;1.99;0.15;0.15;0.23
2019;9;3;246;20.6;15.9;11;8.6;6.1;4.7;1;-0.1;0.14;2.2;2.5;0;625;202;134;93;96755;2.14;0;0.15;0.23
2019;9;4;247;23.4;17.2;10.4;10.7;8.2;6.8;0.4;1.8;0.14;2.2;2.5;0;617;200;131;90;96164;2.15;0;0.14;0.23
2019;9;5;248;19.1;15.6;12.5;12.2;7.9;4.5;2.2;-0.8;0.14;2.2;2.5;0;564;144;99;57;96139;1.6;0.23;0.14;0.23
2019;9;6;249;18.3;14.7;11.1;9.3;7;5;-1;-0.4;0.14;2.2;2.5;0;515;132;101;55;96582;1.47;0.35;0.14;0.23
2019;9;7;250;14.7;12.9;11;10.8;9.1;7;0.8;-0.3;0.14;2.2;2.5;0;199;60;64;34;96230;1.42;6.08;0.15;0.23
2019;9;8;251;15.5;12.1;8.9;11;9.3;7.4;-0.7;-0.7;0.14;2.2;2.5;0;337;91;76;39;95996;1.3;8.6;0.15;0.23
2019;9;9;252;12.5;10.8;8.5;11.1;10;8.4;1.7;-1;0.14;2.2;2.5;0;94;26;62;23;95708;0.93;21.2;0.17;0.23
2019;9;10;253;16.9;11.7;6.7;9.2;7.3;5.8;0.2;0.3;0.14;2.2;2.5;0;431;124;96;54;96201;1.74;0.13;0.17;0.23
2019;9;11;254;19.4;13.6;7;8.6;6.9;5.1;0.7;0;0.14;2.2;2.5;0;595;179;129;82;96717;2.2;0;0.17;0.23
2019;9;12;255;18.6;15;11.3;13.4;10.8;7.5;1.8;0.9;0.14;2.1;2.5;0;298;72;68;31;97285;1.01;0.2;0.17;0.23
2019;9;13;256;20.2;16;11.2;14.1;12.8;10.5;1.5;-0.5;0.14;2.1;2.5;0;350;95;62;37;97445;1.26;0.2;0.17;0.23
2019;9;14;257;19.2;15.7;12.4;13;11.2;10;-1.8;-0.2;0.14;2.1;2.5;0;423;124;89;57;97428;1.6;0.11;0.17;0.23
2019;9;15;258;23.1;16.5;10;14;11.4;9.4;1.2;0.6;0.14;2.1;2.5;0;550;172;118;82;96742;2.01;0;0.17;0.23
2019;9;16;259;21.4;16.1;11.1;13.3;10.3;8.2;1.7;-0.4;0.14;2.1;2.5;0;518;131;101;53;96291;1.77;1.23;0.17;0.23
2019;9;17;260;16.7;13.7;10.4;13.2;8.2;4.1;2.5;-1.6;0.14;2.1;2.5;0;478;130;109;51;96174;1.95;0.24;0.17;0.23
2019;9;18;261;14.3;10.3;6.8;4.7;2.5;0.4;1.2;-1.7;0.14;2.1;2.5;0;431;139;103;88;96703;1.55;0;0.16;0.23
2019;9;19;262;12.8;8.6;4.4;4.5;2.4;0.8;-0.3;-1.7;0.14;2.1;2.5;0;477;150;105;83;97079;1.39;0;0.16;0.23
2019;9;20;263;15.3;9.5;3.4;5.5;3.2;1.4;-1;-0.7;0.14;2.1;2.5;0;547;165;126;86;97085;1.5;0;0.16;0.23
2019;9;21;264;19.7;12.5;5.2;7.3;5;2.6;-2.2;0;0.13;2;2.5;0;551;166;126;87;96524;1.71;0;0.16;0.23
2019;9;22;265;20.8;14.5;9;9.5;7.1;4.5;-2;0.4;0.13;2;2.5;0;545;163;124;86;95724;1.72;0;0.16;0.23
2019;9;23;266;15.1;12.3;8.7;12.8;10.5;7.4;1.4;-0.3;0.13;2;2.5;0;251;54;57;31;95820;0.64;4.51;0.16;0.23
2019;9;24;267;17.5;13.9;10.9;11.7;10.5;9.2;0.4;1.1;0.13;2;2.5;0;292;75;51;32;95755;1.16;0.58;0.16;0.23
2019;9;25;268;15.9;13.2;11.1;12.8;10.8;9.2;2;1.4;0.13;2;2.5;0;300;83;64;35;95333;1.61;3.99;0.16;0.23
2019;9;26;269;17.2;13.8;11.2;13.2;11.3;9.7;1.8;1.5;0.13;2;2.5;0;418;82;71;26;95743;1.33;5.27;0.16;0.23
2019;9;27;270;16.9;14.2;12.1;13.8;12.9;11.4;2;1.9;0.13;1.9;2.5;0;201;43;40;22;95744;1.27;8.04;0.17;0.23
2019;9;28;271;16.4;13.2;11.2;12.1;10.2;8.3;2.5;1.6;0.13;1.9;2.5;0;352;93;77;48;95942;1.47;3.11;0.18;0.23
2019;9;29;272;20.2;15.5;10.9;10;8.4;7.2;2.6;2.9;0.13;1.9;2.5;0;458;134;104;64;95301;2.06;2.33;0.18;0.23
2019;9;30;273;15;13.1;10.6;12.8;8.7;6.3;5.3;0.8;0.13;1.9;2.5;0;425;102;85;52;95326;2.17;5.03;0.18;0.23
2019;10;1;274;19.8;14.3;9.2;13.3;10.5;7.6;2;2.4;0.13;1.9;2.5;0;353;94;68;49;95116;1.35;6.3;0.18;0.22
2019;10;2;275;13.7;10.4;6.6;12.7;8;3.2;2.4;-0.3;0.13;1.9;2.5;0;185;49;82;35;95105;1.62;5.73;0.19;0.22
2019;10;3;276;9.8;7.4;5.5;4.6;4.1;3.1;3.5;0;0.13;1.8;2.5;0;148;39;86;41;95958;0.67;0.46;0.19;0.22
2019;10;4;277;11.9;8.2;4.9;8.7;5.4;2.3;1.2;2.2;0.13;1.8;2.5;0;339;72;59;31;95385;1.22;6.88;0.19;0.22
2019;10;5;278;9.5;8.1;5.1;8.6;6.1;3.6;2.1;-1.8;0.13;1.8;2.5;0;245;63;88;34;95533;1.25;5.53;0.2;0.22
2019;10;6;279;10.3;7.2;4.9;5.2;3.1;1.2;-2.3;0.5;0.13;1.8;2.5;0;255;65;57;34;96010;1.1;5.05;0.2;0.22
2019;10;7;280;11.5;7.5;4.2;4.9;3.3;1.6;-0.9;0.4;0.13;1.8;2.5;0;479;112;111;58;96103;1.34;0.11;0.2;0.22
2019;10;8;281;11.9;9.6;6.7;11.7;8.5;5;1.7;2.3;0.13;1.8;2.5;0;45;11;21;6;95605;0.53;10.58;0.2;0.22
2019;10;9;282;12.5;10.8;8.7;11.8;8.7;6.6;2.8;1.8;0.13;1.7;2.5;0;243;55;54;27;95487;1.27;4.09;0.21;0.22
2019;10;10;283;11.3;9;7.6;9;7;5.8;3.5;1.5;0.13;1.7;2.5;0;261;59;73;41;95887;1.49;6.72;0.22;0.22
2019;10;11;284;15.2;10.8;6.8;8.9;7.5;5.9;1.4;2.5;0.13;1.7;2.5;0;272;69;76;58;96211;0.78;0.02;0.22;0.22
2019;10;12;285;20.4;14.1;8.6;11.4;8.9;5.5;1.1;2.6;0.13;1.7;2.5;0;442;120;107;75;95987;1.36;0.01;0.22;0.22
2019;10;13;286;22.1;16.1;11.6;12.1;10.8;9.2;-0.2;2.4;0.13;1.7;2.5;0;427;115;103;69;96059;1.5;0.27;0.22;0.22
2019;10;14;287;22.2;15.5;9.4;13.8;11.7;8.6;-1.1;0.8;0.13;1.7;2.5;0;428;115;110;77;95926;1.13;0;0.22;0.22
2019;10;15;288;19.2;13.2;8.8;12.7;11.1;8.8;-0.6;0.9;0.13;1.7;2.5;0;421;97;107;55;95266;0.98;1.22;0.21;0.22
2019;10;16;289;13.8;11.5;9.5;11.3;7;4.5;2.8;1.9;0.13;1.6;2.5;0;337;72;78;38;95799;1.6;1.7;0.22;0.22
2019;10;17;290;16.9;12.3;8.8;9.6;7.2;4.4;0.3;2.1;0.13;1.6;2.5;0;369;91;83;56;95911;1.22;1.04;0.22;0.22
2019;10;18;291;17.5;12.8;8.8;11.1;9.5;8.2;0.6;2.2;0.13;1.6;2.5;0;376;84;82;56;95726;1.08;0.62;0.22;0.22
2019;10;19;292;15.1;11.4;8.5;10.6;9.2;7.9;-0.3;1.7;0.12;1.6;2.5;0;279;56;83;42;95579;0.86;4.94;0.22;0.22
2019;10;20;293;19.2;13.4;9.4;12.1;10.2;8.2;-1.8;1.2;0.12;1.6;2.5;0;364;96;102;64;95488;1.03;0.48;0.22;0.22
2019;10;21;294;18.2;13.3;9.7;11.8;10.5;9.3;-0.1;-0.5;0.12;1.6;2.5;0;287;61;74;50;96203;0.62;0.21;0.22;0.22
2019;10;22;295;18;13;9.1;12.1;10.7;8.4;-0.7;-1;0.12;1.6;2.5;0;337;83;87;57;96653;0.68;0;0.22;0.22
2019;10;23;296;17.8;13.3;10.8;12.2;11.3;9.9;-2.3;0.1;0.12;1.6;2.5;0;324;76;101;49;96089;0.7;0.05;0.22;0.22
2019;10;24;297;17.4;12.4;9.3;11.6;10;8.6;0.1;0.4;0.12;1.6;2.5;0;363;91;102;68;95611;0.81;0.02;0.22;0.22
2019;10;25;298;15.8;12.3;9.3;10.1;9;8.1;1.5;0.9;0.12;1.6;2.5;0;320;75;78;47;96504;0.73;0;0.22;0.22
2019;10;26;299;16;10.9;6.2;10.8;9;6.1;0.3;2.1;0.12;1.6;2.5;0;329;84;108;71;96417;0.53;0;0.21;0.22
2019;10;27;300;16.6;11.8;8.1;11;8.8;5.8;1.9;0.5;0.12;1.6;2.5;0;298;67;80;49;96256;0.89;2.15;0.21;0.22
2019;10;28;301;10.3;6.7;3.6;6.5;2.9;1.1;-0.2;-1.4;0.12;1.6;2.5;0;392;97;132;79;96437;1.04;0.21;0.22;0.22
2019;10;29;302;8.6;5.5;3.3;2.6;1.8;1.1;-1.8;-1.4;0.12;1.6;2.5;0;213;50;66;47;96549;0.51;0;0.21;0.22
2019;10;30;303;5.4;3.3;1.5;1.2;-0.4;-1.8;-2.6;-0.4;0.12;1.6;2.5;0;276;64;84;55;96922;0.54;0;0.21;0.22
2019;10;31;304;5.6;1.7;-0.5;-0.8;-1.9;-2.9;-2.5;-0.1;0.12;1.6;2.5;0;374;93;120;94;96615;0.53;0;0.21;0.22
2019;11;1;305;6.7;3.6;-0.5;5.9;1.8;-1.6;-1.3;1.8;0.12;1.6;2.5;0;226;44;71;33;95644;0.38;3.33;0.21;0.22
2019;11;2;306;11.9;9.7;6.8;10.1;8.6;6.1;0.5;3;0.12;1.6;2.5;0;112;21;50;14;94309;0.71;7.04;0.22;0.22
2019;11;3;307;12;9.2;7.6;9.4;7.9;6.8;-0.8;1.1;0.12;1.6;2.5;0;154;33;56;28;93575;0.58;8.57;0.22;0.22
2019;11;4;308;11.2;8.6;6.6;8;6.8;5.8;2.2;2.3;0.12;1.6;2.5;0;253;40;72;34;93832;1.02;3.49;0.23;0.22
2019;11;5;309;9.5;6.9;2.5;6.3;4.2;1.9;1.6;1.4;0.12;1.6;2.5;0;194;42;71;48;94273;0.65;0.2;0.23;0.22
2019;11;6;310;8.3;4.9;2;5.6;3.7;1.8;1.1;1.5;0.12;1.6;2.5;0;166;41;78;40;94678;0.46;1.37;0.23;0.22
2019;11;7;311;9.6;6.2;3.3;4.4;3.6;2.9;-0.2;2.1;0.12;1.6;2.5;0;301;65;93;51;94832;0.64;0.06;0.23;0.22
2019;11;8;312;7.1;5.4;3.9;5.3;4.2;3.1;-1.2;-0.8;0.11;1.5;2.5;0;161;27;39;18;94807;0.49;2.84;0.23;0.22
2019;11;9;313;5.5;3.7;0.4;5.2;2.4;0;1.5;0.5;0.11;1.5;2.5;0;122;22;74;26;95202;0.58;1.64;0.23;0.22
2019;11;10;314;5.6;1.5;-2;1.2;-0.1;-2.3;-1;0.4;0.11;1.5;2.5;0;276;54;93;50;95613;0.34;0;0.23;0.22
2019;11;11;315;4.1;1.2;-0.3;0;-0.7;-1.4;-0.9;1.5;0.11;1.5;2.5;0.03;193;44;97;41;95438;0.26;0.54;0.23;0.22
2019;11;12;316;5.3;2.8;0.6;1.8;0.8;-0.8;0.4;2.1;0.12;1.5;2.5;0.48;127;28;38;23;95026;0.5;1.56;0.23;0.22
2019;11;13;317;4.1;2.3;0.9;1.3;0.7;0;1;1.2;0.13;1.5;2.5;0.76;113;25;55;22;94755;0.56;2.74;0.24;0.22
2019;11;14;318;5.5;2.3;-0.9;0.9;0.2;-1.6;-2.8;0.5;0.12;1.5;2.5;0.74;273;65;108;69;94847;0.36;0;0.24;0.22
2019;11;15;319;10.9;5.2;2.1;4.7;2.4;-0.2;-1.5;-0.2;0.12;1.5;2.5;0.48;256;50;74;51;94427;0.34;1.96;0.24;0.22
2019;11;16;320;6;3.6;1.5;3.6;2.1;1.1;0.6;0.4;0.12;1.5;2.5;0.31;133;33;58;24;95202;0.46;1.18;0.24;0.22
2019;11;17;321;9.8;6.2;2;8.1;5.1;0.9;-2.1;-0.6;0.11;1.5;2.5;0.2;83;16;57;24;94957;0.25;3.94;0.24;0.22
2019;11;18;322;6.5;4.5;2.5;6.1;1.9;-0.6;1.7;2.1;0.11;1.5;2.5;0.07;156;29;75;31;95196;0.65;1.13;0.24;0.22
2019;11;19;323;4.9;2.7;0.6;2;0.8;-0.4;0.2;0.6;0.11;1.5;2.5;0.02;160;32;62;40;95980;0.19;1.41;0.24;0.22
2019;11;20;324;4.9;2.9;0.5;3.1;1.7;0.3;-1.2;-0.8;0.11;1.6;2.5;0.02;136;31;34;22;95877;0.37;0.36;0.24;0.22
2019;11;21;325;5.9;4.9;3.9;5.2;4.6;3.3;-0.3;0.4;0.11;1.6;2.5;0;40;8;9;3;95339;0.11;2.75;0.24;0.22
2019;11;22;326;6.1;4.1;2.4;3.9;3.1;2;-1.9;0.7;0.11;1.6;2.5;0;147;35;73;38;95254;0.33;0.02;0.24;0.22
2019;11;23;327;9.7;5.6;3.1;5;3.4;1.6;-3.2;0.2;0.11;1.6;2.5;0;263;56;94;72;94664;0.39;0;0.24;0.22
2019;11;24;328;9.6;5.1;1.9;5.5;3.5;1.6;-2.1;-0.1;0.11;1.6;2.5;0;238;50;87;63;95057;0.22;0;0.24;0.22
2019;11;25;329;6.1;3.4;1.5;4.1;2.6;1.4;-0.5;0.6;0.11;1.6;2.5;0;161;33;43;24;95389;0.21;0.1;0.24;0.22
2019;11;26;330;8;4.7;2.7;5.2;3.6;2.2;-0.1;1.7;0.11;1.6;2.5;0;104;24;45;20;95230;0.24;0.42;0.24;0.22
2019;11;27;331;6.1;4.8;3.6;5.1;3.8;2.6;-0.5;2.1;0.11;1.6;2.5;0;75;15;63;36;94350;0.18;2.7;0.24;0.22
2019;11;28;332;9.1;7;5.7;5.7;4.8;4;3.2;2.8;0.11;1.6;2.5;0;183;34;60;31;94253;1.21;4.88;0.24;0.22
2019;11;29;333;6.2;4.5;1.6;5.7;3;-0.6;3.2;0;0.11;1.6;2.5;0;119;21;73;29;95060;0.74;7.53;0.25;0.22
2019;11;30;334;3.1;0.8;-2.2;0;-1.2;-3.4;1.3;-0.3;0.11;1.6;2.5;0.21;137;31;75;50;96437;0.35;0.62;0.25;0.22
2019;12;1;335;1.9;-0.8;-3.3;-2.5;-3.5;-4.9;-2.2;-0.6;0.11;1.6;2.5;0.26;175;35;74;55;96141;0.2;0;0.25;0.22
2019;12;2;336;2.6;0.5;-1;-0.1;-1.9;-3;1.6;-1.1;0.11;1.6;2.5;0.31;194;38;69;35;96468;0.22;0.2;0.25;0.22
2019;12;3;337;2;0.8;-0.6;0.1;-0.3;-1;1.3;0.2;0.11;1.7;2.5;0.46;114;19;45;23;96973;0.12;0.24;0.25;0.23
2019;12;4;338;3.8;0;-1.9;-1.1;-2.5;-3.9;-1.6;-0.2;0.11;1.7;2.5;0.44;234;48;90;60;96581;0.26;0;0.25;0.23
2019;12;5;339;1.4;-1.6;-3.2;-2;-3.3;-4.5;0.1;1.4;0.11;1.7;2.5;0.42;201;43;98;62;96420;0.02;0;0.25;0.23
2019;12;6;340;3.3;-0.3;-3.1;0.1;-2.2;-4.2;1.2;2.3;0.11;1.7;2.5;0.44;227;45;84;62;95977;0.12;1.8;0.25;0.23
2019;12;7;341;5.1;4.5;2.5;4.6;3.8;0.7;3.8;1.5;0.11;1.7;2.5;0.28;51;8;17;3;95732;0.28;4.43;0.26;0.23
2019;12;8;342;7.6;5.9;4.1;6.5;4.5;3.3;3;2.8;0.11;1.7;2.5;0.1;136;25;44;15;95305;0.81;3.74;0.26;0.23
2019;12;9;343;7.5;5;3.3;6.4;3.6;2.6;3.4;1.6;0.11;1.7;2.5;0;191;35;75;28;94835;1.11;5.36;0.26;0.23
2019;12;10;344;3;1.1;-1.6;2.3;-0.7;-3;2;-0.4;0.11;1.7;2.5;0.07;188;34;79;47;96513;0.6;0.62;0.26;0.23
2019;12;11;345;1.4;-0.9;-2.7;-1.7;-3.8;-4.5;-0.5;2.3;0.11;1.7;2.5;0.32;167;34;81;53;95622;0.27;1.91;0.26;0.23
2019;12;12;346;2;0.7;-0.3;0.6;0.1;-1;0.8;1.7;0.16;1.7;2.5;3.65;87;15;30;11;94649;0.1;2.93;0.26;0.23
2019;12;13;347;2.4;0.5;-1.2;1.1;-0.6;-2.6;0;2.6;0.2;1.7;2.5;5.89;122;16;54;21;92981;0.23;8.41;0.26;0.23
2019;12;14;348;5.3;3.2;0.5;2.9;1;-0.7;4.3;2.2;0.25;1.7;2.5;9.08;130;21;71;30;93932;0.69;5.88;0.27;0.23
2019;12;15;349;8.8;6.2;3.3;7.3;5;2.1;2.3;2.5;0.18;1.7;2.5;4.59;36;7;61;18;94993;0.2;9.95;0.28;0.23
2019;12;16;350;7.7;5.2;3.6;4.8;3.4;1.5;-0.9;2;0.13;1.7;2.5;1.72;181;36;81;52;95428;0.27;0.38;0.28;0.23
2019;12;17;351;9.1;4.9;2.4;5;2.6;1;-1.2;1.7;0.13;1.7;2.5;1.25;190;38;85;59;95317;0.19;0.28;0.28;0.23
2019;12;18;352;9.1;5.8;2.9;7.5;4.6;2.6;0.2;1.5;0.12;1.7;2.5;0.86;138;23;56;41;96108;-0.01;0.31;0.28;0.23
2019;12;19;353;6.8;3.8;1.4;4.7;2.9;1.2;-2;0.7;0.11;1.7;2.5;0.59;188;35;75;48;95833;0.15;0;0.28;0.23
2019;12;20;354;9.8;6;2.8;5.9;4.2;2.2;-0.9;1.5;0.11;1.6;2.5;0.35;204;37;82;44;94185;0.33;2.2;0.28;0.23
2019;12;21;355;6.6;4.1;1.7;5.4;3.4;1.6;0.2;1.4;0.11;1.6;2.5;0.18;130;26;75;40;93919;0.18;0.61;0.28;0.23
2019;12;22;356;5.4;3.8;2.3;4.7;3;2.1;0.6;2;0.11;1.6;2.5;0.14;87;15;36;11;93471;0.45;3.86;0.28;0.23
2019;12;23;357;4.9;4.2;3.7;4;3.3;2.8;4;-0.3;0.11;1.6;2.5;0.03;75;14;41;16;94922;0.79;3.63;0.28;0.23
2019;12;24;358;5.3;4;2.6;4.2;3;2.2;3.3;1.3;0.11;1.6;2.5;0;116;20;42;16;95665;0.78;4.42;0.28;0.23
2019;12;25;359;5.1;4.2;2.7;4.9;3.7;2;3;-0.7;0.11;1.6;2.5;0;56;10;31;9;95921;0.4;5.87;0.29;0.24
2019;12;26;360;3.8;2.2;0.5;2.1;0.9;-0.3;1.5;0.1;0.11;1.5;2.5;0;139;28;65;29;96674;0.45;0.75;0.29;0.24
2019;12;27;361;3.7;0.9;-0.9;0.9;-0.9;-2.5;-0.8;-0.9;0.11;1.5;2.5;0;173;33;78;45;96951;0.29;0.14;0.28;0.24
2019;12;28;362;0.1;-1;-2.6;-2.4;-4.7;-7.1;-0.5;-1.2;0.11;1.5;2.5;0;135;27;72;45;98034;0.21;0;0.28;0.24
2019;12;29;363;0.2;-2.5;-4.6;-6;-6.5;-7.1;-0.6;0.7;0.11;1.5;2.5;0;227;45;100;70;98025;0.04;0;0.28;0.24
2019;12;30;364;2.8;-1.6;-4;-4.8;-6.3;-7.6;0;1.5;0.11;1.5;2.5;0;211;43;84;56;97582;0.04;0;0.28;0.24
2019;12;31;365;1.9;-0.7;-2.5;-1.5;-4.2;-6.8;1.4;-0.1;0.11;1.4;2.5;0;108;22;60;41;97363;0;0.04;0.28;0.24
